1 108.83 74.144 3 1 0 4.9297 0 999 999 999 999 999 999 999 999 999
1 122.27 97.568 4 2 0 1.0941 0 999 999 999 999 999 999 999 999 999
1 137.4 102.77 4 1 0 1.1179 0 999 999 999 999 999 999 999 999 999
1 84.064 96.766 1 4 0 0.52588 0 999 999 999 999 999 999 999 999 999
1 68.49 103.13 1 3 0 0.33439 0 999 999 999 999 999 999 999 999 999
1 137.8 104.32 4 2 0 0.7979 0 999 999 999 999 999 999 999 999 999
1 77.33 88.377 1 1 1 1.598 0 999 999 999 999 999 999 999 999 999
1 88.839 130.76 2 2 1 1.006 0 999 999 999 999 999 999 999 999 999
1 87.638 109.44 1 1 1 1.102 0 999 999 999 999 999 999 999 999 999
1 102.66 150 2 2 1 1.0541 0 999 999 999 999 999 999 999 999 999
1 123.04 95.301 4 2 0 0.81393 0 999 999 999 999 999 999 999 999 999
1 95.619 73.328 3 1 0 0.82949 0 999 999 999 999 999 999 999 999 999
1 88.576 128.23 2 2 1 1.0699 0 999 999 999 999 999 999 999 999 999
1 81.367 71.596 3 1 0 0.73403 0 999 999 999 999 999 999 999 999 999
1 122.33 110.85 4 2 0 1.0859 0 999 999 999 999 999 999 999 999 999
1 132.47 102.71 4 4 1 0.55785 0 999 999 999 999 999 999 999 999 999
1 84.064 96.766 1 2 0 1.134 0 999 999 999 999 999 999 999 999 999
1 101.59 105.78 2 2 1 1.0061 0 999 999 999 999 999 999 999 999 999
1 122.27 97.568 4 4 1 0.73397 0 999 999 999 999 999 999 999 999 999
1 108.83 74.144 3 4 0 0.84603 0 999 999 999 999 999 999 999 999 999
1 84.064 96.766 1 1 1 1.1339 0 999 999 999 999 999 999 999 999 999
1 103.34 118.01 2 2 1 0.60598 0 999 999 999 999 999 999 999 999 999
1 81.367 71.596 3 1 0 0.79787 0 999 999 999 999 999 999 999 999 999
1 106.04 130.62 2 2 1 0.94188 0 999 999 999 999 999 999 999 999 999
1 93.272 128.97 2 2 1 0.84589 0 999 999 999 999 999 999 999 999 999
1 75.503 91.165 1 1 1 0.97394 0 999 999 999 999 999 999 999 999 999
1 77.33 88.377 1 3 0 0.6378 0 999 999 999 999 999 999 999 999 999
1 137.4 102.77 4 3 0 1.0699 0 999 999 999 999 999 999 999 999 999
1 94.284 78.24 3 2 0 0.71793 0 999 999 999 999 999 999 999 999 999
1 106.04 130.62 2 2 1 0.68604 0 999 999 999 999 999 999 999 999 999
1 88.839 130.76 2 1 0 1.4059 0 999 999 999 999 999 999 999 999 999
1 88.153 64.704 3 1 0 1.518 0 999 999 999 999 999 999 999 999 999
1 84.064 96.766 1 2 0 0.65398 0 999 999 999 999 999 999 999 999 999
1 94.284 78.24 3 4 0 0.7339 0 999 999 999 999 999 999 999 999 999
1 131.56 95.248 4 4 1 1.0538 0 999 999 999 999 999 999 999 999 999
1 72.593 93.98 1 2 0 0.90997 0 999 999 999 999 999 999 999 999 999
1 103.34 118.01 2 2 1 0.79788 0 999 999 999 999 999 999 999 999 999
1 102.66 150 2 4 0 0.84595 0 999 999 999 999 999 999 999 999 999
1 68.49 103.13 1 1 1 0.74989 0 999 999 999 999 999 999 999 999 999
1 93.272 128.97 2 2 1 0.9899 0 999 999 999 999 999 999 999 999 999
1 87.638 109.44 1 2 0 0.71797 0 999 999 999 999 999 999 999 999 999
1 84.064 96.766 1 1 1 0.94195 0 999 999 999 999 999 999 999 999 999
1 108.83 74.144 3 2 0 0.6861 0 999 999 999 999 999 999 999 999 999
1 88.576 128.23 2 2 1 0.81383 0 999 999 999 999 999 999 999 999 999
1 72.976 73.353 1 1 1 0.71802 0 999 999 999 999 999 999 999 999 999
1 103.34 118.01 2 4 0 0.74997 0 999 999 999 999 999 999 999 999 999
1 122.27 97.568 4 4 1 0.90995 0 999 999 999 999 999 999 999 999 999
1 132.47 102.71 4 3 0 0.78183 0 999 999 999 999 999 999 999 999 999
1 72.593 93.98 1 2 0 0.78204 0 999 999 999 999 999 999 999 999 999
1 72.976 73.353 1 1 1 0.81404 0 999 999 999 999 999 999 999 999 999
2 96.142 71.214 3 2 0 2.0252 0 999 999 999 999 999 999 999 999 999
2 90.24 132.19 2 4 0 1.0145 0 999 999 999 999 999 999 999 999 999
2 95.479 63.324 3 2 0 0.846 0 999 999 999 999 999 999 999 999 999
2 132.46 100.94 4 3 0 0.78188 0 999 999 999 999 999 999 999 999 999
2 136.66 99.67 4 3 0 1.838 0 999 999 999 999 999 999 999 999 999
2 90.263 75.985 3 1 0 0.70207 0 999 999 999 999 999 999 999 999 999
2 77.531 99.62 1 1 1 0.78189 0 999 999 999 999 999 999 999 999 999
2 76.533 92.389 1 1 1 0.76564 0 999 999 999 999 999 999 999 999 999
2 131.82 118.94 4 4 1 1.086 0 999 999 999 999 999 999 999 999 999
2 100.19 116.76 2 2 1 0.73409 0 999 999 999 999 999 999 999 999 999
2 61.808 107.74 1 1 1 0.75002 0 999 999 999 999 999 999 999 999 999
2 131.82 118.94 4 4 1 1.2939 0 999 999 999 999 999 999 999 999 999
2 134.65 110.05 4 4 1 1.1819 0 999 999 999 999 999 999 999 999 999
2 110.47 59.036 3 2 0 0.76607 0 999 999 999 999 999 999 999 999 999
2 63.436 99.051 1 1 1 0.87788 0 999 999 999 999 999 999 999 999 999
2 96.142 71.214 3 3 1 0.66999 0 999 999 999 999 999 999 999 999 999
2 125.02 92.051 4 2 0 0.97375 0 999 999 999 999 999 999 999 999 999
2 95.081 160.68 2 4 0 1.2299 0 999 999 999 999 999 999 999 999 999
2 100.19 116.76 2 3 0 1.0698 0 999 999 999 999 999 999 999 999 999
2 63.436 99.051 1 1 1 0.65386 0 999 999 999 999 999 999 999 999 999
2 136.66 99.67 4 4 1 0.97395 0 999 999 999 999 999 999 999 999 999
2 53.133 99.144 1 1 1 1.1819 0 999 999 999 999 999 999 999 999 999
2 107.27 70.961 3 2 0 0.58992 0 999 999 999 999 999 999 999 999 999
2 93.356 110.36 2 2 1 0.52595 0 999 999 999 999 999 999 999 999 999
2 123.55 99.393 4 2 0 0.90974 0 999 999 999 999 999 999 999 999 999
2 114.03 58.117 3 3 1 1.4698 0 999 999 999 999 999 999 999 999 999
2 63.436 99.051 1 1 1 0.94196 0 999 999 999 999 999 999 999 999 999
2 93.356 110.36 2 2 1 1.214 0 999 999 999 999 999 999 999 999 999
2 131.82 118.94 4 4 1 0.89401 0 999 999 999 999 999 999 999 999 999
2 131.82 118.94 4 4 1 0.98989 0 999 999 999 999 999 999 999 999 999
2 137.08 100.42 4 4 1 0.81388 0 999 999 999 999 999 999 999 999 999
2 136.66 99.67 4 4 1 0.76591 0 999 999 999 999 999 999 999 999 999
2 116.71 105.37 4 4 1 0.66998 0 999 999 999 999 999 999 999 999 999
2 136.66 99.67 4 4 1 1.1019 0 999 999 999 999 999 999 999 999 999
2 95.081 160.68 2 4 0 2.2539 0 999 999 999 999 999 999 999 999 999
2 123.55 99.393 4 2 0 1.47 0 999 999 999 999 999 999 999 999 999
2 123.55 99.393 4 3 0 0.44584 0 999 999 999 999 999 999 999 999 999
2 131.82 118.94 4 4 1 0.44603 0 999 999 999 999 999 999 999 999 999
2 107.27 70.961 3 2 0 0.79799 0 999 999 999 999 999 999 999 999 999
2 77.531 99.62 1 1 1 0.84587 0 999 999 999 999 999 999 999 999 999
2 77.531 99.62 1 1 1 0.55792 0 999 999 999 999 999 999 999 999 999
2 131.82 118.94 4 4 1 1.5819 0 999 999 999 999 999 999 999 999 999
2 90.24 132.19 2 2 1 1.23 0 999 999 999 999 999 999 999 999 999
2 137.08 100.42 4 4 1 1.0539 0 999 999 999 999 999 999 999 999 999
2 61.808 107.74 1 1 1 0.97398 0 999 999 999 999 999 999 999 999 999
2 63.436 99.051 1 1 1 0.95791 0 999 999 999 999 999 999 999 999 999
2 125.02 92.051 4 4 1 0.89412 0 999 999 999 999 999 999 999 999 999
2 136.66 99.67 4 4 1 1.342 0 999 999 999 999 999 999 999 999 999
2 114.03 58.117 3 3 1 0.82986 0 999 999 999 999 999 999 999 999 999
2 96.142 71.214 3 3 1 0.5259 0 999 999 999 999 999 999 999 999 999
3 98.49 62.644 3 3 1 1.9446 0 999 999 999 999 999 999 999 999 999
3 80.145 85.193 1 3 0 0.53491 0 999 999 999 999 999 999 999 999 999
3 107.98 118.42 2 4 0 1.0699 0 999 999 999 999 999 999 999 999 999
3 125.76 96.305 4 4 1 1.3419 0 999 999 999 999 999 999 999 999 999
3 93.937 60.788 3 3 1 1.3099 0 999 999 999 999 999 999 999 999 999
3 116.61 110.12 4 4 1 1.0219 0 999 999 999 999 999 999 999 999 999
3 103.74 104.72 4 4 1 0.63801 0 999 999 999 999 999 999 999 999 999
3 103.82 138.82 2 4 0 1.134 0 999 999 999 999 999 999 999 999 999
3 129.66 89.716 4 4 1 0.89396 0 999 999 999 999 999 999 999 999 999
3 107.72 133.76 2 4 0 0.74988 0 999 999 999 999 999 999 999 999 999
3 106.52 55.752 3 3 1 0.76591 0 999 999 999 999 999 999 999 999 999
3 94.577 89.864 3 4 0 0.87808 0 999 999 999 999 999 999 999 999 999
3 66.167 88.289 1 1 1 0.7339 0 999 999 999 999 999 999 999 999 999
3 53.26 106.67 1 1 1 0.82997 0 999 999 999 999 999 999 999 999 999
3 116.68 102.01 2 4 0 0.78201 0 999 999 999 999 999 999 999 999 999
3 74.106 100.08 1 1 1 1.3739 0 999 999 999 999 999 999 999 999 999
3 83.244 76.385 3 2 0 0.52602 0 999 999 999 999 999 999 999 999 999
3 75.685 103.31 1 1 1 0.42981 0 999 999 999 999 999 999 999 999 999
3 83.244 76.385 3 1 0 0.55783 0 999 999 999 999 999 999 999 999 999
3 98.49 62.644 3 3 1 0.58982 0 999 999 999 999 999 999 999 999 999
3 82.093 103.32 1 1 1 2.094 0 999 999 999 999 999 999 999 999 999
3 77.572 108.26 1 1 1 0.70181 0 999 999 999 999 999 999 999 999 999
3 83.244 76.385 3 1 0 0.58992 0 999 999 999 999 999 999 999 999 999
3 129.66 89.716 4 4 1 0.94189 0 999 999 999 999 999 999 999 999 999
3 75.685 103.31 1 2 0 2.862 0 999 999 999 999 999 999 999 999 999
3 105.67 62.352 3 3 1 0.82994 0 999 999 999 999 999 999 999 999 999
3 80.145 85.193 1 1 1 2.5581 0 999 999 999 999 999 999 999 999 999
3 77.572 108.26 1 1 1 0.57386 0 999 999 999 999 999 999 999 999 999
3 103.82 138.82 2 3 0 1.582 0 999 999 999 999 999 999 999 999 999
3 90.988 121.71 2 4 0 0.84597 0 999 999 999 999 999 999 999 999 999
3 78.156 80.21 1 3 0 1.838 0 999 999 999 999 999 999 999 999 999
3 83.244 76.385 3 2 0 0.46211 0 999 999 999 999 999 999 999 999 999
3 124.87 87.263 4 4 1 0.90998 0 999 999 999 999 999 999 999 999 999
3 106.52 55.752 3 3 1 0.9099 0 999 999 999 999 999 999 999 999 999
3 75.685 103.31 1 2 0 1.486 0 999 999 999 999 999 999 999 999 999
3 115.33 138.82 2 4 0 0.74995 0 999 999 999 999 999 999 999 999 999
3 80.145 85.193 1 1 1 0.70192 0 999 999 999 999 999 999 999 999 999
3 94.577 89.864 3 1 0 1.326 0 999 999 999 999 999 999 999 999 999
3 78.156 80.21 1 1 1 0.79796 0 999 999 999 999 999 999 999 999 999
3 124.87 87.263 4 2 0 0.94191 0 999 999 999 999 999 999 999 999 999
3 103.82 138.82 2 4 0 1.086 0 999 999 999 999 999 999 999 999 999
3 82.093 103.32 1 1 1 1.0699 0 999 999 999 999 999 999 999 999 999
3 75.685 103.31 1 1 1 0.50981 0 999 999 999 999 999 999 999 999 999
3 80.145 85.193 1 1 1 0.47785 0 999 999 999 999 999 999 999 999 999
3 105.67 62.352 3 2 0 1.7419 0 999 999 999 999 999 999 999 999 999
3 74.106 100.08 1 1 1 1.31 0 999 999 999 999 999 999 999 999 999
3 83.244 76.385 3 1 0 0.54198 0 999 999 999 999 999 999 999 999 999
3 94.577 89.864 3 1 0 1.006 0 999 999 999 999 999 999 999 999 999
3 115.33 138.82 2 4 0 0.92603 0 999 999 999 999 999 999 999 999 999
3 82.093 103.32 1 2 0 0.92597 0 999 999 999 999 999 999 999 999 999
4 105.22 135.61 2 4 0 1.7049 0 999 999 999 999 999 999 999 999 999
4 89.896 123.33 2 2 1 1.5271 0 999 999 999 999 999 999 999 999 999
4 129.5 109.66 4 4 1 0.79792 0 999 999 999 999 999 999 999 999 999
4 127.58 104.91 4 4 1 0.81386 0 999 999 999 999 999 999 999 999 999
4 119.7 92.579 4 4 1 1.07 0 999 999 999 999 999 999 999 999 999
4 95.711 99.981 1 2 0 1.0539 0 999 999 999 999 999 999 999 999 999
4 124.48 108.11 4 4 1 0.58991 0 999 999 999 999 999 999 999 999 999
4 85.261 116.9 1 4 0 0.74989 0 999 999 999 999 999 999 999 999 999
4 135.92 101.92 4 4 1 0.70191 0 999 999 999 999 999 999 999 999 999
4 63.269 97.967 1 1 1 0.87803 0 999 999 999 999 999 999 999 999 999
4 107.91 82.169 3 4 0 1.374 0 999 999 999 999 999 999 999 999 999
4 135.92 101.92 4 4 1 0.65373 0 999 999 999 999 999 999 999 999 999
4 71.365 110.56 1 1 1 0.702 0 999 999 999 999 999 999 999 999 999
4 97.064 63.608 3 2 0 1.3421 0 999 999 999 999 999 999 999 999 999
4 134.62 85.663 4 4 1 1.5498 0 999 999 999 999 999 999 999 999 999
4 71.365 110.56 1 1 1 0.68587 0 999 999 999 999 999 999 999 999 999
4 99.874 121.21 2 2 1 1.5819 0 999 999 999 999 999 999 999 999 999
4 112.99 82.92 3 2 0 1.3259 0 999 999 999 999 999 999 999 999 999
4 112.99 82.92 3 4 0 0.87806 0 999 999 999 999 999 999 999 999 999
4 103.92 131.59 2 3 0 1.182 0 999 999 999 999 999 999 999 999 999
4 123.16 51.709 3 4 0 1.022 0 999 999 999 999 999 999 999 999 999
4 135.33 91.02 4 4 1 1.3419 0 999 999 999 999 999 999 999 999 999
4 66.681 100.09 1 1 1 1.1179 0 999 999 999 999 999 999 999 999 999
4 63.269 97.967 1 1 1 0.71793 0 999 999 999 999 999 999 999 999 999
4 135.33 91.02 4 2 0 0.99009 0 999 999 999 999 999 999 999 999 999
4 123.16 51.709 3 3 1 1.1659 0 999 999 999 999 999 999 999 999 999
4 135.92 101.92 4 4 1 1.95 0 999 999 999 999 999 999 999 999 999
4 124.5 106.72 4 4 1 0.89391 0 999 999 999 999 999 999 999 999 999
4 133.32 98.63 4 4 1 0.54186 0 999 999 999 999 999 999 999 999 999
4 116.02 68.71 3 3 1 0.79782 0 999 999 999 999 999 999 999 999 999
4 99.874 121.21 2 2 1 1.3581 0 999 999 999 999 999 999 999 999 999
4 79.562 60.196 3 1 0 1.1818 0 999 999 999 999 999 999 999 999 999
4 116.02 68.71 3 2 0 1.6459 0 999 999 999 999 999 999 999 999 999
4 85.261 116.9 1 2 0 1.3899 0 999 999 999 999 999 999 999 999 999
4 133.32 98.63 4 4 1 0.81396 0 999 999 999 999 999 999 999 999 999
4 95.711 99.981 1 3 0 1.262 0 999 999 999 999 999 999 999 999 999
4 134.62 85.663 4 4 1 0.82998 0 999 999 999 999 999 999 999 999 999
4 135.33 91.02 4 4 1 0.55784 0 999 999 999 999 999 999 999 999 999
4 107.91 82.169 3 2 0 1.278 0 999 999 999 999 999 999 999 999 999
4 124.48 108.11 4 4 1 0.60589 0 999 999 999 999 999 999 999 999 999
4 105.22 135.61 2 4 0 0.50989 0 999 999 999 999 999 999 999 999 999
4 97.391 143.25 2 3 0 1.0059 0 999 999 999 999 999 999 999 999 999
4 66.681 100.09 1 1 1 0.7659 0 999 999 999 999 999 999 999 999 999
4 97.391 143.25 2 2 1 0.63798 0 999 999 999 999 999 999 999 999 999
4 89.896 123.33 2 2 1 0.79794 0 999 999 999 999 999 999 999 999 999
4 79.562 60.196 3 1 0 0.73372 0 999 999 999 999 999 999 999 999 999
4 123.16 51.709 3 2 0 0.98999 0 999 999 999 999 999 999 999 999 999
4 129.5 109.66 4 4 1 1.774 0 999 999 999 999 999 999 999 999 999
4 105.22 135.61 2 2 1 1.7579 0 999 999 999 999 999 999 999 999 999
4 135.33 91.02 4 4 1 1.486 0 999 999 999 999 999 999 999 999 999
5 103.04 130.18 2 2 1 2.8091 0 999 999 999 999 999 999 999 999 999
5 102.26 68.216 3 3 1 1.9594 0 999 999 999 999 999 999 999 999 999
5 100.41 113.86 2 2 1 1.0859 0 999 999 999 999 999 999 999 999 999
5 116.12 115.75 4 2 0 1.2779 0 999 999 999 999 999 999 999 999 999
5 127.71 109.16 4 4 1 0.90996 0 999 999 999 999 999 999 999 999 999
5 135.82 118.76 4 4 1 0.654 0 999 999 999 999 999 999 999 999 999
5 96.141 134.39 2 2 1 1.086 0 999 999 999 999 999 999 999 999 999
5 125.82 118.31 4 4 1 1.582 0 999 999 999 999 999 999 999 999 999
5 71.745 85.795 1 1 1 0.81393 0 999 999 999 999 999 999 999 999 999
5 104.93 81.103 3 2 0 1.438 0 999 999 999 999 999 999 999 999 999
5 142.53 95.12 4 4 1 0.82997 0 999 999 999 999 999 999 999 999 999
5 131.21 100.05 4 4 1 0.65397 0 999 999 999 999 999 999 999 999 999
5 71.745 85.795 1 1 1 0.73405 0 999 999 999 999 999 999 999 999 999
5 98.872 64.028 3 3 1 1.4219 0 999 999 999 999 999 999 999 999 999
5 101.42 74.325 3 2 0 2.75 0 999 999 999 999 999 999 999 999 999
5 99.892 128.59 2 2 1 1.1659 0 999 999 999 999 999 999 999 999 999
5 87.689 64.001 3 3 1 0.73367 0 999 999 999 999 999 999 999 999 999
5 125.82 118.31 4 2 0 0.84601 0 999 999 999 999 999 999 999 999 999
5 106.94 64.581 3 3 1 0.79787 0 999 999 999 999 999 999 999 999 999
5 64.475 104.66 1 1 1 0.94352 0 999 999 999 999 999 999 999 999 999
5 100.41 113.86 2 2 1 1.0061 0 999 999 999 999 999 999 999 999 999
5 96.222 124.11 2 2 1 1.1019 0 999 999 999 999 999 999 999 999 999
5 120.26 86.239 4 4 1 1.1979 0 999 999 999 999 999 999 999 999 999
5 71.745 85.795 1 1 1 1.0059 0 999 999 999 999 999 999 999 999 999
5 64.475 104.66 1 1 1 1.0379 0 999 999 999 999 999 999 999 999 999
5 100.41 113.86 2 2 1 0.94191 0 999 999 999 999 999 999 999 999 999
5 105.5 67.776 3 3 1 0.94194 0 999 999 999 999 999 999 999 999 999
5 81.771 95.296 1 2 0 0.65389 0 999 999 999 999 999 999 999 999 999
5 87.689 64.001 3 3 1 0.81391 0 999 999 999 999 999 999 999 999 999
5 100.99 124.97 2 2 1 1.0379 0 999 999 999 999 999 999 999 999 999
5 100.99 124.97 2 2 1 2.2699 0 999 999 999 999 999 999 999 999 999
5 101.42 74.325 3 3 1 0.94191 0 999 999 999 999 999 999 999 999 999
5 142.53 95.12 4 4 1 0.79802 0 999 999 999 999 999 999 999 999 999
5 100.41 113.86 2 2 1 1.2139 0 999 999 999 999 999 999 999 999 999
5 131.21 100.05 4 2 0 1.23 0 999 999 999 999 999 999 999 999 999
5 116.12 115.75 4 2 0 0.82979 0 999 999 999 999 999 999 999 999 999
5 99.892 128.59 2 4 0 1.1338 0 999 999 999 999 999 999 999 999 999
5 91.087 123.83 2 3 0 0.47786 0 999 999 999 999 999 999 999 999 999
5 81.771 95.296 1 2 0 0.38183 0 999 999 999 999 999 999 999 999 999
5 99.356 129.79 2 2 1 1.63 0 999 999 999 999 999 999 999 999 999
5 104.93 81.103 3 3 1 0.86189 0 999 999 999 999 999 999 999 999 999
5 99.356 129.79 2 2 1 1.0059 0 999 999 999 999 999 999 999 999 999
5 81.771 95.296 1 3 0 0.81389 0 999 999 999 999 999 999 999 999 999
5 71.745 85.795 1 1 1 0.71773 0 999 999 999 999 999 999 999 999 999
5 104.93 81.103 3 3 1 1.2779 0 999 999 999 999 999 999 999 999 999
5 87.689 64.001 3 3 1 0.62188 0 999 999 999 999 999 999 999 999 999
5 99.356 129.79 2 2 1 0.90991 0 999 999 999 999 999 999 999 999 999
5 106.94 64.581 3 3 1 0.73403 0 999 999 999 999 999 999 999 999 999
5 105.5 67.776 3 3 1 0.92594 0 999 999 999 999 999 999 999 999 999
5 99.892 128.59 2 2 1 0.89387 0 999 999 999 999 999 999 999 999 999
6 63.01 106.37 1 2 0 1.8208 0 4 6 1 2 1 1 1 1 1.8208
6 121.5 84.683 4 4 1 2.0799 0 8 5 1 2 1 1 1 1 2.0799
6 101.16 128.24 2 2 1 2.144 0 2 7 2 1 0 1 1 1 2.144
6 97.639 67.976 3 3 1 2.992 0 9 2 1 2 1 1 0 0 2.992
6 120.28 138.52 2 4 0 2.192 0 6 2 2 1 1 0 1 0 2.192
6 109.08 93.888 4 4 1 1.424 0 7 2 2 1 0 0 0 1 1.424
6 73.932 86.067 1 1 1 1.616 0 6 3 2 1 1 0 0 1 1.616
6 109.08 93.888 4 2 0 1.6959 0 6 5 1 2 0 0 0 1 1.6959
6 96.639 69.413 3 3 1 1.4081 0 4 9 2 1 1 0 0 1 1.4081
6 98.299 66.627 3 3 1 1.5199 0 6 4 1 2 0 0 0 1 1.5199
6 74.279 87.646 1 1 1 1.4881 0 7 3 1 2 0 0 0 1 1.4881
6 64.178 87.101 1 1 1 1.8719 0 7 2 1 2 0 0 0 1 1.8719
6 67.26 103.39 1 1 1 1.744 0 5 7 2 1 1 0 0 1 1.744
6 96.639 69.413 3 3 1 2.624 0 2 9 2 1 0 1 1 1 2.624
6 96.491 66.716 3 3 1 1.568 0 6 2 1 2 0 0 0 1 1.568
6 115.87 74.954 3 2 0 1.712 0 4 9 2 1 1 0 0 1 1.712
6 135.28 108.38 4 4 1 1.92 0 5 6 2 1 1 0 0 1 1.92
6 74.279 87.646 1 1 1 1.712 0 6 3 1 2 1 1 1 1 1.712
6 109.08 93.888 4 2 0 1.2161 0 8 2 1 2 0 0 0 1 1.2161
6 67.26 103.39 1 1 1 1.6 0 5 7 2 1 1 0 0 1 1.6
6 87.138 116.42 2 2 1 1.136 0 6 3 2 1 1 0 0 1 1.136
6 114.9 123.13 4 2 0 0.97606 0 8 2 2 1 0 0 0 1 0.97606
6 74.279 87.646 1 1 1 0.87992 0 2 8 2 1 1 0 0 1 0.87992
6 118.19 99.471 4 2 0 1.552 0 2 8 2 1 0 1 1 1 1.552
6 120.28 138.52 2 4 0 1.296 0 5 8 1 2 0 1 1 1 1.296
6 98.299 66.627 3 3 1 1.552 0 9 2 1 2 0 0 0 1 1.552
6 79.896 78.019 3 3 1 2.736 0 5 7 2 1 0 1 1 1 2.736
6 95.849 68.872 3 3 1 1.4239 0 3 7 2 1 0 1 1 1 1.4239
6 114.9 123.13 4 2 0 1.3921 0 9 3 1 2 1 1 0 0 1.3921
6 109.08 93.888 4 2 0 1.5999 0 6 5 1 2 1 1 1 1 1.5999
6 121.5 84.683 4 4 1 1.3919 0 7 3 1 2 1 1 1 1 1.3919
6 115.87 74.954 3 3 1 1.3762 0 4 9 2 1 0 1 1 1 1.3762
6 78.451 111.01 1 1 1 1.776 0 3 8 2 1 1 0 0 1 1.776
6 121.5 84.683 4 2 0 1.0879 0 5 7 2 1 1 0 0 1 1.0879
6 96.639 69.413 3 1 0 1.2319 0 5 8 2 1 1 0 0 1 1.2319
6 96.639 69.413 3 3 1 1.424 0 2 6 2 1 1 0 0 1 1.424
6 101.16 128.24 2 2 1 1.328 0 7 5 1 2 0 0 0 1 1.328
6 103.5 132.06 2 2 1 1.296 0 8 4 1 2 0 0 0 1 1.296
6 64.178 87.101 1 1 1 1.168 0 7 5 1 2 0 0 0 1 1.168
6 96.491 66.716 3 3 1 2.08 0 4 8 2 1 1 0 0 1 2.08
6 95.849 68.872 3 3 1 1.872 0 2 8 2 1 0 1 1 1 1.872
6 114.07 115.4 2 4 0 1.3599 0 9 4 1 2 1 1 1 1 1.3599
6 114.07 115.4 2 4 0 1.168 0 4 8 1 2 0 1 1 1 1.168
6 103.5 132.06 2 2 1 1.072 0 2 9 2 1 0 1 1 1 1.072
6 114.9 123.13 4 2 0 1.4719 0 4 6 2 1 1 0 0 1 1.4719
6 115.87 74.954 3 2 0 1.072 0 7 3 1 2 0 0 0 1 1.072
6 95.849 68.872 3 3 1 1.4239 0 6 2 1 2 1 1 1 1 1.4239
6 120.28 138.52 2 4 0 1.104 0 5 9 2 1 0 1 1 1 1.104
6 78.451 111.01 1 1 1 1.216 0 7 4 1 2 1 1 1 1 1.216
6 109.08 93.888 4 2 0 1.248 0 3 8 2 1 0 1 1 1 1.248
7 56.58 99.69 1 1 1 1.1021 0 6 4 1 2 0 0 0 1 1.1021
7 78.088 147.21 2 2 1 1.424 0 8 2 1 2 1 1 1 1 1.424
7 104.71 146.08 2 4 0 1.3433 1 9 2 1 2 1 1 1 1 1.3433
7 61.124 124.97 1 1 1 1.5039 1 5 8 2 1 0 1 1 1 1.5039
7 92.87 125.65 2 2 1 1.408 1 9 5 1 2 0 0 0 1 1.408
7 130.3 96.023 4 4 1 1.1199 0 2 7 2 1 0 1 1 1 1.1199
7 131.28 93.55 4 4 1 1.0879 1 8 4 2 1 1 0 0 1 1.0879
7 93.178 67.181 3 3 1 1.7279 1 7 5 1 2 1 1 1 1 1.7279
7 85.173 96.683 1 1 1 1.2799 1 9 2 1 2 0 0 0 1 1.2799
7 68.081 106.8 1 1 1 1.1041 1 4 9 2 1 0 1 1 1 1.1041
7 107.88 128.72 2 4 0 1.28 0 7 3 1 2 1 1 1 1 1.28
7 88.46 133.79 2 2 1 1.696 1 7 4 1 2 0 0 0 1 1.696
7 92.622 113.38 2 2 1 0.84792 1 9 2 1 2 0 0 0 1 0.84792
7 100.29 71.083 3 3 1 1.0079 1 9 5 1 2 1 1 1 1 1.0079
7 113.39 94.577 4 4 1 1.5359 1 3 8 1 2 0 1 1 1 1.5359
7 93.178 67.181 3 3 1 1.1359 1 3 7 2 1 0 1 1 1 1.1359
7 93.178 67.181 3 3 1 1.6161 1 6 3 2 1 0 0 0 1 1.6161
7 94.894 82.627 3 2 0 1.2159 1 8 3 1 2 0 0 0 1 1.2159
7 56.58 99.69 1 1 1 1.8877 1 7 4 2 1 1 0 0 1 1.8877
7 92.722 121.92 2 2 1 1.472 0 8 4 2 1 0 0 0 1 1.472
7 130.46 105.74 4 4 1 0.91197 1 7 3 1 2 1 1 1 1 0.91197
7 99.229 134.08 2 2 1 1.0241 1 4 7 2 1 1 0 0 1 1.0241
7 94.894 82.627 3 2 0 1.168 1 9 2 1 2 1 1 1 1 1.168
7 82.785 60.697 3 1 0 1.2481 1 3 8 2 1 1 0 0 1 1.2481
7 131.28 93.55 4 4 1 1.2159 1 5 8 2 1 0 1 1 1 1.2159
7 92.722 121.92 2 2 1 1.28 1 4 8 2 1 0 1 1 1 1.28
7 85.173 96.683 1 1 1 1.248 0 4 8 2 1 0 1 1 1 1.248
7 136.19 100.78 4 4 1 1.12 1 8 3 1 2 1 1 1 1 1.12
7 68.081 106.8 1 1 1 1.6319 1 4 8 2 1 1 0 0 1 1.6319
7 131.28 93.55 4 4 1 0.95999 1 9 5 1 2 0 0 0 1 0.95999
7 131.28 93.55 4 2 0 1.024 1 2 7 2 1 1 0 0 1 1.024
7 107.88 128.72 2 2 1 1.4719 1 3 9 2 1 1 0 0 1 1.4719
7 92.722 121.92 2 1 0 0.976 1 3 9 2 1 1 0 0 1 0.976
7 69.509 111.99 1 1 1 1.792 1 6 3 1 2 1 1 1 1 1.792
7 56.58 99.69 1 1 1 1.0879 0 3 8 2 1 0 1 1 1 1.0879
7 113.39 94.577 4 4 1 1.376 0 2 9 1 2 1 1 1 1 1.376
7 55.679 101.95 1 1 1 1.136 0 8 3 1 2 0 0 0 1 1.136
7 55.679 101.95 1 1 1 1.712 1 2 6 1 2 1 1 1 1 1.712
7 104.71 146.08 2 2 1 1.6 1 2 9 2 1 1 0 0 1 1.6
7 131.28 93.55 4 4 1 1.136 1 3 6 2 1 1 0 0 1 1.136
7 113.39 94.577 4 3 0 1.104 1 5 8 2 1 1 0 0 1 1.104
7 91.665 122.85 2 2 1 1.2959 0 6 4 1 2 0 0 0 1 1.2959
7 93.178 67.181 3 3 1 1.3761 0 6 5 1 2 0 0 0 1 1.3761
7 113.39 94.577 4 2 0 1.5839 1 7 2 1 2 1 1 1 1 1.5839
7 92.622 113.38 2 2 1 1.056 1 4 9 2 1 0 1 1 1 1.056
7 91.665 122.85 2 2 1 1.1519 1 4 6 1 2 1 1 1 1 1.1519
7 94.894 82.627 3 3 1 2.0161 0 2 7 2 1 1 0 0 1 2.0161
7 69.509 111.99 1 1 1 1.1679 1 5 6 2 1 0 1 1 1 1.1679
7 92.87 125.65 2 2 1 1.28 1 8 3 1 2 0 0 0 1 1.28
7 82.785 60.697 3 3 1 1.5519 1 2 6 2 1 0 1 1 1 1.5519
8 68.92 102.73 1 1 1 1.264 0 4 6 2 1 1 0 0 1 1.264
8 82.452 99.987 1 1 1 1.2639 1 4 7 2 1 0 1 1 1 1.2639
8 136.37 102.46 4 4 1 1.472 0 8 2 1 2 0 0 0 1 1.472
8 39.473 99.325 1 1 1 1.856 1 7 4 1 2 1 1 1 1 1.856
8 133.64 121.71 4 4 1 1.248 1 4 6 2 1 1 0 1 0 1.248
8 107.76 107.25 4 2 0 1.5681 0 9 2 1 2 1 1 1 1 1.5681
8 93.03 117.37 2 2 1 1.04 1 9 2 1 2 0 0 0 1 1.04
8 110.59 55.048 3 3 1 1.568 1 5 7 2 1 1 0 0 1 1.568
8 92.592 119.98 2 2 1 1.232 1 9 5 2 1 1 0 0 1 1.232
8 108.73 135.74 2 4 0 1.2 1 9 5 2 1 0 0 0 1 1.2
8 86.696 80.838 3 3 1 1.84 0 8 5 1 2 1 1 1 1 1.84
8 65.666 113.66 1 1 1 1.4401 1 7 2 1 2 1 1 1 1 1.4401
8 126.81 91.08 4 4 1 1.296 1 3 8 2 1 1 0 0 1 1.296
8 94.721 126.9 2 2 1 2.0479 1 6 3 1 2 0 0 0 1 2.0479
8 95.636 127.92 2 2 1 0.87996 0 2 6 2 1 1 0 0 1 0.87996
8 72.507 90.463 1 1 1 1.328 1 8 2 1 2 0 0 0 1 1.328
8 106.79 65.784 3 3 1 1.456 1 2 7 2 1 0 1 1 1 1.456
8 91.562 71.945 3 1 0 1.408 1 2 6 2 1 0 1 1 1 1.408
8 118.28 118.62 2 4 0 1.568 1 4 6 1 2 0 1 1 1 1.568
8 94.552 83.574 3 3 1 1.1681 1 7 5 1 2 1 1 1 1 1.1681
8 94.552 83.574 3 2 0 0.95991 1 3 6 2 1 1 0 0 1 0.95991
8 82.452 99.987 1 2 0 1.1199 0 8 2 1 2 1 1 1 1 1.1199
8 98.031 82.881 3 3 1 0.944 1 9 3 2 1 0 0 0 1 0.944
8 93.03 117.37 2 2 1 1.136 0 8 5 1 2 0 0 0 1 1.136
8 120.24 112.93 4 4 1 1.328 0 3 7 2 1 1 0 1 0 1.328
8 136.37 102.46 4 2 0 1.04 1 5 7 1 2 0 1 0 0 1.04
8 120.24 112.93 4 2 0 1.0719 0 9 4 2 1 0 0 0 1 1.0719
8 82.452 99.987 1 1 1 1.1842 0 4 9 2 1 1 0 0 1 1.1842
8 110.59 55.048 3 3 1 1.344 1 6 3 1 2 1 1 1 1 1.344
8 91.562 71.945 3 1 0 1.36 1 7 5 1 2 1 1 1 1 1.36
8 126.81 91.08 4 3 0 1.088 1 5 6 2 1 1 0 0 1 1.088
8 110.45 117.67 2 2 1 1.2479 1 8 3 1 2 1 1 1 1 1.2479
8 39.473 99.325 1 1 1 1.152 1 2 8 1 2 0 1 1 1 1.152
8 76.165 81.326 1 1 1 1.1198 0 2 8 2 1 1 0 0 1 1.1198
8 94.721 126.9 2 2 1 1.088 1 7 5 2 1 0 0 0 1 1.088
8 120.24 112.93 4 4 1 2.0321 1 8 5 1 2 0 0 0 1 2.0321
8 120.24 112.93 4 2 0 1.0079 1 4 8 2 1 1 0 0 1 1.0079
8 76.165 81.326 1 1 1 1.264 1 2 9 2 1 0 1 1 1 1.264
8 98.031 82.881 3 2 0 1.2959 1 7 5 1 2 0 0 0 1 1.2959
8 126.13 98.805 4 4 1 0.95995 1 4 9 2 1 1 0 0 1 0.95995
8 118.28 118.62 2 2 1 1.6959 1 2 6 2 1 0 1 1 1 1.6959
8 126.13 98.805 4 4 1 2.48 1 5 8 2 1 0 1 1 1 2.48
8 118.28 118.62 2 2 1 1.5841 1 5 6 2 1 0 1 1 1 1.5841
8 120.24 112.93 4 2 0 1.472 1 9 4 1 2 0 0 0 1 1.472
8 86.696 80.838 3 1 0 1.664 0 5 6 2 1 0 1 1 1 1.664
8 133.64 121.71 4 4 1 1.4399 1 9 2 1 2 0 0 0 1 1.4399
8 110.59 55.048 3 3 1 1.2159 1 7 2 1 2 0 0 0 1 1.2159
8 106.79 65.784 3 3 1 1.8719 1 8 4 1 2 1 1 1 1 1.8719
8 98.031 82.881 3 1 0 1.4717 1 4 7 2 1 1 0 0 1 1.4717
8 118.28 118.62 2 4 0 1.648 1 3 8 2 1 1 0 0 1 1.648
9 114.68 132.46 2 2 1 1.76 1 5 7 2 1 0 1 1 1 1.76
9 79.913 109.99 1 1 1 1.04 1 9 4 1 2 0 0 0 1 1.04
9 143.86 94.724 4 4 1 1.088 1 9 4 2 1 0 0 0 1 1.088
9 68.809 94.873 1 1 1 1.4721 1 3 7 2 1 1 0 0 1 1.4721
9 100.29 69.579 3 3 1 1.024 0 3 7 2 1 1 0 0 1 1.024
9 104.24 136.11 2 2 1 1.136 1 3 6 2 1 0 1 1 1 1.136
9 122.17 90.895 4 2 0 1.232 1 7 5 1 2 1 1 1 1 1.232
9 79.833 104.87 1 1 1 1.04 1 2 8 2 1 0 1 1 1 1.04
9 100.29 69.579 3 3 1 2.3041 1 9 3 2 1 1 0 0 1 2.3041
9 94.876 112.12 2 1 0 1.008 1 2 8 2 1 1 0 0 1 1.008
9 104.3 68.199 3 3 1 1.44 0 9 4 1 2 0 0 0 1 1.44
9 110.72 129.72 2 2 1 1.2639 0 9 2 1 2 1 1 1 1 1.2639
9 126.18 103.47 4 2 0 1.4561 1 4 6 2 1 0 1 1 1 1.4561
9 104.24 136.11 2 2 1 1.0721 0 3 7 2 1 0 1 1 1 1.0721
9 126.18 103.47 4 3 0 1.28 1 7 3 1 2 1 1 1 1 1.28
9 94.597 80.253 3 1 0 1.0879 1 3 6 2 1 0 1 1 1 1.0879
9 68.809 94.873 1 1 1 1.2479 0 8 5 1 2 1 1 1 1 1.2479
9 126.18 103.47 4 4 1 1.488 1 2 8 2 1 1 0 0 1 1.488
9 112.9 122.09 2 2 1 1.3759 1 4 9 2 1 0 1 1 1 1.3759
9 98.409 74.791 3 3 1 0.91206 0 7 4 2 1 1 0 0 1 0.91206
9 64.004 84.335 1 1 1 1.1359 1 8 5 1 2 0 0 0 1 1.1359
9 104.2 150.37 2 2 1 1.136 1 7 2 1 2 0 0 0 1 1.136
9 98.179 79.112 3 3 1 1.5841 1 4 9 2 1 1 0 1 0 1.5841
9 97.37 75.564 3 1 0 1.2802 1 9 5 2 1 1 0 0 1 1.2802
9 124.8 94.212 4 4 1 1.008 1 9 2 2 1 1 0 0 1 1.008
9 136.69 95.216 4 2 0 1.2158 1 7 5 1 2 0 0 0 1 1.2158
9 136.55 105.16 4 2 0 2.752 1 2 7 1 2 0 1 1 1 2.752
9 102.05 86.605 3 2 0 1.6799 1 3 9 2 1 0 1 1 1 1.6799
9 98.179 79.112 3 1 0 1.0401 1 4 9 2 1 1 0 0 1 1.0401
9 94.348 67.162 3 1 0 1.104 1 8 5 1 2 1 1 1 1 1.104
9 79.833 104.87 1 1 1 1.3761 1 4 9 2 1 0 1 1 1 1.3761
9 118 94.534 4 2 0 0.94407 1 8 5 1 2 1 1 1 1 0.94407
9 94.876 112.12 2 2 1 1.1359 0 9 2 1 2 0 0 0 1 1.1359
9 97.76 119.36 2 2 1 1.952 1 6 3 2 1 1 0 1 0 1.952
9 114.68 132.46 2 2 1 1.168 1 8 4 1 2 0 0 0 1 1.168
9 143.86 94.724 4 4 1 1.0879 1 5 9 2 1 1 0 0 1 1.0879
9 94.597 80.253 3 1 0 0.92803 0 3 6 2 1 1 0 0 1 0.92803
9 136.69 95.216 4 2 0 1.088 1 3 7 2 1 1 0 0 1 1.088
9 94.876 112.12 2 1 0 1.472 1 2 9 2 1 1 0 0 1 1.472
9 143.86 94.724 4 4 1 1.3121 1 5 7 1 2 0 1 1 1 1.3121
9 68.809 94.873 1 1 1 1.28 1 2 7 2 1 0 1 1 1 1.28
9 98.409 74.791 3 3 1 0.91204 0 9 3 1 2 1 1 1 1 0.91204
9 79.833 104.87 1 1 1 1.024 1 9 3 1 2 0 0 0 1 1.024
9 97.76 119.36 2 2 1 1.3281 1 5 7 2 1 0 1 1 1 1.3281
9 112.9 122.09 2 4 0 0.78387 0 2 8 2 1 1 0 0 1 0.78387
9 94.348 67.162 3 3 1 0.92794 1 7 3 1 2 0 0 0 1 0.92794
9 118 94.534 4 2 0 2.0639 0 6 4 1 2 1 1 1 1 2.0639
9 104.24 136.11 2 2 1 1.4879 1 3 6 2 1 0 1 1 1 1.4879
9 102.05 86.605 3 3 1 1.12 1 9 4 1 2 0 0 0 1 1.12
9 136.55 105.16 4 2 0 1.904 0 9 5 1 2 1 1 1 1 1.904
10 80.169 119.72 1 2 0 5.6889 1 999 999 999 999 999 999 999 999 999
10 136.7 79.395 4 4 1 0.75761 1 999 999 999 999 999 999 999 999 999
10 123.18 101.5 4 3 0 1.2299 1 999 999 999 999 999 999 999 999 999
10 106.96 107.99 2 2 1 1.6138 1 999 999 999 999 999 999 999 999 999
10 89.463 137.2 2 2 1 0.79794 1 999 999 999 999 999 999 999 999 999
10 138.1 97.778 4 4 1 0.71784 1 999 999 999 999 999 999 999 999 999
10 127.38 90.087 4 3 0 0.78167 1 999 999 999 999 999 999 999 999 999
10 113.1 115.57 2 4 0 0.60591 1 999 999 999 999 999 999 999 999 999
10 84.914 84.464 3 1 0 0.73387 1 999 999 999 999 999 999 999 999 999
10 88.157 74.101 3 1 0 0.71798 1 999 999 999 999 999 999 999 999 999
10 107.49 49.697 3 3 1 0.92587 0 999 999 999 999 999 999 999 999 999
10 89.613 64.381 3 3 1 0.44584 1 999 999 999 999 999 999 999 999 999
10 74.406 102.65 1 1 1 0.78187 1 999 999 999 999 999 999 999 999 999
10 89.613 64.381 3 3 1 0.76588 1 999 999 999 999 999 999 999 999 999
10 104.76 59.327 3 3 1 1.102 1 999 999 999 999 999 999 999 999 999
10 84.914 84.464 3 1 0 1.1339 1 999 999 999 999 999 999 999 999 999
10 123.18 101.5 4 4 1 1.2139 1 999 999 999 999 999 999 999 999 999
10 110.07 65.252 3 3 1 0.66998 1 999 999 999 999 999 999 999 999 999
10 96.13 73.195 3 2 0 2.398 0 999 999 999 999 999 999 999 999 999
10 63.81 98.665 1 1 1 0.90982 1 999 999 999 999 999 999 999 999 999
10 64.23 97.29 1 1 1 0.70191 0 999 999 999 999 999 999 999 999 999
10 71.812 102.4 1 1 1 0.76582 1 999 999 999 999 999 999 999 999 999
10 80.363 97.452 1 1 1 0.6219 0 999 999 999 999 999 999 999 999 999
10 89.613 64.381 3 3 1 0.82995 0 999 999 999 999 999 999 999 999 999
10 74.406 102.65 1 1 1 0.47789 1 999 999 999 999 999 999 999 999 999
10 148.4 101.9 4 4 1 1.0059 0 999 999 999 999 999 999 999 999 999
10 63.81 98.665 1 1 1 0.81399 1 999 999 999 999 999 999 999 999 999
10 63.81 98.665 1 3 0 0.70178 1 999 999 999 999 999 999 999 999 999
10 104.89 111.54 2 2 1 0.86185 1 999 999 999 999 999 999 999 999 999
10 88.157 74.101 3 3 1 1.1339 1 999 999 999 999 999 999 999 999 999
10 87.361 70.835 3 3 1 1.1019 0 999 999 999 999 999 999 999 999 999
10 75.862 86.468 1 1 1 0.78198 1 999 999 999 999 999 999 999 999 999
10 98.577 109.72 2 2 1 1.4219 1 999 999 999 999 999 999 999 999 999
10 63.81 98.665 1 1 1 0.73394 1 999 999 999 999 999 999 999 999 999
10 127.04 100.8 4 4 1 0.60585 1 999 999 999 999 999 999 999 999 999
10 63.482 91.355 1 3 0 0.7019 1 999 999 999 999 999 999 999 999 999
10 124.01 85.974 4 3 0 1.214 0 999 999 999 999 999 999 999 999 999
10 98.577 109.72 2 2 1 2.7019 0 999 999 999 999 999 999 999 999 999
10 127.04 100.8 4 4 1 0.89384 1 999 999 999 999 999 999 999 999 999
10 80.169 119.72 1 2 0 0.65394 1 999 999 999 999 999 999 999 999 999
10 98.577 109.72 2 2 1 0.63803 1 999 999 999 999 999 999 999 999 999
10 63.482 91.355 1 1 1 0.46206 1 999 999 999 999 999 999 999 999 999
10 63.482 91.355 1 1 1 0.70187 0 999 999 999 999 999 999 999 999 999
10 123.18 101.5 4 2 0 2.9738 1 999 999 999 999 999 999 999 999 999
10 124.01 85.974 4 4 1 0.62197 1 999 999 999 999 999 999 999 999 999
10 138.1 97.778 4 4 1 0.73391 0 999 999 999 999 999 999 999 999 999
10 127.38 90.087 4 4 1 0.79807 1 999 999 999 999 999 999 999 999 999
10 64.23 97.29 1 1 1 0.63786 1 999 999 999 999 999 999 999 999 999
10 104.76 59.327 3 3 1 0.63779 1 999 999 999 999 999 999 999 999 999
10 80.363 97.452 1 1 1 0.9579 0 999 999 999 999 999 999 999 999 999
11 69.682 91 1 1 1 1.0012 0 999 999 999 999 999 999 999 999 999
11 99.578 124.71 2 2 1 1.1709 1 999 999 999 999 999 999 999 999 999
11 132.97 104.15 4 4 1 0.84595 1 999 999 999 999 999 999 999 999 999
11 96.499 64.863 3 1 0 1.1819 0 999 999 999 999 999 999 999 999 999
11 103.9 64.684 3 3 1 0.41377 1 999 999 999 999 999 999 999 999 999
11 94.916 130.41 2 2 1 0.62187 1 999 999 999 999 999 999 999 999 999
11 110.69 73.971 3 3 1 0.81378 1 999 999 999 999 999 999 999 999 999
11 105.56 110.29 2 2 1 0.60602 1 999 999 999 999 999 999 999 999 999
11 136.27 102.53 4 4 1 0.58989 0 999 999 999 999 999 999 999 999 999
11 91.934 121.06 2 2 1 0.70195 1 999 999 999 999 999 999 999 999 999
11 143.47 109.03 4 4 1 0.78201 1 999 999 999 999 999 999 999 999 999
11 98.909 122.28 2 2 1 0.81384 1 999 999 999 999 999 999 999 999 999
11 88.952 141.24 2 2 1 1.5339 1 999 999 999 999 999 999 999 999 999
11 63.689 98.916 1 1 1 0.702 0 999 999 999 999 999 999 999 999 999
11 143.47 109.03 4 4 1 0.9419 1 999 999 999 999 999 999 999 999 999
11 110.69 73.971 3 2 0 0.79786 0 999 999 999 999 999 999 999 999 999
11 135.33 102.76 4 2 0 0.62194 1 999 999 999 999 999 999 999 999 999
11 93.416 105.17 1 2 0 0.92574 1 999 999 999 999 999 999 999 999 999
11 64.013 106.7 1 1 1 0.70188 0 999 999 999 999 999 999 999 999 999
11 110.69 73.971 3 3 1 0.92591 1 999 999 999 999 999 999 999 999 999
11 99.578 124.71 2 2 1 0.62189 1 999 999 999 999 999 999 999 999 999
11 106.63 80.825 3 3 1 0.68597 0 999 999 999 999 999 999 999 999 999
11 75.797 124.27 2 2 1 0.65392 1 999 999 999 999 999 999 999 999 999
11 88.565 108.79 1 2 0 0.67005 1 999 999 999 999 999 999 999 999 999
11 93.416 105.17 1 2 0 0.71794 1 999 999 999 999 999 999 999 999 999
11 90.777 75.886 3 3 1 0.73393 1 999 999 999 999 999 999 999 999 999
11 91.393 122.04 2 1 0 0.63789 1 999 999 999 999 999 999 999 999 999
11 90.777 75.886 3 1 0 1.0539 1 999 999 999 999 999 999 999 999 999
11 75.797 124.27 2 1 0 0.79786 1 999 999 999 999 999 999 999 999 999
11 91.393 122.04 2 1 0 1.7099 1 999 999 999 999 999 999 999 999 999
11 101.55 54.02 3 3 1 0.52589 1 999 999 999 999 999 999 999 999 999
11 106.63 80.825 3 2 0 0.89388 1 999 999 999 999 999 999 999 999 999
11 103.58 90.149 3 2 0 1.198 1 999 999 999 999 999 999 999 999 999
11 91.934 121.06 2 3 0 0.46174 0 999 999 999 999 999 999 999 999 999
11 132.97 104.15 4 4 1 0.74996 1 999 999 999 999 999 999 999 999 999
11 98.909 122.28 2 1 0 0.43004 0 999 999 999 999 999 999 999 999 999
11 75.797 124.27 2 1 0 0.74991 0 999 999 999 999 999 999 999 999 999
11 64.013 106.7 1 1 1 0.66985 1 999 999 999 999 999 999 999 999 999
11 63.689 98.916 1 3 0 0.60582 1 999 999 999 999 999 999 999 999 999
11 98.909 122.28 2 2 1 0.82993 1 999 999 999 999 999 999 999 999 999
11 103.58 90.149 3 3 1 1.0219 1 999 999 999 999 999 999 999 999 999
11 65.225 93.568 1 1 1 0.71755 1 999 999 999 999 999 999 999 999 999
11 88.565 108.79 1 2 0 0.94189 0 999 999 999 999 999 999 999 999 999
11 91.934 121.06 2 2 1 2.302 1 999 999 999 999 999 999 999 999 999
11 106.63 80.825 3 3 1 0.87791 1 999 999 999 999 999 999 999 999 999
11 63.689 98.916 1 1 1 0.638 1 999 999 999 999 999 999 999 999 999
11 103.58 90.149 3 2 0 0.94192 1 999 999 999 999 999 999 999 999 999
11 88.952 141.24 2 2 1 0.92591 0 999 999 999 999 999 999 999 999 999
11 65.225 93.568 1 1 1 1.0059 1 999 999 999 999 999 999 999 999 999
11 143.47 109.03 4 4 1 1.0058 1 999 999 999 999 999 999 999 999 999
12 131.93 95.045 4 2 0 1.2409 1 999 999 999 999 999 999 999 999 999
12 95.039 77.844 3 1 0 0.55116 1 999 999 999 999 999 999 999 999 999
12 101.17 116.09 2 2 1 0.63779 1 999 999 999 999 999 999 999 999 999
12 110.27 119.11 2 2 1 0.76584 1 999 999 999 999 999 999 999 999 999
12 104.09 91.335 3 3 1 1.5978 1 999 999 999 999 999 999 999 999 999
12 89.249 94.826 3 3 1 0.76602 1 999 999 999 999 999 999 999 999 999
12 69.854 107.51 1 1 1 0.58996 1 999 999 999 999 999 999 999 999 999
12 125.05 83.819 4 2 0 0.8299 0 999 999 999 999 999 999 999 999 999
12 103.41 79.509 3 2 0 0.70182 0 999 999 999 999 999 999 999 999 999
12 97.194 124.77 2 3 0 0.47782 1 999 999 999 999 999 999 999 999 999
12 97.194 124.77 2 2 1 0.63804 1 999 999 999 999 999 999 999 999 999
12 81.98 112.66 1 3 0 0.82991 1 999 999 999 999 999 999 999 999 999
12 116.93 99.186 4 2 0 0.78196 0 999 999 999 999 999 999 999 999 999
12 116.93 99.186 4 2 0 0.74993 1 999 999 999 999 999 999 999 999 999
12 81.98 112.66 1 1 1 0.66986 1 999 999 999 999 999 999 999 999 999
12 89.956 86.321 3 3 1 0.79779 0 999 999 999 999 999 999 999 999 999
12 83.69 119.66 1 1 1 0.60595 0 999 999 999 999 999 999 999 999 999
12 97.348 146.03 2 2 1 1.1339 1 999 999 999 999 999 999 999 999 999
12 83.69 119.66 1 1 1 0.73394 0 999 999 999 999 999 999 999 999 999
12 63.495 120.11 1 1 1 0.54184 0 999 999 999 999 999 999 999 999 999
12 126.49 96.385 4 2 0 0.78193 1 999 999 999 999 999 999 999 999 999
12 140.93 106.14 4 4 1 0.47789 1 999 999 999 999 999 999 999 999 999
12 104.43 114.32 2 2 1 0.57385 1 999 999 999 999 999 999 999 999 999
12 125.05 83.819 4 3 0 0.81383 1 999 999 999 999 999 999 999 999 999
12 117.2 84.376 3 3 1 0.92596 1 999 999 999 999 999 999 999 999 999
12 140.93 106.14 4 2 0 0.70195 1 999 999 999 999 999 999 999 999 999
12 116.93 99.186 4 2 0 0.62187 1 999 999 999 999 999 999 999 999 999
12 81.98 112.66 1 1 1 0.46187 1 999 999 999 999 999 999 999 999 999
12 132.73 82.461 4 2 0 0.82989 1 999 999 999 999 999 999 999 999 999
12 132.73 82.461 4 3 0 1.0219 1 999 999 999 999 999 999 999 999 999
12 103.79 55.479 3 3 1 0.94183 1 999 999 999 999 999 999 999 999 999
12 81.98 112.66 1 1 1 0.71795 1 999 999 999 999 999 999 999 999 999
12 94.167 75.35 3 3 1 1.7738 0 999 999 999 999 999 999 999 999 999
12 101.47 133.45 2 2 1 0.94197 1 999 999 999 999 999 999 999 999 999
12 101.47 133.45 2 2 1 2.4299 1 999 999 999 999 999 999 999 999 999
12 103.79 55.479 3 3 1 0.98982 1 999 999 999 999 999 999 999 999 999
12 97.194 124.77 2 2 1 0.86204 1 999 999 999 999 999 999 999 999 999
12 69.854 107.51 1 1 1 0.44583 1 999 999 999 999 999 999 999 999 999
12 117.2 84.376 3 2 0 1.294 0 999 999 999 999 999 999 999 999 999
12 116.93 99.186 4 3 0 0.70182 0 999 999 999 999 999 999 999 999 999
12 103.79 55.479 3 3 1 0.98989 1 999 999 999 999 999 999 999 999 999
12 131.93 95.045 4 2 0 1.038 1 999 999 999 999 999 999 999 999 999
12 78.076 102.41 1 1 1 0.74985 0 999 999 999 999 999 999 999 999 999
12 104.43 114.32 2 2 1 0.71787 1 999 999 999 999 999 999 999 999 999
12 63.495 120.11 1 1 1 0.81388 1 999 999 999 999 999 999 999 999 999
12 97.194 124.77 2 2 1 0.68587 0 999 999 999 999 999 999 999 999 999
12 89.249 94.826 3 2 0 0.89391 1 999 999 999 999 999 999 999 999 999
12 94.167 75.35 3 3 1 0.94188 1 999 999 999 999 999 999 999 999 999
12 116.93 99.186 4 2 0 0.6857 1 999 999 999 999 999 999 999 999 999
12 132.73 82.461 4 4 1 0.79803 1 999 999 999 999 999 999 999 999 999
13 146.57 98.246 4 4 1 1.5129 1 999 999 999 999 999 999 999 999 999
13 107.42 64.121 3 3 1 0.88726 1 999 999 999 999 999 999 999 999 999
13 132.99 107.93 4 2 0 0.68584 0 999 999 999 999 999 999 999 999 999
13 65.272 77.533 1 1 1 0.68591 1 999 999 999 999 999 999 999 999 999
13 95.772 82.642 3 2 0 1.8859 1 999 999 999 999 999 999 999 999 999
13 66.173 94.493 1 1 1 0.65397 1 999 999 999 999 999 999 999 999 999
13 106.4 124.15 2 2 1 1.0219 0 999 999 999 999 999 999 999 999 999
13 60.98 114.31 1 1 1 0.70199 1 999 999 999 999 999 999 999 999 999
13 76.242 99.646 1 3 0 0.5098 1 999 999 999 999 999 999 999 999 999
13 72.087 92.867 1 1 1 0.52595 1 999 999 999 999 999 999 999 999 999
13 97.072 129.03 2 1 0 0.36585 1 999 999 999 999 999 999 999 999 999
13 69.114 91.851 1 1 1 0.54193 1 999 999 999 999 999 999 999 999 999
13 107.25 129.73 2 2 1 0.5739 1 999 999 999 999 999 999 999 999 999
13 103.57 112.8 2 2 1 0.98992 0 999 999 999 999 999 999 999 999 999
13 105.39 134.02 2 2 1 1.118 0 999 999 999 999 999 999 999 999 999
13 76.811 121.68 1 1 1 0.73384 1 999 999 999 999 999 999 999 999 999
13 102.03 55.27 3 3 1 0.54186 1 999 999 999 999 999 999 999 999 999
13 98.916 127.76 2 3 0 1.854 0 999 999 999 999 999 999 999 999 999
13 72.087 92.867 1 1 1 0.71778 1 999 999 999 999 999 999 999 999 999
13 76.242 99.646 1 1 1 0.70192 0 999 999 999 999 999 999 999 999 999
13 150.2 98.541 4 2 0 0.74979 0 999 999 999 999 999 999 999 999 999
13 107.25 129.73 2 2 1 0.82995 1 999 999 999 999 999 999 999 999 999
13 66.173 94.493 1 1 1 0.71793 1 999 999 999 999 999 999 999 999 999
13 133.95 110.53 4 4 1 0.78177 1 999 999 999 999 999 999 999 999 999
13 111.32 68.655 3 2 0 0.66986 1 999 999 999 999 999 999 999 999 999
13 123.59 57.815 3 3 1 0.42967 1 999 999 999 999 999 999 999 999 999
13 106.46 73.16 3 2 0 0.73394 1 999 999 999 999 999 999 999 999 999
13 60.98 114.31 1 1 1 0.78194 0 999 999 999 999 999 999 999 999 999
13 95.772 82.642 3 1 0 0.84588 0 999 999 999 999 999 999 999 999 999
13 118.59 115.34 2 4 0 1.0219 1 999 999 999 999 999 999 999 999 999
13 98.916 127.76 2 2 1 0.63789 1 999 999 999 999 999 999 999 999 999
13 106.46 73.16 3 3 1 0.81391 1 999 999 999 999 999 999 999 999 999
13 134.45 107.19 4 2 0 0.63803 1 999 999 999 999 999 999 999 999 999
13 56.413 82.592 1 1 1 0.98989 0 999 999 999 999 999 999 999 999 999
13 60.98 114.31 1 3 0 1.4059 1 999 999 999 999 999 999 999 999 999
13 72.087 92.867 1 3 0 1.1019 1 999 999 999 999 999 999 999 999 999
13 134.45 107.19 4 4 1 0.97399 1 999 999 999 999 999 999 999 999 999
13 56.413 82.592 1 1 1 0.86188 1 999 999 999 999 999 999 999 999 999
13 66.173 94.493 1 3 0 0.5418 1 999 999 999 999 999 999 999 999 999
13 119.86 105.03 4 2 0 1.0539 1 999 999 999 999 999 999 999 999 999
13 133.95 110.53 4 4 1 0.5099 0 999 999 999 999 999 999 999 999 999
13 65.272 77.533 1 1 1 1.5498 1 999 999 999 999 999 999 999 999 999
13 119.86 105.03 4 2 0 0.70192 1 999 999 999 999 999 999 999 999 999
13 134.45 107.19 4 4 1 0.55793 1 999 999 999 999 999 999 999 999 999
13 111.32 68.655 3 2 0 0.63784 1 999 999 999 999 999 999 999 999 999
13 123.59 57.815 3 3 1 0.47784 1 999 999 999 999 999 999 999 999 999
13 102.03 55.27 3 3 1 0.862 1 999 999 999 999 999 999 999 999 999
13 106.4 124.15 2 2 1 1.2617 1 999 999 999 999 999 999 999 999 999
13 105.39 134.02 2 3 0 0.92586 0 999 999 999 999 999 999 999 999 999
13 97.072 129.03 2 2 1 0.798 1 999 999 999 999 999 999 999 999 999
14 73.33 108.55 1 1 1 0.8574 1 999 999 999 999 999 999 999 999 999
14 110.61 134.84 2 2 1 0.69523 0 999 999 999 999 999 999 999 999 999
14 81.446 108.69 1 3 0 0.87798 1 999 999 999 999 999 999 999 999 999
14 112.41 118.91 4 2 0 0.65386 1 999 999 999 999 999 999 999 999 999
14 88.911 120.72 1 2 0 1.0541 1 999 999 999 999 999 999 999 999 999
14 99.222 80.542 3 3 1 0.89393 1 999 999 999 999 999 999 999 999 999
14 150.63 98.879 4 4 1 0.76598 0 999 999 999 999 999 999 999 999 999
14 67.698 97.759 1 1 1 1.0377 1 999 999 999 999 999 999 999 999 999
14 128.04 110.12 4 2 0 0.92586 1 999 999 999 999 999 999 999 999 999
14 129.02 94.586 4 2 0 0.78197 1 999 999 999 999 999 999 999 999 999
14 100.12 128.34 2 2 1 0.68594 1 999 999 999 999 999 999 999 999 999
14 95.911 116.25 2 1 0 0.50986 1 999 999 999 999 999 999 999 999 999
14 103.29 70.212 3 3 1 0.82993 1 999 999 999 999 999 999 999 999 999
14 97.225 71.129 3 3 1 0.60589 1 999 999 999 999 999 999 999 999 999
14 93.391 67.085 3 3 1 0.98983 1 999 999 999 999 999 999 999 999 999
14 147.27 100.7 4 2 0 0.73396 0 999 999 999 999 999 999 999 999 999
14 95.845 73.991 3 2 0 0.74988 0 999 999 999 999 999 999 999 999 999
14 122.11 101.61 4 2 0 0.71787 1 999 999 999 999 999 999 999 999 999
14 101.9 66.018 3 3 1 0.5098 0 999 999 999 999 999 999 999 999 999
14 81.446 108.69 1 1 1 1.4058 1 999 999 999 999 999 999 999 999 999
14 102.92 137.63 2 2 1 0.82992 1 999 999 999 999 999 999 999 999 999
14 103.29 70.212 3 2 0 0.89387 0 999 999 999 999 999 999 999 999 999
14 95.911 116.25 2 2 1 0.97378 0 999 999 999 999 999 999 999 999 999
14 98.53 128.04 2 2 1 0.68592 1 999 999 999 999 999 999 999 999 999
14 133.28 100.19 4 4 1 1.0539 0 999 999 999 999 999 999 999 999 999
14 93.601 124.98 2 2 1 0.82997 0 999 999 999 999 999 999 999 999 999
14 108.76 81.297 3 2 0 0.71787 1 999 999 999 999 999 999 999 999 999
14 67.698 97.759 1 1 1 0.60599 1 999 999 999 999 999 999 999 999 999
14 98.53 128.04 2 1 0 0.4299 1 999 999 999 999 999 999 999 999 999
14 95.845 73.991 3 3 1 0.86191 1 999 999 999 999 999 999 999 999 999
14 150.63 98.879 4 4 1 1.294 1 999 999 999 999 999 999 999 999 999
14 70.185 107.6 1 1 1 2.5419 1 999 999 999 999 999 999 999 999 999
14 101.9 66.018 3 3 1 0.95787 1 999 999 999 999 999 999 999 999 999
14 101.9 66.018 3 2 0 0.52601 1 999 999 999 999 999 999 999 999 999
14 103.29 70.212 3 3 1 0.62182 1 999 999 999 999 999 999 999 999 999
14 70.185 107.6 1 1 1 1.022 1 999 999 999 999 999 999 999 999 999
14 128.04 110.12 4 4 1 0.8779 0 999 999 999 999 999 999 999 999 999
14 101.9 66.018 3 2 0 0.66994 1 999 999 999 999 999 999 999 999 999
14 129.02 94.586 4 2 0 0.81395 1 999 999 999 999 999 999 999 999 999
14 88.697 119.29 2 3 0 0.71787 1 999 999 999 999 999 999 999 999 999
14 98.221 72.019 3 3 1 0.62188 1 999 999 999 999 999 999 999 999 999
14 133.28 100.19 4 2 0 1.838 1 999 999 999 999 999 999 999 999 999
14 101.9 66.018 3 2 0 0.92582 1 999 999 999 999 999 999 999 999 999
14 99.222 80.542 3 2 0 0.94197 1 999 999 999 999 999 999 999 999 999
14 99.222 80.542 3 1 0 0.78188 0 999 999 999 999 999 999 999 999 999
14 119.67 97.41 4 2 0 0.66995 1 999 999 999 999 999 999 999 999 999
14 119.67 97.41 4 2 0 0.82991 1 999 999 999 999 999 999 999 999 999
14 99.222 80.542 3 3 1 0.62185 1 999 999 999 999 999 999 999 999 999
14 98.221 72.019 3 3 1 0.68586 1 999 999 999 999 999 999 999 999 999
14 101.9 66.018 3 3 1 1.342 0 999 999 999 999 999 999 999 999 999
15 138.93 94.112 4 2 0 1.2254 0 999 999 999 999 999 999 999 999 999
15 100.56 63.931 3 3 1 1.0304 0 999 999 999 999 999 999 999 999 999
15 104.76 75.402 3 3 1 0.86193 0 999 999 999 999 999 999 999 999 999
15 103.06 86.667 3 2 0 0.87799 0 999 999 999 999 999 999 999 999 999
15 54.54 78.352 1 1 1 0.71787 0 999 999 999 999 999 999 999 999 999
15 91.515 136.37 2 2 1 1.262 0 999 999 999 999 999 999 999 999 999
15 94.904 116.34 2 2 1 0.73388 0 999 999 999 999 999 999 999 999 999
15 80.444 95.854 1 2 0 0.74998 0 999 999 999 999 999 999 999 999 999
15 71.068 108.9 1 1 1 0.60575 0 999 999 999 999 999 999 999 999 999
15 76.579 104.98 1 1 1 0.44581 0 999 999 999 999 999 999 999 999 999
15 96.492 81.369 3 1 0 0.79788 0 999 999 999 999 999 999 999 999 999
15 139.65 112.82 4 4 1 0.90997 0 999 999 999 999 999 999 999 999 999
15 96.492 81.369 3 2 0 0.63804 0 999 999 999 999 999 999 999 999 999
15 116.84 81.911 3 3 1 0.5099 0 999 999 999 999 999 999 999 999 999
15 110.02 125.34 2 2 1 1.4539 0 999 999 999 999 999 999 999 999 999
15 94.904 116.34 2 2 1 0.98999 0 999 999 999 999 999 999 999 999 999
15 91.515 136.37 2 2 1 0.55801 0 999 999 999 999 999 999 999 999 999
15 100.56 63.931 3 3 1 0.84591 0 999 999 999 999 999 999 999 999 999
15 80.444 95.854 1 2 0 0.57395 0 999 999 999 999 999 999 999 999 999
15 138.93 94.112 4 4 1 0.82995 0 999 999 999 999 999 999 999 999 999
15 103.06 86.667 3 2 0 1.326 0 999 999 999 999 999 999 999 999 999
15 96.492 81.369 3 1 0 0.79794 0 999 999 999 999 999 999 999 999 999
15 107.7 59.224 3 3 1 0.66989 0 999 999 999 999 999 999 999 999 999
15 65.574 111.55 1 1 1 0.94207 0 999 999 999 999 999 999 999 999 999
15 101.51 154.71 2 2 1 1.214 0 999 999 999 999 999 999 999 999 999
15 65.574 111.55 1 1 1 0.82994 0 999 999 999 999 999 999 999 999 999
15 126.28 91.274 4 2 0 1.4219 0 999 999 999 999 999 999 999 999 999
15 69.448 97.491 1 3 0 1.5339 0 999 999 999 999 999 999 999 999 999
15 107.7 59.224 3 3 1 0.73396 0 999 999 999 999 999 999 999 999 999
15 94.993 50.4 3 3 1 0.57389 0 999 999 999 999 999 999 999 999 999
15 116.84 81.911 3 2 0 1.15 0 999 999 999 999 999 999 999 999 999
15 103.35 93.881 3 2 0 1.1499 0 999 999 999 999 999 999 999 999 999
15 100.26 126.35 2 2 1 0.89393 0 999 999 999 999 999 999 999 999 999
15 108.87 101.2 4 2 0 0.82994 0 999 999 999 999 999 999 999 999 999
15 113.19 78.177 4 3 0 0.84588 0 999 999 999 999 999 999 999 999 999
15 91.515 136.37 2 2 1 0.74997 0 999 999 999 999 999 999 999 999 999
15 80.444 95.854 1 3 0 0.62194 0 999 999 999 999 999 999 999 999 999
15 91.515 136.37 2 2 1 0.73385 0 999 999 999 999 999 999 999 999 999
15 94.904 116.34 2 2 1 0.84592 0 999 999 999 999 999 999 999 999 999
15 94.993 50.4 3 3 1 0.86198 0 999 999 999 999 999 999 999 999 999
15 100.26 126.35 2 2 1 0.81405 0 999 999 999 999 999 999 999 999 999
15 69.448 97.491 1 1 1 0.74982 0 999 999 999 999 999 999 999 999 999
15 100.56 63.931 3 3 1 0.94188 0 999 999 999 999 999 999 999 999 999
15 101.51 154.71 2 2 1 1.054 0 999 999 999 999 999 999 999 999 999
15 113.07 122.93 2 2 1 0.94189 0 999 999 999 999 999 999 999 999 999
15 113.19 78.177 4 3 0 0.65384 0 999 999 999 999 999 999 999 999 999
15 108.87 101.2 4 4 1 1.678 0 999 999 999 999 999 999 999 999 999
15 103.35 93.881 3 4 0 0.5099 0 999 999 999 999 999 999 999 999 999
15 113.07 122.93 2 4 0 0.638 0 999 999 999 999 999 999 999 999 999
15 100.26 126.35 2 2 1 1.1498 0 999 999 999 999 999 999 999 999 999
16 149.85 90.883 4 4 1 1.3209 0 999 999 999 999 999 999 999 999 999
16 76.309 120.2 1 2 0 1.7324 0 999 999 999 999 999 999 999 999 999
16 115.03 62.936 3 3 1 0.66981 0 999 999 999 999 999 999 999 999 999
16 79.195 96.265 1 1 1 1.6299 0 999 999 999 999 999 999 999 999 999
16 143.61 104.74 4 2 0 1.1658 0 999 999 999 999 999 999 999 999 999
16 64.7 94.264 1 2 0 1.4059 0 999 999 999 999 999 999 999 999 999
16 101.55 77.578 3 2 0 0.82986 0 999 999 999 999 999 999 999 999 999
16 110.42 105.18 4 2 0 0.78195 0 999 999 999 999 999 999 999 999 999
16 77.653 101.21 1 1 1 0.94197 0 999 999 999 999 999 999 999 999 999
16 100.57 60.413 3 3 1 1.102 0 999 999 999 999 999 999 999 999 999
16 105.36 123.72 2 2 1 0.86199 0 999 999 999 999 999 999 999 999 999
16 99.04 129.49 2 2 1 0.74998 0 999 999 999 999 999 999 999 999 999
16 105.96 90.996 3 2 0 0.86192 0 999 999 999 999 999 999 999 999 999
16 99.777 119 2 2 1 0.82993 0 999 999 999 999 999 999 999 999 999
16 82.976 128.43 2 2 1 0.65398 0 999 999 999 999 999 999 999 999 999
16 99.04 129.49 2 2 1 1.054 0 999 999 999 999 999 999 999 999 999
16 82.976 128.43 2 1 0 0.95794 0 999 999 999 999 999 999 999 999 999
16 71.674 97.614 1 3 0 0.7018 0 999 999 999 999 999 999 999 999 999
16 79.195 96.265 1 2 0 1.086 0 999 999 999 999 999 999 999 999 999
16 113.65 114.79 2 2 1 1.5659 0 999 999 999 999 999 999 999 999 999
16 64.7 94.264 1 1 1 0.67 0 999 999 999 999 999 999 999 999 999
16 100.57 60.413 3 3 1 0.57401 0 999 999 999 999 999 999 999 999 999
16 100.57 60.413 3 3 1 0.86192 0 999 999 999 999 999 999 999 999 999
16 99.04 129.49 2 2 1 0.6538 0 999 999 999 999 999 999 999 999 999
16 105.96 90.996 3 2 0 0.50992 0 999 999 999 999 999 999 999 999 999
16 99.777 119 2 2 1 0.686 0 999 999 999 999 999 999 999 999 999
16 101.55 77.578 3 3 1 0.44592 0 999 999 999 999 999 999 999 999 999
16 138.16 109.73 4 4 1 0.78197 0 999 999 999 999 999 999 999 999 999
16 64.7 94.264 1 1 1 0.734 0 999 999 999 999 999 999 999 999 999
16 105.96 90.996 3 3 1 1.582 0 999 999 999 999 999 999 999 999 999
16 105.96 90.996 3 3 1 0.7659 0 999 999 999 999 999 999 999 999 999
16 79.195 96.265 1 2 0 0.97397 0 999 999 999 999 999 999 999 999 999
16 131.37 112.93 4 4 1 0.8619 0 999 999 999 999 999 999 999 999 999
16 105.96 90.996 3 4 0 1.3098 0 999 999 999 999 999 999 999 999 999
16 77.653 101.21 1 1 1 0.57395 0 999 999 999 999 999 999 999 999 999
16 64.7 94.264 1 1 1 0.71792 0 999 999 999 999 999 999 999 999 999
16 105.96 90.996 3 2 0 0.66996 0 999 999 999 999 999 999 999 999 999
16 122.05 105.71 4 2 0 0.90982 0 999 999 999 999 999 999 999 999 999
16 139.88 96.662 4 4 1 0.55793 0 999 999 999 999 999 999 999 999 999
16 71.674 97.614 1 1 1 1.1018 0 999 999 999 999 999 999 999 999 999
16 105.96 90.996 3 2 0 0.50988 0 999 999 999 999 999 999 999 999 999
16 96.006 86.356 3 3 1 0.70188 0 999 999 999 999 999 999 999 999 999
16 131.37 112.93 4 4 1 1.278 0 999 999 999 999 999 999 999 999 999
16 139.88 96.662 4 4 1 0.76583 0 999 999 999 999 999 999 999 999 999
16 96.006 86.356 3 2 0 0.87797 0 999 999 999 999 999 999 999 999 999
16 131.37 112.93 4 2 0 1.07 0 999 999 999 999 999 999 999 999 999
16 131.37 112.93 4 3 0 0.54185 0 999 999 999 999 999 999 999 999 999
16 149.85 90.883 4 4 1 0.57397 0 999 999 999 999 999 999 999 999 999
16 79.195 96.265 1 1 1 0.71792 0 999 999 999 999 999 999 999 999 999
16 96.006 86.356 3 2 0 0.62176 0 999 999 999 999 999 999 999 999 999
17 121.82 98.452 4 2 0 0.96947 0 999 999 999 999 999 999 999 999 999
17 81.331 105.03 1 1 1 0.63131 0 999 999 999 999 999 999 999 999 999
17 66.948 109.64 1 1 1 0.63789 0 999 999 999 999 999 999 999 999 999
17 109.02 87.506 4 1 0 0.73389 0 999 999 999 999 999 999 999 999 999
17 93.668 69.394 3 2 0 0.71789 0 999 999 999 999 999 999 999 999 999
17 80.323 100.38 1 1 1 2.0139 0 999 999 999 999 999 999 999 999 999
17 81.331 105.03 1 1 1 0.73388 0 999 999 999 999 999 999 999 999 999
17 81.981 137.41 2 2 1 1.6938 0 999 999 999 999 999 999 999 999 999
17 82.918 66.622 3 3 1 0.82984 0 999 999 999 999 999 999 999 999 999
17 113.03 102.71 4 2 0 0.846 0 999 999 999 999 999 999 999 999 999
17 68.218 104.29 1 1 1 0.68569 0 999 999 999 999 999 999 999 999 999
17 104.9 121.35 2 4 0 0.66992 0 999 999 999 999 999 999 999 999 999
17 126.25 107.17 4 4 1 0.51 0 999 999 999 999 999 999 999 999 999
17 74.121 100.59 1 1 1 0.67007 0 999 999 999 999 999 999 999 999 999
17 71.185 84.351 1 1 1 0.70194 0 999 999 999 999 999 999 999 999 999
17 93.811 74.53 3 1 0 0.73383 0 999 999 999 999 999 999 999 999 999
17 114.94 142.17 2 2 1 0.7019 0 999 999 999 999 999 999 999 999 999
17 113.03 102.71 4 2 0 0.71778 0 999 999 999 999 999 999 999 999 999
17 116.82 67.894 3 3 1 0.49388 0 999 999 999 999 999 999 999 999 999
17 140.38 86.606 4 4 1 1.8219 0 999 999 999 999 999 999 999 999 999
17 86.379 101.51 1 1 1 0.68587 0 999 999 999 999 999 999 999 999 999
17 82.918 66.622 3 3 1 0.9259 0 999 999 999 999 999 999 999 999 999
17 114.94 142.17 2 2 1 0.74995 0 999 999 999 999 999 999 999 999 999
17 134.9 109.65 4 4 1 0.638 0 999 999 999 999 999 999 999 999 999
17 104.9 121.35 2 2 1 1.3899 0 999 999 999 999 999 999 999 999 999
17 82.918 66.622 3 1 0 0.5419 0 999 999 999 999 999 999 999 999 999
17 125.38 93.27 4 2 0 1.166 0 999 999 999 999 999 999 999 999 999
17 99.84 88.531 3 2 0 1.0379 0 999 999 999 999 999 999 999 999 999
17 121.8 81.2 4 3 0 1.0859 0 999 999 999 999 999 999 999 999 999
17 87.493 110.73 1 1 1 1.262 0 999 999 999 999 999 999 999 999 999
17 80.323 100.38 1 1 1 0.66987 0 999 999 999 999 999 999 999 999 999
17 134.9 109.65 4 2 0 1.0699 0 999 999 999 999 999 999 999 999 999
17 113.03 102.71 4 4 1 0.62197 0 999 999 999 999 999 999 999 999 999
17 109.02 87.506 4 3 0 1.2299 0 999 999 999 999 999 999 999 999 999
17 109.02 87.506 4 2 0 1.2939 0 999 999 999 999 999 999 999 999 999
17 71.185 84.351 1 1 1 0.63789 0 999 999 999 999 999 999 999 999 999
17 80.613 69.134 3 1 0 0.63796 0 999 999 999 999 999 999 999 999 999
17 81.981 137.41 2 1 0 1.9018 0 999 999 999 999 999 999 999 999 999
17 99.84 88.531 3 2 0 0.97368 0 999 999 999 999 999 999 999 999 999
17 94.17 89.459 3 3 1 0.8618 0 999 999 999 999 999 999 999 999 999
17 99.84 88.531 3 3 1 0.89399 0 999 999 999 999 999 999 999 999 999
17 116.82 67.894 3 3 1 0.75 0 999 999 999 999 999 999 999 999 999
17 80.613 69.134 3 3 1 0.98993 0 999 999 999 999 999 999 999 999 999
17 87.493 110.73 1 3 0 0.81388 0 999 999 999 999 999 999 999 999 999
17 81.331 105.03 1 2 0 0.55792 0 999 999 999 999 999 999 999 999 999
17 80.323 100.38 1 1 1 1.2778 0 999 999 999 999 999 999 999 999 999
17 94.17 89.459 3 1 0 0.68597 0 999 999 999 999 999 999 999 999 999
17 100.19 129.19 2 2 1 0.79795 0 999 999 999 999 999 999 999 999 999
17 93.811 74.53 3 3 1 0.95784 0 999 999 999 999 999 999 999 999 999
17 100.19 129.19 2 2 1 0.68589 0 999 999 999 999 999 999 999 999 999
