1 39.473 100.5 1 2 0 1.343 0 999 999 999 999 999 999 999 999 999
1 103.35 55.992 3 1 0 1.4138 0 999 999 999 999 999 999 999 999 999
1 109.08 104.91 4 4 1 1.4058 0 999 999 999 999 999 999 999 999 999
1 88.929 107.79 2 1 0 1.0858 0 999 999 999 999 999 999 999 999 999
1 94.807 55.479 3 4 0 0.76592 0 999 999 999 999 999 999 999 999 999
1 82.785 73.017 3 3 1 3.5185 0 999 999 999 999 999 999 999 999 999
1 123.6 95.216 4 2 0 1.0379 0 999 999 999 999 999 999 999 999 999
1 102.15 102.71 4 4 1 1.6779 0 999 999 999 999 999 999 999 999 999
1 74.12 110.56 1 1 1 1.2938 0 999 999 999 999 999 999 999 999 999
1 102.79 122.93 2 4 0 0.98992 0 999 999 999 999 999 999 999 999 999
1 129.02 80.77 4 2 0 0.90983 0 999 999 999 999 999 999 999 999 999
1 101.69 78.633 3 4 0 1.0219 0 999 999 999 999 999 999 999 999 999
1 71.871 103.39 1 1 1 0.76598 0 999 999 999 999 999 999 999 999 999
1 102.79 122.93 2 4 0 1.3098 0 999 999 999 999 999 999 999 999 999
1 71.365 73.353 1 3 0 1.0539 0 999 999 999 999 999 999 999 999 999
1 124.5 105.09 4 2 0 0.90982 0 999 999 999 999 999 999 999 999 999
1 101.91 70.548 3 4 0 1.1019 0 999 999 999 999 999 999 999 999 999
1 64.441 103.26 1 1 1 1.006 0 999 999 999 999 999 999 999 999 999
1 88.994 74.954 3 4 0 1.1818 0 999 999 999 999 999 999 999 999 999
1 101.91 70.548 3 4 0 0.90987 0 999 999 999 999 999 999 999 999 999
1 103.49 126.84 2 3 0 0.76592 0 999 999 999 999 999 999 999 999 999
1 103.49 126.84 2 2 1 0.622 0 999 999 999 999 999 999 999 999 999
1 68.218 96.275 1 1 1 0.78197 0 999 999 999 999 999 999 999 999 999
1 133.64 94.212 4 3 0 1.4379 0 999 999 999 999 999 999 999 999 999
1 110.47 91.335 3 4 0 0.65389 0 999 999 999 999 999 999 999 999 999
1 129.02 80.77 4 1 0 1.4219 0 999 999 999 999 999 999 999 999 999
1 101.69 78.633 3 1 0 1.1659 0 999 999 999 999 999 999 999 999 999
1 102.15 102.71 4 4 1 0.94189 0 999 999 999 999 999 999 999 999 999
1 103.35 55.992 3 4 0 0.76601 0 999 999 999 999 999 999 999 999 999
1 133.64 94.212 4 3 0 0.92595 0 999 999 999 999 999 999 999 999 999
1 110.47 91.335 3 4 0 1.9019 0 999 999 999 999 999 999 999 999 999
1 68.218 96.275 1 1 1 1.6459 0 999 999 999 999 999 999 999 999 999
1 103.49 126.84 2 3 0 0.89391 0 999 999 999 999 999 999 999 999 999
1 39.473 100.5 1 1 1 0.91002 0 999 999 999 999 999 999 999 999 999
1 71.365 73.353 1 1 1 0.68597 0 999 999 999 999 999 999 999 999 999
1 101.69 78.633 3 4 0 1.0061 0 999 999 999 999 999 999 999 999 999
1 100.12 135.47 2 1 0 2.3501 0 999 999 999 999 999 999 999 999 999
1 74.12 110.56 1 1 1 0.4458 0 999 999 999 999 999 999 999 999 999
1 104.98 128.23 2 3 0 0.68592 0 999 999 999 999 999 999 999 999 999
1 101.91 70.548 3 2 0 0.62189 0 999 999 999 999 999 999 999 999 999
1 100.12 135.47 2 2 1 0.89383 0 999 999 999 999 999 999 999 999 999
1 75.503 102.4 1 1 1 1.47 0 999 999 999 999 999 999 999 999 999
1 88.994 74.954 3 1 0 0.86192 0 999 999 999 999 999 999 999 999 999
1 71.871 103.39 1 1 1 0.90991 0 999 999 999 999 999 999 999 999 999
1 124.5 105.09 4 2 0 1.438 0 999 999 999 999 999 999 999 999 999
1 39.473 100.5 1 1 1 0.62158 0 999 999 999 999 999 999 999 999 999
1 102.79 122.93 2 3 0 2.7178 0 999 999 999 999 999 999 999 999 999
1 75.503 102.4 1 1 1 16.526 0 999 999 999 999 999 999 999 999 999
1 103.35 55.992 3 4 0 1.6619 0 999 999 999 999 999 999 999 999 999
1 104.98 128.23 2 3 0 0.60591 0 999 999 999 999 999 999 999 999 999
2 91.562 67.776 3 3 1 2.2005 0 999 999 999 999 999 999 999 999 999
2 68.92 86.468 1 1 1 0.56633 0 999 999 999 999 999 999 999 999 999
2 71.812 107.74 1 1 1 0.66987 0 999 999 999 999 999 999 999 999 999
2 95.772 71.083 3 3 1 0.81372 0 999 999 999 999 999 999 999 999 999
2 136.55 109.2 4 2 0 2.158 0 999 999 999 999 999 999 999 999 999
2 70.723 102.75 1 1 1 0.58988 0 999 999 999 999 999 999 999 999 999
2 99.281 116.42 2 3 0 0.76591 0 999 999 999 999 999 999 999 999 999
2 103.78 146.08 2 3 0 1.0219 0 999 999 999 999 999 999 999 999 999
2 136.37 81.2 4 4 1 0.90993 0 999 999 999 999 999 999 999 999 999
2 136.55 109.2 4 4 1 0.90983 0 999 999 999 999 999 999 999 999 999
2 95.969 72.852 3 3 1 1.0219 0 999 999 999 999 999 999 999 999 999
2 62.668 86.568 1 1 1 0.60598 0 999 999 999 999 999 999 999 999 999
2 109.25 122.35 2 2 1 1.4859 0 999 999 999 999 999 999 999 999 999
2 79.562 63.608 3 2 0 1.6461 0 999 999 999 999 999 999 999 999 999
2 94.301 75.35 3 2 0 1.2459 0 999 999 999 999 999 999 999 999 999
2 79.562 63.608 3 1 0 1.182 0 999 999 999 999 999 999 999 999 999
2 95.969 72.852 3 3 1 0.66995 0 999 999 999 999 999 999 999 999 999
2 99.874 118.62 2 3 0 0.97382 0 999 999 999 999 999 999 999 999 999
2 83.511 134.52 2 3 0 1.0539 0 999 999 999 999 999 999 999 999 999
2 68.797 107.37 1 1 1 0.87803 0 999 999 999 999 999 999 999 999 999
2 136.64 99.856 4 4 1 1.2941 0 999 999 999 999 999 999 999 999 999
2 68.797 107.37 1 1 1 1.006 0 999 999 999 999 999 999 999 999 999
2 91.562 67.776 3 3 1 0.9419 0 999 999 999 999 999 999 999 999 999
2 70.98 95.527 1 2 0 1.4701 0 999 999 999 999 999 999 999 999 999
2 79.562 63.608 3 1 0 2.046 0 999 999 999 999 999 999 999 999 999
2 103.78 146.08 2 3 0 0.76589 0 999 999 999 999 999 999 999 999 999
2 136.55 109.2 4 4 1 1.198 0 999 999 999 999 999 999 999 999 999
2 109.25 122.35 2 3 0 1.23 0 999 999 999 999 999 999 999 999 999
2 129.41 83.819 4 3 0 0.84594 0 999 999 999 999 999 999 999 999 999
2 136.64 99.856 4 4 1 1.0061 0 999 999 999 999 999 999 999 999 999
2 91.562 67.776 3 3 1 2.0618 0 999 999 999 999 999 999 999 999 999
2 93.355 99.62 1 3 0 1.0379 0 999 999 999 999 999 999 999 999 999
2 103.82 113.04 2 2 1 0.60587 0 999 999 999 999 999 999 999 999 999
2 62.668 86.568 1 1 1 0.90991 0 999 999 999 999 999 999 999 999 999
2 129.41 83.819 4 4 1 1.0059 0 999 999 999 999 999 999 999 999 999
2 68.797 107.37 1 2 0 1.0059 0 999 999 999 999 999 999 999 999 999
2 136.64 99.856 4 4 1 1.6619 0 999 999 999 999 999 999 999 999 999
2 129.41 83.819 4 4 1 0.58987 0 999 999 999 999 999 999 999 999 999
2 133.32 98.678 4 4 1 0.52587 0 999 999 999 999 999 999 999 999 999
2 68.92 86.468 1 1 1 1.3577 0 999 999 999 999 999 999 999 999 999
2 136.55 109.2 4 4 1 0.89385 0 999 999 999 999 999 999 999 999 999
2 83.511 134.52 2 2 1 2.3501 0 999 999 999 999 999 999 999 999 999
2 133.32 98.678 4 4 1 1.646 0 999 999 999 999 999 999 999 999 999
2 94.301 75.35 3 3 1 2.6218 0 999 999 999 999 999 999 999 999 999
2 136.55 109.2 4 4 1 1.086 0 999 999 999 999 999 999 999 999 999
2 83.511 134.52 2 3 0 1.022 0 999 999 999 999 999 999 999 999 999
2 70.98 95.527 1 2 0 0.58995 0 999 999 999 999 999 999 999 999 999
2 103.82 113.04 2 3 0 0.87787 0 999 999 999 999 999 999 999 999 999
2 136.64 99.856 4 4 1 0.62201 0 999 999 999 999 999 999 999 999 999
2 136.55 109.2 4 4 1 0.59001 0 999 999 999 999 999 999 999 999 999
3 89.375 65.252 3 3 1 2.7445 0 999 999 999 999 999 999 999 999 999
3 96.13 82.169 3 3 1 0.80475 0 999 999 999 999 999 999 999 999 999
3 114.9 82.461 4 4 1 1.006 0 999 999 999 999 999 999 999 999 999
3 112.1 107.64 4 2 0 1.2299 0 999 999 999 999 999 999 999 999 999
3 94.916 135.74 2 2 1 0.87798 0 999 999 999 999 999 999 999 999 999
3 120.98 108.19 4 4 1 20.142 0 999 999 999 999 999 999 999 999 999
3 88.565 78.352 1 3 0 2.2858 0 999 999 999 999 999 999 999 999 999
3 78.227 113.49 1 2 0 0.94195 0 999 999 999 999 999 999 999 999 999
3 127.27 91.561 4 4 1 0.71788 0 999 999 999 999 999 999 999 999 999
3 79.951 146.43 2 2 1 2.334 0 999 999 999 999 999 999 999 999 999
3 80.169 105.17 1 3 0 1.7098 0 999 999 999 999 999 999 999 999 999
3 96.553 64.028 3 2 0 1.3421 0 999 999 999 999 999 999 999 999 999
3 99.578 129.03 2 2 1 1.4699 0 999 999 999 999 999 999 999 999 999
3 96.639 67.354 3 3 1 1.614 0 999 999 999 999 999 999 999 999 999
3 90.921 70.961 3 3 1 0.9899 0 999 999 999 999 999 999 999 999 999
3 138.91 79.395 4 4 1 0.81402 0 999 999 999 999 999 999 999 999 999
3 113.07 108.78 2 4 0 2.5579 0 999 999 999 999 999 999 999 999 999
3 94.577 82.638 3 3 1 2.4135 0 999 999 999 999 999 999 999 999 999
3 136.7 121.04 4 4 1 1.054 0 999 999 999 999 999 999 999 999 999
3 82.093 101.95 1 3 0 2.5099 0 999 999 999 999 999 999 999 999 999
3 89.375 65.252 3 3 1 1.0059 0 999 999 999 999 999 999 999 999 999
3 88.565 78.352 1 3 0 0.87787 0 999 999 999 999 999 999 999 999 999
3 64.865 97.217 1 1 1 1.054 0 999 999 999 999 999 999 999 999 999
3 103.03 130.86 2 2 1 1.134 0 999 999 999 999 999 999 999 999 999
3 88.565 78.352 1 3 0 0.90977 0 999 999 999 999 999 999 999 999 999
3 95.81 68.199 3 3 1 1.15 0 999 999 999 999 999 999 999 999 999
3 82.093 101.95 1 3 0 2.9099 0 999 999 999 999 999 999 999 999 999
3 99.578 129.03 2 2 1 0.81398 0 999 999 999 999 999 999 999 999 999
3 103.03 130.86 2 2 1 0.89406 0 999 999 999 999 999 999 999 999 999
3 97.072 124.15 2 2 1 0.73397 0 999 999 999 999 999 999 999 999 999
3 80.169 105.17 1 3 0 1.0699 0 999 999 999 999 999 999 999 999 999
3 95.81 68.199 3 2 0 1.5659 0 999 999 999 999 999 999 999 999 999
3 113.07 108.78 2 2 1 0.94189 0 999 999 999 999 999 999 999 999 999
3 97.072 124.15 2 2 1 0.52579 0 999 999 999 999 999 999 999 999 999
3 79.951 146.43 2 2 1 0.63789 0 999 999 999 999 999 999 999 999 999
3 136.7 121.04 4 4 1 0.9579 0 999 999 999 999 999 999 999 999 999
3 56.413 101.04 1 1 1 3.1339 0 999 999 999 999 999 999 999 999 999
3 94.577 82.638 3 3 1 2.4619 0 999 999 999 999 999 999 999 999 999
3 64.865 97.217 1 3 0 0.63807 0 999 999 999 999 999 999 999 999 999
3 103.03 130.86 2 2 1 1.198 0 999 999 999 999 999 999 999 999 999
3 82.093 101.95 1 3 0 1.7739 0 999 999 999 999 999 999 999 999 999
3 96.553 64.028 3 3 1 0.8618 0 999 999 999 999 999 999 999 999 999
3 103.03 130.86 2 2 1 0.62192 0 999 999 999 999 999 999 999 999 999
3 127.27 91.561 4 2 0 0.958 0 999 999 999 999 999 999 999 999 999
3 82.093 101.95 1 2 0 0.9899 0 999 999 999 999 999 999 999 999 999
3 103.03 130.86 2 2 1 0.86196 0 999 999 999 999 999 999 999 999 999
3 120.98 108.19 4 4 1 1.614 0 999 999 999 999 999 999 999 999 999
3 78.227 113.49 1 2 0 1.5979 0 999 999 999 999 999 999 999 999 999
3 96.13 82.169 3 2 0 1.502 0 999 999 999 999 999 999 999 999 999
3 95.81 68.199 3 3 1 1.038 0 999 999 999 999 999 999 999 999 999
4 138.16 104.74 4 4 1 3.7686 0 999 999 999 999 999 999 999 999 999
4 98.872 67.523 3 2 0 0.94977 0 999 999 999 999 999 999 999 999 999
4 86.84 70.835 3 3 1 0.63787 0 999 999 999 999 999 999 999 999 999
4 76.401 100.47 1 2 0 1.582 0 999 999 999 999 999 999 999 999 999
4 69.085 114.45 1 2 0 0.63801 0 999 999 999 999 999 999 999 999 999
4 106.8 69.579 3 2 0 0.73395 0 999 999 999 999 999 999 999 999 999
4 108.88 132.46 2 2 1 0.82988 0 999 999 999 999 999 999 999 999 999
4 69.085 114.45 1 1 1 2.238 0 999 999 999 999 999 999 999 999 999
4 90.995 67.976 3 2 0 6.1098 0 999 999 999 999 999 999 999 999 999
4 115.03 84.464 3 4 0 1.4219 0 999 999 999 999 999 999 999 999 999
4 103.57 137.95 2 2 1 1.8219 0 999 999 999 999 999 999 999 999 999
4 90.995 67.976 3 3 1 1.838 0 999 999 999 999 999 999 999 999 999
4 54.54 80.21 1 1 1 1.374 0 999 999 999 999 999 999 999 999 999
4 96.222 121.92 2 2 1 1.4699 0 999 999 999 999 999 999 999 999 999
4 65.882 119.72 1 1 1 1.4379 0 999 999 999 999 999 999 999 999 999
4 138.1 109.16 4 4 1 0.97396 0 999 999 999 999 999 999 999 999 999
4 116.47 131.47 4 2 0 1.102 0 999 999 999 999 999 999 999 999 999
4 90.995 67.976 3 2 0 1.7259 0 999 999 999 999 999 999 999 999 999
4 68.49 96.213 1 1 1 0.95799 0 999 999 999 999 999 999 999 999 999
4 106.31 78.382 3 2 0 1.2139 0 999 999 999 999 999 999 999 999 999
4 137.43 107.43 4 4 1 1.0219 0 999 999 999 999 999 999 999 999 999
4 113.3 77.578 3 2 0 1.4218 0 999 999 999 999 999 999 999 999 999
4 143.61 94.302 4 4 1 0.84603 0 999 999 999 999 999 999 999 999 999
4 90.995 67.976 3 3 1 1.3738 0 999 999 999 999 999 999 999 999 999
4 143.61 94.302 4 4 1 2.3659 0 999 999 999 999 999 999 999 999 999
4 143.61 94.302 4 2 0 1.0698 0 999 999 999 999 999 999 999 999 999
4 51.438 104.28 1 1 1 0.73402 0 999 999 999 999 999 999 999 999 999
4 51.438 104.28 1 1 1 0.79793 0 999 999 999 999 999 999 999 999 999
4 95.039 81.103 3 2 0 3.8859 0 999 999 999 999 999 999 999 999 999
4 106.8 69.579 3 3 1 0.58986 0 999 999 999 999 999 999 999 999 999
4 56.58 87.101 1 1 1 0.79782 0 999 999 999 999 999 999 999 999 999
4 113.3 77.578 3 3 1 1.9499 0 999 999 999 999 999 999 999 999 999
4 98.872 67.523 3 3 1 0.84581 0 999 999 999 999 999 999 999 999 999
4 137.43 107.43 4 4 1 0.91005 0 999 999 999 999 999 999 999 999 999
4 115.03 84.464 3 3 1 0.8938 0 999 999 999 999 999 999 999 999 999
4 96.455 123.83 2 2 1 1.0382 0 999 999 999 999 999 999 999 999 999
4 93.937 71.129 3 3 1 0.71799 0 999 999 999 999 999 999 999 999 999
4 138.1 109.16 4 4 1 0.78195 0 999 999 999 999 999 999 999 999 999
4 116.47 131.47 4 2 0 3.2778 0 999 999 999 999 999 999 999 999 999
4 92.722 120.02 2 3 0 0.73388 0 999 999 999 999 999 999 999 999 999
4 68.49 96.213 1 1 1 0.8139 0 999 999 999 999 999 999 999 999 999
4 92.722 120.02 2 2 1 1.8378 0 999 999 999 999 999 999 999 999 999
4 116.47 131.47 4 2 0 1.5499 0 999 999 999 999 999 999 999 999 999
4 92.722 120.02 2 2 1 0.89391 0 999 999 999 999 999 999 999 999 999
4 93.937 71.129 3 3 1 0.98997 0 999 999 999 999 999 999 999 999 999
4 95.039 81.103 3 3 1 0.782 0 999 999 999 999 999 999 999 999 999
4 100.19 128.19 2 2 1 3.006 0 999 999 999 999 999 999 999 999 999
4 100.19 128.19 2 2 1 0.97389 0 999 999 999 999 999 999 999 999 999
4 51.438 104.28 1 1 1 0.57397 0 999 999 999 999 999 999 999 999 999
4 115.03 84.464 3 3 1 1.2299 0 999 999 999 999 999 999 999 999 999
5 90.591 102.76 1 3 0 3.0628 0 999 999 999 999 999 999 999 999 999
5 74.279 108.53 1 2 0 0.53519 0 999 999 999 999 999 999 999 999 999
5 105.35 60.697 3 3 1 1.31 0 999 999 999 999 999 999 999 999 999
5 142.53 100.42 4 4 1 1.47 0 999 999 999 999 999 999 999 999 999
5 105.84 68.211 3 2 0 1.086 0 999 999 999 999 999 999 999 999 999
5 116.98 113.5 4 2 0 1.0539 0 999 999 999 999 999 999 999 999 999
5 102.66 141.27 2 2 1 2.75 0 999 999 999 999 999 999 999 999 999
5 75.862 97.29 1 3 0 0.70179 0 999 999 999 999 999 999 999 999 999
5 90.49 102.65 1 2 0 1.118 0 999 999 999 999 999 999 999 999 999
5 120.26 94.534 4 3 0 1.0697 0 999 999 999 999 999 999 999 999 999
5 134.65 83.272 4 4 1 0.71785 0 999 999 999 999 999 999 999 999 999
5 105.05 55.048 3 3 1 1.0539 0 999 999 999 999 999 999 999 999 999
5 69.854 97.652 1 1 1 0.94194 0 999 999 999 999 999 999 999 999 999
5 122.27 105.74 4 2 0 1.662 0 999 999 999 999 999 999 999 999 999
5 95.479 48.611 3 3 1 1.646 0 999 999 999 999 999 999 999 999 999
5 154.99 95.12 4 4 1 1.3579 0 999 999 999 999 999 999 999 999 999
5 125.82 102.89 4 4 1 1.8059 0 999 999 999 999 999 999 999 999 999
5 100.73 124.71 2 2 1 1.5019 0 999 999 999 999 999 999 999 999 999
5 113.1 119.29 2 2 1 1.2139 0 999 999 999 999 999 999 999 999 999
5 113.65 125.3 2 2 1 1.39 0 999 999 999 999 999 999 999 999 999
5 85.629 128.34 2 2 1 1.6779 0 999 999 999 999 999 999 999 999 999
5 74.279 108.53 1 3 0 18.926 0 999 999 999 999 999 999 999 999 999
5 84.963 121.59 2 2 1 1.7258 0 999 999 999 999 999 999 999 999 999
5 95.479 48.611 3 3 1 0.8779 0 999 999 999 999 999 999 999 999 999
5 85.629 128.34 2 2 1 0.78204 0 999 999 999 999 999 999 999 999 999
5 85.629 128.34 2 2 1 1.4378 0 999 999 999 999 999 999 999 999 999
5 69.854 97.652 1 3 0 2.1899 0 999 999 999 999 999 999 999 999 999
5 79.896 75.402 3 3 1 1.5179 0 999 999 999 999 999 999 999 999 999
5 113.65 125.3 2 4 0 1.4859 0 999 999 999 999 999 999 999 999 999
5 85.629 128.34 2 2 1 1.9818 0 999 999 999 999 999 999 999 999 999
5 98.031 76.65 3 3 1 1.1818 0 999 999 999 999 999 999 999 999 999
5 58.261 111.55 1 1 1 1.006 0 999 999 999 999 999 999 999 999 999
5 79.896 75.402 3 3 1 1.6619 0 999 999 999 999 999 999 999 999 999
5 71.674 110.52 1 2 0 1.214 0 999 999 999 999 999 999 999 999 999
5 105.05 55.048 3 3 1 1.4539 0 999 999 999 999 999 999 999 999 999
5 90.49 102.65 1 2 0 0.89403 0 999 999 999 999 999 999 999 999 999
5 58.261 111.55 1 1 1 0.79788 0 999 999 999 999 999 999 999 999 999
5 90.49 102.65 1 2 0 1.406 0 999 999 999 999 999 999 999 999 999
5 58.261 111.55 1 1 1 1.006 0 999 999 999 999 999 999 999 999 999
5 102.66 141.27 2 2 1 2.4459 0 999 999 999 999 999 999 999 999 999
5 79.896 75.402 3 3 1 3.1818 0 999 999 999 999 999 999 999 999 999
5 134.65 83.272 4 4 1 1.086 0 999 999 999 999 999 999 999 999 999
5 105.84 68.211 3 3 1 1.3419 0 999 999 999 999 999 999 999 999 999
5 95.479 48.611 3 3 1 0.86195 0 999 999 999 999 999 999 999 999 999
5 154.99 95.12 4 4 1 0.68596 0 999 999 999 999 999 999 999 999 999
5 98.031 76.65 3 3 1 2.0939 0 999 999 999 999 999 999 999 999 999
5 113.1 119.29 2 2 1 0.90994 0 999 999 999 999 999 999 999 999 999
5 105.35 60.697 3 3 1 1.0379 0 999 999 999 999 999 999 999 999 999
5 79.896 75.402 3 3 1 2.7019 0 999 999 999 999 999 999 999 999 999
5 116.98 113.5 4 2 0 1.054 0 999 999 999 999 999 999 999 999 999
6 149.08 105.71 4 4 1 3.9965 0 7 4 1 2 0 0 1 0 3.9965
6 107.58 116.58 2 2 1 1.6959 0 5 8 2 1 1 0 0 1 1.6959
6 98.909 133.37 2 2 1 2.336 0 6 5 1 2 1 1 1 1 2.336
6 128.97 96.385 4 4 1 1.888 0 5 9 1 2 0 1 1 1 1.888
6 68.081 108.55 1 1 1 1.7119 0 5 7 1 2 1 1 1 1 1.7119
6 88.909 64.704 3 3 1 2.832 0 2 8 2 1 1 0 0 1 2.832
6 70.559 96.766 1 2 0 1.9039 0 4 9 2 1 1 0 0 1 1.9039
6 77.056 92.389 1 3 0 1.3121 0 9 2 2 1 0 0 0 1 1.3121
6 71.147 102.61 1 1 1 1.216 0 3 6 2 1 1 0 0 1 1.216
6 133.52 107.17 4 4 1 1.7441 0 9 3 1 2 1 1 1 1 1.7441
6 98.277 130.76 2 2 1 1.36 0 5 8 1 2 1 1 1 1 1.36
6 91.631 133.76 2 2 1 0.8959 0 8 2 1 2 0 0 0 1 0.8959
6 123.62 151.82 2 4 0 1.904 0 7 3 1 2 1 1 1 1 1.904
6 133.52 107.17 4 4 1 1.648 0 6 3 1 2 1 1 1 1 1.648
6 133.52 107.17 4 4 1 1.1839 0 5 7 2 1 0 1 1 1 1.1839
6 113.92 137.63 2 2 1 1.1039 0 6 3 1 2 1 1 1 1 1.1039
6 73.932 109.64 1 3 0 1.1201 0 9 3 1 2 1 1 1 1 1.1201
6 123.62 151.82 2 4 0 2.1279 0 2 9 2 1 1 0 0 1 2.1279
6 122.33 115.45 4 3 0 2.1279 0 6 2 1 2 0 0 0 1 2.1279
6 101.77 72.019 3 3 1 1.3919 0 3 6 2 1 0 1 1 1 1.3919
6 149.08 105.71 4 4 1 0.86398 0 7 3 1 2 0 0 0 1 0.86398
6 149.08 105.71 4 4 1 0.81588 0 2 8 2 1 0 1 1 1 0.81588
6 103.8 150 2 3 0 1.5841 0 5 8 2 1 0 1 1 1 1.5841
6 110.61 132.18 2 2 1 1.2001 0 6 2 2 1 0 0 0 1 1.2001
6 73.932 109.64 1 3 0 1.1521 0 9 5 1 2 0 0 0 1 1.1521
6 108.76 59.036 3 3 1 1.0081 0 9 2 1 2 0 0 0 1 1.0081
6 94.17 74.325 3 3 1 1.3919 0 3 9 2 1 0 1 1 1 1.3919
6 94.481 121.61 2 2 1 1.2479 0 9 3 1 2 1 1 1 1 1.2479
6 88.909 64.704 3 3 1 1.1201 0 5 9 2 1 0 1 1 1 1.1201
6 70.559 96.766 1 1 1 1.232 0 7 5 1 2 1 1 1 1 1.232
6 107.85 73.775 3 3 1 0.91203 0 3 9 2 1 0 1 1 1 0.91203
6 118.59 124.77 2 2 1 1.1679 0 5 8 2 1 1 0 0 1 1.1679
6 122.33 115.45 4 2 0 2.144 0 6 3 1 2 1 1 1 1 2.144
6 108.76 59.036 3 3 1 0.96003 0 3 7 2 1 0 1 1 1 0.96003
6 94.17 74.325 3 3 1 1.3119 0 8 4 1 2 0 0 0 1 1.3119
6 101.47 117.65 2 2 1 1.376 0 9 3 1 2 0 0 0 1 1.376
6 101.47 117.65 2 2 1 1.184 0 8 4 1 2 0 0 0 1 1.184
6 101.47 117.65 2 2 1 0.94409 0 5 7 2 1 1 0 0 1 0.94409
6 98.277 130.76 2 2 1 0.71993 0 6 2 1 2 1 1 1 1 0.71993
6 71.102 101.51 1 1 1 0.95997 0 8 4 1 2 1 1 1 1 0.95997
6 123.32 73.765 3 4 0 1.9999 0 3 6 2 1 1 0 0 1 1.9999
6 71.147 102.61 1 1 1 0.81606 0 5 7 2 1 1 0 0 1 0.81606
6 122.33 115.45 4 2 0 0.94403 0 4 6 2 1 0 1 1 1 0.94403
6 71.102 101.51 1 1 1 0.78394 0 7 3 1 2 1 1 1 1 0.78394
6 71.102 101.51 1 3 0 1.264 0 3 7 2 1 0 1 1 1 1.264
6 103.8 150 2 2 1 0.92794 0 4 8 2 1 0 1 1 1 0.92794
6 98.277 130.76 2 2 1 0.68786 0 7 4 2 1 0 0 0 1 0.68786
6 71.147 102.61 1 1 1 0.81599 0 7 5 2 1 1 0 0 1 0.81599
6 71.147 102.61 1 1 1 1.44 0 2 7 2 1 1 0 0 1 1.44
6 107.85 73.775 3 3 1 0.84795 0 2 7 1 2 0 1 1 1 0.84795
7 127.38 110.12 4 4 1 1.0539 1 3 9 2 1 0 1 1 1 1.0539
7 87.138 136.11 2 2 1 2.048 1 4 9 2 1 1 0 0 1 2.048
7 97.391 118.01 2 2 1 1.6161 1 3 8 2 1 1 0 0 1 1.6161
7 71.068 70.699 1 1 1 1.76 1 5 6 2 1 0 1 1 1 1.76
7 93.416 98.665 1 2 0 0.84804 1 5 9 2 1 1 0 0 1 0.84804
7 94.348 83.32 3 3 1 1.0079 1 2 7 2 1 0 1 1 1 1.0079
7 104.76 60.284 3 3 1 1.0399 1 5 7 2 1 0 1 1 1 1.0399
7 118.45 98.963 4 2 0 1.6961 1 2 7 2 1 1 0 0 1 1.6961
7 108.93 101.77 4 2 0 2.2561 1 7 3 1 2 0 0 0 1 2.2561
7 119.71 106.39 4 2 0 1.2 1 9 5 1 2 1 1 1 1 1.2
7 63.81 97.491 1 1 1 1.1362 1 6 4 1 2 1 1 1 1 1.1362
7 102.03 64.416 3 3 1 1.552 1 8 5 1 2 0 0 0 1 1.552
7 119.71 106.39 4 2 0 1.344 1 7 4 1 2 0 0 0 1 1.344
7 119.71 106.39 4 2 0 1.5674 0 2 8 1 2 1 1 0 0 1.5674
7 112.26 71.214 3 3 1 0.99201 1 8 2 1 2 0 0 0 1 0.99201
7 101.9 80.825 3 3 1 1.664 0 5 7 2 1 1 0 0 1 1.664
7 104.76 60.284 3 3 1 0.84813 0 8 3 1 2 1 1 1 1 0.84813
7 104.76 60.284 3 3 1 1.5359 1 2 6 2 1 1 0 0 1 1.5359
7 99.229 147.21 2 2 1 0.97603 1 5 8 2 1 0 1 1 1 0.97603
7 93.416 98.665 1 2 0 1.168 0 4 6 1 2 1 1 1 1 1.168
7 97.37 66.144 3 3 1 1.12 1 7 5 1 2 0 0 0 1 1.12
7 88.839 129.72 2 2 1 1.936 1 2 9 2 1 0 1 1 1 1.936
7 101.17 132.06 2 2 1 1.552 1 3 6 2 1 1 0 0 1 1.552
7 76.811 101.59 1 3 0 1.7279 1 5 6 2 1 1 0 1 0 1.7279
7 143.86 121.82 4 4 1 3.0878 1 8 3 1 2 0 0 0 1 3.0878
7 103.29 50.881 3 3 1 1.2001 1 8 3 1 2 0 0 0 1 1.2001
7 131.28 110.77 4 4 1 1.2319 1 7 5 2 1 1 0 1 0 1.2319
7 101.9 80.825 3 3 1 1.0399 1 3 6 2 1 0 1 1 1 1.0399
7 76.811 101.59 1 1 1 1.328 1 9 4 1 2 0 0 0 1 1.328
7 131.28 110.77 4 4 1 0.70399 0 2 9 1 2 0 1 1 1 0.70399
7 71.068 70.699 1 1 1 1.1519 1 4 7 2 1 1 0 0 1 1.1519
7 100.57 50.4 3 3 1 1.8561 1 8 5 1 2 0 0 0 1 1.8561
7 143.86 121.82 4 2 0 1.3918 1 9 4 1 2 1 1 1 1 1.3918
7 118.45 98.963 4 3 0 1.2801 1 4 7 2 1 1 0 0 1 1.2801
7 108.93 101.77 4 3 0 1.9199 1 8 4 1 2 0 0 0 1 1.9199
7 102.03 64.416 3 3 1 1.5039 1 6 5 1 2 1 1 1 1 1.5039
7 63.81 97.491 1 1 1 1.36 0 8 2 1 2 1 1 1 1 1.36
7 103.61 68.71 3 3 1 0.97589 1 5 8 2 1 1 0 0 1 0.97589
7 99.532 116.34 2 2 1 0.67182 0 4 7 2 1 1 0 0 1 0.67182
7 103.61 68.71 3 3 1 0.72007 0 2 6 2 1 1 0 0 1 0.72007
7 112.26 71.214 3 2 0 1.1679 0 8 4 1 2 1 1 1 1 1.1679
7 100.57 50.4 3 3 1 0.9117 1 8 5 2 1 0 0 0 1 0.9117
7 79.587 93.522 1 1 1 0.9759 0 6 4 2 1 0 0 0 1 0.9759
7 143.86 121.82 4 4 1 0.67198 1 6 4 1 2 1 1 1 1 0.67198
7 127.38 110.12 4 2 0 0.97596 0 8 4 2 1 0 0 0 1 0.97596
7 99.532 116.34 2 2 1 0.65601 0 9 3 2 1 0 0 0 1 0.65601
7 119.71 106.39 4 2 0 0.67196 1 9 3 1 2 1 1 1 1 0.67196
7 79.587 93.522 1 1 1 0.81612 1 5 6 2 1 0 1 1 1 0.81612
7 88.839 129.72 2 2 1 0.91209 1 4 9 2 1 0 1 1 1 0.91209
7 102.03 64.416 3 3 1 1.6641 1 7 3 1 2 0 0 0 1 1.6641
8 75.227 99.619 1 1 1 1.8238 1 5 9 2 1 1 0 0 1 1.8238
8 90.777 85.011 3 2 0 0.94399 1 4 7 2 1 1 0 0 1 0.94399
8 73.17 105.03 1 1 1 0.89587 1 9 5 1 2 0 0 0 1 0.89587
8 113.73 94.356 4 3 0 0.86405 1 8 2 1 2 1 1 1 1 0.86405
8 139.65 97.095 4 4 1 0.97601 0 3 8 1 2 1 1 1 1 0.97601
8 121.21 97.778 4 2 0 0.992 1 3 8 2 1 0 1 1 1 0.992
8 86.696 51.709 3 3 1 1.1522 1 5 6 2 1 1 0 0 1 1.1522
8 90.777 85.011 3 3 1 0.83199 1 6 4 1 2 1 1 1 1 0.83199
8 57.944 119.52 1 1 1 1.6638 1 8 5 2 1 0 0 0 1 1.6638
8 127.55 110.07 4 4 1 0.76797 1 3 8 2 1 1 0 0 1 0.76797
8 109.3 94.643 4 3 0 1.2158 0 7 2 1 2 1 1 1 1 1.2158
8 100.45 60.413 3 3 1 0.92799 0 2 9 2 1 1 0 0 1 0.92799
8 90.777 85.011 3 2 0 2.2398 1 6 4 1 2 1 1 1 1 2.2398
8 69.965 88.377 1 1 1 1.1039 1 4 8 2 1 0 1 1 1 1.1039
8 129.33 108.38 4 2 0 0.76794 1 3 6 2 1 0 1 1 1 0.76794
8 90.777 85.011 3 3 1 0.75208 0 3 7 2 1 0 1 1 1 0.75208
8 68.809 98.073 1 1 1 0.99194 1 6 5 2 1 0 0 0 1 0.99194
8 57.944 119.52 1 1 1 1.8879 1 4 9 2 1 1 0 0 1 1.8879
8 139.65 97.095 4 4 1 0.73591 1 7 5 1 2 1 1 1 1 0.73591
8 101.3 141.1 2 2 1 1.5679 1 6 5 1 2 1 1 1 1 1.5679
8 90.777 85.011 3 3 1 1.584 1 4 9 2 1 0 1 1 1 1.584
8 100.29 90.996 3 2 0 0.92792 1 3 7 1 2 0 1 1 1 0.92792
8 109.3 94.643 4 3 0 1.408 1 6 4 1 2 1 1 0 0 1.408
8 93.03 134.84 2 2 1 0.68794 1 4 9 1 2 0 1 1 1 0.68794
8 63.64 94.566 1 1 1 1.0079 1 5 7 2 1 1 0 1 0 1.0079
8 93.03 134.84 2 4 0 0.75191 1 9 4 1 2 0 0 1 0 0.75191
8 68.809 98.073 1 2 0 1.1039 1 9 3 1 2 1 1 1 1 1.1039
8 139.65 97.095 4 4 1 0.97591 1 9 3 1 2 0 0 0 1 0.97591
8 57.944 119.52 1 1 1 1.0719 1 9 4 1 2 0 0 0 1 1.0719
8 136.74 117.5 4 2 0 1.2959 0 3 8 2 1 0 1 0 0 1.2959
8 106.96 129.79 2 3 0 0.6721 0 5 7 2 1 0 1 1 1 0.6721
8 121.21 97.778 4 3 0 1.104 0 3 9 2 1 0 1 1 1 1.104
8 93.03 134.84 2 2 1 0.75204 1 4 8 2 1 0 1 1 1 0.75204
8 95.636 142.17 2 2 1 0.97582 1 5 6 1 2 1 1 0 0 0.97582
8 57.944 119.52 1 1 1 2.2881 1 8 5 1 2 1 1 1 1 2.2881
8 96.141 107.99 2 3 0 0.91201 0 4 6 2 1 1 0 0 1 0.91201
8 95.636 142.17 2 2 1 0.84807 1 3 6 2 1 1 0 0 1 0.84807
8 129.33 108.38 4 3 0 1.44 1 9 5 2 1 0 0 1 0 1.44
8 101.3 141.1 2 2 1 0.75191 0 8 4 1 2 0 0 0 1 0.75191
8 129.33 108.38 4 3 0 1.7758 1 9 3 1 2 0 0 0 1 1.7758
8 106.96 129.79 2 2 1 0.87999 0 9 2 1 2 0 0 0 1 0.87999
8 68.809 98.073 1 1 1 0.78396 1 4 7 2 1 1 0 0 1 0.78396
8 139.65 97.095 4 4 1 1.072 1 6 3 1 2 1 1 0 0 1.072
8 134.62 91.191 4 3 0 1.0079 1 8 4 1 2 0 0 0 1 1.0079
8 107.42 62.462 3 3 1 0.656 1 6 2 2 1 1 0 0 1 0.656
8 134.62 91.191 4 2 0 0.68796 1 6 2 1 2 1 1 1 1 0.68796
8 95.636 142.17 2 2 1 0.70398 0 7 4 1 2 1 1 1 1 0.70398
8 93.03 134.84 2 2 1 0.84781 1 3 9 2 1 0 1 1 1 0.84781
8 69.965 88.377 1 1 1 0.86405 0 3 8 2 1 0 1 1 1 0.86405
8 106.96 129.79 2 2 1 0.88005 1 9 2 1 2 0 0 0 1 0.88005
9 105.5 66.018 3 3 1 1.04 1 8 4 1 2 1 1 1 1 1.04
9 88.689 98.415 1 3 0 0.75202 1 2 7 2 1 0 1 1 1 0.75202
9 117.5 73.991 3 2 0 0.8 1 3 9 2 1 1 0 0 1 0.8
9 106.33 88.156 3 3 1 1.136 1 7 5 1 2 1 1 0 0 1.136
9 91.665 140.28 2 2 1 1.584 1 6 2 2 1 0 0 0 1 1.584
9 80.145 103.19 1 1 1 0.848 1 2 8 2 1 0 1 1 1 0.848
9 140.38 123.13 4 4 1 0.83184 1 8 4 1 2 1 1 1 1 0.83184
9 110.42 101.9 4 3 0 0.84798 0 5 8 2 1 0 1 0 0 0.84798
9 103.04 122.04 2 2 1 1.104 1 7 2 1 2 0 0 0 1 1.104
9 80.613 72.427 3 1 0 1.584 1 6 5 2 1 1 0 0 1 1.584
9 58.379 111.24 1 1 1 0.94397 1 9 4 2 1 0 0 0 1 0.94397
9 137.08 94.913 4 4 1 0.704 0 7 4 1 2 1 1 0 0 0.704
9 61.901 120.11 1 1 1 0.89593 1 6 2 1 2 0 0 0 1 0.89593
9 129.21 92.918 4 2 0 0.78399 1 3 8 2 1 1 0 0 1 0.78399
9 112.36 114.79 2 2 1 0.848 0 3 6 2 1 0 1 1 1 0.848
9 58.328 98.299 1 1 1 0.87993 1 6 2 1 2 1 1 1 1 0.87993
9 133.99 81.538 4 3 0 1.056 1 9 5 1 2 1 1 1 1 1.056
9 106.33 88.156 3 2 0 0.72003 1 4 6 2 1 1 0 0 1 0.72003
9 91.959 66.716 3 3 1 0.67207 1 4 7 2 1 0 1 1 1 0.67207
9 103.04 122.04 2 2 1 0.83203 1 8 2 1 2 0 0 0 1 0.83203
9 88.689 98.415 1 2 0 0.75192 1 8 5 1 2 1 1 1 1 0.75192
9 93.391 58.59 3 3 1 0.78399 0 8 5 1 2 0 0 0 1 0.78399
9 140.38 123.13 4 2 0 0.95997 1 8 2 1 2 0 0 0 1 0.95997
9 80.145 103.19 1 1 1 0.75188 1 7 2 1 2 0 0 0 1 0.75188
9 91.959 66.716 3 3 1 0.80007 0 2 9 2 1 0 1 0 0 0.80007
9 81.98 104.7 1 3 0 1.264 0 8 3 2 1 0 0 0 1 1.264
9 82.976 121.33 2 2 1 1.152 1 4 9 2 1 0 1 1 1 1.152
9 88.689 98.415 1 3 0 0.84796 1 7 4 1 2 1 1 1 1 0.84796
9 115.33 150.37 2 2 1 0.86396 1 2 8 2 1 0 1 1 1 0.86396
9 93.391 58.59 3 3 1 1.248 1 6 4 1 2 0 0 0 1 1.248
9 101.08 64.8 3 3 1 1.504 1 2 6 2 1 1 0 0 1 1.504
9 74.84 116.9 1 2 0 3.296 1 2 9 2 1 1 0 0 1 3.296
9 78.534 113.86 2 1 0 1.2481 0 3 8 2 1 1 0 0 1 1.2481
9 133.99 81.538 4 3 0 1.072 1 3 7 1 2 1 1 1 1 1.072
9 101.08 64.8 3 3 1 0.97605 1 2 8 2 1 1 0 0 1 0.97605
9 78.534 113.86 2 1 0 1.2639 1 6 5 1 2 1 1 1 1 1.2639
9 61.124 87.081 1 1 1 0.71997 1 3 9 2 1 1 0 0 1 0.71997
9 101.08 64.8 3 3 1 1.12 1 4 7 2 1 1 0 0 1 1.12
9 129.21 92.918 4 4 1 0.97601 1 5 6 2 1 1 0 0 1 0.97601
9 91.959 66.716 3 3 1 0.87993 0 9 5 2 1 1 0 0 1 0.87993
9 103.04 122.04 2 2 1 0.60788 0 5 6 1 2 0 1 1 1 0.60788
9 74.84 116.9 1 1 1 1.024 1 3 6 2 1 0 1 1 1 1.024
9 58.328 98.299 1 1 1 0.68792 1 2 6 2 1 0 1 1 1 0.68792
9 58.328 98.299 1 1 1 0.75196 1 2 7 2 1 0 1 1 1 0.75196
9 58.328 98.299 1 1 1 0.88001 0 3 9 2 1 1 0 0 1 0.88001
9 140.38 123.13 4 4 1 0.688 1 5 7 2 1 0 1 1 1 0.688
9 58.379 111.24 1 1 1 0.86391 0 8 5 1 2 1 1 1 1 0.86391
9 82.976 121.33 2 2 1 0.91192 1 9 3 1 2 0 0 0 1 0.91192
9 74.84 116.9 1 3 0 1.1837 0 7 2 2 1 1 0 0 1 1.1837
9 140.38 123.13 4 4 1 0.848 1 7 2 1 2 0 0 0 1 0.848
10 129.28 79.367 4 3 0 6.2485 1 999 999 999 999 999 999 999 999 999
10 103.42 86.605 3 2 0 4.0368 1 999 999 999 999 999 999 999 999 999
10 77.531 104.84 1 1 1 1.5019 0 999 999 999 999 999 999 999 999 999
10 96.142 70.212 3 2 0 2.0618 1 999 999 999 999 999 999 999 999 999
10 103.37 137.11 2 2 1 1.7898 1 999 999 999 999 999 999 999 999 999
10 104.56 71.596 3 1 0 0.84578 0 999 999 999 999 999 999 999 999 999
10 123.59 97.975 4 2 0 0.76585 1 999 999 999 999 999 999 999 999 999
10 92.524 125.34 2 3 0 0.41371 1 999 999 999 999 999 999 999 999 999
10 86.379 85.193 1 2 0 0.44571 0 999 999 999 999 999 999 999 999 999
10 95.906 133.48 2 2 1 0.71791 1 999 999 999 999 999 999 999 999 999
10 108.91 64.001 3 3 1 0.90988 1 999 999 999 999 999 999 999 999 999
10 103.58 80.838 3 1 0 0.76585 1 999 999 999 999 999 999 999 999 999
10 76.309 99.051 1 4 0 0.34977 0 999 999 999 999 999 999 999 999 999
10 123.59 97.975 4 2 0 0.87773 0 999 999 999 999 999 999 999 999 999
10 86.087 78.373 3 1 0 1.2141 1 999 999 999 999 999 999 999 999 999
10 134.9 102.71 4 4 1 0.90992 0 999 999 999 999 999 999 999 999 999
10 99.136 86.356 3 2 0 1.1819 1 999 999 999 999 999 999 999 999 999
10 72.976 108.9 1 1 1 1.102 1 999 999 999 999 999 999 999 999 999
10 134.9 102.71 4 4 1 1.8059 1 999 999 999 999 999 999 999 999 999
10 103.37 137.11 2 2 1 1.1978 0 999 999 999 999 999 999 999 999 999
10 136.68 110.85 4 4 1 1.3259 1 999 999 999 999 999 999 999 999 999
10 86.386 85.795 1 3 0 1.9339 0 999 999 999 999 999 999 999 999 999
10 111.32 67.085 3 3 1 1.7739 1 999 999 999 999 999 999 999 999 999
10 98.021 115.04 2 2 1 0.70201 1 999 999 999 999 999 999 999 999 999
10 126.13 93.55 4 4 1 0.8618 1 999 999 999 999 999 999 999 999 999
10 99.136 86.356 3 1 0 0.92581 0 999 999 999 999 999 999 999 999 999
10 134.9 102.71 4 4 1 0.79787 1 999 999 999 999 999 999 999 999 999
10 124.5 102.46 4 2 0 0.82988 1 999 999 999 999 999 999 999 999 999
10 134.9 102.71 4 2 0 0.718 1 999 999 999 999 999 999 999 999 999
10 118 115.08 4 2 0 0.89377 1 999 999 999 999 999 999 999 999 999
10 124.5 102.46 4 2 0 0.71792 1 999 999 999 999 999 999 999 999 999
10 118 115.08 4 2 0 0.66992 1 999 999 999 999 999 999 999 999 999
10 103.42 86.605 3 2 0 0.62183 1 999 999 999 999 999 999 999 999 999
10 95.906 133.48 2 2 1 0.58969 1 999 999 999 999 999 999 999 999 999
10 107.71 127.92 2 2 1 0.73385 1 999 999 999 999 999 999 999 999 999
10 65.225 109.99 1 1 1 0.74986 1 999 999 999 999 999 999 999 999 999
10 104.76 77.257 3 3 1 1.0538 1 999 999 999 999 999 999 999 999 999
10 85.609 128.95 2 2 1 0.46194 0 999 999 999 999 999 999 999 999 999
10 103.42 86.605 3 2 0 0.98988 1 999 999 999 999 999 999 999 999 999
10 57.396 84.46 1 1 1 0.8619 0 999 999 999 999 999 999 999 999 999
10 96.142 70.212 3 3 1 1.0695 1 999 999 999 999 999 999 999 999 999
10 134.9 102.71 4 4 1 1.3099 1 999 999 999 999 999 999 999 999 999
10 110.89 69.971 3 3 1 1.2777 1 999 999 999 999 999 999 999 999 999
10 104.76 77.257 3 3 1 0.97392 1 999 999 999 999 999 999 999 999 999
10 57.396 84.46 1 1 1 0.926 1 999 999 999 999 999 999 999 999 999
10 86.386 85.795 1 2 0 1.0059 0 999 999 999 999 999 999 999 999 999
10 65.225 109.99 1 1 1 0.86193 1 999 999 999 999 999 999 999 999 999
10 110.89 69.971 3 1 0 1.0698 1 999 999 999 999 999 999 999 999 999
10 86.379 85.193 1 2 0 1.134 1 999 999 999 999 999 999 999 999 999
10 96.142 70.212 3 2 0 0.86189 1 999 999 999 999 999 999 999 999 999
11 64.178 80.143 1 1 1 2.0884 1 999 999 999 999 999 999 999 999 999
11 107.76 99.77 4 2 0 0.96644 1 999 999 999 999 999 999 999 999 999
11 104.87 115.57 2 2 1 0.86187 1 999 999 999 999 999 999 999 999 999
11 105.36 117.24 2 2 1 1.7738 1 999 999 999 999 999 999 999 999 999
11 131.37 95.248 4 2 0 2.5098 1 999 999 999 999 999 999 999 999 999
11 72.087 93.568 1 1 1 0.74983 1 999 999 999 999 999 999 999 999 999
11 79.833 103.81 1 1 1 1.5818 1 999 999 999 999 999 999 999 999 999
11 104.71 126.9 2 2 1 0.89404 1 999 999 999 999 999 999 999 999 999
11 67.46 98.786 1 1 1 0.7178 1 999 999 999 999 999 999 999 999 999
11 103.06 65.476 3 3 1 1.0538 0 999 999 999 999 999 999 999 999 999
11 102.12 73.16 3 3 1 0.74992 1 999 999 999 999 999 999 999 999 999
11 116.68 134.02 2 2 1 0.66988 0 999 999 999 999 999 999 999 999 999
11 104.71 126.9 2 2 1 0.65407 1 999 999 999 999 999 999 999 999 999
11 104.3 66.656 3 3 1 0.63776 0 999 999 999 999 999 999 999 999 999
11 150.2 102.43 4 4 1 0.97396 1 999 999 999 999 999 999 999 999 999
11 104.71 126.9 2 2 1 1.0539 1 999 999 999 999 999 999 999 999 999
11 112.99 85.178 3 3 1 0.84574 1 999 999 999 999 999 999 999 999 999
11 106.63 89.864 3 3 1 0.6379 0 999 999 999 999 999 999 999 999 999
11 116.61 98.414 4 3 0 0.58979 1 999 999 999 999 999 999 999 999 999
11 98.016 73.971 3 3 1 0.55794 0 999 999 999 999 999 999 999 999 999
11 102.12 73.16 3 3 1 0.42968 1 999 999 999 999 999 999 999 999 999
11 116.61 98.414 4 3 0 1.0539 1 999 999 999 999 999 999 999 999 999
11 108.88 119.98 2 3 0 0.52585 1 999 999 999 999 999 999 999 999 999
11 112.99 85.178 3 3 1 0.70187 1 999 999 999 999 999 999 999 999 999
11 98.016 73.971 3 2 0 1.0857 0 999 999 999 999 999 999 999 999 999
11 98.016 73.971 3 2 0 0.54186 1 999 999 999 999 999 999 999 999 999
11 116.61 98.414 4 3 0 0.31775 1 999 999 999 999 999 999 999 999 999
11 150.2 102.43 4 4 1 0.66989 0 999 999 999 999 999 999 999 999 999
11 104.31 124.7 2 2 1 1.0699 0 999 999 999 999 999 999 999 999 999
11 106.63 89.864 3 3 1 1.5819 0 999 999 999 999 999 999 999 999 999
11 105.36 117.24 2 2 1 1.0059 0 999 999 999 999 999 999 999 999 999
11 104.71 126.9 2 2 1 0.65405 1 999 999 999 999 999 999 999 999 999
11 106.63 89.864 3 3 1 0.79792 1 999 999 999 999 999 999 999 999 999
11 104.68 63.324 3 3 1 1.1178 1 999 999 999 999 999 999 999 999 999
11 98.642 81.911 3 3 1 0.81387 1 999 999 999 999 999 999 999 999 999
11 104.31 124.7 2 3 0 1.0538 1 999 999 999 999 999 999 999 999 999
11 108.88 119.98 2 3 0 1.9659 1 999 999 999 999 999 999 999 999 999
11 104.31 124.7 2 3 0 1.2459 1 999 999 999 999 999 999 999 999 999
11 65.574 97.967 1 1 1 0.76606 1 999 999 999 999 999 999 999 999 999
11 67.46 98.786 1 1 1 0.50989 1 999 999 999 999 999 999 999 999 999
11 104.3 66.656 3 3 1 1.4218 0 999 999 999 999 999 999 999 999 999
11 116.68 134.02 2 2 1 0.66988 1 999 999 999 999 999 999 999 999 999
11 131.37 95.248 4 4 1 0.47802 1 999 999 999 999 999 999 999 999 999
11 67.46 98.786 1 1 1 0.84591 0 999 999 999 999 999 999 999 999 999
11 104.3 66.656 3 3 1 0.90982 1 999 999 999 999 999 999 999 999 999
11 104.87 115.57 2 2 1 0.782 1 999 999 999 999 999 999 999 999 999
11 65.574 97.967 1 1 1 1.0699 1 999 999 999 999 999 999 999 999 999
11 104.68 63.324 3 3 1 0.54183 1 999 999 999 999 999 999 999 999 999
11 79.833 103.81 1 1 1 0.36587 1 999 999 999 999 999 999 999 999 999
11 72.087 93.568 1 3 0 0.33381 1 999 999 999 999 999 999 999 999 999
12 102.26 73.328 3 3 1 1.4965 0 999 999 999 999 999 999 999 999 999
12 111.29 55.752 3 3 1 0.40612 1 999 999 999 999 999 999 999 999 999
12 60.98 106.8 1 1 1 0.74992 0 999 999 999 999 999 999 999 999 999
12 106.93 121.06 2 3 0 0.90992 1 999 999 999 999 999 999 999 999 999
12 108.87 110.05 4 2 0 0.84584 0 999 999 999 999 999 999 999 999 999
12 110.69 95.295 3 3 1 0.54181 1 999 999 999 999 999 999 999 999 999
12 105.47 128.67 2 3 0 0.73401 1 999 999 999 999 999 999 999 999 999
12 140.28 89.716 4 3 0 0.90981 1 999 999 999 999 999 999 999 999 999
12 95.532 139.79 2 2 1 0.87767 0 999 999 999 999 999 999 999 999 999
12 53.133 87.646 1 1 1 0.62194 1 999 999 999 999 999 999 999 999 999
12 66.984 107.58 1 3 0 1.7419 1 999 999 999 999 999 999 999 999 999
12 86.198 117.67 2 3 0 0.8778 1 999 999 999 999 999 999 999 999 999
12 110.69 95.295 3 2 0 0.62201 1 999 999 999 999 999 999 999 999 999
12 143.47 100.6 4 4 1 2.6058 1 999 999 999 999 999 999 999 999 999
12 116.71 100.8 4 3 0 1.2138 1 999 999 999 999 999 999 999 999 999
12 95.532 139.79 2 2 1 0.66993 1 999 999 999 999 999 999 999 999 999
12 111.85 116.76 2 2 1 2.2378 1 999 999 999 999 999 999 999 999 999
12 95.532 139.79 2 2 1 0.90982 0 999 999 999 999 999 999 999 999 999
12 76.533 106.37 1 3 0 0.87785 1 999 999 999 999 999 999 999 999 999
12 105.47 128.67 2 3 0 1.4858 1 999 999 999 999 999 999 999 999 999
12 110.69 95.295 3 3 1 1.2138 1 999 999 999 999 999 999 999 999 999
12 126.25 94.577 4 3 0 0.60594 1 999 999 999 999 999 999 999 999 999
12 140.14 89.393 4 4 1 0.98989 1 999 999 999 999 999 999 999 999 999
12 111.85 116.76 2 3 0 0.81383 1 999 999 999 999 999 999 999 999 999
12 119.7 104.15 4 3 0 0.71788 1 999 999 999 999 999 999 999 999 999
12 140.28 89.716 4 4 1 0.67 1 999 999 999 999 999 999 999 999 999
12 76.579 97.759 1 2 0 0.58997 0 999 999 999 999 999 999 999 999 999
12 116.71 100.8 4 2 0 2.0938 1 999 999 999 999 999 999 999 999 999
12 105.47 128.67 2 3 0 0.47794 0 999 999 999 999 999 999 999 999 999
12 99.869 82.92 3 4 0 0.63796 1 999 999 999 999 999 999 999 999 999
12 76.579 97.759 1 3 0 0.39789 1 999 999 999 999 999 999 999 999 999
12 109.41 69.825 3 3 1 0.9099 1 999 999 999 999 999 999 999 999 999
12 96.006 74.53 3 3 1 1.5179 0 999 999 999 999 999 999 999 999 999
12 76.533 106.37 1 2 0 0.81393 1 999 999 999 999 999 999 999 999 999
12 106.93 121.06 2 2 1 0.5259 1 999 999 999 999 999 999 999 999 999
12 83.69 87.9 1 3 0 0.81381 1 999 999 999 999 999 999 999 999 999
12 104.9 134.39 2 2 1 0.84598 1 999 999 999 999 999 999 999 999 999
12 83.69 87.9 1 3 0 1.6138 0 999 999 999 999 999 999 999 999 999
12 106.93 121.06 2 3 0 0.81383 1 999 999 999 999 999 999 999 999 999
12 143.47 100.6 4 4 1 0.78188 1 999 999 999 999 999 999 999 999 999
12 107.74 125.65 2 2 1 0.95789 1 999 999 999 999 999 999 999 999 999
12 107.74 125.65 2 3 0 0.65393 1 999 999 999 999 999 999 999 999 999
12 111.85 116.76 2 3 0 0.76592 1 999 999 999 999 999 999 999 999 999
12 76.533 106.37 1 3 0 0.55777 0 999 999 999 999 999 999 999 999 999
12 119.7 104.15 4 2 0 1.0379 1 999 999 999 999 999 999 999 999 999
12 104.9 134.39 2 2 1 1.1658 0 999 999 999 999 999 999 999 999 999
12 119.7 104.15 4 3 0 0.4619 1 999 999 999 999 999 999 999 999 999
12 99.869 82.92 3 3 1 0.97392 0 999 999 999 999 999 999 999 999 999
12 95.532 139.79 2 2 1 0.57383 1 999 999 999 999 999 999 999 999 999
12 109.41 69.825 3 3 1 0.46202 1 999 999 999 999 999 999 999 999 999
13 137.8 78.635 4 3 0 1.0329 0 999 999 999 999 999 999 999 999 999
13 80.323 81.326 1 1 1 0.98251 1 999 999 999 999 999 999 999 999 999
13 94.558 115.34 2 2 1 1.4698 1 999 999 999 999 999 999 999 999 999
13 58.433 104.29 1 1 1 0.70185 1 999 999 999 999 999 999 999 999 999
13 102.56 74.101 3 3 1 0.73402 1 999 999 999 999 999 999 999 999 999
13 107.98 119.36 2 3 0 0.47802 1 999 999 999 999 999 999 999 999 999
13 129.56 109.03 4 4 1 0.83001 1 999 999 999 999 999 999 999 999 999
13 116.02 57.815 3 3 1 1.0535 0 999 999 999 999 999 999 999 999 999
13 116.02 57.815 3 2 0 0.62191 1 999 999 999 999 999 999 999 999 999
13 94.558 115.34 2 3 0 0.62161 1 999 999 999 999 999 999 999 999 999
13 72.589 101.94 1 3 0 1.4861 0 999 999 999 999 999 999 999 999 999
13 69.509 104.13 1 3 0 0.6699 1 999 999 999 999 999 999 999 999 999
13 136.8 91.584 4 4 1 0.66996 1 999 999 999 999 999 999 999 999 999
13 103.58 80.539 3 3 1 0.90984 1 999 999 999 999 999 999 999 999 999
13 77.293 112.66 1 3 0 0.70201 1 999 999 999 999 999 999 999 999 999
13 67.377 104.33 1 2 0 0.57374 1 999 999 999 999 999 999 999 999 999
13 61.808 107.64 1 1 1 0.6058 0 999 999 999 999 999 999 999 999 999
13 77.293 112.66 1 1 1 0.70188 1 999 999 999 999 999 999 999 999 999
13 94.558 115.34 2 3 0 0.8459 0 999 999 999 999 999 999 999 999 999
13 100.26 124.11 2 3 0 0.79791 1 999 999 999 999 999 999 999 999 999
13 126.49 101.59 4 4 1 0.83006 1 999 999 999 999 999 999 999 999 999
13 95.845 56.667 3 2 0 0.8138 1 999 999 999 999 999 999 999 999 999
13 125.5 90.895 4 3 0 0.65362 1 999 999 999 999 999 999 999 999 999
13 126.49 101.59 4 3 0 0.98986 1 999 999 999 999 999 999 999 999 999
13 103.58 80.539 3 2 0 0.49385 1 999 999 999 999 999 999 999 999 999
13 117.2 71.17 3 2 0 0.46183 0 999 999 999 999 999 999 999 999 999
13 74.121 100.38 1 1 1 0.79788 0 999 999 999 999 999 999 999 999 999
13 126.49 101.59 4 3 0 0.81388 1 999 999 999 999 999 999 999 999 999
13 94.876 113.27 2 3 0 0.76589 1 999 999 999 999 999 999 999 999 999
13 69.509 104.13 1 3 0 0.81391 1 999 999 999 999 999 999 999 999 999
13 125.5 90.895 4 4 1 1.07 1 999 999 999 999 999 999 999 999 999
13 77.293 112.66 1 2 0 1.438 1 999 999 999 999 999 999 999 999 999
13 98.221 74.408 3 3 1 0.49393 1 999 999 999 999 999 999 999 999 999
13 94.876 113.27 2 3 0 0.71788 1 999 999 999 999 999 999 999 999 999
13 100.26 124.11 2 3 0 1.0699 1 999 999 999 999 999 999 999 999 999
13 94.558 115.34 2 3 0 0.6219 1 999 999 999 999 999 999 999 999 999
13 116.93 106.13 4 3 0 0.8139 1 999 999 999 999 999 999 999 999 999
13 136.8 91.584 4 3 0 0.60581 0 999 999 999 999 999 999 999 999 999
13 98.221 74.408 3 2 0 0.92593 1 999 999 999 999 999 999 999 999 999
13 125.5 90.895 4 2 0 1.1818 0 999 999 999 999 999 999 999 999 999
13 131.21 101.29 4 4 1 0.55785 0 999 999 999 999 999 999 999 999 999
13 103.58 80.539 3 2 0 0.98997 1 999 999 999 999 999 999 999 999 999
13 99.356 118.25 2 2 1 1.054 1 999 999 999 999 999 999 999 999 999
13 107.98 119.36 2 2 1 0.65387 1 999 999 999 999 999 999 999 999 999
13 125.5 90.895 4 3 0 0.90988 1 999 999 999 999 999 999 999 999 999
13 131.21 101.29 4 3 0 0.82988 1 999 999 999 999 999 999 999 999 999
13 102.56 74.101 3 3 1 1.3739 1 999 999 999 999 999 999 999 999 999
13 99.356 118.25 2 2 1 0.89401 1 999 999 999 999 999 999 999 999 999
13 98.221 74.408 3 3 1 0.71776 0 999 999 999 999 999 999 999 999 999
13 67.377 104.33 1 4 0 0.82988 0 999 999 999 999 999 999 999 999 999
14 62.399 84.351 1 3 0 1.3046 0 999 999 999 999 999 999 999 999 999
14 88.153 62.128 3 3 1 0.85504 1 999 999 999 999 999 999 999 999 999
14 98.577 112.12 2 2 1 0.86194 1 999 999 999 999 999 999 999 999 999
14 135.9 101.2 4 2 0 1.0859 0 999 999 999 999 999 999 999 999 999
14 93.356 134.08 2 3 0 1.2939 1 999 999 999 999 999 999 999 999 999
14 93.178 74.619 3 3 1 0.68593 1 999 999 999 999 999 999 999 999 999
14 63.01 104.17 1 3 0 0.57378 1 999 999 999 999 999 999 999 999 999
14 63.01 104.17 1 1 1 0.79785 1 999 999 999 999 999 999 999 999 999
14 103.79 73.195 3 3 1 0.57401 0 999 999 999 999 999 999 999 999 999
14 94.46 80.542 3 3 1 0.7179 1 999 999 999 999 999 999 999 999 999
14 90.796 61.526 3 3 1 0.81388 1 999 999 999 999 999 999 999 999 999
14 88.153 62.128 3 3 1 0.84593 1 999 999 999 999 999 999 999 999 999
14 88.576 129.19 2 2 1 0.74992 1 999 999 999 999 999 999 999 999 999
14 104.84 77.844 3 3 1 0.84592 1 999 999 999 999 999 999 999 999 999
14 87.638 112.71 1 2 0 0.79782 1 999 999 999 999 999 999 999 999 999
14 96.499 66.395 3 3 1 1.1659 1 999 999 999 999 999 999 999 999 999
14 128.1 95.045 4 4 1 0.89387 1 999 999 999 999 999 999 999 999 999
14 87.952 124.97 1 2 0 0.81402 1 999 999 999 999 999 999 999 999 999
14 111.17 149.74 2 2 1 0.68589 0 999 999 999 999 999 999 999 999 999
14 104.84 77.844 3 3 1 0.95775 1 999 999 999 999 999 999 999 999 999
14 75.862 114.31 1 3 0 2.9419 1 999 999 999 999 999 999 999 999 999
14 112.41 113.66 4 4 1 0.81388 0 999 999 999 999 999 999 999 999 999
14 128.1 95.045 4 4 1 0.57395 1 999 999 999 999 999 999 999 999 999
14 114.68 112.37 2 4 0 0.70181 1 999 999 999 999 999 999 999 999 999
14 42.798 109.44 1 1 1 0.71786 1 999 999 999 999 999 999 999 999 999
14 111.17 149.74 2 2 1 2.5418 0 999 999 999 999 999 999 999 999 999
14 120.78 108.83 4 3 0 0.79789 1 999 999 999 999 999 999 999 999 999
14 134.45 87.285 4 3 0 0.57383 0 999 999 999 999 999 999 999 999 999
14 120.78 108.83 4 3 0 0.97386 1 999 999 999 999 999 999 999 999 999
14 123.77 103.28 4 4 1 0.44585 1 999 999 999 999 999 999 999 999 999
14 94.46 80.542 3 3 1 1.5019 1 999 999 999 999 999 999 999 999 999
14 63.01 104.17 1 1 1 0.73375 1 999 999 999 999 999 999 999 999 999
14 96.667 75.886 3 3 1 0.98982 1 999 999 999 999 999 999 999 999 999
14 114.68 112.37 2 3 0 0.46191 0 999 999 999 999 999 999 999 999 999
14 104.84 77.844 3 3 1 1.55 1 999 999 999 999 999 999 999 999 999
14 101.42 78.622 3 3 1 1.1819 1 999 999 999 999 999 999 999 999 999
14 112.41 113.66 4 2 0 0.92588 1 999 999 999 999 999 999 999 999 999
14 87.638 112.71 1 2 0 0.9579 1 999 999 999 999 999 999 999 999 999
14 114.68 112.37 2 3 0 0.63777 1 999 999 999 999 999 999 999 999 999
14 137.08 90.883 4 3 0 0.74986 1 999 999 999 999 999 999 999 999 999
14 103.5 142.8 2 2 1 0.68602 1 999 999 999 999 999 999 999 999 999
14 134.45 87.285 4 4 1 0.81389 1 999 999 999 999 999 999 999 999 999
14 96.667 75.886 3 3 1 1.422 0 999 999 999 999 999 999 999 999 999
14 87.952 124.97 1 2 0 0.76594 1 999 999 999 999 999 999 999 999 999
14 101.42 78.622 3 3 1 0.52588 1 999 999 999 999 999 999 999 999 999
14 103.5 142.8 2 2 1 0.66993 0 999 999 999 999 999 999 999 999 999
14 137.08 90.883 4 3 0 0.60588 0 999 999 999 999 999 999 999 999 999
14 42.798 109.44 1 2 0 0.6059 1 999 999 999 999 999 999 999 999 999
14 135.9 101.2 4 3 0 1.1659 0 999 999 999 999 999 999 999 999 999
14 98.577 112.12 2 2 1 1.1819 1 999 999 999 999 999 999 999 999 999
15 124.25 115.75 4 2 0 1.0966 0 999 999 999 999 999 999 999 999 999
15 122.08 87.506 4 3 0 1.4442 0 999 999 999 999 999 999 999 999 999
15 87.689 80.325 3 3 1 0.62177 0 999 999 999 999 999 999 999 999 999
15 93.953 128.11 2 2 1 0.66984 0 999 999 999 999 999 999 999 999 999
15 126.72 107.77 4 4 1 0.78202 0 999 999 999 999 999 999 999 999 999
15 89.956 66.94 3 3 1 1.1979 0 999 999 999 999 999 999 999 999 999
15 114.03 64.381 3 3 1 2.2212 0 999 999 999 999 999 999 999 999 999
15 88.072 52.566 3 3 1 0.67004 0 999 999 999 999 999 999 999 999 999
15 109.85 83.775 3 3 1 1.2778 0 999 999 999 999 999 999 999 999 999
15 64.23 102.47 1 1 1 0.60603 0 999 999 999 999 999 999 999 999 999
15 102.92 154.71 2 2 1 0.74998 0 999 999 999 999 999 999 999 999 999
15 89.956 66.94 3 3 1 1.2139 0 999 999 999 999 999 999 999 999 999
15 93.953 128.11 2 2 1 0.65392 0 999 999 999 999 999 999 999 999 999
15 64.23 102.47 1 1 1 0.76546 0 999 999 999 999 999 999 999 999 999
15 66.681 99.646 1 1 1 0.70195 0 999 999 999 999 999 999 999 999 999
15 110.72 154.28 2 2 1 0.65382 0 999 999 999 999 999 999 999 999 999
15 110.72 154.28 2 2 1 0.89382 0 999 999 999 999 999 999 999 999 999
15 103.9 89.459 3 3 1 1.6299 0 999 999 999 999 999 999 999 999 999
15 101.83 61.63 3 3 1 0.94183 0 999 999 999 999 999 999 999 999 999
15 81.79 136.37 2 2 1 0.65403 0 999 999 999 999 999 999 999 999 999
15 84.668 121.68 1 2 0 1.406 0 999 999 999 999 999 999 999 999 999
15 116.75 107.25 4 2 0 1.646 0 999 999 999 999 999 999 999 999 999
15 92.622 126.35 2 2 1 1.4539 0 999 999 999 999 999 999 999 999 999
15 105.56 124.97 2 2 1 4.1737 0 999 999 999 999 999 999 999 999 999
15 127.1 103.78 4 4 1 0.50995 0 999 999 999 999 999 999 999 999 999
15 76.165 99.987 1 1 1 0.81395 0 999 999 999 999 999 999 999 999 999
15 85.173 97.452 1 3 0 2.3178 0 999 999 999 999 999 999 999 999 999
15 87.689 80.325 3 3 1 0.7658 0 999 999 999 999 999 999 999 999 999
15 103.9 89.459 3 3 1 1.2939 0 999 999 999 999 999 999 999 999 999
15 101.83 61.63 3 3 1 0.58984 0 999 999 999 999 999 999 999 999 999
15 114.03 64.381 3 3 1 0.846 0 999 999 999 999 999 999 999 999 999
15 102.92 154.71 2 2 1 0.57392 0 999 999 999 999 999 999 999 999 999
15 102.92 154.71 2 2 1 0.55785 0 999 999 999 999 999 999 999 999 999
15 103.9 89.459 3 3 1 1.0057 0 999 999 999 999 999 999 999 999 999
15 105.56 124.97 2 2 1 0.66988 0 999 999 999 999 999 999 999 999 999
15 76.165 99.987 1 1 1 2.2698 0 999 999 999 999 999 999 999 999 999
15 71 114.75 1 1 1 0.89391 0 999 999 999 999 999 999 999 999 999
15 63.269 106.16 1 1 1 2.3339 0 999 999 999 999 999 999 999 999 999
15 63.269 106.16 1 1 1 0.58979 0 999 999 999 999 999 999 999 999 999
15 109.85 83.775 3 3 1 1.0699 0 999 999 999 999 999 999 999 999 999
15 127.1 103.78 4 3 0 1.2621 0 999 999 999 999 999 999 999 999 999
15 105.56 124.97 2 4 0 0.68581 0 999 999 999 999 999 999 999 999 999
15 109.85 83.775 3 3 1 0.92587 0 999 999 999 999 999 999 999 999 999
15 149.85 91.975 4 4 1 0.70197 0 999 999 999 999 999 999 999 999 999
15 93.953 128.11 2 2 1 0.62195 0 999 999 999 999 999 999 999 999 999
15 71 114.75 1 1 1 0.78195 0 999 999 999 999 999 999 999 999 999
15 103.9 89.459 3 3 1 1.1337 0 999 999 999 999 999 999 999 999 999
15 149.85 91.975 4 4 1 0.71799 0 999 999 999 999 999 999 999 999 999
15 84.668 121.68 1 2 0 0.63796 0 999 999 999 999 999 999 999 999 999
15 66.681 99.646 1 1 1 0.70197 0 999 999 999 999 999 999 999 999 999
16 88.157 66.622 3 3 1 1.4014 0 999 999 999 999 999 999 999 999 999
16 132.47 102.5 4 4 1 0.6463 0 999 999 999 999 999 999 999 999 999
16 97.858 137.41 2 2 1 0.74985 0 999 999 999 999 999 999 999 999 999
16 101.38 73.783 3 3 1 0.60596 0 999 999 999 999 999 999 999 999 999
16 114.53 80.981 3 3 1 0.84608 0 999 999 999 999 999 999 999 999 999
16 71.745 120.72 1 2 0 0.60599 0 999 999 999 999 999 999 999 999 999
16 135.92 84.683 4 4 1 0.81391 0 999 999 999 999 999 999 999 999 999
16 67.698 97.614 1 1 1 0.73378 0 999 999 999 999 999 999 999 999 999
16 119.86 112.93 4 2 0 2.2859 0 999 999 999 999 999 999 999 999 999
16 101.38 73.783 3 3 1 0.63775 0 999 999 999 999 999 999 999 999 999
16 125.02 93.27 4 3 0 0.65387 0 999 999 999 999 999 999 999 999 999
16 101.38 73.783 3 3 1 0.68599 0 999 999 999 999 999 999 999 999 999
16 64.7 106.9 1 1 1 0.58993 0 999 999 999 999 999 999 999 999 999
16 89.896 127.5 2 2 1 0.8459 0 999 999 999 999 999 999 999 999 999
16 74.406 107.51 1 2 0 0.58996 0 999 999 999 999 999 999 999 999 999
16 92.969 62.644 3 3 1 0.63794 0 999 999 999 999 999 999 999 999 999
16 128.38 104.11 4 4 1 1.5979 0 999 999 999 999 999 999 999 999 999
16 89.896 127.5 2 2 1 1.6139 0 999 999 999 999 999 999 999 999 999
16 94.439 56.695 3 3 1 0.54189 0 999 999 999 999 999 999 999 999 999
16 92.87 127.76 2 2 1 0.63803 0 999 999 999 999 999 999 999 999 999
16 100.56 66.537 3 3 1 0.58999 0 999 999 999 999 999 999 999 999 999
16 127.58 85.663 4 3 0 0.92592 0 999 999 999 999 999 999 999 999 999
16 77.574 82.592 1 3 0 2.622 0 999 999 999 999 999 999 999 999 999
16 71.745 120.72 1 1 1 0.38198 0 999 999 999 999 999 999 999 999 999
16 110.27 118.26 2 3 0 0.52586 0 999 999 999 999 999 999 999 999 999
16 64.475 121.4 1 1 1 0.63783 0 999 999 999 999 999 999 999 999 999
16 68.59 106.7 1 1 1 0.82991 0 999 999 999 999 999 999 999 999 999
16 82.728 68.655 3 3 1 0.81395 0 999 999 999 999 999 999 999 999 999
16 100.41 110.36 2 2 1 0.65386 0 999 999 999 999 999 999 999 999 999
16 71.745 120.72 1 2 0 1.0219 0 999 999 999 999 999 999 999 999 999
16 148.4 98.452 4 4 1 0.6698 0 999 999 999 999 999 999 999 999 999
16 117.22 128.43 2 2 1 0.74976 0 999 999 999 999 999 999 999 999 999
16 100.56 66.537 3 3 1 0.38181 0 999 999 999 999 999 999 999 999 999
16 77.572 120.2 1 2 0 0.82975 0 999 999 999 999 999 999 999 999 999
16 89.896 127.5 2 1 0 1.0059 0 999 999 999 999 999 999 999 999 999
16 127.58 85.663 4 4 1 1.7575 0 999 999 999 999 999 999 999 999 999
16 97.858 137.41 2 2 1 0.71793 0 999 999 999 999 999 999 999 999 999
16 133.69 91.673 4 4 1 0.878 0 999 999 999 999 999 999 999 999 999
16 110.27 118.26 2 2 1 1.55 0 999 999 999 999 999 999 999 999 999
16 102.05 73.142 3 3 1 1.0699 0 999 999 999 999 999 999 999 999 999
16 133.69 91.673 4 4 1 1.6939 0 999 999 999 999 999 999 999 999 999
16 110.27 118.26 2 2 1 0.62196 0 999 999 999 999 999 999 999 999 999
16 68.59 106.7 1 1 1 0.70713 0 999 999 999 999 999 999 999 999 999
16 92.87 127.76 2 2 1 0.66993 0 999 999 999 999 999 999 999 999 999
16 77.572 120.2 1 1 1 1.0219 0 999 999 999 999 999 999 999 999 999
16 100.41 110.36 2 2 1 1.8699 0 999 999 999 999 999 999 999 999 999
16 102.05 73.142 3 3 1 1.0859 0 999 999 999 999 999 999 999 999 999
16 67.698 97.614 1 1 1 0.71785 0 999 999 999 999 999 999 999 999 999
16 77.574 82.592 1 3 0 2.0139 0 999 999 999 999 999 999 999 999 999
16 97.858 137.41 2 2 1 0.54188 0 999 999 999 999 999 999 999 999 999
17 107.32 133.79 2 3 0 1.1769 0 999 999 999 999 999 999 999 999 999
17 87.361 82.627 3 3 1 0.50242 0 999 999 999 999 999 999 999 999 999
17 71.138 111.16 1 1 1 0.52603 0 999 999 999 999 999 999 999 999 999
17 101.76 133.45 2 2 1 0.57385 0 999 999 999 999 999 999 999 999 999
17 136.2 109.66 4 3 0 0.76591 0 999 999 999 999 999 999 999 999 999
17 67.057 100.59 1 3 0 0.6219 0 999 999 999 999 999 999 999 999 999
17 94.408 77.826 3 3 1 0.6539 0 999 999 999 999 999 999 999 999 999
17 94.721 160.68 2 2 1 0.54193 0 999 999 999 999 999 999 999 999 999
17 93.601 109.53 2 2 1 3.9338 0 999 999 999 999 999 999 999 999 999
17 63.841 110.38 1 1 1 0.82981 0 999 999 999 999 999 999 999 999 999
17 111.12 88.827 4 3 0 2.4938 0 999 999 999 999 999 999 999 999 999
17 115.63 59.327 3 3 1 0.57381 0 999 999 999 999 999 999 999 999 999
17 81.771 89.518 1 2 0 0.54196 0 999 999 999 999 999 999 999 999 999
17 91.876 99.144 1 2 0 1.1339 0 999 999 999 999 999 999 999 999 999
17 115.63 59.327 3 3 1 0.63778 0 999 999 999 999 999 999 999 999 999
17 104.09 81.369 3 3 1 0.5579 0 999 999 999 999 999 999 999 999 999
17 63.841 110.38 1 2 0 0.58989 0 999 999 999 999 999 999 999 999 999
17 95.849 75.207 3 3 1 0.78183 0 999 999 999 999 999 999 999 999 999
17 88.952 121.35 2 2 1 0.83518 0 999 999 999 999 999 999 999 999 999
17 103.41 93.881 3 2 0 0.57386 0 999 999 999 999 999 999 999 999 999
17 93.601 109.53 2 2 1 0.71788 0 999 999 999 999 999 999 999 999 999
17 100.69 85.915 3 3 1 0.74992 0 999 999 999 999 999 999 999 999 999
17 63.841 110.38 1 1 1 0.67 0 999 999 999 999 999 999 999 999 999
17 63.841 110.38 1 2 0 0.78193 0 999 999 999 999 999 999 999 999 999
17 91.876 99.144 1 3 0 0.92589 0 999 999 999 999 999 999 999 999 999
17 136.69 110.12 4 4 1 0.86159 0 999 999 999 999 999 999 999 999 999
17 132.46 101.5 4 4 1 0.82997 0 999 999 999 999 999 999 999 999 999
17 94.408 77.826 3 3 1 0.89383 0 999 999 999 999 999 999 999 999 999
17 132.46 101.5 4 4 1 1.0061 0 999 999 999 999 999 999 999 999 999
17 88.952 121.35 2 2 1 0.68576 0 999 999 999 999 999 999 999 999 999
17 92.946 86.321 3 3 1 0.65393 0 999 999 999 999 999 999 999 999 999
17 95.503 83.963 3 3 1 0.81388 0 999 999 999 999 999 999 999 999 999
17 116.24 98.63 4 2 0 0.79794 0 999 999 999 999 999 999 999 999 999
17 81.771 89.518 1 3 0 2.5099 0 999 999 999 999 999 999 999 999 999
17 107.49 131.59 2 2 1 0.89398 0 999 999 999 999 999 999 999 999 999
17 77.653 103.16 1 3 0 2.5738 0 999 999 999 999 999 999 999 999 999
17 95.503 83.963 3 3 1 1.0218 0 999 999 999 999 999 999 999 999 999
17 107.49 131.59 2 2 1 0.55804 0 999 999 999 999 999 999 999 999 999
17 100.69 85.915 3 3 1 0.7979 0 999 999 999 999 999 999 999 999 999
17 133.28 93.748 4 4 1 0.734 0 999 999 999 999 999 999 999 999 999
17 88.952 121.35 2 2 1 1.2298 0 999 999 999 999 999 999 999 999 999
17 111.12 88.827 4 3 0 0.70182 0 999 999 999 999 999 999 999 999 999
17 95.503 83.963 3 3 1 0.71789 0 999 999 999 999 999 999 999 999 999
17 132.46 101.5 4 4 1 2.0459 0 999 999 999 999 999 999 999 999 999
17 88.952 121.35 2 2 1 0.65398 0 999 999 999 999 999 999 999 999 999
17 133.28 93.748 4 4 1 0.71784 0 999 999 999 999 999 999 999 999 999
17 103.41 93.881 3 3 1 0.94198 0 999 999 999 999 999 999 999 999 999
17 71.138 111.16 1 2 0 0.58984 0 999 999 999 999 999 999 999 999 999
17 115.63 59.327 3 3 1 0.87786 0 999 999 999 999 999 999 999 999 999
17 77.653 103.16 1 2 0 0.63798 0 999 999 999 999 999 999 999 999 999
