1 57.944 108.53 1 1 1 1.4737 0 999 999 999 999 999 999 999 999 999
1 77.996 138.9 2 4 0 1.0778 0 999 999 999 999 999 999 999 999 999
1 71.973 90.771 1 1 1 1.0218 0 999 999 999 999 999 999 999 999 999
1 88.072 95.295 3 1 0 0.95786 0 999 999 999 999 999 999 999 999 999
1 81.981 121.61 2 1 0 0.78184 0 999 999 999 999 999 999 999 999 999
1 129.27 110.53 4 3 0 0.91048 0 999 999 999 999 999 999 999 999 999
1 87.404 85.193 1 1 1 0.71777 0 999 999 999 999 999 999 999 999 999
1 95.081 127.76 2 2 1 2.4297 0 999 999 999 999 999 999 999 999 999
1 63.482 103.95 1 4 0 1.3738 0 999 999 999 999 999 999 999 999 999
1 91.842 71.337 3 3 1 1.1179 0 999 999 999 999 999 999 999 999 999
1 120.24 121.04 4 2 0 1.742 0 999 999 999 999 999 999 999 999 999
1 84.668 102.47 1 1 1 0.6699 0 999 999 999 999 999 999 999 999 999
1 105.36 154.71 2 4 0 1.1019 0 999 999 999 999 999 999 999 999 999
1 106.83 106.72 4 4 1 0.92592 0 999 999 999 999 999 999 999 999 999
1 63.482 103.95 1 1 1 0.86193 0 999 999 999 999 999 999 999 999 999
1 106.93 128.95 2 4 0 1.0219 0 999 999 999 999 999 999 999 999 999
1 127.27 89.02 4 2 0 1.1819 0 999 999 999 999 999 999 999 999 999
1 55.679 106.22 1 1 1 0.78181 0 999 999 999 999 999 999 999 999 999
1 91.842 71.337 3 2 0 1.326 0 999 999 999 999 999 999 999 999 999
1 79.562 58.117 3 3 1 1.006 0 999 999 999 999 999 999 999 999 999
1 106.83 106.72 4 4 1 1.4378 0 999 999 999 999 999 999 999 999 999
1 101.16 111.54 2 4 0 1.1979 0 999 999 999 999 999 999 999 999 999
1 87.404 85.193 1 2 0 1.0698 0 999 999 999 999 999 999 999 999 999
1 79.308 84.335 1 1 1 0.60593 0 999 999 999 999 999 999 999 999 999
1 116.93 89.716 4 4 1 1.0859 0 999 999 999 999 999 999 999 999 999
1 79.308 84.335 1 1 1 0.81389 0 999 999 999 999 999 999 999 999 999
1 77.996 138.9 2 1 0 0.84599 0 999 999 999 999 999 999 999 999 999
1 57.944 108.53 1 1 1 0.49393 0 999 999 999 999 999 999 999 999 999
1 85.629 124.97 2 4 0 0.57391 0 999 999 999 999 999 999 999 999 999
1 90.76 129.19 2 2 1 0.33387 0 999 999 999 999 999 999 999 999 999
1 90.76 129.19 2 3 0 0.25374 0 999 999 999 999 999 999 999 999 999
1 91.842 71.337 3 1 0 0.25388 0 999 999 999 999 999 999 999 999 999
1 116.93 89.716 4 2 0 0.68592 0 999 999 999 999 999 999 999 999 999
1 87.361 76.845 3 1 0 0.67003 0 999 999 999 999 999 999 999 999 999
1 95.081 127.76 2 4 0 0.57383 0 999 999 999 999 999 999 999 999 999
1 63.482 103.95 1 3 0 0.36591 0 999 999 999 999 999 999 999 999 999
1 79.562 58.117 3 1 0 1.1179 0 999 999 999 999 999 999 999 999 999
1 85.629 124.97 2 2 1 1.2138 0 999 999 999 999 999 999 999 999 999
1 95.081 127.76 2 2 1 0.68593 0 999 999 999 999 999 999 999 999 999
1 114.9 107.25 4 4 1 0.68595 0 999 999 999 999 999 999 999 999 999
1 81.981 121.61 2 4 0 0.81389 0 999 999 999 999 999 999 999 999 999
1 120.24 121.04 4 4 1 1.1819 0 999 999 999 999 999 999 999 999 999
1 63.482 103.95 1 1 1 0.79781 0 999 999 999 999 999 999 999 999 999
1 77.996 138.9 2 1 0 0.74986 0 999 999 999 999 999 999 999 999 999
1 127.27 89.02 4 3 0 0.98986 0 999 999 999 999 999 999 999 999 999
1 79.308 84.335 1 1 1 0.95785 0 999 999 999 999 999 999 999 999 999
1 87.361 76.845 3 1 0 1.1179 0 999 999 999 999 999 999 999 999 999
1 63.482 103.95 1 1 1 0.73385 0 999 999 999 999 999 999 999 999 999
1 55.679 106.22 1 1 1 0.62203 0 999 999 999 999 999 999 999 999 999
1 87.404 85.193 1 2 0 1.2139 0 999 999 999 999 999 999 999 999 999
2 71.674 97.759 1 1 1 0.66443 0 999 999 999 999 999 999 999 999 999
2 139.88 94.586 4 4 1 0.64601 0 999 999 999 999 999 999 999 999 999
2 122.11 107.64 4 4 1 0.66979 0 999 999 999 999 999 999 999 999 999
2 125.02 93.888 4 3 0 1.2619 0 999 999 999 999 999 999 999 999 999
2 118.28 119 2 4 0 0.65386 0 999 999 999 999 999 999 999 999 999
2 68.49 111.24 1 1 1 0.70188 0 999 999 999 999 999 999 999 999 999
2 126.81 118.76 4 2 0 0.36581 0 999 999 999 999 999 999 999 999 999
2 89.956 83.32 3 3 1 0.9899 0 999 999 999 999 999 999 999 999 999
2 102.03 81.111 3 4 0 1.4537 0 999 999 999 999 999 999 999 999 999
2 88.952 135.47 2 1 0 1.1019 0 999 999 999 999 999 999 999 999 999
2 119.86 102.5 4 3 0 0.31778 0 999 999 999 999 999 999 999 999 999
2 82.728 81.911 3 4 0 0.31774 0 999 999 999 999 999 999 999 999 999
2 91.337 75.35 3 2 0 1.2618 0 999 999 999 999 999 999 999 999 999
2 86.198 110.36 2 3 0 0.65385 0 999 999 999 999 999 999 999 999 999
2 119.86 102.5 4 3 0 0.79794 0 999 999 999 999 999 999 999 999 999
2 94.876 122.28 2 4 0 0.33396 0 999 999 999 999 999 999 999 999 999
2 115.63 67.162 3 3 1 0.68596 0 999 999 999 999 999 999 999 999 999
2 88.911 98.299 1 2 0 0.41384 0 999 999 999 999 999 999 999 999 999
2 101.08 67.776 3 4 0 0.81386 0 999 999 999 999 999 999 999 999 999
2 139.88 94.586 4 3 0 0.41379 0 999 999 999 999 999 999 999 999 999
2 91.337 75.35 3 2 0 0.045879 0 999 999 999 999 999 999 999 999 999
2 109 116.76 2 1 0 0.33388 0 999 999 999 999 999 999 999 999 999
2 124.87 105.09 4 2 0 0.87756 0 999 999 999 999 999 999 999 999 999
2 119.86 102.5 4 1 0 1.2779 0 999 999 999 999 999 999 999 999 999
2 124.87 105.09 4 4 1 1.0859 0 999 999 999 999 999 999 999 999 999
2 94.348 54.044 3 2 0 1.614 0 999 999 999 999 999 999 999 999 999
2 119.86 102.5 4 2 0 0.89382 0 999 999 999 999 999 999 999 999 999
2 101.08 67.776 3 1 0 1.214 0 999 999 999 999 999 999 999 999 999
2 127.71 109.88 4 3 0 1.4219 0 999 999 999 999 999 999 999 999 999
2 109 116.76 2 4 0 0.57389 0 999 999 999 999 999 999 999 999 999
2 89.956 83.32 3 1 0 0.41394 0 999 999 999 999 999 999 999 999 999
2 115.63 67.162 3 2 0 0.26986 0 999 999 999 999 999 999 999 999 999
2 109 116.76 2 3 0 0.013767 0 999 999 999 999 999 999 999 999 999
2 91.337 75.35 3 4 0 0.20588 0 999 999 999 999 999 999 999 999 999
2 94.876 122.28 2 1 0 0.70193 0 999 999 999 999 999 999 999 999 999
2 77.574 108.69 1 1 1 0.49397 0 999 999 999 999 999 999 999 999 999
2 126.81 118.76 4 2 0 0.22189 0 999 999 999 999 999 999 999 999 999
2 101.08 67.776 3 3 1 0.077762 0 999 999 999 999 999 999 999 999 999
2 71.674 97.759 1 3 0 0.33391 0 999 999 999 999 999 999 999 999 999
2 77.574 108.69 1 1 1 0.58992 0 999 999 999 999 999 999 999 999 999
2 126.81 118.76 4 4 1 0.23775 0 999 999 999 999 999 999 999 999 999
2 86.198 110.36 2 4 0 0.47789 0 999 999 999 999 999 999 999 999 999
2 69.509 103.19 1 3 0 0.2377 0 999 999 999 999 999 999 999 999 999
2 94.876 122.28 2 1 0 0.39776 0 999 999 999 999 999 999 999 999 999
2 139.88 94.586 4 3 0 0.12586 0 999 999 999 999 999 999 999 999 999
2 88.952 135.47 2 1 0 0.8939 0 999 999 999 999 999 999 999 999 999
2 139.88 94.586 4 3 0 1.0538 0 999 999 999 999 999 999 999 999 999
2 124.87 105.09 4 2 0 0.7819 0 999 999 999 999 999 999 999 999 999
2 139.88 94.586 4 2 0 0.79796 0 999 999 999 999 999 999 999 999 999
2 127.71 109.88 4 4 1 0.86195 0 999 999 999 999 999 999 999 999 999
3 110.47 90.149 3 4 0 0.69625 0 999 999 999 999 999 999 999 999 999
3 83.69 101.95 1 1 1 0.75892 0 999 999 999 999 999 999 999 999 999
3 127.1 113.37 4 2 0 1.3098 0 999 999 999 999 999 999 999 999 999
3 149.85 129.49 4 3 0 1.0859 0 999 999 999 999 999 999 999 999 999
3 100.45 75.458 3 3 1 1.2298 0 999 999 999 999 999 999 999 999 999
3 83.847 115.34 2 4 0 1.534 0 999 999 999 999 999 999 999 999 999
3 90.24 122.1 2 1 0 0.50988 0 999 999 999 999 999 999 999 999 999
3 91.698 143.28 2 2 1 1.3421 0 999 999 999 999 999 999 999 999 999
3 94.481 139.79 2 2 1 0.66992 0 999 999 999 999 999 999 999 999 999
3 128.1 98.541 4 4 1 1.198 0 999 999 999 999 999 999 999 999 999
3 107.32 121.33 2 4 0 0.90985 0 999 999 999 999 999 999 999 999 999
3 149.85 129.49 4 3 0 0.63782 0 999 999 999 999 999 999 999 999 999
3 78.451 92.02 1 1 1 0.74993 0 999 999 999 999 999 999 999 999 999
3 118.45 101.77 4 2 0 1.0059 0 999 999 999 999 999 999 999 999 999
3 74.074 121.4 1 1 1 0.73377 0 999 999 999 999 999 999 999 999 999
3 128.1 98.541 4 4 1 0.70182 0 999 999 999 999 999 999 999 999 999
3 92.722 118.62 2 2 1 0.50963 0 999 999 999 999 999 999 999 999 999
3 91.087 116.25 2 2 1 0.57382 0 999 999 999 999 999 999 999 999 999
3 92.722 118.62 2 2 1 0.74991 0 999 999 999 999 999 999 999 999 999
3 74.074 121.4 1 1 1 0.86189 0 999 999 999 999 999 999 999 999 999
3 83.847 115.34 2 2 1 0.89394 0 999 999 999 999 999 999 999 999 999
3 67.513 108.26 1 1 1 0.81389 0 999 999 999 999 999 999 999 999 999
3 100.45 75.458 3 3 1 0.86192 0 999 999 999 999 999 999 999 999 999
3 65.882 98.073 1 1 1 0.79785 0 999 999 999 999 999 999 999 999 999
3 107.32 121.33 2 4 0 1.1019 0 999 999 999 999 999 999 999 999 999
3 78.227 106.67 1 1 1 0.73395 0 999 999 999 999 999 999 999 999 999
3 83.69 101.95 1 1 1 0.57395 0 999 999 999 999 999 999 999 999 999
3 83.847 115.34 2 2 1 0.86205 0 999 999 999 999 999 999 999 999 999
3 107.91 79.516 3 4 0 1.1019 0 999 999 999 999 999 999 999 999 999
3 69.448 102.75 1 1 1 0.68587 0 999 999 999 999 999 999 999 999 999
3 78.451 92.02 1 1 1 0.7499 0 999 999 999 999 999 999 999 999 999
3 122.53 91.584 4 4 1 0.82995 0 999 999 999 999 999 999 999 999 999
3 96.553 65.457 3 3 1 0.98976 0 999 999 999 999 999 999 999 999 999
3 149.85 129.49 4 2 0 1.1658 0 999 999 999 999 999 999 999 999 999
3 149.85 129.49 4 2 0 0.92595 0 999 999 999 999 999 999 999 999 999
3 67.513 108.26 1 1 1 0.5899 0 999 999 999 999 999 999 999 999 999
3 100.29 69.413 3 3 1 0.84595 0 999 999 999 999 999 999 999 999 999
3 78.227 106.67 1 4 0 0.82997 0 999 999 999 999 999 999 999 999 999
3 109.25 119.29 2 2 1 0.47789 0 999 999 999 999 999 999 999 999 999
3 137.8 115.75 4 2 0 0.95785 0 999 999 999 999 999 999 999 999 999
3 137.8 115.75 4 4 1 0.60584 0 999 999 999 999 999 999 999 999 999
3 109.25 119.29 2 3 0 0.974 0 999 999 999 999 999 999 999 999 999
3 65.882 98.073 1 1 1 0.65384 0 999 999 999 999 999 999 999 999 999
3 71.871 106.8 1 1 1 0.62196 0 999 999 999 999 999 999 999 999 999
3 78.227 106.67 1 1 1 0.57394 0 999 999 999 999 999 999 999 999 999
3 107.91 79.516 3 3 1 0.74991 0 999 999 999 999 999 999 999 999 999
3 96.553 65.457 3 3 1 1.3898 0 999 999 999 999 999 999 999 999 999
3 96.553 65.457 3 3 1 0.87792 0 999 999 999 999 999 999 999 999 999
3 71.871 106.8 1 1 1 0.49386 0 999 999 999 999 999 999 999 999 999
3 100.29 69.413 3 3 1 0.73386 0 999 999 999 999 999 999 999 999 999
4 116.61 106.14 4 4 1 0.88888 0 999 999 999 999 999 999 999 999 999
4 67.057 105.32 1 1 1 0.77497 0 999 999 999 999 999 999 999 999 999
4 89.375 89.459 3 4 0 1.278 0 999 999 999 999 999 999 999 999 999
4 101.9 74.101 3 1 0 0.61527 0 999 999 999 999 999 999 999 999 999
4 81.771 109.84 1 1 1 0.68591 0 999 999 999 999 999 999 999 999 999
4 114.07 126.58 2 2 1 1.2938 0 999 999 999 999 999 999 999 999 999
4 71.185 111.46 1 1 1 0.81463 0 999 999 999 999 999 999 999 999 999
4 86.386 107.58 1 1 1 0.91914 0 999 999 999 999 999 999 999 999 999
4 93.356 137.95 2 2 1 3.3831 0 999 999 999 999 999 999 999 999 999
4 105.47 130.62 2 2 1 0.71795 0 999 999 999 999 999 999 999 999 999
4 128.97 82.461 4 3 0 0.76589 0 999 999 999 999 999 999 999 999 999
4 74.12 96.621 1 1 1 0.65401 0 999 999 999 999 999 999 999 999 999
4 71.185 111.46 1 1 1 0.66996 0 999 999 999 999 999 999 999 999 999
4 136.7 91.191 4 4 1 1.1658 0 999 999 999 999 999 999 999 999 999
4 133.69 99.716 4 4 1 0.76608 0 999 999 999 999 999 999 999 999 999
4 132.47 91.561 4 4 1 0.58987 0 999 999 999 999 999 999 999 999 999
4 148.4 105.18 4 2 0 0.92589 0 999 999 999 999 999 999 999 999 999
4 100.68 118.62 2 4 0 0.90995 0 999 999 999 999 999 999 999 999 999
4 80.038 77.533 1 1 1 0.63779 0 999 999 999 999 999 999 999 999 999
4 127.58 86.174 4 2 0 0.90982 0 999 999 999 999 999 999 999 999 999
4 67.057 105.32 1 1 1 0.47781 0 999 999 999 999 999 999 999 999 999
4 93.356 137.95 2 3 0 0.42987 0 999 999 999 999 999 999 999 999 999
4 128.97 82.461 4 4 1 0.43007 0 999 999 999 999 999 999 999 999 999
4 93.356 137.95 2 2 1 0.74994 0 999 999 999 999 999 999 999 999 999
4 127.58 86.174 4 3 0 0.54178 0 999 999 999 999 999 999 999 999 999
4 148.4 105.18 4 1 0 0.25388 0 999 999 999 999 999 999 999 999 999
4 86.386 107.58 1 1 1 0.55781 0 999 999 999 999 999 999 999 999 999
4 128.97 82.461 4 4 1 0.34987 0 999 999 999 999 999 999 999 999 999
4 116.61 106.14 4 3 0 0.52593 0 999 999 999 999 999 999 999 999 999
4 96.13 66.94 3 2 0 0.25381 0 999 999 999 999 999 999 999 999 999
4 77.653 86.568 1 3 0 0.60581 0 999 999 999 999 999 999 999 999 999
4 113.1 122.91 2 4 0 0.49389 0 999 999 999 999 999 999 999 999 999
4 67.057 105.32 1 1 1 0.54195 0 999 999 999 999 999 999 999 999 999
4 81.771 109.84 1 1 1 0.55781 0 999 999 999 999 999 999 999 999 999
4 128.04 115.08 4 4 1 0.58994 0 999 999 999 999 999 999 999 999 999
4 100.68 118.62 2 2 1 0.38194 0 999 999 999 999 999 999 999 999 999
4 109.85 56.667 3 3 1 0.70204 0 999 999 999 999 999 999 999 999 999
4 96.13 66.94 3 3 1 0.57373 0 999 999 999 999 999 999 999 999 999
4 105.47 130.62 2 4 0 1.1019 0 999 999 999 999 999 999 999 999 999
4 148.4 105.18 4 3 0 0.73391 0 999 999 999 999 999 999 999 999 999
4 94.408 72.423 3 3 1 0.82983 0 999 999 999 999 999 999 999 999 999
4 127.58 86.174 4 3 0 0.65392 0 999 999 999 999 999 999 999 999 999
4 77.653 86.568 1 1 1 0.78189 0 999 999 999 999 999 999 999 999 999
4 74.12 96.621 1 1 1 0.50989 0 999 999 999 999 999 999 999 999 999
4 109.85 56.667 3 3 1 0.66986 0 999 999 999 999 999 999 999 999 999
4 109.85 56.667 3 3 1 0.5739 0 999 999 999 999 999 999 999 999 999
4 128.04 115.08 4 2 0 0.90992 0 999 999 999 999 999 999 999 999 999
4 127.58 86.174 4 3 0 0.71777 0 999 999 999 999 999 999 999 999 999
4 113.1 122.91 2 4 0 0.65388 0 999 999 999 999 999 999 999 999 999
4 94.408 72.423 3 3 1 0.70184 0 999 999 999 999 999 999 999 999 999
5 91.515 127.5 2 1 0 0.82457 0 999 999 999 999 999 999 999 999 999
5 107.98 138.82 2 3 0 0.47048 0 999 999 999 999 999 999 999 999 999
5 101.76 126.35 2 4 0 0.52577 0 999 999 999 999 999 999 999 999 999
5 92.87 129.76 2 2 1 0.41383 0 999 999 999 999 999 999 999 999 999
5 96.998 119.36 2 2 1 0.49387 0 999 999 999 999 999 999 999 999 999
5 113.65 129.03 2 2 1 0.9259 0 999 999 999 999 999 999 999 999 999
5 106.52 75.548 3 3 1 0.74983 0 999 999 999 999 999 999 999 999 999
5 96.998 119.36 2 2 1 0.55792 0 999 999 999 999 999 999 999 999 999
5 83.552 108.52 1 2 0 0.71788 0 999 999 999 999 999 999 999 999 999
5 122.11 94.643 4 4 1 1.0378 0 999 999 999 999 999 999 999 999 999
5 56.719 99.987 1 1 1 0.79787 0 999 999 999 999 999 999 999 999 999
5 103.8 123.83 2 2 1 0.97399 0 999 999 999 999 999 999 999 999 999
5 123.16 75.402 3 3 1 0.94187 0 999 999 999 999 999 999 999 999 999
5 85.51 64.863 3 1 0 0.52589 0 999 999 999 999 999 999 999 999 999
5 116.24 95.045 4 3 0 1.7099 0 999 999 999 999 999 999 999 999 999
5 96.998 119.36 2 2 1 0.98995 0 999 999 999 999 999 999 999 999 999
5 87.703 120.2 1 2 0 0.82984 0 999 999 999 999 999 999 999 999 999
5 96.492 69.963 3 3 1 0.76581 0 999 999 999 999 999 999 999 999 999
5 87.703 120.2 1 2 0 0.8618 0 999 999 999 999 999 999 999 999 999
5 100.31 122.04 2 4 0 0.74994 0 999 999 999 999 999 999 999 999 999
5 92.034 81.41 3 3 1 0.71773 0 999 999 999 999 999 999 999 999 999
5 83.552 108.52 1 4 0 0.94193 0 999 999 999 999 999 999 999 999 999
5 100.31 122.04 2 2 1 0.73394 0 999 999 999 999 999 999 999 999 999
5 56.719 99.987 1 1 1 0.79787 0 999 999 999 999 999 999 999 999 999
5 92.87 129.76 2 2 1 1.2779 0 999 999 999 999 999 999 999 999 999
5 133.52 108.38 4 4 1 1.342 0 999 999 999 999 999 999 999 999 999
5 99.869 55.992 3 3 1 0.97386 0 999 999 999 999 999 999 999 999 999
5 96.998 119.36 2 2 1 0.71778 0 999 999 999 999 999 999 999 999 999
5 91.515 127.5 2 2 1 0.78196 0 999 999 999 999 999 999 999 999 999
5 122.11 94.643 4 2 0 0.70204 0 999 999 999 999 999 999 999 999 999
5 99.869 55.992 3 3 1 0.79793 0 999 999 999 999 999 999 999 999 999
5 96.492 69.963 3 2 0 0.79779 0 999 999 999 999 999 999 999 999 999
5 116.24 95.045 4 3 0 0.25368 0 999 999 999 999 999 999 999 999 999
5 106.52 75.548 3 1 0 0.22179 0 999 999 999 999 999 999 999 999 999
5 109.89 138.82 2 2 1 0.63794 0 999 999 999 999 999 999 999 999 999
5 75.503 103.02 1 1 1 0.81388 0 999 999 999 999 999 999 999 999 999
5 123.16 75.402 3 3 1 0.62189 0 999 999 999 999 999 999 999 999 999
5 75.503 103.02 1 3 0 0.57393 0 999 999 999 999 999 999 999 999 999
5 100.31 122.04 2 2 1 0.71796 0 999 999 999 999 999 999 999 999 999
5 122.11 94.643 4 3 0 0.7018 0 999 999 999 999 999 999 999 999 999
5 133.52 108.38 4 4 1 0.90997 0 999 999 999 999 999 999 999 999 999
5 106.52 75.548 3 3 1 1.1179 0 999 999 999 999 999 999 999 999 999
5 109.89 138.82 2 2 1 0.84599 0 999 999 999 999 999 999 999 999 999
5 106.52 75.548 3 4 0 1.4378 0 999 999 999 999 999 999 999 999 999
5 101.76 126.35 2 2 1 1.3739 0 999 999 999 999 999 999 999 999 999
5 103.8 123.83 2 2 1 1.4383 0 999 999 999 999 999 999 999 999 999
5 83.552 108.52 1 1 1 1.102 0 999 999 999 999 999 999 999 999 999
5 75.503 103.02 1 1 1 0.58988 0 999 999 999 999 999 999 999 999 999
5 109.89 138.82 2 2 1 0.7338 0 999 999 999 999 999 999 999 999 999
5 99.869 55.992 3 3 1 1.6139 0 999 999 999 999 999 999 999 999 999
6 78.275 106.47 1 1 1 1.4205 0 8 5 1 2 0 0 0 1 1.4205
6 102.56 94.826 3 3 1 0.7039 0 4 6 1 2 0 1 1 1 0.7039
6 125.38 103.67 4 4 1 0.8319 0 6 5 1 2 1 1 1 1 0.8319
6 65.574 113.49 1 1 1 1.184 0 9 4 1 2 0 0 0 1 1.184
6 87.493 104.13 1 1 1 1.152 0 9 5 1 2 1 1 1 1 1.152
6 107.25 141.1 2 2 1 0.60801 0 8 3 2 1 0 0 0 1 0.60801
6 103.41 63.931 3 3 1 0.76792 0 4 9 2 1 1 0 0 1 0.76792
6 126.13 109.65 4 4 1 0.6079 0 3 8 2 1 0 1 1 1 0.6079
6 74.84 99.69 1 1 1 0.41599 0 5 9 1 2 0 1 1 1 0.41599
6 94.301 81.103 3 1 0 0.78406 0 8 5 1 2 1 1 1 1 0.78406
6 100.12 149.74 2 4 0 0.91188 0 8 4 1 2 1 1 1 1 0.91188
6 154.99 93.55 4 4 1 0.49592 0 5 6 2 1 0 1 1 1 0.49592
6 94.301 81.103 3 1 0 0.60793 0 5 8 2 1 1 0 0 1 0.60793
6 76.579 120.11 1 1 1 2.288 0 5 7 2 1 1 0 0 1 2.288
6 143.86 105.37 4 4 1 0.63995 0 8 5 1 2 1 1 1 1 0.63995
6 120.28 126.84 2 2 1 0.5599 0 3 6 2 1 1 0 0 1 0.5599
6 93.953 136.37 2 1 0 0.38389 0 8 5 2 1 0 0 0 1 0.38389
6 84.963 113.27 2 4 0 0.47989 0 4 9 2 1 0 1 1 1 0.47989
6 66.681 97.217 1 1 1 0.78394 0 5 8 2 1 0 1 1 1 0.78394
6 63.436 98.916 1 1 1 1.4399 0 7 2 1 2 1 1 1 1 1.4399
6 143.86 105.37 4 4 1 1.0079 0 7 4 2 1 1 0 0 1 1.0079
6 108.76 78.24 3 3 1 0.4476 0 8 5 1 2 0 0 0 1 0.4476
6 70.559 94.566 1 1 1 0.59188 0 8 4 1 2 0 0 0 1 0.59188
6 103.41 63.931 3 3 1 0.41596 0 9 5 1 2 0 0 0 1 0.41596
6 76.579 120.11 1 1 1 0.62404 0 6 3 1 2 1 1 1 1 0.62404
6 84.963 113.27 2 4 0 0.4959 0 6 2 1 2 0 0 0 1 0.4959
6 76.579 120.11 1 1 1 0.94398 0 4 7 2 1 1 0 0 1 0.94398
6 87.545 116.05 2 4 0 1.664 0 2 9 2 1 0 1 1 1 1.664
6 107.27 71.596 3 3 1 0.97607 0 5 8 2 1 1 0 0 1 0.97607
6 120.28 126.84 2 4 0 0.91199 0 5 6 2 1 0 1 1 1 0.91199
6 66.681 97.217 1 1 1 1.0399 0 3 9 2 1 0 1 1 1 1.0399
6 154.99 93.55 4 4 1 0.51185 0 4 8 2 1 0 1 1 1 0.51185
6 126.13 109.65 4 4 1 0.86387 0 9 5 2 1 1 0 0 1 0.86387
6 93.953 136.37 2 2 1 0.56 0 8 3 1 2 1 1 1 1 0.56
6 118.33 98.963 4 4 1 0.78379 0 3 6 2 1 1 0 0 1 0.78379
6 65.574 113.49 1 1 1 0.68795 0 8 3 1 2 1 1 1 1 0.68795
6 118.33 98.963 4 4 1 1.008 0 3 8 2 1 0 1 1 1 1.008
6 94.301 81.103 3 3 1 0.60798 0 2 7 2 1 1 0 0 1 0.60798
6 102.16 69.971 3 3 1 0.76803 0 5 6 1 2 0 1 1 1 0.76803
6 93.937 73.971 3 3 1 1.136 0 7 5 1 2 0 0 0 1 1.136
6 65.574 113.49 1 1 1 0.84785 0 2 8 2 1 0 1 1 1 0.84785
6 124.09 102.89 4 4 1 0.67196 0 9 4 1 2 1 1 1 1 0.67196
6 87.545 116.05 2 2 1 1.168 0 4 9 2 1 0 1 1 1 1.168
6 65.574 113.49 1 1 1 0.79952 0 7 2 1 2 1 1 1 1 0.79952
6 93.937 73.971 3 3 1 1.1839 0 9 4 1 2 1 1 1 1 1.1839
6 120.28 126.84 2 2 1 0.96002 0 9 5 2 1 1 0 0 1 0.96002
6 124.09 102.89 4 4 1 1.2639 0 3 6 2 1 0 1 1 1 1.2639
6 124.09 102.89 4 4 1 0.6878 0 2 9 2 1 1 0 0 1 0.6878
6 102.16 69.971 3 3 1 0.91199 0 9 2 1 2 1 1 1 1 0.91199
6 126.49 79.367 4 3 0 0.99189 0 4 7 2 1 0 1 1 1 0.99189
7 110.61 128.04 2 2 1 1.662 1 4 8 2 1 1 0 0 1 1.662
7 90.661 125.34 2 1 0 1.5674 0 5 7 2 1 0 1 1 1 1.5674
7 94.993 65.476 3 3 1 0.78391 0 2 8 2 1 0 1 1 1 0.78391
7 75.224 110.73 1 1 1 0.86405 1 3 7 2 1 0 1 1 1 0.86405
7 79.913 94.748 1 1 1 1.0079 1 3 9 2 1 1 0 0 1 1.0079
7 116.68 128.14 2 2 1 0.68801 1 3 9 1 2 1 1 1 1 0.68801
7 81.135 103.16 1 4 0 1.1038 1 7 2 2 1 0 0 0 1 1.1038
7 77.029 107.51 1 1 1 1.168 1 9 2 1 2 1 1 1 1 1.168
7 95.906 134.06 2 2 1 0.67194 0 9 2 1 2 1 1 1 1 0.67194
7 108.83 50.881 3 3 1 0.59208 1 4 7 2 1 1 0 0 1 0.59208
7 131.4 94.212 4 4 1 0.86391 1 5 8 2 1 0 1 1 1 0.86391
7 119.94 65.784 3 3 1 1.0079 1 2 8 2 1 1 0 0 1 1.0079
7 64.004 119.66 1 1 1 1.1999 1 8 3 1 2 0 0 0 1 1.1999
7 94.993 65.476 3 3 1 1.1839 1 4 9 1 2 1 1 1 1 1.1839
7 81.135 103.16 1 4 0 0.89605 1 7 5 1 2 0 0 0 1 0.89605
7 121.1 105.74 4 4 1 0.97595 0 3 8 2 1 0 1 1 1 0.97595
7 121.88 100.78 4 4 1 0.76793 1 6 4 1 2 1 1 1 1 0.76793
7 123.55 108.75 4 4 1 0.65609 1 7 2 2 1 1 0 0 1 0.65609
7 96.639 82.881 3 4 0 0.83195 1 8 4 2 1 1 0 0 1 0.83195
7 136.64 98.452 4 4 1 0.65583 1 8 2 1 2 0 0 0 1 0.65583
7 136.64 98.452 4 4 1 0.51188 1 9 4 1 2 1 1 1 1 0.51188
7 121.1 105.74 4 4 1 0.67194 1 9 5 1 2 0 0 0 1 0.67194
7 106.2 49.697 3 3 1 0.65593 1 8 5 1 2 1 1 1 1 0.65593
7 87.689 72.852 3 3 1 0.55998 1 5 9 1 2 0 1 0 0 0.55998
7 120.78 115.45 4 4 1 0.91193 0 5 8 2 1 0 1 1 1 0.91193
7 74.093 109.31 1 1 1 1.5839 1 8 2 1 2 0 0 0 1 1.5839
7 65.483 92.867 1 1 1 0.73596 1 7 5 1 2 1 1 1 1 0.73596
7 131.21 95.301 4 4 1 0.73594 0 5 9 2 1 1 0 0 1 0.73594
7 103.58 67.085 3 3 1 0.94399 1 9 5 1 2 0 0 0 1 0.94399
7 87.689 72.852 3 3 1 0.51195 1 8 3 1 2 0 0 0 1 0.51195
7 113.2 112.93 4 4 1 1.2159 1 6 2 1 2 0 0 0 1 1.2159
7 111.29 82.169 3 4 0 0.86393 1 2 8 1 2 0 1 1 1 0.86393
7 106.2 49.697 3 3 1 0.416 1 2 8 2 1 1 0 0 1 0.416
7 120.78 115.45 4 4 1 0.64 1 9 5 1 2 1 1 1 1 0.64
7 119.94 65.784 3 3 1 0.52798 1 9 2 1 2 1 1 1 1 0.52798
7 75.224 110.73 1 1 1 0.75197 1 5 8 2 1 0 1 1 1 0.75197
7 103.58 67.085 3 3 1 0.7199 1 9 5 1 2 0 0 0 1 0.7199
7 74.093 109.31 1 1 1 1.3599 0 9 3 1 2 0 0 0 1 1.3599
7 90.957 118.01 2 2 1 0.55991 1 5 6 2 1 1 0 0 1 0.55991
7 79.913 94.748 1 1 1 1.3759 1 8 2 1 2 1 1 1 1 1.3759
7 119.94 65.784 3 3 1 0.59197 1 4 9 2 1 0 1 1 1 0.59197
7 64.004 119.66 1 1 1 1.616 0 5 9 2 1 1 0 0 1 1.616
7 90.957 118.01 2 1 0 0.46391 0 4 7 1 2 1 1 1 1 0.46391
7 77.029 107.51 1 1 1 0.91185 1 6 2 1 2 0 0 0 1 0.91185
7 123.55 108.75 4 4 1 1.0239 1 7 2 1 2 1 1 1 1 1.0239
7 113.2 112.93 4 4 1 0.79996 0 2 9 2 1 0 1 1 1 0.79996
7 106.2 49.697 3 3 1 0.38397 0 3 7 2 1 1 0 0 1 0.38397
7 65.483 92.867 1 1 1 0.97594 1 7 3 1 2 0 0 0 1 0.97594
7 111.29 82.169 3 4 0 1.264 1 4 9 2 1 0 1 1 1 1.264
7 108.83 50.881 3 3 1 1.648 0 2 7 2 1 1 0 0 1 1.648
8 129.21 92.579 4 4 1 3.3849 1 999 999 999 999 999 999 999 999 999
8 71.102 80.21 1 1 1 0.79086 1 999 999 999 999 999 999 999 999 999
8 96.142 78.382 3 3 1 3.1817 1 999 999 999 999 999 999 999 999 999
8 99.532 128.97 2 2 1 0.74982 0 999 999 999 999 999 999 999 999 999
8 95.479 68.199 3 3 1 1.0058 1 999 999 999 999 999 999 999 999 999
8 64.865 98.786 1 1 1 1.2459 1 999 999 999 999 999 999 999 999 999
8 76.145 124.97 1 2 0 0.71784 1 999 999 999 999 999 999 999 999 999
8 72.593 81.853 1 1 1 0.73375 1 999 999 999 999 999 999 999 999 999
8 94.161 127.92 2 2 1 0.92581 1 999 999 999 999 999 999 999 999 999
8 136.27 92.918 4 4 1 1.0538 1 999 999 999 999 999 999 999 999 999
8 99.532 128.97 2 2 1 0.86172 1 999 999 999 999 999 999 999 999 999
8 111.17 138.52 2 2 1 0.66975 0 999 999 999 999 999 999 999 999 999
8 101.77 79.112 3 4 0 1.8379 1 999 999 999 999 999 999 999 999 999
8 76.145 124.97 1 1 1 0.65393 1 999 999 999 999 999 999 999 999 999
8 77.293 96.275 1 1 1 0.63774 0 999 999 999 999 999 999 999 999 999
8 72.593 81.853 1 1 1 0.50978 1 999 999 999 999 999 999 999 999 999
8 108.87 102.71 4 4 1 1.2298 1 999 999 999 999 999 999 999 999 999
8 101.42 59.036 3 3 1 0.73379 1 999 999 999 999 999 999 999 999 999
8 101.77 79.112 3 3 1 0.58981 1 999 999 999 999 999 999 999 999 999
8 108.88 132.35 2 2 1 0.70181 1 999 999 999 999 999 999 999 999 999
8 135.33 118.94 4 2 0 0.79777 1 999 999 999 999 999 999 999 999 999
8 109.08 109.66 4 3 0 0.9258 1 999 999 999 999 999 999 999 999 999
8 89.613 50.535 3 3 1 0.65391 1 999 999 999 999 999 999 999 999 999
8 98.409 80.838 3 4 0 0.89397 1 999 999 999 999 999 999 999 999 999
8 129.21 92.579 4 4 1 0.82978 0 999 999 999 999 999 999 999 999 999
8 105.29 110.29 2 4 0 0.66985 1 999 999 999 999 999 999 999 999 999
8 99.892 112.8 2 4 0 1.182 1 999 999 999 999 999 999 999 999 999
8 89.613 50.535 3 1 0 1.1339 1 999 999 999 999 999 999 999 999 999
8 101.77 79.112 3 2 0 1.9339 0 999 999 999 999 999 999 999 999 999
8 109.08 109.66 4 2 0 0.4937 1 999 999 999 999 999 999 999 999 999
8 99.356 122.35 2 4 0 1.0378 1 999 999 999 999 999 999 999 999 999
8 89.613 50.535 3 3 1 0.78181 0 999 999 999 999 999 999 999 999 999
8 99.892 112.8 2 4 0 1.4699 1 999 999 999 999 999 999 999 999 999
8 101.42 59.036 3 3 1 0.73376 1 999 999 999 999 999 999 999 999 999
8 99.356 122.35 2 2 1 1.0378 1 999 999 999 999 999 999 999 999 999
8 121.31 105.16 4 4 1 1.0057 1 999 999 999 999 999 999 999 999 999
8 105.29 110.29 2 1 0 0.12562 1 999 999 999 999 999 999 999 999 999
8 119.21 87.285 4 3 0 0.013545 1 999 999 999 999 999 999 999 999 999
8 121.31 105.16 4 4 1 0.12584 0 999 999 999 999 999 999 999 999 999
8 108.87 102.71 4 2 0 0.22164 1 999 999 999 999 999 999 999 999 999
8 136.27 92.918 4 1 0 0.15769 0 999 999 999 999 999 999 999 999 999
8 76.145 124.97 1 1 1 0.52593 1 999 999 999 999 999 999 999 999 999
8 99.892 112.8 2 4 0 0.52577 1 999 999 999 999 999 999 999 999 999
8 99.892 112.8 2 4 0 0.57387 0 999 999 999 999 999 999 999 999 999
8 98.409 80.838 3 3 1 0.26989 0 999 999 999 999 999 999 999 999 999
8 136.27 92.918 4 2 0 0.14183 1 999 999 999 999 999 999 999 999 999
8 77.293 96.275 1 3 0 0.87887 1 999 999 999 999 999 999 999 999 999
8 102.34 134.14 2 4 0 0.12579 1 999 999 999 999 999 999 999 999 999
8 64.865 98.786 1 1 1 0.65378 0 999 999 999 999 999 999 999 999 999
8 96.142 78.382 3 1 0 0.30172 0 999 999 999 999 999 999 999 999 999
9 89.896 129.72 2 2 1 0.60085 1 999 999 999 999 999 999 999 999 999
9 123.77 86.517 4 3 0 0.30275 0 999 999 999 999 999 999 999 999 999
9 73.609 119.52 1 1 1 0.58994 1 999 999 999 999 999 999 999 999 999
9 130.46 98.246 4 3 0 2.9099 1 999 999 999 999 999 999 999 999 999
9 91.782 128.59 2 1 0 0.82963 1 999 999 999 999 999 999 999 999 999
9 133.28 84.683 4 3 0 1.0058 0 999 999 999 999 999 999 999 999 999
9 87.638 82.592 1 4 0 0.15787 1 999 999 999 999 999 999 999 999 999
9 75.862 116.23 1 1 1 0.23789 1 999 999 999 999 999 999 999 999 999
9 120.12 86.239 4 2 0 0.22168 0 999 999 999 999 999 999 999 999 999
9 85.609 160.68 2 4 0 0.12546 1 999 999 999 999 999 999 999 999 999
9 73.609 119.52 1 1 1 0.30178 1 999 999 999 999 999 999 999 999 999
9 75.862 116.23 1 1 1 0.46182 0 999 999 999 999 999 999 999 999 999
9 81.446 112.66 1 1 1 0.42988 1 999 999 999 999 999 999 999 999 999
9 136.74 109.92 4 4 1 1.166 1 999 999 999 999 999 999 999 999 999
9 123.59 71.13 3 3 1 0.50959 0 999 999 999 999 999 999 999 999 999
9 77.043 101.59 1 1 1 0.5739 1 999 999 999 999 999 999 999 999 999
9 82.785 51.709 3 4 0 0.20586 1 999 999 999 999 999 999 999 999 999
9 64.7 107.37 1 1 1 0.5259 1 999 999 999 999 999 999 999 999 999
9 98.473 69.825 3 3 1 2.3819 1 999 999 999 999 999 999 999 999 999
9 121.04 126.84 2 2 1 0.76569 1 999 999 999 999 999 999 999 999 999
9 97.692 70.835 3 4 0 0.95773 1 999 999 999 999 999 999 999 999 999
9 133.57 91.274 4 2 0 0.95793 1 999 999 999 999 999 999 999 999 999
9 64.7 107.37 1 1 1 0.74995 1 999 999 999 999 999 999 999 999 999
9 76.401 103.26 1 1 1 0.3658 1 999 999 999 999 999 999 999 999 999
9 72.976 90.106 1 1 1 0.47774 1 999 999 999 999 999 999 999 999 999
9 102.66 139.67 2 3 0 0.31778 1 999 999 999 999 999 999 999 999 999
9 97.692 70.835 3 3 1 0.90991 1 999 999 999 999 999 999 999 999 999
9 112.9 130.86 2 2 1 0.98994 1 999 999 999 999 999 999 999 999 999
9 63.9 86.468 1 1 1 0.84593 0 999 999 999 999 999 999 999 999 999
9 77.043 101.59 1 1 1 0.09373 1 999 999 999 999 999 999 999 999 999
9 73.609 119.52 1 4 0 0.31804 1 999 999 999 999 999 999 999 999 999
9 123.77 86.517 4 2 0 0.57394 1 999 999 999 999 999 999 999 999 999
9 90.796 84.376 3 3 1 0.47772 0 999 999 999 999 999 999 999 999 999
9 85.609 160.68 2 3 0 0.2537 0 999 999 999 999 999 999 999 999 999
9 133.57 91.274 4 4 1 0.093805 1 999 999 999 999 999 999 999 999 999
9 123.59 71.13 3 1 0 3.0699 1 999 999 999 999 999 999 999 999 999
9 75.862 116.23 1 4 0 0.28575 0 999 999 999 999 999 999 999 999 999
9 90.796 84.376 3 2 0 0.3498 0 999 999 999 999 999 999 999 999 999
9 97.692 70.835 3 3 1 0.36582 1 999 999 999 999 999 999 999 999 999
9 76.401 103.26 1 1 1 1.6619 1 999 999 999 999 999 999 999 999 999
9 98.473 69.825 3 4 0 1.2614 1 999 999 999 999 999 999 999 999 999
9 81.446 112.66 1 4 0 1.4858 1 999 999 999 999 999 999 999 999 999
9 102.66 139.67 2 2 1 1.4379 1 999 999 999 999 999 999 999 999 999
9 102.66 139.67 2 1 0 0.3178 1 999 999 999 999 999 999 999 999 999
9 112.9 130.86 2 1 0 0.30162 1 999 999 999 999 999 999 999 999 999
9 82.785 51.709 3 1 0 0.76587 1 999 999 999 999 999 999 999 999 999
9 64.7 107.37 1 3 0 0.4777 0 999 999 999 999 999 999 999 999 999
9 72.976 90.106 1 1 1 0.50985 0 999 999 999 999 999 999 999 999 999
9 75.862 116.23 1 1 1 0.3339 1 999 999 999 999 999 999 999 999 999
9 121.04 126.84 2 2 1 0.78199 1 999 999 999 999 999 999 999 999 999
10 78.163 88.377 1 1 1 0.64839 1 999 999 999 999 999 999 999 999 999
10 135.16 115.69 4 3 0 0.22934 1 999 999 999 999 999 999 999 999 999
10 94.916 141.24 2 4 0 0.22169 0 999 999 999 999 999 999 999 999 999
10 82.452 104.84 1 1 1 0.58984 1 999 999 999 999 999 999 999 999 999
10 65.786 73.353 1 1 1 0.60586 0 999 999 999 999 999 999 999 999 999
10 137.43 100.25 4 2 0 0.97391 1 999 999 999 999 999 999 999 999 999
10 123.62 121.99 2 2 1 0.60588 1 999 999 999 999 999 999 999 999 999
10 102.15 99.393 4 3 0 0.65375 1 999 999 999 999 999 999 999 999 999
10 97.064 68.655 3 3 1 0.6861 1 999 999 999 999 999 999 999 999 999
10 75.862 91.564 1 4 0 1.2299 1 999 999 999 999 999 999 999 999 999
10 107.76 92.051 4 4 1 0.62182 1 999 999 999 999 999 999 999 999 999
10 123.62 121.99 2 4 0 0.6378 1 999 999 999 999 999 999 999 999 999
10 75.862 91.564 1 1 1 0.79789 1 999 999 999 999 999 999 999 999 999
10 98.021 116.34 2 3 0 1.3898 1 999 999 999 999 999 999 999 999 999
10 70.98 100.09 1 2 0 0.33478 0 999 999 999 999 999 999 999 999 999
10 102.59 70.986 3 3 1 0.73382 1 999 999 999 999 999 999 999 999 999
10 123.62 121.99 2 2 1 0.87783 1 999 999 999 999 999 999 999 999 999
10 78.163 88.377 1 4 0 1.0537 1 999 999 999 999 999 999 999 999 999
10 77.928 86.067 1 3 0 0.76576 1 999 999 999 999 999 999 999 999 999
10 94.904 135.74 2 2 1 0.79784 1 999 999 999 999 999 999 999 999 999
10 78.163 88.377 1 3 0 0.98991 0 999 999 999 999 999 999 999 999 999
10 78.163 88.377 1 3 0 0.74975 0 999 999 999 999 999 999 999 999 999
10 137.43 100.25 4 4 1 0.8392 0 999 999 999 999 999 999 999 999 999
10 102.15 99.393 4 4 1 0.31777 0 999 999 999 999 999 999 999 999 999
10 65.786 73.353 1 1 1 0.15769 1 999 999 999 999 999 999 999 999 999
10 97.429 125.3 2 3 0 0.49464 1 999 999 999 999 999 999 999 999 999
10 97.429 125.3 2 4 0 0.73396 1 999 999 999 999 999 999 999 999 999
10 116.71 104.11 4 3 0 0.90982 1 999 999 999 999 999 999 999 999 999
10 99.229 128.11 2 4 0 0.66977 1 999 999 999 999 999 999 999 999 999
10 123.62 121.99 2 4 0 0.65383 0 999 999 999 999 999 999 999 999 999
10 99.229 128.11 2 2 1 0.4938 0 999 999 999 999 999 999 999 999 999
10 93.03 129.73 2 2 1 0.60596 1 999 999 999 999 999 999 999 999 999
10 65.786 73.353 1 4 0 0.045777 1 999 999 999 999 999 999 999 999 999
10 94.904 135.74 2 4 0 0.23783 0 999 999 999 999 999 999 999 999 999
10 116.71 104.11 4 1 0 1.6779 1 999 999 999 999 999 999 999 999 999
10 82.452 104.84 1 2 0 0.47781 0 999 999 999 999 999 999 999 999 999
10 137.43 100.25 4 4 1 0.41376 1 999 999 999 999 999 999 999 999 999
10 99.229 128.11 2 3 0 0.39772 1 999 999 999 999 999 999 999 999 999
10 78.163 88.377 1 3 0 1.5019 1 999 999 999 999 999 999 999 999 999
10 123.62 121.99 2 2 1 1.1179 1 999 999 999 999 999 999 999 999 999
10 99.229 128.11 2 2 1 0.8458 1 999 999 999 999 999 999 999 999 999
10 78.163 88.377 1 1 1 1.2139 1 999 999 999 999 999 999 999 999 999
10 102.59 70.986 3 1 0 1.3739 1 999 999 999 999 999 999 999 999 999
10 116.71 104.11 4 1 0 1.0538 1 999 999 999 999 999 999 999 999 999
10 97.064 68.655 3 3 1 1.5979 1 999 999 999 999 999 999 999 999 999
10 120.98 94.913 4 4 1 0.94178 1 999 999 999 999 999 999 999 999 999
10 94.17 82.638 3 4 0 0.55786 1 999 999 999 999 999 999 999 999 999
10 94.17 82.638 3 4 0 0.62187 0 999 999 999 999 999 999 999 999 999
10 108.36 78.622 3 3 1 0.33377 1 999 999 999 999 999 999 999 999 999
10 135.16 115.69 4 2 0 1.246 1 999 999 999 999 999 999 999 999 999
11 99.777 143.25 2 2 1 1.4009 0 999 999 999 999 999 999 999 999 999
11 58.433 105.17 1 1 1 0.95023 0 999 999 999 999 999 999 999 999 999
11 146.64 85.785 4 3 0 1.5978 1 999 999 999 999 999 999 999 999 999
11 123.32 73.328 3 3 1 0.70192 1 999 999 999 999 999 999 999 999 999
11 95.353 112.12 2 4 0 1.2454 0 999 999 999 999 999 999 999 999 999
11 88.565 86.306 1 3 0 1.2138 1 999 999 999 999 999 999 999 999 999
11 94.934 72.427 3 3 1 0.60569 1 999 999 999 999 999 999 999 999 999
11 121.21 92.771 4 4 1 1.1019 1 999 999 999 999 999 999 999 999 999
11 111.85 114.09 2 4 0 1.1819 1 999 999 999 999 999 999 999 999 999
11 98.179 90.996 3 4 0 1.6779 1 999 999 999 999 999 999 999 999 999
11 96.499 52.984 3 3 1 1.2619 0 999 999 999 999 999 999 999 999 999
11 94.558 125.95 2 4 0 1.0539 1 999 999 999 999 999 999 999 999 999
11 110.27 124.15 2 2 1 1.3738 1 999 999 999 999 999 999 999 999 999
11 106.63 76.385 3 3 1 1.3898 0 999 999 999 999 999 999 999 999 999
11 58.433 105.17 1 1 1 1.2458 1 999 999 999 999 999 999 999 999 999
11 70.959 108.9 1 1 1 0.94184 0 999 999 999 999 999 999 999 999 999
11 104.84 66.716 3 3 1 1.294 1 999 999 999 999 999 999 999 999 999
11 81.367 74.619 3 1 0 1.294 1 999 999 999 999 999 999 999 999 999
11 67.46 99.325 1 1 1 1.022 1 999 999 999 999 999 999 999 999 999
11 94.558 125.95 2 2 1 1.2458 0 999 999 999 999 999 999 999 999 999
11 94.558 125.95 2 4 0 1.438 1 999 999 999 999 999 999 999 999 999
11 133.95 108.11 4 4 1 1.2939 0 999 999 999 999 999 999 999 999 999
11 133.95 108.11 4 4 1 1.0219 1 999 999 999 999 999 999 999 999 999
11 104.2 117.37 2 4 0 1.1179 1 999 999 999 999 999 999 999 999 999
11 94.934 72.427 3 3 1 1.2617 1 999 999 999 999 999 999 999 999 999
11 87.138 126.84 2 4 0 0.89379 1 999 999 999 999 999 999 999 999 999
11 103.74 96.023 4 3 0 1.1177 1 999 999 999 999 999 999 999 999 999
11 124.18 101.5 4 4 1 1.0379 1 999 999 999 999 999 999 999 999 999
11 87.952 97.452 1 4 0 1.0219 1 999 999 999 999 999 999 999 999 999
11 84.361 121.21 2 4 0 1.774 0 999 999 999 999 999 999 999 999 999
11 103.74 96.023 4 3 0 1.3418 1 999 999 999 999 999 999 999 999 999
11 133.95 108.11 4 4 1 1.0539 1 999 999 999 999 999 999 999 999 999
11 70.959 108.9 1 1 1 1.8058 1 999 999 999 999 999 999 999 999 999
11 104.84 66.716 3 3 1 1.2138 0 999 999 999 999 999 999 999 999 999
11 94.934 72.427 3 3 1 1.4218 1 999 999 999 999 999 999 999 999 999
11 110.27 124.15 2 4 0 1.1339 1 999 999 999 999 999 999 999 999 999
11 104.2 117.37 2 4 0 0.6699 1 999 999 999 999 999 999 999 999 999
11 104.84 66.716 3 3 1 2.5439 1 999 999 999 999 999 999 999 999 999
11 111.85 114.09 2 4 0 0.68593 1 999 999 999 999 999 999 999 999 999
11 103.74 96.023 4 3 0 0.55807 1 999 999 999 999 999 999 999 999 999
11 76.242 91 1 3 0 0.7338 1 999 999 999 999 999 999 999 999 999
11 70.959 108.9 1 1 1 1.278 1 999 999 999 999 999 999 999 999 999
11 67.46 99.325 1 1 1 1.5818 1 999 999 999 999 999 999 999 999 999
11 111.85 114.09 2 2 1 2.1739 1 999 999 999 999 999 999 999 999 999
11 84.361 121.21 2 3 0 0.8458 0 999 999 999 999 999 999 999 999 999
11 87.952 97.452 1 3 0 1.5179 0 999 999 999 999 999 999 999 999 999
11 94.558 125.95 2 2 1 1.6619 1 999 999 999 999 999 999 999 999 999
11 98.179 90.996 3 3 1 1.1335 1 999 999 999 999 999 999 999 999 999
11 104.84 66.716 3 3 1 1.2296 1 999 999 999 999 999 999 999 999 999
11 133.95 108.11 4 4 1 1.8379 1 999 999 999 999 999 999 999 999 999
12 114.53 95.028 3 3 1 1.3033 1 999 999 999 999 999 999 999 999 999
12 142.53 101.9 4 3 0 1.5262 1 999 999 999 999 999 999 999 999 999
12 81.98 99.62 1 1 1 1.1979 0 999 999 999 999 999 999 999 999 999
12 86.84 68.211 3 1 0 0.47787 1 999 999 999 999 999 999 999 999 999
12 60.351 108.55 1 1 1 0.74989 1 999 999 999 999 999 999 999 999 999
12 102.12 52.566 3 3 1 0.81387 1 999 999 999 999 999 999 999 999 999
12 103.58 75.985 3 3 1 0.7978 1 999 999 999 999 999 999 999 999 999
12 93.601 115.57 2 4 0 1.0379 1 999 999 999 999 999 999 999 999 999
12 118 97.126 4 3 0 0.34962 1 999 999 999 999 999 999 999 999 999
12 71.068 106.7 1 3 0 0.39777 1 999 999 999 999 999 999 999 999 999
12 77.056 102.45 1 1 1 0.84593 1 999 999 999 999 999 999 999 999 999
12 115.33 112.37 2 4 0 1.5659 1 999 999 999 999 999 999 999 999 999
12 62.847 103.32 1 1 1 2.5417 0 999 999 999 999 999 999 999 999 999
12 149.08 101.59 4 3 0 0.76559 1 999 999 999 999 999 999 999 999 999
12 115.33 112.37 2 3 0 0.78179 1 999 999 999 999 999 999 999 999 999
12 106.33 68.872 3 3 1 0.87779 1 999 999 999 999 999 999 999 999 999
12 106.33 68.872 3 4 0 0.31786 0 999 999 999 999 999 999 999 999 999
12 142.53 101.9 4 4 1 0.89382 0 999 999 999 999 999 999 999 999 999
12 105.22 125.03 2 4 0 0.65369 1 999 999 999 999 999 999 999 999 999
12 98.642 83.574 3 3 1 0.62169 1 999 999 999 999 999 999 999 999 999
12 88.727 142.8 2 2 1 0.33386 1 999 999 999 999 999 999 999 999 999
12 102.26 80.253 3 1 0 0.78182 1 999 999 999 999 999 999 999 999 999
12 81.98 99.62 1 1 1 0.39768 1 999 999 999 999 999 999 999 999 999
12 114.94 119.11 2 4 0 1.6619 1 999 999 999 999 999 999 999 999 999
12 103.58 75.985 3 4 0 1.0378 0 999 999 999 999 999 999 999 999 999
12 136.19 102.76 4 3 0 0.20579 1 999 999 999 999 999 999 999 999 999
12 116.47 95.248 4 4 1 0.30188 1 999 999 999 999 999 999 999 999 999
12 136.19 102.76 4 2 0 0.94199 0 999 999 999 999 999 999 999 999 999
12 96.262 115.4 2 3 0 0.50977 1 999 999 999 999 999 999 999 999 999
12 106.33 68.872 3 3 1 0.50985 1 999 999 999 999 999 999 999 999 999
12 96.262 115.4 2 4 0 0.33393 0 999 999 999 999 999 999 999 999 999
12 149.08 101.59 4 2 0 0.41382 1 999 999 999 999 999 999 999 999 999
12 71.068 106.7 1 1 1 1.2138 0 999 999 999 999 999 999 999 999 999
12 105.22 125.03 2 4 0 0.86187 1 999 999 999 999 999 999 999 999 999
12 92.905 128.38 2 4 0 0.52567 1 999 999 999 999 999 999 999 999 999
12 118 97.126 4 3 0 0.84582 1 999 999 999 999 999 999 999 999 999
12 142.53 101.9 4 2 0 0.90981 1 999 999 999 999 999 999 999 999 999
12 115.33 112.37 2 2 1 0.2539 0 999 999 999 999 999 999 999 999 999
12 92.905 128.38 2 1 0 0.41383 1 999 999 999 999 999 999 999 999 999
12 96.262 115.4 2 1 0 0.92598 1 999 999 999 999 999 999 999 999 999
12 116.47 95.248 4 3 0 1.5977 0 999 999 999 999 999 999 999 999 999
12 114.94 119.11 2 4 0 0.81386 1 999 999 999 999 999 999 999 999 999
12 96.262 115.4 2 1 0 0.17384 1 999 999 999 999 999 999 999 999 999
12 60.351 108.55 1 3 0 0.5097 1 999 999 999 999 999 999 999 999 999
12 98.642 83.574 3 3 1 1.2459 0 999 999 999 999 999 999 999 999 999
12 81.98 99.62 1 2 0 0.39785 1 999 999 999 999 999 999 999 999 999
12 102.26 80.253 3 4 0 0.22177 1 999 999 999 999 999 999 999 999 999
12 136.19 102.76 4 3 0 1.2778 0 999 999 999 999 999 999 999 999 999
12 116.47 95.248 4 4 1 0.6858 1 999 999 999 999 999 999 999 999 999
12 88.727 142.8 2 1 0 0.30187 1 999 999 999 999 999 999 999 999 999
13 132.46 106.13 4 2 0 0.96879 1 999 999 999 999 999 999 999 999 999
13 99.288 80.325 3 1 0 0.16661 1 999 999 999 999 999 999 999 999 999
13 77.531 104.66 1 1 1 0.25381 1 999 999 999 999 999 999 999 999 999
13 134.62 106.89 4 4 1 0.14175 1 999 999 999 999 999 999 999 999 999
13 98.221 50.4 3 2 0 0.49375 1 999 999 999 999 999 999 999 999 999
13 101.47 137.41 2 2 1 0.33387 0 999 999 999 999 999 999 999 999 999
13 97.37 77.578 3 3 1 0.28573 1 999 999 999 999 999 999 999 999 999
13 74.106 78.352 1 1 1 0.97385 0 999 999 999 999 999 999 999 999 999
13 71.365 101.79 1 1 1 0.23779 0 999 999 999 999 999 999 999 999 999
13 64.79 99.981 1 4 0 0.12572 1 999 999 999 999 999 999 999 999 999
13 92.946 56.695 3 3 1 0.79791 1 999 999 999 999 999 999 999 999 999
13 88.576 132.76 2 4 0 0.78183 1 999 999 999 999 999 999 999 999 999
13 105.67 119.98 2 4 0 0.22184 1 999 999 999 999 999 999 999 999 999
13 80.145 92.921 1 4 0 0.077607 1 999 999 999 999 999 999 999 999 999
13 64.79 99.981 1 2 0 0.093836 1 999 999 999 999 999 999 999 999 999
13 64.79 99.981 1 1 1 0.22184 0 999 999 999 999 999 999 999 999 999
13 102.96 82.411 3 2 0 0.55878 1 999 999 999 999 999 999 999 999 999
13 75.797 133.45 2 1 0 0.60796 1 999 999 999 999 999 999 999 999 999
13 121.8 81.538 4 3 0 0.42973 1 999 999 999 999 999 999 999 999 999
13 116.75 102.43 4 4 1 0.30167 1 999 999 999 999 999 999 999 999 999
13 88.929 137.73 2 4 0 0.12578 1 999 999 999 999 999 999 999 999 999
13 112.99 83.775 3 2 0 0.36588 1 999 999 999 999 999 999 999 999 999
13 98.577 134.84 2 1 0 0.18965 1 999 999 999 999 999 999 999 999 999
13 64.79 99.981 1 1 1 0.41395 0 999 999 999 999 999 999 999 999 999
13 71.365 101.79 1 1 1 0.28585 1 999 999 999 999 999 999 999 999 999
13 64.79 99.981 1 2 0 0.34985 0 999 999 999 999 999 999 999 999 999
13 102.96 82.411 3 1 0 0.28572 0 999 999 999 999 999 999 999 999 999
13 77.572 85.795 1 1 1 0.26972 1 999 999 999 999 999 999 999 999 999
13 98.577 134.84 2 4 0 0.38173 1 999 999 999 999 999 999 999 999 999
13 123.18 94.302 4 3 0 0.28567 1 999 999 999 999 999 999 999 999 999
13 122.82 99.856 4 3 0 0.33385 0 999 999 999 999 999 999 999 999 999
13 124.48 78.177 4 4 1 16.046 1 999 999 999 999 999 999 999 999 999
13 122.82 99.856 4 1 0 0.58986 1 999 999 999 999 999 999 999 999 999
13 132.46 106.13 4 2 0 1.6458 1 999 999 999 999 999 999 999 999 999
13 101.47 137.41 2 2 1 2.2698 1 999 999 999 999 999 999 999 999 999
13 101.47 137.41 2 2 1 0.2858 1 999 999 999 999 999 999 999 999 999
13 98.221 50.4 3 3 1 1.8378 1 999 999 999 999 999 999 999 999 999
13 124.48 78.177 4 3 0 1.7415 1 999 999 999 999 999 999 999 999 999
13 99.288 80.325 3 4 0 0.061694 1 999 999 999 999 999 999 999 999 999
13 80.145 92.921 1 3 0 0.2217 1 999 999 999 999 999 999 999 999 999
13 77.572 85.795 1 1 1 1.1339 1 999 999 999 999 999 999 999 999 999
13 98.577 134.84 2 4 0 0.60579 1 999 999 999 999 999 999 999 999 999
13 123.18 94.302 4 2 0 0.17378 1 999 999 999 999 999 999 999 999 999
13 112.99 83.775 3 3 1 0.20652 1 999 999 999 999 999 999 999 999 999
13 75.797 133.45 2 4 0 0.20581 0 999 999 999 999 999 999 999 999 999
13 122.82 99.856 4 1 0 0.093743 1 999 999 999 999 999 999 999 999 999
13 134.62 106.89 4 2 0 0.14171 0 999 999 999 999 999 999 999 999 999
13 98.577 134.84 2 4 0 0.093829 0 999 999 999 999 999 999 999 999 999
13 97.37 77.578 3 3 1 0.30177 0 999 999 999 999 999 999 999 999 999
13 124.48 78.177 4 3 0 0.36598 1 999 999 999 999 999 999 999 999 999
14 89.205 113.38 2 4 0 0.52118 1 999 999 999 999 999 999 999 999 999
14 116.98 91.975 4 4 1 0.15079 1 999 999 999 999 999 999 999 999 999
14 138.91 113.5 4 2 0 0.22163 1 999 999 999 999 999 999 999 999 999
14 131.72 131.47 4 1 0 0.26976 1 999 999 999 999 999 999 999 999 999
14 61.124 102.95 1 3 0 0.10979 1 999 999 999 999 999 999 999 999 999
14 73.671 112.71 1 1 1 0.42989 1 999 999 999 999 999 999 999 999 999
14 73.671 112.71 1 4 0 0.20586 1 999 999 999 999 999 999 999 999 999
14 131.82 93.826 4 1 0 0.093776 1 999 999 999 999 999 999 999 999 999
14 73.671 112.71 1 3 0 0.20579 1 999 999 999 999 999 999 999 999 999
14 73.17 101.04 1 3 0 0.1736 1 999 999 999 999 999 999 999 999 999
14 90.988 124.8 2 2 1 0.20576 1 999 999 999 999 999 999 999 999 999
14 80.524 65.252 3 1 0 0.14172 0 999 999 999 999 999 999 999 999 999
14 127.81 121.82 4 4 1 0.22179 0 999 999 999 999 999 999 999 999 999
14 108.67 140.32 2 4 0 0.10969 1 999 999 999 999 999 999 999 999 999
14 98.872 84.464 3 1 0 0.28578 1 999 999 999 999 999 999 999 999 999
14 104.76 74.325 3 3 1 0.38262 1 999 999 999 999 999 999 999 999 999
14 82.918 86.667 3 2 0 0.8299 1 999 999 999 999 999 999 999 999 999
14 90.727 140.58 2 4 0 0.33393 1 999 999 999 999 999 999 999 999 999
14 110.69 65.829 3 1 0 1.31 0 999 999 999 999 999 999 999 999 999
14 107.49 141.27 2 4 0 0.42986 0 999 999 999 999 999 999 999 999 999
14 66.393 91.165 1 2 0 0.36587 1 999 999 999 999 999 999 999 999 999
14 90.727 140.58 2 4 0 0.7019 0 999 999 999 999 999 999 999 999 999
14 98.872 84.464 3 3 1 1.0378 1 999 999 999 999 999 999 999 999 999
14 82.918 86.667 3 4 0 1.2939 1 999 999 999 999 999 999 999 999 999
14 103.9 79.36 3 1 0 1.0698 1 999 999 999 999 999 999 999 999 999
14 108.67 140.32 2 3 0 0.57377 1 999 999 999 999 999 999 999 999 999
14 79.951 122.93 2 4 0 0.4938 1 999 999 999 999 999 999 999 999 999
14 108.93 112.82 4 1 0 0.71783 1 999 999 999 999 999 999 999 999 999
14 103.9 79.36 3 4 0 0.63777 1 999 999 999 999 999 999 999 999 999
14 103.82 131.59 2 4 0 0.38182 0 999 999 999 999 999 999 999 999 999
14 90.988 124.8 2 2 1 0.58992 1 999 999 999 999 999 999 999 999 999
14 106.46 71.214 3 2 0 0.39784 1 999 999 999 999 999 999 999 999 999
14 94.552 88.156 3 1 0 0.41395 0 999 999 999 999 999 999 999 999 999
14 106.46 71.214 3 4 0 0.39776 1 999 999 999 999 999 999 999 999 999
14 106.46 71.214 3 3 1 0.55787 0 999 999 999 999 999 999 999 999 999
14 73.17 101.04 1 1 1 1.8698 0 999 999 999 999 999 999 999 999 999
14 66.393 91.165 1 1 1 0.4299 0 999 999 999 999 999 999 999 999 999
14 89.205 113.38 2 4 0 1.5019 1 999 999 999 999 999 999 999 999 999
14 127.81 121.82 4 2 0 1.7095 1 999 999 999 999 999 999 999 999 999
14 138.91 113.5 4 2 0 1.0217 1 999 999 999 999 999 999 999 999 999
14 42.798 104.87 1 1 1 0.68586 1 999 999 999 999 999 999 999 999 999
14 89.205 113.38 2 1 0 0.73386 1 999 999 999 999 999 999 999 999 999
14 76.165 87.9 1 1 1 0.71785 1 999 999 999 999 999 999 999 999 999
14 42.798 104.87 1 3 0 0.062493 1 999 999 999 999 999 999 999 999 999
14 108.93 112.82 4 4 1 0.013706 0 999 999 999 999 999 999 999 999 999
14 104.76 74.325 3 1 0 0.18983 0 999 999 999 999 999 999 999 999 999
14 98.872 84.464 3 2 0 0.18987 1 999 999 999 999 999 999 999 999 999
14 61.124 102.95 1 4 0 0.36594 1 999 999 999 999 999 999 999 999 999
14 108.67 140.32 2 1 0 0.94191 1 999 999 999 999 999 999 999 999 999
14 79.951 122.93 2 1 0 0.74977 1 999 999 999 999 999 999 999 999 999
15 110.45 118.25 2 4 0 0.45694 0 999 999 999 999 999 999 999 999 999
15 125.82 99.67 4 4 1 0.1669 0 999 999 999 999 999 999 999 999 999
15 128.38 108.83 4 1 0 0.1258 0 999 999 999 999 999 999 999 999 999
15 91.631 124.97 2 3 0 0.20594 0 999 999 999 999 999 999 999 999 999
15 124.48 95.854 4 1 0 0.15793 0 999 999 999 999 999 999 999 999 999
15 111.12 83.819 4 2 0 0.14184 0 999 999 999 999 999 999 999 999 999
15 92.969 67.354 3 2 0 0.20584 0 999 999 999 999 999 999 999 999 999
15 135.28 117.5 4 4 1 0.38197 0 999 999 999 999 999 999 999 999 999
15 90.777 73.775 3 1 0 0.14172 0 999 999 999 999 999 999 999 999 999
15 90.777 73.775 3 4 0 0.34979 0 999 999 999 999 999 999 999 999 999
15 108.88 135.86 2 3 0 0.25383 0 999 999 999 999 999 999 999 999 999
15 80.323 92.389 1 4 0 0.70191 0 999 999 999 999 999 999 999 999 999
15 94.439 78.518 3 3 1 0.18975 0 999 999 999 999 999 999 999 999 999
15 58.379 109.99 1 1 1 1.5821 0 999 999 999 999 999 999 999 999 999
15 104.77 130.18 2 1 0 0.60587 0 999 999 999 999 999 999 999 999 999
15 125.82 99.67 4 2 0 1.246 0 999 999 999 999 999 999 999 999 999
15 80.323 92.389 1 2 0 0.55794 0 999 999 999 999 999 999 999 999 999
15 92.969 67.354 3 1 0 0.70188 0 999 999 999 999 999 999 999 999 999
15 94.439 78.518 3 1 0 1.2139 0 999 999 999 999 999 999 999 999 999
15 109.41 75.886 3 4 0 16.27 0 999 999 999 999 999 999 999 999 999
15 90.777 73.775 3 3 1 0.36593 0 999 999 999 999 999 999 999 999 999
15 119.71 102.71 4 3 0 3.262 0 999 999 999 999 999 999 999 999 999
15 110.45 118.25 2 4 0 0.18977 0 999 999 999 999 999 999 999 999 999
15 71 104.28 1 1 1 0.8618 0 999 999 999 999 999 999 999 999 999
15 131.93 109.03 4 1 0 1.806 0 999 999 999 999 999 999 999 999 999
15 131.93 109.03 4 2 0 0.17391 0 999 999 999 999 999 999 999 999 999
15 108.88 135.86 2 2 1 0.093721 0 999 999 999 999 999 999 999 999 999
15 135.28 117.5 4 1 0 0.31774 0 999 999 999 999 999 999 999 999 999
15 108.88 135.86 2 4 0 0.4618 0 999 999 999 999 999 999 999 999 999
15 110.47 124.98 2 1 0 0.17387 0 999 999 999 999 999 999 999 999 999
15 98.277 132.06 2 2 1 0.20582 0 999 999 999 999 999 999 999 999 999
15 56.686 90.416 1 1 1 0.50989 0 999 999 999 999 999 999 999 999 999
15 72.507 103.39 1 1 1 0.63787 0 999 999 999 999 999 999 999 999 999
15 98.277 132.06 2 4 0 0.50988 0 999 999 999 999 999 999 999 999 999
15 72.507 103.39 1 1 1 0.58984 0 999 999 999 999 999 999 999 999 999
15 125.82 99.67 4 4 1 0.84586 0 999 999 999 999 999 999 999 999 999
15 135.28 117.5 4 2 0 0.63776 0 999 999 999 999 999 999 999 999 999
15 56.686 90.416 1 1 1 0.55786 0 999 999 999 999 999 999 999 999 999
15 80.323 92.389 1 1 1 0.6059 0 999 999 999 999 999 999 999 999 999
15 131.93 109.03 4 4 1 0.60589 0 999 999 999 999 999 999 999 999 999
15 90.921 90.552 3 3 1 0.34997 0 999 999 999 999 999 999 999 999 999
15 56.686 90.416 1 2 0 0.23789 0 999 999 999 999 999 999 999 999 999
15 110.47 124.98 2 2 1 0.71777 0 999 999 999 999 999 999 999 999 999
15 72.087 97.48 1 1 1 0.68585 0 999 999 999 999 999 999 999 999 999
15 90.921 90.552 3 3 1 0.6218 0 999 999 999 999 999 999 999 999 999
15 80.323 92.389 1 3 0 0.71776 0 999 999 999 999 999 999 999 999 999
15 72.087 97.48 1 1 1 0.79775 0 999 999 999 999 999 999 999 999 999
15 58.379 109.99 1 1 1 0.70186 0 999 999 999 999 999 999 999 999 999
15 111.12 83.819 4 3 0 0.82985 0 999 999 999 999 999 999 999 999 999
15 98.277 132.06 2 2 1 0.66992 0 999 999 999 999 999 999 999 999 999
16 130.3 101.29 4 4 1 1.081 0 999 999 999 999 999 999 999 999 999
16 64.475 101.21 1 1 1 0.64722 0 999 999 999 999 999 999 999 999 999
16 89.463 144.64 2 2 1 0.65382 0 999 999 999 999 999 999 999 999 999
16 60.98 107.6 1 1 1 0.8939 0 999 999 999 999 999 999 999 999 999
16 104.9 110.19 2 4 0 0.52585 0 999 999 999 999 999 999 999 999 999
16 138.16 106.39 4 4 1 0.57383 0 999 999 999 999 999 999 999 999 999
16 62.668 100.38 1 1 1 0.6539 0 999 999 999 999 999 999 999 999 999
16 64.23 91.433 1 1 1 0.52592 0 999 999 999 999 999 999 999 999 999
16 104.31 125.87 2 2 1 0.8139 0 999 999 999 999 999 999 999 999 999
16 120.26 108.19 4 2 0 0.70188 0 999 999 999 999 999 999 999 999 999
16 95.087 136.75 2 2 1 0.60592 0 999 999 999 999 999 999 999 999 999
16 65.272 104.33 1 1 1 0.66999 0 999 999 999 999 999 999 999 999 999
16 131.6 94.112 4 3 0 0.82974 0 999 999 999 999 999 999 999 999 999
16 91.41 91.893 3 3 1 0.70187 0 999 999 999 999 999 999 999 999 999
16 103.61 71.129 3 3 1 0.60574 0 999 999 999 999 999 999 999 999 999
16 107.34 105.78 2 4 0 1.358 0 999 999 999 999 999 999 999 999 999
16 91.41 91.893 3 3 1 0.95788 0 999 999 999 999 999 999 999 999 999
16 88.909 64.121 3 3 1 1.0218 0 999 999 999 999 999 999 999 999 999
16 62.668 100.38 1 1 1 0.68591 0 999 999 999 999 999 999 999 999 999
16 107.34 105.78 2 2 1 0.79786 0 999 999 999 999 999 999 999 999 999
16 103.61 71.129 3 1 0 0.54196 0 999 999 999 999 999 999 999 999 999
16 107.88 123.8 2 2 1 0.76581 0 999 999 999 999 999 999 999 999 999
16 91.988 69.134 3 3 1 0.81372 0 999 999 999 999 999 999 999 999 999
16 117.5 67.523 3 3 1 0.62179 0 999 999 999 999 999 999 999 999 999
16 117.5 67.523 3 3 1 0.63793 0 999 999 999 999 999 999 999 999 999
16 146.57 97.203 4 4 1 0.6379 0 999 999 999 999 999 999 999 999 999
16 91.41 91.893 3 3 1 0.97391 0 999 999 999 999 999 999 999 999 999
16 104.43 121.92 2 2 1 0.71782 0 999 999 999 999 999 999 999 999 999
16 81.79 108.78 2 2 1 0.57377 0 999 999 999 999 999 999 999 999 999
16 103.61 71.129 3 3 1 0.60584 0 999 999 999 999 999 999 999 999 999
16 146.57 97.203 4 4 1 0.57389 0 999 999 999 999 999 999 999 999 999
16 88.689 95.854 1 1 1 0.60588 0 999 999 999 999 999 999 999 999 999
16 104.43 121.92 2 2 1 0.1419 0 999 999 999 999 999 999 999 999 999
16 64.475 101.21 1 1 1 0.89384 0 999 999 999 999 999 999 999 999 999
16 138.16 106.39 4 4 1 0.79774 0 999 999 999 999 999 999 999 999 999
16 62.668 100.38 1 1 1 0.7339 0 999 999 999 999 999 999 999 999 999
16 64.23 91.433 1 1 1 0.84598 0 999 999 999 999 999 999 999 999 999
16 91.41 91.893 3 2 0 0.65388 0 999 999 999 999 999 999 999 999 999
16 104.43 121.92 2 2 1 0.86185 0 999 999 999 999 999 999 999 999 999
16 91.41 91.893 3 2 0 0.60574 0 999 999 999 999 999 999 999 999 999
16 91.988 69.134 3 2 0 0.57391 0 999 999 999 999 999 999 999 999 999
16 88.689 95.854 1 4 0 1.0857 0 999 999 999 999 999 999 999 999 999
16 107.34 105.78 2 4 0 1.0219 0 999 999 999 999 999 999 999 999 999
16 111.72 84.582 4 3 0 2.1418 0 999 999 999 999 999 999 999 999 999
16 111.72 84.582 4 2 0 0.30189 0 999 999 999 999 999 999 999 999 999
16 146.57 97.203 4 4 1 1.518 0 999 999 999 999 999 999 999 999 999
16 88.689 95.854 1 1 1 1.1978 0 999 999 999 999 999 999 999 999 999
16 131.6 94.112 4 4 1 0.90993 0 999 999 999 999 999 999 999 999 999
16 81.79 108.78 2 1 0 0.55766 0 999 999 999 999 999 999 999 999 999
16 138.16 106.39 4 4 1 0.74979 0 999 999 999 999 999 999 999 999 999
17 109.42 55.479 3 3 1 0.90437 0 999 999 999 999 999 999 999 999 999
17 103.34 136.73 2 2 1 0.7737 0 999 999 999 999 999 999 999 999 999
17 109.3 91.08 4 3 0 0.6378 0 999 999 999 999 999 999 999 999 999
17 71.138 90.463 1 3 0 1.118 0 999 999 999 999 999 999 999 999 999
17 83.244 60.196 3 1 0 0.52583 0 999 999 999 999 999 999 999 999 999
17 123.04 104.15 4 2 0 0.62177 0 999 999 999 999 999 999 999 999 999
17 95.99 54.02 3 1 0 0.63798 0 999 999 999 999 999 999 999 999 999
17 105.49 127.32 2 2 1 0.6378 0 999 999 999 999 999 999 999 999 999
17 99.281 142.17 2 2 1 0.60587 0 999 999 999 999 999 999 999 999 999
17 95.81 77.257 3 4 0 1.0218 0 999 999 999 999 999 999 999 999 999
17 112.41 96.662 4 4 1 1.4219 0 999 999 999 999 999 999 999 999 999
17 54.54 87.646 1 1 1 1.0058 0 999 999 999 999 999 999 999 999 999
17 106.96 128.23 2 2 1 1.1659 0 999 999 999 999 999 999 999 999 999
17 71.138 90.463 1 1 1 1.3579 0 999 999 999 999 999 999 999 999 999
17 90.49 74.96 1 1 1 0.73379 0 999 999 999 999 999 999 999 999 999
17 126.25 104.32 4 4 1 2.0138 0 999 999 999 999 999 999 999 999 999
17 106.96 128.23 2 2 1 0.98982 0 999 999 999 999 999 999 999 999 999
17 90.49 74.96 1 3 0 2.9259 0 999 999 999 999 999 999 999 999 999
17 101.55 83.49 3 4 0 1.0698 0 999 999 999 999 999 999 999 999 999
17 109.02 110.12 4 3 0 0.26973 0 999 999 999 999 999 999 999 999 999
17 95.81 77.257 3 3 1 1.3418 0 999 999 999 999 999 999 999 999 999
17 109.02 110.12 4 4 1 1.0058 0 999 999 999 999 999 999 999 999 999
17 112.1 110.05 4 4 1 1.1019 0 999 999 999 999 999 999 999 999 999
17 113.19 97.778 4 3 0 1.374 0 999 999 999 999 999 999 999 999 999
17 143.61 105.28 4 2 0 0.30187 0 999 999 999 999 999 999 999 999 999
17 113.19 97.778 4 3 0 1.8699 0 999 999 999 999 999 999 999 999 999
17 54.54 87.646 1 1 1 0.57366 0 999 999 999 999 999 999 999 999 999
17 74.269 102.65 1 1 1 0.60583 0 999 999 999 999 999 999 999 999 999
17 107.71 121.06 2 4 0 0.84582 0 999 999 999 999 999 999 999 999 999
17 74.269 102.65 1 1 1 0.60583 0 999 999 999 999 999 999 999 999 999
17 112.1 110.05 4 3 0 0.68586 0 999 999 999 999 999 999 999 999 999
17 94.46 68.6 3 1 0 0.622 0 999 999 999 999 999 999 999 999 999
17 71.138 90.463 1 1 1 0.78186 0 999 999 999 999 999 999 999 999 999
17 107.7 55.048 3 3 1 0.63788 0 999 999 999 999 999 999 999 999 999
17 94.46 68.6 3 3 1 0.68591 0 999 999 999 999 999 999 999 999 999
17 107.71 121.06 2 4 0 0.81389 0 999 999 999 999 999 999 999 999 999
17 112.41 96.662 4 3 0 0.8298 0 999 999 999 999 999 999 999 999 999
17 143.61 105.28 4 3 0 0.78195 0 999 999 999 999 999 999 999 999 999
17 54.54 87.646 1 1 1 0.62192 0 999 999 999 999 999 999 999 999 999
17 109.3 91.08 4 3 0 0.78183 0 999 999 999 999 999 999 999 999 999
17 126.25 104.32 4 4 1 0.942 0 999 999 999 999 999 999 999 999 999
17 95.99 54.02 3 3 1 0.71783 0 999 999 999 999 999 999 999 999 999
17 99.281 142.17 2 2 1 1.6619 0 999 999 999 999 999 999 999 999 999
17 94.46 68.6 3 3 1 0.81381 0 999 999 999 999 999 999 999 999 999
17 74.269 102.65 1 2 0 0.60597 0 999 999 999 999 999 999 999 999 999
17 123.04 104.15 4 3 0 0.66985 0 999 999 999 999 999 999 999 999 999
17 107.71 121.06 2 4 0 1.1019 0 999 999 999 999 999 999 999 999 999
17 71.138 90.463 1 1 1 0.70187 0 999 999 999 999 999 999 999 999 999
17 99.281 142.17 2 2 1 0.79789 0 999 999 999 999 999 999 999 999 999
17 112.1 110.05 4 4 1 0.95777 0 999 999 999 999 999 999 999 999 999
