1 129.21 95.854 4 2 0 0.89591 0 999 999 999 999 999 999 999 999 999
1 102.03 69.413 3 1 0 1.0938 0 999 999 999 999 999 999 999 999 999
1 63.689 91.165 1 2 0 1.2458 0 999 999 999 999 999 999 999 999 999
1 75.961 99.62 1 1 1 1.1499 0 999 999 999 999 999 999 999 999 999
1 84.361 129.25 2 4 0 1.2457 0 999 999 999 999 999 999 999 999 999
1 107.32 110.29 2 3 0 1.7906 0 999 999 999 999 999 999 999 999 999
1 69.777 119.52 1 1 1 1.0058 0 999 999 999 999 999 999 999 999 999
1 56.719 70.699 1 1 1 0.71793 0 999 999 999 999 999 999 999 999 999
1 81.981 119.43 2 1 0 2.67 0 999 999 999 999 999 999 999 999 999
1 133.64 92.051 4 2 0 0.81398 0 999 999 999 999 999 999 999 999 999
1 123.6 105.18 4 1 0 0.9739 0 999 999 999 999 999 999 999 999 999
1 81.981 119.43 2 4 0 2.382 0 999 999 999 999 999 999 999 999 999
1 79.562 87.235 3 3 1 0.98994 0 999 999 999 999 999 999 999 999 999
1 99.035 75.402 3 3 1 2.0939 0 999 999 999 999 999 999 999 999 999
1 116.12 108.11 4 3 0 1.326 0 999 999 999 999 999 999 999 999 999
1 99.136 82.627 3 4 0 1.2299 0 999 999 999 999 999 999 999 999 999
1 124.18 99.186 4 1 0 0.67004 0 999 999 999 999 999 999 999 999 999
1 79.562 87.235 3 1 0 0.94194 0 999 999 999 999 999 999 999 999 999
1 129.21 95.854 4 3 0 0.66975 0 999 999 999 999 999 999 999 999 999
1 67.057 103.26 1 1 1 1.038 0 999 999 999 999 999 999 999 999 999
1 124.5 85.663 4 2 0 0.78204 0 999 999 999 999 999 999 999 999 999
1 123.6 105.18 4 4 1 3.2778 0 999 999 999 999 999 999 999 999 999
1 96.455 114.79 2 3 0 1.5979 0 999 999 999 999 999 999 999 999 999
1 39.473 94.493 1 1 1 0.60596 0 999 999 999 999 999 999 999 999 999
1 84.668 103.95 1 4 0 1.1339 0 999 999 999 999 999 999 999 999 999
1 99.035 75.402 3 4 0 1.2139 0 999 999 999 999 999 999 999 999 999
1 102.03 69.413 3 2 0 1.1499 0 999 999 999 999 999 999 999 999 999
1 56.719 70.699 1 1 1 0.6538 0 999 999 999 999 999 999 999 999 999
1 83.69 93.568 1 3 0 0.52587 0 999 999 999 999 999 999 999 999 999
1 108.88 126.35 2 4 0 0.87793 0 999 999 999 999 999 999 999 999 999
1 123.6 105.18 4 3 0 1.2299 0 999 999 999 999 999 999 999 999 999
1 56.719 70.699 1 1 1 0.74985 0 999 999 999 999 999 999 999 999 999
1 129.5 112.93 4 2 0 1.2459 0 999 999 999 999 999 999 999 999 999
1 99.035 75.402 3 2 0 1.198 0 999 999 999 999 999 999 999 999 999
1 81.981 119.43 2 1 0 1.1178 0 999 999 999 999 999 999 999 999 999
1 110.45 137.63 2 4 0 0.63795 0 999 999 999 999 999 999 999 999 999
1 72.507 100.09 1 1 1 1.3581 0 999 999 999 999 999 999 999 999 999
1 129.5 112.93 4 3 0 1.2138 0 999 999 999 999 999 999 999 999 999
1 83.69 93.568 1 4 0 0.9901 0 999 999 999 999 999 999 999 999 999
1 72.507 100.09 1 1 1 0.6699 0 999 999 999 999 999 999 999 999 999
1 129.5 112.93 4 3 0 1.5659 0 999 999 999 999 999 999 999 999 999
1 108.88 126.35 2 2 1 2.398 0 999 999 999 999 999 999 999 999 999
1 83.69 93.568 1 4 0 1.2939 0 999 999 999 999 999 999 999 999 999
1 116.93 91.561 4 4 1 1.2939 0 999 999 999 999 999 999 999 999 999
1 84.668 103.95 1 3 0 1.262 0 999 999 999 999 999 999 999 999 999
1 110.45 137.63 2 2 1 0.70188 0 999 999 999 999 999 999 999 999 999
1 39.473 94.493 1 1 1 0.68594 0 999 999 999 999 999 999 999 999 999
1 108.88 126.35 2 2 1 0.60592 0 999 999 999 999 999 999 999 999 999
1 124.5 85.663 4 3 0 1.0539 0 999 999 999 999 999 999 999 999 999
1 116.93 91.561 4 4 1 0.52598 0 999 999 999 999 999 999 999 999 999
2 83.244 70.212 3 3 1 1.8162 0 999 999 999 999 999 999 999 999 999
2 63.9 97.498 1 1 1 0.75701 0 999 999 999 999 999 999 999 999 999
2 104.93 68.199 3 4 0 0.76582 0 999 999 999 999 999 999 999 999 999
2 127.71 95.96 4 2 0 0.71801 0 999 999 999 999 999 999 999 999 999
2 68.809 91.433 1 1 1 0.65381 0 999 999 999 999 999 999 999 999 999
2 109 113.27 2 2 1 1.518 0 999 999 999 999 999 999 999 999 999
2 91.876 104.13 1 2 0 1.038 0 999 999 999 999 999 999 999 999 999
2 74.121 100.5 1 1 1 0.68588 0 999 999 999 999 999 999 999 999 999
2 73.671 116.23 1 1 1 0.62186 0 999 999 999 999 999 999 999 999 999
2 134.45 93.748 4 3 0 1.7419 0 999 999 999 999 999 999 999 999 999
2 62.668 109.64 1 1 1 0.75001 0 999 999 999 999 999 999 999 999 999
2 124.8 94.212 4 2 0 0.66984 0 999 999 999 999 999 999 999 999 999
2 127.58 82.164 4 3 0 0.84587 0 999 999 999 999 999 999 999 999 999
2 93.391 66.395 3 4 0 2.734 0 999 999 999 999 999 999 999 999 999
2 124.8 94.212 4 3 0 0.74996 0 999 999 999 999 999 999 999 999 999
2 74.121 100.5 1 2 0 1.3259 0 999 999 999 999 999 999 999 999 999
2 80.613 64.581 3 1 0 0.71786 0 999 999 999 999 999 999 999 999 999
2 99.84 80.325 3 3 1 0.86211 0 999 999 999 999 999 999 999 999 999
2 78.451 100.23 1 1 1 1.3259 0 999 999 999 999 999 999 999 999 999
2 116.24 99.714 4 2 0 3.0218 0 999 999 999 999 999 999 999 999 999
2 109.25 137.73 2 2 1 0.62194 0 999 999 999 999 999 999 999 999 999
2 133.52 118.76 4 2 0 0.62218 0 999 999 999 999 999 999 999 999 999
2 124.8 94.212 4 3 0 1.2139 0 999 999 999 999 999 999 999 999 999
2 95.194 62.936 3 4 0 0.9099 0 999 999 999 999 999 999 999 999 999
2 65.58 102.47 1 1 1 0.71798 0 999 999 999 999 999 999 999 999 999
2 127.71 95.96 4 4 1 1.166 0 999 999 999 999 999 999 999 999 999
2 73.671 116.23 1 1 1 0.76582 0 999 999 999 999 999 999 999 999 999
2 96.141 124.8 2 2 1 1.1499 0 999 999 999 999 999 999 999 999 999
2 63.9 97.498 1 1 1 0.59003 0 999 999 999 999 999 999 999 999 999
2 83.244 70.212 3 1 0 0.6699 0 999 999 999 999 999 999 999 999 999
2 94.301 71.449 3 4 0 1.2939 0 999 999 999 999 999 999 999 999 999
2 93.391 66.395 3 3 1 0.71792 0 999 999 999 999 999 999 999 999 999
2 95.194 62.936 3 3 1 0.58995 0 999 999 999 999 999 999 999 999 999
2 94.301 71.449 3 3 1 0.38175 0 999 999 999 999 999 999 999 999 999
2 109.25 137.73 2 2 1 0.78192 0 999 999 999 999 999 999 999 999 999
2 109.25 137.73 2 2 1 0.73385 0 999 999 999 999 999 999 999 999 999
2 96.141 124.8 2 2 1 0.44581 0 999 999 999 999 999 999 999 999 999
2 109 113.27 2 2 1 0.39789 0 999 999 999 999 999 999 999 999 999
2 109.25 137.73 2 2 1 0.38187 0 999 999 999 999 999 999 999 999 999
2 95.194 62.936 3 3 1 1.0378 0 999 999 999 999 999 999 999 999 999
2 109 113.27 2 2 1 0.55786 0 999 999 999 999 999 999 999 999 999
2 94.481 109.56 2 2 1 0.78211 0 999 999 999 999 999 999 999 999 999
2 49.067 91 1 1 1 0.68602 0 999 999 999 999 999 999 999 999 999
2 74.121 100.5 1 1 1 1.2619 0 999 999 999 999 999 999 999 999 999
2 49.067 91 1 1 1 0.65391 0 999 999 999 999 999 999 999 999 999
2 49.067 91 1 1 1 0.44589 0 999 999 999 999 999 999 999 999 999
2 134.9 108.38 4 4 1 1.726 0 999 999 999 999 999 999 999 999 999
2 94.481 109.56 2 4 0 1.2299 0 999 999 999 999 999 999 999 999 999
2 134.9 108.38 4 3 0 0.71786 0 999 999 999 999 999 999 999 999 999
2 116.24 99.714 4 4 1 0.47808 0 999 999 999 999 999 999 999 999 999
3 69.965 103.39 1 1 1 2.1844 0 999 999 999 999 999 999 999 999 999
3 97.225 79.112 3 3 1 2.0066 0 999 999 999 999 999 999 999 999 999
3 81.98 103.16 1 3 0 1.1179 0 999 999 999 999 999 999 999 999 999
3 101.47 126.84 2 1 0 1.1019 0 999 999 999 999 999 999 999 999 999
3 114.53 74.53 3 4 0 1.3259 0 999 999 999 999 999 999 999 999 999
3 131.93 94.302 4 3 0 0.55793 0 999 999 999 999 999 999 999 999 999
3 80.363 102.45 1 2 0 1.374 0 999 999 999 999 999 999 999 999 999
3 114.53 74.53 3 4 0 1.1019 0 999 999 999 999 999 999 999 999 999
3 127.55 105.79 4 4 1 1.4378 0 999 999 999 999 999 999 999 999 999
3 109.85 73.991 3 4 0 0.766 0 999 999 999 999 999 999 999 999 999
3 70.185 104.66 1 1 1 0.94189 0 999 999 999 999 999 999 999 999 999
3 118.59 141.28 2 2 1 0.94189 0 999 999 999 999 999 999 999 999 999
3 122.08 91.975 4 4 1 2.2699 0 999 999 999 999 999 999 999 999 999
3 124.09 92.44 4 4 1 0.5579 0 999 999 999 999 999 999 999 999 999
3 123.16 93.881 3 4 0 0.44596 0 999 999 999 999 999 999 999 999 999
3 131.93 94.302 4 4 1 1.326 0 999 999 999 999 999 999 999 999 999
3 119.77 114.09 2 4 0 0.65401 0 999 999 999 999 999 999 999 999 999
3 109.85 73.991 3 4 0 0.6539 0 999 999 999 999 999 999 999 999 999
3 98.642 71.337 3 3 1 0.71786 0 999 999 999 999 999 999 999 999 999
3 104.9 117.37 2 2 1 3.342 0 999 999 999 999 999 999 999 999 999
3 89.613 74.408 3 3 1 1.4218 0 999 999 999 999 999 999 999 999 999
3 103.8 121.61 2 3 0 0.82988 0 999 999 999 999 999 999 999 999 999
3 83.097 96.766 1 2 0 0.55797 0 999 999 999 999 999 999 999 999 999
3 81.98 103.16 1 4 0 0.43 0 999 999 999 999 999 999 999 999 999
3 118.59 141.28 2 2 1 1.182 0 999 999 999 999 999 999 999 999 999
3 69.965 103.39 1 1 1 0.9578 0 999 999 999 999 999 999 999 999 999
3 81.98 103.16 1 1 1 0.63783 0 999 999 999 999 999 999 999 999 999
3 101.47 126.84 2 1 0 0.60584 0 999 999 999 999 999 999 999 999 999
3 104.43 130.86 2 2 1 1.262 0 999 999 999 999 999 999 999 999 999
3 69.854 106.9 1 1 1 0.87786 0 999 999 999 999 999 999 999 999 999
3 106.52 68.211 3 4 0 1.1659 0 999 999 999 999 999 999 999 999 999
3 104.43 130.86 2 2 1 0.92593 0 999 999 999 999 999 999 999 999 999
3 57.396 96.683 1 1 1 0.92589 0 999 999 999 999 999 999 999 999 999
3 101.47 126.84 2 2 1 0.82989 0 999 999 999 999 999 999 999 999 999
3 103.8 121.61 2 2 1 0.7178 0 999 999 999 999 999 999 999 999 999
3 104.43 130.86 2 2 1 0.47802 0 999 999 999 999 999 999 999 999 999
3 98.179 73.328 3 2 0 0.42987 0 999 999 999 999 999 999 999 999 999
3 124.09 92.44 4 3 0 1.1338 0 999 999 999 999 999 999 999 999 999
3 106.52 68.211 3 4 0 0.55777 0 999 999 999 999 999 999 999 999 999
3 98.179 73.328 3 3 1 0.9258 0 999 999 999 999 999 999 999 999 999
3 98.642 71.337 3 3 1 0.58989 0 999 999 999 999 999 999 999 999 999
3 103.8 121.61 2 4 0 2.398 0 999 999 999 999 999 999 999 999 999
3 122.08 91.975 4 4 1 1.438 0 999 999 999 999 999 999 999 999 999
3 83.097 96.766 1 1 1 2.1098 0 999 999 999 999 999 999 999 999 999
3 69.854 106.9 1 1 1 0.6539 0 999 999 999 999 999 999 999 999 999
3 57.396 96.683 1 1 1 0.65395 0 999 999 999 999 999 999 999 999 999
3 122.08 91.975 4 2 0 4.4619 0 999 999 999 999 999 999 999 999 999
3 69.965 103.39 1 1 1 0.68581 0 999 999 999 999 999 999 999 999 999
3 57.396 96.683 1 1 1 0.60587 0 999 999 999 999 999 999 999 999 999
3 80.363 102.45 1 1 1 0.62198 0 999 999 999 999 999 999 999 999 999
4 95.503 49.697 3 3 1 3.0653 0 999 999 999 999 999 999 999 999 999
4 83.847 127.76 2 2 1 1.1745 0 999 999 999 999 999 999 999 999 999
4 95.849 79.516 3 3 1 0.50977 0 999 999 999 999 999 999 999 999 999
4 81.135 119.72 1 2 0 1.0859 0 999 999 999 999 999 999 999 999 999
4 113.1 137.95 2 4 0 0.62184 0 999 999 999 999 999 999 999 999 999
4 97.064 67.976 3 3 1 0.65379 0 999 999 999 999 999 999 999 999 999
4 129.41 104.56 4 3 0 3.9659 0 999 999 999 999 999 999 999 999 999
4 105.36 141.36 2 2 1 1.854 0 999 999 999 999 999 999 999 999 999
4 98.577 142.17 2 2 1 0.686 0 999 999 999 999 999 999 999 999 999
4 73.932 105.03 1 2 0 0.60591 0 999 999 999 999 999 999 999 999 999
4 90.919 67.354 3 4 0 1.102 0 999 999 999 999 999 999 999 999 999
4 140.82 105.16 4 4 1 1.5018 0 999 999 999 999 999 999 999 999 999
4 120.98 90.087 4 4 1 0.81396 0 999 999 999 999 999 999 999 999 999
4 81.771 106.88 1 3 0 0.68581 0 999 999 999 999 999 999 999 999 999
4 88.911 103.13 1 4 0 2.0619 0 999 999 999 999 999 999 999 999 999
4 73.932 105.03 1 1 1 0.5098 0 999 999 999 999 999 999 999 999 999
4 87.703 102.65 1 1 1 0.62187 0 999 999 999 999 999 999 999 999 999
4 74.074 91.851 1 1 1 0.39786 0 999 999 999 999 999 999 999 999 999
4 81.771 106.88 1 2 0 0.87789 0 999 999 999 999 999 999 999 999 999
4 56.58 110.56 1 1 1 0.8939 0 999 999 999 999 999 999 999 999 999
4 95.772 64.001 3 3 1 3.0538 0 999 999 999 999 999 999 999 999 999
4 73.932 105.03 1 3 0 0.98997 0 999 999 999 999 999 999 999 999 999
4 114.9 107.64 4 4 1 0.92579 0 999 999 999 999 999 999 999 999 999
4 98.577 142.17 2 2 1 0.81394 0 999 999 999 999 999 999 999 999 999
4 73.932 105.03 1 1 1 1.5659 0 999 999 999 999 999 999 999 999 999
4 122.53 105.74 4 2 0 0.90993 0 999 999 999 999 999 999 999 999 999
4 118.33 96.023 4 4 1 1.4379 0 999 999 999 999 999 999 999 999 999
4 110.47 71.214 3 4 0 1.1339 0 999 999 999 999 999 999 999 999 999
4 95.06 132.35 2 2 1 1.054 0 999 999 999 999 999 999 999 999 999
4 110.47 71.214 3 2 0 1.0698 0 999 999 999 999 999 999 999 999 999
4 104.55 86.321 3 3 1 1.2299 0 999 999 999 999 999 999 999 999 999
4 94.161 142.8 2 2 1 1.086 0 999 999 999 999 999 999 999 999 999
4 112.99 80.838 3 4 0 2.5259 0 999 999 999 999 999 999 999 999 999
4 143.65 101.77 4 4 1 2.5416 0 999 999 999 999 999 999 999 999 999
4 64.79 92.02 1 1 1 0.81385 0 999 999 999 999 999 999 999 999 999
4 112.99 80.838 3 3 1 4.9099 0 999 999 999 999 999 999 999 999 999
4 129.41 104.56 4 4 1 1.23 0 999 999 999 999 999 999 999 999 999
4 81.135 119.72 1 1 1 0.79783 0 999 999 999 999 999 999 999 999 999
4 114.9 107.64 4 2 0 3.038 0 999 999 999 999 999 999 999 999 999
4 94.161 142.8 2 2 1 0.95789 0 999 999 999 999 999 999 999 999 999
4 104.55 86.321 3 4 0 0.71787 0 999 999 999 999 999 999 999 999 999
4 143.65 101.77 4 3 0 0.9418 0 999 999 999 999 999 999 999 999 999
4 95.849 79.516 3 4 0 0.76593 0 999 999 999 999 999 999 999 999 999
4 110.47 71.214 3 3 1 1.1019 0 999 999 999 999 999 999 999 999 999
4 114.9 107.64 4 3 0 2.6378 0 999 999 999 999 999 999 999 999 999
4 95.849 79.516 3 4 0 0.46184 0 999 999 999 999 999 999 999 999 999
4 95.503 49.697 3 4 0 2.526 0 999 999 999 999 999 999 999 999 999
4 87.703 102.65 1 3 0 0.49381 0 999 999 999 999 999 999 999 999 999
4 56.58 110.56 1 1 1 0.46203 0 999 999 999 999 999 999 999 999 999
4 81.771 106.88 1 1 1 0.49393 0 999 999 999 999 999 999 999 999 999
5 126.72 118.91 4 2 0 2.2004 0 999 999 999 999 999 999 999 999 999
5 105.29 130.62 2 2 1 0.77398 0 999 999 999 999 999 999 999 999 999
5 88.994 72.423 3 4 0 1.3739 0 999 999 999 999 999 999 999 999 999
5 100.29 70.986 3 3 1 0.55789 0 999 999 999 999 999 999 999 999 999
5 76.145 108.53 1 1 1 1.3899 0 999 999 999 999 999 999 999 999 999
5 87.404 81.326 1 1 1 0.55789 0 999 999 999 999 999 999 999 999 999
5 108.87 113.66 4 1 0 0.44597 0 999 999 999 999 999 999 999 999 999
5 92.524 122.28 2 1 0 0.47784 0 999 999 999 999 999 999 999 999 999
5 77.653 84.46 1 1 1 0.70192 0 999 999 999 999 999 999 999 999 999
5 96.553 62.352 3 3 1 1.4379 0 999 999 999 999 999 999 999 999 999
5 122.33 95.248 4 4 1 0.90984 0 999 999 999 999 999 999 999 999 999
5 94.916 127.32 2 2 1 1.438 0 999 999 999 999 999 999 999 999 999
5 70.559 98.073 1 1 1 0.81386 0 999 999 999 999 999 999 999 999 999
5 94.876 123.11 2 1 0 1.3419 0 999 999 999 999 999 999 999 999 999
5 126.72 118.91 4 4 1 2.6539 0 999 999 999 999 999 999 999 999 999
5 92.524 122.28 2 4 0 1.8379 0 999 999 999 999 999 999 999 999 999
5 107.85 67.162 3 3 1 0.89377 0 999 999 999 999 999 999 999 999 999
5 94.993 77.578 3 3 1 0.47784 0 999 999 999 999 999 999 999 999 999
5 107.49 102.01 2 4 0 0.97391 0 999 999 999 999 999 999 999 999 999
5 77.653 84.46 1 3 0 0.36585 0 999 999 999 999 999 999 999 999 999
5 92.524 122.28 2 2 1 2.5099 0 999 999 999 999 999 999 999 999 999
5 122.33 95.248 4 2 0 0.98998 0 999 999 999 999 999 999 999 999 999
5 94.993 77.578 3 4 0 6.0618 0 999 999 999 999 999 999 999 999 999
5 137.02 103.12 4 4 1 0.65385 0 999 999 999 999 999 999 999 999 999
5 77.029 92.667 1 3 0 0.65388 0 999 999 999 999 999 999 999 999 999
5 107.49 60.196 3 4 0 2.3019 0 999 999 999 999 999 999 999 999 999
5 107.49 60.196 3 3 1 0.52586 0 999 999 999 999 999 999 999 999 999
5 88.839 127.39 2 2 1 2.5259 0 999 999 999 999 999 999 999 999 999
5 122.33 95.248 4 2 0 0.71781 0 999 999 999 999 999 999 999 999 999
5 88.839 127.39 2 2 1 0.68585 0 999 999 999 999 999 999 999 999 999
5 100.68 121.92 2 2 1 0.5739 0 999 999 999 999 999 999 999 999 999
5 94.876 123.11 2 2 1 0.42994 0 999 999 999 999 999 999 999 999 999
5 88.839 127.39 2 2 1 0.34992 0 999 999 999 999 999 999 999 999 999
5 105.47 142.37 2 2 1 0.41395 0 999 999 999 999 999 999 999 999 999
5 137.02 103.12 4 2 0 0.38197 0 999 999 999 999 999 999 999 999 999
5 136.68 109.03 4 4 1 1.8859 0 999 999 999 999 999 999 999 999 999
5 94.916 127.32 2 4 0 0.57386 0 999 999 999 999 999 999 999 999 999
5 100.29 70.986 3 3 1 1.79 0 999 999 999 999 999 999 999 999 999
5 76.309 102.95 1 3 0 0.95781 0 999 999 999 999 999 999 999 999 999
5 96.553 62.352 3 4 0 1.1659 0 999 999 999 999 999 999 999 999 999
5 105.47 142.37 2 2 1 0.71789 0 999 999 999 999 999 999 999 999 999
5 100.68 121.92 2 2 1 0.60592 0 999 999 999 999 999 999 999 999 999
5 94.916 127.32 2 2 1 0.44584 0 999 999 999 999 999 999 999 999 999
5 122.33 95.248 4 2 0 0.39778 0 999 999 999 999 999 999 999 999 999
5 96.553 62.352 3 4 0 1.3578 0 999 999 999 999 999 999 999 999 999
5 77.029 92.667 1 3 0 1.2779 0 999 999 999 999 999 999 999 999 999
5 76.309 102.95 1 1 1 0.46194 0 999 999 999 999 999 999 999 999 999
5 94.993 77.578 3 1 0 0.30172 0 999 999 999 999 999 999 999 999 999
5 136.68 109.03 4 4 1 1.3259 0 999 999 999 999 999 999 999 999 999
5 105.47 142.37 2 2 1 0.82997 0 999 999 999 999 999 999 999 999 999
6 71.674 85.795 1 1 1 2.3766 0 999 999 999 999 999 999 999 999 999
6 106.31 72.591 3 3 1 2.0539 0 999 999 999 999 999 999 999 999 999
6 109.41 61.526 3 3 1 0.60585 0 999 999 999 999 999 999 999 999 999
6 132.98 94.643 4 4 1 0.92598 0 999 999 999 999 999 999 999 999 999
6 108.67 140.28 2 2 1 0.58985 0 999 999 999 999 999 999 999 999 999
6 104.76 82.169 3 4 0 1.2619 0 999 999 999 999 999 999 999 999 999
6 95.087 128.14 2 2 1 0.71792 0 999 999 999 999 999 999 999 999 999
6 109.08 97.203 4 3 0 0.97383 0 999 999 999 999 999 999 999 999 999
6 69.682 94.873 1 1 1 0.82986 0 999 999 999 999 999 999 999 999 999
6 105.37 64.684 3 3 1 7.7738 0 999 999 999 999 999 999 999 999 999
6 105.49 124.77 2 2 1 1.038 0 999 999 999 999 999 999 999 999 999
6 99.578 117.67 2 2 1 0.60589 0 999 999 999 999 999 999 999 999 999
6 148.4 98.414 4 4 1 1.342 0 999 999 999 999 999 999 999 999 999
6 101.17 115.57 2 2 1 0.68584 0 999 999 999 999 999 999 999 999 999
6 79.921 101.41 1 1 1 0.94192 0 999 999 999 999 999 999 999 999 999
6 104.76 82.169 3 3 1 1.6298 0 999 999 999 999 999 999 999 999 999
6 108.83 78.633 3 3 1 0.60587 0 999 999 999 999 999 999 999 999 999
6 104.76 82.169 3 3 1 0.58981 0 999 999 999 999 999 999 999 999 999
6 105.37 64.684 3 3 1 0.44583 0 999 999 999 999 999 999 999 999 999
6 103.79 60.284 3 3 1 0.5578 0 999 999 999 999 999 999 999 999 999
6 79.308 114.45 1 1 1 2.798 0 999 999 999 999 999 999 999 999 999
6 109.08 97.203 4 3 0 1.9499 0 999 999 999 999 999 999 999 999 999
6 132.73 107.19 4 4 1 0.92588 0 999 999 999 999 999 999 999 999 999
6 108.83 78.633 3 3 1 1.3099 0 999 999 999 999 999 999 999 999 999
6 148.4 98.414 4 4 1 0.70191 0 999 999 999 999 999 999 999 999 999
6 99.578 117.67 2 3 0 0.71775 0 999 999 999 999 999 999 999 999 999
6 109.08 97.203 4 4 1 0.70204 0 999 999 999 999 999 999 999 999 999
6 127.04 108.36 4 4 1 0.63806 0 999 999 999 999 999 999 999 999 999
6 69.682 94.873 1 1 1 0.66983 0 999 999 999 999 999 999 999 999 999
6 127.92 94.112 4 4 1 3.2619 0 999 999 999 999 999 999 999 999 999
6 105.49 124.77 2 2 1 0.74975 0 999 999 999 999 999 999 999 999 999
6 116.68 128.67 2 2 1 0.55786 0 999 999 999 999 999 999 999 999 999
6 105.37 64.684 3 3 1 1.55 0 999 999 999 999 999 999 999 999 999
6 105.49 124.77 2 2 1 1.182 0 999 999 999 999 999 999 999 999 999
6 148.4 98.414 4 4 1 1.086 0 999 999 999 999 999 999 999 999 999
6 110.42 94.356 4 4 1 0.74989 0 999 999 999 999 999 999 999 999 999
6 110.42 94.356 4 4 1 0.41375 0 999 999 999 999 999 999 999 999 999
6 105.37 64.684 3 4 0 0.3658 0 999 999 999 999 999 999 999 999 999
6 109.41 61.526 3 3 1 0.62193 0 999 999 999 999 999 999 999 999 999
6 110.42 94.356 4 4 1 0.60596 0 999 999 999 999 999 999 999 999 999
6 79.308 114.45 1 1 1 0.70199 0 999 999 999 999 999 999 999 999 999
6 105.49 124.77 2 2 1 1.4699 0 999 999 999 999 999 999 999 999 999
6 132.73 107.19 4 4 1 1.0379 0 999 999 999 999 999 999 999 999 999
6 99.578 117.67 2 2 1 0.71796 0 999 999 999 999 999 999 999 999 999
6 109.41 61.526 3 4 0 0.73391 0 999 999 999 999 999 999 999 999 999
6 105.49 124.77 2 2 1 0.73393 0 999 999 999 999 999 999 999 999 999
6 105.49 124.77 2 2 1 0.95783 0 999 999 999 999 999 999 999 999 999
6 106.31 72.591 3 2 0 0.65401 0 999 999 999 999 999 999 999 999 999
6 127.92 94.112 4 4 1 0.95794 0 999 999 999 999 999 999 999 999 999
6 110.42 94.356 4 4 1 0.41385 0 999 999 999 999 999 999 999 999 999
7 116.84 82.638 3 3 1 1.1756 0 999 999 999 999 999 999 999 999 999
7 135.16 104.72 4 2 0 0.65977 0 999 999 999 999 999 999 999 999 999
7 70.798 88.377 1 1 1 0.73372 0 999 999 999 999 999 999 999 999 999
7 94.408 89.459 3 1 0 0.63787 1 999 999 999 999 999 999 999 999 999
7 108.73 133.79 2 2 1 0.70127 0 999 999 999 999 999 999 999 999 999
7 75.862 90.416 1 1 1 0.55789 1 999 999 999 999 999 999 999 999 999
7 95.81 80.539 3 1 0 1.5498 1 999 999 999 999 999 999 999 999 999
7 136.69 108.83 4 4 1 1.2618 1 999 999 999 999 999 999 999 999 999
7 110.61 121.92 2 3 0 0.63786 1 999 999 999 999 999 999 999 999 999
7 114.68 107.99 2 4 0 0.33388 1 999 999 999 999 999 999 999 999 999
7 70.798 88.377 1 1 1 0.66989 1 999 999 999 999 999 999 999 999 999
7 136.19 102.46 4 4 1 1.2139 1 999 999 999 999 999 999 999 999 999
7 69.83 110.38 1 3 0 0.94183 0 999 999 999 999 999 999 999 999 999
7 103.58 75.866 3 3 1 0.78186 1 999 999 999 999 999 999 999 999 999
7 93.355 105.79 1 1 1 0.60586 0 999 999 999 999 999 999 999 999 999
7 75.862 90.416 1 1 1 0.62184 1 999 999 999 999 999 999 999 999 999
7 116.84 82.638 3 3 1 0.57382 1 999 999 999 999 999 999 999 999 999
7 136.69 108.83 4 4 1 0.89395 1 999 999 999 999 999 999 999 999 999
7 67.698 111.24 1 1 1 0.65393 1 999 999 999 999 999 999 999 999 999
7 105.39 122.04 2 2 1 2.7499 1 999 999 999 999 999 999 999 999 999
7 130.3 101.59 4 4 1 2.1259 1 999 999 999 999 999 999 999 999 999
7 105.39 122.04 2 3 0 0.47778 1 999 999 999 999 999 999 999 999 999
7 136.19 102.46 4 1 0 0.34986 1 999 999 999 999 999 999 999 999 999
7 116.84 82.638 3 2 0 0.41394 0 999 999 999 999 999 999 999 999 999
7 114.68 107.99 2 4 0 0.30179 1 999 999 999 999 999 999 999 999 999
7 136.19 102.46 4 3 0 0.34977 0 999 999 999 999 999 999 999 999 999
7 103.58 75.866 3 2 0 0.70181 1 999 999 999 999 999 999 999 999 999
7 94.408 89.459 3 3 1 0.81367 1 999 999 999 999 999 999 999 999 999
7 112.9 128.97 2 2 1 0.87797 1 999 999 999 999 999 999 999 999 999
7 68.49 97.967 1 1 1 0.50994 1 999 999 999 999 999 999 999 999 999
7 95.99 48.611 3 3 1 1.1659 0 999 999 999 999 999 999 999 999 999
7 68.49 97.967 1 1 1 0.78187 1 999 999 999 999 999 999 999 999 999
7 130.3 101.59 4 4 1 1.2779 1 999 999 999 999 999 999 999 999 999
7 103.58 75.866 3 4 0 0.66995 1 999 999 999 999 999 999 999 999 999
7 67.698 111.24 1 3 0 0.89381 1 999 999 999 999 999 999 999 999 999
7 105.39 122.04 2 1 0 0.73386 0 999 999 999 999 999 999 999 999 999
7 67.698 111.24 1 1 1 0.6859 1 999 999 999 999 999 999 999 999 999
7 114.68 107.99 2 2 1 4.2859 1 999 999 999 999 999 999 999 999 999
7 70.798 88.377 1 1 1 0.82998 1 999 999 999 999 999 999 999 999 999
7 114.68 107.99 2 2 1 2.0299 1 999 999 999 999 999 999 999 999 999
7 68.49 97.967 1 1 1 0.74994 1 999 999 999 999 999 999 999 999 999
7 67.698 111.24 1 3 0 0.3979 1 999 999 999 999 999 999 999 999 999
7 75.862 90.416 1 1 1 0.33381 1 999 999 999 999 999 999 999 999 999
7 137.8 110.12 4 2 0 1.6457 1 999 999 999 999 999 999 999 999 999
7 75.862 90.416 1 1 1 0.74989 1 999 999 999 999 999 999 999 999 999
7 114.68 107.99 2 3 0 0.82984 1 999 999 999 999 999 999 999 999 999
7 95.81 80.539 3 3 1 0.8779 1 999 999 999 999 999 999 999 999 999
7 137.8 110.12 4 4 1 0.7659 1 999 999 999 999 999 999 999 999 999
7 105.39 122.04 2 2 1 0.81401 0 999 999 999 999 999 999 999 999 999
7 137.8 110.12 4 4 1 1.0378 0 999 999 999 999 999 999 999 999 999
8 115.5 81.938 4 4 1 1.7196 0 999 999 999 999 999 999 999 999 999
8 110.59 67.085 3 4 0 0.5028 1 999 999 999 999 999 999 999 999 999
8 121.31 105.28 4 4 1 0.33397 1 999 999 999 999 999 999 999 999 999
8 117.36 94.586 4 4 1 0.41391 1 999 999 999 999 999 999 999 999 999
8 126.81 86.239 4 4 1 0.67001 1 999 999 999 999 999 999 999 999 999
8 65.574 100.08 1 1 1 0.73387 0 999 999 999 999 999 999 999 999 999
8 110.59 67.085 3 4 0 1.3259 0 999 999 999 999 999 999 999 999 999
8 113.65 129.03 2 2 1 0.7338 1 999 999 999 999 999 999 999 999 999
8 104.56 73.16 3 4 0 1.1659 0 999 999 999 999 999 999 999 999 999
8 132.71 98.541 4 3 0 0.95777 1 999 999 999 999 999 999 999 999 999
8 115.5 81.938 4 4 1 0.79802 0 999 999 999 999 999 999 999 999 999
8 75.685 97.452 1 3 0 0.71783 1 999 999 999 999 999 999 999 999 999
8 92.946 78.622 3 3 1 0.60602 1 999 999 999 999 999 999 999 999 999
8 92.946 78.622 3 3 1 1.9659 1 999 999 999 999 999 999 999 999 999
8 99.281 115.4 2 4 0 0.8139 0 999 999 999 999 999 999 999 999 999
8 94.552 63.324 3 1 0 1.2139 1 999 999 999 999 999 999 999 999 999
8 92.87 111.54 2 1 0 0.36577 1 999 999 999 999 999 999 999 999 999
8 91.562 65.476 3 2 0 0.63785 1 999 999 999 999 999 999 999 999 999
8 65.272 64.502 1 1 1 0.95777 0 999 999 999 999 999 999 999 999 999
8 99.532 120.02 2 2 1 0.73387 1 999 999 999 999 999 999 999 999 999
8 110.59 67.085 3 4 0 1.1339 1 999 999 999 999 999 999 999 999 999
8 72.976 107.74 1 3 0 0.52583 1 999 999 999 999 999 999 999 999 999
8 115.5 81.938 4 4 1 0.9739 1 999 999 999 999 999 999 999 999 999
8 66.167 84.351 1 1 1 0.74996 1 999 999 999 999 999 999 999 999 999
8 92.946 78.622 3 1 0 1.1978 1 999 999 999 999 999 999 999 999 999
8 99.532 120.02 2 3 0 0.42976 0 999 999 999 999 999 999 999 999 999
8 109.23 118.42 2 4 0 0.33398 1 999 999 999 999 999 999 999 999 999
8 108.93 97.095 4 2 0 0.6218 1 999 999 999 999 999 999 999 999 999
8 94.552 63.324 3 4 0 1.1658 1 999 999 999 999 999 999 999 999 999
8 107.49 131.59 2 4 0 0.47791 1 999 999 999 999 999 999 999 999 999
8 91.562 65.476 3 4 0 0.63797 1 999 999 999 999 999 999 999 999 999
8 65.272 64.502 1 1 1 0.8619 1 999 999 999 999 999 999 999 999 999
8 132.71 98.541 4 4 1 0.97389 1 999 999 999 999 999 999 999 999 999
8 66.167 84.351 1 1 1 0.58977 0 999 999 999 999 999 999 999 999 999
8 94.552 63.324 3 4 0 0.74992 1 999 999 999 999 999 999 999 999 999
8 95.906 110.7 2 4 0 0.79795 1 999 999 999 999 999 999 999 999 999
8 92.946 78.622 3 4 0 0.654 1 999 999 999 999 999 999 999 999 999
8 95.906 110.7 2 2 1 0.39789 1 999 999 999 999 999 999 999 999 999
8 75.685 97.452 1 3 0 0.5579 1 999 999 999 999 999 999 999 999 999
8 92.87 111.54 2 3 0 0.38188 1 999 999 999 999 999 999 999 999 999
8 91.562 65.476 3 4 0 0.5739 1 999 999 999 999 999 999 999 999 999
8 92.87 111.54 2 2 1 1.5499 1 999 999 999 999 999 999 999 999 999
8 117.36 94.586 4 2 0 0.87794 1 999 999 999 999 999 999 999 999 999
8 65.574 100.08 1 3 0 0.52588 1 999 999 999 999 999 999 999 999 999
8 108.93 97.095 4 3 0 0.68586 0 999 999 999 999 999 999 999 999 999
8 99.281 115.4 2 4 0 0.33385 1 999 999 999 999 999 999 999 999 999
8 99.532 120.02 2 4 0 0.44567 0 999 999 999 999 999 999 999 999 999
8 115.5 81.938 4 2 0 0.4619 1 999 999 999 999 999 999 999 999 999
8 102.05 90.996 3 2 0 0.68585 1 999 999 999 999 999 999 999 999 999
8 102.05 90.996 3 4 0 0.47804 0 999 999 999 999 999 999 999 999 999
9 104.89 134.08 2 4 0 0.50864 1 5 7 2 1 1 0 0 1 0.50864
9 54.726 99.987 1 1 1 4.3039 1 3 8 2 1 0 1 1 1 4.3039
9 105.22 128.38 2 4 0 3.6479 1 5 9 1 2 0 1 1 1 3.6479
9 110.02 119.11 2 2 1 2.8319 0 4 6 2 1 0 1 1 1 2.8319
9 88.952 139.79 2 2 1 1.3438 1 4 6 2 1 0 1 1 1 1.3438
9 65.618 107.37 1 1 1 1.264 1 4 9 2 1 0 1 1 1 1.264
9 131.37 94.577 4 4 1 2.2719 1 8 4 1 2 1 1 1 1 2.2719
9 74.12 104.87 1 1 1 2.8639 0 2 6 1 2 0 1 1 1 2.8639
9 79.951 128.04 2 2 1 3.1999 1 6 5 1 2 0 0 0 1 3.1999
9 124.25 98.805 4 4 1 2.3999 0 5 7 2 1 0 1 1 1 2.3999
9 140.14 131.47 4 2 0 2.0158 1 2 7 2 1 1 0 0 1 2.0158
9 74.12 104.87 1 1 1 1.5041 0 8 4 1 2 1 1 1 1 1.5041
9 82.785 73.765 3 3 1 3.0879 1 7 3 1 2 1 1 0 0 3.0879
9 91.934 116.34 2 2 1 2.2239 1 9 5 1 2 0 0 0 1 2.2239
9 91.934 116.34 2 2 1 1.8559 1 7 2 1 2 0 0 0 1 1.8559
9 115.03 91.893 3 4 0 3.056 1 4 8 2 1 1 0 0 1 3.056
9 65.618 107.37 1 1 1 2.7838 1 6 4 1 2 1 1 0 0 2.7838
9 117.5 89.404 3 4 0 2.7999 1 8 5 1 2 1 1 1 1 2.7999
9 117.5 89.404 3 4 0 1.6319 1 9 3 1 2 0 0 0 1 1.6319
9 104.89 134.08 2 2 1 1.7599 0 3 9 2 1 0 1 1 1 1.7599
9 107.17 128.95 2 2 1 1.9517 0 7 5 1 2 0 0 0 1 1.9517
9 107.34 144.64 2 2 1 1.5839 1 8 3 1 2 0 0 0 1 1.5839
9 107.17 128.95 2 4 0 1.632 1 6 3 2 1 0 0 0 1 1.632
9 82.785 73.765 3 1 0 2.0159 1 2 8 2 1 1 0 0 1 2.0159
9 124.25 98.805 4 4 1 1.7919 1 4 9 2 1 0 1 1 1 1.7919
9 107.17 128.95 2 2 1 1.1359 0 8 3 1 2 0 0 0 1 1.1359
9 63.81 84.335 1 1 1 1.6319 1 5 6 2 1 1 0 0 1 1.6319
9 74.12 104.87 1 2 0 1.7598 1 3 8 2 1 1 0 0 1 1.7598
9 104.89 134.08 2 2 1 1.9199 1 9 3 2 1 0 0 0 1 1.9199
9 108.91 71.945 3 4 0 1.9519 0 3 9 2 1 0 1 1 1 1.9519
9 63.81 84.335 1 1 1 1.808 1 4 9 1 2 1 1 1 1 1.808
9 65.618 107.37 1 1 1 2.2239 1 5 6 2 1 0 1 1 1 2.2239
9 63.436 98.415 1 1 1 1.0719 1 6 4 1 2 1 1 1 1 1.0719
9 136.37 93.662 4 2 0 1.408 1 3 6 1 2 1 1 1 1 1.408
9 91.934 116.34 2 2 1 2.3519 0 9 3 1 2 0 0 0 1 2.3519
9 82.785 73.765 3 3 1 1.808 1 9 2 1 2 1 1 1 1 1.808
9 65.618 107.37 1 1 1 1.4879 1 9 3 1 2 0 0 0 1 1.4879
9 79.951 128.04 2 2 1 2.3841 0 5 7 2 1 1 0 0 1 2.3841
9 88.952 139.79 2 4 0 1.6318 1 7 4 2 1 1 0 0 1 1.6318
9 107.34 144.64 2 2 1 1.104 1 7 3 1 2 1 1 1 1 1.104
9 107.34 144.64 2 4 0 6.3999 1 9 4 1 2 1 1 1 1 6.3999
9 63.436 98.415 1 1 1 1.4879 1 8 4 2 1 0 0 0 1 1.4879
9 74.12 104.87 1 1 1 1.2959 1 5 6 2 1 1 0 0 1 1.2959
9 115.03 91.893 3 4 0 1.1039 1 3 6 2 1 0 1 1 1 1.1039
9 63.81 84.335 1 1 1 0.91194 1 4 9 2 1 1 0 0 1 0.91194
9 63.436 98.415 1 3 0 0.92795 1 7 3 1 2 1 1 0 0 0.92795
9 68.797 94.264 1 1 1 1.3919 1 8 2 1 2 1 1 1 1 1.3919
9 68.797 94.264 1 3 0 1.0562 0 4 8 2 1 1 0 0 1 1.0562
9 63.81 84.335 1 1 1 0.91193 1 8 5 1 2 1 1 1 1 0.91193
9 68.797 94.264 1 1 1 1.0401 0 2 7 2 1 0 1 1 1 1.0401
10 92.588 124.15 2 2 1 5.376 1 9 2 1 2 1 1 1 1 5.376
10 92.034 50.881 3 3 1 1.12 1 2 6 2 1 0 1 1 1 1.12
10 129.66 89.393 4 4 1 1.6639 0 9 4 1 2 0 0 0 1 1.6639
10 139.57 100.25 4 4 1 1.008 0 5 7 2 1 0 1 1 1 1.008
10 103.41 78.518 3 3 1 0.96014 1 3 6 2 1 0 1 1 1 0.96014
10 149.85 91.673 4 4 1 1.9518 1 7 5 1 2 0 0 0 1 1.9518
10 131.21 99.77 4 2 0 0.81597 0 6 3 2 1 1 0 0 1 0.81597
10 66.948 86.568 1 1 1 0.96008 0 6 3 1 2 1 1 1 1 0.96008
10 137.4 110.77 4 4 1 1.2799 0 3 6 2 1 1 0 0 1 1.2799
10 85.609 135.61 2 2 1 1.104 1 4 6 2 1 1 0 0 1 1.104
10 101.08 72.852 3 4 0 1.04 0 8 4 1 2 1 1 1 1 1.04
10 113.92 130.76 2 2 1 1.312 1 6 4 1 2 1 1 1 1 1.312
10 91.698 154.28 2 2 1 0.95984 1 7 4 1 2 0 0 0 1 0.95984
10 149.08 92.771 4 4 1 1.744 1 3 8 2 1 0 1 1 1 1.744
10 103.41 78.518 3 4 0 1.1519 0 7 5 1 2 1 1 1 1 1.1519
10 108.45 77.844 3 4 0 0.92792 1 7 2 1 2 1 1 1 1 0.92792
10 149.08 92.771 4 2 0 1.392 1 2 9 2 1 0 1 1 1 1.392
10 81.331 98.786 1 2 0 0.83178 1 5 8 2 1 1 0 0 1 0.83178
10 103.92 132.06 2 2 1 0.99202 1 7 5 1 2 1 1 1 1 0.99202
10 77.33 84.705 1 1 1 1.3439 1 4 8 2 1 0 1 1 1 1.3439
10 77.33 84.705 1 3 0 1.7761 1 7 5 1 2 0 0 0 1 1.7761
10 119.67 101.5 4 4 1 1.6 1 8 5 1 2 0 0 0 1 1.6
10 66.948 86.568 1 1 1 1.632 0 3 6 2 1 1 0 0 1 1.632
10 119.67 101.5 4 4 1 6.0319 1 8 2 1 2 1 1 1 1 6.0319
10 91.959 55.048 3 4 0 1.2 1 3 9 2 1 1 0 0 1 1.2
10 101.08 72.852 3 3 1 1.136 0 4 6 1 2 0 1 1 1 1.136
10 149.85 91.673 4 2 0 0.92788 1 2 6 2 1 0 1 1 1 0.92788
10 149.85 91.673 4 2 0 1.2639 1 6 2 1 2 1 1 1 1 1.2639
10 92.588 124.15 2 1 0 1.0399 0 5 6 2 1 1 0 0 1 1.0399
10 119.67 101.5 4 2 0 0.86404 1 8 4 1 2 1 1 1 1 0.86404
10 131.21 99.77 4 4 1 0.81591 1 2 6 2 1 0 1 1 1 0.81591
10 92.588 124.15 2 2 1 1.2638 1 3 9 2 1 1 0 0 1 1.2638
10 92.588 124.15 2 2 1 1.168 1 8 3 1 2 0 0 0 1 1.168
10 71.745 106.22 1 1 1 0.95986 1 3 7 2 1 0 1 1 1 0.95986
10 91.959 55.048 3 3 1 4.3678 1 5 8 1 2 1 1 1 1 4.3678
10 71.745 106.22 1 1 1 0.46393 1 3 7 1 2 0 1 1 1 0.46393
10 71.745 106.22 1 1 1 7.7438 1 3 8 2 1 0 1 1 1 7.7438
10 96.262 141.1 2 2 1 1.7921 1 5 9 2 1 1 0 0 1 1.7921
10 149.08 92.771 4 4 1 1.7759 1 5 9 1 2 1 1 0 0 1.7759
10 123.18 91.191 4 4 1 4.3518 1 6 2 1 2 0 0 0 1 4.3518
10 119.67 101.5 4 4 1 0.79985 0 9 5 1 2 1 1 1 1 0.79985
10 85.609 135.61 2 2 1 0.86397 1 8 4 2 1 0 0 0 1 0.86397
10 137.4 110.77 4 2 0 1.3599 1 5 8 2 1 0 1 0 0 1.3599
10 81.331 98.786 1 1 1 0.86407 1 5 7 2 1 0 1 1 1 0.86407
10 113.92 130.76 2 2 1 1.1679 0 9 3 1 2 0 0 0 1 1.1679
10 103.92 132.06 2 2 1 0.28781 1 4 6 1 2 0 1 1 1 0.28781
10 91.959 55.048 3 4 0 1.0879 1 6 3 1 2 1 1 0 0 1.0879
10 149.08 92.771 4 4 1 0.62386 1 9 4 2 1 1 0 0 1 0.62386
10 123.18 91.191 4 2 0 1.9839 1 8 2 1 2 1 1 1 1 1.9839
10 91.698 154.28 2 2 1 0.35186 1 9 3 1 2 0 0 1 0 0.35186
11 88.565 97.29 1 3 0 1.0399 1 8 5 1 2 0 0 0 1 1.0399
11 102.56 75.886 3 3 1 3.936 1 4 8 2 1 0 1 1 1 3.936
11 69.448 114.31 1 2 0 1.36 0 2 8 2 1 0 1 1 1 1.36
11 98.53 136.75 2 2 1 0.70403 1 9 3 1 2 0 0 0 1 0.70403
11 78.076 106.37 1 2 0 0.97596 1 3 8 2 1 0 1 1 1 0.97596
11 94.904 118.43 2 2 1 2.288 1 9 5 1 2 0 0 0 1 2.288
11 71.102 120.72 1 2 0 0.57588 1 6 4 1 2 0 0 0 1 0.57588
11 93.953 141.24 2 2 1 1.3921 1 7 2 1 2 0 0 0 1 1.3921
11 112.1 85.974 4 2 0 0.72 0 7 4 1 2 0 0 1 0 0.72
11 101.83 70.31 3 2 0 0.87985 1 8 2 1 2 1 1 1 1 0.87985
11 88.46 105.78 2 2 1 0.7519 1 5 6 1 2 0 1 0 0 0.7519
11 87.327 124.97 2 2 1 1.3279 1 2 7 2 1 1 0 0 1 1.3279
11 87.327 124.97 2 2 1 1.584 1 2 8 1 2 1 1 1 1 1.584
11 98.221 66.94 3 4 0 0.41599 0 2 7 2 1 1 0 0 1 0.41599
11 122.82 98.678 4 2 0 0.70391 1 3 6 2 1 1 0 0 1 0.70391
11 134.62 98.879 4 2 0 2.0479 1 4 7 2 1 0 1 1 1 2.0479
11 84.914 63.931 3 1 0 1.4719 0 6 5 1 2 0 0 0 1 1.4719
11 93.953 141.24 2 2 1 1.2479 1 5 7 2 1 1 0 0 1 1.2479
11 105.35 83.775 3 2 0 0.49592 1 9 2 1 2 0 0 0 1 0.49592
11 87.493 102.76 1 2 0 0.89595 1 4 8 2 1 1 0 0 1 0.89595
11 98.53 136.75 2 2 1 0.27201 1 3 9 1 2 0 1 1 1 0.27201
11 134.65 106.14 4 4 1 0.65597 0 8 5 1 2 0 0 0 1 0.65597
11 129.33 95.301 4 4 1 1.0239 1 7 3 1 2 1 1 1 1 1.0239
11 122.82 98.678 4 2 0 2.128 1 6 5 1 2 1 1 1 1 2.128
11 94.904 118.43 2 2 1 0.3359 1 9 2 2 1 1 0 0 1 0.3359
11 129.33 95.301 4 4 1 2.4959 0 9 5 1 2 1 1 1 1 2.4959
11 88.46 105.78 2 2 1 1.4721 0 5 8 2 1 0 1 1 1 1.4721
11 134.65 106.14 4 4 1 1.1999 1 8 4 1 2 1 1 1 1 1.1999
11 87.493 102.76 1 2 0 0.91191 1 9 5 1 2 0 0 0 1 0.91191
11 105.35 83.775 3 4 0 0.81601 0 3 9 2 1 0 1 1 1 0.81601
11 134.62 98.879 4 2 0 1.8719 0 3 7 2 1 1 0 0 1 1.8719
11 88.46 105.78 2 2 1 1.104 0 8 2 1 2 0 0 0 1 1.104
11 84.914 63.931 3 1 0 0.47994 0 5 6 2 1 1 0 0 1 0.47994
11 112.1 85.974 4 4 1 0.51197 1 4 7 2 1 1 0 0 1 0.51197
11 112.1 85.974 4 3 0 0.48004 1 3 8 2 1 1 0 0 1 0.48004
11 102.56 75.886 3 4 0 0.36792 1 6 5 1 2 1 1 1 1 0.36792
11 82.728 52.984 3 1 0 0.70392 1 7 2 1 2 0 0 0 1 0.70392
11 82.728 52.984 3 3 1 1.2321 1 8 4 1 2 0 0 0 1 1.2321
11 87.493 102.76 1 1 1 0.97596 1 4 9 2 1 1 0 0 1 0.97596
11 87.327 124.97 2 2 1 0.84777 1 2 6 2 1 1 0 0 1 0.84777
11 134.62 98.879 4 4 1 1.632 1 7 4 1 2 0 0 0 1 1.632
11 88.46 105.78 2 2 1 0.44784 1 3 8 2 1 0 1 1 1 0.44784
11 101.83 70.31 3 3 1 0.39993 1 2 9 1 2 1 1 1 1 0.39993
11 84.914 63.931 3 1 0 0.55992 1 9 4 1 2 1 1 1 1 0.55992
11 69.448 114.31 1 2 0 1.3119 0 7 4 1 2 0 0 0 1 1.3119
11 98.53 136.75 2 2 1 0.71985 1 2 7 1 2 1 1 1 1 0.71985
11 84.914 63.931 3 1 0 0.87997 1 6 4 2 1 1 0 0 1 0.87997
11 94.904 118.43 2 2 1 0.2719 1 9 4 2 1 1 0 0 1 0.2719
11 129.33 95.301 4 4 1 1.2159 1 3 8 2 1 0 1 1 1 1.2159
11 78.076 106.37 1 2 0 1.1037 1 5 9 2 1 1 0 0 1 1.1037
12 53.133 111.46 1 1 1 1.5521 0 2 7 2 1 1 0 0 1 1.5521
12 69.114 108.55 1 1 1 0.67198 1 5 7 2 1 0 1 1 1 0.67198
12 104.46 130.18 2 4 0 0.68796 1 8 3 1 2 0 0 0 1 0.68796
12 114.54 61.334 3 4 0 0.91203 1 6 5 1 2 0 0 1 0 0.91203
12 61.124 96.621 1 1 1 0.9919 1 8 5 1 2 1 1 1 1 0.9919
12 103.61 69.825 3 4 0 0.57594 1 7 2 2 1 1 0 0 1 0.57594
12 63.01 101.04 1 1 1 0.68787 1 4 9 2 1 1 0 1 0 0.68787
12 132.46 91.02 4 4 1 2.16 1 9 2 1 2 1 1 0 0 2.16
12 82.093 92.389 1 1 1 1.4718 1 6 5 1 2 0 0 0 1 1.4718
12 99.892 123.83 2 2 1 0.57581 1 8 3 2 1 0 0 0 1 0.57581
12 115.63 75.35 3 3 1 0.41599 1 7 4 2 1 1 0 0 1 0.41599
12 85.51 77.826 3 1 0 0.54397 1 4 6 2 1 1 0 0 1 0.54397
12 98.021 133.76 2 2 1 0.60786 1 7 3 2 1 0 0 0 1 0.60786
12 133.99 109.65 4 4 1 1.1999 1 7 4 1 2 0 0 0 1 1.1999
12 133.99 109.65 4 4 1 3.4078 1 5 9 2 1 0 1 1 1 3.4078
12 125.76 102.4 4 2 0 0.75188 1 3 7 2 1 0 1 1 1 0.75188
12 127.81 96.662 4 4 1 1.0399 1 7 2 2 1 0 0 0 1 1.0399
12 83.511 124.97 2 2 1 2.1279 1 2 8 2 1 0 1 0 0 2.1279
12 104.87 126.58 2 2 1 0.62379 0 5 8 2 1 0 1 1 1 0.62379
12 104.87 126.58 2 2 1 1.4399 0 5 6 2 1 1 0 0 1 1.4399
12 94.597 75.985 3 2 0 2.6239 1 3 8 2 1 0 1 1 1 2.6239
12 110.47 134.39 2 2 1 1.6159 1 2 6 2 1 0 1 1 1 1.6159
12 108.59 125.65 2 2 1 0.33573 1 2 9 2 1 1 0 0 1 0.33573
12 112.26 68.71 3 2 0 0.36776 1 6 3 1 2 0 0 0 1 0.36776
12 133.99 109.65 4 2 0 0.89597 1 6 2 1 2 0 0 0 1 0.89597
12 135.33 107.43 4 2 0 1.072 1 8 4 1 2 1 1 1 1 1.072
12 127.81 96.662 4 2 0 1.7599 0 7 3 1 2 1 1 1 1 1.7599
12 80.169 85.034 1 2 0 0.40004 1 6 3 1 2 1 1 1 1 0.40004
12 104.87 126.58 2 2 1 0.31991 1 9 4 1 2 0 0 1 0 0.31991
12 145.51 94.913 4 2 0 0.35203 0 3 7 2 1 1 0 0 1 0.35203
12 103.9 85.915 3 2 0 0.35197 1 2 9 2 1 0 1 1 1 0.35197
12 136.55 123.13 4 2 0 0.54385 1 3 7 2 1 1 0 0 1 0.54385
12 112.26 68.71 3 2 0 0.81591 1 4 6 1 2 1 1 1 1 0.81591
12 110.47 134.39 2 2 1 0.49599 1 8 3 1 2 0 0 0 1 0.49599
12 114.54 61.334 3 2 0 0.62401 0 8 5 1 2 1 1 1 1 0.62401
12 112.26 68.71 3 2 0 0.65608 0 4 8 2 1 1 0 0 1 0.65608
12 125.76 102.4 4 2 0 0.81594 0 9 4 1 2 1 1 1 1 0.81594
12 63.841 97.652 1 2 0 0.7679 0 7 2 1 2 0 0 0 1 0.7679
12 108.59 125.65 2 2 1 1.0239 1 3 8 2 1 0 1 1 1 1.0239
12 112.26 68.71 3 2 0 0.73595 1 2 9 2 1 1 0 0 1 0.73595
12 136.55 123.13 4 2 0 0.60787 1 4 8 2 1 1 0 0 1 0.60787
12 63.841 97.652 1 2 0 0.36797 0 8 5 1 2 0 0 1 0 0.36797
12 120.12 100.27 4 2 0 0.76793 1 8 4 1 2 1 1 1 1 0.76793
12 125.76 102.4 4 2 0 0.30374 1 7 3 2 1 1 0 0 1 0.30374
12 103.9 85.915 3 4 0 0.89592 1 2 8 2 1 0 1 0 0 0.89592
12 120.12 100.27 4 2 0 0.44793 1 2 8 2 1 0 1 1 1 0.44793
12 61.124 96.621 1 1 1 0.46383 1 5 9 2 1 1 0 0 1 0.46383
12 80.169 85.034 1 1 1 1.1199 0 4 6 2 1 0 1 1 1 1.1199
12 115.63 75.35 3 4 0 0.57594 1 3 6 2 1 1 0 0 1 0.57594
12 98.021 133.76 2 2 1 1.3279 0 9 5 2 1 1 0 0 1 1.3279
13 94.17 62.128 3 4 0 1.9614 1 8 3 1 2 1 1 1 1 1.9614
13 93.178 79.509 3 4 0 0.7039 1 9 3 1 2 1 1 1 1 0.7039
13 92.592 122.1 2 4 0 0.33584 1 4 8 2 1 0 1 1 1 0.33584
13 134.54 118.31 4 4 1 0.36779 0 6 4 1 2 1 1 1 1 0.36779
13 79.195 109.99 1 4 0 0.6399 1 2 9 2 1 0 1 1 1 0.6399
13 138.79 107.93 4 4 1 2.7679 1 6 2 1 2 0 0 0 1 2.7679
13 113.39 110.12 4 4 1 0.60797 1 9 4 2 1 0 0 0 1 0.60797
13 58.261 113.66 1 4 0 0.31984 0 5 8 2 1 0 1 0 0 0.31984
13 101.76 129.73 2 4 0 1.328 1 7 2 1 2 1 1 1 1 1.328
13 106.63 64.568 3 4 0 0.92797 0 5 8 2 1 1 0 0 1 0.92797
13 122.17 89.02 4 4 1 3.312 1 3 9 2 1 0 1 1 1 3.312
13 113.19 85.785 4 4 1 3.8559 1 3 8 1 2 0 1 1 1 3.8559
13 108.88 128.11 2 4 0 0.3679 1 5 6 2 1 1 0 0 1 0.3679
13 78.227 102.81 1 2 0 0.36809 1 5 6 2 1 1 0 1 0 0.36809
13 93.178 79.509 3 2 0 0.24006 0 2 6 1 2 1 1 1 1 0.24006
13 75.227 95.394 1 2 0 0.41595 0 9 3 1 2 1 1 1 1 0.41595
13 113.19 85.785 4 2 0 0.47986 1 7 2 1 2 1 1 1 1 0.47986
13 72.087 108.79 1 2 0 0.46393 1 9 2 1 2 0 0 0 1 0.46393
13 108.88 128.11 2 2 1 0.35188 1 8 3 1 2 0 0 0 1 0.35188
13 124.48 97.825 4 2 0 0.20775 1 6 3 2 1 1 0 0 1 0.20775
13 72.087 108.79 1 2 0 0.70395 1 4 9 2 1 1 0 0 1 0.70395
13 78.227 102.81 1 2 0 0.23998 0 9 2 1 2 0 0 1 0 0.23998
13 78.227 102.81 1 2 0 0.672 1 5 7 2 1 1 0 0 1 0.672
13 146.64 100.78 4 2 0 0.44787 1 4 9 2 1 0 1 1 1 0.44787
13 92.592 122.1 2 2 1 0.5597 0 9 2 1 2 1 1 1 1 0.5597
13 88.697 129.19 2 2 1 0.7039 0 2 8 2 1 1 0 0 1 0.7039
13 106.63 64.568 3 2 0 0.54385 0 4 7 2 1 1 0 0 1 0.54385
13 131.92 88.563 4 2 0 0.33587 1 5 8 2 1 0 1 1 1 0.33587
13 64.365 121.4 1 2 0 0.30391 1 6 5 2 1 1 0 0 1 0.30391
13 120.28 136.73 2 2 1 0.063806 1 8 5 2 1 1 0 0 1 0.063806
13 131.92 88.563 4 2 0 0.31991 1 8 5 1 2 0 0 0 1 0.31991
13 92.592 122.1 2 2 1 1.552 1 7 4 1 2 0 0 0 1 1.552
13 103.78 114.1 2 2 1 0.3198 1 4 8 1 2 0 1 1 1 0.3198
13 94.17 62.128 3 2 0 1.2639 0 8 5 1 2 0 0 0 1 1.2639
13 131.92 88.563 4 2 0 2.8319 1 4 8 2 1 0 1 1 1 2.8319
13 98.909 154.31 2 2 1 5.024 1 8 2 1 2 0 0 0 1 5.024
13 108.88 128.11 2 2 1 0.36799 1 7 5 1 2 1 1 1 1 0.36799
13 92.592 122.1 2 2 1 0.33592 1 6 4 1 2 0 0 0 1 0.33592
13 98.909 154.31 2 2 1 0.59195 1 2 7 2 1 0 1 1 1 0.59195
13 58.261 113.66 1 2 0 0.4961 1 4 6 2 1 1 0 0 1 0.4961
13 103.78 114.1 2 2 1 0.36794 1 3 6 2 1 0 1 1 1 0.36794
13 64.365 121.4 1 2 0 0.51197 1 7 4 1 2 1 1 1 1 0.51197
13 92.592 122.1 2 2 1 0.51191 1 2 9 2 1 1 0 0 1 0.51191
13 120.28 136.73 2 2 1 0.46387 1 4 9 2 1 1 0 0 1 0.46387
13 67.26 84.361 1 2 0 0.9599 1 7 3 1 2 1 1 1 1 0.9599
13 120.28 136.73 2 2 1 0.59202 0 3 6 2 1 0 1 1 1 0.59202
13 101.76 129.73 2 2 1 0.75199 1 5 7 2 1 0 1 1 1 0.75199
13 94.17 62.128 3 2 0 0.047791 1 6 4 2 1 1 0 0 1 0.047791
13 146.64 100.78 4 2 0 0.46391 0 5 7 2 1 0 1 1 1 0.46391
13 67.26 84.361 1 2 0 2.1279 1 7 5 1 2 0 0 0 1 2.1279
14 109.3 87.285 4 4 1 4.1517 0 999 999 999 999 999 999 999 999 999
14 107.65 116.76 2 2 1 0.80565 1 999 999 999 999 999 999 999 999 999
14 87.638 108.69 1 4 0 0.34991 0 999 999 999 999 999 999 999 999 999
14 117.2 51.709 3 4 0 0.92597 1 999 999 999 999 999 999 999 999 999
14 61.901 99.619 1 1 1 0.63782 0 999 999 999 999 999 999 999 999 999
14 125.36 102.53 4 4 1 1.358 0 999 999 999 999 999 999 999 999 999
14 117.2 51.709 3 3 1 1.3419 1 999 999 999 999 999 999 999 999 999
14 64.865 95.527 1 1 1 0.62197 1 999 999 999 999 999 999 999 999 999
14 78.088 154.71 2 2 1 0.58983 1 999 999 999 999 999 999 999 999 999
14 87.361 86.667 3 2 0 0.97379 0 999 999 999 999 999 999 999 999 999
14 79.388 101.79 1 2 0 0.52591 0 999 999 999 999 999 999 999 999 999
14 59.37 116.9 1 2 0 0.52594 1 999 999 999 999 999 999 999 999 999
14 150.2 97.663 4 2 0 1.2778 1 999 999 999 999 999 999 999 999 999
14 147.27 91.348 4 4 1 0.54164 0 999 999 999 999 999 999 999 999 999
14 99.777 121.21 2 2 1 0.78173 1 999 999 999 999 999 999 999 999 999
14 77.858 89.31 1 3 0 0.3817 1 999 999 999 999 999 999 999 999 999
14 95.479 75.548 3 1 0 0.49386 1 999 999 999 999 999 999 999 999 999
14 79.587 104.7 1 3 0 0.76587 1 999 999 999 999 999 999 999 999 999
14 119.7 115.08 4 2 0 0.95793 1 999 999 999 999 999 999 999 999 999
14 95.479 75.548 3 4 0 0.66985 1 999 999 999 999 999 999 999 999 999
14 78.088 154.71 2 2 1 1.0059 1 999 999 999 999 999 999 999 999 999
14 100.23 69.963 3 2 0 1.0539 1 999 999 999 999 999 999 999 999 999
14 96.491 88.531 3 2 0 0.62183 1 999 999 999 999 999 999 999 999 999
14 90.921 81.297 3 2 0 0.31781 1 999 999 999 999 999 999 999 999 999
14 133.57 98.246 4 4 1 0.81387 1 999 999 999 999 999 999 999 999 999
14 107.5 136.37 2 4 0 0.50975 1 999 999 999 999 999 999 999 999 999
14 104.68 59.224 3 2 0 0.31782 1 999 999 999 999 999 999 999 999 999
14 79.388 101.79 1 3 0 0.20549 1 999 999 999 999 999 999 999 999 999
14 96.222 127.5 2 1 0 0.25383 0 999 999 999 999 999 999 999 999 999
14 117.2 51.709 3 2 0 0.15784 1 999 999 999 999 999 999 999 999 999
14 68.92 108.52 1 4 0 0.26991 1 999 999 999 999 999 999 999 999 999
14 125.05 121.82 4 3 0 0.55792 0 999 999 999 999 999 999 999 999 999
14 59.37 116.9 1 1 1 0.92581 1 999 999 999 999 999 999 999 999 999
14 64.865 95.527 1 3 0 0.25373 0 999 999 999 999 999 999 999 999 999
14 77.056 111.55 1 1 1 0.62191 1 999 999 999 999 999 999 999 999 999
14 64.865 95.527 1 3 0 0.20574 0 999 999 999 999 999 999 999 999 999
14 98.299 68.872 3 4 0 0.95799 1 999 999 999 999 999 999 999 999 999
14 135.28 102.76 4 2 0 0.55785 0 999 999 999 999 999 999 999 999 999
14 98.299 68.872 3 3 1 0.38177 1 999 999 999 999 999 999 999 999 999
14 68.92 108.52 1 3 0 0.30173 1 999 999 999 999 999 999 999 999 999
14 119.7 115.08 4 3 0 0.31793 1 999 999 999 999 999 999 999 999 999
14 99.777 121.21 2 3 0 0.36592 1 999 999 999 999 999 999 999 999 999
14 96.491 88.531 3 4 0 0.87799 1 999 999 999 999 999 999 999 999 999
14 147.27 91.348 4 2 0 0.58988 1 999 999 999 999 999 999 999 999 999
14 108.76 71.326 3 1 0 0.62181 1 999 999 999 999 999 999 999 999 999
14 133.57 98.246 4 2 0 0.30178 1 999 999 999 999 999 999 999 999 999
14 125.05 121.82 4 2 0 0.3338 1 999 999 999 999 999 999 999 999 999
14 108.76 71.326 3 4 0 0.26981 1 999 999 999 999 999 999 999 999 999
14 96.222 127.5 2 3 0 0.25376 1 999 999 999 999 999 999 999 999 999
14 107.65 116.76 2 2 1 0.4459 1 999 999 999 999 999 999 999 999 999
15 106.96 146.08 2 2 1 0.76093 0 999 999 999 999 999 999 999 999 999
15 103.29 67.776 3 1 0 0.50221 0 999 999 999 999 999 999 999 999 999
15 68.081 99.051 1 1 1 0.98997 0 999 999 999 999 999 999 999 999 999
15 88.909 81.911 3 1 0 0.41366 0 999 999 999 999 999 999 999 999 999
15 79.913 106.7 1 1 1 0.38186 0 999 999 999 999 999 999 999 999 999
15 103.57 126.84 2 3 0 0.62187 0 999 999 999 999 999 999 999 999 999
15 115.87 74.101 3 3 1 1.0058 0 999 999 999 999 999 999 999 999 999
15 143.61 100.8 4 3 0 0.82979 0 999 999 999 999 999 999 999 999 999
15 80.524 50.4 3 1 0 0.60588 0 999 999 999 999 999 999 999 999 999
15 87.545 115.04 2 2 1 0.63785 0 999 999 999 999 999 999 999 999 999
15 117.22 124.98 2 4 0 0.58996 0 999 999 999 999 999 999 999 999 999
15 99.869 68.6 3 3 1 0.28572 0 999 999 999 999 999 999 999 999 999
15 77.572 109.31 1 2 0 0.30187 0 999 999 999 999 999 999 999 999 999
15 103.29 67.776 3 3 1 0.25381 0 999 999 999 999 999 999 999 999 999
15 135.33 83.819 4 3 0 0.25382 0 999 999 999 999 999 999 999 999 999
15 125.38 107.17 4 4 1 0.23789 0 999 999 999 999 999 999 999 999 999
15 96.492 65.252 3 4 0 0.2219 0 999 999 999 999 999 999 999 999 999
15 90.661 125.3 2 2 1 0.1098 0 999 999 999 999 999 999 999 999 999
15 113.2 91.716 4 2 0 0.2859 0 999 999 999 999 999 999 999 999 999
15 125.38 107.17 4 1 0 0.23776 0 999 999 999 999 999 999 999 999 999
15 87.545 115.04 2 4 0 0.33386 0 999 999 999 999 999 999 999 999 999
15 83.552 91.564 1 4 0 0.33398 0 999 999 999 999 999 999 999 999 999
15 74.106 120.2 1 1 1 0.79793 0 999 999 999 999 999 999 999 999 999
15 103.57 126.84 2 2 1 0.65387 0 999 999 999 999 999 999 999 999 999
15 79.913 106.7 1 1 1 0.33379 0 999 999 999 999 999 999 999 999 999
15 74.106 120.2 1 2 0 0.25381 0 999 999 999 999 999 999 999 999 999
15 58.379 87.101 1 1 1 0.26986 0 999 999 999 999 999 999 999 999 999
15 135.92 102.77 4 2 0 0.41384 0 999 999 999 999 999 999 999 999 999
15 64.871 95.296 1 1 1 0.46194 0 999 999 999 999 999 999 999 999 999
15 135.9 106.89 4 2 0 0.58987 0 999 999 999 999 999 999 999 999 999
15 58.379 87.101 1 1 1 0.34982 0 999 999 999 999 999 999 999 999 999
15 115.87 74.101 3 4 0 1.3899 0 999 999 999 999 999 999 999 999 999
15 84.963 131.14 2 2 1 0.79784 0 999 999 999 999 999 999 999 999 999
15 79.913 106.7 1 2 0 0.55798 0 999 999 999 999 999 999 999 999 999
15 135.9 106.89 4 4 1 1.0859 0 999 999 999 999 999 999 999 999 999
15 136.03 80.77 4 3 0 0.63791 0 999 999 999 999 999 999 999 999 999
15 135.9 106.89 4 4 1 0.65386 0 999 999 999 999 999 999 999 999 999
15 99.869 68.6 3 2 0 0.58994 0 999 999 999 999 999 999 999 999 999
15 135.33 83.819 4 3 0 1.0699 0 999 999 999 999 999 999 999 999 999
15 136.03 80.77 4 4 1 0.31789 0 999 999 999 999 999 999 999 999 999
15 87.545 115.04 2 2 1 0.97395 0 999 999 999 999 999 999 999 999 999
15 83.552 91.564 1 2 0 0.63792 0 999 999 999 999 999 999 999 999 999
15 84.963 131.14 2 1 0 0.30182 0 999 999 999 999 999 999 999 999 999
15 87.545 115.04 2 3 0 0.33371 0 999 999 999 999 999 999 999 999 999
15 58.379 87.101 1 4 0 0.28584 0 999 999 999 999 999 999 999 999 999
15 74.106 120.2 1 1 1 0.22173 0 999 999 999 999 999 999 999 999 999
15 83.552 91.564 1 1 1 0.22173 0 999 999 999 999 999 999 999 999 999
15 60.98 107.51 1 1 1 0.20579 0 999 999 999 999 999 999 999 999 999
15 60.98 107.51 1 1 1 0.26986 0 999 999 999 999 999 999 999 999 999
15 135.33 83.819 4 1 0 0.17391 0 999 999 999 999 999 999 999 999 999
16 77.928 96.265 1 1 1 0.66487 0 999 999 999 999 999 999 999 999 999
16 65.225 99.217 1 1 1 0.42265 0 999 999 999 999 999 999 999 999 999
16 99.874 140.32 2 1 0 0.26984 0 999 999 999 999 999 999 999 999 999
16 103.82 133.45 2 2 1 0.33397 0 999 999 999 999 999 999 999 999 999
16 64.23 98.665 1 1 1 0.50993 0 999 999 999 999 999 999 999 999 999
16 115.33 112.8 2 2 1 0.47793 0 999 999 999 999 999 999 999 999 999
16 123.55 99.716 4 2 0 0.66997 0 999 999 999 999 999 999 999 999 999
16 72.589 119.66 1 4 0 0.36598 0 999 999 999 999 999 999 999 999 999
16 85.629 127.92 2 1 0 0.1578 0 999 999 999 999 999 999 999 999 999
16 94.46 60.697 3 3 1 0.74974 0 999 999 999 999 999 999 999 999 999
16 75.224 86.067 1 3 0 0.28585 0 999 999 999 999 999 999 999 999 999
16 66.393 94.309 1 1 1 0.23796 0 999 999 999 999 999 999 999 999 999
16 100.41 134.06 2 1 0 0.23792 0 999 999 999 999 999 999 999 999 999
16 77.996 119.98 2 2 1 0.14177 0 999 999 999 999 999 999 999 999 999
16 130.46 110.05 4 2 0 0.26976 0 999 999 999 999 999 999 999 999 999
16 75.224 86.067 1 4 0 0.52791 0 999 999 999 999 999 999 999 999 999
16 85.896 114.88 1 3 0 0.12588 0 999 999 999 999 999 999 999 999 999
16 130.46 110.05 4 2 0 0.74989 0 999 999 999 999 999 999 999 999 999
16 138.93 98.963 4 2 0 0.33395 0 999 999 999 999 999 999 999 999 999
16 115.33 112.8 2 4 0 0.33391 0 999 999 999 999 999 999 999 999 999
16 130.46 110.05 4 3 0 0.25373 0 999 999 999 999 999 999 999 999 999
16 103.74 102.71 4 3 0 0.50986 0 999 999 999 999 999 999 999 999 999
16 135.82 101.92 4 3 0 0.22182 0 999 999 999 999 999 999 999 999 999
16 96.13 70.835 3 3 1 0.25388 0 999 999 999 999 999 999 999 999 999
16 103.74 102.71 4 3 0 0.30186 0 999 999 999 999 999 999 999 999 999
16 72.589 119.66 1 3 0 0.33389 0 999 999 999 999 999 999 999 999 999
16 96.13 70.835 3 3 1 0.65397 0 999 999 999 999 999 999 999 999 999
16 78.156 112.66 1 2 0 0.60585 0 999 999 999 999 999 999 999 999 999
16 85.896 114.88 1 2 0 0.52595 0 999 999 999 999 999 999 999 999 999
16 75.224 86.067 1 3 0 0.26997 0 999 999 999 999 999 999 999 999 999
16 115.33 112.8 2 1 0 0.12588 0 999 999 999 999 999 999 999 999 999
16 136.2 104.32 4 3 0 0.20581 0 999 999 999 999 999 999 999 999 999
16 94.46 60.697 3 3 1 0.25393 0 999 999 999 999 999 999 999 999 999
16 103.65 82.642 3 3 1 0.42987 0 999 999 999 999 999 999 999 999 999
16 65.225 99.217 1 3 0 0.30199 0 999 999 999 999 999 999 999 999 999
16 103.65 82.642 3 3 1 0.54198 0 999 999 999 999 999 999 999 999 999
16 96.13 70.835 3 3 1 0.46189 0 999 999 999 999 999 999 999 999 999
16 102.59 59.327 3 3 1 0.3179 0 999 999 999 999 999 999 999 999 999
16 64.23 98.665 1 3 0 0.57393 0 999 999 999 999 999 999 999 999 999
16 77.996 119.98 2 1 0 0.49382 0 999 999 999 999 999 999 999 999 999
16 78.156 112.66 1 2 0 0.23797 0 999 999 999 999 999 999 999 999 999
16 102.59 59.327 3 3 1 0.23776 0 999 999 999 999 999 999 999 999 999
16 123.55 99.716 4 3 0 0.061792 0 999 999 999 999 999 999 999 999 999
16 115.33 112.8 2 3 0 0.30186 0 999 999 999 999 999 999 999 999 999
16 99.874 140.32 2 3 0 0.28597 0 999 999 999 999 999 999 999 999 999
16 96.13 70.835 3 2 0 0.2379 0 999 999 999 999 999 999 999 999 999
16 136.2 104.32 4 3 0 1.4858 0 999 999 999 999 999 999 999 999 999
16 85.896 114.88 1 3 0 0.23777 0 999 999 999 999 999 999 999 999 999
16 135.82 101.92 4 3 0 0.15781 0 999 999 999 999 999 999 999 999 999
16 64.23 98.665 1 3 0 0.46273 0 999 999 999 999 999 999 999 999 999
17 42.798 90.771 1 1 1 0.58483 0 999 999 999 999 999 999 999 999 999
17 71.147 110.41 1 1 1 0.24596 0 999 999 999 999 999 999 999 999 999
17 105.91 118.01 2 1 0 0.18973 0 999 999 999 999 999 999 999 999 999
17 94.721 122.91 2 2 1 0.38185 0 999 999 999 999 999 999 999 999 999
17 100.28 68.216 3 3 1 1.5339 0 999 999 999 999 999 999 999 999 999
17 95.969 69.394 3 3 1 0.47795 0 999 999 999 999 999 999 999 999 999
17 81.66 104.84 1 3 0 0.28582 0 999 999 999 999 999 999 999 999 999
17 133.38 106.85 4 3 0 0.52602 0 999 999 999 999 999 999 999 999 999
17 122.05 99.471 4 3 0 0.42972 0 999 999 999 999 999 999 999 999 999
17 133.38 106.85 4 3 0 0.31784 0 999 999 999 999 999 999 999 999 999
17 109.59 65.784 3 3 1 0.34997 0 999 999 999 999 999 999 999 999 999
17 100.28 68.216 3 3 1 0.30195 0 999 999 999 999 999 999 999 999 999
17 81.367 71.13 3 1 0 0.65395 0 999 999 999 999 999 999 999 999 999
17 120.26 92.579 4 3 0 0.57388 0 999 999 999 999 999 999 999 999 999
17 133.95 100.94 4 3 0 0.38173 0 999 999 999 999 999 999 999 999 999
17 133.38 106.85 4 3 0 0.25391 0 999 999 999 999 999 999 999 999 999
17 100.56 74.619 3 4 0 0.25401 0 999 999 999 999 999 999 999 999 999
17 101.9 77.257 3 3 1 0.12577 0 999 999 999 999 999 999 999 999 999
17 136.74 108.19 4 3 0 0.18989 0 999 999 999 999 999 999 999 999 999
17 133.95 100.94 4 3 0 0.41393 0 999 999 999 999 999 999 999 999 999
17 56.686 87.9 1 1 1 0.54192 0 999 999 999 999 999 999 999 999 999
17 109.59 65.784 3 3 1 0.78186 0 999 999 999 999 999 999 999 999 999
17 69.659 110.52 1 1 1 0.49399 0 999 999 999 999 999 999 999 999 999
17 104.76 69.579 3 1 0 0.35002 0 999 999 999 999 999 999 999 999 999
17 105.91 118.01 2 2 1 0.3818 0 999 999 999 999 999 999 999 999 999
17 100.56 74.619 3 2 0 0.36593 0 999 999 999 999 999 999 999 999 999
17 68.59 86.468 1 3 0 0.33392 0 999 999 999 999 999 999 999 999 999
17 129.56 99.393 4 1 0 0.28591 0 999 999 999 999 999 999 999 999 999
17 104.31 151.82 2 4 0 0.33411 0 999 999 999 999 999 999 999 999 999
17 103.03 121.99 2 2 1 0.22174 0 999 999 999 999 999 999 999 999 999
17 104.76 69.579 3 2 0 0.3017 0 999 999 999 999 999 999 999 999 999
17 71.147 110.41 1 1 1 0.17387 0 999 999 999 999 999 999 999 999 999
17 104.31 151.82 2 2 1 0.66999 0 999 999 999 999 999 999 999 999 999
17 100.56 74.619 3 3 1 0.65383 0 999 999 999 999 999 999 999 999 999
17 101.9 77.257 3 3 1 0.49359 0 999 999 999 999 999 999 999 999 999
17 65.786 107.6 1 3 0 0.31782 0 999 999 999 999 999 999 999 999 999
17 109.59 65.784 3 3 1 1.1499 0 999 999 999 999 999 999 999 999 999
17 81.367 71.13 3 1 0 0.33387 0 999 999 999 999 999 999 999 999 999
17 56.686 87.9 1 2 0 0.15772 0 999 999 999 999 999 999 999 999 999
17 103.03 121.99 2 2 1 0.70187 0 999 999 999 999 999 999 999 999 999
17 100.56 74.619 3 3 1 0.38183 0 999 999 999 999 999 999 999 999 999
17 65.786 107.6 1 1 1 0.30191 0 999 999 999 999 999 999 999 999 999
17 81.66 104.84 1 1 1 0.70185 0 999 999 999 999 999 999 999 999 999
17 103.03 121.99 2 1 0 0.26991 0 999 999 999 999 999 999 999 999 999
17 95.969 69.394 3 2 0 0.013675 0 999 999 999 999 999 999 999 999 999
17 69.659 110.52 1 3 0 0.25384 0 999 999 999 999 999 999 999 999 999
17 68.59 86.468 1 1 1 0.23784 0 999 999 999 999 999 999 999 999 999
17 81.367 71.13 3 1 0 0.26989 0 999 999 999 999 999 999 999 999 999
17 71.147 110.41 1 1 1 0.061715 0 999 999 999 999 999 999 999 999 999
17 68.59 86.468 1 1 1 0.2859 0 999 999 999 999 999 999 999 999 999
