1 105.91 137.63 2 1 0 2.5871 0 999 999 999 999 999 999 999 999 999
1 90.727 130.76 2 2 1 0.9923 0 999 999 999 999 999 999 999 999 999
1 134.54 104.32 4 4 1 1.639 0 999 999 999 999 999 999 999 999 999
1 113.92 137.95 2 2 1 1.9205 0 999 999 999 999 999 999 999 999 999
1 121.5 101.5 4 4 1 0.95161 0 999 999 999 999 999 999 999 999 999
1 122.33 104.15 4 4 1 0.76413 0 999 999 999 999 999 999 999 999 999
1 81.446 107.74 1 1 1 1.4826 0 999 999 999 999 999 999 999 999 999
1 62.399 104.87 1 3 0 1.0146 0 999 999 999 999 999 999 999 999 999
1 128.38 109.66 4 4 1 1.1861 0 999 999 999 999 999 999 999 999 999
1 71.365 110.73 1 2 0 1.6078 0 999 999 999 999 999 999 999 999 999
1 107.85 59.327 3 4 0 0.96751 0 999 999 999 999 999 999 999 999 999
1 91.41 71.326 3 1 0 0.87347 0 999 999 999 999 999 999 999 999 999
1 88.072 70.986 3 3 1 0.74848 0 999 999 999 999 999 999 999 999 999
1 113.3 56.667 3 4 0 1.1705 0 999 999 999 999 999 999 999 999 999
1 84.963 142.9 2 1 0 1.0923 0 999 999 999 999 999 999 999 999 999
1 57.396 106.88 1 1 1 1.6548 0 999 999 999 999 999 999 999 999 999
1 63.64 90.106 1 1 1 2.5301 0 999 999 999 999 999 999 999 999 999
1 108.45 65.784 3 4 0 1.1547 0 999 999 999 999 999 999 999 999 999
1 62.399 104.87 1 1 1 1.4046 0 999 999 999 999 999 999 999 999 999
1 87.545 134.47 2 1 0 1.7568 0 999 999 999 999 999 999 999 999 999
1 94.552 63.931 3 2 0 0.96721 0 999 999 999 999 999 999 999 999 999
1 103.9 90.996 3 4 0 1.1078 0 999 999 999 999 999 999 999 999 999
1 149.85 97.568 4 3 0 0.51438 0 999 999 999 999 999 999 999 999 999
1 121.5 101.5 4 4 1 1.4987 0 999 999 999 999 999 999 999 999 999
1 115.03 74.325 3 4 0 2.8579 0 999 999 999 999 999 999 999 999 999
1 126.18 112.82 4 4 1 1.108 0 999 999 999 999 999 999 999 999 999
1 66.948 107.58 1 1 1 0.96715 0 999 999 999 999 999 999 999 999 999
1 63.64 90.106 1 2 0 2.483 0 999 999 999 999 999 999 999 999 999
1 63.64 90.106 1 1 1 0.88903 0 999 999 999 999 999 999 999 999 999
1 95.081 129.03 2 2 1 1.2797 0 999 999 999 999 999 999 999 999 999
1 108.45 65.784 3 1 0 4.0298 0 999 999 999 999 999 999 999 999 999
1 115.03 74.325 3 4 0 1.1703 0 999 999 999 999 999 999 999 999 999
1 149.85 97.568 4 3 0 0.71716 0 999 999 999 999 999 999 999 999 999
1 94.552 63.931 3 3 1 1.7797 0 999 999 999 999 999 999 999 999 999
1 95.081 129.03 2 4 0 2.3424 0 999 999 999 999 999 999 999 999 999
1 103.9 90.996 3 1 0 1.4205 0 999 999 999 999 999 999 999 999 999
1 128.38 109.66 4 4 1 1.7172 0 999 999 999 999 999 999 999 999 999
1 62.399 104.87 1 1 1 1.5139 0 999 999 999 999 999 999 999 999 999
1 55.968 105.17 1 1 1 0.62339 0 999 999 999 999 999 999 999 999 999
1 122.33 104.15 4 2 0 1.498 0 999 999 999 999 999 999 999 999 999
1 95.081 129.03 2 2 1 1.6391 0 999 999 999 999 999 999 999 999 999
1 108.45 65.784 3 4 0 2.7797 0 999 999 999 999 999 999 999 999 999
1 55.968 105.17 1 1 1 0.98295 0 999 999 999 999 999 999 999 999 999
1 105.47 128.59 2 2 1 3.6861 0 999 999 999 999 999 999 999 999 999
1 94.552 63.931 3 3 1 1.9517 0 999 999 999 999 999 999 999 999 999
1 122.33 104.15 4 3 0 1.9048 0 999 999 999 999 999 999 999 999 999
1 63.64 90.106 1 1 1 1.5141 0 999 999 999 999 999 999 999 999 999
1 105.47 128.59 2 2 1 1.561 0 999 999 999 999 999 999 999 999 999
1 122.33 104.15 4 4 1 1.8262 0 999 999 999 999 999 999 999 999 999
1 95.081 129.03 2 2 1 1.7484 0 999 999 999 999 999 999 999 999 999
2 88.157 59.224 3 4 0 6.4728 0 999 999 999 999 999 999 999 999 999
2 94.408 78.622 3 3 1 1.2372 0 999 999 999 999 999 999 999 999 999
2 77.653 98.073 1 4 0 1.5609 0 999 999 999 999 999 999 999 999 999
2 91.665 123.83 2 2 1 0.81107 0 999 999 999 999 999 999 999 999 999
2 75.413 110.38 1 2 0 1.8267 0 999 999 999 999 999 999 999 999 999
2 89.375 50.4 3 1 0 0.99861 0 999 999 999 999 999 999 999 999 999
2 125.5 108.75 4 2 0 2.8735 0 999 999 999 999 999 999 999 999 999
2 138.1 105.74 4 3 0 1.4048 0 999 999 999 999 999 999 999 999 999
2 131.82 92.771 4 4 1 0.73637 0 999 999 999 999 999 999 999 999 999
2 75.862 94.493 1 4 0 1.0456 0 999 999 999 999 999 999 999 999 999
2 73.33 90.463 1 1 1 0.52985 0 999 999 999 999 999 999 999 999 999
2 90.76 133.08 2 2 1 0.95169 0 999 999 999 999 999 999 999 999 999
2 103.65 80.253 3 3 1 2.3111 0 999 999 999 999 999 999 999 999 999
2 99.356 130.62 2 2 1 1.2643 0 999 999 999 999 999 999 999 999 999
2 54.726 99.62 1 1 1 1.0296 0 999 999 999 999 999 999 999 999 999
2 126.13 106.89 4 2 0 2.0141 0 999 999 999 999 999 999 999 999 999
2 88.157 59.224 3 3 1 4.2798 0 999 999 999 999 999 999 999 999 999
2 101.11 58.59 3 3 1 1.139 0 999 999 999 999 999 999 999 999 999
2 88.157 59.224 3 3 1 0.70132 0 999 999 999 999 999 999 999 999 999
2 88.153 84.464 3 3 1 0.9048 0 999 999 999 999 999 999 999 999 999
2 91.087 116.09 2 2 1 0.92035 0 999 999 999 999 999 999 999 999 999
2 144.12 110.12 4 2 0 1.686 0 999 999 999 999 999 999 999 999 999
2 91.087 116.09 2 2 1 1.2798 0 999 999 999 999 999 999 999 999 999
2 91.562 60.196 3 4 0 0.95164 0 999 999 999 999 999 999 999 999 999
2 104.55 95.028 3 3 1 1.3112 0 999 999 999 999 999 999 999 999 999
2 89.375 50.4 3 3 1 1.1239 0 999 999 999 999 999 999 999 999 999
2 75.862 94.493 1 4 0 3.1703 0 999 999 999 999 999 999 999 999 999
2 125.5 108.75 4 4 1 1.2329 0 999 999 999 999 999 999 999 999 999
2 99.356 130.62 2 2 1 0.7485 0 999 999 999 999 999 999 999 999 999
2 103.82 143.14 2 2 1 0.93605 0 999 999 999 999 999 999 999 999 999
2 73.33 90.463 1 3 0 3.2173 0 999 999 999 999 999 999 999 999 999
2 144.12 110.12 4 2 0 0.92047 0 999 999 999 999 999 999 999 999 999
2 132.98 110.77 4 2 0 1.9204 0 999 999 999 999 999 999 999 999 999
2 138.1 105.74 4 4 1 0.96726 0 999 999 999 999 999 999 999 999 999
2 118.28 131.59 2 2 1 0.85776 0 999 999 999 999 999 999 999 999 999
2 73.33 90.463 1 3 0 2.7016 0 999 999 999 999 999 999 999 999 999
2 73.33 90.463 1 3 0 1.5141 0 999 999 999 999 999 999 999 999 999
2 126.13 106.89 4 4 1 0.99127 0 999 999 999 999 999 999 999 999 999
2 108.36 66.018 3 4 0 1.5611 0 999 999 999 999 999 999 999 999 999
2 103.82 143.14 2 2 1 0.82663 0 999 999 999 999 999 999 999 999 999
2 94.408 78.622 3 3 1 1.4357 0 999 999 999 999 999 999 999 999 999
2 108.36 66.018 3 3 1 0.71005 0 999 999 999 999 999 999 999 999 999
2 132.98 110.77 4 4 1 1.7646 0 999 999 999 999 999 999 999 999 999
2 94.408 78.622 3 3 1 1.3424 0 999 999 999 999 999 999 999 999 999
2 91.665 123.83 2 2 1 1.1706 0 999 999 999 999 999 999 999 999 999
2 144.12 110.12 4 4 1 1.9517 0 999 999 999 999 999 999 999 999 999
2 118.28 131.59 2 2 1 0.82671 0 999 999 999 999 999 999 999 999 999
2 118.28 131.59 2 2 1 0.93611 0 999 999 999 999 999 999 999 999 999
2 58.261 107.64 1 1 1 0.98265 0 999 999 999 999 999 999 999 999 999
2 58.261 107.64 1 1 1 1.092 0 999 999 999 999 999 999 999 999 999
3 76.811 84.705 1 3 0 2.0194 0 999 999 999 999 999 999 999 999 999
3 94.876 147.21 2 2 1 1.0197 0 999 999 999 999 999 999 999 999 999
3 94.876 147.21 2 2 1 1.2485 0 999 999 999 999 999 999 999 999 999
3 116.98 81.938 4 3 0 1.4051 0 999 999 999 999 999 999 999 999 999
3 135.92 97.126 4 4 1 1.0765 0 999 999 999 999 999 999 999 999 999
3 114.68 121.33 2 4 0 1.6704 0 999 999 999 999 999 999 999 999 999
3 110.47 78.373 3 3 1 2.2329 0 999 999 999 999 999 999 999 999 999
3 133.69 100.25 4 4 1 1.2642 0 999 999 999 999 999 999 999 999 999
3 106.31 78.24 3 3 1 2.8424 0 999 999 999 999 999 999 999 999 999
3 107.74 117.24 2 2 1 1.9671 0 999 999 999 999 999 999 999 999 999
3 120.12 81.2 4 3 0 1.5922 0 999 999 999 999 999 999 999 999 999
3 116.61 102.43 4 4 1 2.186 0 999 999 999 999 999 999 999 999 999
3 106.63 69.579 3 3 1 0.93596 0 999 999 999 999 999 999 999 999 999
3 118 101.92 4 4 1 2.2332 0 999 999 999 999 999 999 999 999 999
3 87.493 106.47 1 4 0 2.3578 0 999 999 999 999 999 999 999 999 999
3 104.09 73.328 3 3 1 0.96724 0 999 999 999 999 999 999 999 999 999
3 104.09 73.328 3 3 1 1.8111 0 999 999 999 999 999 999 999 999 999
3 104.09 73.328 3 3 1 0.76412 0 999 999 999 999 999 999 999 999 999
3 133.28 102.46 4 4 1 4.5608 0 999 999 999 999 999 999 999 999 999
3 116.12 95.12 4 4 1 1.4576 0 999 999 999 999 999 999 999 999 999
3 87.493 106.47 1 2 0 2.1079 0 999 999 999 999 999 999 999 999 999
3 98.277 131.14 2 2 1 1.0764 0 999 999 999 999 999 999 999 999 999
3 114.68 121.33 2 2 1 0.79505 0 999 999 999 999 999 999 999 999 999
3 116.98 81.938 4 3 0 1.7016 0 999 999 999 999 999 999 999 999 999
3 110.47 78.373 3 4 0 1.7486 0 999 999 999 999 999 999 999 999 999
3 106.63 69.579 3 3 1 1.0297 0 999 999 999 999 999 999 999 999 999
3 65.786 91.165 1 1 1 1.2015 0 999 999 999 999 999 999 999 999 999
3 110.47 129.76 2 2 1 0.85782 0 999 999 999 999 999 999 999 999 999
3 120.12 81.2 4 4 1 2.0766 0 999 999 999 999 999 999 999 999 999
3 116.98 81.938 4 4 1 2.4206 0 999 999 999 999 999 999 999 999 999
3 76.811 84.705 1 1 1 0.85743 0 999 999 999 999 999 999 999 999 999
3 65.786 91.165 1 1 1 0.7642 0 999 999 999 999 999 999 999 999 999
3 98.277 131.14 2 2 1 1.0454 0 999 999 999 999 999 999 999 999 999
3 136.68 106.13 4 4 1 2.1704 0 999 999 999 999 999 999 999 999 999
3 98.473 75.886 3 3 1 1.1546 0 999 999 999 999 999 999 999 999 999
3 123.62 112.8 2 2 1 2.3423 0 999 999 999 999 999 999 999 999 999
3 65.786 91.165 1 1 1 1.0922 0 999 999 999 999 999 999 999 999 999
3 114.68 121.33 2 2 1 1.0455 0 999 999 999 999 999 999 999 999 999
3 107.74 117.24 2 4 0 3.9673 0 999 999 999 999 999 999 999 999 999
3 133.69 100.25 4 3 0 1.7329 0 999 999 999 999 999 999 999 999 999
3 116.61 102.43 4 4 1 2.6388 0 999 999 999 999 999 999 999 999 999
3 123.62 112.8 2 2 1 1.2643 0 999 999 999 999 999 999 999 999 999
3 133.69 100.25 4 2 0 2.9986 0 999 999 999 999 999 999 999 999 999
3 98.473 75.886 3 3 1 0.98282 0 999 999 999 999 999 999 999 999 999
3 65.786 91.165 1 1 1 0.76424 0 999 999 999 999 999 999 999 999 999
3 65.786 91.165 1 1 1 0.71721 0 999 999 999 999 999 999 999 999 999
3 136.68 106.13 4 4 1 1.4201 0 999 999 999 999 999 999 999 999 999
3 69.114 100.23 1 1 1 1.0457 0 999 999 999 999 999 999 999 999 999
3 98.473 75.886 3 4 0 1.436 0 999 999 999 999 999 999 999 999 999
3 69.114 100.23 1 1 1 0.74865 0 999 999 999 999 999 999 999 999 999
4 104.31 118.42 2 2 1 2.3971 0 999 999 999 999 999 999 999 999 999
4 101.47 128.34 2 2 1 1.3933 0 999 999 999 999 999 999 999 999 999
4 79.825 95.854 1 2 0 1.514 0 999 999 999 999 999 999 999 999 999
4 110.45 128.19 2 2 1 1.2015 0 999 999 999 999 999 999 999 999 999
4 94.301 94.826 3 3 1 1.4045 0 999 999 999 999 999 999 999 999 999
4 80.613 74.907 3 3 1 0.90478 0 999 999 999 999 999 999 999 999 999
4 71.871 116.53 1 2 0 3.0298 0 999 999 999 999 999 999 999 999 999
4 71.871 116.53 1 1 1 0.87354 0 999 999 999 999 999 999 999 999 999
4 82.785 72.427 3 1 0 1.311 0 999 999 999 999 999 999 999 999 999
4 111.72 101.61 4 4 1 2.1546 0 999 999 999 999 999 999 999 999 999
4 117.2 64.028 3 4 0 0.84226 0 999 999 999 999 999 999 999 999 999
4 98.018 71.214 3 3 1 0.8421 0 999 999 999 999 999 999 999 999 999
4 124.8 95.363 4 4 1 2.983 0 999 999 999 999 999 999 999 999 999
4 109.08 91.975 4 3 0 1.6546 0 999 999 999 999 999 999 999 999 999
4 107.49 121.59 2 2 1 1.4205 0 999 999 999 999 999 999 999 999 999
4 84.914 68.872 3 1 0 4.2485 0 999 999 999 999 999 999 999 999 999
4 69.085 100.59 1 1 1 4.1239 0 999 999 999 999 999 999 999 999 999
4 110.59 82.92 3 3 1 1.217 0 999 999 999 999 999 999 999 999 999
4 72.593 99.619 1 3 0 1.061 0 999 999 999 999 999 999 999 999 999
4 124.48 107.43 4 3 0 1.0923 0 999 999 999 999 999 999 999 999 999
4 101.42 65.476 3 3 1 1.0298 0 999 999 999 999 999 999 999 999 999
4 101.47 128.34 2 2 1 2.2172 0 999 999 999 999 999 999 999 999 999
4 82.785 72.427 3 3 1 6.0298 0 999 999 999 999 999 999 999 999 999
4 104.24 117.65 2 2 1 1.092 0 999 999 999 999 999 999 999 999 999
4 104.24 117.65 2 4 0 2.0449 0 999 999 999 999 999 999 999 999 999
4 69.085 100.59 1 1 1 0.95163 0 999 999 999 999 999 999 999 999 999
4 109.08 91.975 4 4 1 5.9516 0 999 999 999 999 999 999 999 999 999
4 127.27 99.77 4 4 1 1.1704 0 999 999 999 999 999 999 999 999 999
4 82.785 72.427 3 3 1 1.8579 0 999 999 999 999 999 999 999 999 999
4 65.666 97.452 1 1 1 1.7642 0 999 999 999 999 999 999 999 999 999
4 110.59 82.92 3 3 1 1.5766 0 999 999 999 999 999 999 999 999 999
4 110.59 82.92 3 3 1 1.3422 0 999 999 999 999 999 999 999 999 999
4 124.48 107.43 4 4 1 1.9988 0 999 999 999 999 999 999 999 999 999
4 127.27 99.77 4 4 1 2.8893 0 999 999 999 999 999 999 999 999 999
4 82.785 72.427 3 3 1 1.3576 0 999 999 999 999 999 999 999 999 999
4 111.72 101.61 4 4 1 1.0611 0 999 999 999 999 999 999 999 999 999
4 104.24 117.65 2 2 1 1.2172 0 999 999 999 999 999 999 999 999 999
4 104.24 117.65 2 2 1 2.2489 0 999 999 999 999 999 999 999 999 999
4 65.666 97.452 1 1 1 2.436 0 999 999 999 999 999 999 999 999 999
4 75.503 98.665 1 1 1 1.4986 0 999 999 999 999 999 999 999 999 999
4 80.038 100.08 1 1 1 1.8735 0 999 999 999 999 999 999 999 999 999
4 98.018 71.214 3 3 1 1.3266 0 999 999 999 999 999 999 999 999 999
4 104.31 118.42 2 4 0 4.8426 0 999 999 999 999 999 999 999 999 999
4 104.31 118.42 2 3 0 1.2797 0 999 999 999 999 999 999 999 999 999
4 107.49 121.59 2 4 0 2.8736 0 999 999 999 999 999 999 999 999 999
4 124.48 107.43 4 3 0 0.98286 0 999 999 999 999 999 999 999 999 999
4 80.038 100.08 1 4 0 4.3933 0 999 999 999 999 999 999 999 999 999
4 75.503 98.665 1 1 1 1.1703 0 999 999 999 999 999 999 999 999 999
4 72.593 99.619 1 1 1 0.65484 0 999 999 999 999 999 999 999 999 999
4 82.785 72.427 3 1 0 1.3112 0 999 999 999 999 999 999 999 999 999
5 123.77 89.716 4 4 1 1.539 0 999 999 999 999 999 999 999 999 999
5 71.102 101.41 1 1 1 1.0838 0 999 999 999 999 999 999 999 999 999
5 93.937 62.352 3 3 1 0.88924 0 999 999 999 999 999 999 999 999 999
5 76.401 103.39 1 1 1 1.4984 0 999 999 999 999 999 999 999 999 999
5 90.591 102.61 1 4 0 4.4048 0 999 999 999 999 999 999 999 999 999
5 121.04 146.03 2 2 1 1.5609 0 999 999 999 999 999 999 999 999 999
5 107.7 86.667 3 3 1 1.5922 0 999 999 999 999 999 999 999 999 999
5 91.782 130.18 2 2 1 1.592 0 999 999 999 999 999 999 999 999 999
5 99.84 75.458 3 3 1 1.6235 0 999 999 999 999 999 999 999 999 999
5 127.58 78.635 4 4 1 1.4048 0 999 999 999 999 999 999 999 999 999
5 115.33 109.72 2 4 0 0.87355 0 999 999 999 999 999 999 999 999 999
5 119.71 107.64 4 4 1 1.3116 0 999 999 999 999 999 999 999 999 999
5 79.562 79.509 3 3 1 2.7484 0 999 999 999 999 999 999 999 999 999
5 99.892 141.1 2 2 1 1.4515 0 999 999 999 999 999 999 999 999 999
5 88.909 67.523 3 4 0 1.7173 0 999 999 999 999 999 999 999 999 999
5 115.33 109.72 2 4 0 1.2329 0 999 999 999 999 999 999 999 999 999
5 113.2 121.82 4 2 0 1.2486 0 999 999 999 999 999 999 999 999 999
5 113.2 121.82 4 2 0 1.2016 0 999 999 999 999 999 999 999 999 999
5 99.84 75.458 3 4 0 1.4206 0 999 999 999 999 999 999 999 999 999
5 71.102 101.41 1 3 0 1.4205 0 999 999 999 999 999 999 999 999 999
5 119.7 90.895 4 3 0 1.061 0 999 999 999 999 999 999 999 999 999
5 96.006 81.297 3 4 0 2.2328 0 999 999 999 999 999 999 999 999 999
5 123.77 89.716 4 4 1 0.98288 0 999 999 999 999 999 999 999 999 999
5 74.84 109.64 1 1 1 1.3111 0 999 999 999 999 999 999 999 999 999
5 99.892 141.1 2 2 1 1.7643 0 999 999 999 999 999 999 999 999 999
5 122.05 110.07 4 4 1 3.7642 0 999 999 999 999 999 999 999 999 999
5 63.269 100.38 1 1 1 1.577 0 999 999 999 999 999 999 999 999 999
5 85.173 114.88 1 2 0 2.5922 0 999 999 999 999 999 999 999 999 999
5 78.275 87.081 1 1 1 1.1544 0 999 999 999 999 999 999 999 999 999
5 105.22 110.36 2 3 0 2.6707 0 999 999 999 999 999 999 999 999 999
5 136.2 107.25 4 4 1 0.84217 0 999 999 999 999 999 999 999 999 999
5 79.562 79.509 3 1 0 0.84196 0 999 999 999 999 999 999 999 999 999
5 63.436 96.275 1 1 1 1.4829 0 999 999 999 999 999 999 999 999 999
5 90.591 102.61 1 4 0 1.5613 0 999 999 999 999 999 999 999 999 999
5 85.173 114.88 1 2 0 0.67057 0 999 999 999 999 999 999 999 999 999
5 71.102 101.41 1 1 1 2.1079 0 999 999 999 999 999 999 999 999 999
5 96.006 81.297 3 4 0 7.5452 0 999 999 999 999 999 999 999 999 999
5 96.006 81.297 3 1 0 2.3579 0 999 999 999 999 999 999 999 999 999
5 90.591 102.61 1 2 0 0.93648 0 999 999 999 999 999 999 999 999 999
5 80.323 80.21 1 3 0 0.65487 0 999 999 999 999 999 999 999 999 999
5 105.22 110.36 2 4 0 1.6079 0 999 999 999 999 999 999 999 999 999
5 113.2 121.82 4 2 0 1.0765 0 999 999 999 999 999 999 999 999 999
5 105.22 110.36 2 4 0 1.1703 0 999 999 999 999 999 999 999 999 999
5 119.7 90.895 4 3 0 2.2798 0 999 999 999 999 999 999 999 999 999
5 96.006 81.297 3 4 0 1.5608 0 999 999 999 999 999 999 999 999 999
5 74.84 109.64 1 2 0 1.514 0 999 999 999 999 999 999 999 999 999
5 71.102 101.41 1 1 1 0.96278 0 999 999 999 999 999 999 999 999 999
5 99.84 75.458 3 4 0 2.6548 0 999 999 999 999 999 999 999 999 999
5 122.05 110.07 4 4 1 0.9359 0 999 999 999 999 999 999 999 999 999
5 80.323 80.21 1 3 0 1.4205 0 999 999 999 999 999 999 999 999 999
6 91.988 77.242 3 3 1 2.2929 0 7 3 1 2 0 0 1 0 2.2929
6 139.65 105.71 4 4 1 1.8735 0 8 5 1 2 1 1 1 1 1.8735
6 77.056 91.567 1 3 0 3.1392 0 4 8 2 1 1 0 0 1 3.1392
6 93.811 62.128 3 3 1 2.2174 0 8 2 1 2 0 0 1 0 2.2174
6 56.686 97.892 1 1 1 1.7954 0 6 2 2 1 1 0 0 1 1.7954
6 76.145 104.28 1 1 1 3.6549 0 3 7 2 1 0 1 1 1 3.6549
6 136.03 95.045 4 4 1 2.8268 0 9 2 1 2 1 1 0 0 2.8268
6 96.851 103.32 1 2 0 1.936 0 6 3 1 2 0 0 0 1 1.936
6 106.96 151.82 2 2 1 1.9985 0 7 2 1 2 0 0 0 1 1.9985
6 96.851 103.32 1 4 0 1.2799 0 9 3 2 1 1 0 0 1 1.2799
6 136.64 94.577 4 4 1 2.0767 0 3 6 1 2 0 1 1 1 2.0767
6 96.851 103.32 1 2 0 1.8892 0 3 6 2 1 1 0 0 1 1.8892
6 136.64 94.577 4 4 1 2.0298 0 5 8 2 1 0 1 1 1 2.0298
6 105.39 154.25 2 2 1 2.1393 0 8 2 1 2 1 1 1 1 2.1393
6 93.601 127.32 2 2 1 1.9518 0 3 7 1 2 0 1 1 1 1.9518
6 109.02 79.367 4 4 1 3.4516 0 3 6 2 1 1 0 0 1 3.4516
6 87.314 77.257 3 3 1 3.3578 0 8 2 1 2 1 1 1 1 3.3578
6 90.777 77.844 3 3 1 2.0767 0 7 2 1 2 0 0 0 1 2.0767
6 107.98 132.19 2 2 1 2.514 0 8 4 1 2 1 1 1 1 2.514
6 149.08 95.301 4 4 1 1.561 0 3 7 2 1 1 0 0 1 1.561
6 96.851 103.32 1 3 0 1.4049 0 4 6 2 1 0 1 1 1 1.4049
6 136.03 95.045 4 4 1 2.592 0 7 5 1 2 0 0 0 1 2.592
6 93.601 127.32 2 2 1 1.4047 0 5 6 2 1 0 1 1 1 1.4047
6 98.029 134.06 2 2 1 0.98328 0 5 7 2 1 0 1 1 1 0.98328
6 107.98 132.19 2 2 1 1.5455 0 6 5 1 2 1 1 1 1 1.5455
6 77.056 91.567 1 1 1 1.1549 0 3 9 2 1 0 1 1 1 1.1549
6 107.98 132.19 2 2 1 0.98297 0 8 3 1 2 1 1 1 1 0.98297
6 114.53 51.709 3 4 0 2.1235 0 6 3 1 2 0 0 0 1 2.1235
6 109.85 73.783 3 3 1 0.92079 0 4 7 2 1 1 0 0 1 0.92079
6 98.029 134.06 2 2 1 1.183 0 9 3 1 2 1 1 1 1 1.183
6 77.056 91.567 1 1 1 1.405 0 2 6 2 1 0 1 1 1 1.405
6 136.03 95.045 4 4 1 0.99842 0 6 4 1 2 0 0 0 1 0.99842
6 99.869 66.716 3 4 0 1.436 0 5 8 1 2 1 1 1 1 1.436
6 135.33 83.272 4 4 1 1.0458 0 9 5 1 2 1 1 1 1 1.0458
6 99.869 66.716 3 3 1 1.0455 0 9 2 1 2 0 0 0 1 1.0455
6 91.988 77.242 3 3 1 0.95173 0 3 9 2 1 1 0 0 1 0.95173
6 96.851 103.32 1 2 0 1.4831 0 4 6 1 2 0 1 1 1 1.4831
6 93.811 62.128 3 3 1 0.82673 0 2 9 2 1 1 0 0 1 0.82673
6 114.53 51.709 3 4 0 3.28 0 7 4 1 2 0 0 0 1 3.28
6 109.85 73.783 3 3 1 1.0454 0 9 5 1 2 0 0 0 1 1.0454
6 96.851 103.32 1 2 0 1.4204 0 3 6 2 1 1 0 0 1 1.4204
6 109.85 73.783 3 4 0 1.8424 0 4 9 2 1 0 1 1 1 1.8424
6 136.03 95.045 4 4 1 1.4518 0 6 5 1 2 0 0 0 1 1.4518
6 149.08 95.301 4 4 1 0.96736 0 5 8 2 1 1 0 0 1 0.96736
6 109.02 79.367 4 3 0 1.0922 0 4 6 2 1 0 1 1 1 1.0922
6 136.64 94.577 4 4 1 0.85779 0 4 7 1 2 1 1 1 1 0.85779
6 99.869 66.716 3 3 1 0.87356 0 6 5 1 2 1 1 1 1 0.87356
6 149.08 95.301 4 4 1 0.96762 0 8 4 1 2 1 1 1 1 0.96762
6 106.96 151.82 2 2 1 1.4359 0 4 8 2 1 1 0 0 1 1.4359
6 136.03 95.045 4 4 1 0.81104 0 3 8 1 2 0 1 0 0 0.81104
7 105.84 78.633 3 3 1 0.85669 0 3 8 2 1 1 0 0 1 0.85669
7 135.28 103.12 4 4 1 1.1699 1 2 7 2 1 0 1 1 1 1.1699
7 91.393 128.24 2 2 1 1.2486 1 4 6 2 1 0 1 1 1 1.2486
7 120.26 102.71 4 4 1 0.92033 0 8 5 1 2 0 0 0 1 0.92033
7 89.249 82.411 3 3 1 1.0767 1 3 8 2 1 1 0 0 1 1.0767
7 94.807 68.199 3 3 1 1.061 0 7 4 1 2 0 0 0 1 1.061
7 77.33 102.41 1 1 1 1.358 1 2 8 1 2 1 1 1 1 1.358
7 77.33 102.41 1 3 0 1.233 0 5 9 2 1 0 1 1 1 1.233
7 98.409 77.826 3 4 0 1.1701 1 7 3 1 2 0 0 0 1 1.1701
7 100.68 115.34 2 2 1 1.3265 1 3 8 2 1 1 0 0 1 1.3265
7 120.26 102.71 4 4 1 1.6551 1 6 2 1 2 1 1 1 1 1.6551
7 76.579 86.468 1 1 1 0.90481 0 2 6 1 2 0 1 1 1 0.90481
7 65.272 84.361 1 1 1 2.4316 1 4 8 2 1 0 1 1 1 2.4316
7 66.681 107.6 1 1 1 1.4044 1 6 2 1 2 0 0 0 1 1.4044
7 134.62 92.051 4 4 1 1.9515 1 8 3 1 2 1 1 1 1 1.9515
7 119.21 91.274 4 4 1 1.2117 1 7 5 1 2 0 0 0 1 1.2117
7 100.68 115.34 2 2 1 0.9674 1 2 9 2 1 1 0 0 1 0.9674
7 116.82 49.697 3 3 1 0.85286 1 2 8 2 1 0 1 1 1 0.85286
7 91.393 128.24 2 2 1 4.358 1 7 3 1 2 1 1 1 1 4.358
7 96.492 78.382 3 3 1 1.3892 1 5 9 1 2 0 1 1 1 1.3892
7 91.393 128.24 2 2 1 1.3422 1 8 3 1 2 0 0 0 1 1.3422
7 116.82 49.697 3 4 0 2.0454 1 6 3 1 2 1 1 0 0 2.0454
7 82.976 119.98 2 2 1 1.1393 1 9 5 1 2 0 0 0 1 1.1393
7 135.28 103.12 4 4 1 1.0455 1 4 6 2 1 1 0 0 1 1.0455
7 119.21 91.274 4 4 1 0.88912 1 3 8 2 1 0 1 1 1 0.88912
7 103.04 113.38 2 4 0 1.1236 1 9 4 1 2 1 1 1 1 1.1236
7 100.12 140.58 2 2 1 0.84246 0 6 3 1 2 0 0 0 1 0.84246
7 129.56 93.55 4 4 1 1.0298 1 8 4 1 2 1 1 1 1 1.0298
7 99.532 109.56 2 4 0 1.061 1 6 4 1 2 1 1 1 1 1.061
7 76.579 86.468 1 1 1 0.88915 1 4 7 1 2 1 1 1 1 0.88915
7 94.807 68.199 3 1 0 0.96728 0 7 2 1 2 0 0 0 1 0.96728
7 76.242 82.592 1 1 1 1.4674 1 6 2 1 2 0 0 0 1 1.4674
7 98.409 77.826 3 3 1 0.84241 1 8 3 1 2 1 1 1 1 0.84241
7 129.56 93.55 4 4 1 1.3429 0 3 9 2 1 1 0 1 0 1.3429
7 88.697 119.36 2 2 1 0.96722 1 6 5 2 1 1 0 0 1 0.96722
7 100.68 115.34 2 2 1 1.4185 0 3 7 2 1 0 1 1 1 1.4185
7 65.272 84.361 1 1 1 0.92058 0 8 3 1 2 1 1 1 1 0.92058
7 92.524 133.37 2 2 1 0.95169 1 5 6 2 1 1 0 0 1 0.95169
7 96.492 78.382 3 4 0 1.7175 1 6 2 1 2 1 1 1 1 1.7175
7 94.807 68.199 3 3 1 3.6549 1 3 7 2 1 0 1 1 1 3.6549
7 99.532 109.56 2 4 0 4.1619 0 5 8 1 2 0 1 1 1 4.1619
7 84.233 126.35 2 2 1 1.0924 0 3 9 1 2 1 1 1 1 1.0924
7 76.242 82.592 1 1 1 0.93604 1 7 5 1 2 1 1 1 1 0.93604
7 84.233 126.35 2 2 1 4.8737 1 3 9 2 1 0 1 0 0 4.8737
7 84.233 126.35 2 2 1 0.88919 1 8 4 1 2 1 1 1 1 0.88919
7 63.841 97.967 1 1 1 0.99859 1 4 8 2 1 0 1 1 1 0.99859
7 100.12 140.58 2 2 1 3.1079 1 3 6 2 1 1 0 0 1 3.1079
7 129.56 93.55 4 4 1 1.2642 1 7 3 1 2 0 0 0 1 1.2642
7 63.841 97.967 1 1 1 1.2173 1 6 3 1 2 1 1 1 1 1.2173
7 91.393 128.24 2 2 1 1.0768 1 3 9 1 2 0 1 1 1 1.0768
8 60.554 114.75 1 1 1 1.0143 1 6 4 1 2 0 0 0 1 1.0143
8 107.49 126.84 2 2 1 0.93623 1 5 6 1 2 1 1 1 1 0.93623
8 120.78 91.08 4 4 1 1.1704 1 5 9 2 1 1 0 0 1 1.1704
8 102.03 61.334 3 3 1 1.3424 1 6 5 1 2 1 1 1 1 1.3424
8 106.94 71.13 3 3 1 1.061 0 8 3 1 2 1 1 1 1 1.061
8 101.3 121.92 2 2 1 0.90477 1 5 7 2 1 1 0 0 1 0.90477
8 124.09 121.04 4 2 0 8.1548 1 8 2 1 2 0 0 1 0 8.1548
8 133.99 94.174 4 4 1 0.79533 1 5 7 2 1 1 0 0 1 0.79533
8 86.696 70.548 3 3 1 0.99865 0 4 8 2 1 0 1 1 1 0.99865
8 67.698 97.614 1 1 1 0.87374 1 7 4 1 2 1 1 1 1 0.87374
8 110.27 122.85 2 2 1 2.1081 1 4 6 2 1 1 0 0 1 2.1081
8 131.28 97.975 4 4 1 0.93595 1 8 3 2 1 0 0 0 1 0.93595
8 131.4 110.05 4 4 1 1.1704 1 7 3 1 2 0 0 0 1 1.1704
8 101.7 79.36 3 3 1 0.95174 1 9 4 1 2 1 1 1 1 0.95174
8 86.696 70.548 3 1 0 2.0142 0 5 6 1 2 0 1 1 1 2.0142
8 97.76 132.04 2 2 1 1.1079 1 4 9 2 1 1 0 0 1 1.1079
8 61.808 101.51 1 1 1 0.85794 1 3 9 1 2 1 1 1 1 0.85794
8 110.27 122.85 2 2 1 1.0768 1 9 2 1 2 0 0 0 1 1.0768
8 131.4 110.05 4 2 0 2.4049 1 3 9 2 1 1 0 0 1 2.4049
8 100.23 65.252 3 4 0 1.2643 0 4 6 2 1 0 1 0 0 1.2643
8 113.65 125.03 2 2 1 0.93594 1 5 7 2 1 1 0 0 1 0.93594
8 90.49 119.52 1 2 0 1.1392 1 7 2 1 2 1 1 1 1 1.1392
8 131.4 110.05 4 4 1 1.108 1 9 2 2 1 1 0 0 1 1.108
8 61.808 101.51 1 1 1 2.6548 1 2 9 2 1 0 1 1 1 2.6548
8 129.21 106.85 4 4 1 3.0923 1 7 5 1 2 0 0 0 1 3.0923
8 107.49 126.84 2 2 1 0.92055 0 2 9 2 1 0 1 1 1 0.92055
8 131.28 97.975 4 4 1 1.2642 1 5 7 1 2 1 1 1 1 1.2642
8 101.7 79.36 3 3 1 0.82684 1 8 4 1 2 1 1 1 1 0.82684
8 101.3 121.92 2 2 1 0.92039 1 3 8 2 1 0 1 1 1 0.92039
8 90.49 119.52 1 3 0 0.87329 0 4 8 2 1 0 1 1 1 0.87329
8 133.99 94.174 4 4 1 2.733 1 6 4 1 2 1 1 1 1 2.733
8 86.696 70.548 3 3 1 1.2016 1 3 6 2 1 0 1 1 1 1.2016
8 107.49 126.84 2 2 1 0.94912 1 7 2 1 2 1 1 1 1 0.94912
8 79.913 109.84 1 3 0 0.96695 1 9 5 1 2 0 0 0 1 0.96695
8 83.69 103.31 1 3 0 0.88904 1 7 2 1 2 0 0 0 1 0.88904
8 79.951 136.73 2 2 1 0.92045 0 6 4 1 2 1 1 1 1 0.92045
8 124.09 121.04 4 4 1 1.3111 1 7 3 1 2 1 1 1 1 1.3111
8 129.21 106.85 4 4 1 0.79566 1 4 9 2 1 0 1 1 1 0.79566
8 61.808 101.51 1 1 1 3.4047 1 4 9 2 1 0 1 1 1 3.4047
8 79.951 136.73 2 2 1 1.5297 1 6 5 1 2 1 1 1 1 1.5297
8 131.4 110.05 4 4 1 4.7485 1 9 2 1 2 0 0 0 1 4.7485
8 131.28 97.975 4 1 0 1.1548 0 9 5 1 2 0 0 0 1 1.1548
8 67.698 97.614 1 1 1 1.0299 0 3 7 2 1 0 1 1 1 1.0299
8 107.49 126.84 2 2 1 0.81125 1 6 3 1 2 1 1 1 1 0.81125
8 86.696 70.548 3 3 1 2.3734 1 8 2 2 1 0 0 0 1 2.3734
8 67.698 97.614 1 1 1 1.2016 1 5 7 2 1 0 1 1 1 1.2016
8 97.76 132.04 2 2 1 1.0142 0 7 2 1 2 0 0 0 1 1.0142
8 79.913 109.84 1 3 0 1.4364 0 5 8 2 1 1 0 0 1 1.4364
8 97.76 132.04 2 2 1 1.311 1 3 7 1 2 0 1 1 1 1.311
8 136.37 96.023 4 4 1 1.4205 0 5 8 2 1 1 0 0 1 1.4205
9 106.68 73.765 3 4 0 1.6168 0 8 4 2 1 0 0 0 1 1.6168
9 101.51 144.9 2 2 1 3.0766 1 7 4 1 2 0 0 0 1 3.0766
9 99.288 65.829 3 4 0 1.4517 1 5 7 2 1 0 1 1 1 1.4517
9 73.671 85.034 1 3 0 1.0453 1 9 4 1 2 1 1 1 1 1.0453
9 94.481 138.82 2 2 1 1.5456 0 7 5 2 1 1 0 0 1 1.5456
9 96.262 118.25 2 3 0 1.4985 0 5 7 2 1 1 0 0 1 1.4985
9 94.348 79.112 3 3 1 1.2641 1 9 2 1 2 1 1 1 1 1.2641
9 135.16 93.27 4 4 1 4.405 0 5 6 1 2 0 1 0 0 4.405
9 60.351 103.16 1 1 1 1.6548 1 6 4 1 2 0 0 0 1 1.6548
9 63.495 102.95 1 1 1 1.0142 1 4 6 2 1 1 0 0 1 1.0142
9 108.91 66.395 3 4 0 2.1863 1 7 5 1 2 1 1 1 1 2.1863
9 63.495 102.95 1 1 1 1.8735 1 2 7 2 1 0 1 1 1 1.8735
9 59.37 106.7 1 1 1 1.4517 1 5 9 2 1 1 0 0 1 1.4517
9 72.589 112.66 1 1 1 1.3421 0 9 5 1 2 0 0 0 1 1.3421
9 106.46 90.552 3 3 1 1.108 0 7 5 1 2 0 0 0 1 1.108
9 72.976 99.69 1 3 0 1.1236 1 6 2 1 2 1 1 1 1 1.1236
9 60.351 103.16 1 1 1 2.8737 1 3 9 2 1 0 1 1 1 2.8737
9 63.495 102.95 1 3 0 1.17 1 5 8 2 1 0 1 1 1 1.17
9 88.689 88.289 1 3 0 1.8267 1 6 4 2 1 0 0 1 0 1.8267
9 106.68 73.765 3 4 0 1.2329 1 2 6 2 1 0 1 1 1 1.2329
9 104.3 81.111 3 3 1 1.6393 0 6 4 1 2 1 1 1 1 1.6393
9 104.3 81.111 3 3 1 1.9364 0 5 7 2 1 0 1 1 1 1.9364
9 124.18 97.41 4 4 1 7.9518 1 2 6 2 1 1 0 0 1 7.9518
9 132.46 86.239 4 3 0 1.108 1 8 2 1 2 1 1 1 1 1.108
9 99.288 65.829 3 3 1 1.2329 1 5 7 2 1 0 1 1 1 1.2329
9 94.348 79.112 3 3 1 1.3738 1 4 7 2 1 0 1 1 1 1.3738
9 106.2 65.457 3 3 1 1.1548 1 7 2 1 2 1 1 1 1 1.1548
9 60.351 103.16 1 1 1 1.0454 1 9 3 1 2 0 0 0 1 1.0454
9 103.49 116.76 2 2 1 1.4359 0 8 3 2 1 0 0 0 1 1.4359
9 60.351 103.16 1 1 1 1.2174 1 2 8 1 2 1 1 1 1 1.2174
9 88.689 88.289 1 3 0 1.4833 0 3 8 2 1 1 0 0 1 1.4833
9 129.28 97.095 4 4 1 1.4048 1 2 6 1 2 1 1 1 1 1.4048
9 121.8 99.67 4 4 1 1.1079 1 8 2 1 2 1 1 1 1 1.1079
9 106.2 65.457 3 3 1 3.1392 0 4 6 1 2 1 1 1 1 3.1392
9 121.8 99.67 4 4 1 1.2799 1 4 8 2 1 0 1 1 1 1.2799
9 116.68 113.86 2 2 1 1.1861 1 9 4 1 2 1 1 1 1 1.1861
9 103.49 116.76 2 2 1 1.1549 1 9 3 1 2 1 1 1 1 1.1549
9 93.178 76.845 3 3 1 1.3892 1 5 9 2 1 0 1 1 1 1.3892
9 124.18 97.41 4 4 1 1.5611 1 6 5 1 2 1 1 1 1 1.5611
9 96.262 118.25 2 3 0 1.4756 1 3 7 2 1 0 1 1 1 1.4756
9 116.47 109.65 4 3 0 1.4362 1 7 5 1 2 0 0 0 1 1.4362
9 94.348 79.112 3 3 1 1.3578 1 3 6 2 1 0 1 1 1 1.3578
9 116.47 109.65 4 4 1 1.6549 1 9 5 1 2 1 1 1 1 1.6549
9 99.288 65.829 3 3 1 1.1548 1 5 9 2 1 0 1 1 1 1.1548
9 121.8 99.67 4 4 1 1.3425 1 2 7 2 1 1 0 0 1 1.3425
9 94.481 138.82 2 2 1 2.3736 1 8 2 1 2 0 0 0 1 2.3736
9 129.28 97.095 4 1 0 2.9987 1 2 9 2 1 1 0 0 1 2.9987
9 93.178 76.845 3 2 0 1.4206 1 7 5 1 2 0 0 0 1 1.4206
9 116.47 109.65 4 2 0 1.5541 0 8 4 1 2 1 1 1 1 1.5541
9 72.589 112.66 1 3 0 1.9674 1 4 7 2 1 1 0 0 1 1.9674
10 143.47 106.14 4 4 1 1.4673 1 4 7 1 2 0 1 1 1 1.4673
10 101.76 116.05 2 4 0 1.4518 1 7 2 1 2 0 0 0 1 1.4518
10 96.455 115.04 2 3 0 1.811 0 5 7 2 1 1 0 0 1 1.811
10 62.668 97.48 1 1 1 2.0144 1 6 4 1 2 0 0 0 1 2.0144
10 131.37 94.724 4 4 1 2.2175 1 8 3 1 2 1 1 1 1 2.2175
10 70.959 86.306 1 1 1 1.2488 1 7 2 2 1 0 0 0 1 1.2488
10 108.73 121.06 2 2 1 1.9673 1 3 7 2 1 1 0 0 1 1.9673
10 111.29 50.535 3 3 1 1.9051 1 5 7 2 1 0 1 1 1 1.9051
10 74.074 108.26 1 3 0 2.077 1 6 4 1 2 1 1 1 1 2.077
10 100.41 115.57 2 2 1 1.608 1 8 3 1 2 0 0 0 1 1.608
10 66.984 119.72 1 1 1 1.4829 1 8 4 1 2 1 1 1 1 1.4829
10 98.189 124.77 2 2 1 1.039 1 8 2 2 1 1 0 0 1 1.039
10 104.93 56.695 3 3 1 1.4674 1 4 7 2 1 0 1 1 1 1.4674
10 84.064 120.72 1 1 1 1.3579 1 9 2 1 2 0 0 0 1 1.3579
10 105.35 91.335 3 3 1 2.6704 1 5 9 1 2 1 1 1 1 2.6704
10 119.86 94.302 4 3 0 1.4985 1 3 7 2 1 0 1 1 1 1.4985
10 81.367 71.413 3 3 1 1.6392 1 6 3 1 2 1 1 1 1 1.6392
10 83.244 87.726 3 4 0 1.5503 1 7 4 1 2 0 0 0 1 1.5503
10 123.55 122.03 4 4 1 1.3579 0 2 8 2 1 0 1 1 1 1.3579
10 123.55 122.03 4 4 1 1.6705 1 2 6 2 1 0 1 1 1 1.6705
10 100.41 115.57 2 2 1 1.1079 0 6 5 1 2 1 1 1 1 1.1079
10 51.438 109.99 1 1 1 1.4987 0 6 5 1 2 1 1 1 1 1.4987
10 110.69 95.295 3 4 0 1.1861 1 6 5 1 2 0 0 1 0 1.1861
10 102.66 122.35 2 2 1 1.6393 0 9 4 1 2 1 1 1 1 1.6393
10 143.86 129.49 4 4 1 1.1862 1 3 9 2 1 1 0 0 1 1.1862
10 102.66 122.35 2 2 1 1.3109 1 2 8 2 1 0 1 1 1 1.3109
10 143.47 106.14 4 4 1 2.2486 1 8 4 1 2 0 0 0 1 2.2486
10 81.367 71.413 3 3 1 1.983 0 2 6 1 2 0 1 1 1 1.983
10 143.86 129.49 4 4 1 3.2487 0 2 9 2 1 0 1 1 1 3.2487
10 143.47 106.14 4 4 1 1.7174 0 6 3 1 2 1 1 1 1 1.7174
10 105.35 91.335 3 3 1 1.7799 1 5 6 2 1 1 0 0 1 1.7799
10 96.553 88.531 3 3 1 1.9049 1 5 7 2 1 1 0 0 1 1.9049
10 81.367 71.413 3 3 1 1.3734 1 9 2 1 2 1 1 1 1 1.3734
10 84.064 120.72 1 2 0 1.2329 1 4 8 1 2 1 1 1 1 1.2329
10 83.244 87.726 3 3 1 1.3112 1 6 4 1 2 1 1 1 1 1.3112
10 74.074 108.26 1 2 0 1.6077 1 3 6 2 1 1 0 0 1 1.6077
10 96.553 88.531 3 3 1 1.0611 1 5 6 2 1 1 0 0 1 1.0611
10 84.064 120.72 1 4 0 1.4986 1 6 5 1 2 0 0 0 1 1.4986
10 51.438 109.99 1 1 1 1.1238 1 3 6 2 1 1 0 0 1 1.1238
10 100.41 115.57 2 4 0 1.436 1 4 9 2 1 1 0 0 1 1.436
10 96.553 88.531 3 3 1 1.1083 0 2 8 2 1 0 1 1 1 1.1083
10 102.66 122.35 2 2 1 1.0298 1 5 9 2 1 0 1 1 1 1.0298
10 119.86 94.302 4 4 1 1.4829 1 7 5 2 1 0 0 0 1 1.4829
10 110.69 95.295 3 3 1 1.4201 1 2 8 1 2 1 1 1 1 1.4201
10 143.86 129.49 4 2 0 1.8735 0 4 7 2 1 0 1 1 1 1.8735
10 105.35 91.335 3 3 1 1.2957 1 6 5 1 2 1 1 1 1 1.2957
10 98.189 124.77 2 2 1 0.98297 0 7 4 1 2 1 1 1 1 0.98297
10 104.93 56.695 3 3 1 1.2174 1 6 3 1 2 0 0 0 1 1.2174
10 98.189 124.77 2 2 1 0.9677 1 3 8 2 1 0 1 1 1 0.9677
10 102.66 122.35 2 2 1 1.2017 0 6 3 1 2 0 0 0 1 1.2017
11 100.29 56.501 3 3 1 1.4359 1 3 6 2 1 1 0 0 1 1.4359
11 95.772 66.627 3 3 1 1.3109 1 3 7 2 1 0 1 1 1 1.3109
11 93.416 96.213 1 4 0 2.3736 1 8 2 1 2 1 1 0 0 2.3736
11 120.98 95.96 4 3 0 1.4988 1 4 9 2 1 0 1 1 1 1.4988
11 98.909 118.26 2 2 1 1.2012 1 8 4 1 2 1 1 1 1 1.2012
11 116.02 85.011 3 3 1 1.2954 1 8 2 1 2 0 0 0 1 1.2954
11 72.507 103.95 1 1 1 2.3892 1 6 2 2 1 1 0 0 1 2.3892
11 140.38 115.08 4 4 1 1.3268 0 8 5 1 2 1 1 1 1 1.3268
11 137.08 98.414 4 4 1 1.5607 1 3 7 2 1 1 0 0 1 1.5607
11 79.308 78.352 1 3 0 1.4048 1 9 3 1 2 0 0 0 1 1.4048
11 86.987 143.28 2 2 1 1.1705 1 5 9 2 1 0 1 1 1 1.1705
11 107.42 81.916 3 3 1 1.6548 0 5 6 2 1 1 0 0 1 1.6548
11 88.727 123.11 2 1 0 5.1235 0 4 9 2 1 0 1 1 1 5.1235
11 93.953 127.76 2 2 1 1.3897 1 3 9 2 1 1 0 0 1 1.3897
11 134.45 94.586 4 4 1 4.4049 1 2 9 1 2 0 1 1 1 4.4049
11 86.987 143.28 2 2 1 1.1703 0 8 4 2 1 1 0 0 1 1.1703
11 100.69 83.49 3 3 1 2.7956 1 7 4 1 2 0 0 1 0 2.7956
11 133.95 88.563 4 3 0 1.7174 1 6 2 1 2 1 1 1 1 1.7174
11 88.727 123.11 2 2 1 2.2799 1 8 3 1 2 0 0 0 1 2.2799
11 140.38 115.08 4 4 1 3.061 1 8 2 1 2 0 0 0 1 3.061
11 79.308 78.352 1 3 0 3.186 1 4 7 1 2 0 1 1 1 3.186
11 107.42 81.916 3 3 1 1.3892 1 4 6 1 2 0 1 1 1 1.3892
11 134.45 94.586 4 4 1 2.2958 1 5 9 2 1 1 0 0 1 2.2958
11 58.433 85.795 1 1 1 1.6547 0 9 2 1 2 0 0 0 1 1.6547
11 89.896 124.98 2 2 1 1.3423 0 7 4 1 2 0 0 1 0 1.3423
11 75.227 97.759 1 1 1 1.3892 0 8 3 1 2 0 0 0 1 1.3892
11 94.993 64.416 3 4 0 1.405 1 3 8 2 1 0 1 1 1 1.405
11 93.953 127.76 2 2 1 1.3737 1 9 4 1 2 0 0 0 1 1.3737
11 95.194 55.27 3 3 1 11.108 1 6 2 1 2 0 0 0 1 11.108
11 133.95 88.563 4 4 1 1.2486 1 8 2 1 2 0 0 0 1 1.2486
11 108.88 118.01 2 4 0 7.4675 1 6 3 2 1 1 0 0 1 7.4675
11 72.507 103.95 1 3 0 1.2172 1 9 2 1 2 0 0 0 1 1.2172
11 134.45 94.586 4 4 1 6.2173 0 6 5 1 2 1 1 1 1 6.2173
11 88.727 123.11 2 2 1 1.483 1 4 6 2 1 1 0 0 1 1.483
11 116.02 85.011 3 1 0 4.8268 1 3 9 2 1 1 0 0 1 4.8268
11 88.727 123.11 2 2 1 1.3111 1 6 5 1 2 0 0 0 1 1.3111
11 89.896 124.98 2 2 1 1.0612 1 3 6 2 1 1 0 0 1 1.0612
11 108.88 118.01 2 2 1 19.264 1 2 7 2 1 0 1 0 0 19.264
11 89.896 124.98 2 1 0 2.6549 1 2 6 2 1 1 0 0 1 2.6549
11 100.69 83.49 3 3 1 0.70173 1 2 6 2 1 1 0 0 1 0.70173
11 95.194 55.27 3 3 1 0.045436 1 5 6 1 2 0 1 1 1 0.045436
11 75.227 97.759 1 2 0 1.0454 0 3 7 2 1 1 0 0 1 1.0454
11 94.167 80.981 3 3 1 1.2329 1 9 2 1 2 1 1 1 1 1.2329
11 75.227 97.759 1 1 1 0.98308 0 4 8 2 1 1 0 0 1 0.98308
11 120.98 95.96 4 4 1 1.233 1 5 7 2 1 0 1 1 1 1.233
11 140.38 115.08 4 4 1 1.4834 0 3 6 1 2 1 1 1 1 1.4834
11 100.69 83.49 3 4 0 1.483 1 9 2 1 2 0 0 0 1 1.483
11 89.896 124.98 2 1 0 10.326 1 8 5 1 2 1 1 1 1 10.326
11 95.194 55.27 3 3 1 1.6706 0 6 5 1 2 1 1 1 1 1.6706
11 107.42 81.916 3 3 1 5.9049 1 3 8 2 1 1 0 0 1 5.9049
12 103.34 111.54 2 2 1 3.0072 1 999 999 999 999 999 999 999 999 999
12 70.559 111.55 1 1 1 2.0018 0 999 999 999 999 999 999 999 999 999
12 116.84 74.408 3 2 0 3.1548 0 999 999 999 999 999 999 999 999 999
12 127.1 101.2 4 2 0 2.0956 1 999 999 999 999 999 999 999 999 999
12 110.61 142.8 2 2 1 1.6394 1 999 999 999 999 999 999 999 999 999
12 112.99 75.564 3 3 1 2.9985 0 999 999 999 999 999 999 999 999 999
12 76.533 92.389 1 1 1 1.2173 0 999 999 999 999 999 999 999 999 999
12 122.08 102.77 4 4 1 1.8731 0 999 999 999 999 999 999 999 999 999
12 64.475 107.51 1 1 1 3.5298 1 999 999 999 999 999 999 999 999 999
12 109.59 72.591 3 3 1 1.7017 1 999 999 999 999 999 999 999 999 999
12 82.093 90.416 1 3 0 3.6392 1 999 999 999 999 999 999 999 999 999
12 87.743 125.65 2 2 1 1.7641 1 999 999 999 999 999 999 999 999 999
12 95.06 125.3 2 2 1 2.186 1 999 999 999 999 999 999 999 999 999
12 110.72 128.72 2 2 1 1.561 1 999 999 999 999 999 999 999 999 999
12 70.185 105.79 1 1 1 1.4516 1 999 999 999 999 999 999 999 999 999
12 86.84 61.63 3 3 1 6.9049 1 999 999 999 999 999 999 999 999 999
12 113.73 113.66 4 4 1 1.8267 1 999 999 999 999 999 999 999 999 999
12 110.72 128.72 2 2 1 1.686 0 999 999 999 999 999 999 999 999 999
12 88.46 116.42 2 3 0 1.9674 1 999 999 999 999 999 999 999 999 999
12 89.671 68.211 3 3 1 1.436 1 999 999 999 999 999 999 999 999 999
12 107.91 74.619 3 3 1 1.4363 1 999 999 999 999 999 999 999 999 999
12 109.59 72.591 3 4 0 1.2958 1 999 999 999 999 999 999 999 999 999
12 122.08 102.77 4 4 1 0.90307 1 999 999 999 999 999 999 999 999 999
12 69.509 96.621 1 1 1 1.3581 0 999 999 999 999 999 999 999 999 999
12 86.379 102.1 1 1 1 2.0452 0 999 999 999 999 999 999 999 999 999
12 82.093 90.416 1 1 1 1.4205 1 999 999 999 999 999 999 999 999 999
12 103.58 85.915 3 3 1 1.8423 0 999 999 999 999 999 999 999 999 999
12 87.743 125.65 2 2 1 10.139 1 999 999 999 999 999 999 999 999 999
12 87.743 125.65 2 2 1 2.0142 0 999 999 999 999 999 999 999 999 999
12 104.43 137.41 2 2 1 1.6551 1 999 999 999 999 999 999 999 999 999
12 69.509 96.621 1 1 1 1.4048 1 999 999 999 999 999 999 999 999 999
12 143.65 131.47 4 4 1 1.5296 1 999 999 999 999 999 999 999 999 999
12 110.61 142.8 2 2 1 1.4517 1 999 999 999 999 999 999 999 999 999
12 76.533 92.389 1 1 1 2.1861 1 999 999 999 999 999 999 999 999 999
12 68.809 105.19 1 3 0 0.79546 1 999 999 999 999 999 999 999 999 999
12 86.84 61.63 3 4 0 1.5143 1 999 999 999 999 999 999 999 999 999
12 104.43 137.41 2 3 0 1.7486 0 999 999 999 999 999 999 999 999 999
12 88.46 116.42 2 1 0 1.53 1 999 999 999 999 999 999 999 999 999
12 110.72 128.72 2 4 0 1.9516 1 999 999 999 999 999 999 999 999 999
12 76.533 92.389 1 3 0 5.6547 1 999 999 999 999 999 999 999 999 999
12 103.58 85.915 3 3 1 1.2796 1 999 999 999 999 999 999 999 999 999
12 112.99 75.564 3 4 0 2.4829 1 999 999 999 999 999 999 999 999 999
12 89.671 68.211 3 3 1 8.0299 0 999 999 999 999 999 999 999 999 999
12 88.46 116.42 2 4 0 3.2326 1 999 999 999 999 999 999 999 999 999
12 103.58 85.915 3 4 0 1.8266 1 999 999 999 999 999 999 999 999 999
12 86.379 102.1 1 1 1 1.3891 1 999 999 999 999 999 999 999 999 999
12 113.73 113.66 4 3 0 2.1239 1 999 999 999 999 999 999 999 999 999
12 95.06 125.3 2 1 0 2.1235 1 999 999 999 999 999 999 999 999 999
12 110.72 128.72 2 2 1 1.9986 1 999 999 999 999 999 999 999 999 999
12 143.65 131.47 4 2 0 1.4516 1 999 999 999 999 999 999 999 999 999
13 142.53 118.91 4 4 1 1.6955 1 999 999 999 999 999 999 999 999 999
13 63.01 116.23 1 1 1 1.317 1 999 999 999 999 999 999 999 999 999
13 42.798 92.867 1 1 1 1.6236 1 999 999 999 999 999 999 999 999 999
13 99.777 142.37 2 1 0 1.6078 1 999 999 999 999 999 999 999 999 999
13 137.8 93.888 4 3 0 1.2016 1 999 999 999 999 999 999 999 999 999
13 109.3 118.31 4 4 1 1.1389 0 999 999 999 999 999 999 999 999 999
13 80.169 103.02 1 1 1 3.0142 1 999 999 999 999 999 999 999 999 999
13 42.798 92.867 1 1 1 2.1235 1 999 999 999 999 999 999 999 999 999
13 101.55 66.537 3 2 0 1.6704 1 999 999 999 999 999 999 999 999 999
13 71.973 94.309 1 3 0 10.295 1 999 999 999 999 999 999 999 999 999
13 90.24 130.41 2 2 1 1.7014 1 999 999 999 999 999 999 999 999 999
13 106.8 64.381 3 1 0 1.6234 0 999 999 999 999 999 999 999 999 999
13 95.503 73.195 3 4 0 1.8264 0 999 999 999 999 999 999 999 999 999
13 117.22 121.21 2 2 1 3.0298 1 999 999 999 999 999 999 999 999 999
13 78.156 70.699 1 3 0 1.4829 1 999 999 999 999 999 999 999 999 999
13 114.54 58.429 3 3 1 8.7329 1 999 999 999 999 999 999 999 999 999
13 142.53 118.91 4 2 0 1.4516 1 999 999 999 999 999 999 999 999 999
13 89.613 89.864 3 1 0 1.2954 1 999 999 999 999 999 999 999 999 999
13 78.156 70.699 1 1 1 1.3736 1 999 999 999 999 999 999 999 999 999
13 106.8 64.381 3 4 0 1.2485 1 999 999 999 999 999 999 999 999 999
13 89.613 89.864 3 3 1 1.311 1 999 999 999 999 999 999 999 999 999
13 99.777 142.37 2 2 1 1.4361 1 999 999 999 999 999 999 999 999 999
13 97.858 132.18 2 2 1 1.2328 1 999 999 999 999 999 999 999 999 999
13 90.988 129.19 2 2 1 1.3424 1 999 999 999 999 999 999 999 999 999
13 117.22 121.21 2 4 0 0.7329 1 999 999 999 999 999 999 999 999 999
13 94.17 73.971 3 4 0 1.6859 1 999 999 999 999 999 999 999 999 999
13 78.156 70.699 1 3 0 0.38909 1 999 999 999 999 999 999 999 999 999
13 89.613 89.864 3 1 0 2.7334 0 999 999 999 999 999 999 999 999 999
13 89.613 89.864 3 2 0 3.3272 0 999 999 999 999 999 999 999 999 999
13 88.952 136.11 2 2 1 1.2333 0 999 999 999 999 999 999 999 999 999
13 137.8 93.888 4 4 1 1.5611 1 999 999 999 999 999 999 999 999 999
13 63.01 116.23 1 1 1 1.389 0 999 999 999 999 999 999 999 999 999
13 71.973 94.309 1 1 1 1.4048 1 999 999 999 999 999 999 999 999 999
13 138.79 98.452 4 4 1 2.4204 0 999 999 999 999 999 999 999 999 999
13 99.777 142.37 2 2 1 1.4829 0 999 999 999 999 999 999 999 999 999
13 90.988 129.19 2 2 1 4.0767 1 999 999 999 999 999 999 999 999 999
13 90.24 130.41 2 2 1 1.6703 1 999 999 999 999 999 999 999 999 999
13 90.24 130.41 2 2 1 1.9202 0 999 999 999 999 999 999 999 999 999
13 138.79 98.452 4 3 0 1.3578 1 999 999 999 999 999 999 999 999 999
13 90.988 129.19 2 4 0 1.2641 1 999 999 999 999 999 999 999 999 999
13 138.79 98.452 4 1 0 1.3892 1 999 999 999 999 999 999 999 999 999
13 117.22 121.21 2 3 0 1.5141 0 999 999 999 999 999 999 999 999 999
13 87.689 82.169 3 1 0 1.7172 1 999 999 999 999 999 999 999 999 999
13 94.17 73.971 3 2 0 13.155 1 999 999 999 999 999 999 999 999 999
13 88.952 136.11 2 2 1 1.2328 1 999 999 999 999 999 999 999 999 999
13 99.777 142.37 2 2 1 1.0919 1 999 999 999 999 999 999 999 999 999
13 87.689 82.169 3 4 0 1.4985 1 999 999 999 999 999 999 999 999 999
13 78.156 70.699 1 1 1 1.108 1 999 999 999 999 999 999 999 999 999
13 94.17 73.971 3 3 1 3.9359 0 999 999 999 999 999 999 999 999 999
13 88.952 136.11 2 2 1 2.108 1 999 999 999 999 999 999 999 999 999
14 95.039 71.945 3 3 1 2.1927 1 999 999 999 999 999 999 999 999 999
14 109.89 132.46 2 2 1 2.1127 1 999 999 999 999 999 999 999 999 999
14 100.31 137.2 2 2 1 1.5454 1 999 999 999 999 999 999 999 999 999
14 71.138 94.873 1 1 1 1.5612 1 999 999 999 999 999 999 999 999 999
14 121.88 105.37 4 4 1 3.6547 1 999 999 999 999 999 999 999 999 999
14 64.23 103.19 1 2 0 3.9985 1 999 999 999 999 999 999 999 999 999
14 94.46 72.019 3 3 1 8.811 1 999 999 999 999 999 999 999 999 999
14 68.49 105.03 1 1 1 0.9673 1 999 999 999 999 999 999 999 999 999
14 70.798 120.2 1 2 0 3.2798 1 999 999 999 999 999 999 999 999 999
14 134.9 108.38 4 2 0 2.0922 1 999 999 999 999 999 999 999 999 999
14 79.896 65.346 3 1 0 1.9044 1 999 999 999 999 999 999 999 999 999
14 68.49 105.03 1 1 1 1.5297 1 999 999 999 999 999 999 999 999 999
14 132.52 97.778 4 4 1 1.0769 1 999 999 999 999 999 999 999 999 999
14 133.64 105.18 4 4 1 1.1548 0 999 999 999 999 999 999 999 999 999
14 129.41 104.74 4 4 1 1.1078 1 999 999 999 999 999 999 999 999 999
14 95.845 67.181 3 3 1 2.5923 0 999 999 999 999 999 999 999 999 999
14 129.41 104.74 4 4 1 1.6861 1 999 999 999 999 999 999 999 999 999
14 98.49 72.852 3 2 0 6.3267 1 999 999 999 999 999 999 999 999 999
14 134.9 108.38 4 4 1 1.6547 0 999 999 999 999 999 999 999 999 999
14 103.78 160.68 2 4 0 1.9204 1 999 999 999 999 999 999 999 999 999
14 81.981 116.58 2 2 1 4.9828 1 999 999 999 999 999 999 999 999 999
14 54.54 87.9 1 3 0 2.9358 1 999 999 999 999 999 999 999 999 999
14 119.94 73.142 3 4 0 1.2797 0 999 999 999 999 999 999 999 999 999
14 94.597 86.321 3 1 0 1.7016 0 999 999 999 999 999 999 999 999 999
14 147.27 98.879 4 4 1 1.1548 1 999 999 999 999 999 999 999 999 999
14 141.16 96.385 4 4 1 0.74864 1 999 999 999 999 999 999 999 999 999
14 132.52 97.778 4 4 1 0.79533 1 999 999 999 999 999 999 999 999 999
14 129.41 104.74 4 3 0 0.81106 1 999 999 999 999 999 999 999 999 999
14 135.33 103.78 4 2 0 1.061 1 999 999 999 999 999 999 999 999 999
14 141.16 96.385 4 2 0 1.1236 1 999 999 999 999 999 999 999 999 999
14 106.33 75.985 3 4 0 1.7642 1 999 999 999 999 999 999 999 999 999
14 119.94 73.142 3 3 1 8.4827 1 999 999 999 999 999 999 999 999 999
14 81.981 116.58 2 1 0 16.468 1 999 999 999 999 999 999 999 999 999
14 103.78 160.68 2 2 1 1.4362 1 999 999 999 999 999 999 999 999 999
14 79.896 65.346 3 4 0 1.2173 1 999 999 999 999 999 999 999 999 999
14 119.94 73.142 3 3 1 1.2171 0 999 999 999 999 999 999 999 999 999
14 63.81 94.748 1 1 1 1.3581 0 999 999 999 999 999 999 999 999 999
14 90.435 144.64 2 2 1 1.7795 1 999 999 999 999 999 999 999 999 999
14 103.78 160.68 2 2 1 1.1701 1 999 999 999 999 999 999 999 999 999
14 75.961 80.143 1 4 0 1.1703 1 999 999 999 999 999 999 999 999 999
14 132.52 97.778 4 3 0 1.2482 0 999 999 999 999 999 999 999 999 999
14 106.33 75.985 3 3 1 1.3735 0 999 999 999 999 999 999 999 999 999
14 134.9 108.38 4 4 1 1.3892 1 999 999 999 999 999 999 999 999 999
14 95.039 71.945 3 1 0 1.5921 0 999 999 999 999 999 999 999 999 999
14 147.27 98.879 4 4 1 1.4029 1 999 999 999 999 999 999 999 999 999
14 70.798 120.2 1 2 0 1.8892 1 999 999 999 999 999 999 999 999 999
14 78.088 154.28 2 2 1 1.4515 1 999 999 999 999 999 999 999 999 999
14 78.088 154.28 2 2 1 1.3267 1 999 999 999 999 999 999 999 999 999
14 94.597 86.321 3 3 1 1.1548 0 999 999 999 999 999 999 999 999 999
14 75.961 80.143 1 2 0 2.8267 0 999 999 999 999 999 999 999 999 999
15 101.9 86.605 3 4 0 3.4429 0 999 999 999 999 999 999 999 999 999
15 97.429 119.43 2 4 0 1.3328 0 999 999 999 999 999 999 999 999 999
15 56.719 107.37 1 1 1 1.3579 0 999 999 999 999 999 999 999 999 999
15 69.448 100.5 1 1 1 1.1547 0 999 999 999 999 999 999 999 999 999
15 66.173 103.13 1 1 1 1.2486 0 999 999 999 999 999 999 999 999 999
15 133.57 100.8 4 3 0 11.092 0 999 999 999 999 999 999 999 999 999
15 92.87 128.23 2 2 1 1.4516 0 999 999 999 999 999 999 999 999 999
15 91.842 67.354 3 3 1 3.0453 0 999 999 999 999 999 999 999 999 999
15 57.944 106.67 1 1 1 1.4827 0 999 999 999 999 999 999 999 999 999
15 107.49 78.518 3 4 0 1.7485 0 999 999 999 999 999 999 999 999 999
15 69.448 100.5 1 3 0 2.2796 0 999 999 999 999 999 999 999 999 999
15 125.02 91.673 4 2 0 2.2486 0 999 999 999 999 999 999 999 999 999
15 92.87 128.23 2 2 1 1.6079 0 999 999 999 999 999 999 999 999 999
15 107.34 119.29 2 2 1 4.1547 0 999 999 999 999 999 999 999 999 999
15 65.574 106.22 1 2 0 1.7016 0 999 999 999 999 999 999 999 999 999
15 92.87 128.23 2 2 1 1.5299 0 999 999 999 999 999 999 999 999 999
15 128.04 83.137 4 4 1 1.5611 0 999 999 999 999 999 999 999 999 999
15 69.448 100.5 1 3 0 1.6395 0 999 999 999 999 999 999 999 999 999
15 136.8 82.164 4 4 1 8.9517 0 999 999 999 999 999 999 999 999 999
15 69.83 99.987 1 3 0 2.3733 0 999 999 999 999 999 999 999 999 999
15 107.34 119.29 2 3 0 0.7638 0 999 999 999 999 999 999 999 999 999
15 128.1 105.79 4 2 0 2.2482 0 999 999 999 999 999 999 999 999 999
15 133.57 100.8 4 2 0 0.7016 0 999 999 999 999 999 999 999 999 999
15 92.87 128.23 2 4 0 1.1548 0 999 999 999 999 999 999 999 999 999
15 83.097 96.683 1 1 1 1.4517 0 999 999 999 999 999 999 999 999 999
15 56.719 107.37 1 4 0 0.74819 0 999 999 999 999 999 999 999 999 999
15 125.02 91.673 4 2 0 1.5769 0 999 999 999 999 999 999 999 999 999
15 107.34 119.29 2 4 0 1.5142 0 999 999 999 999 999 999 999 999 999
15 113.1 121.35 2 2 1 1.5923 0 999 999 999 999 999 999 999 999 999
15 133.57 100.8 4 2 0 1.1328 0 999 999 999 999 999 999 999 999 999
15 107.49 78.518 3 3 1 1.4357 0 999 999 999 999 999 999 999 999 999
15 128.04 83.137 4 3 0 1.1391 0 999 999 999 999 999 999 999 999 999
15 125.02 91.673 4 3 0 3.5376 0 999 999 999 999 999 999 999 999 999
15 69.448 100.5 1 4 0 1.2331 0 999 999 999 999 999 999 999 999 999
15 97.429 119.43 2 1 0 1.3264 0 999 999 999 999 999 999 999 999 999
15 56.719 107.37 1 1 1 1.5767 0 999 999 999 999 999 999 999 999 999
15 92.588 137.38 2 2 1 3.233 0 999 999 999 999 999 999 999 999 999
15 94.558 141.36 2 2 1 1.6079 0 999 999 999 999 999 999 999 999 999
15 87.327 138.9 2 2 1 2.5922 0 999 999 999 999 999 999 999 999 999
15 136.8 82.164 4 1 0 2.4203 0 999 999 999 999 999 999 999 999 999
15 87.327 138.9 2 2 1 1.7638 0 999 999 999 999 999 999 999 999 999
15 132.71 105.09 4 2 0 1.2954 0 999 999 999 999 999 999 999 999 999
15 56.719 107.37 1 1 1 7.0764 0 999 999 999 999 999 999 999 999 999
15 96.491 85.178 3 1 0 2.3109 0 999 999 999 999 999 999 999 999 999
15 57.944 106.67 1 1 1 1.3575 0 999 999 999 999 999 999 999 999 999
15 65.574 106.22 1 1 1 2.1704 0 999 999 999 999 999 999 999 999 999
15 96.491 85.178 3 1 0 1.7953 0 999 999 999 999 999 999 999 999 999
15 128.1 105.79 4 3 0 17.686 0 999 999 999 999 999 999 999 999 999
15 94.558 141.36 2 1 0 2.014 0 999 999 999 999 999 999 999 999 999
15 128.1 105.79 4 2 0 1.9205 0 999 999 999 999 999 999 999 999 999
16 93.065 81.103 3 4 0 1.6465 0 999 999 999 999 999 999 999 999 999
16 82.452 92.02 1 3 0 0.55059 0 999 999 999 999 999 999 999 999 999
16 137.4 99.714 4 3 0 0.71701 0 999 999 999 999 999 999 999 999 999
16 125.36 106.39 4 3 0 7.9985 0 999 999 999 999 999 999 999 999 999
16 103.61 79.516 3 3 1 4.1862 0 999 999 999 999 999 999 999 999 999
16 102.15 104.91 4 3 0 1.4673 0 999 999 999 999 999 999 999 999 999
16 67.46 111.24 1 3 0 0.8112 0 999 999 999 999 999 999 999 999 999
16 75.915 84.351 1 3 0 7.5922 0 999 999 999 999 999 999 999 999 999
16 123.04 99.471 4 4 1 2.4203 0 999 999 999 999 999 999 999 999 999
16 96.499 58.117 3 3 1 1.545 0 999 999 999 999 999 999 999 999 999
16 90.995 69.413 3 3 1 1.5141 0 999 999 999 999 999 999 999 999 999
16 98.872 61.389 3 3 1 2.2797 0 999 999 999 999 999 999 999 999 999
16 103.37 134.14 2 4 0 2.03 0 999 999 999 999 999 999 999 999 999
16 127.71 113.37 4 3 0 1.8734 0 999 999 999 999 999 999 999 999 999
16 106.93 122.93 2 3 0 8.2951 0 999 999 999 999 999 999 999 999 999
16 98.872 61.389 3 4 0 1.6548 0 999 999 999 999 999 999 999 999 999
16 110.07 55.992 3 3 1 2.295 0 999 999 999 999 999 999 999 999 999
16 103.37 134.14 2 2 1 1.5295 0 999 999 999 999 999 999 999 999 999
16 106.93 122.93 2 2 1 1.7015 0 999 999 999 999 999 999 999 999 999
16 140.93 105.03 4 4 1 1.6236 0 999 999 999 999 999 999 999 999 999
16 103.37 134.14 2 2 1 1.5142 0 999 999 999 999 999 999 999 999 999
16 103.61 79.516 3 4 0 2.2328 0 999 999 999 999 999 999 999 999 999
16 140.93 105.03 4 3 0 18.077 0 999 999 999 999 999 999 999 999 999
16 137.4 99.714 4 2 0 1.1232 0 999 999 999 999 999 999 999 999 999
16 94.161 149.74 2 2 1 0.96085 0 999 999 999 999 999 999 999 999 999
16 53.26 91.433 1 1 1 1.0922 0 999 999 999 999 999 999 999 999 999
16 125.36 106.39 4 4 1 1.2797 0 999 999 999 999 999 999 999 999 999
16 109 141.28 2 2 1 0.84235 0 999 999 999 999 999 999 999 999 999
16 102.15 104.91 4 2 0 2.0138 0 999 999 999 999 999 999 999 999 999
16 123.04 99.471 4 4 1 0.99848 0 999 999 999 999 999 999 999 999 999
16 105.56 146.08 2 4 0 2.5945 0 999 999 999 999 999 999 999 999 999
16 105.56 146.08 2 2 1 0.51397 0 999 999 999 999 999 999 999 999 999
16 96.499 58.117 3 3 1 1.1237 0 999 999 999 999 999 999 999 999 999
16 64.793 103.26 1 2 0 0.87351 0 999 999 999 999 999 999 999 999 999
16 94.721 139.79 2 1 0 0.045356 0 999 999 999 999 999 999 999 999 999
16 139.88 105.28 4 2 0 4.5143 0 999 999 999 999 999 999 999 999 999
16 100.26 147.88 2 2 1 0.92034 0 999 999 999 999 999 999 999 999 999
16 106.93 122.93 2 2 1 8.7484 0 999 999 999 999 999 999 999 999 999
16 75.915 84.351 1 2 0 0.88917 0 999 999 999 999 999 999 999 999 999
16 79.195 64.502 1 1 1 0.57973 0 999 999 999 999 999 999 999 999 999
16 123.04 99.471 4 4 1 1.5297 0 999 999 999 999 999 999 999 999 999
16 79.195 64.502 1 3 0 0.54539 0 999 999 999 999 999 999 999 999 999
16 102.15 104.91 4 4 1 1.5453 0 999 999 999 999 999 999 999 999 999
16 64.793 103.26 1 3 0 0.32667 0 999 999 999 999 999 999 999 999 999
16 53.26 91.433 1 1 1 0.43614 0 999 999 999 999 999 999 999 999 999
16 94.721 139.79 2 2 1 0.7485 0 999 999 999 999 999 999 999 999 999
16 109 141.28 2 2 1 0.71728 0 999 999 999 999 999 999 999 999 999
16 140.93 105.03 4 4 1 0.7484 0 999 999 999 999 999 999 999 999 999
16 105.56 146.08 2 4 0 0.81104 0 999 999 999 999 999 999 999 999 999
16 139.88 105.28 4 2 0 0.49856 0 999 999 999 999 999 999 999 999 999
17 94.894 62.644 3 3 1 1.6731 0 999 999 999 999 999 999 999 999 999
17 140.28 100.05 4 4 1 1.8013 0 999 999 999 999 999 999 999 999 999
17 91.971 128.43 2 2 1 0.82665 0 999 999 999 999 999 999 999 999 999
17 89.956 77.799 3 3 1 0.88868 0 999 999 999 999 999 999 999 999 999
17 64.013 77.371 1 1 1 0.68603 0 999 999 999 999 999 999 999 999 999
17 99.035 70.31 3 4 0 0.85761 0 999 999 999 999 999 999 999 999 999
17 64.004 89.31 1 1 1 0.65498 0 999 999 999 999 999 999 999 999 999
17 124.48 78.177 4 4 1 0.71731 0 999 999 999 999 999 999 999 999 999
17 96.639 80.325 3 3 1 0.71724 0 999 999 999 999 999 999 999 999 999
17 102.26 60.413 3 3 1 0.88921 0 999 999 999 999 999 999 999 999 999
17 119.67 97.825 4 4 1 3.9985 0 999 999 999 999 999 999 999 999 999
17 71 102.73 1 1 1 1.3111 0 999 999 999 999 999 999 999 999 999
17 65.618 116.9 1 1 1 13.624 0 999 999 999 999 999 999 999 999 999
17 81.98 96.265 1 1 1 0.71685 0 999 999 999 999 999 999 999 999 999
17 94.894 62.644 3 3 1 0.8111 0 999 999 999 999 999 999 999 999 999
17 102.26 60.413 3 3 1 1.0923 0 999 999 999 999 999 999 999 999 999
17 87.703 103.81 1 4 0 2.1547 0 999 999 999 999 999 999 999 999 999
17 81.98 96.265 1 2 0 1.0298 0 999 999 999 999 999 999 999 999 999
17 107.76 98.63 4 4 1 1.0143 0 999 999 999 999 999 999 999 999 999
17 87.703 103.81 1 2 0 1.4673 0 999 999 999 999 999 999 999 999 999
17 99.04 133.76 2 2 1 0.7329 0 999 999 999 999 999 999 999 999 999
17 117.04 124.11 2 4 0 1.1548 0 999 999 999 999 999 999 999 999 999
17 81.98 96.265 1 1 1 1.0298 0 999 999 999 999 999 999 999 999 999
17 99.04 133.76 2 4 0 0.77985 0 999 999 999 999 999 999 999 999 999
17 102.26 60.413 3 3 1 1.0609 0 999 999 999 999 999 999 999 999 999
17 107.88 135.86 2 2 1 0.93582 0 999 999 999 999 999 999 999 999 999
17 64.004 89.31 1 1 1 0.84216 0 999 999 999 999 999 999 999 999 999
17 117.04 124.11 2 4 0 0.67052 0 999 999 999 999 999 999 999 999 999
17 107.88 135.86 2 4 0 0.68608 0 999 999 999 999 999 999 999 999 999
17 102.26 60.413 3 3 1 0.92032 0 999 999 999 999 999 999 999 999 999
17 92.905 129.25 2 4 0 0.87338 0 999 999 999 999 999 999 999 999 999
17 79.921 88.377 1 4 0 1.0141 0 999 999 999 999 999 999 999 999 999
17 65.618 116.9 1 1 1 0.77985 0 999 999 999 999 999 999 999 999 999
17 65.618 116.9 1 2 0 3.1863 0 999 999 999 999 999 999 999 999 999
17 99.035 70.31 3 4 0 0.76409 0 999 999 999 999 999 999 999 999 999
17 92.905 129.25 2 3 0 0.35783 0 999 999 999 999 999 999 999 999 999
17 64.004 89.31 1 4 0 0.54551 0 999 999 999 999 999 999 999 999 999
17 79.921 88.377 1 3 0 0.014186 0 999 999 999 999 999 999 999 999 999
17 104.2 150.37 2 4 0 7.3266 0 999 999 999 999 999 999 999 999 999
17 94.894 62.644 3 4 0 0.90482 0 999 999 999 999 999 999 999 999 999
17 107.76 98.63 4 3 0 0.40506 0 999 999 999 999 999 999 999 999 999
17 124.48 78.177 4 1 0 0.29579 0 999 999 999 999 999 999 999 999 999
17 87.703 103.81 1 4 0 0.3579 0 999 999 999 999 999 999 999 999 999
17 119.67 97.825 4 1 0 0.29538 0 999 999 999 999 999 999 999 999 999
17 117.04 124.11 2 2 1 1.358 0 999 999 999 999 999 999 999 999 999
17 92.905 129.25 2 4 0 13.327 0 999 999 999 999 999 999 999 999 999
17 124.48 78.177 4 4 1 1.0923 0 999 999 999 999 999 999 999 999 999
17 104.2 150.37 2 2 1 1.3267 0 999 999 999 999 999 999 999 999 999
17 99.04 133.76 2 2 1 2.2637 0 999 999 999 999 999 999 999 999 999
17 92.905 129.25 2 2 1 0.84187 0 999 999 999 999 999 999 999 999 999
