1 133.52 98.963 4 4 1 1.7407 0 999 999 999 999 999 999 999 999 999
1 101.55 60.413 3 4 0 0.95158 0 999 999 999 999 999 999 999 999 999
1 75.862 108.52 1 2 0 3.5216 0 999 999 999 999 999 999 999 999 999
1 80.145 92.389 1 4 0 1.7294 0 999 999 999 999 999 999 999 999 999
1 103.35 83.775 3 4 0 0.96136 0 999 999 999 999 999 999 999 999 999
1 80.145 92.389 1 1 1 0.8335 0 999 999 999 999 999 999 999 999 999
1 130.3 104.91 4 4 1 1.0893 0 999 999 999 999 999 999 999 999 999
1 110.61 134.02 2 2 1 0.97741 0 999 999 999 999 999 999 999 999 999
1 120.98 118.76 4 4 1 0.70535 0 999 999 999 999 999 999 999 999 999
1 114.07 128.72 2 4 0 0.89726 0 999 999 999 999 999 999 999 999 999
1 109.25 150 2 4 0 1.0573 0 999 999 999 999 999 999 999 999 999
1 72.589 106.16 1 3 0 0.89807 0 999 999 999 999 999 999 999 999 999
1 92.524 115.4 2 2 1 0.97736 0 999 999 999 999 999 999 999 999 999
1 99.035 71.945 3 3 1 1.2012 0 999 999 999 999 999 999 999 999 999
1 108.93 112.93 4 4 1 2.0174 0 999 999 999 999 999 999 999 999 999
1 72.589 106.16 1 2 0 0.8813 0 999 999 999 999 999 999 999 999 999
1 104.2 122.09 2 4 0 1.5054 0 999 999 999 999 999 999 999 999 999
1 88.072 86.356 3 4 0 1.0573 0 999 999 999 999 999 999 999 999 999
1 101.55 60.413 3 4 0 0.73729 0 999 999 999 999 999 999 999 999 999
1 126.49 108.36 4 4 1 0.86547 0 999 999 999 999 999 999 999 999 999
1 65.483 112.66 1 2 0 1.4573 0 999 999 999 999 999 999 999 999 999
1 65.483 112.66 1 1 1 0.70528 0 999 999 999 999 999 999 999 999 999
1 72.589 106.16 1 1 1 0.73734 0 999 999 999 999 999 999 999 999 999
1 101.16 128.24 2 3 0 1.0894 0 999 999 999 999 999 999 999 999 999
1 110.61 134.02 2 4 0 0.60948 0 999 999 999 999 999 999 999 999 999
1 113.92 142.9 2 4 0 0.49739 0 999 999 999 999 999 999 999 999 999
1 127.92 105.74 4 4 1 0.59335 0 999 999 999 999 999 999 999 999 999
1 87.703 104.33 1 2 0 1.2494 0 999 999 999 999 999 999 999 999 999
1 75.413 77.533 1 1 1 0.57734 0 999 999 999 999 999 999 999 999 999
1 113.92 142.9 2 4 0 0.83332 0 999 999 999 999 999 999 999 999 999
1 88.072 86.356 3 1 0 0.81743 0 999 999 999 999 999 999 999 999 999
1 131.21 94.174 4 4 1 0.76937 0 999 999 999 999 999 999 999 999 999
1 133.52 98.963 4 4 1 1.6653 0 999 999 999 999 999 999 999 999 999
1 114.68 128.59 2 3 0 1.5213 0 999 999 999 999 999 999 999 999 999
1 87.703 104.33 1 3 0 0.73721 0 999 999 999 999 999 999 999 999 999
1 131.21 94.174 4 4 1 0.70544 0 999 999 999 999 999 999 999 999 999
1 101.16 128.24 2 2 1 1.1374 0 999 999 999 999 999 999 999 999 999
1 110.59 54.02 3 3 1 3.5533 0 999 999 999 999 999 999 999 999 999
1 110.61 134.02 2 3 0 2.0175 0 999 999 999 999 999 999 999 999 999
1 104.2 122.09 2 2 1 1.2174 0 999 999 999 999 999 999 999 999 999
1 126.49 108.36 4 4 1 1.3933 0 999 999 999 999 999 999 999 999 999
1 108.93 112.93 4 3 0 0.92945 0 999 999 999 999 999 999 999 999 999
1 89.956 86.605 3 3 1 1.2175 0 999 999 999 999 999 999 999 999 999
1 65.483 112.66 1 1 1 0.78537 0 999 999 999 999 999 999 999 999 999
1 77.043 102.45 1 1 1 1.4253 0 999 999 999 999 999 999 999 999 999
1 87.703 104.33 1 2 0 4.7053 0 999 999 999 999 999 999 999 999 999
1 89.956 86.605 3 2 0 1.0572 0 999 999 999 999 999 999 999 999 999
1 104.2 122.09 2 2 1 1.1855 0 999 999 999 999 999 999 999 999 999
1 61.901 105.79 1 1 1 0.54545 0 999 999 999 999 999 999 999 999 999
1 77.043 102.45 1 1 1 0.48125 0 999 999 999 999 999 999 999 999 999
2 86.379 103.13 1 3 0 2.4435 0 999 999 999 999 999 999 999 999 999
2 94.721 129.25 2 2 1 0.97152 0 999 999 999 999 999 999 999 999 999
2 132.73 103.67 4 4 1 0.73743 0 999 999 999 999 999 999 999 999 999
2 125.02 95.045 4 3 0 0.97738 0 999 999 999 999 999 999 999 999 999
2 133.57 103.47 4 4 1 0.44937 0 999 999 999 999 999 999 999 999 999
2 68.809 102.75 1 1 1 0.6573 0 999 999 999 999 999 999 999 999 999
2 132.73 103.67 4 4 1 0.89739 0 999 999 999 999 999 999 999 999 999
2 76.242 97.759 1 1 1 0.78531 0 999 999 999 999 999 999 999 999 999
2 84.233 141.1 2 2 1 0.86542 0 999 999 999 999 999 999 999 999 999
2 64.7 101.95 1 1 1 0.76943 0 999 999 999 999 999 999 999 999 999
2 137.8 112.82 4 4 1 1.1374 0 999 999 999 999 999 999 999 999 999
2 84.233 141.1 2 3 0 0.73737 0 999 999 999 999 999 999 999 999 999
2 76.579 86.673 1 1 1 0.97747 0 999 999 999 999 999 999 999 999 999
2 103.65 71.596 3 2 0 0.75347 0 999 999 999 999 999 999 999 999 999
2 64.793 84.335 1 1 1 0.70534 0 999 999 999 999 999 999 999 999 999
2 122.53 93.27 4 3 0 1.4254 0 999 999 999 999 999 999 999 999 999
2 76.579 86.673 1 1 1 1.1051 0 999 999 999 999 999 999 999 999 999
2 77.996 118.62 2 2 1 1.2173 0 999 999 999 999 999 999 999 999 999
2 80.524 76.845 3 2 0 0.9933 0 999 999 999 999 999 999 999 999 999
2 80.613 63.324 3 3 1 1.2493 0 999 999 999 999 999 999 999 999 999
2 91.337 83.32 3 3 1 1.1854 0 999 999 999 999 999 999 999 999 999
2 122.33 91.08 4 4 1 1.0415 0 999 999 999 999 999 999 999 999 999
2 66.681 102.61 1 1 1 0.80134 0 999 999 999 999 999 999 999 999 999
2 80.613 63.324 3 1 0 0.81745 0 999 999 999 999 999 999 999 999 999
2 103.92 121.21 2 2 1 1.0575 0 999 999 999 999 999 999 999 999 999
2 101.77 69.413 3 2 0 0.92928 0 999 999 999 999 999 999 999 999 999
2 101.9 55.048 3 2 0 0.76947 0 999 999 999 999 999 999 999 999 999
2 106.4 121.33 2 3 0 0.75331 0 999 999 999 999 999 999 999 999 999
2 91.698 135.86 2 2 1 3.1853 0 999 999 999 999 999 999 999 999 999
2 103.65 71.596 3 3 1 4.6412 0 999 999 999 999 999 999 999 999 999
2 76.242 97.759 1 2 0 2.7214 0 999 999 999 999 999 999 999 999 999
2 76.579 86.673 1 1 1 0.59341 0 999 999 999 999 999 999 999 999 999
2 101.9 55.048 3 2 0 2.2413 0 999 999 999 999 999 999 999 999 999
2 125.02 95.045 4 4 1 0.65732 0 999 999 999 999 999 999 999 999 999
2 103.65 71.596 3 4 0 2.8655 0 999 999 999 999 999 999 999 999 999
2 113.79 78.518 3 4 0 1.1533 0 999 999 999 999 999 999 999 999 999
2 64.793 84.335 1 1 1 1.0735 0 999 999 999 999 999 999 999 999 999
2 77.996 118.62 2 2 1 0.99348 0 999 999 999 999 999 999 999 999 999
2 113.79 78.518 3 3 1 0.48119 0 999 999 999 999 999 999 999 999 999
2 101.38 60.284 3 3 1 0.75314 0 999 999 999 999 999 999 999 999 999
2 124.5 91.191 4 4 1 0.59355 0 999 999 999 999 999 999 999 999 999
2 106.4 121.33 2 3 0 1.0894 0 999 999 999 999 999 999 999 999 999
2 101.77 69.413 3 3 1 0.7533 0 999 999 999 999 999 999 999 999 999
2 124.5 91.191 4 4 1 0.57738 0 999 999 999 999 999 999 999 999 999
2 80.613 63.324 3 1 0 3.4573 0 999 999 999 999 999 999 999 999 999
2 76.242 97.759 1 1 1 0.44934 0 999 999 999 999 999 999 999 999 999
2 91.698 135.86 2 2 1 1.1533 0 999 999 999 999 999 999 999 999 999
2 84.233 141.1 2 2 1 0.84929 0 999 999 999 999 999 999 999 999 999
2 113.79 78.518 3 3 1 1.1215 0 999 999 999 999 999 999 999 999 999
2 80.524 76.845 3 2 0 2.9935 0 999 999 999 999 999 999 999 999 999
3 70.798 97.652 1 1 1 1.1307 0 999 999 999 999 999 999 999 999 999
3 68.797 89.31 1 1 1 0.93939 0 999 999 999 999 999 999 999 999 999
3 102.05 82.411 3 3 1 4.0972 0 999 999 999 999 999 999 999 999 999
3 128.38 94.534 4 4 1 0.60943 0 999 999 999 999 999 999 999 999 999
3 133.28 110.07 4 4 1 0.86545 0 999 999 999 999 999 999 999 999 999
3 94.439 56.667 3 3 1 4.0974 0 999 999 999 999 999 999 999 999 999
3 140.28 94.356 4 4 1 2.8334 0 999 999 999 999 999 999 999 999 999
3 104.56 70.31 3 3 1 0.7533 0 999 999 999 999 999 999 999 999 999
3 103.29 73.195 3 3 1 0.67342 0 999 999 999 999 999 999 999 999 999
3 107.7 64.381 3 3 1 1.4415 0 999 999 999 999 999 999 999 999 999
3 104.89 122.04 2 2 1 1.0733 0 999 999 999 999 999 999 999 999 999
3 129.41 91.348 4 4 1 0.67337 0 999 999 999 999 999 999 999 999 999
3 60.351 86.568 1 1 1 0.52942 0 999 999 999 999 999 999 999 999 999
3 102.05 82.411 3 3 1 2.2254 0 999 999 999 999 999 999 999 999 999
3 133.95 105.37 4 4 1 0.70546 0 999 999 999 999 999 999 999 999 999
3 107.74 141.36 2 3 0 2.9773 0 999 999 999 999 999 999 999 999 999
3 123.59 103.78 4 3 0 0.97727 0 999 999 999 999 999 999 999 999 999
3 104.89 122.04 2 2 1 0.83346 0 999 999 999 999 999 999 999 999 999
3 89.205 134.84 2 1 0 0.64131 0 999 999 999 999 999 999 999 999 999
3 105.67 124.77 2 3 0 0.68922 0 999 999 999 999 999 999 999 999 999
3 84.668 103.26 1 1 1 0.89768 0 999 999 999 999 999 999 999 999 999
3 133.95 105.37 4 4 1 1.0093 0 999 999 999 999 999 999 999 999 999
3 103.29 73.195 3 3 1 1.4893 0 999 999 999 999 999 999 999 999 999
3 102.03 71.337 3 3 1 1.2014 0 999 999 999 999 999 999 999 999 999
3 67.057 106.9 1 1 1 1.4414 0 999 999 999 999 999 999 999 999 999
3 128.38 94.534 4 4 1 1.8573 0 999 999 999 999 999 999 999 999 999
3 80.169 119.52 1 2 0 4.5933 0 999 999 999 999 999 999 999 999 999
3 133.95 105.37 4 4 1 0.96142 0 999 999 999 999 999 999 999 999 999
3 105.67 124.77 2 3 0 0.92932 0 999 999 999 999 999 999 999 999 999
3 80.169 119.52 1 1 1 0.81746 0 999 999 999 999 999 999 999 999 999
3 60.351 86.568 1 1 1 0.62544 0 999 999 999 999 999 999 999 999 999
3 133.95 105.37 4 4 1 2.8652 0 999 999 999 999 999 999 999 999 999
3 104.89 122.04 2 2 1 10.145 0 999 999 999 999 999 999 999 999 999
3 91.631 139.67 2 2 1 2.1774 0 999 999 999 999 999 999 999 999 999
3 133.28 110.07 4 4 1 0.59351 0 999 999 999 999 999 999 999 999 999
3 67.057 106.9 1 1 1 0.59343 0 999 999 999 999 999 999 999 999 999
3 91.631 139.67 2 2 1 1.0573 0 999 999 999 999 999 999 999 999 999
3 133.95 105.37 4 4 1 0.52937 0 999 999 999 999 999 999 999 999 999
3 94.993 55.752 3 3 1 1.3453 0 999 999 999 999 999 999 999 999 999
3 67.057 106.9 1 1 1 0.72129 0 999 999 999 999 999 999 999 999 999
3 84.668 103.26 1 1 1 1.0734 0 999 999 999 999 999 999 999 999 999
3 102.03 71.337 3 1 0 0.68928 0 999 999 999 999 999 999 999 999 999
3 80.169 119.52 1 1 1 0.94517 0 999 999 999 999 999 999 999 999 999
3 140.28 94.356 4 4 1 1.0253 0 999 999 999 999 999 999 999 999 999
3 123.59 103.78 4 4 1 1.7934 0 999 999 999 999 999 999 999 999 999
3 96.998 143.28 2 3 0 5.0253 0 999 999 999 999 999 999 999 999 999
3 76.145 86.306 1 1 1 1.7294 0 999 999 999 999 999 999 999 999 999
3 89.205 134.84 2 2 1 2.0654 0 999 999 999 999 999 999 999 999 999
3 104.56 70.31 3 2 0 1.2651 0 999 999 999 999 999 999 999 999 999
3 76.145 86.306 1 1 1 0.94531 0 999 999 999 999 999 999 999 999 999
4 110.72 121.92 2 2 1 1.9472 0 999 999 999 999 999 999 999 999 999
4 128.97 123.13 4 4 1 0.92366 0 999 999 999 999 999 999 999 999 999
4 104.74 87.506 4 2 0 0.78536 0 999 999 999 999 999 999 999 999 999
4 78.534 121.06 2 1 0 0.70534 0 999 999 999 999 999 999 999 999 999
4 104.74 87.506 4 3 0 1.1534 0 999 999 999 999 999 999 999 999 999
4 87.952 100.59 1 2 0 3.4575 0 999 999 999 999 999 999 999 999 999
4 98.221 61.389 3 3 1 0.92936 0 999 999 999 999 999 999 999 999 999
4 135.16 103.28 4 4 1 0.62542 0 999 999 999 999 999 999 999 999 999
4 67.513 114.88 1 1 1 0.51336 0 999 999 999 999 999 999 999 999 999
4 135.9 100.42 4 4 1 0.60936 0 999 999 999 999 999 999 999 999 999
4 123.16 52.566 3 3 1 1.2814 0 999 999 999 999 999 999 999 999 999
4 134.9 96.385 4 4 1 4.8654 0 999 999 999 999 999 999 999 999 999
4 135.16 103.28 4 4 1 4.4494 0 999 999 999 999 999 999 999 999 999
4 124.48 102.53 4 4 1 0.88143 0 999 999 999 999 999 999 999 999 999
4 79.587 121.4 1 1 1 3.4414 0 999 999 999 999 999 999 999 999 999
4 123.16 52.566 3 2 0 0.96135 0 999 999 999 999 999 999 999 999 999
4 135.9 100.42 4 2 0 0.48133 0 999 999 999 999 999 999 999 999 999
4 88.839 127.5 2 2 1 0.65746 0 999 999 999 999 999 999 999 999 999
4 71.365 105.32 1 1 1 0.76941 0 999 999 999 999 999 999 999 999 999
4 83.244 64.568 3 1 0 0.78545 0 999 999 999 999 999 999 999 999 999
4 100.41 132.76 2 2 1 1.5371 0 999 999 999 999 999 999 999 999 999
4 123.16 52.566 3 3 1 0.92927 0 999 999 999 999 999 999 999 999 999
4 108.76 74.791 3 3 1 0.88133 0 999 999 999 999 999 999 999 999 999
4 134.9 96.385 4 4 1 1.0894 0 999 999 999 999 999 999 999 999 999
4 116.82 77.826 3 2 0 1.9214 0 999 999 999 999 999 999 999 999 999
4 70.559 101.21 1 1 1 1.3293 0 999 999 999 999 999 999 999 999 999
4 88.839 127.5 2 2 1 12.769 0 999 999 999 999 999 999 999 999 999
4 104.74 87.506 4 3 0 0.84952 0 999 999 999 999 999 999 999 999 999
4 113.07 141.28 2 4 0 0.59332 0 999 999 999 999 999 999 999 999 999
4 123.16 52.566 3 4 0 0.80129 0 999 999 999 999 999 999 999 999 999
4 88.839 127.5 2 2 1 1.1053 0 999 999 999 999 999 999 999 999 999
4 95.711 92.921 1 3 0 1.2654 0 999 999 999 999 999 999 999 999 999
4 134.9 96.385 4 4 1 0.5614 0 999 999 999 999 999 999 999 999 999
4 134.9 96.385 4 4 1 1.2494 0 999 999 999 999 999 999 999 999 999
4 132.66 94.112 4 4 1 0.52942 0 999 999 999 999 999 999 999 999 999
4 113.07 141.28 2 4 0 0.41736 0 999 999 999 999 999 999 999 999 999
4 100.41 132.76 2 3 0 1.0413 0 999 999 999 999 999 999 999 999 999
4 124.48 102.53 4 4 1 2.0974 0 999 999 999 999 999 999 999 999 999
4 95.711 92.921 1 2 0 4.9292 0 999 999 999 999 999 999 999 999 999
4 67.513 114.88 1 1 1 0.73729 0 999 999 999 999 999 999 999 999 999
4 70.559 101.21 1 1 1 0.70539 0 999 999 999 999 999 999 999 999 999
4 124.48 102.53 4 4 1 1.4895 0 999 999 999 999 999 999 999 999 999
4 67.513 114.88 1 1 1 0.72121 0 999 999 999 999 999 999 999 999 999
4 67.513 114.88 1 1 1 0.46544 0 999 999 999 999 999 999 999 999 999
4 134.9 96.385 4 4 1 0.83299 0 999 999 999 999 999 999 999 999 999
4 116.82 77.826 3 3 1 1.3613 0 999 999 999 999 999 999 999 999 999
4 132.66 94.112 4 4 1 0.91323 0 999 999 999 999 999 999 999 999 999
4 108.76 74.791 3 3 1 0.52932 0 999 999 999 999 999 999 999 999 999
4 67.513 114.88 1 1 1 1.0254 0 999 999 999 999 999 999 999 999 999
4 104.74 87.506 4 3 0 0.57738 0 999 999 999 999 999 999 999 999 999
5 133.32 106.13 4 4 1 0.77936 0 999 999 999 999 999 999 999 999 999
5 82.728 67.162 3 1 0 0.79646 0 999 999 999 999 999 999 999 999 999
5 74.093 84.361 1 1 1 1.0732 0 999 999 999 999 999 999 999 999 999
5 85.609 120.02 2 3 0 0.80119 0 999 999 999 999 999 999 999 999 999
5 108.45 90.996 3 3 1 1.6015 0 999 999 999 999 999 999 999 999 999
5 127.58 99.856 4 4 1 0.70529 0 999 999 999 999 999 999 999 999 999
5 93.953 147.21 2 2 1 2.5616 0 999 999 999 999 999 999 999 999 999
5 104.87 118.43 2 2 1 0.9454 0 999 999 999 999 999 999 999 999 999
5 94.807 85.178 3 3 1 0.78536 0 999 999 999 999 999 999 999 999 999
5 84.064 99.051 1 3 0 0.73734 0 999 999 999 999 999 999 999 999 999
5 104.93 75.564 3 3 1 0.99325 0 999 999 999 999 999 999 999 999 999
5 105.49 128.19 2 2 1 1.0895 0 999 999 999 999 999 999 999 999 999
5 137.02 105.79 4 4 1 0.81731 0 999 999 999 999 999 999 999 999 999
5 69.83 103.19 1 1 1 0.59315 0 999 999 999 999 999 999 999 999 999
5 133.32 106.13 4 2 0 0.56129 0 999 999 999 999 999 999 999 999 999
5 107.5 134.08 2 3 0 5.3933 0 999 999 999 999 999 999 999 999 999
5 68.59 98.786 1 1 1 0.72141 0 999 999 999 999 999 999 999 999 999
5 89.671 65.829 3 3 1 2.5933 0 999 999 999 999 999 999 999 999 999
5 104.84 59.224 3 3 1 0.89729 0 999 999 999 999 999 999 999 999 999
5 64.178 85.034 1 1 1 0.99344 0 999 999 999 999 999 999 999 999 999
5 104.84 59.224 3 3 1 15.681 0 999 999 999 999 999 999 999 999 999
5 104.84 59.224 3 3 1 1.0894 0 999 999 999 999 999 999 999 999 999
5 112.1 87.263 4 3 0 1.8894 0 999 999 999 999 999 999 999 999 999
5 82.728 67.162 3 1 0 0.83347 0 999 999 999 999 999 999 999 999 999
5 96.455 119.98 2 3 0 11.073 0 999 999 999 999 999 999 999 999 999
5 64.178 85.034 1 1 1 0.65737 0 999 999 999 999 999 999 999 999 999
5 94.577 71.214 3 3 1 0.84937 0 999 999 999 999 999 999 999 999 999
5 94.807 85.178 3 3 1 0.51324 0 999 999 999 999 999 999 999 999 999
5 112.1 87.263 4 4 1 1.0094 0 999 999 999 999 999 999 999 999 999
5 84.064 99.051 1 3 0 1.0414 0 999 999 999 999 999 999 999 999 999
5 96.455 119.98 2 3 0 0.83329 0 999 999 999 999 999 999 999 999 999
5 68.59 98.786 1 1 1 0.73726 0 999 999 999 999 999 999 999 999 999
5 74.093 84.361 1 1 1 1.0732 0 999 999 999 999 999 999 999 999 999
5 107.5 134.08 2 2 1 7.3773 0 999 999 999 999 999 999 999 999 999
5 94.161 114.1 2 2 1 1.6813 0 999 999 999 999 999 999 999 999 999
5 108.45 90.996 3 4 0 0.81738 0 999 999 999 999 999 999 999 999 999
5 105.49 128.19 2 4 0 0.43327 0 999 999 999 999 999 999 999 999 999
5 127.58 99.856 4 4 1 0.44946 0 999 999 999 999 999 999 999 999 999
5 94.161 114.1 2 3 0 0.96136 0 999 999 999 999 999 999 999 999 999
5 94.577 71.214 3 3 1 1.3453 0 999 999 999 999 999 999 999 999 999
5 107.5 134.08 2 2 1 1.3294 0 999 999 999 999 999 999 999 999 999
5 104.84 59.224 3 3 1 0.94522 0 999 999 999 999 999 999 999 999 999
5 68.59 98.786 1 1 1 0.38526 0 999 999 999 999 999 999 999 999 999
5 127.58 99.856 4 4 1 3.6654 0 999 999 999 999 999 999 999 999 999
5 64.178 85.034 1 1 1 3.0414 0 999 999 999 999 999 999 999 999 999
5 94.807 85.178 3 2 0 1.7774 0 999 999 999 999 999 999 999 999 999
5 137.02 105.79 4 4 1 1.3134 0 999 999 999 999 999 999 999 999 999
5 104.87 118.43 2 2 1 1.6013 0 999 999 999 999 999 999 999 999 999
5 105.49 128.19 2 3 0 2.3213 0 999 999 999 999 999 999 999 999 999
5 133.32 106.13 4 4 1 0.67331 0 999 999 999 999 999 999 999 999 999
6 131.92 94.212 4 4 1 1.1478 0 999 999 999 999 999 999 999 999 999
6 51.438 108.69 1 1 1 0.716 0 999 999 999 999 999 999 999 999 999
6 94.17 66.627 3 3 1 2.2893 0 999 999 999 999 999 999 999 999 999
6 100.69 66.656 3 3 1 5.3774 0 999 999 999 999 999 999 999 999 999
6 125.5 91.02 4 4 1 1.8733 0 999 999 999 999 999 999 999 999 999
6 131.28 95.12 4 4 1 0.76936 0 999 999 999 999 999 999 999 999 999
6 88.157 76.65 3 1 0 6.8173 0 999 999 999 999 999 999 999 999 999
6 102.96 70.961 3 3 1 1.4573 0 999 999 999 999 999 999 999 999 999
6 100.19 137.95 2 2 1 0.78523 0 999 999 999 999 999 999 999 999 999
6 99.532 138.52 2 2 1 0.88138 0 999 999 999 999 999 999 999 999 999
6 92.946 67.776 3 3 1 0.65737 0 999 999 999 999 999 999 999 999 999
6 149.08 108.19 4 4 1 0.72142 0 999 999 999 999 999 999 999 999 999
6 96.006 58.59 3 2 0 4.6732 0 999 999 999 999 999 999 999 999 999
6 124.8 113.5 4 4 1 1.1054 0 999 999 999 999 999 999 999 999 999
6 58.261 104.98 1 1 1 0.72137 0 999 999 999 999 999 999 999 999 999
6 149.08 108.19 4 4 1 0.78527 0 999 999 999 999 999 999 999 999 999
6 88.697 125.03 2 3 0 4.6093 0 999 999 999 999 999 999 999 999 999
6 130.46 100.25 4 4 1 1.9213 0 999 999 999 999 999 999 999 999 999
6 64.865 99.981 1 1 1 5.7774 0 999 999 999 999 999 999 999 999 999
6 86.386 64.502 1 3 0 1.4413 0 999 999 999 999 999 999 999 999 999
6 131.92 94.212 4 4 1 1.0895 0 999 999 999 999 999 999 999 999 999
6 88.697 125.03 2 1 0 0.64135 0 999 999 999 999 999 999 999 999 999
6 60.98 95.076 1 1 1 0.49725 0 999 999 999 999 999 999 999 999 999
6 74.106 99.144 1 1 1 0.57721 0 999 999 999 999 999 999 999 999 999
6 142.53 109.16 4 4 1 1.9695 0 999 999 999 999 999 999 999 999 999
6 60.98 95.076 1 1 1 0.7053 0 999 999 999 999 999 999 999 999 999
6 86.386 64.502 1 3 0 2.3534 0 999 999 999 999 999 999 999 999 999
6 92.946 67.776 3 3 1 1.7454 0 999 999 999 999 999 999 999 999 999
6 124.8 113.5 4 4 1 9.1693 0 999 999 999 999 999 999 999 999 999
6 64.865 99.981 1 1 1 1.4093 0 999 999 999 999 999 999 999 999 999
6 117.22 127.92 2 4 0 0.72125 0 999 999 999 999 999 999 999 999 999
6 149.08 108.19 4 4 1 0.46536 0 999 999 999 999 999 999 999 999 999
6 71.102 109.44 1 1 1 0.62525 0 999 999 999 999 999 999 999 999 999
6 131.28 95.12 4 4 1 0.65725 0 999 999 999 999 999 999 999 999 999
6 60.98 95.076 1 1 1 0.80138 0 999 999 999 999 999 999 999 999 999
6 86.386 64.502 1 3 0 3.3292 0 999 999 999 999 999 999 999 999 999
6 142.53 109.16 4 4 1 0.9772 0 999 999 999 999 999 999 999 999 999
6 131.92 94.212 4 2 0 1.4574 0 999 999 999 999 999 999 999 999 999
6 131.92 94.212 4 4 1 1.4094 0 999 999 999 999 999 999 999 999 999
6 90.24 112.37 2 1 0 2.2094 0 999 999 999 999 999 999 999 999 999
6 149.08 108.19 4 4 1 0.73727 0 999 999 999 999 999 999 999 999 999
6 71.102 109.44 1 1 1 0.84938 0 999 999 999 999 999 999 999 999 999
6 102.96 70.961 3 3 1 3.1373 0 999 999 999 999 999 999 999 999 999
6 90.24 112.37 2 2 1 1.3134 0 999 999 999 999 999 999 999 999 999
6 71.102 109.44 1 1 1 1.2014 0 999 999 999 999 999 999 999 999 999
6 58.261 104.98 1 1 1 1.7613 0 999 999 999 999 999 999 999 999 999
6 125.5 91.02 4 4 1 3.3934 0 999 999 999 999 999 999 999 999 999
6 117.22 127.92 2 4 0 0.83319 0 999 999 999 999 999 999 999 999 999
6 71.102 109.44 1 2 0 2.9454 0 999 999 999 999 999 999 999 999 999
6 88.697 125.03 2 2 1 0.73753 0 999 999 999 999 999 999 999 999 999
7 88.909 72.423 3 3 1 1.9477 0 999 999 999 999 999 999 999 999 999
7 103.79 60.697 3 4 0 1.2883 1 999 999 999 999 999 999 999 999 999
7 100.19 114.32 2 2 1 1.0404 1 999 999 999 999 999 999 999 999 999
7 70.723 104.66 1 1 1 0.68927 0 999 999 999 999 999 999 999 999 999
7 71.871 102.47 1 1 1 0.62552 0 999 999 999 999 999 999 999 999 999
7 96.499 87.235 3 3 1 4.8334 0 999 999 999 999 999 999 999 999 999
7 100.19 114.32 2 2 1 0.99332 1 999 999 999 999 999 999 999 999 999
7 73.671 107.37 1 1 1 0.72136 1 999 999 999 999 999 999 999 999 999
7 126.81 118.94 4 4 1 0.68929 0 999 999 999 999 999 999 999 999 999
7 79.921 100.47 1 3 0 3.6013 1 999 999 999 999 999 999 999 999 999
7 144.12 98.452 4 4 1 0.81737 1 999 999 999 999 999 999 999 999 999
7 145.51 118.91 4 4 1 0.6252 1 999 999 999 999 999 999 999 999 999
7 53.133 102.73 1 1 1 0.54528 1 999 999 999 999 999 999 999 999 999
7 106.93 115.34 2 2 1 1.6813 1 999 999 999 999 999 999 999 999 999
7 82.785 89.459 3 4 0 1.2492 0 999 999 999 999 999 999 999 999 999
7 106.93 115.34 2 2 1 1.8413 1 999 999 999 999 999 999 999 999 999
7 106.93 115.34 2 3 0 0.80121 0 999 999 999 999 999 999 999 999 999
7 82.785 89.459 3 1 0 0.64135 1 999 999 999 999 999 999 999 999 999
7 120.12 97.095 4 4 1 0.80141 1 999 999 999 999 999 999 999 999 999
7 98.277 139.79 2 2 1 1.7452 1 999 999 999 999 999 999 999 999 999
7 118.33 110.05 4 4 1 1.5212 1 999 999 999 999 999 999 999 999 999
7 126.81 118.94 4 4 1 0.46545 1 999 999 999 999 999 999 999 999 999
7 112.26 78.373 3 3 1 1.7774 0 999 999 999 999 999 999 999 999 999
7 96.499 87.235 3 3 1 1.1211 1 999 999 999 999 999 999 999 999 999
7 118.33 110.05 4 4 1 0.88147 1 999 999 999 999 999 999 999 999 999
7 106.93 115.34 2 3 0 0.84934 0 999 999 999 999 999 999 999 999 999
7 118.33 110.05 4 2 0 1.3934 1 999 999 999 999 999 999 999 999 999
7 86.696 75.985 3 1 0 1.8894 1 999 999 999 999 999 999 999 999 999
7 93.391 64.416 3 3 1 4.0654 1 999 999 999 999 999 999 999 999 999
7 121.88 93.662 4 4 1 0.76928 1 999 999 999 999 999 999 999 999 999
7 61.124 107.58 1 2 0 0.76931 0 999 999 999 999 999 999 999 999 999
7 71.871 102.47 1 2 0 1.0253 1 999 999 999 999 999 999 999 999 999
7 71.871 102.47 1 1 1 0.96131 1 999 999 999 999 999 999 999 999 999
7 113.65 134.06 2 2 1 2.2253 1 999 999 999 999 999 999 999 999 999
7 140.82 101.61 4 4 1 0.75333 1 999 999 999 999 999 999 999 999 999
7 145.51 118.91 4 4 1 0.52939 1 999 999 999 999 999 999 999 999 999
7 126.81 118.94 4 1 0 2.2573 1 999 999 999 999 999 999 999 999 999
7 140.82 101.61 4 4 1 0.91323 1 999 999 999 999 999 999 999 999 999
7 121.88 93.662 4 1 0 9.7291 1 999 999 999 999 999 999 999 999 999
7 61.124 107.58 1 1 1 0.46536 1 999 999 999 999 999 999 999 999 999
7 96.499 87.235 3 2 0 1.5214 1 999 999 999 999 999 999 999 999 999
7 88.909 72.423 3 4 0 0.64146 1 999 999 999 999 999 999 999 999 999
7 79.921 100.47 1 1 1 1.0732 1 999 999 999 999 999 999 999 999 999
7 88.909 72.423 3 3 1 0.86523 1 999 999 999 999 999 999 999 999 999
7 118.33 110.05 4 2 0 2.5934 1 999 999 999 999 999 999 999 999 999
7 86.696 75.985 3 1 0 3.8572 0 999 999 999 999 999 999 999 999 999
7 53.133 102.73 1 1 1 0.51335 1 999 999 999 999 999 999 999 999 999
7 113.65 134.06 2 3 0 1.9853 1 999 999 999 999 999 999 999 999 999
7 73.671 107.37 1 1 1 0.62535 0 999 999 999 999 999 999 999 999 999
7 113.65 134.06 2 4 0 0.49719 1 999 999 999 999 999 999 999 999 999
8 99.281 119.29 2 2 1 1.3706 1 999 999 999 999 999 999 999 999 999
8 138.1 106.39 4 4 1 0.66729 0 999 999 999 999 999 999 999 999 999
8 118.19 85.663 4 3 0 1.5212 0 999 999 999 999 999 999 999 999 999
8 96.491 72.019 3 1 0 2.7215 0 999 999 999 999 999 999 999 999 999
8 136.7 107.17 4 4 1 4.4494 1 999 999 999 999 999 999 999 999 999
8 116.24 122.03 4 2 0 2.8813 1 999 999 999 999 999 999 999 999 999
8 99.288 68.216 3 3 1 2.3853 1 999 999 999 999 999 999 999 999 999
8 98.018 73.16 3 2 0 0.73734 1 999 999 999 999 999 999 999 999 999
8 108.36 68.6 3 4 0 0.6572 1 999 999 999 999 999 999 999 999 999
8 131.56 83.819 4 4 1 0.73748 1 999 999 999 999 999 999 999 999 999
8 136.7 107.17 4 3 0 0.64143 1 999 999 999 999 999 999 999 999 999
8 131.56 83.819 4 2 0 0.54521 1 999 999 999 999 999 999 999 999 999
8 56.719 113.66 1 1 1 0.57737 1 999 999 999 999 999 999 999 999 999
8 101.9 60.196 3 3 1 1.1853 1 999 999 999 999 999 999 999 999 999
8 74.121 84.705 1 1 1 0.59331 1 999 999 999 999 999 999 999 999 999
8 96.13 79.36 3 2 0 0.80145 1 999 999 999 999 999 999 999 999 999
8 117.04 140.58 2 3 0 0.92935 1 999 999 999 999 999 999 999 999 999
8 72.087 81.326 1 1 1 0.75314 0 999 999 999 999 999 999 999 999 999
8 74.121 84.705 1 1 1 0.60927 0 999 999 999 999 999 999 999 999 999
8 117.04 140.58 2 4 0 0.65712 1 999 999 999 999 999 999 999 999 999
8 65.225 101.59 1 1 1 0.68921 1 999 999 999 999 999 999 999 999 999
8 74.121 84.705 1 1 1 0.72147 1 999 999 999 999 999 999 999 999 999
8 66.393 103.39 1 1 1 0.7213 0 999 999 999 999 999 999 999 999 999
8 96.491 72.019 3 4 0 1.0733 0 999 999 999 999 999 999 999 999 999
8 94.481 113.27 2 3 0 0.89748 0 999 999 999 999 999 999 999 999 999
8 131.56 83.819 4 4 1 0.8014 1 999 999 999 999 999 999 999 999 999
8 110.45 136.73 2 3 0 0.049154 1 999 999 999 999 999 999 999 999 999
8 138.93 80.77 4 4 1 0.8176 0 999 999 999 999 999 999 999 999 999
8 93.601 121.71 2 2 1 1.1533 1 999 999 999 999 999 999 999 999 999
8 124.25 97.825 4 4 1 0.73745 1 999 999 999 999 999 999 999 999 999
8 72.087 81.326 1 1 1 3.5694 1 999 999 999 999 999 999 999 999 999
8 115.03 70.548 3 3 1 1.5214 1 999 999 999 999 999 999 999 999 999
8 96.13 79.36 3 2 0 0.84957 1 999 999 999 999 999 999 999 999 999
8 39.473 110.38 1 1 1 0.46538 1 999 999 999 999 999 999 999 999 999
8 115.03 70.548 3 3 1 0.54529 0 999 999 999 999 999 999 999 999 999
8 138.93 80.77 4 4 1 0.73732 0 999 999 999 999 999 999 999 999 999
8 110.45 136.73 2 2 1 0.7374 1 999 999 999 999 999 999 999 999 999
8 136.7 107.17 4 1 0 3.8414 1 999 999 999 999 999 999 999 999 999
8 131.56 83.819 4 4 1 0.80129 1 999 999 999 999 999 999 999 999 999
8 96.491 72.019 3 3 1 0.68943 1 999 999 999 999 999 999 999 999 999
8 116.24 122.03 4 2 0 0.51344 1 999 999 999 999 999 999 999 999 999
8 131.56 83.819 4 2 0 0.6895 1 999 999 999 999 999 999 999 999 999
8 85.173 85.193 1 2 0 0.32119 1 999 999 999 999 999 999 999 999 999
8 124.25 97.825 4 4 1 0.96146 1 999 999 999 999 999 999 999 999 999
8 39.473 110.38 1 1 1 0.96147 0 999 999 999 999 999 999 999 999 999
8 108.36 68.6 3 3 1 1.3292 1 999 999 999 999 999 999 999 999 999
8 58.433 97.498 1 1 1 0.6893 1 999 999 999 999 999 999 999 999 999
8 85.173 85.193 1 3 0 5.3933 1 999 999 999 999 999 999 999 999 999
8 56.719 113.66 1 1 1 1.2014 1 999 999 999 999 999 999 999 999 999
8 72.087 81.326 1 2 0 9.6492 1 999 999 999 999 999 999 999 999 999
9 101.7 75.866 3 2 0 2.2055 1 4 9 2 1 1 0 0 1 2.2055
9 93.668 87.726 3 4 0 0.35342 1 2 6 1 2 1 1 1 1 0.35342
9 71 99.62 1 3 0 1.8256 1 2 9 2 1 1 0 0 1 1.8256
9 91.988 94.826 3 4 0 1.4415 0 9 4 1 2 0 0 1 0 1.4415
9 69.085 101.79 1 1 1 2.2255 1 8 5 1 2 0 0 0 1 2.2255
9 93.355 73.353 1 3 0 1.3133 1 7 3 2 1 0 0 1 0 1.3133
9 100.31 116.76 2 3 0 1.5055 1 9 2 1 2 1 1 1 1 1.5055
9 89.249 55.27 3 2 0 2.1773 1 7 5 1 2 0 0 0 1 2.1773
9 105.37 64.581 3 3 1 1.3295 0 9 5 1 2 1 1 1 1 1.3295
9 136.37 101.59 4 4 1 2.3055 1 8 2 1 2 0 0 0 1 2.3055
9 95.772 79.112 3 1 0 1.0413 1 9 5 1 2 0 0 0 1 1.0413
9 81.981 118.25 2 3 0 2.0015 1 6 2 1 2 0 0 0 1 2.0015
9 131.72 99.77 4 4 1 1.5695 1 4 6 2 1 0 1 1 1 1.5695
9 79.562 74.144 3 1 0 2.4975 1 2 9 1 2 0 1 1 1 2.4975
9 87.138 127.32 2 3 0 1.3776 0 9 5 1 2 1 1 1 1 1.3776
9 102.66 130.18 2 2 1 0.94561 1 3 7 2 1 1 0 1 0 0.94561
9 93.355 73.353 1 4 0 1.5215 0 5 6 2 1 1 0 1 0 1.5215
9 102.92 116.05 2 2 1 1.3936 1 8 2 1 2 1 1 1 1 1.3936
9 72.507 84.351 1 1 1 2.5773 0 2 6 2 1 1 0 0 1 2.5773
9 106.68 86.667 3 3 1 1.4414 1 5 8 2 1 0 1 1 1 1.4414
9 102.15 113.37 4 4 1 3.7294 1 8 2 1 2 1 1 1 1 3.7294
9 131.72 99.77 4 4 1 4.0814 1 9 5 1 2 0 0 0 1 4.0814
9 136.37 101.59 4 1 0 3.3933 1 2 6 2 1 1 0 0 1 3.3933
9 94.552 95.295 3 2 0 1.3454 1 4 6 1 2 0 1 1 1 1.3454
9 102.66 130.18 2 3 0 1.3617 1 5 8 1 2 0 1 1 1 1.3617
9 77.056 104.87 1 1 1 2.4175 0 9 2 1 2 0 0 0 1 2.4175
9 74.406 104.28 1 1 1 6.1294 1 3 8 2 1 1 0 0 1 6.1294
9 64.013 102.41 1 1 1 0.8814 1 3 8 2 1 1 0 0 1 0.8814
9 79.562 74.144 3 2 0 1.2015 1 3 6 2 1 0 1 1 1 1.2015
9 100.31 116.76 2 4 0 1.8735 1 8 3 1 2 0 0 0 1 1.8735
9 102.66 130.18 2 4 0 2.1615 1 9 2 1 2 1 1 1 1 2.1615
9 136.37 101.59 4 4 1 1.3294 0 4 8 2 1 0 1 1 1 1.3294
9 71 99.62 1 1 1 1.1056 1 7 4 1 2 0 0 0 1 1.1056
9 89.249 55.27 3 2 0 2.5455 1 9 5 1 2 1 1 1 1 2.5455
9 122.11 91.561 4 3 0 5.1374 0 4 8 1 2 1 1 1 1 5.1374
9 94.552 95.295 3 3 1 2.0656 0 2 8 1 2 0 1 1 1 2.0656
9 58.379 102.95 1 1 1 1.5695 1 6 5 1 2 0 0 0 1 1.5695
9 58.379 102.95 1 1 1 2.4015 1 5 9 2 1 1 0 0 1 2.4015
9 128.04 102.71 4 4 1 1.0414 1 8 5 1 2 0 0 0 1 1.0414
9 105.37 64.581 3 2 0 1.3774 1 2 8 2 1 1 0 0 1 1.3774
9 119.7 99.471 4 3 0 1.5216 0 5 8 1 2 0 1 1 1 1.5216
9 63.689 96.265 1 2 0 2.1454 1 2 8 2 1 1 0 0 1 2.1454
9 128.04 102.71 4 4 1 1.5374 1 6 3 1 2 0 0 0 1 1.5374
9 64.013 102.41 1 2 0 1.5856 1 5 9 2 1 1 0 0 1 1.5856
9 79.562 74.144 3 2 0 1.5856 0 8 5 1 2 1 1 1 1 1.5856
9 63.689 96.265 1 1 1 2.3374 1 3 7 2 1 1 0 0 1 2.3374
9 119.7 99.471 4 1 0 2.5615 1 6 4 1 2 0 0 0 1 2.5615
9 91.988 94.826 3 4 0 1.6175 1 7 5 1 2 1 1 1 1 1.6175
9 80.444 109.31 1 4 0 4.0814 1 7 4 1 2 0 0 0 1 4.0814
9 122.11 91.561 4 4 1 4.1934 0 2 8 2 1 1 0 0 1 4.1934
10 102.12 85.915 3 2 0 1.8253 1 4 9 2 1 1 0 0 1 1.8253
10 127.71 95.96 4 4 1 1.2975 1 5 9 2 1 0 1 1 1 1.2975
10 109.85 67.523 3 3 1 2.4975 1 9 4 2 1 1 0 0 1 2.4975
10 104.55 74.325 3 2 0 1.2815 1 7 4 1 2 0 0 0 1 1.2815
10 86.84 72.591 3 2 0 3.3775 1 9 4 1 2 1 1 1 1 3.3775
10 75.224 97.892 1 3 0 2.5133 0 3 9 2 1 1 0 1 0 2.5133
10 114.9 94.643 4 3 0 3.6815 1 7 3 1 2 0 0 0 1 3.6815
10 76.811 104.29 1 1 1 1.5695 1 4 6 2 1 1 0 0 1 1.5695
10 109.08 101.2 4 4 1 1.0575 0 4 6 2 1 1 0 0 1 1.0575
10 96.141 110.36 2 3 0 3.9215 1 3 9 2 1 1 0 0 1 3.9215
10 58.328 91.564 1 1 1 2.1295 1 5 7 2 1 0 1 1 1 2.1295
10 66.173 100.09 1 1 1 1.1215 1 7 2 1 2 0 0 0 1 1.1215
10 99.222 62.128 3 2 0 4.0494 1 2 7 2 1 1 0 0 1 4.0494
10 54.54 81.853 1 1 1 1.2175 1 6 4 1 2 0 0 0 1 1.2175
10 86.84 72.591 3 3 1 4.5937 1 4 7 2 1 0 1 1 1 4.5937
10 75.224 97.892 1 4 0 1.0575 0 6 3 2 1 0 0 0 1 1.0575
10 54.54 81.853 1 1 1 2.0176 1 4 7 2 1 1 0 0 1 2.0176
10 101.59 124.11 2 2 1 1.6336 1 9 4 1 2 0 0 0 1 1.6336
10 100.99 118.26 2 4 0 5.1215 1 2 8 2 1 1 0 0 1 5.1215
10 136.2 100.7 4 4 1 2.0494 0 9 4 1 2 1 1 1 1 2.0494
10 99.222 62.128 3 2 0 2.2414 0 8 4 1 2 1 1 1 1 2.2414
10 56.58 106.47 1 1 1 1.7454 0 3 9 2 1 1 0 0 1 1.7454
10 75.224 97.892 1 3 0 2.4975 1 4 9 2 1 1 0 0 1 2.4975
10 107.49 124.97 2 2 1 2.5454 1 4 6 2 1 0 1 1 1 2.5454
10 101.59 124.11 2 3 0 1.1536 1 2 9 2 1 0 1 1 1 1.1536
10 100.99 118.26 2 1 0 2.2094 1 6 5 1 2 0 0 0 1 2.2094
10 84.914 80.542 3 4 0 0.7534 1 6 5 2 1 0 0 0 1 0.7534
10 127.71 95.96 4 4 1 0.73739 1 4 8 2 1 0 1 1 1 0.73739
10 75.915 111.16 1 3 0 1.8735 0 9 2 1 2 0 0 0 1 1.8735
10 107.49 124.97 2 2 1 3.1054 1 4 8 2 1 0 1 1 1 3.1054
10 116.75 89.02 4 2 0 2.9455 0 8 3 1 2 1 1 1 1 2.9455
10 100.68 135.61 2 3 0 1.1854 0 2 7 2 1 0 1 1 1 1.1854
10 103.58 93.881 3 2 0 10.993 1 8 3 1 2 1 1 1 1 10.993
10 76.811 104.29 1 1 1 1.1855 1 9 2 1 2 1 1 1 1 1.1855
10 123.55 109.88 4 2 0 3.7774 1 8 4 1 2 0 0 0 1 3.7774
10 103.58 93.881 3 4 0 9.5214 1 2 8 2 1 0 1 1 1 9.5214
10 111.85 125.3 2 3 0 2.2095 1 3 7 1 2 1 1 1 1 2.2095
10 99.222 62.128 3 2 0 2.1934 1 6 4 1 2 0 0 0 1 2.1934
10 76.811 104.29 1 1 1 5.5056 1 4 7 1 2 1 1 1 1 5.5056
10 75.915 111.16 1 2 0 4.2893 1 7 3 1 2 0 0 0 1 4.2893
10 116.75 89.02 4 4 1 2.4974 1 8 2 1 2 0 0 0 1 2.4974
10 111.85 125.3 2 3 0 1.7935 0 8 2 1 2 1 1 1 1 1.7935
10 107.49 124.97 2 2 1 8.7213 1 9 5 1 2 1 1 0 0 8.7213
10 100.68 135.61 2 2 1 1.9534 1 2 7 2 1 0 1 1 1 1.9534
10 109.08 101.2 4 3 0 5.9055 0 6 5 2 1 1 0 0 1 5.9055
10 66.173 100.09 1 1 1 1.1216 1 9 2 1 2 0 0 0 1 1.1216
10 86.84 72.591 3 4 0 4.3695 1 3 6 2 1 0 1 1 1 4.3695
10 109.08 101.2 4 2 0 3.6173 1 2 6 1 2 1 1 1 1 3.6173
10 56.58 106.47 1 1 1 1.4894 1 7 5 2 1 1 0 0 1 1.4894
10 123.55 109.88 4 4 1 1.2494 0 4 8 2 1 1 0 0 1 1.2494
11 101.83 50.535 3 2 0 1.3935 1 8 4 1 2 1 1 1 1 1.3935
11 107.85 90.552 3 3 1 4.3055 0 2 8 2 1 1 0 0 1 4.3055
11 136.8 103.95 4 4 1 0.44948 1 2 8 1 2 0 1 1 1 0.44948
11 95.06 137.73 2 2 1 2.9134 1 5 8 2 1 0 1 1 1 2.9134
11 96.262 122.1 2 2 1 3.7774 0 9 2 1 2 1 1 1 1 3.7774
11 114.54 65.457 3 3 1 2.1296 0 8 2 1 2 0 0 0 1 2.1296
11 136.8 103.95 4 4 1 4.5453 0 2 6 1 2 0 1 1 1 4.5453
11 69.659 102.65 1 1 1 1.089 1 3 8 2 1 0 1 1 1 1.089
11 97.504 126.84 2 3 0 2.7857 1 5 8 2 1 0 1 1 1 2.7857
11 90.796 56.501 3 3 1 6.5774 1 3 7 2 1 1 0 0 1 6.5774
11 110.27 122.2 2 2 1 1.5852 0 3 9 2 1 1 0 0 1 1.5852
11 124.18 121.04 4 4 1 2.1136 1 6 2 1 2 0 0 1 0 2.1136
11 118.59 143.14 2 2 1 1.4096 0 5 8 2 1 1 0 0 1 1.4096
11 97.504 126.84 2 2 1 3.1215 1 6 2 2 1 0 0 0 1 3.1215
11 71.745 110.03 1 1 1 1.2173 1 3 6 2 1 0 1 1 1 1.2173
11 123.18 93.131 4 4 1 1.6814 1 8 4 1 2 1 1 1 1 1.6814
11 132.71 79.367 4 4 1 0.91351 1 5 8 2 1 1 0 0 1 0.91351
11 64.004 86.468 1 1 1 1.2496 1 5 8 2 1 0 1 1 1 1.2496
11 119.94 55.479 3 2 0 3.9053 0 7 4 1 2 0 0 0 1 3.9053
11 132.71 79.367 4 4 1 1.5533 1 9 3 1 2 1 1 1 1 1.5533
11 119.94 55.479 3 3 1 5.8734 1 9 4 1 2 1 1 1 1 5.8734
11 111.12 109.65 4 3 0 5.3774 1 2 8 1 2 1 1 0 0 5.3774
11 79.308 95.854 1 1 1 0.92947 1 2 8 2 1 1 0 0 1 0.92947
11 97.37 77.242 3 2 0 1.9696 1 8 2 2 1 0 0 0 1 1.9696
11 102.34 124.7 2 2 1 4.9614 0 9 4 1 2 1 1 1 1 4.9614
11 81.135 80.21 1 3 0 2.7375 0 6 2 2 1 1 0 0 1 2.7375
11 104.77 128.97 2 2 1 1.1216 1 7 3 1 2 0 0 0 1 1.1216
11 66.881 78.352 1 1 1 0.60934 1 7 2 1 2 0 0 1 0 0.60934
11 79.308 95.854 1 2 0 2.2734 1 5 6 2 1 0 1 1 1 2.2734
11 137.4 86.174 4 4 1 9.0252 1 7 4 1 2 0 0 0 1 9.0252
11 66.881 78.352 1 1 1 1.1054 1 7 4 1 2 1 1 1 1 1.1054
11 100.29 49.697 3 4 0 1.4254 0 8 5 1 2 0 0 0 1 1.4254
11 140.14 89.393 4 4 1 0.64139 1 6 2 1 2 0 0 0 1 0.64139
11 66.881 78.352 1 1 1 0.60933 1 2 7 2 1 0 1 1 1 0.60933
11 81.135 80.21 1 4 0 2.1775 1 8 3 1 2 1 1 0 0 2.1775
11 83.69 99.325 1 2 0 1.0255 1 4 8 2 1 0 1 1 1 1.0255
11 104.77 128.97 2 2 1 2.0815 0 4 6 2 1 0 1 1 1 2.0815
11 121.04 128.04 2 2 1 1.1375 1 7 4 1 2 1 1 1 1 1.1375
11 118.59 143.14 2 2 1 2.2735 1 2 7 2 1 1 0 0 1 2.2735
11 83.69 99.325 1 4 0 1.5215 0 9 4 1 2 1 1 1 1 1.5215
11 140.14 89.393 4 4 1 3.2652 1 7 4 1 2 1 1 1 1 3.2652
11 71.745 110.03 1 1 1 5.0894 1 2 6 2 1 1 0 1 0 5.0894
11 124.18 121.04 4 2 0 4.2254 1 4 9 1 2 1 1 0 0 4.2254
11 100.29 49.697 3 3 1 3.3775 1 8 3 2 1 1 0 0 1 3.3775
11 100.29 49.697 3 3 1 1.3294 1 9 5 1 2 0 0 0 1 1.3294
11 97.37 77.242 3 2 0 1.1216 1 3 7 2 1 0 1 1 1 1.1216
11 100.29 49.697 3 2 0 3.3135 1 5 9 2 1 0 1 1 1 3.3135
11 132.71 79.367 4 3 0 6.2094 1 3 7 2 1 1 0 0 1 6.2094
11 104.77 128.97 2 2 1 1.4895 1 5 8 2 1 1 0 0 1 1.4895
11 95.06 137.73 2 2 1 0.97755 1 8 2 1 2 0 0 0 1 0.97755
12 104.76 50.4 3 4 0 4.1135 1 3 8 2 1 0 1 1 1 4.1135
12 82.918 52.984 3 2 0 1.5213 0 7 3 1 2 0 0 1 0 1.5213
12 82.093 111.11 1 1 1 2.4176 1 6 2 1 2 1 1 1 1 2.4176
12 129.28 101.92 4 4 1 1.0735 0 6 3 2 1 1 0 0 1 1.0735
12 125.36 107.64 4 4 1 0.70542 0 7 3 2 1 0 0 0 1 0.70542
12 96.639 69.394 3 2 0 1.0735 1 2 6 2 1 0 1 1 1 1.0735
12 116.61 99.67 4 2 0 0.92945 1 4 6 2 1 1 0 0 1 0.92945
12 134.65 117.5 4 2 0 3.0417 0 6 5 2 1 1 0 0 1 3.0417
12 96.639 69.394 3 3 1 2.0334 1 3 6 2 1 1 0 0 1 2.0334
12 98.409 74.619 3 2 0 0.49751 1 5 7 1 2 1 1 1 1 0.49751
12 107.32 117.24 2 2 1 1.4735 1 6 3 2 1 1 0 0 1 1.4735
12 110.69 82.881 3 2 0 1.4734 1 4 9 2 1 1 0 0 1 1.4734
12 112.41 87.037 4 3 0 4.6255 1 8 3 1 2 1 1 1 1 4.6255
12 104.71 110.19 2 4 0 1.7135 1 8 2 1 2 1 1 1 1 1.7135
12 68.92 94.309 1 1 1 1.4095 1 4 9 2 1 1 0 0 1 1.4095
12 95.353 114.09 2 2 1 1.5534 1 5 8 2 1 1 0 0 1 1.5534
12 98.409 74.619 3 3 1 3.9695 0 2 6 2 1 0 1 1 1 3.9695
12 69.114 104.13 1 1 1 2.7694 1 3 9 2 1 0 1 1 1 2.7694
12 110.69 82.881 3 2 0 2.1295 1 4 8 2 1 0 1 1 1 2.1295
12 96.639 69.394 3 3 1 8.2414 0 6 2 1 2 1 1 0 0 8.2414
12 125.36 107.64 4 4 1 0.41751 1 2 8 2 1 0 1 1 1 0.41751
12 70.959 97.452 1 2 0 1.3454 1 9 2 1 2 0 0 0 1 1.3454
12 71.674 119.72 1 2 0 1.8735 1 7 2 1 2 0 0 0 1 1.8735
12 95.353 114.09 2 2 1 0.78551 0 5 9 2 1 0 1 1 1 0.78551
12 55.968 103.31 1 1 1 2.7533 1 2 6 2 1 1 0 0 1 2.7533
12 104.76 50.4 3 3 1 3.2334 1 2 8 2 1 1 0 0 1 3.2334
12 110.69 82.881 3 2 0 1.6175 1 2 6 2 1 0 1 1 1 1.6175
12 116.61 99.67 4 4 1 0.44941 1 9 3 1 2 0 0 0 1 0.44941
12 55.968 103.31 1 1 1 1.2816 1 5 9 2 1 1 0 0 1 1.2816
12 68.92 94.309 1 2 0 4.7534 1 2 6 2 1 1 0 0 1 4.7534
12 98.299 88.531 3 3 1 0.49733 1 9 4 1 2 0 0 0 1 0.49733
12 103.78 121.61 2 2 1 1.9055 1 4 6 2 1 1 0 0 1 1.9055
12 82.918 52.984 3 4 0 1.2495 1 9 3 1 2 0 0 0 1 1.2495
12 55.968 103.31 1 1 1 0.44933 0 6 3 1 2 0 0 0 1 0.44933
12 129.28 101.92 4 4 1 3.7454 0 2 6 2 1 1 0 0 1 3.7454
12 70.959 97.452 1 1 1 0.59347 0 9 3 1 2 0 0 0 1 0.59347
12 69.114 104.13 1 1 1 1.6975 1 6 4 2 1 0 0 0 1 1.6975
12 103.78 121.61 2 2 1 0.68943 1 9 5 2 1 0 0 0 1 0.68943
12 55.968 103.31 1 1 1 2.9135 1 3 7 2 1 0 1 1 1 2.9135
12 116.61 99.67 4 4 1 1.5214 1 3 8 2 1 1 0 1 0 1.5214
12 97.391 115.57 2 3 0 0.62546 1 4 7 2 1 1 0 0 1 0.62546
12 82.093 111.11 1 2 0 0.84962 1 6 5 1 2 1 1 1 1 0.84962
12 98.409 74.619 3 1 0 1.5854 1 9 5 1 2 0 0 0 1 1.5854
12 116.61 99.67 4 2 0 2.2415 1 9 5 2 1 0 0 1 0 2.2415
12 97.391 115.57 2 3 0 1.6175 0 8 2 1 2 0 0 0 1 1.6175
12 112.41 87.037 4 3 0 4.0335 1 7 4 1 2 1 1 0 0 4.0335
12 97.391 115.57 2 2 1 0.76957 1 7 4 1 2 1 1 1 1 0.76957
12 68.92 94.309 1 1 1 1.2815 1 3 6 2 1 0 1 1 1 1.2815
12 71.674 119.72 1 2 0 0.9453 0 6 3 1 2 1 1 0 0 0.9453
12 134.65 117.5 4 4 1 1.1695 1 5 6 2 1 0 1 1 1 1.1695
13 122.17 102.43 4 4 1 0.86525 1 7 4 1 2 0 0 0 1 0.86525
13 71.138 80.143 1 1 1 8.2574 1 4 9 2 1 0 1 1 1 8.2574
13 70.98 93.522 1 1 1 1.0736 1 3 7 2 1 0 1 1 1 1.0736
13 75.862 94.264 1 2 0 1.2495 1 4 8 2 1 0 1 1 1 1.2495
13 127.55 96.023 4 4 1 1.2656 0 2 6 2 1 1 0 0 1 1.2656
13 91.934 160.68 2 2 1 1.4254 1 8 2 1 2 0 0 0 1 1.4254
13 94.916 127.39 2 2 1 2.1135 1 8 4 1 2 1 1 1 1 2.1135
13 88.46 154.28 2 4 0 1.8733 1 6 2 1 2 1 1 0 0 1.8733
13 112.99 89.404 3 3 1 2.6895 0 8 5 1 2 1 1 1 1 2.6895
13 138.16 89.716 4 4 1 1.5214 1 2 6 1 2 1 1 1 1 1.5214
13 107.42 80.325 3 4 0 2.1135 1 7 3 1 2 1 1 1 1 2.1135
13 107.65 144.64 2 2 1 1.9214 1 2 7 2 1 0 1 1 1 1.9214
13 62.668 107.64 1 1 1 1.5694 0 3 7 2 1 1 0 1 0 1.5694
13 88.46 154.28 2 2 1 4.4016 1 5 7 2 1 1 0 0 1 4.4016
13 85.629 137.41 2 4 0 1.3935 1 5 9 2 1 0 1 1 1 1.3935
13 64.475 102.1 1 1 1 3.3934 1 3 6 2 1 0 1 1 1 3.3934
13 59.37 95.296 1 1 1 0.89757 1 4 7 2 1 0 1 1 1 0.89757
13 110.07 78.24 3 2 0 1.6174 1 2 9 2 1 1 0 0 1 1.6174
13 90.49 111.01 1 3 0 1.5055 1 4 6 2 1 1 0 0 1 1.5055
13 127.55 96.023 4 4 1 1.1533 0 3 8 2 1 0 1 1 1 1.1533
13 127.04 98.678 4 4 1 1.3294 0 2 6 2 1 1 0 0 1 1.3294
13 94.916 127.39 2 2 1 7.2014 1 6 4 1 2 1 1 0 0 7.2014
13 107.65 144.64 2 2 1 1.2334 1 2 6 2 1 1 0 0 1 1.2334
13 90.957 141.27 2 3 0 9.4254 0 9 4 1 2 1 1 0 0 9.4254
13 92.622 124.98 2 2 1 0.52949 0 7 5 1 2 0 0 0 1 0.52949
13 85.896 98.073 1 1 1 1.3935 1 8 5 2 1 0 0 0 1 1.3935
13 94.916 127.39 2 2 1 1.5536 1 6 4 2 1 1 0 0 1 1.5536
13 85.896 98.073 1 3 0 1.0416 1 3 9 2 1 0 1 1 1 1.0416
13 111.72 109.2 4 2 0 1.3613 1 5 6 2 1 0 1 1 1 1.3613
13 77.574 90.463 1 1 1 1.2976 1 5 9 2 1 1 0 0 1 1.2976
13 71.138 80.143 1 1 1 4.8335 1 6 4 2 1 0 0 0 1 4.8335
13 77.574 90.463 1 1 1 1.1534 1 5 9 1 2 1 1 1 1 1.1534
13 111.17 142.17 2 2 1 1.5695 0 7 2 2 1 0 0 0 1 1.5695
13 125.76 121.82 4 4 1 0.96156 1 8 5 1 2 0 0 0 1 0.96156
13 94.46 84.376 3 1 0 1.6335 1 4 8 2 1 0 1 0 0 1.6335
13 111.17 142.17 2 2 1 0.56164 0 7 3 2 1 0 0 0 1 0.56164
13 111.72 109.2 4 3 0 3.4255 1 8 4 1 2 1 1 1 1 3.4255
13 106.52 80.539 3 1 0 0.94534 0 2 8 2 1 1 0 0 1 0.94534
13 106.52 80.539 3 2 0 1.2174 1 7 4 1 2 1 1 1 1 1.2174
13 110.07 78.24 3 3 1 1.5376 1 3 7 2 1 1 0 0 1 1.5376
13 72.593 96.213 1 1 1 0.83346 0 5 8 2 1 0 1 1 1 0.83346
13 94.916 127.39 2 2 1 1.4255 1 8 4 1 2 0 0 0 1 1.4255
13 85.896 98.073 1 3 0 1.1215 1 8 3 1 2 1 1 1 1 1.1215
13 94.46 84.376 3 4 0 3.9695 0 7 5 1 2 0 0 0 1 3.9695
13 64.475 102.1 1 1 1 3.7134 1 7 3 1 2 0 0 0 1 3.7134
13 111.72 109.2 4 2 0 4.0335 1 5 8 2 1 1 0 0 1 4.0335
13 127.04 98.678 4 4 1 2.5455 1 7 3 1 2 0 0 1 0 2.5455
13 106.52 80.539 3 2 0 0.57739 1 9 3 2 1 1 0 1 0 0.57739
13 125.76 121.82 4 4 1 0.94536 1 7 2 1 2 1 1 1 1 0.94536
13 110.07 78.24 3 3 1 0.72153 1 9 4 1 2 0 0 0 1 0.72153
14 95.503 91.335 3 3 1 4.5714 0 999 999 999 999 999 999 999 999 999
14 60.554 102.81 1 1 1 0.63407 0 999 999 999 999 999 999 999 999 999
14 101.69 61.526 3 2 0 2.0654 0 999 999 999 999 999 999 999 999 999
14 133.69 95.363 4 4 1 0.57725 0 999 999 999 999 999 999 999 999 999
14 107.49 73.017 3 4 0 0.62537 0 999 999 999 999 999 999 999 999 999
14 57.944 86.067 1 1 1 0.54526 1 999 999 999 999 999 999 999 999 999
14 88.911 111.99 1 2 0 1.2653 0 999 999 999 999 999 999 999 999 999
14 135.92 102.89 4 4 1 0.68929 0 999 999 999 999 999 999 999 999 999
14 91.665 134.52 2 3 0 1.6013 1 999 999 999 999 999 999 999 999 999
14 119.77 129.76 2 4 0 0.92942 0 999 999 999 999 999 999 999 999 999
14 150.63 110.12 4 4 1 0.52917 1 999 999 999 999 999 999 999 999 999
14 100.56 63.608 3 3 1 1.3771 1 999 999 999 999 999 999 999 999 999
14 104.3 73.765 3 2 0 0.76955 1 999 999 999 999 999 999 999 999 999
14 135.92 102.89 4 4 1 0.72135 1 999 999 999 999 999 999 999 999 999
14 63.436 97.217 1 1 1 0.52939 1 999 999 999 999 999 999 999 999 999
14 95.636 137.2 2 2 1 0.80108 1 999 999 999 999 999 999 999 999 999
14 135.92 102.89 4 4 1 0.78526 1 999 999 999 999 999 999 999 999 999
14 78.076 113.49 1 3 0 0.81734 1 999 999 999 999 999 999 999 999 999
14 136.19 92.579 4 4 1 0.59333 1 999 999 999 999 999 999 999 999 999
14 83.552 100.23 1 3 0 1.7932 1 999 999 999 999 999 999 999 999 999
14 100.56 63.608 3 2 0 0.64141 1 999 999 999 999 999 999 999 999 999
14 131.82 105.09 4 4 1 0.9295 1 999 999 999 999 999 999 999 999 999
14 129.66 97.568 4 2 0 1.3773 0 999 999 999 999 999 999 999 999 999
14 111.42 99.186 4 3 0 0.57732 0 999 999 999 999 999 999 999 999 999
14 103.82 135.47 2 3 0 1.4094 1 999 999 999 999 999 999 999 999 999
14 103.82 135.47 2 3 0 0.44935 1 999 999 999 999 999 999 999 999 999
14 118.28 113.86 2 2 1 0.80122 1 999 999 999 999 999 999 999 999 999
14 129.56 92.771 4 4 1 0.62535 1 999 999 999 999 999 999 999 999 999
14 87.327 128.14 2 2 1 1.0892 1 999 999 999 999 999 999 999 999 999
14 87.327 128.14 2 3 0 0.25728 0 999 999 999 999 999 999 999 999 999
14 131.82 105.09 4 4 1 0.51345 1 999 999 999 999 999 999 999 999 999
14 80.01 93.568 1 3 0 0.83327 0 999 999 999 999 999 999 999 999 999
14 101.47 133.79 2 2 1 1.1853 1 999 999 999 999 999 999 999 999 999
14 118.28 113.86 2 4 0 3.6335 1 999 999 999 999 999 999 999 999 999
14 129.56 92.771 4 4 1 0.7528 1 999 999 999 999 999 999 999 999 999
14 101.47 133.79 2 3 0 0.80127 1 999 999 999 999 999 999 999 999 999
14 111.42 99.186 4 2 0 1.2816 1 999 999 999 999 999 999 999 999 999
14 104.09 77.578 3 3 1 1.6333 1 999 999 999 999 999 999 999 999 999
14 98.909 147.88 2 2 1 1.3857 1 999 999 999 999 999 999 999 999 999
14 80.01 93.568 1 1 1 0.83327 1 999 999 999 999 999 999 999 999 999
14 136.19 92.579 4 4 1 0.64135 1 999 999 999 999 999 999 999 999 999
14 78.076 113.49 1 2 0 0.65729 1 999 999 999 999 999 999 999 999 999
14 87.327 128.14 2 2 1 0.64133 1 999 999 999 999 999 999 999 999 999
14 98.909 147.88 2 2 1 0.96148 1 999 999 999 999 999 999 999 999 999
14 98.909 147.88 2 2 1 0.44921 1 999 999 999 999 999 999 999 999 999
14 129.66 97.568 4 2 0 0.75329 1 999 999 999 999 999 999 999 999 999
14 119.77 129.76 2 2 1 0.67328 1 999 999 999 999 999 999 999 999 999
14 104.09 77.578 3 3 1 0.81733 1 999 999 999 999 999 999 999 999 999
14 135.92 102.89 4 3 0 0.60936 1 999 999 999 999 999 999 999 999 999
14 122.27 105.71 4 4 1 0.52946 1 999 999 999 999 999 999 999 999 999
15 98.189 133.08 2 3 0 1.147 0 999 999 999 999 999 999 999 999 999
15 109.23 142.8 2 4 0 0.45799 0 999 999 999 999 999 999 999 999 999
15 126.18 98.541 4 4 1 0.86529 0 999 999 999 999 999 999 999 999 999
15 129.27 93.826 4 4 1 0.5933 0 999 999 999 999 999 999 999 999 999
15 67.46 87.9 1 1 1 0.67328 0 999 999 999 999 999 999 999 999 999
15 105.96 66.018 3 2 0 1.0414 0 999 999 999 999 999 999 999 999 999
15 103.9 65.784 3 2 0 0.64128 0 999 999 999 999 999 999 999 999 999
15 113.19 97.663 4 2 0 0.96127 0 999 999 999 999 999 999 999 999 999
15 54.726 101.51 1 1 1 0.60919 0 999 999 999 999 999 999 999 999 999
15 98.189 133.08 2 3 0 1.9693 0 999 999 999 999 999 999 999 999 999
15 115.5 118.31 4 4 1 2.1293 0 999 999 999 999 999 999 999 999 999
15 79.913 90.771 1 3 0 1.5693 0 999 999 999 999 999 999 999 999 999
15 118.45 100.6 4 2 0 1.2175 0 999 999 999 999 999 999 999 999 999
15 127.27 107.77 4 4 1 0.57725 0 999 999 999 999 999 999 999 999 999
15 126.18 98.541 4 4 1 0.68921 0 999 999 999 999 999 999 999 999 999
15 110.89 71.083 3 3 1 1.0894 0 999 999 999 999 999 999 999 999 999
15 79.913 90.771 1 3 0 1.4414 0 999 999 999 999 999 999 999 999 999
15 90.34 82.592 1 2 0 0.60947 0 999 999 999 999 999 999 999 999 999
15 101.08 68.211 3 3 1 0.75324 0 999 999 999 999 999 999 999 999 999
15 94.558 138.82 2 2 1 0.75322 0 999 999 999 999 999 999 999 999 999
15 90.34 82.592 1 3 0 0.83311 0 999 999 999 999 999 999 999 999 999
15 110.89 71.083 3 3 1 0.5454 0 999 999 999 999 999 999 999 999 999
15 90.34 82.592 1 1 1 0.73748 0 999 999 999 999 999 999 999 999 999
15 114.53 50.881 3 3 1 0.76926 0 999 999 999 999 999 999 999 999 999
15 91.41 83.963 3 2 0 0.86529 0 999 999 999 999 999 999 999 999 999
15 90.34 82.592 1 2 0 0.9133 0 999 999 999 999 999 999 999 999 999
15 91.876 119.66 1 2 0 0.72122 0 999 999 999 999 999 999 999 999 999
15 111.12 73.142 3 3 1 0.68936 0 999 999 999 999 999 999 999 999 999
15 108.67 123.72 2 1 0 1.1696 0 999 999 999 999 999 999 999 999 999
15 103.9 65.784 3 2 0 0.49733 0 999 999 999 999 999 999 999 999 999
15 118.45 100.6 4 2 0 0.56131 0 999 999 999 999 999 999 999 999 999
15 110.89 71.083 3 2 0 1.5053 0 999 999 999 999 999 999 999 999 999
15 94.558 138.82 2 4 0 0.8812 0 999 999 999 999 999 999 999 999 999
15 113.19 97.663 4 4 1 0.60926 0 999 999 999 999 999 999 999 999 999
15 65.882 98.299 1 1 1 0.6734 0 999 999 999 999 999 999 999 999 999
15 115.5 118.31 4 4 1 1.2814 0 999 999 999 999 999 999 999 999 999
15 110.02 118.62 2 2 1 0.73727 0 999 999 999 999 999 999 999 999 999
15 106.33 77.799 3 2 0 1.0092 0 999 999 999 999 999 999 999 999 999
15 136.66 83.137 4 4 1 0.76941 0 999 999 999 999 999 999 999 999 999
15 136.66 83.137 4 4 1 0.73732 0 999 999 999 999 999 999 999 999 999
15 118.45 100.6 4 4 1 0.41724 0 999 999 999 999 999 999 999 999 999
15 110.02 118.62 2 4 0 0.46523 0 999 999 999 999 999 999 999 999 999
15 91.876 119.66 1 3 0 0.48124 0 999 999 999 999 999 999 999 999 999
15 90.34 82.592 1 2 0 0.12926 0 999 999 999 999 999 999 999 999 999
15 106.33 77.799 3 3 1 0.72129 0 999 999 999 999 999 999 999 999 999
15 91.876 119.66 1 2 0 1.4093 0 999 999 999 999 999 999 999 999 999
15 101.08 68.211 3 4 0 0.7853 0 999 999 999 999 999 999 999 999 999
15 98.189 133.08 2 2 1 9.0893 0 999 999 999 999 999 999 999 999 999
15 110.89 71.083 3 1 0 2.5291 0 999 999 999 999 999 999 999 999 999
15 127.27 107.77 4 1 0 1.2814 0 999 999 999 999 999 999 999 999 999
16 98.473 65.346 3 3 1 1.6432 0 999 999 999 999 999 999 999 999 999
16 105.35 62.644 3 3 1 0.73084 0 999 999 999 999 999 999 999 999 999
16 100.28 95.028 3 2 0 0.81732 0 999 999 999 999 999 999 999 999 999
16 92.722 115.04 2 1 0 0.68929 0 999 999 999 999 999 999 999 999 999
16 77.928 106.37 1 1 1 0.64128 0 999 999 999 999 999 999 999 999 999
16 81.771 88.289 1 1 1 0.41734 0 999 999 999 999 999 999 999 999 999
16 127.71 88.563 4 4 1 0.5934 0 999 999 999 999 999 999 999 999 999
16 67.698 93.98 1 1 1 0.46541 0 999 999 999 999 999 999 999 999 999
16 121.21 110.85 4 4 1 0.83333 0 999 999 999 999 999 999 999 999 999
16 65.574 88.377 1 1 1 0.4972 0 999 999 999 999 999 999 999 999 999
16 106.96 136.37 2 4 0 0.80117 0 999 999 999 999 999 999 999 999 999
16 103.8 113.04 2 3 0 0.59323 0 999 999 999 999 999 999 999 999 999
16 138.79 131.47 4 4 1 0.43328 0 999 999 999 999 999 999 999 999 999
16 92.722 115.04 2 2 1 0.67332 0 999 999 999 999 999 999 999 999 999
16 96.851 106.67 1 2 0 0.49731 0 999 999 999 999 999 999 999 999 999
16 103.8 113.04 2 2 1 0.91338 0 999 999 999 999 999 999 999 999 999
16 87.638 87.081 1 3 0 0.49705 0 999 999 999 999 999 999 999 999 999
16 106.96 136.37 2 2 1 0.94538 0 999 999 999 999 999 999 999 999 999
16 108.91 71.129 3 1 0 0.59342 0 999 999 999 999 999 999 999 999 999
16 124.01 99.716 4 2 0 0.4813 0 999 999 999 999 999 999 999 999 999
16 140.93 102.4 4 4 1 0.41733 0 999 999 999 999 999 999 999 999 999
16 96.851 106.67 1 2 0 0.57728 0 999 999 999 999 999 999 999 999 999
16 127.71 88.563 4 4 1 0.59323 0 999 999 999 999 999 999 999 999 999
16 96.553 81.297 3 2 0 0.52923 0 999 999 999 999 999 999 999 999 999
16 100.28 95.028 3 4 0 0.60749 0 999 999 999 999 999 999 999 999 999
16 71.147 112.71 1 3 0 0.53761 0 999 999 999 999 999 999 999 999 999
16 108.88 128.38 2 3 0 0.68919 0 999 999 999 999 999 999 999 999 999
16 116.47 106.72 4 4 1 0.78539 0 999 999 999 999 999 999 999 999 999
16 65.574 88.377 1 1 1 0.7214 0 999 999 999 999 999 999 999 999 999
16 96.553 81.297 3 2 0 4.0812 0 999 999 999 999 999 999 999 999 999
16 87.404 87.646 1 3 0 0.64129 0 999 999 999 999 999 999 999 999 999
16 95.479 86.321 3 2 0 0.67327 0 999 999 999 999 999 999 999 999 999
16 98.473 65.346 3 3 1 0.5932 0 999 999 999 999 999 999 999 999 999
16 100.73 143.25 2 2 1 0.57729 0 999 999 999 999 999 999 999 999 999
16 95.479 86.321 3 3 1 0.84933 0 999 999 999 999 999 999 999 999 999
16 96.553 81.297 3 3 1 0.64133 0 999 999 999 999 999 999 999 999 999
16 95.479 86.321 3 3 1 0.43331 0 999 999 999 999 999 999 999 999 999
16 103.8 113.04 2 2 1 0.52938 0 999 999 999 999 999 999 999 999 999
16 96.553 81.297 3 2 0 0.38521 0 999 999 999 999 999 999 999 999 999
16 121.21 110.85 4 2 0 0.51322 0 999 999 999 999 999 999 999 999 999
16 100.73 143.25 2 4 0 1.153 0 999 999 999 999 999 999 999 999 999
16 98.473 65.346 3 3 1 1.2974 0 999 999 999 999 999 999 999 999 999
16 77.928 106.37 1 2 0 1.7933 0 999 999 999 999 999 999 999 999 999
16 116.47 106.72 4 4 1 0.65719 0 999 999 999 999 999 999 999 999 999
16 105.35 62.644 3 3 1 1.2172 0 999 999 999 999 999 999 999 999 999
16 104.87 118.01 2 4 0 1.3775 0 999 999 999 999 999 999 999 999 999
16 138.79 131.47 4 4 1 0.86533 0 999 999 999 999 999 999 999 999 999
16 108.91 71.129 3 4 0 0.54534 0 999 999 999 999 999 999 999 999 999
16 127.71 88.563 4 2 0 0.40124 0 999 999 999 999 999 999 999 999 999
16 104.87 118.01 2 4 0 0.41727 0 999 999 999 999 999 999 999 999 999
17 109.02 86.239 4 3 0 0.63476 0 999 999 999 999 999 999 999 999 999
17 108.87 105.18 4 3 0 0.47332 0 999 999 999 999 999 999 999 999 999
17 148.4 85.785 4 4 1 0.57746 0 999 999 999 999 999 999 999 999 999
17 103.57 129.73 2 2 1 1.2972 0 999 999 999 999 999 999 999 999 999
17 77.653 108.9 1 1 1 0.8653 0 999 999 999 999 999 999 999 999 999
17 113.3 64.704 3 3 1 0.56123 0 999 999 999 999 999 999 999 999 999
17 101.51 134.47 2 2 1 0.72135 0 999 999 999 999 999 999 999 999 999
17 79.833 102.4 1 3 0 0.3853 0 999 999 999 999 999 999 999 999 999
17 77.293 106.22 1 1 1 0.64126 0 999 999 999 999 999 999 999 999 999
17 76.309 95.394 1 1 1 0.59321 0 999 999 999 999 999 999 999 999 999
17 104.68 75.458 3 3 1 2.2734 0 999 999 999 999 999 999 999 999 999
17 98.916 132.06 2 2 1 3.4414 0 999 999 999 999 999 999 999 999 999
17 95.969 71.326 3 3 1 0.72138 0 999 999 999 999 999 999 999 999 999
17 90.263 70.742 3 3 1 0.40132 0 999 999 999 999 999 999 999 999 999
17 123.32 67.354 3 2 0 0.56129 0 999 999 999 999 999 999 999 999 999
17 99.578 107.99 2 3 0 0.35333 0 999 999 999 999 999 999 999 999 999
17 131.93 104.56 4 4 1 0.59334 0 999 999 999 999 999 999 999 999 999
17 119.67 100.05 4 4 1 0.51324 0 999 999 999 999 999 999 999 999 999
17 99.892 128.95 2 2 1 0.56127 0 999 999 999 999 999 999 999 999 999
17 79.833 102.4 1 4 0 0.67335 0 999 999 999 999 999 999 999 999 999
17 101.51 134.47 2 4 0 0.59342 0 999 999 999 999 999 999 999 999 999
17 91.782 126.35 2 3 0 1.6332 0 999 999 999 999 999 999 999 999 999
17 76.309 95.394 1 1 1 0.84942 0 999 999 999 999 999 999 999 999 999
17 99.578 107.99 2 1 0 0.62532 0 999 999 999 999 999 999 999 999 999
17 99.578 107.99 2 2 1 0.64131 0 999 999 999 999 999 999 999 999 999
17 132.47 78.635 4 4 1 1.3293 0 999 999 999 999 999 999 999 999 999
17 98.916 132.06 2 2 1 1.0573 0 999 999 999 999 999 999 999 999 999
17 75.227 92.867 1 3 0 0.81729 0 999 999 999 999 999 999 999 999 999
17 91.782 126.35 2 2 1 0.62535 0 999 999 999 999 999 999 999 999 999
17 101.51 134.47 2 2 1 1.0893 0 999 999 999 999 999 999 999 999 999
17 90.263 70.742 3 2 0 0.6093 0 999 999 999 999 999 999 999 999 999
17 102.56 59.327 3 2 0 0.49722 0 999 999 999 999 999 999 999 999 999
17 77.293 106.22 1 1 1 0.68933 0 999 999 999 999 999 999 999 999 999
17 88.952 115.65 2 1 0 0.65731 0 999 999 999 999 999 999 999 999 999
17 66.984 90.106 1 2 0 0.30525 0 999 999 999 999 999 999 999 999 999
17 76.309 95.394 1 4 0 0.54526 0 999 999 999 999 999 999 999 999 999
17 88.952 115.65 2 3 0 0.56122 0 999 999 999 999 999 999 999 999 999
17 108.87 105.18 4 2 0 0.8333 0 999 999 999 999 999 999 999 999 999
17 131.93 104.56 4 4 1 0.64124 0 999 999 999 999 999 999 999 999 999
17 123.32 67.354 3 3 1 1.1373 0 999 999 999 999 999 999 999 999 999
17 99.578 107.99 2 2 1 0.68949 0 999 999 999 999 999 999 999 999 999
17 102.79 138.9 2 1 0 1.1374 0 999 999 999 999 999 999 999 999 999
17 102.79 138.9 2 2 1 0.9132 0 999 999 999 999 999 999 999 999 999
17 109.02 86.239 4 2 0 1.3773 0 999 999 999 999 999 999 999 999 999
17 119.67 100.05 4 2 0 0.56123 0 999 999 999 999 999 999 999 999 999
17 102.56 59.327 3 3 1 0.9452 0 999 999 999 999 999 999 999 999 999
17 132.47 78.635 4 3 0 10.737 0 999 999 999 999 999 999 999 999 999
17 119.67 100.05 4 3 0 1.8092 0 999 999 999 999 999 999 999 999 999
17 88.952 115.65 2 1 0 1.0733 0 999 999 999 999 999 999 999 999 999
17 66.984 90.106 1 1 1 0.68931 0 999 999 999 999 999 999 999 999 999
