1 90.4904 90.7713 1 2 0 0 6.3338 0 1 0 0.0000 0.0000
1 58.4333 101.9441 1 1 0 1 3.7202 1 1 0 0.0000 0.0000
1 119.9412 80.9812 3 1 0 0 1.3269 0 1 0 0.0000 0.0000
1 94.1701 78.6328 3 3 0 1 2.4394 1 1 0 0.0000 0.0000
1 121.8181 81.1996 4 2 0 0 1.3088 0 1 0 0.0000 0.0000
1 124.0902 118.9130 4 4 0 1 3.4610 1 1 0 0.0000 0.0000
1 114.0655 154.3119 2 1 0 0 1.9235 0 1 0 0.0000 0.0000
1 64.0041 91.5645 1 3 0 0 3.0670 0 1 0 0.0000 0.0000
1 127.5829 95.3633 4 2 0 0 2.7517 0 1 0 0.0000 0.0000
1 118.3561 111.6363 4 1 0 0 1.0526 0 1 0 0.0000 0.0000
1 143.6517 112.9284 4 3 0 0 0.8937 0 1 0 0.0000 0.0000
1 136.1853 96.6623 4 4 0 1 0.5070 1 1 0 0.0000 0.0000
1 100.5722 59.0357 3 1 0 0 3.5027 0 1 0 0.0000 0.0000
1 77.0563 105.1720 1 3 0 0 1.7112 0 1 0 0.0000 0.0000
1 94.4080 49.6970 3 2 0 0 0.4489 0 1 0 0.0000 0.0000
1 65.2252 109.4380 1 2 0 0 1.1708 0 1 0 0.0000 0.0000
1 110.4528 128.4331 2 4 0 0 1.0628 0 1 0 0.0000 0.0000
1 95.1936 94.8259 3 4 0 0 0.9048 0 1 0 0.0000 0.0000
1 97.5037 109.7229 2 3 0 0 0.9983 0 1 0 0.0000 0.0000
1 102.1152 59.2238 3 1 0 0 0.3891 0 1 0 0.0000 0.0000
1 103.7841 117.2437 2 2 0 1 0.2775 1 1 0 0.0000 0.0000
1 95.6356 122.0070 2 2 0 1 0.6263 1 1 0 0.0000 0.0000
1 121.9180 85.3120 4 4 0 1 1.1922 1 1 0 0.0000 0.0000
1 110.7191 120.0225 2 3 0 0 1.5966 0 1 0 0.0000 0.0000
1 78.1565 106.1586 1 2 0 0 1.4662 0 1 0 0.0000 0.0000
1 67.2599 96.2754 1 1 0 1 0.3253 1 1 0 0.0000 0.0000
1 138.7935 110.5281 4 4 0 1 1.1081 1 1 0 0.0000 0.0000
1 80.0384 101.4079 1 1 0 1 2.3432 1 1 0 0.0000 0.0000
1 77.0293 88.6312 1 1 0 1 0.8577 1 1 0 0.0000 0.0000
1 71.7453 107.3721 1 1 0 1 0.8857 1 1 0 0.0000 0.0000
1 60.5538 97.4907 1 1 0 1 0.5789 1 1 0 0.0000 0.0000
1 146.6449 104.1139 4 2 0 0 1.5923 0 1 0 0.0000 0.0000
1 106.8019 73.1424 3 3 0 1 0.7112 1 1 0 0.0000 0.0000
1 104.6776 56.5007 3 3 0 1 0.8475 1 1 0 0.0000 0.0000
1 133.5661 96.3853 4 3 0 0 0.6839 0 1 0 0.0000 0.0000
1 101.5083 136.7463 2 4 0 0 0.3244 0 1 0 0.0000 0.0000
1 129.2654 80.7698 4 4 0 1 0.7227 1 1 0 0.0000 0.0000
1 114.6830 141.2372 2 2 0 1 1.4674 1 1 0 0.0000 0.0000
1 111.7934 125.1150 2 2 0 1 0.7434 1 1 0 0.0000 0.0000
1 94.8067 71.0829 3 1 0 0 1.8734 0 1 0 0.0000 0.0000
1 70.5587 113.6624 1 3 0 0 0.4877 0 1 0 0.0000 0.0000
1 66.9838 90.4158 1 1 0 1 1.2265 1 1 0 0.0000 0.0000
1 70.8464 89.2329 1 1 0 1 1.9041 1 1 0 0.0000 0.0000
1 118.5892 107.7876 2 4 0 0 1.7184 0 1 0 0.0000 0.0000
1 83.5111 127.4984 2 2 0 1 1.8640 1 1 0 0.0000 0.0000
1 104.3078 130.6184 2 3 0 0 1.4225 0 1 0 0.0000 0.0000
1 76.3090 94.5660 1 1 0 1 1.9127 1 1 0 0.0000 0.0000
1 100.2628 126.5816 2 2 0 1 2.0318 1 1 0 0.0000 0.0000
1 104.8713 112.1152 2 2 0 1 0.9539 1 1 0 0.0000 0.0000
1 53.2597 97.6524 1 3 0 0 1.7350 0 1 0 0.0000 0.0000
1 107.2683 82.1691 3 4 0 0 1.2090 0 1 0 0.0000 0.0000
1 80.3630 107.5832 1 2 0 0 0.3498 0 1 0 0.0000 0.0000
1 133.9500 86.6055 4 4 0 1 1.1182 1 1 0 0.0000 0.0000
1 132.4578 93.5496 4 4 0 1 0.6409 1 1 0 0.0000 0.0000
1 69.6587 95.3935 1 1 0 1 0.8554 1 1 0 0.0000 0.0000
1 133.6609 106.8919 4 4 0 1 0.9481 1 1 0 0.0000 0.0000
1 97.3704 74.7911 3 1 0 0 0.9781 0 1 0 0.0000 0.0000
1 143.6140 95.9601 4 4 0 1 1.7136 1 1 0 0.0000 0.0000
1 93.3909 63.3240 3 3 0 1 3.0753 1 1 0 0.0000 0.0000
1 113.0986 110.6975 2 2 0 1 4.5522 1 1 0 0.0000 0.0000
1 99.1364 69.9712 3 3 0 1 2.3239 1 1 0 0.0000 0.0000
1 135.2789 131.4748 4 2 0 0 5.1092 0 1 0 0.0000 0.0000
1 108.1576 121.1709 2 4 0 0 0.6707 0 1 0 0.0000 0.0000
1 87.3135 64.0285 3 1 0 0 1.0306 0 1 0 0.0000 0.0000
1 102.3440 113.0387 2 1 0 0 2.0393 0 1 0 0.0000 0.0000
1 103.5026 142.9016 2 2 0 1 1.0581 1 1 0 0.0000 0.0000
1 110.4730 86.6673 3 3 0 1 2.1477 1 1 0 0.0000 0.0000
1 77.5306 86.0670 1 1 0 1 0.9456 1 1 0 0.0000 0.0000
1 110.0655 62.6440 3 4 0 0 1.3615 0 1 0 0.0000 0.0000
1 103.6137 74.1008 3 1 0 0 1.9460 0 1 0 0.0000 0.0000
1 134.4524 99.3927 4 3 0 0 0.9304 0 1 0 0.0000 0.0000
1 109.0777 102.4331 4 4 0 1 0.8003 1 1 0 0.0000 0.0000
1 98.2451 120.4918 2 2 0 1 4.6341 1 1 0 0.0000 0.0000
1 73.3303 105.7902 1 1 0 1 1.1918 1 1 0 0.0000 0.0000
1 79.9131 104.8711 1 1 0 1 0.8139 1 1 0 0.0000 0.0000
1 95.9898 78.3730 3 3 0 1 4.3292 1 1 0 0.0000 0.0000
1 120.2761 123.7163 2 4 0 0 3.9656 0 1 0 0.0000 0.0000
1 123.5472 93.8877 4 2 0 0 0.6009 0 1 0 0.0000 0.0000
1 91.5616 71.1302 3 1 0 0 1.3268 0 1 0 0.0000 0.0000
1 65.5803 106.6743 1 1 0 1 0.8396 1 1 0 0.0000 0.0000
1 101.1053 71.3264 3 3 0 1 3.7314 1 1 0 0.0000 0.0000
1 78.0881 134.8433 2 1 0 0 4.0882 0 1 0 0.0000 0.0000
1 102.9168 122.0853 2 2 0 1 1.0639 1 1 0 0.0000 0.0000
1 101.3815 73.0170 3 4 0 0 1.4663 0 1 0 0.0000 0.0000
1 114.5281 61.5265 3 4 0 0 1.1414 0 1 0 0.0000 0.0000
1 96.4923 64.0008 3 3 0 1 1.3046 1 1 0 0.0000 0.0000
1 137.0833 98.5415 4 4 0 1 14.7029 1 1 0 0.0000 0.0000
1 74.0931 102.4500 1 1 0 1 1.3592 1 1 0 0.0000 0.0000
1 102.0468 85.1780 3 3 0 1 4.8402 1 1 0 0.0000 0.0000
1 118.4548 107.2515 4 4 0 1 2.2654 1 1 0 0.0000 0.0000
1 109.1853 138.0732 2 2 0 1 1.3530 1 1 0 0.0000 0.0000
1 99.8924 122.9074 2 4 0 0 2.2897 0 1 0 0.0000 0.0000
1 88.6888 98.2993 1 3 0 0 2.0346 0 1 0 0.0000 0.0000
1 86.3785 114.4504 1 2 0 0 0.7486 0 1 0 0.0000 0.0000
1 124.5032 100.2541 4 4 0 1 1.2869 1 1 0 0.0000 0.0000
1 124.0074 108.1929 4 4 0 1 0.9901 1 1 0 0.0000 0.0000
1 114.2944 103.6657 4 4 0 1 0.8133 1 1 0 0.0000 0.0000
1 87.3606 68.2106 3 3 0 1 2.0717 1 1 0 0.0000 0.0000
1 133.2758 109.7255 4 4 0 1 3.7935 1 1 0 0.0000 0.0000
1 104.4554 125.8732 2 2 0 1 2.1367 1 1 0 0.0000 0.0000
2 100.4068 124.7725 2 2 0 1 5.3062 1 1 0 0.0000 0.0000
2 103.6479 80.3249 3 3 0 1 3.2537 1 1 0 0.0000 0.0000
2 73.6712 95.8782 1 1 0 1 0.9430 1 1 0 0.0000 0.0000
2 93.3553 104.9840 1 3 0 0 3.0537 0 1 0 0.0000 0.0000
2 113.2000 100.1867 4 4 0 1 0.8661 1 1 0 0.0000 0.0000
2 104.4290 118.4309 2 4 0 0 1.2621 0 1 0 0.0000 0.0000
2 118.2760 134.3861 2 2 0 1 1.0929 1 1 0 0.0000 0.0000
2 129.3278 121.8224 4 4 0 1 3.5100 1 1 0 0.0000 0.0000
2 73.6090 100.0768 1 1 0 1 1.1253 1 1 0 0.0000 0.0000
2 70.7976 95.5266 1 1 0 1 0.8404 1 1 0 0.0000 0.0000
2 95.0387 77.2566 3 3 0 1 1.3800 1 1 0 0.0000 0.0000
2 107.4212 77.5781 3 3 0 1 2.7975 1 1 0 0.0000 0.0000
2 89.2050 134.1374 2 2 0 1 1.4023 1 1 0 0.0000 0.0000
2 99.0352 89.4037 3 3 0 1 2.6278 1 1 0 0.0000 0.0000
2 67.5129 120.7204 1 1 0 1 0.9250 1 1 0 0.0000 0.0000
2 87.6885 64.6841 3 1 0 0 0.9074 0 1 0 0.0000 0.0000
2 90.9210 64.4163 3 3 0 1 0.6326 1 1 0 0.0000 0.0000
2 134.6237 92.0509 4 4 0 1 2.5744 1 1 0 0.0000 0.0000
2 65.2718 109.8442 1 1 0 1 0.9017 1 1 0 0.0000 0.0000
2 116.6820 143.1406 2 2 0 1 2.3711 1 1 0 0.0000 0.0000
2 132.9935 87.5063 4 4 0 1 4.0062 1 1 0 0.0000 0.0000
2 66.1732 98.4152 1 3 0 0 15.6343 0 1 0 0.0000 0.0000
2 109.2525 147.8820 2 2 0 1 2.0574 1 1 0 0.0000 0.0000
2 104.2406 138.9003 2 2 0 1 4.2924 1 1 0 0.0000 0.0000
2 72.1357 96.4958 1 1 0 1 0.9677 1 1 0 0.0000 0.0000
2 104.7658 137.1957 2 2 0 1 1.1398 1 1 0 0.0000 0.0000
2 114.1970 77.1463 3 4 0 0 1.8644 0 1 0 0.0000 0.0000
2 63.8999 101.5863 1 1 0 1 1.1816 1 1 0 0.0000 0.0000
2 105.3469 62.1127 3 4 0 0 3.2495 0 1 0 0.0000 0.0000
2 68.9197 110.3770 1 1 0 1 1.0984 1 1 0 0.0000 0.0000
2 116.4688 89.7162 4 3 0 0 1.1156 0 1 0 0.0000 0.0000
2 97.8579 128.1863 2 2 0 1 1.0699 1 1 0 0.0000 0.0000
2 102.2557 91.8934 3 4 0 0 3.6477 0 1 0 0.0000 0.0000
2 98.8722 73.9907 3 3 0 1 1.3470 1 1 0 0.0000 0.0000
2 104.8673 128.2429 2 2 0 1 1.3234 1 1 0 0.0000 0.0000
2 70.9801 97.4984 1 1 0 1 2.6265 1 1 0 0.0000 0.0000
2 84.3613 143.2540 2 2 0 1 1.5477 1 1 0 0.0000 0.0000
2 126.1778 99.7698 4 4 0 1 2.0580 1 1 0 0.0000 0.0000
2 106.9334 125.3360 2 2 0 1 1.1569 1 1 0 0.0000 0.0000
2 73.2713 112.1859 1 1 0 1 1.4316 1 1 0 0.0000 0.0000
2 104.7563 75.8659 3 3 0 1 2.2899 1 1 0 0.0000 0.0000
2 92.9046 122.1020 2 4 0 0 1.9383 0 1 0 0.0000 0.0000
2 127.5453 108.7529 4 4 0 1 0.9527 1 1 0 0.0000 0.0000
2 136.6643 105.0332 4 4 0 1 0.9827 1 1 0 0.0000 0.0000
2 77.3297 102.7611 1 1 0 1 1.1259 1 1 0 0.0000 0.0000
2 106.9555 129.7324 2 2 0 1 1.1291 1 1 0 0.0000 0.0000
2 116.9347 101.9188 4 4 0 1 1.4206 1 1 0 0.0000 0.0000
2 107.8802 133.4480 2 2 0 1 1.0326 1 1 0 0.0000 0.0000
2 143.8585 102.7132 4 4 0 1 2.0729 1 1 0 0.0000 0.0000
2 77.6529 103.1860 1 3 0 0 5.3954 0 1 0 0.0000 0.0000
2 88.9087 58.4290 3 3 0 1 1.2209 1 1 0 0.0000 0.0000
2 107.9136 64.3814 3 4 0 0 2.1060 0 1 0 0.0000 0.0000
2 80.1447 103.8121 1 3 0 0 2.2935 0 1 0 0.0000 0.0000
2 71.3646 100.4742 1 1 0 1 0.7425 1 1 0 0.0000 0.0000
2 122.1670 87.2851 4 4 0 1 1.7275 1 1 0 0.0000 0.0000
2 98.0288 118.9963 2 2 0 1 2.6250 1 1 0 0.0000 0.0000
2 124.4760 113.3694 4 2 0 0 0.8584 0 1 0 0.0000 0.0000
2 96.4913 75.5477 3 4 0 0 2.3585 0 1 0 0.0000 0.0000
2 83.5518 92.8667 1 3 0 0 1.5450 0 1 0 0.0000 0.0000
2 98.0184 84.3762 3 4 0 0 0.5825 0 1 0 0.0000 0.0000
2 94.5967 82.4114 3 4 0 0 0.8113 0 1 0 0.0000 0.0000
2 96.2220 119.3550 2 4 0 0 1.1261 0 1 0 0.0000 0.0000
2 116.8400 79.5157 3 3 0 1 0.8882 1 1 0 0.0000 0.0000
2 128.9701 121.7062 4 2 0 0 1.2201 0 1 0 0.0000 0.0000
2 140.8232 100.9438 4 4 0 1 1.3536 1 1 0 0.0000 0.0000
2 129.2816 110.8507 4 4 0 1 2.4179 1 1 0 0.0000 0.0000
2 108.7283 146.0765 2 2 0 1 1.0935 1 1 0 0.0000 0.0000
2 98.2208 65.4573 3 3 0 1 2.2155 1 1 0 0.0000 0.0000
2 87.4933 102.6541 1 3 0 0 2.7102 0 1 0 0.0000 0.0000
2 97.2248 74.9069 3 1 0 0 1.9698 0 1 0 0.0000 0.0000
2 100.3058 142.8041 2 2 0 1 1.0983 1 1 0 0.0000 0.0000
2 122.0819 84.6832 4 3 0 0 3.2288 0 1 0 0.0000 0.0000
2 136.1951 109.8769 4 4 0 1 0.4381 1 1 0 0.0000 0.0000
2 129.2137 95.3005 4 4 0 1 0.6637 1 1 0 0.0000 0.0000
2 131.8167 93.1313 4 4 0 1 0.4313 1 1 0 0.0000 0.0000
2 92.9690 69.1337 3 4 0 0 0.9765 0 1 0 0.0000 0.0000
2 115.6346 88.5311 3 4 0 0 1.3436 0 1 0 0.0000 0.0000
2 121.0435 119.9764 2 2 0 1 1.6236 1 1 0 0.0000 0.0000
2 120.7779 94.1121 4 4 0 1 4.4226 1 1 0 0.0000 0.0000
2 100.4535 75.4099 3 3 0 1 2.6866 1 1 0 0.0000 0.0000
2 105.5005 79.1120 3 3 0 1 2.6994 1 1 0 0.0000 0.0000
2 66.3930 108.7872 1 1 0 1 1.5594 1 1 0 0.0000 0.0000
2 136.0329 94.3559 4 4 0 1 1.9098 1 1 0 0.0000 0.0000
2 135.3254 107.9271 4 4 0 1 0.8622 1 1 0 0.0000 0.0000
2 114.8966 101.9000 4 4 0 1 0.6829 1 1 0 0.0000 0.0000
2 82.7276 60.7880 3 3 0 1 4.4668 1 1 0 0.0000 0.0000
2 93.0298 127.9223 2 4 0 0 3.5651 0 1 0 0.0000 0.0000
2 63.0102 111.5537 1 1 0 1 0.4016 1 1 0 0.0000 0.0000
2 79.8248 110.0313 1 1 0 1 0.5640 1 1 0 0.0000 0.0000
2 92.8701 115.4010 2 1 0 0 0.7124 0 1 0 0.0000 0.0000
2 136.6877 95.0447 4 4 0 1 1.4247 1 1 0 0.0000 0.0000
2 107.6510 124.9763 2 4 0 0 3.5306 0 1 0 0.0000 0.0000
2 55.9682 101.5119 1 1 0 1 0.8587 1 1 0 0.0000 0.0000
2 94.5770 65.3457 3 4 0 0 6.9360 0 1 0 0.0000 0.0000
2 81.9811 122.2044 2 3 0 0 3.6164 0 1 0 0.0000 0.0000
2 105.9102 134.8433 2 2 0 1 1.4753 1 1 0 0.0000 0.0000
2 69.5087 113.4943 1 1 0 1 3.5987 1 1 0 0.0000 0.0000
2 74.4056 94.8732 1 1 0 1 1.2976 1 1 0 0.0000 0.0000
2 61.8078 120.1106 1 1 0 1 4.7282 1 1 0 0.0000 0.0000
2 150.1976 102.3980 4 4 0 1 2.0718 1 1 0 0.0000 0.0000
3 76.5329 94.4930 1 3 0 0 2.4903 0 1 0 0.0000 0.0000
3 107.3375 146.0332 2 2 0 1 2.1650 1 1 0 0.0000 0.0000
3 105.4727 122.0417 2 4 0 0 1.8434 0 1 0 0.0000 0.0000
3 99.7772 123.8030 2 2 0 1 1.0010 1 1 0 0.0000 0.0000
3 99.5780 137.4124 2 2 0 1 1.0325 1 1 0 0.0000 0.0000
3 98.4734 67.9758 3 3 0 1 1.6729 1 1 0 0.0000 0.0000
3 51.4384 108.5347 1 1 0 1 1.2256 1 1 0 0.0000 0.0000
3 98.2771 121.0598 2 2 0 1 3.9191 1 1 0 0.0000 0.0000
3 82.7853 71.5963 3 3 0 1 2.9551 1 1 0 0.0000 0.0000
3 105.2905 110.1930 2 4 0 0 1.0531 0 1 0 0.0000 0.0000
3 108.8706 89.0201 4 4 0 1 1.3423 1 1 0 0.0000 0.0000
3 77.9959 133.3717 2 2 0 1 1.6702 1 1 0 0.0000 0.0000
3 95.9689 62.9362 3 3 0 1 2.1834 1 1 0 0.0000 0.0000
3 67.3771 101.2090 1 1 0 1 2.2765 1 1 0 0.0000 0.0000
3 123.7680 91.1913 4 4 0 1 2.5645 1 1 0 0.0000 0.0000
3 87.4036 103.1563 1 3 0 0 9.8861 0 1 0 0.0000 0.0000
3 111.3216 66.9400 3 3 0 1 2.2912 1 1 0 0.0000 0.0000
3 103.0627 66.6268 3 4 0 0 4.8050 0 1 0 0.0000 0.0000
3 128.0954 100.7774 4 4 0 1 4.2005 1 1 0 0.0000 0.0000
3 125.3602 108.8345 4 4 0 1 0.9899 1 1 0 0.0000 0.0000
3 125.8238 82.1636 4 4 0 1 2.4478 1 1 0 0.0000 0.0000
3 129.5553 104.7185 4 4 0 1 1.5754 1 1 0 0.0000 0.0000
3 87.7027 99.6187 1 4 0 0 1.0805 0 1 0 0.0000 0.0000
3 123.1581 86.3214 3 4 0 0 1.0210 0 1 0 0.0000 0.0000
3 75.8619 108.5506 1 3 0 0 0.4478 0 1 0 0.0000 0.0000
3 131.2836 106.8547 4 4 0 1 1.2505 1 1 0 0.0000 0.0000
3 118.1874 104.7384 4 4 0 1 4.7287 1 1 0 0.0000 0.0000
3 108.9143 79.3603 3 3 0 1 4.4586 1 1 0 0.0000 0.0000
3 84.0640 104.1338 1 1 0 1 1.5896 1 1 0 0.0000 0.0000
3 87.6377 87.8999 1 3 0 0 6.5324 0 1 0 0.0000 0.0000
3 103.7433 91.3476 4 4 0 1 0.9159 1 1 0 0.0000 0.0000
3 122.1147 103.2817 4 4 0 1 3.5568 1 1 0 0.0000 0.0000
3 136.7401 101.5012 4 4 0 1 1.2097 1 1 0 0.0000 0.0000
3 59.6690 94.7477 1 1 0 1 1.4905 1 1 0 0.0000 0.0000
3 104.7419 95.8541 4 4 0 1 1.7125 1 1 0 0.0000 0.0000
3 110.0177 129.0274 2 2 0 1 1.6233 1 1 0 0.0000 0.0000
3 85.6570 87.3307 1 3 0 0 1.6704 0 1 0 0.0000 0.0000
3 108.9303 81.9381 4 4 0 1 0.6790 1 1 0 0.0000 0.0000
3 85.7585 122.9180 2 2 0 1 1.5528 1 1 0 0.0000 0.0000
3 102.5619 50.8807 3 3 0 1 13.0548 1 1 0 0.0000 0.0000
3 101.8314 70.9860 3 4 0 0 3.4921 0 1 0 0.0000 0.0000
3 94.3007 69.4132 3 3 0 1 1.7633 1 1 0 0.0000 0.0000
3 66.1666 70.6993 1 1 0 1 1.2706 1 1 0 0.0000 0.0000
3 98.0313 85.9155 3 4 0 0 4.2519 0 1 0 0.0000 0.0000
3 82.2037 101.0427 1 1 0 1 2.3048 1 1 0 0.0000 0.0000
3 101.4667 116.3394 2 3 0 0 5.8298 0 1 0 0.0000 0.0000
3 109.8450 73.7830 3 3 0 1 1.8099 1 1 0 0.0000 0.0000
3 58.3275 73.3529 1 1 0 1 1.2387 1 1 0 0.0000 0.0000
3 127.0373 102.5313 4 4 0 1 8.9086 1 1 0 0.0000 0.0000
3 107.5018 121.6098 2 4 0 0 17.4540 0 1 1 4.3421 1.0000
3 105.3632 117.7025 2 4 0 0 6.5487 0 1 1 1.3026 1.0000
3 66.8812 103.1281 1 1 0 1 2.2932 1 1 1 0.6506 1.0000
3 112.2636 78.2404 3 3 0 1 3.0156 1 1 1 0.4625 1.0000
3 65.8822 90.4625 1 1 0 1 2.3431 1 1 1 0.6536 1.0000
3 90.9880 115.6455 2 4 0 0 5.4194 0 1 1 3.2960 1.0000
3 42.7977 98.7857 1 1 0 1 2.3698 1 1 1 1.5129 1.0000
3 72.5930 121.4012 1 3 0 0 2.8125 0 1 1 1.8061 1.0000
3 138.1050 78.6352 4 4 0 1 4.0727 1 1 1 1.0836 1.0000
3 108.6715 117.6680 2 4 0 0 5.9242 0 1 1 2.7759 1.0000
3 105.2155 124.7106 2 3 0 0 4.5717 0 1 1 2.1543 1.0000
3 103.4156 75.8864 3 3 0 1 2.7187 1 1 1 2.3022 1.0000
3 63.8414 99.9808 1 1 0 1 1.9744 1 1 1 2.8996 1.0000
3 71.8123 78.3524 1 1 0 1 3.1156 1 1 0 3.1735 0.9286
3 98.9164 142.1705 2 2 0 1 5.6365 1 1 1 3.0550 0.9333
3 84.6467 111.4268 1 3 0 0 2.6018 0 1 1 1.6706 0.9375
3 64.7903 77.3709 1 1 0 1 1.9978 1 1 1 2.1878 0.9412
3 111.2919 71.9448 3 3 0 1 2.0805 1 1 1 3.4392 0.9444
3 133.6930 86.1741 4 3 0 0 2.2764 0 1 1 1.4175 0.9474
3 133.3195 99.7161 4 4 0 1 2.6668 1 1 0 2.0724 0.9000
3 56.4131 94.2644 1 1 0 1 2.5707 1 1 1 3.7189 0.9048
3 131.5554 93.7477 4 3 0 0 5.5393 0 1 1 2.2674 0.9091
3 135.3313 94.3023 4 3 0 0 1.8110 0 1 1 3.7712 0.9130
3 107.3234 140.2796 2 2 0 1 1.8173 1 1 1 1.8261 0.9167
3 101.5544 85.0108 3 3 0 1 2.0135 1 1 0 1.6912 0.8800
3 131.3731 96.3049 4 3 0 0 2.3559 0 1 1 1.6102 0.8846
3 97.1936 128.5897 2 2 0 1 4.0329 1 1 1 1.6195 0.8889
3 138.9301 102.8864 4 3 0 0 3.7702 0 1 1 2.4689 0.8929
3 89.4633 121.3259 2 4 0 0 2.9612 0 1 1 2.0388 0.8966
3 102.9579 73.3276 3 3 0 1 2.7288 1 1 1 4.2963 0.9000
3 80.5237 83.7751 3 3 0 1 6.8037 1 1 1 1.5814 0.9032
3 111.7206 105.1756 4 4 0 1 3.1242 1 1 1 1.0386 0.9063
3 91.9586 81.3687 3 3 0 1 2.9349 1 1 1 5.5640 0.9091
3 107.7094 136.7320 2 2 0 1 2.8560 1 1 1 1.3076 0.9118
3 95.8101 77.8261 3 3 0 1 1.2740 1 1 1 2.0847 0.9143
3 74.1058 102.7346 1 1 0 1 1.5751 1 1 1 1.6098 0.9167
3 93.3562 125.6489 2 4 0 0 3.0398 0 1 1 1.4167 0.9189
3 56.7195 111.4643 1 1 0 1 2.0578 1 1 0 3.8804 0.8947
3 103.5760 77.8437 3 3 0 1 1.9610 1 1 1 1.5573 0.8974
3 96.5532 70.7419 3 3 0 1 4.4423 1 1 1 2.3899 0.9000
3 124.1812 129.4869 4 2 0 0 1.9681 0 1 1 1.0368 0.9024
3 103.5842 78.5183 3 3 0 1 2.3088 1 1 1 1.0819 0.9048
3 110.7196 116.0871 2 4 0 0 5.4426 0 1 1 1.8158 0.9070
3 91.5153 109.5289 2 3 0 0 1.8918 0 1 1 2.0937 0.9091
3 149.8503 85.6629 4 4 0 1 4.8000 1 1 1 2.1813 0.9111
3 105.2428 69.6735 3 3 0 1 2.0104 1 1 1 1.0479 0.9130
3 107.5802 141.2795 2 2 0 1 2.4639 1 1 1 0.8743 0.9149
3 108.8790 128.9527 2 4 0 0 2.4933 0 1 1 1.1427 0.9167
3 71.1848 108.2609 1 1 0 1 1.9054 1 1 1 1.5003 0.9184
3 90.2632 82.8812 3 3 0 1 1.6474 1 1 1 1.0594 0.9200
3 126.1796 107.6207 4 3 0 0 3.0356 0 1 1 1.1553 0.9216
4 84.9137 90.1487 3 3 4 1 3.0626 0 0 1 1.1508 0.9231
4 60.3511 114.3077 1 1 1 1 2.1367 1 0 1 0.9694 0.9245
4 88.9286 109.5578 2 3 2 0 1.9027 0 0 1 1.2094 0.9259
4 67.7185 92.3521 1 1 1 1 2.1974 1 0 1 2.7429 0.9273
4 116.7106 100.2723 4 3 4 0 1.3218 0 0 1 0.8853 0.9286
4 135.9208 94.1744 4 3 2 0 1.8328 0 0 1 1.2981 0.9298
4 88.1528 75.4018 3 3 3 1 4.2874 1 0 0 0.3600 0.9138
4 117.0446 134.5159 2 2 2 1 2.8951 1 0 1 1.0755 0.9153
4 111.1157 67.1623 3 3 4 1 3.0352 0 0 1 1.0910 0.9167
4 115.4950 102.4642 4 4 3 1 4.9236 0 0 1 4.0360 0.9180
4 133.9920 82.4607 4 3 2 0 1.9929 0 0 1 1.4620 0.9194
4 111.1747 126.9010 2 2 3 1 2.0404 0 0 1 4.3911 0.9206
4 122.0531 99.8556 4 4 2 1 2.3407 0 0 1 3.4510 0.9219
4 117.2038 70.5478 3 3 1 1 3.1837 0 0 1 1.9953 0.9231
4 99.0396 118.4244 2 3 1 0 4.4268 0 0 1 1.3209 0.9242
4 111.5165 115.1448 2 2 4 1 3.4472 0 0 1 1.0821 0.9254
4 79.3083 92.6669 1 1 1 1 3.2504 1 0 1 1.5516 0.9265
4 131.2137 109.6500 4 4 4 1 2.7563 1 0 1 1.9886 0.9275
4 123.5975 102.7674 4 3 1 0 3.7321 0 0 1 0.9423 0.9286
4 69.1136 108.5233 1 1 2 1 2.4674 0 0 1 2.3965 0.9296
4 132.5168 79.3665 4 3 1 0 9.0301 0 0 1 0.9537 0.9306
4 91.9884 65.8295 3 3 4 1 1.7428 0 0 1 1.8132 0.9315
4 100.7278 116.5772 2 3 3 0 2.8159 1 0 0 0.9932 0.9189
4 104.9786 107.9879 2 4 4 0 2.2307 1 0 1 1.2894 0.9200
4 93.0651 64.7039 3 3 2 1 1.6875 0 0 1 1.4202 0.9211
4 107.7596 101.6084 4 3 4 0 1.7413 0 0 1 0.9317 0.9221
4 99.8686 69.5788 3 3 2 1 1.5280 0 0 1 1.8492 0.9231
4 111.1212 118.3085 4 4 2 1 3.8935 0 0 1 0.8829 0.9241
4 101.8316 65.4209 3 3 1 1 2.1183 0 0 1 3.0463 0.9250
4 72.5890 103.3064 1 1 4 1 1.4576 0 0 1 1.0412 0.9259
4 91.8422 58.5898 3 3 4 1 2.9210 0 0 1 2.1418 0.9268
4 57.3956 106.8825 1 1 3 1 1.6179 0 0 1 2.2449 0.9277
4 119.8556 94.2118 4 3 4 0 3.5478 0 0 1 7.0898 0.9286
4 91.7822 124.1051 2 4 1 0 3.4607 0 0 1 4.2158 0.9294
4 71.1379 121.6782 1 1 3 1 1.9215 0 0 1 1.6451 0.9302
4 61.9010 110.7270 1 2 2 0 1.7798 1 0 1 1.3234 0.9310
4 140.9303 83.2723 4 4 3 1 2.1537 0 0 0 0.6346 0.9205
4 126.4884 92.9181 4 3 2 0 1.8953 0 0 1 1.1538 0.9213
4 117.2242 127.3864 2 4 3 0 4.7479 0 0 1 1.1357 0.9222
4 94.5523 61.3336 3 3 2 1 1.4816 0 0 1 1.3852 0.9231
4 106.2040 62.1277 3 3 1 1 1.5301 0 0 1 0.9552 0.9239
4 102.1550 55.7520 3 2 4 0 2.0331 0 0 1 1.3111 0.9247
4 74.2789 93.9803 1 2 3 0 1.0531 0 0 1 2.4667 0.9255
4 72.0866 111.0079 1 1 1 1 2.2706 1 0 1 2.5150 0.9263
4 113.0291 96.0229 4 4 1 1 2.3524 0 0 1 1.1105 0.9271
4 84.9633 129.4892 2 1 1 0 2.0956 1 0 1 1.5353 0.9278
4 76.4013 95.2955 1 1 4 1 1.9556 0 0 1 2.0151 0.9286
4 123.5941 102.7619 4 4 2 1 3.4879 0 0 1 1.1711 0.9293
4 78.0756 96.2654 1 1 4 1 1.6619 0 0 1 1.0583 0.9300
4 78.4511 105.1860 1 3 4 0 1.7703 0 0 1 1.0114 0.9307
4 109.0160 110.1222 4 3 1 0 6.4106 0 0 1 1.5133 0.9314
4 143.4742 104.9102 4 2 1 0 1.9648 0 0 1 1.3381 0.9320
4 91.3367 66.3946 3 3 1 1 1.4969 0 0 1 2.2491 0.9327
4 81.7898 111.5385 2 4 3 0 2.2560 0 0 1 1.2512 0.9333
4 88.0723 90.5523 3 4 4 0 1.4719 1 0 1 1.4075 0.9340
4 79.9510 141.1002 2 2 2 1 1.6157 1 0 1 2.3550 0.9346
4 98.2988 66.6219 3 3 3 1 1.6130 1 0 1 5.1044 0.9352
4 84.3642 77.5642 3 3 2 1 1.2486 0 0 1 1.0188 0.9358
4 75.2236 88.3775 1 3 4 0 1.4745 0 0 1 1.1384 0.9364
4 91.6975 118.6216 2 2 3 1 4.0442 0 0 1 1.2148 0.9369
4 107.4892 144.6437 2 4 1 0 2.5873 0 0 1 0.9687 0.9375
4 86.9869 137.7303 2 3 2 0 1.5187 0 0 1 0.9274 0.9381
4 71.1015 89.3096 1 1 3 1 4.2441 0 0 1 1.0990 0.9386
4 129.4991 98.6783 4 4 3 1 2.6279 0 0 1 1.1856 0.9391
4 97.4285 121.9249 2 3 1 0 1.9013 0 0 1 1.5124 0.9397
4 89.9558 64.8627 3 3 3 1 1.2764 1 0 1 2.7431 0.9402
4 108.7611 66.5369 3 3 2 1 2.1547 0 0 1 1.1011 0.9407
4 100.1202 137.3844 2 3 4 0 5.7669 0 0 1 1.3178 0.9412
4 103.2945 76.8177 3 3 1 1 1.3010 0 0 1 0.7686 0.9417
4 99.8400 81.4098 3 3 3 1 1.5042 1 0 1 0.8966 0.9421
4 106.8346 93.8795 4 4 3 1 3.0119 0 0 1 1.4832 0.9426
4 81.6602 102.3989 1 3 4 0 1.6612 0 0 1 0.9940 0.9431
4 95.0812 129.7580 2 2 3 1 1.5124 0 0 1 1.8495 0.9435
4 147.2658 83.1370 4 3 3 0 1.3499 1 0 1 1.4271 0.9440
4 68.8092 92.9212 1 3 3 0 1.2855 1 0 1 1.5210 0.9444
4 55.6794 110.5232 1 1 4 1 1.4618 0 0 1 1.4454 0.9449
4 107.7046 80.5418 3 4 1 0 4.1194 0 0 1 1.7548 0.9453
4 62.6681 107.7355 1 1 1 1 1.2848 1 0 1 1.1192 0.9457
4 145.5079 105.0925 4 2 3 0 2.0252 0 0 1 0.8555 0.9462
4 80.1687 102.4136 1 4 1 0 2.5063 0 0 1 0.7727 0.9466
4 109.8880 115.3438 2 2 1 1 2.1019 0 0 1 1.5418 0.9470
4 123.3151 82.9203 3 3 2 1 3.1469 0 0 1 2.7112 0.9474
4 107.4919 124.2660 2 4 1 0 2.1540 0 0 1 1.2110 0.9478
4 122.3346 91.6734 4 3 4 0 1.7349 0 0 1 1.1493 0.9481
4 75.5032 120.2016 1 1 1 1 1.6556 1 0 1 1.0996 0.9485
4 97.0720 123.3270 2 2 3 1 2.4531 0 0 1 1.1184 0.9489
4 109.2279 139.7944 2 2 4 1 2.0402 0 0 1 1.4791 0.9493
4 88.5654 90.1056 1 4 3 0 2.0738 0 0 1 1.7690 0.9496
4 78.2270 104.3290 1 4 4 0 2.5953 1 0 1 1.9845 0.9500
4 130.3035 108.1081 4 4 1 1 2.5284 0 0 1 1.1953 0.9504
4 74.1195 99.1445 1 3 3 0 3.5272 1 0 1 2.4288 0.9507
4 99.5317 110.2907 2 2 2 1 1.9284 1 0 1 1.2036 0.9510
4 112.0955 90.0869 4 3 1 0 1.8551 0 0 1 1.4171 0.9514
4 92.9462 88.1557 3 1 4 0 1.8027 0 0 1 6.2103 0.9517
4 83.6900 97.7592 1 4 3 0 1.9669 0 0 1 1.6269 0.9521
4 115.8688 77.2415 3 3 3 1 2.0500 1 0 1 2.1300 0.9524
4 119.7651 117.6533 2 3 2 0 6.6617 0 0 1 0.8272 0.9527
4 73.5563 72.2028 3 3 3 1 2.2054 1 0 1 1.1035 0.9530
4 99.8741 116.0471 2 1 1 0 3.3525 1 0 1 2.2169 0.9533
4 120.2365 105.3651 4 4 4 1 1.9828 1 0 1 1.0039 0.9536
5 67.6983 96.7664 1 3 3 0 4.4496 1 0 1 1.1817 0.9539
5 72.9761 91.8513 1 4 2 0 2.4888 0 0 1 1.0900 0.9542
5 109.0030 126.8378 2 3 3 0 2.1228 1 0 1 1.4351 0.9545
5 98.9094 143.2802 2 2 2 1 1.5492 1 0 1 3.4382 0.9548
5 106.6255 68.2164 3 3 4 1 2.3715 0 0 1 1.6102 0.9551
5 90.9566 126.3451 2 2 4 1 2.4161 0 0 1 2.1846 0.9554
5 63.2691 104.2814 1 1 4 1 1.4377 0 0 1 1.0837 0.9557
5 138.1587 109.2010 4 4 1 1 2.8360 0 0 1 0.7747 0.9560
5 89.6707 66.7162 3 3 3 1 2.0875 1 0 1 0.7916 0.9563
5 139.8791 103.1183 4 4 2 1 2.3771 0 0 1 1.0555 0.9565
5 103.4128 73.7752 3 3 3 1 1.6871 1 0 1 2.3642 0.9568
5 122.2716 97.8254 4 3 2 0 1.1904 0 0 1 0.7506 0.9571
5 73.1696 85.1931 1 1 1 1 1.6782 1 0 1 1.0750 0.9573
5 103.5668 102.0057 2 4 3 0 4.0923 0 0 1 1.4700 0.9576
5 95.4788 69.3943 3 3 2 1 4.3679 0 0 1 1.6740 0.9578
5 130.1129 92.5924 4 4 4 1 1.6655 1 0 1 1.2224 0.9581
5 90.9195 50.3999 3 4 2 0 1.6187 0 0 1 1.4614 0.9583
5 130.4596 86.2393 4 3 3 0 1.5598 1 0 1 2.5382 0.9586
5 97.3913 130.7559 2 2 1 1 1.5601 0 0 1 2.8421 0.9588
5 136.3717 93.2697 4 3 4 0 1.4558 0 0 1 0.8469 0.9591
5 136.6421 100.5962 4 3 3 0 1.2496 1 0 1 0.7317 0.9593
5 105.6702 73.1600 3 3 1 1 2.2516 0 0 1 1.5995 0.9595
5 69.4482 106.4665 1 1 4 1 1.4779 0 0 1 1.7339 0.9598
5 112.9909 56.6666 3 3 4 1 1.8879 0 0 1 1.1619 0.9600
5 129.0227 91.0200 4 3 4 0 2.7721 0 0 1 0.6938 0.9602
5 85.6089 129.0267 2 1 3 0 1.3330 0 0 1 1.2646 0.9605
5 78.1628 109.6438 1 4 1 0 2.7336 0 0 1 0.9737 0.9607
5 87.5448 133.7851 2 2 2 1 1.7161 1 0 1 0.9697 0.9609
5 83.8468 132.1807 2 2 4 1 1.4228 0 0 1 1.6768 0.9611
5 121.1033 94.5771 4 3 4 0 1.3333 0 0 1 1.0567 0.9613
5 93.2724 118.2552 2 3 1 0 1.1448 0 0 1 0.7356 0.9615
5 113.7347 110.0741 4 3 1 0 0.9907 0 0 1 1.0259 0.9617
5 80.0327 125.0308 2 1 4 0 1.1451 0 0 1 1.9518 0.9620
5 80.5136 110.9438 1 1 4 1 1.2136 0 0 1 1.0954 0.9622
5 96.1304 74.5303 3 3 1 1 1.9684 0 0 1 1.1005 0.9624
5 112.4084 118.7632 4 2 2 0 1.5579 1 0 1 1.4484 0.9626
5 100.6883 64.5680 3 3 3 1 4.2183 1 0 1 1.0092 0.9628
5 127.2725 101.2891 4 3 2 0 1.7191 0 0 1 1.1491 0.9630
5 105.8389 59.3266 3 3 1 1 4.2470 0 0 1 1.5334 0.9632
5 104.0930 67.8945 3 2 4 0 1.5066 0 0 1 0.8510 0.9634
5 104.9014 118.6219 2 2 3 1 1.3652 0 0 1 0.6270 0.9635
5 95.5324 124.7046 2 2 4 1 1.2633 0 0 1 0.9537 0.9637
5 96.4990 80.8376 3 4 4 0 2.3664 1 0 1 2.7727 0.9639
5 63.8100 110.5574 1 1 2 1 1.4164 0 0 1 1.9424 0.9641
5 90.5905 64.5018 1 3 1 0 8.9486 0 0 0 1.2685 0.9592
5 96.2624 137.6255 2 3 2 0 1.1222 0 0 1 1.0966 0.9594
5 88.5755 154.7110 2 2 2 1 1.4574 1 0 1 0.7842 0.9596
5 75.2274 96.2135 1 3 3 0 1.6965 1 0 1 0.7577 0.9598
5 125.3780 93.6617 4 3 2 0 1.1417 0 0 1 1.1160 0.9600
5 87.7432 121.7098 2 3 2 0 2.5273 0 0 0 0.0000 0.9600
5 75.9614 119.5233 1 1 2 1 2.9024 0 0 0 0.0000 0.9600
5 104.9284 74.3248 3 4 4 0 1.4944 1 0 0 0.0000 0.9600
5 107.7221 122.8525 2 2 2 1 2.0820 1 0 0 0.0000 0.9600
5 104.7584 57.8152 3 3 1 1 0.9416 0 0 0 0.0000 0.9600
5 133.5203 113.6583 4 4 4 1 1.3071 1 0 0 0.0000 0.9600
5 65.6183 91.4331 1 1 4 1 1.5543 0 0 0 0.0000 0.9600
5 93.8110 81.9111 3 3 2 1 1.6799 0 0 0 0.0000 0.9600
5 115.3325 116.7625 2 4 1 0 1.3454 0 0 0 0.0000 0.9600
5 92.5923 132.0602 2 2 1 1 0.9694 0 0 0 0.0000 0.9600
5 56.6860 103.5982 1 1 1 1 1.0318 1 0 0 0.0000 0.9600
5 89.8963 132.1882 2 4 1 0 1.7673 0 0 0 0.0000 0.9600
5 93.9370 62.4624 3 3 4 1 1.4030 0 0 0 0.0000 0.9600
5 52.2791 89.7587 1 1 2 1 1.3645 0 0 0 0.0000 0.9600
5 100.2872 72.8516 3 3 2 1 1.3088 0 0 0 0.0000 0.9600
5 99.2885 68.1986 3 3 1 1 1.0597 0 0 0 0.0000 0.9600
5 131.4001 98.8049 4 4 1 1 1.3164 0 0 0 0.0000 0.9600
5 103.8987 52.9844 3 3 3 1 1.0196 1 0 0 0.0000 0.9600
5 123.5913 90.9964 3 4 1 0 1.0512 0 0 0 0.0000 0.9600
5 127.7091 94.5345 4 3 2 0 1.0036 0 0 0 0.0000 0.9600
5 140.5597 95.9058 4 4 2 1 0.5543 0 0 0 0.0000 0.9600
5 64.6998 97.2169 1 4 2 0 0.3184 0 0 0 0.0000 0.9600
5 102.6554 124.9706 2 4 3 0 0.4919 0 0 0 0.0000 0.9600
5 98.1891 128.3366 2 4 3 0 0.4138 0 0 0 0.0000 0.9600
5 137.3987 90.8951 4 4 3 1 0.2870 0 0 0 0.0000 0.9600
5 96.8514 93.5220 1 3 3 0 0.7966 1 0 0 0.0000 0.9600
5 108.8308 89.4585 3 3 3 1 0.9986 1 0 0 0.0000 0.9600
5 99.2218 84.4636 3 3 2 1 0.7894 0 0 0 0.0000 0.9600
5 96.9975 144.9041 2 2 3 1 0.8790 0 0 0 0.0000 0.9600
5 91.9709 124.1509 2 2 4 1 0.7789 0 0 0 0.0000 0.9600
5 79.8331 109.3147 1 4 2 0 0.9166 0 0 0 0.0000 0.9600
5 127.3768 98.4144 4 2 3 0 0.4013 0 0 0 0.0000 0.9600
5 106.5451 94.5860 4 2 1 0 0.0817 0 0 0 0.0000 0.9600
5 79.1953 108.8968 1 4 1 0 0.2812 0 0 0 0.0000 0.9600
5 100.9880 121.5908 2 4 3 0 0.2789 0 0 0 0.0000 0.9600
5 127.8129 85.9738 4 4 2 1 0.5160 0 0 0 0.0000 0.9600
5 80.3229 104.6976 1 3 1 0 1.1272 0 0 0 0.0000 0.9600
5 74.8396 110.4062 1 1 4 1 1.2575 0 0 0 0.0000 0.9600
5 137.4330 97.0950 4 2 1 0 0.9755 0 0 0 0.0000 0.9600
5 101.5459 83.4905 3 2 3 0 0.9266 0 0 0 0.0000 0.9600
5 113.3018 55.9921 3 2 2 0 1.5638 1 0 0 0.0000 0.9600
5 69.8536 99.2167 1 1 4 1 0.9538 0 0 0 0.0000 0.9600
5 134.8970 112.8241 4 4 3 1 1.0477 0 0 0 0.0000 0.9600
5 122.5304 84.5825 4 3 2 0 2.7117 0 0 0 0.0000 0.9600
5 103.3680 147.2061 2 2 3 1 1.5228 0 0 0 0.0000 0.9600
5 77.2926 99.9871 1 1 2 1 1.0233 0 0 0 0.0000 0.9600
5 68.7974 98.9162 1 4 2 0 1.2952 0 0 0 0.0000 0.9600
5 109.2990 94.7243 4 2 4 0 1.0624 0 0 0 0.0000 0.9600
5 101.9040 83.9635 3 2 1 0 0.8709 0 0 0 0.0000 0.9600
5 66.6809 92.0205 1 1 4 1 1.0756 0 0 0 0.0000 0.9600
5 67.4598 105.3197 1 3 3 0 0.5491 1 0 0 0.0000 0.9600
6 116.2361 104.3239 4 4 4 1 1.2423 1 0 0 0.0000 0.9600
6 102.7899 116.4195 2 3 2 0 3.3120 0 0 0 0.0000 0.9600
6 110.8904 77.7991 3 3 1 1 1.0665 0 0 0 0.0000 0.9600
6 108.4486 68.6553 3 3 4 1 1.0029 0 0 0 0.0000 0.9600
6 81.1348 85.8898 1 4 1 0 1.3061 0 0 0 0.0000 0.9600
6 97.7604 139.6673 2 2 4 1 0.7370 0 0 0 0.0000 0.9600
6 78.5336 135.8575 2 2 4 1 0.4252 0 0 0 0.0000 0.9600
6 65.6660 89.5178 1 1 2 1 0.6020 0 0 0 0.0000 0.9600
6 80.4441 103.3211 1 1 2 1 0.3516 0 0 0 0.0000 0.9600
6 82.0931 84.7054 1 1 2 1 0.4308 0 0 0 0.0000 0.9600
6 59.3703 85.0339 1 3 1 0 0.4155 0 0 0 0.0000 0.9600
6 77.8577 103.2591 1 1 3 1 0.5283 0 0 0 0.0000 0.9600
6 125.0165 87.0374 4 2 1 0 0.2924 0 0 0 0.0000 0.9600
6 119.2084 107.1740 4 3 1 0 0.2747 0 0 0 0.0000 0.9600
6 132.9753 98.2457 4 4 2 1 0.3038 0 0 0 0.0000 0.9600
6 90.6607 114.7931 2 4 2 0 0.2702 0 0 0 0.0000 0.9600
6 67.0568 102.8144 1 3 4 0 0.2669 0 0 0 0.0000 0.9600
6 72.5069 95.0757 1 3 3 0 0.2474 1 0 0 0.0000 0.9600
6 116.6119 107.6445 4 3 1 0 0.2922 0 0 0 0.0000 0.9600
6 113.6511 134.4659 2 4 1 0 0.3217 0 0 0 0.0000 0.9600
6 124.8673 94.9131 4 2 3 0 0.2405 0 0 0 0.0000 0.9600
6 84.6675 102.7472 1 2 1 0 0.1897 0 0 0 0.0000 0.9600
6 125.4987 91.7156 4 4 1 1 0.2977 0 0 0 0.0000 0.9600
6 123.1753 102.4976 4 1 2 0 0.2477 0 0 0 0.0000 0.9600
6 125.7579 107.7674 4 3 1 0 0.2609 0 0 0 0.0000 0.9600
6 103.4926 123.8252 2 4 1 0 0.3856 0 0 0 0.0000 0.9600
6 98.4089 50.5345 3 3 3 1 1.2979 1 0 0 0.0000 0.9600
6 94.9160 127.7004 2 2 2 1 0.9688 1 0 0 0.0000 0.9600
6 133.6424 103.4671 4 4 4 1 1.1267 1 0 0 0.0000 0.9600
6 98.4903 82.6266 3 4 1 0 1.8486 0 0 0 0.0000 0.9600
6 71.8706 91.0002 1 4 3 0 1.3422 0 0 0 0.0000 0.9600
6 64.2303 102.6138 1 1 3 1 0.8702 0 0 0 0.0000 0.9600
6 85.6290 129.7241 2 2 3 1 1.0106 0 0 0 0.0000 0.9600
6 94.5580 127.3204 2 3 3 0 0.4982 1 0 0 0.0000 0.9600
6 110.6893 65.7843 3 3 4 1 1.1084 0 0 0 0.0000 0.9600
6 94.9339 58.1167 3 4 2 0 0.7109 0 0 0 0.0000 0.9600
6 75.6848 119.7178 1 2 4 0 0.3353 0 0 0 0.0000 0.9600
6 92.5239 112.3685 2 2 4 1 0.2869 0 0 0 0.0000 0.9600
6 70.0570 97.8239 1 3 3 0 0.3001 1 0 0 0.0000 0.9600
6 90.7955 75.5635 3 3 3 1 0.5225 1 0 0 0.0000 0.9600
6 96.0057 70.3104 3 3 4 1 0.3508 0 0 0 0.0000 0.9600
6 107.1687 132.0388 2 2 3 1 1.0392 0 0 0 0.0000 0.9600
6 103.2879 70.9612 3 4 1 0 0.4320 0 0 0 0.0000 0.9600
6 124.5032 78.1772 4 3 1 0 0.3224 0 0 0 0.0000 0.9600
6 154.9917 97.4097 4 1 4 0 0.7847 0 0 0 0.0000 0.9600
6 100.6753 135.6078 2 2 3 1 0.2828 0 0 0 0.0000 0.9600
6 67.0555 109.5032 1 2 3 0 0.3126 0 0 0 0.0000 0.9600
6 66.9476 106.2204 1 1 2 1 0.1843 0 0 0 0.0000 0.9600
6 96.1417 70.8354 3 1 2 0 0.3234 0 0 0 0.0000 0.9600
6 129.4118 107.4261 4 4 4 1 0.2746 1 0 0 0.0000 0.9600
6 62.3993 88.2892 1 3 3 0 0.2562 1 0 0 0.0000 0.9600
6 116.9702 92.0839 4 3 4 0 0.7334 0 0 0 0.0000 0.9600
6 100.5643 73.9713 3 3 2 1 1.1589 0 0 0 0.0000 0.9600
6 77.5743 106.8028 1 3 1 0 1.0509 0 0 0 0.0000 0.9600
6 95.8447 83.3202 3 4 3 0 0.3797 0 0 0 0.0000 0.9600
6 107.7403 151.8154 2 2 2 1 0.4433 1 0 0 0.0000 0.9600
6 79.8961 81.1035 3 2 2 0 0.8457 1 0 0 0.0000 0.9600
6 94.4389 74.6188 3 3 2 1 0.3776 0 0 0 0.0000 0.9600
6 93.6008 125.3017 2 4 2 0 0.3140 0 0 0 0.0000 0.9600
6 104.5617 56.6949 3 3 4 1 0.4080 0 0 0 0.0000 0.9600
6 142.5410 96.0239 4 3 3 0 0.4727 1 0 0 0.0000 0.9600
6 91.8763 91.1651 1 3 2 0 0.3947 0 0 0 0.0000 0.9600
6 105.3890 122.3535 2 2 2 1 0.3159 1 0 0 0.0000 0.9600
6 81.3311 81.8530 1 1 2 1 0.4115 0 0 0 0.0000 0.9600
6 100.2263 73.7651 3 2 3 0 0.3011 0 0 0 0.0000 0.9600
6 68.4902 100.3769 1 3 1 0 0.2995 0 0 0 0.0000 0.9600
6 89.2490 78.6219 3 4 2 0 0.2814 0 0 0 0.0000 0.9600
6 120.1177 97.7777 4 3 2 0 0.6786 0 0 0 0.0000 0.9600
6 101.9270 124.9169 2 4 4 0 0.3178 1 0 0 0.0000 0.9600
6 107.2509 127.7588 2 4 3 0 0.5077 0 0 0 0.0000 0.9600
6 105.0474 72.4231 3 2 1 0 0.2558 0 0 0 0.0000 0.9600
6 113.3941 91.5610 4 2 1 0 1.7917 0 0 0 0.0000 0.9600
6 134.5390 105.2827 4 2 2 0 1.1092 1 0 0 0.0000 0.9600
6 86.0869 61.6301 3 1 3 0 1.7208 0 0 0 0.0000 0.9600
6 100.1946 133.4809 2 4 2 0 0.4743 0 0 0 0.0000 0.9600
6 90.7604 118.0055 2 2 1 1 0.4149 0 0 0 0.0000 0.9600
6 95.9064 128.1414 2 3 4 0 0.0488 0 0 0 0.0000 0.9600
6 98.5767 125.9519 2 4 4 0 0.2167 1 0 0 0.0000 0.9600
6 121.3137 98.8788 4 4 4 1 0.4415 1 0 0 0.0000 0.9600
6 102.5889 83.5736 3 4 4 0 0.4295 1 0 0 0.0000 0.9600
6 100.2864 72.4270 3 4 4 0 0.6090 1 0 0 0.0000 0.9600
6 127.7061 107.1893 4 3 3 0 1.2087 1 0 0 0.0000 0.9600
6 119.6669 98.9626 4 3 2 0 0.8634 0 0 0 0.0000 0.9600
6 137.3462 113.9915 4 3 1 0 0.5415 0 0 0 0.0000 0.9600
6 98.1793 69.0923 3 4 4 0 0.2754 1 0 0 0.0000 0.9600
6 124.6191 98.2480 4 4 3 1 0.3393 0 0 0 0.0000 0.9600
6 64.0133 119.6554 1 1 2 1 0.2442 0 0 0 0.0000 0.9600
6 103.3426 114.0996 2 2 1 1 0.5769 0 0 0 0.0000 0.9600
6 103.8216 160.6784 2 3 3 0 0.2629 1 0 0 0.0000 0.9600
6 75.7972 136.1125 2 4 4 0 0.2773 1 0 0 0.0000 0.9600
6 79.9215 80.1434 1 3 1 0 0.3573 0 0 0 0.0000 0.9600
6 104.1968 141.2735 2 4 4 0 0.1017 1 0 0 0.0000 0.9600
6 70.7232 116.5256 1 4 3 0 0.4339 0 0 0 0.0000 0.9600
6 71.9726 116.2312 1 1 4 1 1.8307 0 0 0 0.0000 0.9600
6 65.7857 99.0509 1 2 2 0 0.0919 1 0 0 0.0000 0.9600
6 102.0303 55.2700 3 2 3 0 0.4379 0 0 0 0.0000 0.9600
6 104.3017 71.1701 3 3 4 1 0.3283 0 0 0 0.0000 0.9600
6 100.4483 55.0481 3 4 1 0 0.4247 0 0 0 0.0000 0.9600
6 118.0005 110.7687 4 1 4 0 0.4451 0 0 0 0.0000 0.9600
6 139.6484 97.5681 4 2 1 0 0.0323 0 0 0 0.0000 0.9600
7 123.0373 92.7710 4 3 0 0 0.8260 0 1 0 0.0000 0.9600
7 142.5256 91.5844 4 4 0 1 0.2592 1 1 0 0.0000 0.9600
7 88.9518 121.9229 2 4 0 0 0.2409 0 1 0 0.0000 0.9600
7 112.3647 123.1131 2 4 0 0 0.0311 0 1 0 0.0000 0.9600
7 78.2750 98.0735 1 4 0 0 0.2474 0 1 0 0.0000 0.9600
7 107.6564 76.9826 3 2 0 0 0.0865 0 1 0 0.0000 0.9600
7 63.4358 97.9667 1 3 0 0 0.2405 0 1 0 0.0000 0.9600
7 134.6526 106.7230 4 1 0 0 0.3184 0 1 0 0.0000 0.9600
7 58.3788 84.3613 1 1 0 1 0.2696 1 1 0 0.0000 0.9600
7 88.9937 55.4789 3 2 0 0 0.2516 0 1 0 0.0000 0.9600
7 97.0638 60.2841 3 3 0 1 0.3124 1 1 0 0.0000 0.9600
7 124.8026 92.4396 4 4 0 1 0.3587 1 1 0 0.0000 0.9600
7 76.1655 80.2105 1 4 0 0 0.4547 0 1 0 0.0000 0.9600
7 104.7057 119.4283 2 4 0 0 0.6019 0 1 0 0.0000 0.9600
7 92.7225 150.3744 2 2 0 1 0.4171 1 1 0 0.0000 0.9600
7 80.0097 106.6956 1 2 0 0 0.6271 0 1 0 0.0000 0.9600
7 87.3270 119.1106 2 4 0 0 0.2823 0 1 0 0.0000 0.9600
7 101.6947 71.4132 3 3 0 1 0.2654 1 1 0 0.0000 0.9600
7 133.3841 95.1198 4 3 0 0 0.3434 0 1 0 0.0000 0.9600
7 54.7262 102.9481 1 4 0 0 0.2642 0 1 0 0.0000 0.9600
7 126.8054 79.3947 4 1 0 0 0.3114 0 1 0 0.0000 0.9600
7 85.1726 84.3353 1 2 0 0 0.1982 0 1 0 0.0000 0.9600
7 95.8491 76.6500 3 3 0 1 0.0509 1 1 0 0.0000 0.9600
7 81.3666 54.0435 3 3 0 1 1.1480 1 1 0 0.0000 0.9600
7 110.2706 135.7376 2 4 0 0 0.3854 0 1 0 0.0000 0.9600
7 106.0402 131.1355 2 2 0 1 0.2912 1 1 0 0.0000 0.9600
7 113.0652 114.0933 2 2 0 1 0.8024 1 1 0 0.0000 0.9600
7 69.7773 107.5104 1 2 0 0 0.5748 0 1 0 0.0000 0.9600
7 113.1897 81.5377 4 3 0 0 0.5812 0 1 0 0.0000 0.9600
7 105.9622 87.7261 3 4 0 0 0.4916 0 1 0 0.0000 0.9600
7 82.9178 60.6965 3 1 0 0 0.5772 0 1 0 0.0000 0.9600
7 124.7199 97.3623 4 3 0 0 0.7595 0 1 0 0.0000 0.9600
7 63.4951 112.7103 1 2 0 0 0.6107 0 1 0 0.0000 0.9600
7 108.8770 124.8040 2 1 0 0 0.2974 0 1 0 0.0000 0.9600
7 82.9756 154.2510 2 4 0 0 0.2955 0 1 0 0.0000 0.9600
7 69.0852 87.0812 1 2 0 0 0.4878 0 1 0 0.0000 0.9600
7 76.8107 106.3702 1 3 0 0 0.2838 0 1 0 0.0000 0.9600
7 136.6758 89.3931 4 4 0 1 0.3634 1 1 0 0.0000 0.9600
7 106.5160 71.4494 3 4 0 0 0.2521 0 1 0 0.0000 0.9600
7 141.1648 118.9442 4 3 0 0 0.2502 0 1 0 0.0000 0.9600
7 109.4239 76.8451 3 2 0 0 0.1685 0 1 0 0.0000 0.9600
7 101.1555 128.3788 2 4 0 0 0.4833 0 1 0 0.0000 0.9600
7 87.9524 84.3511 1 1 0 1 0.4556 1 1 0 0.0000 0.9600
7 97.6917 64.1212 3 1 0 0 0.5700 0 1 0 0.0000 0.9600
7 90.7274 115.0446 2 3 0 0 0.3681 0 1 0 0.0000 0.9600
7 65.4832 111.9926 1 2 0 0 0.6244 0 1 0 0.0000 0.9600
7 111.8529 106.1376 4 4 0 1 0.0404 1 1 0 0.0000 0.9600
7 86.1985 132.7623 2 4 0 0 0.3373 0 1 0 0.0000 0.9600
7 101.5874 128.6738 2 3 0 0 0.1143 0 1 0 0.0000 0.9600
7 116.1249 104.1484 4 2 0 0 0.1899 0 1 0 0.0000 0.9600
7 98.0162 72.5907 3 1 0 0 0.3926 0 1 0 0.0000 0.9600
7 86.3858 114.7453 1 3 0 0 0.4251 0 1 0 0.0000 0.9600
7 92.5878 154.2830 2 4 0 0 0.4266 0 1 0 0.0000 0.9600
7 91.9341 128.1148 2 4 0 0 0.6534 0 1 0 0.0000 0.9600
7 64.4745 77.5333 1 3 0 0 0.4058 0 1 0 0.0000 0.9600
7 99.2808 114.3206 2 2 0 1 0.2802 1 1 0 0.0000 0.9600
7 70.1847 112.6640 1 2 0 0 0.4874 0 1 0 0.0000 0.9600
7 99.2293 138.8234 2 1 0 0 0.3469 0 1 0 0.0000 0.9600
7 96.6394 63.9314 3 2 0 0 0.2673 0 1 0 0.0000 0.9600
7 118.3336 94.6428 4 3 0 0 0.1057 0 1 0 0.0000 0.9600
7 112.8966 126.8406 2 4 0 0 0.3068 0 1 0 0.0000 0.9600
7 91.0872 110.3567 2 4 0 0 0.3220 0 1 0 0.0000 0.9600
7 100.2814 82.6420 3 3 0 1 0.2417 1 1 0 0.0000 0.9600
7 79.3883 101.9495 1 3 0 0 0.4160 0 1 0 0.0000 0.9600
7 101.3003 118.2468 2 4 0 0 0.6252 0 1 0 0.0000 0.9600
7 70.9591 107.6042 1 1 0 1 0.4092 1 1 0 0.0000 0.9600
7 86.6962 51.7089 3 1 0 0 0.2507 0 1 0 0.0000 0.9600
7 92.0338 75.2069 3 1 0 0 0.6963 0 1 0 0.0000 0.9600
7 64.4410 99.6203 1 3 0 0 0.4175 0 1 0 0.0000 0.9600
7 87.1385 149.7429 2 2 0 1 0.8990 1 1 0 0.0000 0.9600
7 106.3064 69.9625 3 3 0 1 1.0726 1 1 0 0.0000 0.9600
7 60.9801 93.5680 1 3 0 0 0.8830 0 1 0 0.0000 0.9600
7 80.6127 64.8003 3 3 0 1 0.7530 1 1 0 0.0000 0.9600
7 117.3649 99.6703 4 4 0 1 0.8913 1 1 0 0.0000 0.9600
7 121.4979 110.0468 4 1 0 0 0.9862 0 1 0 0.0000 0.9600
7 136.2692 109.1555 4 4 0 1 0.6181 1 1 0 0.0000 0.9600
7 91.4105 93.8808 3 4 0 0 0.8181 0 1 0 0.0000 0.9600
7 110.4242 97.2032 4 3 0 0 0.5749 0 1 0 0.0000 0.9600
7 74.1213 97.4802 1 1 0 1 1.1576 1 1 0 0.0000 0.9600
7 94.3484 71.3368 3 3 0 1 1.4187 1 1 0 0.0000 0.9600
7 100.6615 138.9520 2 2 0 1 0.8535 1 1 0 0.0000 0.9600
7 116.7455 95.2483 4 4 0 1 1.0260 1 1 0 0.0000 0.9600
7 121.8793 109.9178 4 3 0 0 0.5975 0 1 0 0.0000 0.9600
7 88.8389 138.9016 2 1 0 0 0.4287 0 1 0 0.0000 0.9600
7 97.6390 74.1439 3 2 0 0 0.6403 0 1 0 0.0000 0.9600
7 102.1490 115.6918 4 3 0 0 0.7294 0 1 0 0.0000 0.9600
7 94.4599 89.8636 3 4 0 0 0.2927 0 1 0 0.0000 0.9600
7 93.6683 67.5234 3 1 0 0 0.0038 0 1 0 0.0000 0.9600
7 126.1289 115.0799 4 2 0 0 0.5874 0 1 0 0.0000 0.9600
7 138.9077 109.0262 4 3 0 0 0.2905 0 1 0 0.0000 0.9600
7 64.7926 86.6726 1 4 0 0 0.2565 0 1 0 0.0000 0.9600
7 77.9282 100.4959 1 2 0 0 0.2549 0 1 0 0.0000 0.9600
7 127.1002 108.3619 4 1 0 0 0.2221 0 1 0 0.0000 0.9600
7 109.9944 128.7132 2 1 0 0 0.2832 0 1 0 0.0000 0.9600
7 139.5657 102.7081 4 3 0 0 0.4416 0 1 0 0.0000 0.9600
7 146.5705 88.5627 4 1 0 0 0.3636 0 1 0 0.0000 0.9600
7 103.7936 74.4077 3 2 0 0 0.3012 0 1 0 0.0000 0.9600
7 74.2690 85.7949 1 4 0 0 0.3955 0 1 0 0.0000 0.9600
7 96.0948 76.7071 3 3 0 1 0.3171 1 1 0 0.0000 0.9600
7 68.2180 104.2906 1 3 0 0 0.4287 0 1 0 0.0000 0.9600
8 123.6157 140.5805 2 2 0 1 0.6504 1 1 0 0.0000 0.9600
8 106.6803 75.3501 3 2 0 0 0.4495 0 1 0 0.0000 0.9600
8 97.3481 129.1895 2 4 0 0 0.3718 0 1 0 0.0000 0.9600
8 101.0772 80.8251 3 3 0 1 0.4538 1 1 0 0.0000 0.9600
8 110.5923 67.3542 3 4 0 0 0.4082 0 1 0 0.0000 0.9600
8 90.4349 136.3736 2 2 0 1 0.7294 1 1 0 0.0000 0.9600
8 105.3467 81.1106 3 1 0 0 1.4889 0 1 0 0.0000 0.9600
8 90.9948 70.2116 3 3 0 1 1.0849 1 1 0 0.0000 0.9600
8 113.9239 134.0780 2 2 0 1 0.5593 1 1 0 0.0000 0.9600
8 112.8350 144.2134 2 4 0 0 0.2768 0 1 0 0.0000 0.9600
8 101.1719 119.2859 2 2 0 1 0.5473 1 1 0 0.0000 0.9600
8 39.4733 74.9602 1 1 0 1 0.6484 1 1 0 0.0000 0.9600
8 89.3754 80.2530 3 3 0 1 0.4317 1 1 0 0.0000 0.9600
8 101.9112 68.7101 3 4 0 0 0.2888 0 1 0 0.0000 0.9600
8 90.3402 116.8999 1 1 0 1 0.2716 1 1 0 0.0000 0.9600
8 93.4160 96.6826 1 2 0 0 0.2368 0 1 0 0.0000 0.9600
8 57.9441 87.1006 1 3 0 0 0.0411 0 1 0 0.0000 0.9600
8 75.9152 124.9741 1 3 0 0 0.5295 0 1 0 0.0000 0.9600
8 121.7999 103.9522 4 1 0 0 0.3099 0 1 0 0.0000 0.9600
8 96.4548 124.9745 2 2 0 1 0.5003 1 1 0 0.0000 0.9600
8 120.9845 109.6560 4 4 0 1 0.3279 1 1 0 0.0000 0.9600
8 74.4528 101.6761 1 3 0 0 0.3122 0 1 0 0.0000 0.9600
8 85.5099 78.3823 3 1 0 0 0.3110 0 1 0 0.0000 0.9600
8 125.0520 99.4714 4 2 0 0 0.2618 0 1 0 0.0000 0.9600
8 88.4604 132.3513 2 2 0 1 0.4202 1 1 0 0.0000 0.9600
8 136.5479 103.7805 4 4 0 1 0.9181 1 1 0 0.0000 0.9600
8 114.9372 130.4124 2 2 0 1 0.8050 1 1 0 0.0000 0.9600
8 97.8026 130.4800 2 2 0 1 0.6885 1 1 0 0.0000 0.9600
8 150.6347 101.2032 4 4 0 1 0.8413 1 1 0 0.0000 0.9600
8 95.5026 80.5391 3 4 0 0 0.6305 0 1 0 0.0000 0.9600
8 140.3759 105.7105 4 3 0 0 0.5432 0 1 0 0.0000 0.9600
8 106.4592 68.8722 3 1 0 0 0.6120 0 1 0 0.0000 0.9600
8 95.3532 130.8562 2 2 0 1 1.1303 1 1 0 0.0000 0.9600
8 63.4817 91.5669 1 3 0 0 2.3987 0 1 0 0.0000 0.9600
8 94.7207 105.7847 2 4 0 0 1.2509 0 1 0 0.0000 0.9600
8 77.5715 109.9897 1 4 0 0 0.4451 0 1 0 0.0000 0.9600
8 137.7972 100.4247 4 4 0 1 0.8010 1 1 0 0.0000 0.9600
8 106.9445 67.1810 3 3 0 1 0.9742 1 1 0 0.0000 0.9600
8 122.1071 98.6297 4 1 0 0 0.6698 0 1 0 0.0000 0.9600
8 79.5867 92.3888 1 1 0 1 0.5986 1 1 0 0.0000 0.9600
8 89.6134 63.6083 3 2 0 0 0.7337 0 1 0 0.0000 0.9600
8 105.3527 58.0847 3 3 0 1 0.5849 1 1 0 0.0000 0.9600
8 104.8871 113.3817 2 4 0 0 0.3829 0 1 0 0.0000 0.9600
8 68.0811 97.2900 1 1 0 1 0.2893 1 1 0 0.0000 0.9600
8 132.6607 101.5893 4 2 0 0 0.6248 0 1 0 0.0000 0.9600
8 85.2607 84.4604 1 3 0 0 0.2964 0 1 0 0.0000 0.9600
8 129.6642 100.7962 4 4 0 1 0.0868 1 1 0 0.0000 0.9600
8 136.8027 115.4470 4 4 0 1 0.4184 1 1 0 0.0000 0.9600
8 132.7079 98.4518 4 3 0 0 0.3887 0 1 0 0.0000 0.9600
8 119.6989 106.1292 4 1 0 0 0.3112 0 1 0 0.0000 0.9600
8 92.9179 131.8423 2 1 0 0 0.4056 0 1 0 0.0000 0.9600
8 109.4130 86.6045 3 2 0 0 0.2791 0 1 0 0.0000 0.9600
8 127.9187 108.3813 4 3 0 0 0.5182 0 1 0 0.0000 0.9600
8 90.2395 128.2253 2 4 0 0 0.2499 0 1 0 0.0000 0.9600
8 104.8418 64.5808 3 4 0 0 0.4078 0 1 0 0.0000 0.9600
8 76.2416 107.6445 1 3 0 0 0.2658 0 1 0 0.0000 0.9600
8 86.8404 95.0285 3 2 0 0 0.1030 0 1 0 0.0000 0.9600
8 64.1784 95.8536 1 1 0 1 0.2577 1 1 0 0.0000 0.9600
8 120.2600 88.8269 4 1 0 0 0.6390 0 1 0 0.0000 0.9600
8 117.5010 78.0190 3 2 0 0 0.4870 0 1 0 0.0000 0.9600
8 103.3468 81.9164 3 4 0 0 0.3308 0 1 0 0.0000 0.9600
8 103.9174 117.3660 2 3 0 0 0.2513 0 1 0 0.0000 0.9600
8 105.4858 142.3728 2 3 0 0 0.2969 0 1 0 0.0000 0.9600
8 94.1610 140.3225 2 3 0 0 0.3265 0 1 0 0.0000 0.9600
8 68.5902 111.2368 1 2 0 0 0.3248 0 1 0 0.0000 0.9600
8 71.6742 104.6640 1 1 0 1 0.3084 1 1 0 0.0000 0.9600
8 69.8300 103.9540 1 4 0 0 0.3388 0 1 0 0.0000 0.9600
8 74.0738 99.6458 1 1 0 1 0.4832 1 1 0 0.0000 0.9600
8 95.7718 76.3855 3 3 0 1 0.8391 1 1 0 0.0000 0.9600
8 131.6035 100.0489 4 4 0 1 1.1551 1 1 0 0.0000 0.9600
8 119.7145 97.1257 4 4 0 1 0.5050 1 1 0 0.0000 0.9600
8 148.4004 105.7397 4 4 0 1 0.7014 1 1 0 0.0000 0.9600
8 71.0004 111.1560 1 1 0 1 0.9673 1 1 0 0.0000 0.9600
8 110.6129 128.7154 2 2 0 1 0.7914 1 1 0 0.0000 0.9600
8 101.7649 128.0355 2 2 0 1 0.5466 1 1 0 0.0000 0.9600
8 101.7032 60.1956 3 3 0 1 0.9197 1 1 0 0.0000 0.9600
8 93.9527 116.2486 2 4 0 0 0.5981 0 1 0 0.0000 0.9600
8 71.1468 98.6645 1 4 0 0 0.6212 0 1 0 0.0000 0.9600
8 126.7152 117.4950 4 4 0 1 0.8533 1 1 0 0.0000 0.9600
8 91.6309 131.5931 2 2 0 1 1.0592 1 1 0 0.0000 0.9600
8 94.9933 68.5995 3 3 0 1 0.8220 1 1 0 0.0000 0.9600
8 99.3557 122.9250 2 2 0 1 1.3308 1 1 0 0.0000 0.9600
8 64.3651 104.8376 1 1 0 1 0.7012 1 1 0 0.0000 0.9600
8 135.1553 91.0800 4 2 0 0 0.9335 0 1 0 0.0000 0.9600
8 108.3587 74.9542 3 3 0 1 0.3083 1 1 0 0.0000 0.9600
8 103.0292 121.9929 2 4 0 0 1.6038 0 1 0 0.0000 0.9600
8 82.4519 94.3090 1 3 0 0 1.3970 0 1 0 0.0000 0.9600
8 116.9842 121.0366 4 2 0 0 0.8642 0 1 0 0.0000 0.9600
8 144.1202 106.3873 4 2 0 0 1.3901 0 1 0 0.0000 0.9600
8 71.0679 87.6457 1 3 0 0 0.6329 0 1 0 0.0000 0.9600
8 122.8224 101.7694 4 4 0 1 0.3852 1 1 0 0.0000 0.9600
8 114.5423 65.2524 3 3 0 1 1.0749 1 1 0 0.0000 0.9600
8 84.2333 137.9453 2 2 0 1 0.7905 1 1 0 0.0000 0.9600
8 131.7155 99.7142 4 4 0 1 1.0581 1 1 0 0.0000 0.9600
8 54.5403 100.5869 1 1 0 1 0.8367 1 1 0 0.0000 0.9600
8 64.8654 97.4523 1 3 0 0 2.8982 0 1 0 0.0000 0.9600
8 105.3690 62.3515 3 3 0 1 0.8355 1 1 0 0.0000 0.9600
8 49.0672 104.1744 1 1 0 1 0.8804 1 1 0 0.0000 0.9600
8 136.6960 85.7850 4 3 0 0 0.6551 0 1 0 0.0000 0.9600
8 101.9013 52.5659 3 3 0 1 0.6623 1 1 0 0.0000 0.9600
9 135.8998 87.2633 4 3 0 0 0.7942 0 1 0 0.0000 0.9600
9 129.6425 91.9746 4 2 0 0 0.3414 0 1 0 0.0000 0.9600
9 107.4894 67.7759 3 1 0 0 0.4710 0 1 0 0.0000 0.9600
9 101.4158 66.0176 3 3 0 1 0.4098 1 1 0 0.0000 0.9600
9 88.7273 138.5179 2 4 0 0 0.2509 0 1 0 0.0000 0.9600
9 116.0171 54.0204 3 4 0 0 0.3609 0 1 0 0.0000 0.9600
9 95.0595 146.4255 2 2 0 1 24.4243 1 1 0 0.0000 0.9600
9 128.0394 100.6980 4 3 0 0 0.6578 0 1 0 0.0000 0.9600
9 95.0873 138.8186 2 2 0 1 0.7758 1 1 0 0.0000 0.9600
9 103.3200 134.0606 2 4 0 0 1.5534 0 1 0 0.0000 0.9600
9 103.0445 133.7577 2 2 0 1 0.4954 1 1 0 0.0000 0.9600
9 131.2149 122.0328 4 4 0 1 2.0337 1 1 0 0.0000 0.9600
9 88.6969 141.3633 2 2 0 1 1.1809 1 1 0 0.0000 0.9600
9 76.5790 100.0855 1 3 0 0 1.2021 0 1 0 0.0000 0.9600
9 107.9754 122.2757 2 1 0 0 0.8717 0 1 0 0.0000 0.9600
9 85.8959 100.2280 1 4 0 0 0.5821 0 1 0 0.0000 0.9600
9 94.8941 72.0194 3 3 0 1 0.2532 1 1 0 0.0000 0.9600
9 115.0339 82.6380 3 2 0 0 0.3152 0 1 0 0.0000 0.9600
9 124.2482 90.8835 4 1 0 0 0.4436 0 1 0 0.0000 0.9600
9 131.9336 115.7457 4 4 0 1 0.0307 1 1 0 0.0000 0.9600
9 94.8763 128.9719 2 3 0 0 0.2028 0 1 0 0.0000 0.9600
9 53.1331 82.5922 1 1 0 1 0.2003 1 1 0 0.0000 0.9600
9 94.1668 86.3556 3 3 0 1 1.4126 1 1 0 0.0000 0.9600
9 132.9668 97.6630 4 4 0 1 1.0246 1 1 0 0.0000 0.9600
9 96.6668 66.6565 3 3 0 1 1.7806 1 1 0 0.0000 0.9600
9 75.4131 94.6944 1 3 0 0 2.8573 0 1 0 0.0000 0.9600
9 140.2754 107.0743 4 4 0 1 0.7305 1 1 0 0.0000 0.9600
9 58.2609 103.3889 1 1 0 1 1.3981 1 1 0 0.0000 0.9600
9 95.6192 81.2971 3 3 0 1 1.6316 1 1 0 0.0000 0.9600
9 76.1449 86.4680 1 1 0 1 1.8096 1 1 0 0.0000 0.9600
9 77.0428 103.0216 1 3 0 0 0.9828 0 1 0 0.0000 0.9600
9 128.3816 97.9748 4 4 0 1 0.7916 1 1 0 0.0000 0.9600
9 69.9645 86.5683 1 4 0 0 1.0756 0 1 0 0.0000 0.9600
9 64.8705 105.0281 1 4 0 0 0.9991 0 1 0 0.0000 0.9600
9 93.1776 65.4764 3 3 0 1 0.5683 1 1 0 0.0000 0.9600
9 95.7107 96.6214 1 3 0 0 1.0223 0 1 0 0.0000 0.9600
9 63.6886 99.3253 1 4 0 0 0.1795 0 1 0 0.0000 0.9600
9 126.2764 83.8192 4 1 0 0 0.6095 0 1 0 0.0000 0.9600
9 109.5893 66.1443 3 2 0 0 0.6482 0 1 0 0.0000 0.9600
9 81.9795 108.6904 1 2 0 0 0.4850 0 1 0 0.0000 0.9600
9 110.4685 121.2093 2 2 0 1 0.4345 1 1 0 0.0000 0.9600
9 98.5304 129.2492 2 4 0 0 0.6797 0 1 0 0.0000 0.9600
9 88.1573 69.8247 3 3 0 1 2.0816 1 1 0 0.0000 0.9600
9 79.5622 79.5091 3 3 0 1 0.8473 1 1 0 0.0000 0.9600
9 126.2479 93.8255 4 4 0 1 0.7160 1 1 0 0.0000 0.9600
9 106.3990 126.8403 2 2 0 1 0.6628 1 1 0 0.0000 0.9600
9 91.3928 137.1108 2 2 0 1 0.6101 1 1 0 0.0000 0.9600
9 81.4458 97.6135 1 3 0 0 0.8408 0 1 0 0.0000 0.9600
9 137.0168 95.2159 4 4 0 1 0.5012 1 1 0 0.0000 0.9600
9 116.8181 91.3350 3 4 0 0 0.6808 0 1 0 0.0000 0.9600
