1 90.6607 114.7931 2 3 0 0 2.1950 0 1 0 0.0000 0.0000
1 61.8078 120.1106 1 2 0 0 2.2140 0 1 0 0.0000 0.0000
1 82.4519 94.3090 1 4 0 0 1.0470 0 1 0 0.0000 0.0000
1 119.6669 98.9626 4 1 0 0 0.8258 0 1 0 0.0000 0.0000
1 105.2155 124.7106 2 2 0 1 2.0705 1 1 0 0.0000 0.0000
1 136.5479 103.7805 4 3 0 0 1.0765 0 1 0 0.0000 0.0000
1 101.5544 85.0108 3 4 0 0 0.6633 0 1 0 0.0000 0.0000
1 70.9801 97.4984 1 3 0 0 1.1689 0 1 0 0.0000 0.0000
1 87.7432 121.7098 2 2 0 1 0.8704 1 1 0 0.0000 0.0000
1 69.9645 86.5683 1 1 0 1 1.9092 1 1 0 0.0000 0.0000
1 104.7658 137.1957 2 3 0 0 1.1980 0 1 0 0.0000 0.0000
1 73.3303 105.7902 1 1 0 1 1.0599 1 1 0 0.0000 0.0000
1 96.2624 137.6255 2 4 0 0 0.9030 0 1 0 0.0000 0.0000
1 122.1071 98.6297 4 3 0 0 1.0783 0 1 0 0.0000 0.0000
1 144.1202 106.3873 4 4 0 1 1.2411 1 1 0 0.0000 0.0000
1 103.3468 81.9164 3 3 0 1 1.8094 1 1 0 0.0000 0.0000
1 74.4528 101.6761 1 1 0 1 0.9674 1 1 0 0.0000 0.0000
1 113.7347 110.0741 4 3 0 0 1.7993 0 1 0 0.0000 0.0000
1 68.4902 100.3769 1 1 0 1 1.3890 1 1 0 0.0000 0.0000
1 66.9838 90.4158 1 2 0 0 0.8089 0 1 0 0.0000 0.0000
1 131.3731 96.3049 4 3 0 0 2.0873 0 1 0 0.0000 0.0000
1 98.1793 69.0923 3 3 0 1 1.6680 1 1 0 0.0000 0.0000
1 106.3990 126.8403 2 4 0 0 0.8700 0 1 0 0.0000 0.0000
1 67.3771 101.2090 1 1 0 1 0.9160 1 1 0 0.0000 0.0000
1 119.8556 94.2118 4 4 0 1 1.3315 1 1 0 0.0000 0.0000
1 100.2814 82.6420 3 3 0 1 1.5987 1 1 0 0.0000 0.0000
1 98.8722 73.9907 3 2 0 0 1.2146 0 1 0 0.0000 0.0000
1 112.8966 126.8406 2 3 0 0 1.7182 0 1 0 0.0000 0.0000
1 96.4990 80.8376 3 3 0 1 1.3530 1 1 0 0.0000 0.0000
1 66.3930 108.7872 1 2 0 0 1.2350 0 1 0 0.0000 0.0000
1 109.0777 102.4331 4 4 0 1 1.8829 1 1 0 0.0000 0.0000
1 105.9102 134.8433 2 3 0 0 2.0833 0 1 0 0.0000 0.0000
1 96.6394 63.9314 3 1 0 0 3.5684 0 1 0 0.0000 0.0000
1 100.2628 126.5816 2 3 0 0 2.2119 0 1 0 0.0000 0.0000
1 71.8706 91.0002 1 1 0 1 1.3484 1 1 0 0.0000 0.0000
1 88.0723 90.5523 3 1 0 0 1.1992 0 1 0 0.0000 0.0000
1 122.0531 99.8556 4 4 0 1 1.2703 1 1 0 0.0000 0.0000
1 90.9210 64.4163 3 2 0 0 1.3915 0 1 0 0.0000 0.0000
1 104.7419 95.8541 4 1 0 0 1.7711 0 1 0 0.0000 0.0000
1 154.9917 97.4097 4 4 0 1 1.2491 1 1 0 0.0000 0.0000
1 137.0833 98.5415 4 3 0 0 1.4810 0 1 0 0.0000 0.0000
1 74.1213 97.4802 1 1 0 1 1.3185 1 1 0 0.0000 0.0000
1 131.2149 122.0328 4 4 0 1 0.8486 1 1 0 0.0000 0.0000
1 93.3909 63.3240 3 1 0 0 1.0225 0 1 0 0.0000 0.0000
1 104.8713 112.1152 2 4 0 0 0.7524 0 1 0 0.0000 0.0000
1 110.0177 129.0274 2 3 0 0 1.4676 0 1 0 0.0000 0.0000
1 98.2451 120.4918 2 4 0 0 2.1044 0 1 0 0.0000 0.0000
1 75.2236 88.3775 1 2 0 0 1.8787 0 1 0 0.0000 0.0000
1 148.4004 105.7397 4 4 0 1 1.1051 1 1 0 0.0000 0.0000
1 121.9180 85.3120 4 3 0 0 1.3335 0 1 0 0.0000 0.0000
1 77.0563 105.1720 1 1 0 1 1.2319 1 1 0 0.0000 0.0000
1 96.6668 66.6565 3 2 0 0 1.0306 0 1 0 0.0000 0.0000
1 87.9524 84.3511 1 2 0 0 1.8658 0 1 0 0.0000 0.0000
1 132.7079 98.4518 4 4 0 1 0.7058 1 1 0 0.0000 0.0000
1 104.5617 56.6949 3 1 0 0 1.2758 0 1 0 0.0000 0.0000
1 103.2945 76.8177 3 4 0 0 1.1569 0 1 0 0.0000 0.0000
1 108.1576 121.1709 2 3 0 0 1.3066 0 1 0 0.0000 0.0000
1 88.5654 90.1056 1 2 0 0 1.8445 0 1 0 0.0000 0.0000
1 82.9756 154.2510 2 1 0 0 1.3569 0 1 0 0.0000 0.0000
1 96.9975 144.9041 2 4 0 0 0.9832 0 1 0 0.0000 0.0000
1 112.3647 123.1131 2 4 0 0 0.6807 0 1 0 0.0000 0.0000
1 126.2764 83.8192 4 4 0 1 0.6268 1 1 0 0.0000 0.0000
1 105.4858 142.3728 2 3 0 0 1.9315 0 1 0 0.0000 0.0000
1 105.2428 69.6735 3 4 0 0 1.2367 0 1 0 0.0000 0.0000
1 105.2905 110.1930 2 3 0 0 2.7166 0 1 0 0.0000 0.0000
1 71.0679 87.6457 1 4 0 0 1.4974 0 1 0 0.0000 0.0000
1 60.3511 114.3077 1 1 0 1 1.2718 1 1 0 0.0000 0.0000
1 101.5083 136.7463 2 2 0 1 1.6650 1 1 0 0.0000 0.0000
1 94.9933 68.5995 3 4 0 0 0.8841 0 1 0 0.0000 0.0000
1 89.6134 63.6083 3 4 0 0 1.0265 0 1 0 0.0000 0.0000
1 94.3484 71.3368 3 4 0 0 0.7726 0 1 0 0.0000 0.0000
1 66.1732 98.4152 1 1 0 1 2.5764 1 1 0 0.0000 0.0000
1 135.2789 131.4748 4 4 0 1 0.9704 1 1 0 0.0000 0.0000
1 131.8167 93.1313 4 3 0 0 1.7392 0 1 0 0.0000 0.0000
1 79.9215 80.1434 1 3 0 0 1.9040 0 1 0 0.0000 0.0000
1 100.1202 137.3844 2 2 0 1 1.8479 1 1 0 0.0000 0.0000
1 70.7232 116.5256 1 3 0 0 2.1283 0 1 0 0.0000 0.0000
1 92.0338 75.2069 3 4 0 0 0.9426 0 1 0 0.0000 0.0000
1 113.0652 114.0933 2 4 0 0 1.0390 0 1 0 0.0000 0.0000
1 75.9614 119.5233 1 3 0 0 1.3294 0 1 0 0.0000 0.0000
1 113.0291 96.0229 4 4 0 1 0.8421 1 1 0 0.0000 0.0000
1 97.3704 74.7911 3 3 0 1 0.9838 1 1 0 0.0000 0.0000
1 86.3858 114.7453 1 1 0 1 1.9444 1 1 0 0.0000 0.0000
1 126.7152 117.4950 4 4 0 1 0.7868 1 1 0 0.0000 0.0000
1 92.5923 132.0602 2 2 0 1 1.4708 1 1 0 0.0000 0.0000
1 102.9168 122.0853 2 3 0 0 2.1096 0 1 0 0.0000 0.0000
1 87.3606 68.2106 3 4 0 0 0.7792 0 1 0 0.0000 0.0000
1 67.0555 109.5032 1 4 0 0 1.5903 0 1 0 0.0000 0.0000
1 94.4080 49.6970 3 4 0 0 0.9667 0 1 0 0.0000 0.0000
1 64.8654 97.4523 1 1 0 1 1.0635 1 1 0 0.0000 0.0000
1 115.6346 88.5311 3 4 0 0 1.2266 0 1 0 0.0000 0.0000
1 129.2137 95.3005 4 4 0 1 0.8499 1 1 0 0.0000 0.0000
1 114.2944 103.6657 4 3 0 0 0.8798 0 1 0 0.0000 0.0000
1 94.1610 140.3225 2 2 0 1 1.3098 1 1 0 0.0000 0.0000
1 90.9948 70.2116 3 4 0 0 0.9037 0 1 0 0.0000 0.0000
1 134.4524 99.3927 4 4 0 1 0.8225 1 1 0 0.0000 0.0000
1 98.6420 67.0848 3 1 0 0 1.1717 0 1 0 0.0000 0.0000
1 104.7584 57.8152 3 3 0 1 0.7617 1 1 0 0.0000 0.0000
1 118.5892 107.7876 2 4 0 0 1.5416 0 1 0 0.0000 0.0000
1 111.7206 105.1756 4 4 0 1 0.6132 1 1 0 0.0000 0.0000
2 87.3135 64.0285 3 4 0 0 0.8902 0 1 0 0.0000 0.0000
2 74.2789 93.9803 1 2 0 0 1.1631 0 1 0 0.0000 0.0000
2 132.9668 97.6630 4 4 0 1 0.5764 1 1 0 0.0000 0.0000
2 105.4727 122.0417 2 2 0 1 1.3194 1 1 0 0.0000 0.0000
2 95.8447 83.3202 3 4 0 0 0.9454 0 1 0 0.0000 0.0000
2 106.4592 68.8722 3 4 0 0 0.7854 0 1 0 0.0000 0.0000
2 89.4633 121.3259 2 3 0 0 1.1170 0 1 0 0.0000 0.0000
2 114.0260 71.2138 3 4 0 0 0.7529 0 1 0 0.0000 0.0000
2 109.8880 115.3438 2 4 0 0 0.6038 0 1 0 0.0000 0.0000
2 113.1897 81.5377 4 3 0 0 1.1549 0 1 0 0.0000 0.0000
2 81.4458 97.6135 1 2 0 0 1.2073 0 1 0 0.0000 0.0000
2 124.0074 108.1929 4 4 0 1 0.7197 1 1 0 0.0000 0.0000
2 79.1953 108.8968 1 1 0 1 1.1616 1 1 0 0.0000 0.0000
2 112.4084 118.7632 4 3 0 0 1.1033 0 1 0 0.0000 0.0000
2 39.4733 74.9602 1 2 0 0 1.1876 0 1 0 0.0000 0.0000
2 61.9010 110.7270 1 1 0 1 0.6503 1 1 0 0.0000 0.0000
2 100.4483 55.0481 3 4 0 0 1.1227 0 1 0 0.0000 0.0000
2 76.1655 80.2105 1 4 0 0 0.9998 0 1 0 0.0000 0.0000
2 101.9270 124.9169 2 4 0 0 0.7767 0 1 0 0.0000 0.0000
2 86.8404 95.0285 3 3 0 1 0.9805 1 1 0 0.0000 0.0000
2 124.7199 97.3623 4 4 0 1 0.6135 1 1 0 0.0000 0.0000
2 89.9558 64.8627 3 3 0 1 1.1011 1 1 0 0.0000 0.0000
2 91.9884 65.8295 3 1 0 0 1.5377 0 1 0 0.0000 0.0000
2 127.5829 95.3633 4 4 0 1 0.8005 1 1 0 0.0000 0.0000
2 111.8528 115.5680 2 3 0 0 1.3253 0 1 0 0.0000 0.0000
2 99.1364 69.9712 3 1 0 0 1.1429 0 1 0 0.0000 0.0000
2 108.9143 79.3603 3 3 0 1 1.2608 1 1 0 0.0000 0.0000
2 81.9811 122.2044 2 1 0 0 0.8056 0 1 0 0.0000 0.0000
2 107.2683 82.1691 3 4 0 0 0.9940 0 1 0 0.0000 0.0000
2 136.0329 94.3559 4 4 0 1 0.4024 1 1 0 0.0000 0.0000
2 138.7935 110.5281 4 4 0 1 0.7239 1 1 0 0.0000 0.0000
2 115.3325 116.7625 2 4 0 0 0.6703 0 1 0 0.0000 0.0000
2 75.7972 136.1125 2 1 0 0 1.1586 0 1 0 0.0000 0.0000
2 63.8414 99.9808 1 2 0 0 1.1001 0 1 0 0.0000 0.0000
2 137.4330 97.0950 4 4 0 1 0.7855 1 1 0 0.0000 0.0000
2 103.0627 66.6268 3 3 0 1 1.2445 1 1 0 0.0000 0.0000
2 88.6969 141.3633 2 1 0 0 1.4441 0 1 0 0.0000 0.0000
2 64.4745 77.5333 1 1 0 1 1.2170 1 1 0 0.0000 0.0000
2 103.7841 117.2437 2 2 0 1 0.9833 1 1 0 0.0000 0.0000
2 80.1687 102.4136 1 1 0 1 1.0805 1 1 0 0.0000 0.0000
2 93.3553 104.9840 1 2 0 0 0.8432 0 1 0 0.0000 0.0000
2 64.7926 86.6726 1 2 0 0 1.8008 0 1 0 0.0000 0.0000
2 130.4596 86.2393 4 4 0 1 0.8796 1 1 0 0.0000 0.0000
2 135.4754 103.0953 4 4 0 1 0.7499 1 1 0 0.0000 0.0000
2 99.8741 116.0471 2 3 0 0 1.1128 0 1 0 0.0000 0.0000
2 90.7955 75.5635 3 1 0 0 1.1167 0 1 0 0.0000 0.0000
2 95.8491 76.6500 3 2 0 0 0.8498 0 1 0 0.0000 0.0000
2 100.4535 75.4099 3 3 0 1 0.8650 1 1 0 0.0000 0.0000
2 105.9622 87.7261 3 4 0 0 0.6870 0 1 0 0.0000 0.0000
2 84.0640 104.1338 1 1 0 1 1.1598 1 1 0 0.0000 0.0000
2 69.1136 108.5233 1 2 0 0 1.1978 0 1 0 0.0000 0.0000
2 119.7145 97.1257 4 4 0 1 0.8362 1 1 0 0.0000 0.0000
2 58.3275 73.3529 1 1 0 1 0.8977 1 1 0 0.0000 0.0000
2 100.5722 59.0357 3 3 0 1 0.5929 1 1 0 0.0000 0.0000
2 77.9959 133.3717 2 3 0 0 0.7436 0 1 0 0.0000 0.0000
2 111.4199 105.7905 4 4 0 1 0.4984 1 1 0 0.0000 0.0000
2 71.7453 107.3721 1 1 0 1 0.6628 1 1 0 0.0000 0.0000
2 121.7999 103.9522 4 4 0 1 0.4476 1 1 0 0.0000 0.0000
2 80.3229 104.6976 1 1 0 1 0.9308 1 1 0 0.0000 0.0000
2 80.0327 125.0308 2 2 0 1 1.0103 1 1 0 0.0000 0.0000
2 94.9339 58.1167 3 3 0 1 1.6674 1 1 0 0.0000 0.0000
2 67.7185 92.3521 1 2 0 0 1.1259 0 1 0 0.0000 0.0000
2 128.0954 100.7774 4 4 0 1 0.7458 1 1 0 0.0000 0.0000
2 124.8673 94.9131 4 3 0 0 0.9007 0 1 0 0.0000 0.0000
2 72.9761 91.8513 1 3 0 0 0.6123 0 1 0 0.0000 0.0000
2 55.9682 101.5119 1 2 0 0 0.9566 0 1 0 0.0000 0.0000
2 56.4131 94.2644 1 1 0 1 1.1814 1 1 0 0.0000 0.0000
2 110.4730 86.6673 3 4 0 0 0.6589 0 1 0 0.0000 0.0000
2 90.7604 118.0055 2 1 0 0 1.3393 0 1 0 0.0000 0.0000
2 103.6137 74.1008 3 4 0 0 1.1253 0 1 0 0.0000 0.0000
2 108.8790 128.9527 2 4 0 0 0.4741 0 1 0 0.0000 0.0000
2 106.6255 68.2164 3 4 0 0 0.6224 0 1 0 0.0000 0.0000
2 94.9039 108.7768 2 4 0 0 0.6940 0 1 0 0.0000 0.0000
2 107.4894 67.7759 3 3 0 1 0.6227 1 1 0 0.0000 0.0000
2 140.1412 112.9269 4 4 0 1 0.5983 1 1 0 0.0000 0.0000
2 133.6930 86.1741 4 4 0 1 0.6535 1 1 0 0.0000 0.0000
2 104.7057 119.4283 2 3 0 0 1.0775 0 1 0 0.0000 0.0000
2 116.6820 143.1406 2 1 0 0 1.3203 0 1 0 0.0000 0.0000
2 75.6848 119.7178 1 2 0 0 0.7214 0 1 0 0.0000 0.0000
2 127.9187 108.3813 4 4 0 1 0.5734 1 1 0 0.0000 0.0000
2 113.7865 95.2948 3 3 0 1 0.9957 1 1 0 0.0000 0.0000
2 101.1555 128.3788 2 1 0 0 1.2210 0 1 0 0.0000 0.0000
2 83.8468 132.1807 2 2 0 1 1.1646 1 1 0 0.0000 0.0000
2 88.6888 98.2993 1 2 0 0 1.1393 0 1 0 0.0000 0.0000
2 71.1848 108.2609 1 1 0 1 1.1604 1 1 0 0.0000 0.0000
2 109.2279 139.7944 2 3 0 0 0.9741 0 1 0 0.0000 0.0000
2 136.1951 109.8769 4 4 0 1 0.6712 1 1 0 0.0000 0.0000
2 121.8793 109.9178 4 3 0 0 1.2880 0 1 0 0.0000 0.0000
2 85.8959 100.2280 1 1 0 1 1.0239 1 1 0 0.0000 0.0000
2 125.3780 93.6617 4 4 0 1 0.9463 1 1 0 0.0000 0.0000
2 133.2758 109.7255 4 3 0 0 1.2338 0 1 0 0.0000 0.0000
2 103.5026 142.9016 2 1 0 0 0.9198 0 1 0 0.0000 0.0000
2 113.3018 55.9921 3 4 0 0 0.7430 0 1 0 0.0000 0.0000
2 100.4068 124.7725 2 3 0 0 1.1058 0 1 0 0.0000 0.0000
2 135.3254 107.9271 4 4 0 1 0.7578 1 1 0 0.0000 0.0000
2 109.9944 128.7132 2 1 0 0 1.1049 0 1 0 0.0000 0.0000
2 136.6421 100.5962 4 4 0 1 0.7258 1 1 0 0.0000 0.0000
2 103.8216 160.6784 2 2 0 1 0.9280 1 1 0 0.0000 0.0000
2 65.4832 111.9926 1 1 0 1 0.9913 1 1 0 0.0000 0.0000
2 83.2440 87.2348 3 3 0 1 1.0408 1 1 0 0.0000 0.0000
3 96.4923 64.0008 3 4 0 0 0.8742 0 1 0 0.0000 0.0000
3 108.8308 89.4585 3 3 0 1 0.9092 1 1 0 0.0000 0.0000
3 90.7772 75.4578 3 1 0 0 0.9247 0 1 0 0.0000 0.0000
3 116.7106 100.2723 4 4 0 1 0.8276 1 1 0 0.0000 0.0000
3 132.6607 101.5893 4 4 0 1 0.7123 1 1 0 0.0000 0.0000
3 95.7107 96.6214 1 1 0 1 0.9463 1 1 0 0.0000 0.0000
3 73.9319 114.8849 1 2 0 0 0.8498 0 1 0 0.0000 0.0000
3 98.9094 143.2802 2 2 0 1 1.3274 1 1 0 0.0000 0.0000
3 133.6609 106.8919 4 4 0 1 0.6014 1 1 0 0.0000 0.0000
3 96.4913 75.5477 3 1 0 0 0.9286 0 1 0 0.0000 0.0000
3 98.0162 72.5907 3 3 0 1 0.7994 1 1 0 0.0000 0.0000
3 54.7262 102.9481 1 2 0 0 0.9725 0 1 0 0.0000 0.0000
3 98.4089 50.5345 3 4 0 0 0.9265 0 1 0 0.0000 0.0000
3 95.0812 129.7580 2 2 0 1 1.5820 1 1 0 0.0000 0.0000
3 110.7191 120.0225 2 3 0 0 1.3580 0 1 0 0.0000 0.0000
3 70.0570 97.8239 1 1 0 1 0.9520 1 1 0 0.0000 0.0000
3 94.3007 69.4132 3 2 0 0 0.9671 0 1 0 0.0000 0.0000
3 123.1753 102.4976 4 4 0 1 0.4879 1 1 0 0.0000 0.0000
3 116.6119 107.6445 4 4 0 1 0.9395 1 1 0 0.0000 0.0000
3 110.7196 116.0871 2 4 0 0 0.8739 0 1 0 0.0000 0.0000
3 96.5532 70.7419 3 3 0 1 1.2235 1 1 0 0.0000 0.0000
3 105.3690 62.3515 3 3 0 1 1.1027 1 1 0 0.0000 0.0000
3 118.0005 110.7687 4 4 0 1 0.6906 1 1 0 0.0000 0.0000
3 109.2525 147.8820 2 1 0 0 1.4834 0 1 0 0.0000 0.0000
3 117.2038 70.5478 3 4 0 0 0.8886 0 1 0 0.0000 0.0000
3 103.9174 117.3660 2 3 0 0 0.8709 0 1 0 0.0000 0.0000
3 116.9842 121.0366 4 2 0 0 0.8529 0 1 0 0.0000 0.0000
3 106.0402 131.1355 2 1 0 0 0.9793 0 1 0 0.0000 0.0000
3 139.5657 102.7081 4 4 0 1 0.4841 1 1 0 0.0000 0.0000
3 124.4760 113.3694 4 4 0 1 0.6320 1 1 0 0.0000 0.0000
3 107.3234 140.2796 2 3 0 0 1.3272 0 1 0 0.0000 0.0000
3 93.4160 96.6826 1 3 0 0 0.9847 0 1 0 0.0000 0.0000
3 88.9937 55.4789 3 3 0 1 0.7936 1 1 0 0.0000 0.0000
3 103.5668 102.0057 2 3 0 0 1.1095 0 1 0 0.0000 0.0000
3 56.5795 97.8917 1 2 0 0 1.0495 0 1 0 0.0000 0.0000
3 52.2791 89.7587 1 1 0 1 0.8294 1 1 0 0.0000 0.0000
3 59.3703 85.0339 1 1 0 1 0.7619 1 1 0 0.0000 0.0000
3 141.1648 118.9442 4 4 0 1 1.3002 1 1 0 0.0000 0.0000
3 110.4242 97.2032 4 3 0 0 0.9902 0 1 0 0.0000 0.0000
3 131.5554 93.7477 4 4 0 1 0.6874 1 1 0 0.0000 0.0000
3 101.3003 118.2468 2 3 0 0 1.0965 0 1 0 0.0000 0.0000
3 78.5336 135.8575 2 1 0 0 0.9077 0 1 0 0.0000 0.0000
3 91.3367 66.3946 3 2 0 0 0.7945 0 1 0 0.0000 0.0000
3 69.6587 95.3935 1 1 0 1 1.1424 1 1 0 0.0000 0.0000
3 100.2864 72.4270 3 3 0 1 1.3547 1 1 0 0.0000 0.0000
3 131.2836 106.8547 4 4 0 1 0.6132 1 1 0 0.0000 0.0000
3 112.8350 144.2134 2 1 0 0 1.5316 0 1 0 0.0000 0.0000
3 85.6089 129.0267 2 2 0 1 0.8747 1 1 0 0.0000 0.0000
3 79.5867 92.3888 1 3 0 0 1.2239 0 1 0 0.0000 0.0000
3 101.9040 83.9635 3 4 0 0 8.3249 0 1 0 1.3479 0.0000
3 101.9013 52.5659 3 3 0 1 6.2638 1 1 1 5.6360 0.5000
3 64.2303 102.6138 1 1 0 1 5.1869 1 1 1 3.5717 0.6667
3 86.9869 137.7303 2 4 0 0 3.7745 0 1 1 3.4504 0.7500
3 57.9441 87.1006 1 4 0 0 2.5604 0 1 1 2.0931 0.8000
3 66.8812 103.1281 1 2 0 0 2.8796 0 1 1 1.8768 0.8333
3 72.5930 121.4012 1 4 0 0 4.0663 0 1 1 1.8458 0.8571
3 76.2416 107.6445 1 4 0 0 1.6673 0 1 1 2.4737 0.8750
3 96.1414 112.7962 2 4 0 0 2.4230 0 1 1 1.8561 0.8889
3 77.0428 103.0216 1 4 0 0 2.6373 0 1 1 1.7884 0.9000
3 123.7680 91.1913 4 4 0 1 1.8644 1 1 1 3.8279 0.9091
3 126.8054 79.3947 4 4 0 1 1.3808 1 1 1 1.4119 0.9167
3 102.0303 55.2700 3 4 0 0 1.3335 0 1 1 2.0354 0.9231
3 101.1719 119.2859 2 3 0 0 2.2455 0 1 1 4.1541 0.9286
3 94.8763 128.9719 2 1 0 0 3.5077 0 1 0 5.3532 0.8667
3 125.3602 108.8345 4 4 0 1 1.9204 1 1 1 1.8208 0.8750
3 97.8026 130.4800 2 4 0 0 3.3051 0 1 1 7.8496 0.8824
3 90.7274 115.0446 2 4 0 0 1.8270 0 1 1 1.5174 0.8889
3 93.8110 81.9111 3 4 0 0 1.4114 0 1 1 2.4193 0.8947
3 104.8418 64.5808 3 4 0 0 1.1986 0 1 1 1.3689 0.9000
3 93.6008 125.3017 2 4 0 0 2.5225 0 1 1 1.3512 0.9048
3 61.1240 86.3064 1 4 0 0 1.1281 0 1 1 2.2575 0.9091
3 121.2142 99.1859 4 4 0 1 1.0007 1 1 1 1.6944 0.9130
3 101.8316 65.4209 3 4 0 0 1.1764 0 1 1 2.7538 0.9167
3 97.6917 64.1212 3 4 0 0 1.4307 0 1 1 1.4630 0.9200
3 65.5803 106.6743 1 4 0 0 0.9071 0 1 1 3.0537 0.9231
3 99.0396 118.4244 2 4 0 0 0.8742 0 1 1 1.2601 0.9259
3 65.7857 99.0509 1 4 0 0 0.4901 0 1 1 1.5392 0.9286
3 100.6883 64.5680 3 4 0 0 0.8725 0 1 1 0.9703 0.9310
3 121.1033 94.5771 4 4 0 1 0.2745 1 1 1 2.7099 0.9333
3 101.7707 60.4127 3 4 0 0 1.7527 0 1 0 1.9054 0.9032
3 90.4904 90.7713 1 4 0 0 1.2323 0 1 1 1.4837 0.9063
3 74.4056 94.8732 1 4 0 0 0.9443 0 1 1 1.6685 0.9091
3 88.9087 58.4290 3 4 0 0 0.3338 0 1 1 4.3228 0.9118
3 129.2816 110.8507 4 4 0 1 0.8794 1 1 1 1.0901 0.9143
3 107.6564 76.9826 3 4 0 0 1.4052 0 1 1 2.6847 0.9167
3 135.1553 91.0800 4 4 0 1 0.9919 1 1 1 1.1095 0.9189
3 58.2609 103.3889 1 4 0 0 0.1282 0 1 1 1.6795 0.9211
3 88.7273 138.5179 2 4 0 0 0.4572 0 1 1 2.1286 0.9231
3 127.5453 108.7529 4 4 0 1 0.4859 1 1 1 2.7502 0.9250
3 108.6715 117.6680 2 4 0 0 0.8038 0 1 1 1.3965 0.9268
3 88.9110 106.8961 1 4 0 0 0.3742 0 1 1 4.3311 0.9286
3 129.3278 121.8224 4 4 0 1 0.5367 1 1 0 1.6189 0.9070
3 136.6877 95.0447 4 4 0 1 3.0987 1 1 1 1.5099 0.9091
3 74.1058 102.7346 1 4 0 0 1.3399 0 1 1 1.8979 0.9111
3 129.2654 80.7698 4 4 0 1 0.9854 1 1 1 1.1182 0.9130
3 92.5239 112.3685 2 4 0 0 0.8890 0 1 1 1.4674 0.9149
3 107.4892 144.6437 2 4 0 0 0.6248 0 1 1 1.9805 0.9167
3 124.6191 98.2480 4 4 0 1 0.9896 1 1 1 0.8988 0.9184
3 65.8822 90.4625 1 4 0 0 2.1208 0 1 1 1.1628 0.9200
3 97.6390 74.1439 3 4 0 0 0.7277 0 1 0 1.0935 0.9020
4 71.8123 78.3524 1 4 1 0 1.8411 0 0 1 5.7556 0.9038
4 75.2274 96.2135 1 4 2 0 1.6773 0 0 1 0.9801 0.9057
4 80.4441 103.3211 1 4 1 0 1.3085 0 0 1 1.0177 0.9074
4 138.9301 102.8864 4 4 4 1 1.1228 1 0 1 0.9873 0.9091
4 102.6554 124.9706 2 4 4 0 0.2260 1 0 1 0.5956 0.9107
4 78.4511 105.1860 1 4 2 0 0.4498 0 0 1 0.5212 0.9123
4 118.4548 107.2515 4 4 2 1 0.6285 0 0 1 2.5282 0.9138
4 107.5018 121.6098 2 4 3 0 0.3023 0 0 1 0.8814 0.9153
4 87.4933 102.6541 1 4 3 0 0.4712 0 0 1 0.8790 0.9167
4 116.8400 79.5157 3 4 3 0 0.2446 0 0 1 1.7501 0.9180
4 98.5767 125.9519 2 4 4 0 0.6101 1 0 1 1.0849 0.9194
4 75.8619 108.5506 1 4 2 0 0.6790 0 0 1 1.8925 0.9206
4 108.7283 146.0765 2 4 1 0 1.1545 0 0 1 0.8748 0.9219
4 125.0520 99.4714 4 4 4 1 0.6549 1 0 1 1.4028 0.9231
4 133.5203 113.6583 4 4 1 1 0.5084 0 0 1 0.8688 0.9242
4 114.5281 61.5265 3 4 2 0 0.3292 0 0 0 1.8210 0.9104
4 123.5975 102.7674 4 4 1 1 1.0820 0 0 0 0.9606 0.8971
4 99.2218 84.4636 3 4 1 0 0.5197 0 0 1 2.4486 0.8986
4 117.0446 134.5159 2 4 4 0 0.6855 1 0 1 1.3069 0.9000
4 140.2754 107.0743 4 4 1 1 0.6192 0 0 1 2.0553 0.9014
4 72.5069 95.0757 1 4 1 0 0.3291 0 0 1 1.1489 0.9028
4 88.1573 69.8247 3 4 3 0 0.2644 0 0 1 1.1788 0.9041
4 101.7032 60.1956 3 4 2 0 0.3747 0 0 1 1.7555 0.9054
4 101.6947 71.4132 3 4 4 0 0.2623 1 0 0 1.8651 0.8933
4 121.8181 81.1996 4 4 1 1 0.7272 0 0 1 1.4463 0.8947
4 74.0738 99.6458 1 4 1 0 0.3139 0 0 1 1.9177 0.8961
4 70.1847 112.6640 1 4 2 0 0.2851 0 0 1 3.6316 0.8974
4 101.5459 83.4905 3 4 2 0 0.3634 0 0 1 1.5201 0.8987
4 107.7403 151.8154 2 4 2 0 0.2613 0 0 1 0.9188 0.9000
4 94.2845 48.6109 3 4 1 0 0.7805 0 0 1 1.2116 0.9012
4 64.6998 97.2169 1 4 4 0 0.3610 1 0 1 1.3891 0.9024
4 100.2263 73.7651 3 4 2 0 0.2229 0 0 0 2.6559 0.8916
4 70.8464 89.2329 1 4 4 0 0.2584 1 0 1 1.5090 0.8929
4 93.3562 125.6489 2 4 3 0 0.2661 0 0 1 0.8283 0.8941
4 63.6398 102.4741 1 4 1 0 0.6238 0 0 1 1.3870 0.8953
4 87.1385 149.7429 2 4 4 0 0.2685 1 0 1 1.2477 0.8966
4 135.8998 87.2633 4 4 1 1 0.8461 0 0 1 1.2149 0.8977
4 65.2718 109.8442 1 4 1 0 0.3810 0 0 1 2.0983 0.8989
4 76.8107 106.3702 1 4 4 0 0.8052 1 0 1 1.5732 0.9000
4 114.5423 65.2524 3 4 2 0 0.2992 0 0 1 0.8792 0.9011
4 132.7261 92.5790 4 4 1 1 1.2364 0 0 1 0.7994 0.9022
4 91.6975 118.6216 2 4 2 0 0.0823 0 0 1 5.9676 0.9032
4 138.1050 78.6352 4 4 1 1 0.2785 0 0 1 1.1130 0.9043
4 90.9195 50.3999 3 4 1 0 0.2273 0 0 1 0.8373 0.9053
4 81.3666 54.0435 3 4 2 0 0.1689 0 0 1 1.4328 0.9063
4 101.3815 73.0170 3 4 4 0 0.5401 1 0 1 0.7252 0.9072
4 107.3375 146.0332 2 4 4 0 0.1345 1 0 1 2.2607 0.9082
4 68.7974 98.9162 1 4 2 0 0.2524 0 0 1 1.3267 0.9091
4 124.5032 100.2541 4 4 1 1 0.1108 0 0 1 1.2611 0.9100
4 97.0638 60.2841 3 4 4 0 0.2839 1 0 1 1.1346 0.9109
4 132.4578 93.5496 4 4 3 1 0.1862 0 0 1 2.1707 0.9118
4 103.7936 74.4077 3 4 3 0 0.3039 0 0 1 0.7714 0.9126
4 88.8389 138.9016 2 4 4 0 0.0690 1 0 1 1.9544 0.9135
4 142.5410 96.0239 4 4 4 1 0.2434 1 0 1 0.7568 0.9143
4 105.3527 58.0847 3 4 4 0 0.5185 1 0 1 0.8468 0.9151
4 67.4598 105.3197 1 4 1 0 0.4189 0 0 1 3.6726 0.9159
4 84.6467 111.4268 1 4 1 0 0.3736 0 0 1 1.4183 0.9167
4 92.9179 131.8423 2 4 4 0 2.9091 1 0 1 1.5714 0.9174
4 121.0435 119.9764 2 4 3 0 0.8411 0 0 1 0.8899 0.9182
4 103.4926 123.8252 2 4 2 0 0.2863 0 0 1 0.7045 0.9189
4 125.0165 87.0374 4 4 2 1 0.2242 0 0 1 1.5860 0.9196
4 111.3216 66.9400 3 4 2 0 0.2494 0 0 1 0.6992 0.9204
4 106.8346 93.8795 4 4 2 1 0.1712 0 0 1 0.9077 0.9211
4 128.0394 100.6980 4 4 3 1 0.2573 0 0 1 0.9640 0.9217
4 74.0931 102.4500 1 4 4 0 0.1392 1 0 1 0.7779 0.9224
4 105.3467 81.1106 3 4 2 0 0.1400 0 0 1 2.3307 0.9231
4 71.3646 100.4742 1 4 2 0 0.1803 0 0 1 0.5327 0.9237
4 103.8039 134.0234 2 4 1 0 0.3359 0 0 1 0.9321 0.9244
4 80.6127 64.8003 3 4 1 0 0.1063 0 0 1 1.4002 0.9250
4 98.1891 128.3366 2 4 2 0 0.2023 0 0 1 0.9225 0.9256
4 80.0384 101.4079 1 4 3 0 0.6094 0 0 1 1.3713 0.9262
4 105.3632 117.7025 2 4 4 0 0.5081 1 0 1 1.2052 0.9268
4 68.9197 110.3770 1 4 4 0 0.4025 1 0 1 1.3840 0.9274
4 88.1528 75.4018 3 4 2 0 0.2500 0 0 1 0.8280 0.9280
4 97.0720 123.3270 2 4 2 0 0.2544 0 0 1 0.8639 0.9286
4 131.2137 109.6500 4 4 4 1 0.4038 1 0 1 2.0098 0.9291
4 62.3993 88.2892 1 4 4 0 0.2838 1 0 1 0.6866 0.9297
4 123.3151 82.9203 3 4 4 0 0.3031 1 0 1 1.1222 0.9302
4 122.5304 84.5825 4 4 1 1 0.4759 0 0 1 0.7394 0.9308
4 95.3532 130.8562 2 4 2 0 0.5800 0 0 1 1.1336 0.9313
4 81.1348 85.8898 1 4 3 0 0.6001 0 0 1 0.7877 0.9318
4 99.8686 69.5788 3 4 4 0 1.1747 1 0 1 1.2963 0.9323
4 127.7061 107.1893 4 4 3 1 0.4785 0 0 1 0.6940 0.9328
4 102.1490 115.6918 4 4 2 1 0.1504 0 0 1 0.5655 0.9333
4 133.6424 103.4671 4 4 3 1 0.2416 0 0 1 3.1397 0.9338
4 104.8871 113.3817 2 4 4 0 0.4975 1 0 1 0.9859 0.9343
4 101.4667 116.3394 2 4 3 0 0.4342 0 0 1 0.9525 0.9348
4 125.8238 82.1636 4 4 3 1 0.3989 0 0 1 0.8361 0.9353
4 87.5448 133.7851 2 4 2 0 0.5673 0 0 1 0.7377 0.9357
4 68.5902 111.2368 1 4 1 0 0.4506 0 0 1 2.8260 0.9362
4 103.3200 134.0606 2 4 2 0 0.4974 0 0 1 0.8736 0.9366
4 114.9372 130.4124 2 4 3 0 0.3340 0 0 1 1.8428 0.9371
4 120.1177 97.7777 4 4 3 1 0.3199 0 0 1 1.0767 0.9375
4 73.7486 110.4400 1 4 3 0 0.1256 0 0 1 1.0042 0.9379
4 104.4290 118.4309 2 4 1 0 0.5487 0 0 1 1.3106 0.9384
4 104.6776 56.5007 3 4 1 0 0.5735 0 0 1 0.7117 0.9388
4 116.0171 54.0204 3 4 2 0 0.2806 0 0 1 1.0832 0.9392
4 139.6484 97.5681 4 4 1 1 0.7569 0 0 1 0.9485 0.9396
4 110.6893 65.7843 3 4 4 0 0.7633 1 0 1 2.9703 0.9400
4 135.3313 94.3023 4 4 1 1 0.3409 0 0 1 7.3689 0.9404
5 101.8314 70.9860 3 4 3 0 1.1607 0 0 1 1.1222 0.9408
5 146.6449 104.1139 4 4 2 1 0.3006 0 0 1 1.1678 0.9412
5 74.1195 99.1445 1 4 3 0 0.1874 0 0 1 1.3557 0.9416
5 99.2808 114.3206 2 4 2 0 0.3818 0 0 1 0.8672 0.9419
5 93.0651 64.7039 3 4 3 0 0.1362 0 0 1 0.8552 0.9423
5 128.9701 121.7062 4 4 1 1 0.4435 0 0 1 1.3785 0.9427
5 89.6707 66.7162 3 4 1 0 0.4037 0 0 1 1.1132 0.9430
5 104.7563 75.8659 3 4 4 0 0.6588 1 0 1 1.0703 0.9434
5 139.8791 103.1183 4 4 2 1 0.2158 0 0 1 0.9851 0.9437
5 54.5403 100.5869 1 4 1 0 0.1450 0 0 1 0.9435 0.9441
5 123.5913 90.9964 3 4 3 0 0.3890 0 0 1 0.5382 0.9444
5 142.5256 91.5844 4 4 2 1 0.1671 0 0 1 0.8066 0.9448
5 95.9106 133.0822 2 4 4 0 0.2814 1 0 1 1.7237 0.9451
5 111.5165 115.1448 2 4 2 0 0.2942 0 0 1 0.9692 0.9455
5 138.9077 109.0262 4 4 3 1 0.1277 0 0 1 1.0861 0.9458
5 87.7027 99.6187 1 4 2 0 0.2477 0 0 1 1.3047 0.9461
5 97.3913 130.7559 2 4 3 0 0.1525 0 0 1 0.9833 0.9464
5 64.1784 95.8536 1 4 2 0 0.6548 0 0 1 0.8592 0.9467
5 126.1796 107.6207 4 4 3 1 0.5428 0 0 1 1.3358 0.9471
5 130.3035 108.1081 4 4 1 1 0.3602 0 0 1 1.7250 0.9474
5 74.2690 85.7949 1 4 1 0 0.5670 0 0 1 1.9369 0.9477
5 94.5523 61.3336 3 4 1 0 0.3202 0 0 1 1.6520 0.9480
5 106.7931 73.1952 3 4 3 0 0.2053 0 0 1 0.7497 0.9483
5 122.0819 84.6832 4 4 2 1 0.1261 0 0 1 0.4449 0.9486
5 131.4001 98.8049 4 4 2 1 0.2623 0 0 1 0.7608 0.9489
5 107.9754 122.2757 2 4 1 0 0.2815 0 0 1 1.4852 0.9492
5 109.5893 66.1443 3 4 1 0 0.4504 0 0 1 0.8571 0.9494
5 79.3083 92.6669 1 4 2 0 0.2678 0 0 1 0.4627 0.9497
5 111.7934 125.1150 2 4 1 0 0.1535 0 0 1 2.9366 0.9500
5 104.9786 107.9879 2 4 4 0 0.3222 1 0 1 2.7580 0.9503
5 95.5026 80.5391 3 4 1 0 0.1714 0 0 1 1.0353 0.9505
5 78.1565 106.1586 1 4 2 0 0.2112 0 0 1 0.8525 0.9508
5 104.2406 138.9003 2 4 3 0 0.2013 0 0 1 0.9055 0.9511
5 102.0468 85.1780 3 4 3 0 0.4794 0 0 1 0.7428 0.9514
5 75.5032 120.2016 1 4 4 0 0.2001 1 0 1 0.9839 0.9516
5 111.8529 106.1376 4 4 3 1 0.2560 0 0 1 1.2668 0.9519
5 100.7278 116.5772 2 4 2 0 0.1119 0 0 1 0.6222 0.9521
5 73.6712 95.8782 1 4 4 0 0.0927 1 0 1 0.5546 0.9524
5 85.6290 129.7241 2 4 1 0 0.2639 0 0 1 1.3538 0.9526
5 65.6660 89.5178 1 4 4 0 0.1071 1 0 1 1.1121 0.9529
5 82.0931 84.7054 1 4 4 0 0.2750 1 0 1 0.8213 0.9531
5 101.7649 128.0355 2 4 3 0 0.1528 0 0 1 1.3045 0.9534
5 89.2050 134.1374 2 4 3 0 0.1197 0 0 1 3.1743 0.9536
5 97.4285 121.9249 2 4 2 0 0.1657 0 0 1 0.9180 0.9538
5 136.3717 93.2697 4 4 1 1 0.2356 0 0 1 0.7983 0.9541
5 77.5743 106.8028 1 4 4 0 0.2255 1 0 1 1.3630 0.9543
5 134.8970 112.8241 4 4 4 1 0.2917 1 0 1 0.5999 0.9545
5 95.9898 78.3730 3 4 1 0 0.5335 0 0 1 1.4394 0.9548
5 102.5889 83.5736 3 4 3 0 0.9139 0 0 1 0.9969 0.9550
5 125.7579 107.7674 4 4 1 1 1.7562 0 0 1 0.9168 0.9552
5 105.5620 113.2681 2 4 1 0 0.5869 0 0 1 0.9656 0.9554
5 121.4979 110.0468 4 4 3 1 0.2192 0 0 1 0.8129 0.9557
5 72.0866 111.0079 1 4 2 0 0.3189 0 0 1 0.6735 0.9559
5 83.6900 97.7592 1 4 4 0 0.2104 1 0 1 0.8679 0.9561
5 122.8224 101.7694 4 4 2 1 0.2812 0 0 1 0.6514 0.9563
5 133.9500 86.6055 4 4 3 1 0.1546 0 0 1 3.1154 0.9565
5 136.7401 101.5012 4 4 4 1 0.0905 1 0 1 1.0321 0.9567
5 64.3651 104.8376 1 4 4 0 0.4639 1 0 1 0.7586 0.9569
5 108.8770 124.8040 2 4 2 0 0.3934 0 0 1 0.7829 0.9571
5 92.9046 122.1020 2 4 2 0 0.1138 0 0 1 1.0241 0.9573
5 82.7276 60.7880 3 4 1 0 0.0729 0 0 1 1.3184 0.9575
5 103.6479 80.3249 3 4 4 0 0.3433 1 0 1 0.7320 0.9577
5 81.6602 102.3989 1 4 4 0 0.2844 1 0 1 0.7667 0.9579
5 80.1447 103.8121 1 4 1 0 0.2572 0 0 1 0.8523 0.9581
5 69.5087 113.4943 1 4 3 0 0.2168 0 0 1 2.3290 0.9583
5 116.7455 95.2483 4 4 3 1 0.8507 0 0 1 1.1561 0.9585
5 78.2270 104.3290 1 4 3 0 0.2719 0 0 1 0.9930 0.9587
5 99.5317 110.2907 2 4 2 0 0.3763 0 0 1 0.9258 0.9589
5 85.7585 122.9180 2 4 4 0 0.3557 1 0 1 1.0321 0.9591
5 132.4728 91.2742 4 4 4 1 0.3212 1 0 1 0.8532 0.9593
5 116.8181 91.3350 3 4 3 0 0.2333 0 0 1 0.8747 0.9595
5 101.5874 128.6738 2 4 2 0 0.2081 0 0 1 2.6082 0.9596
5 96.0057 70.3104 3 4 1 0 0.4344 0 0 1 0.7919 0.9598
5 79.3883 101.9495 1 4 4 0 0.6340 1 0 1 1.0295 0.9600
5 112.9909 56.6666 3 4 2 0 0.3827 0 0 1 0.6602 0.9602
5 123.1581 86.3214 3 4 2 0 0.1799 0 0 1 0.6758 0.9604
5 105.3469 62.1127 3 4 1 0 0.1958 0 0 1 0.7721 0.9605
5 110.0655 62.6440 3 4 4 0 0.3902 1 0 1 0.8265 0.9607
5 104.0930 67.8945 3 4 4 0 0.4929 1 0 1 1.3169 0.9609
5 140.3759 105.7105 4 4 4 1 0.4209 1 0 1 0.6668 0.9610
5 115.8688 77.2415 3 4 1 0 0.4425 0 0 1 0.8656 0.9612
5 63.4951 112.7103 1 4 2 0 0.2780 0 0 1 0.8559 0.9614
5 107.7596 101.6084 4 4 3 1 0.2043 0 0 1 0.7490 0.9615
5 114.0655 154.3119 2 4 3 0 0.5111 0 0 1 2.6962 0.9617
5 113.2000 100.1867 4 4 1 1 0.4907 0 0 1 0.4986 0.9619
5 98.0313 85.9155 3 4 3 0 0.1733 0 0 1 0.7810 0.9620
5 114.8966 101.9000 4 4 1 1 0.2870 0 0 1 0.9289 0.9622
5 134.6526 106.7230 4 4 1 1 0.2950 0 0 1 0.6177 0.9623
5 109.0030 126.8378 2 4 1 0 0.3129 0 0 1 0.6517 0.9625
5 100.6615 138.9520 2 4 2 0 0.2039 0 0 1 1.1000 0.9627
5 146.5705 88.5627 4 4 1 1 0.2152 0 0 1 1.7839 0.9628
5 86.1985 132.7623 2 4 4 0 0.3239 1 0 1 0.8079 0.9630
5 85.6570 87.3307 1 4 4 0 0.2184 1 0 1 1.0510 0.9631
5 105.3890 122.3535 2 4 4 0 0.2138 1 0 1 1.0947 0.9633
5 97.2248 74.9069 3 4 4 0 0.2411 1 0 1 1.3466 0.9634
5 73.1696 85.1931 1 4 3 0 0.1954 0 0 1 0.7557 0.9636
5 60.5538 97.4907 1 4 3 0 0.1662 0 0 1 0.7897 0.9637
5 102.3440 113.0387 2 4 1 0 0.1362 0 0 1 0.7105 0.9639
5 107.7046 80.5418 3 4 2 0 0.1833 0 0 1 0.9192 0.9640
5 75.4131 94.6944 1 4 3 0 0.1889 0 0 1 0.8612 0.9641
6 81.7898 111.5385 2 4 2 0 1.1456 0 0 1 1.0103 0.9643
6 101.0772 80.8251 3 4 3 0 0.2987 0 0 1 0.7654 0.9644
6 109.4239 76.8451 3 4 4 0 0.2071 1 0 1 0.4476 0.9646
6 105.8389 59.3266 3 4 1 0 0.3451 0 0 1 2.8765 0.9647
6 137.0804 110.1187 4 4 3 1 0.1325 0 0 1 0.9157 0.9648
6 140.5597 95.9058 4 4 1 1 0.3461 0 0 1 0.6381 0.9650
6 123.0373 92.7710 4 4 4 1 0.4777 1 0 1 0.8381 0.9651
6 90.3402 116.8999 1 4 3 0 0.2825 0 0 1 2.0135 0.9653
6 97.8579 128.1863 2 4 3 0 0.1120 0 0 1 0.5740 0.9654
6 84.2333 137.9453 2 4 1 0 0.2511 0 0 1 0.5891 0.9655
6 111.1212 118.3085 4 4 4 1 0.4116 1 0 1 0.9619 0.9656
6 82.9178 60.6965 3 4 3 0 0.1370 0 0 1 0.6002 0.9658
6 129.5553 104.7185 4 4 2 1 0.2303 0 0 1 0.8078 0.9659
6 66.9476 106.2204 1 4 2 0 0.2823 0 0 1 0.6999 0.9660
6 99.0352 89.4037 3 4 4 0 0.1570 1 0 1 0.4442 0.9662
6 95.9064 128.1414 2 4 4 0 0.2297 1 0 1 0.9509 0.9663
6 137.3462 113.9915 4 4 2 1 0.3498 0 0 1 0.9305 0.9664
6 149.0769 86.5169 4 4 4 1 0.1685 1 0 1 1.0480 0.9665
6 77.9282 100.4959 1 4 4 0 0.4013 1 0 1 1.8476 0.9667
6 129.0227 91.0200 4 4 2 1 0.5335 0 0 1 0.9896 0.9668
6 87.4036 103.1563 1 4 3 0 0.5972 0 0 1 1.7754 0.9669
6 103.8987 52.9844 3 4 3 0 0.2363 0 0 1 0.7971 0.9670
6 97.5037 109.7229 2 4 1 0 0.2067 0 0 1 0.7509 0.9672
6 110.8904 77.7991 3 4 3 0 0.2714 0 0 1 0.7541 0.9673
6 102.9579 73.3276 3 4 2 0 0.1481 0 0 1 0.5158 0.9674
6 90.2395 128.2253 2 4 3 0 0.2069 0 0 1 1.8876 0.9675
6 103.2879 70.9612 3 4 3 0 0.2539 0 0 1 0.4498 0.9676
6 114.1970 77.1463 3 4 4 0 0.3321 1 0 1 0.4484 0.9677
6 68.2180 104.2906 1 4 4 0 0.2024 1 0 1 0.5387 0.9679
6 127.7091 94.5345 4 4 2 1 0.1184 0 0 1 1.6691 0.9680
6 62.8468 102.1042 1 4 1 0 0.2214 0 0 1 1.2130 0.9681
6 124.1812 129.4869 4 4 4 1 0.1382 1 0 1 0.7610 0.9682
6 131.7155 99.7142 4 4 1 1 0.2187 0 0 1 0.5870 0.9683
6 94.4813 130.1834 2 4 3 0 0.2010 0 0 1 1.5613 0.9684
6 119.6989 106.1292 4 4 3 1 0.4634 0 0 1 1.1109 0.9685
6 92.9462 88.1557 3 4 2 0 0.1613 0 0 1 1.5369 0.9686
6 89.2490 78.6219 3 4 1 0 0.2953 0 0 1 0.9072 0.9688
6 100.9880 121.5908 2 4 2 0 0.1777 0 0 1 0.6736 0.9689
6 135.8160 105.1594 4 4 1 1 0.1310 0 0 1 0.8344 0.9690
6 127.8129 85.9738 4 4 1 1 0.1180 0 0 1 0.8203 0.9691
6 147.2658 83.1370 4 4 1 1 0.3760 0 0 1 1.6130 0.9692
6 92.7225 150.3744 2 4 1 0 0.4682 0 0 1 1.2434 0.9693
6 77.0293 88.6312 1 4 3 0 0.2330 0 0 1 0.9390 0.9694
6 68.0811 97.2900 1 4 3 0 0.3539 0 0 1 0.7109 0.9695
6 77.5715 109.9897 1 4 3 0 0.3438 0 0 1 0.6360 0.9696
6 83.5111 127.4984 2 4 4 0 0.4268 1 0 1 1.2329 0.9697
6 78.1628 109.6438 1 4 1 0 0.1588 0 0 1 1.5660 0.9698
6 129.4991 98.6783 4 4 2 1 0.2920 0 0 1 0.6627 0.9699
6 107.8462 71.1292 3 4 3 0 0.2298 0 0 1 0.8072 0.9700
6 65.5740 101.7929 1 4 4 0 1.6036 1 0 0 0.0000 0.9700
6 109.0160 110.1222 4 3 3 0 0.7724 1 0 0 0.0000 0.9700
6 98.0288 118.9963 2 3 2 0 1.1360 0 0 0 0.0000 0.9700
6 90.9566 126.3451 2 1 1 0 1.2199 1 0 0 0.0000 0.9700
6 95.4788 69.3943 3 2 2 0 1.1779 1 0 0 0.0000 0.9700
6 99.5780 137.4124 2 4 1 0 1.0238 0 0 0 0.0000 0.9700
6 99.8924 122.9074 2 3 3 0 0.7375 1 0 0 0.0000 0.9700
6 88.4604 132.3513 2 3 2 0 1.5635 0 0 0 0.0000 0.9700
6 136.1853 96.6623 4 4 3 1 0.6830 0 0 0 0.0000 0.9700
6 80.5237 83.7751 3 1 3 0 0.8686 0 0 0 0.0000 0.9700
6 103.7433 91.3476 4 4 4 1 0.9785 1 0 0 0.0000 0.9700
6 106.6803 75.3501 3 3 2 1 0.7550 0 0 0 0.0000 0.9700
6 104.4554 125.8732 2 1 3 0 1.1493 0 0 0 0.0000 0.9700
6 63.4358 97.9667 1 2 3 0 0.6425 0 0 0 0.0000 0.9700
6 120.2365 105.3651 4 4 2 1 0.7620 0 0 0 0.0000 0.9700
6 81.7712 111.1103 1 1 3 1 1.6045 0 0 0 0.0000 0.9700
6 94.8941 72.0194 3 3 1 1 1.0452 0 0 0 0.0000 0.9700
6 77.3297 102.7611 1 1 2 1 0.9524 0 0 0 0.0000 0.9700
6 107.9136 64.3814 3 3 4 1 1.0480 0 0 0 0.0000 0.9700
6 82.2037 101.0427 1 3 3 0 0.6831 1 0 0 0.0000 0.9700
6 100.5643 73.9713 3 4 3 0 0.5635 0 0 0 0.0000 0.9700
6 143.8585 102.7132 4 4 3 1 0.6010 0 0 0 0.0000 0.9700
6 103.4156 75.8864 3 1 2 0 0.7510 0 0 0 0.0000 0.9700
6 116.1249 104.1484 4 4 4 1 0.8586 1 0 0 0.0000 0.9700
6 87.6885 64.6841 3 3 1 1 0.8081 0 0 0 0.0000 0.9700
6 145.5079 105.0925 4 4 3 1 0.6446 0 0 0 0.0000 0.9700
6 98.5304 129.2492 2 2 2 1 0.8289 1 0 0 0.0000 0.9700
6 91.5153 109.5289 2 3 4 0 0.9229 0 0 0 0.0000 0.9700
6 109.4130 86.6045 3 4 4 0 0.4728 1 0 0 0.0000 0.9700
6 94.9160 127.7004 2 1 3 0 0.7156 0 0 0 0.0000 0.9700
6 91.8422 58.5898 3 3 1 1 0.5988 0 0 0 0.0000 0.9700
6 58.4333 101.9441 1 2 1 0 0.7180 0 0 0 0.0000 0.9700
6 77.8577 103.2591 1 1 4 1 0.9852 0 0 0 0.0000 0.9700
6 78.0756 96.2654 1 3 4 0 0.5884 0 0 0 0.0000 0.9700
6 107.4212 77.5781 3 2 3 0 0.6272 0 0 0 0.0000 0.9700
6 97.7604 139.6673 2 3 4 0 0.9711 0 0 0 0.0000 0.9700
6 76.5329 94.4930 1 1 2 1 0.7334 0 0 0 0.0000 0.9700
6 87.3270 119.1106 2 2 4 1 0.6174 0 0 0 0.0000 0.9700
6 97.1936 128.5897 2 3 3 0 0.8190 1 0 0 0.0000 0.9700
6 92.8701 115.4010 2 3 4 0 0.8798 0 0 0 0.0000 0.9700
6 66.6809 92.0205 1 1 1 1 0.6706 1 0 0 0.0000 0.9700
6 80.5136 110.9438 1 3 4 0 0.7277 0 0 0 0.0000 0.9700
6 60.9801 93.5680 1 3 1 0 0.7382 0 0 0 0.0000 0.9700
6 74.8396 110.4062 1 3 4 0 0.8460 0 0 0 0.0000 0.9700
6 65.2252 109.4380 1 1 2 1 0.6197 0 0 0 0.0000 0.9700
6 103.4128 73.7752 3 4 2 0 0.8032 0 0 0 0.0000 0.9700
6 100.1946 133.4809 2 4 2 0 0.8160 0 0 0 0.0000 0.9700
6 111.1747 126.9010 2 4 4 0 0.5888 1 0 0 0.0000 0.9700
6 132.5168 79.3665 4 3 2 0 1.1719 0 0 0 0.0000 0.9700
6 75.8624 81.3255 1 1 3 1 0.7303 0 0 0 0.0000 0.9700
6 117.3649 99.6703 4 3 1 0 0.9663 0 0 0 0.0000 0.9700
7 116.9347 101.9188 4 4 0 1 0.8742 1 1 0 0.0000 0.9700
7 106.8019 73.1424 3 3 0 1 1.0614 1 1 0 0.0000 0.9700
7 104.8673 128.2429 2 1 0 0 1.1442 0 1 0 0.0000 0.9700
7 129.6642 100.7962 4 4 0 1 0.4942 1 1 0 0.0000 0.9700
7 65.6183 91.4331 1 2 0 0 0.8830 0 1 0 0.0000 0.9700
7 100.1930 132.4558 2 1 0 0 0.7369 0 1 0 0.0000 0.9700
7 106.3317 61.3886 3 1 0 0 0.6997 0 1 0 0.0000 0.9700
7 55.6794 110.5232 1 3 0 0 0.4377 0 1 0 0.0000 0.9700
7 70.9591 107.6042 1 2 0 0 1.0489 0 1 0 0.0000 0.9700
7 110.6129 128.7154 2 3 0 0 0.8296 0 1 0 0.0000 0.9700
7 104.3017 71.1701 3 3 0 1 1.2904 1 1 0 0.0000 0.9700
7 101.9112 68.7101 3 4 0 0 0.7543 0 1 0 0.0000 0.9700
7 125.4167 88.3572 4 4 0 1 0.7959 1 1 0 0.0000 0.9700
7 124.5032 78.1772 4 4 0 1 0.8567 1 1 0 0.0000 0.9700
7 86.6962 51.7089 3 3 0 1 0.7903 1 1 0 0.0000 0.9700
7 126.1289 115.0799 4 4 0 1 0.6259 1 1 0 0.0000 0.9700
7 124.2482 90.8835 4 4 0 1 0.7290 1 1 0 0.0000 0.9700
7 114.6830 141.2372 2 1 0 0 0.9790 0 1 0 0.0000 0.9700
7 106.9445 67.1810 3 3 0 1 0.9001 1 1 0 0.0000 0.9700
7 149.8503 85.6629 4 4 0 1 0.6106 1 1 0 0.0000 0.9700
7 103.3680 147.2061 2 1 0 0 0.7777 0 1 0 0.0000 0.9700
7 79.8248 110.0313 1 2 0 0 0.8706 0 1 0 0.0000 0.9700
7 104.9284 74.3248 3 2 0 0 0.5333 0 1 0 0.0000 0.9700
7 71.1015 89.3096 1 2 0 0 1.0504 0 1 0 0.0000 0.9700
7 108.5905 150.0014 2 1 0 0 0.9892 0 1 0 0.0000 0.9700
7 95.0595 146.4255 2 3 0 0 0.6232 0 1 0 0.0000 0.9700
7 100.3058 142.8041 2 4 0 0 0.5992 0 1 0 0.0000 0.9700
7 107.1687 132.0388 2 2 0 1 1.2619 1 1 0 0.0000 0.9700
7 91.6651 129.7944 2 1 0 0 0.9991 0 1 0 0.0000 0.9700
7 90.4349 136.3736 2 2 0 1 0.7127 1 1 0 0.0000 0.9700
7 93.1776 65.4764 3 3 0 1 1.0758 1 1 0 0.0000 0.9700
7 119.9412 80.9812 3 4 0 0 0.5826 0 1 0 0.0000 0.9700
7 136.6758 89.3931 4 4 0 1 0.6530 1 1 0 0.0000 0.9700
7 95.0873 138.8186 2 1 0 0 1.0770 0 1 0 0.0000 0.9700
7 76.5790 100.0855 1 2 0 0 1.1126 0 1 0 0.0000 0.9700
7 99.8400 81.4098 3 3 0 1 0.5891 1 1 0 0.0000 0.9700
7 62.6681 107.7355 1 1 0 1 0.8033 1 1 0 0.0000 0.9700
7 95.6356 122.0070 2 4 0 0 0.8473 0 1 0 0.0000 0.9700
7 64.0041 91.5645 1 3 0 0 0.8449 0 1 0 0.0000 0.9700
7 90.5905 64.5018 1 3 0 0 0.6353 0 1 0 0.0000 0.9700
7 122.1147 103.2817 4 4 0 1 0.8360 1 1 0 0.0000 0.9700
7 104.9014 118.6219 2 1 0 0 0.8644 0 1 0 0.0000 0.9700
7 94.5580 127.3204 2 3 0 0 0.6391 0 1 0 0.0000 0.9700
7 91.6309 131.5931 2 2 0 1 0.4875 1 1 0 0.0000 0.9700
7 92.0560 65.2067 3 3 0 1 0.9235 1 1 0 0.0000 0.9700
7 91.3928 137.1108 2 1 0 0 0.7955 0 1 0 0.0000 0.9700
7 69.7773 107.5104 1 3 0 0 0.7119 0 1 0 0.0000 0.9700
7 57.3956 106.8825 1 2 0 0 0.8510 0 1 0 0.0000 0.9700
7 111.1157 67.1623 3 4 0 0 0.5778 0 1 0 0.0000 0.9700
7 71.6742 104.6640 1 1 0 1 1.0794 1 1 0 0.0000 0.9700
7 126.1778 99.7698 4 4 0 1 0.8437 1 1 0 0.0000 0.9700
7 118.3336 94.6428 4 4 0 1 0.7285 1 1 0 0.0000 0.9700
7 86.3785 114.4504 1 3 0 0 0.5954 0 1 0 0.0000 0.9700
7 113.6511 134.4659 2 3 0 0 1.0812 0 1 0 0.0000 0.9700
7 64.0133 119.6554 1 1 0 1 0.7968 1 1 0 0.0000 0.9700
7 107.7094 136.7320 2 4 0 0 0.8888 0 1 0 0.0000 0.9700
7 110.4528 128.4331 2 4 0 0 0.6944 0 1 0 0.0000 0.9700
7 91.4105 93.8808 3 4 0 0 0.6239 0 1 0 0.0000 0.9700
7 67.2599 96.2754 1 3 0 0 0.6964 0 1 0 0.0000 0.9700
7 80.3630 107.5832 1 1 0 1 0.6263 1 1 0 0.0000 0.9700
7 95.7718 76.3855 3 3 0 1 1.1467 1 1 0 0.0000 0.9700
7 110.5923 67.3542 3 4 0 0 0.8797 0 1 0 0.0000 0.9700
7 107.4919 124.2660 2 3 0 0 0.7191 0 1 0 0.0000 0.9700
7 100.2872 72.8516 3 1 0 0 0.5374 0 1 0 0.0000 0.9700
7 124.0902 118.9130 4 4 0 1 0.5450 1 1 0 0.0000 0.9700
7 58.3788 84.3613 1 3 0 0 0.7746 0 1 0 0.0000 0.9700
7 79.5622 79.5091 3 2 0 0 0.8021 0 1 0 0.0000 0.9700
7 111.2919 71.9448 3 3 0 1 1.1029 1 1 0 0.0000 0.9700
7 150.1976 102.3980 4 4 0 1 0.7377 1 1 0 0.0000 0.9700
7 67.0568 102.8144 1 1 0 1 0.7325 1 1 0 0.0000 0.9700
7 76.3090 94.5660 1 1 0 1 0.6484 1 1 0 0.0000 0.9700
7 107.8802 133.4480 2 2 0 1 0.6897 1 1 0 0.0000 0.9700
7 56.7195 111.4643 1 1 0 1 0.7628 1 1 0 0.0000 0.9700
7 106.5451 94.5860 4 4 0 1 1.7027 1 1 0 0.0000 0.9700
7 132.9753 98.2457 4 4 0 1 0.9215 1 1 0 0.0000 0.9700
7 67.5129 120.7204 1 3 0 0 1.0486 0 1 0 0.0000 0.9700
7 105.5005 79.1120 3 3 0 1 1.4826 1 1 0 0.0000 0.9700
7 102.5619 50.8807 3 4 0 0 0.6318 0 1 0 0.0000 0.9700
7 133.9920 82.4607 4 4 0 1 0.7358 1 1 0 0.0000 0.9700
7 136.6960 85.7850 4 4 0 1 0.8745 1 1 0 0.0000 0.9700
7 63.6886 99.3253 1 1 0 1 0.8245 1 1 0 0.0000 0.9700
7 127.2725 101.2891 4 4 0 1 0.9021 1 1 0 0.0000 0.9700
7 112.0955 90.0869 4 4 0 1 0.6925 1 1 0 0.0000 0.9700
7 107.5802 141.2795 2 2 0 1 1.5341 1 1 0 0.0000 0.9700
7 68.8092 92.9212 1 1 0 1 1.1004 1 1 0 0.0000 0.9700
7 140.9303 83.2723 4 4 0 1 0.8001 1 1 0 0.0000 0.9700
7 115.0339 82.6380 3 3 0 1 0.7476 1 1 0 0.0000 0.9700
7 88.5755 154.7110 2 2 0 1 0.9820 1 1 0 0.0000 0.9700
7 105.0474 72.4231 3 3 0 1 1.0303 1 1 0 0.0000 0.9700
7 130.1129 92.5924 4 4 0 1 0.8875 1 1 0 0.0000 0.9700
7 122.3346 91.6734 4 4 0 1 0.7258 1 1 0 0.0000 0.9700
7 67.6983 96.7664 1 1 0 1 1.0567 1 1 0 0.0000 0.9700
7 116.2361 104.3239 4 3 0 0 2.8034 0 1 0 0.0000 0.9700
7 95.9689 62.9362 3 3 0 1 0.6102 1 1 0 0.0000 0.9700
7 92.9690 69.1337 3 4 0 0 0.6651 0 1 0 0.0000 0.9700
7 56.6860 103.5982 1 1 0 1 0.8497 1 1 0 0.0000 0.9700
7 102.1550 55.7520 3 4 0 0 0.7512 0 1 0 0.0000 0.9700
7 120.2600 88.8269 4 3 0 0 1.0657 0 1 0 0.0000 0.9700
7 92.5878 154.2830 2 2 0 1 0.9409 1 1 0 0.0000 0.9700
7 120.9845 109.6560 4 4 0 1 1.0196 1 1 0 0.0000 0.9700
8 85.5099 78.3823 3 3 0 1 1.9142 1 1 0 0.0000 0.9700
8 110.4685 121.2093 2 2 0 1 1.7539 1 1 0 0.0000 0.9700
8 70.5587 113.6624 1 1 0 1 2.1906 1 1 0 0.0000 0.9700
8 103.0445 133.7577 2 2 0 1 1.0387 1 1 0 0.0000 0.9700
8 131.9336 115.7457 4 4 0 1 0.8162 1 1 0 0.0000 0.9700
8 113.9239 134.0780 2 4 0 0 0.8758 0 1 0 0.0000 0.9700
8 77.5306 86.0670 1 3 0 0 0.8886 0 1 0 0.0000 0.9700
8 71.9726 116.2312 1 1 0 1 0.7102 1 1 0 0.0000 0.9700
8 143.6517 112.9284 4 4 0 1 0.9130 1 1 0 0.0000 0.9700
8 73.6090 100.0768 1 1 0 1 1.0393 1 1 0 0.0000 0.9700
8 133.3195 99.7161 4 4 0 1 0.6900 1 1 0 0.0000 0.9700
8 84.9633 129.4892 2 2 0 1 1.1624 1 1 0 0.0000 0.9700
8 78.2750 98.0735 1 3 0 0 1.3109 0 1 0 0.0000 0.9700
8 94.1668 86.3556 3 3 0 1 1.8312 1 1 0 0.0000 0.9700
8 115.4950 102.4642 4 4 0 1 0.8940 1 1 0 0.0000 0.9700
8 127.3768 98.4144 4 4 0 1 0.7171 1 1 0 0.0000 0.9700
8 132.9935 87.5063 4 4 0 1 0.8071 1 1 0 0.0000 0.9700
8 119.2084 107.1740 4 4 0 1 0.8667 1 1 0 0.0000 0.9700
8 98.2988 66.6219 3 3 0 1 2.6079 1 1 0 0.0000 0.9700
8 108.8706 89.0201 4 2 0 0 1.7222 0 1 0 0.0000 0.9700
8 118.3561 111.6363 4 4 0 1 1.4221 1 1 0 0.0000 0.9700
8 124.4834 113.4982 4 4 0 1 0.7450 1 1 0 0.0000 0.9700
8 73.5563 72.2028 3 3 0 1 1.0753 1 1 0 0.0000 0.9700
8 64.7903 77.3709 1 1 0 1 1.3973 1 1 0 0.0000 0.9700
8 107.2509 127.7588 2 2 0 1 1.1213 1 1 0 0.0000 0.9700
8 91.5616 71.1302 3 3 0 1 1.5428 1 1 0 0.0000 0.9700
8 69.4482 106.4665 1 3 0 0 0.7256 0 1 0 0.0000 0.9700
8 108.3587 74.9542 3 3 0 1 0.7352 1 1 0 0.0000 0.9700
8 72.1357 96.4958 1 1 0 1 0.7456 1 1 0 0.0000 0.9700
8 103.5842 78.5183 3 3 0 1 1.2535 1 1 0 0.0000 0.9700
8 125.4987 91.7156 4 4 0 1 0.7016 1 1 0 0.0000 0.9700
8 84.9137 90.1487 3 3 0 1 0.7739 1 1 0 0.0000 0.9700
8 131.9209 123.1288 4 4 0 1 0.8014 1 1 0 0.0000 0.9700
8 99.2885 68.1986 3 3 0 1 0.8930 1 1 0 0.0000 0.9700
8 75.9152 124.9741 1 2 0 0 1.1478 0 1 0 0.0000 0.9700
8 99.2293 138.8234 2 2 0 1 0.8486 1 1 0 0.0000 0.9700
8 126.4884 92.9181 4 4 0 1 1.5333 1 1 0 0.0000 0.9700
8 91.8763 91.1651 1 3 0 0 1.1158 0 1 0 0.0000 0.9700
8 107.7221 122.8525 2 4 0 0 2.7828 0 1 0 0.0000 0.9700
8 63.4817 91.5669 1 1 0 1 1.0380 1 1 0 0.0000 0.9700
8 63.8100 110.5574 1 1 0 1 0.9768 1 1 0 0.0000 0.9700
8 106.5160 71.4494 3 4 0 0 1.2008 0 1 0 0.0000 0.9700
8 112.2636 78.2404 3 3 0 1 0.9512 1 1 0 0.0000 0.9700
8 76.4013 95.2955 1 1 0 1 0.9991 1 1 0 0.0000 0.9700
8 117.2242 127.3864 2 4 0 0 0.9703 0 1 0 0.0000 0.9700
8 93.0298 127.9223 2 2 0 1 0.9543 1 1 0 0.0000 0.9700
8 106.9334 125.3360 2 2 0 1 0.9538 1 1 0 0.0000 0.9700
8 133.3841 95.1198 4 4 0 1 0.7610 1 1 0 0.0000 0.9700
8 91.9341 128.1148 2 3 0 0 2.0041 0 1 0 0.0000 0.9700
8 120.2761 123.7163 2 4 0 0 0.9597 0 1 0 0.0000 0.9700
8 124.8026 92.4396 4 4 0 1 0.7050 1 1 0 0.0000 0.9700
8 71.1379 121.6782 1 3 0 0 1.3065 0 1 0 0.0000 0.9700
8 88.9518 121.9229 2 2 0 1 0.7229 1 1 0 0.0000 0.9700
8 95.5324 124.7046 2 2 0 1 0.8743 1 1 0 0.0000 0.9700
8 95.0387 77.2566 3 1 0 0 1.3040 0 1 0 0.0000 0.9700
8 84.3642 77.5642 3 1 0 0 0.7053 0 1 0 0.0000 0.9700
8 81.9795 108.6904 1 1 0 1 0.5868 1 1 0 0.0000 0.9700
8 101.4158 66.0176 3 3 0 1 1.2823 1 1 0 0.0000 0.9700
8 121.3137 98.8788 4 4 0 1 0.8107 1 1 0 0.0000 0.9700
8 122.1670 87.2851 4 4 0 1 0.6635 1 1 0 0.0000 0.9700
8 137.3987 90.8951 4 4 0 1 0.8643 1 1 0 0.0000 0.9700
8 116.9702 92.0839 4 4 0 1 1.0711 1 1 0 0.0000 0.9700
8 109.1853 138.0732 2 2 0 1 1.2185 1 1 0 0.0000 0.9700
8 94.5770 65.3457 3 3 0 1 1.1134 1 1 0 0.0000 0.9700
8 103.0292 121.9929 2 2 0 1 1.1653 1 1 0 0.0000 0.9700
8 108.7611 66.5369 3 3 0 1 1.0909 1 1 0 0.0000 0.9700
8 103.3426 114.0996 2 2 0 1 0.9989 1 1 0 0.0000 0.9700
8 95.8101 77.8261 3 3 0 1 0.8084 1 1 0 0.0000 0.9700
8 63.2691 104.2814 1 1 0 1 0.9164 1 1 0 0.0000 0.9700
8 79.9510 141.1002 2 2 0 1 0.9800 1 1 0 0.0000 0.9700
8 53.2597 97.6524 1 1 0 1 1.2376 1 1 0 0.0000 0.9700
8 131.6035 100.0489 4 4 0 1 0.7332 1 1 0 0.0000 0.9700
8 102.7899 116.4195 2 3 0 0 1.3027 0 1 0 0.0000 0.9700
8 94.8067 71.0829 3 1 0 0 1.3115 0 1 0 0.0000 0.9700
8 102.1152 59.2238 3 3 0 1 0.8091 1 1 0 0.0000 0.9700
8 150.6347 101.2032 4 4 0 1 0.7891 1 1 0 0.0000 0.9700
8 95.1936 94.8259 3 3 0 1 1.7454 1 1 0 0.0000 0.9700
8 100.6753 135.6078 2 2 0 1 0.9489 1 1 0 0.0000 0.9700
8 77.2926 99.9871 1 1 0 1 1.6682 1 1 0 0.0000 0.9700
8 129.4118 107.4261 4 4 0 1 0.6466 1 1 0 0.0000 0.9700
8 72.5890 103.3064 1 1 0 1 0.7837 1 1 0 0.0000 0.9700
8 96.4548 124.9745 2 3 0 0 0.9873 0 1 0 0.0000 0.9700
8 107.6510 124.9763 2 2 0 1 0.8112 1 1 0 0.0000 0.9700
8 104.5539 75.9852 3 3 0 1 0.8073 1 1 0 0.0000 0.9700
8 113.0986 110.6975 2 1 0 0 1.0276 0 1 0 0.0000 0.9700
8 126.2479 93.8255 4 4 0 1 1.3328 1 1 0 0.0000 0.9700
8 136.8027 115.4470 4 4 0 1 0.6552 1 1 0 0.0000 0.9700
8 84.3613 143.2540 2 2 0 1 2.0239 1 1 0 0.0000 0.9700
8 51.4384 108.5347 1 1 0 1 0.9310 1 1 0 0.0000 0.9700
8 69.8300 103.9540 1 1 0 1 1.0910 1 1 0 0.0000 0.9700
8 94.4599 89.8636 3 3 0 1 1.1258 1 1 0 0.0000 0.9700
8 96.1304 74.5303 3 3 0 1 0.8258 1 1 0 0.0000 0.9700
8 95.6192 81.2971 3 3 0 1 1.1914 1 1 0 0.0000 0.9700
8 81.3311 81.8530 1 3 0 0 0.8933 0 1 0 0.0000 0.9700
8 96.8514 93.5220 1 3 0 0 0.9557 0 1 0 0.0000 0.9700
8 98.9164 142.1705 2 2 0 1 1.2285 1 1 0 0.0000 0.9700
8 102.2557 91.8934 3 3 0 1 2.4200 1 1 0 0.0000 0.9700
8 137.7972 100.4247 4 4 0 1 0.5056 1 1 0 0.0000 0.9700
8 63.0102 111.5537 1 1 0 1 1.2308 1 1 0 0.0000 0.9700
8 71.1468 98.6645 1 1 0 1 0.9179 1 1 0 0.0000 0.9700
9 70.7976 95.5266 1 1 0 1 1.1782 1 1 0 0.0000 0.9700
9 78.0881 134.8433 2 2 0 1 1.0399 1 1 0 0.0000 0.9700
9 136.6643 105.0332 4 4 0 1 0.7855 1 1 0 0.0000 0.9700
9 117.8498 104.5631 4 4 0 1 1.5338 1 1 0 0.0000 0.9700
9 85.1726 84.3353 1 3 0 0 1.4358 0 1 0 0.0000 0.9700
9 79.8331 109.3147 1 1 0 1 0.5530 1 1 0 0.0000 0.9700
9 118.1874 104.7384 4 4 0 1 1.1985 1 1 0 0.0000 0.9700
9 143.6140 95.9601 4 4 0 1 0.7905 1 1 0 0.0000 0.9700
9 93.6683 67.5234 3 1 0 0 0.7860 0 1 0 0.0000 0.9700
9 122.2716 97.8254 4 3 0 0 0.6390 0 1 0 0.0000 0.9700
9 96.2220 119.3550 2 3 0 0 0.6144 0 1 0 0.0000 0.9700
9 98.0184 84.3762 3 1 0 0 1.0383 0 1 0 0.0000 0.9700
9 91.7822 124.1051 2 2 0 1 1.1684 1 1 0 0.0000 0.9700
9 109.8450 73.7830 3 4 0 0 1.3655 0 1 0 0.0000 0.9700
9 136.2692 109.1555 4 4 0 1 0.6399 1 1 0 0.0000 0.9700
9 92.6224 121.3498 2 1 0 0 3.0954 0 1 0 0.0000 0.9700
9 104.3078 130.6184 2 2 0 1 1.2639 1 1 0 0.0000 0.9700
9 105.6745 113.8609 2 2 0 1 1.7530 1 1 0 0.0000 0.9700
9 108.9303 81.9381 4 3 0 0 1.0394 0 1 0 0.0000 0.9700
9 93.9527 116.2486 2 2 0 1 0.9935 1 1 0 0.0000 0.9700
9 98.4903 82.6266 3 3 0 1 1.6837 1 1 0 0.0000 0.9700
9 97.3481 129.1895 2 2 0 1 1.0145 1 1 0 0.0000 0.9700
9 98.2771 121.0598 2 2 0 1 1.9444 1 1 0 0.0000 0.9700
9 110.2706 135.7376 2 2 0 1 0.8968 1 1 0 0.0000 0.9700
9 119.7651 117.6533 2 4 0 0 0.7188 0 1 0 0.0000 0.9700
9 129.6425 91.9746 4 3 0 0 1.0644 0 1 0 0.0000 0.9700
9 108.4486 68.6553 3 4 0 0 0.7311 0 1 0 0.0000 0.9700
9 59.6690 94.7477 1 1 0 1 1.0136 1 1 0 0.0000 0.9700
9 53.1331 82.5922 1 1 0 1 0.8407 1 1 0 0.0000 0.9700
9 117.5010 78.0190 3 3 0 1 1.2878 1 1 0 0.0000 0.9700
9 140.8232 100.9438 4 4 0 1 0.8166 1 1 0 0.0000 0.9700
9 66.1666 70.6993 1 1 0 1 1.0530 1 1 0 0.0000 0.9700
9 106.3064 69.9625 3 3 0 1 2.1925 1 1 0 0.0000 0.9700
9 73.2713 112.1859 1 1 0 1 1.2485 1 1 0 0.0000 0.9700
9 128.3816 97.9748 4 4 0 1 0.7285 1 1 0 0.0000 0.9700
9 82.7853 71.5963 3 1 0 0 1.1877 0 1 0 0.0000 0.9700
9 83.0973 99.6898 1 1 0 1 1.8192 1 1 0 0.0000 0.9700
9 99.7772 123.8030 2 2 0 1 1.0925 1 1 0 0.0000 0.9700
9 85.2607 84.4604 1 3 0 0 0.9840 0 1 0 0.0000 0.9700
9 134.6237 92.0509 4 4 0 1 0.7295 1 1 0 0.0000 0.9700
9 69.0852 87.0812 1 1 0 1 1.3488 1 1 0 0.0000 0.9700
9 80.0097 106.6956 1 1 0 1 0.7193 1 1 0 0.0000 0.9700
9 96.1417 70.8354 3 3 0 1 1.0347 1 1 0 0.0000 0.9700
9 69.6821 91.3549 1 3 0 0 1.1339 0 1 0 0.0000 0.9700
9 135.9208 94.1744 4 4 0 1 2.2429 1 1 0 0.0000 0.9700
9 86.0869 61.6301 3 3 0 1 1.4442 1 1 0 0.0000 0.9700
9 96.0948 76.7071 3 3 0 1 1.1525 1 1 0 0.0000 0.9700
9 89.3754 80.2530 3 3 0 1 1.2702 1 1 0 0.0000 0.9700
9 91.0872 110.3567 2 3 0 0 0.7673 0 1 0 0.0000 0.9700
9 101.1053 71.3264 3 2 0 0 0.7313 0 1 0 0.0000 0.9700
