1 60.9801 93.5680 1 2 0 0 6.4247 0 1 0 0.0000 0.0000
1 105.3467 81.1106 3 1 0 0 0.8072 0 1 0 0.0000 0.0000
1 79.8248 110.0313 1 3 0 0 0.5477 0 1 0 0.0000 0.0000
1 114.5423 65.2524 3 4 0 0 0.2649 0 1 0 0.0000 0.0000
1 95.3532 130.8562 2 2 0 1 0.8860 1 1 0 0.0000 0.0000
1 103.7433 91.3476 4 2 0 0 0.6275 0 1 0 0.0000 0.0000
1 55.9682 101.5119 1 3 0 0 0.7784 0 1 0 0.0000 0.0000
1 109.4130 86.6045 3 4 0 0 0.9176 0 1 0 0.0000 0.0000
1 80.3630 107.5832 1 2 0 0 0.7564 0 1 0 0.0000 0.0000
1 88.8389 138.9016 2 2 0 1 0.5267 1 1 0 0.0000 0.0000
1 94.4080 49.6970 3 1 0 0 1.1387 0 1 0 0.0000 0.0000
1 101.7032 60.1956 3 3 0 1 1.0638 1 1 0 0.0000 0.0000
1 100.1946 133.4809 2 4 0 0 1.5138 0 1 0 0.0000 0.0000
1 101.9270 124.9169 2 4 0 0 0.8394 0 1 0 0.0000 0.0000
1 124.6191 98.2480 4 4 0 1 0.5638 1 1 0 0.0000 0.0000
1 77.0428 103.0216 1 2 0 0 0.7925 0 1 0 0.0000 0.0000
1 135.1553 91.0800 4 2 0 0 0.9322 0 1 0 0.0000 0.0000
1 71.3646 100.4742 1 1 0 1 1.4265 1 1 0 0.0000 0.0000
1 109.8450 73.7830 3 2 0 0 1.0544 0 1 0 0.0000 0.0000
1 93.2724 118.2552 2 2 0 1 0.7202 1 1 0 0.0000 0.0000
1 117.8498 104.5631 4 4 0 1 0.7452 1 1 0 0.0000 0.0000
1 131.2836 106.8547 4 3 0 0 1.1704 0 1 0 0.0000 0.0000
1 143.8585 102.7132 4 3 0 0 0.4228 0 1 0 0.0000 0.0000
1 117.3649 99.6703 4 3 0 0 0.5519 0 1 0 0.0000 0.0000
1 104.1968 141.2735 2 3 0 0 0.5091 0 1 0 0.0000 0.0000
1 113.2000 100.1867 4 3 0 0 0.4163 0 1 0 0.0000 0.0000
1 132.6607 101.5893 4 3 0 0 0.0494 0 1 0 0.0000 0.0000
1 109.2279 139.7944 2 3 0 0 0.2175 0 1 0 0.0000 0.0000
1 106.5451 94.5860 4 3 0 0 0.1331 0 1 0 0.0000 0.0000
1 101.3815 73.0170 3 3 0 1 0.3190 1 1 0 0.0000 0.0000
1 126.4884 92.9181 4 4 0 1 1.2138 1 1 0 0.0000 0.0000
1 104.9284 74.3248 3 3 0 1 1.2506 1 1 0 0.0000 0.0000
1 113.6511 134.4659 2 2 0 1 1.6253 1 1 0 0.0000 0.0000
1 98.0313 85.9155 3 1 0 0 2.5372 0 1 0 0.0000 0.0000
1 71.1379 121.6782 1 1 0 1 0.8497 1 1 0 0.0000 0.0000
1 69.5087 113.4943 1 1 0 1 0.7193 1 1 0 0.0000 0.0000
1 93.0651 64.7039 3 1 0 0 1.4652 0 1 0 0.0000 0.0000
1 99.8400 81.4098 3 4 0 0 0.8696 0 1 0 0.0000 0.0000
1 97.4285 121.9249 2 3 0 0 1.8743 0 1 0 0.0000 0.0000
1 77.8577 103.2591 1 1 0 1 0.8880 1 1 0 0.0000 0.0000
1 108.7611 66.5369 3 1 0 0 4.1182 0 1 0 0.0000 0.0000
1 92.9690 69.1337 3 1 0 0 0.6954 0 1 0 0.0000 0.0000
1 103.2945 76.8177 3 1 0 0 0.4814 0 1 0 0.0000 0.0000
1 71.9726 116.2312 1 1 0 1 0.2470 1 1 0 0.0000 0.0000
1 134.6526 106.7230 4 4 0 1 1.3821 1 1 0 0.0000 0.0000
1 90.4904 90.7713 1 1 0 1 1.3125 1 1 0 0.0000 0.0000
1 107.9754 122.2757 2 2 0 1 1.2261 1 1 0 0.0000 0.0000
1 146.6449 104.1139 4 3 0 0 0.7049 0 1 0 0.0000 0.0000
1 111.3216 66.9400 3 3 0 1 0.6325 1 1 0 0.0000 0.0000
1 102.1550 55.7520 3 3 0 1 0.9276 1 1 0 0.0000 0.0000
1 67.4598 105.3197 1 1 0 1 0.7503 1 1 0 0.0000 0.0000
1 137.0804 110.1187 4 4 0 1 0.8407 1 1 0 0.0000 0.0000
1 109.1853 138.0732 2 2 0 1 0.7888 1 1 0 0.0000 0.0000
1 127.9187 108.3813 4 4 0 1 1.1043 1 1 0 0.0000 0.0000
1 89.8963 132.1882 2 2 0 1 1.8110 1 1 0 0.0000 0.0000
1 99.3557 122.9250 2 2 0 1 1.1759 1 1 0 0.0000 0.0000
1 101.9112 68.7101 3 3 0 1 1.1806 1 1 0 0.0000 0.0000
1 124.5032 100.2541 4 4 0 1 1.4738 1 1 0 0.0000 0.0000
1 61.9010 110.7270 1 1 0 1 0.4934 1 1 0 0.0000 0.0000
1 137.3462 113.9915 4 4 0 1 0.8181 1 1 0 0.0000 0.0000
1 137.3987 90.8951 4 4 0 1 0.7817 1 1 0 0.0000 0.0000
1 108.6715 117.6680 2 3 0 0 1.7352 0 1 0 0.0000 0.0000
1 129.5553 104.7185 4 3 0 0 1.2896 0 1 0 0.0000 0.0000
1 134.8970 112.8241 4 4 0 1 1.0412 1 1 0 0.0000 0.0000
1 56.6860 103.5982 1 1 0 1 0.7539 1 1 0 0.0000 0.0000
1 133.5661 96.3853 4 4 0 1 1.1173 1 1 0 0.0000 0.0000
1 57.3956 106.8825 1 1 0 1 0.9128 1 1 0 0.0000 0.0000
1 69.0852 87.0812 1 1 0 1 0.6399 1 1 0 0.0000 0.0000
1 140.5597 95.9058 4 4 0 1 0.9523 1 1 0 0.0000 0.0000
1 108.8790 128.9527 2 2 0 1 2.4550 1 1 0 0.0000 0.0000
1 92.7225 150.3744 2 3 0 0 1.9969 0 1 0 0.0000 0.0000
1 100.5643 73.9713 3 3 0 1 0.8874 1 1 0 0.0000 0.0000
1 90.9195 50.3999 3 3 0 1 1.6686 1 1 0 0.0000 0.0000
1 95.9064 128.1414 2 2 0 1 3.1092 1 1 0 0.0000 0.0000
1 93.4160 96.6826 1 2 0 0 1.3245 0 1 0 0.0000 0.0000
1 89.6134 63.6083 3 3 0 1 0.5969 1 1 0 0.0000 0.0000
1 111.1157 67.1623 3 3 0 1 1.4024 1 1 0 0.0000 0.0000
1 97.1936 128.5897 2 3 0 0 0.8692 0 1 0 0.0000 0.0000
1 121.0435 119.9764 2 2 0 1 0.8176 1 1 0 0.0000 0.0000
1 79.3883 101.9495 1 1 0 1 3.9018 1 1 0 0.0000 0.0000
1 96.4990 80.8376 3 1 0 0 0.7460 0 1 0 0.0000 0.0000
1 129.4991 98.6783 4 4 0 1 1.3966 1 1 0 0.0000 0.0000
1 146.5705 88.5627 4 4 0 1 0.7346 1 1 0 0.0000 0.0000
1 90.4349 136.3736 2 1 0 0 1.2074 0 1 0 0.0000 0.0000
1 76.4013 95.2955 1 1 0 1 0.4466 1 1 0 0.0000 0.0000
1 118.5892 107.7876 2 4 0 0 3.2661 0 1 0 0.0000 0.0000
1 67.2599 96.2754 1 1 0 1 0.7477 1 1 0 0.0000 0.0000
1 106.3317 61.3886 3 4 0 0 1.5589 0 1 0 0.0000 0.0000
1 109.5893 66.1443 3 3 0 1 0.7564 1 1 0 0.0000 0.0000
1 64.4410 99.6203 1 1 0 1 0.7336 1 1 0 0.0000 0.0000
1 68.2180 104.2906 1 1 0 1 0.7280 1 1 0 0.0000 0.0000
1 87.7432 121.7098 2 2 0 1 1.1868 1 1 0 0.0000 0.0000
1 51.4384 108.5347 1 1 0 1 0.5838 1 1 0 0.0000 0.0000
1 134.6237 92.0509 4 4 0 1 0.7023 1 1 0 0.0000 0.0000
1 67.0568 102.8144 1 1 0 1 0.9823 1 1 0 0.0000 0.0000
1 74.4056 94.8732 1 1 0 1 0.5666 1 1 0 0.0000 0.0000
1 103.8039 134.0234 2 2 0 1 3.1970 1 1 0 0.0000 0.0000
1 109.0030 126.8378 2 2 0 1 1.2066 1 1 0 0.0000 0.0000
1 91.6975 118.6216 2 2 0 1 3.9636 1 1 0 0.0000 0.0000
1 103.6479 80.3249 3 2 0 0 1.7683 0 1 0 0.0000 0.0000
2 78.4511 105.1860 1 1 0 1 1.2262 1 1 0 0.0000 0.0000
2 104.8713 112.1152 2 2 0 1 2.3236 1 1 0 0.0000 0.0000
2 98.5304 129.2492 2 2 0 1 1.0136 1 1 0 0.0000 0.0000
2 63.6398 102.4741 1 1 0 1 0.8076 1 1 0 0.0000 0.0000
2 69.1136 108.5233 1 1 0 1 0.5483 1 1 0 0.0000 0.0000
2 67.6983 96.7664 1 1 0 1 0.7311 1 1 0 0.0000 0.0000
2 108.4486 68.6553 3 4 0 0 0.8694 0 1 0 0.0000 0.0000
2 105.9102 134.8433 2 2 0 1 1.0099 1 1 0 0.0000 0.0000
2 103.7936 74.4077 3 3 0 1 2.7386 1 1 0 0.0000 0.0000
2 100.2263 73.7651 3 3 0 1 3.5673 1 1 0 0.0000 0.0000
2 103.3468 81.9164 3 4 0 0 0.9778 0 1 0 0.0000 0.0000
2 120.2761 123.7163 2 4 0 0 0.7693 0 1 0 0.0000 0.0000
2 133.9920 82.4607 4 4 0 1 1.0993 1 1 0 0.0000 0.0000
2 92.8701 115.4010 2 2 0 1 4.7340 1 1 0 0.0000 0.0000
2 103.8216 160.6784 2 2 0 1 4.9431 1 1 0 0.0000 0.0000
2 97.8026 130.4800 2 2 0 1 0.9503 1 1 0 0.0000 0.0000
2 117.2038 70.5478 3 3 0 1 1.3811 1 1 0 0.0000 0.0000
2 64.4745 77.5333 1 1 0 1 0.6702 1 1 0 0.0000 0.0000
2 93.3553 104.9840 1 2 0 0 3.7998 0 1 0 0.0000 0.0000
2 91.7822 124.1051 2 2 0 1 0.7194 1 1 0 0.0000 0.0000
2 126.2479 93.8255 4 4 0 1 1.0006 1 1 0 0.0000 0.0000
2 83.2440 87.2348 3 3 0 1 2.2965 1 1 0 0.0000 0.0000
2 98.5767 125.9519 2 2 0 1 1.7852 1 1 0 0.0000 0.0000
2 68.5902 111.2368 1 1 0 1 0.6397 1 1 0 0.0000 0.0000
2 65.5803 106.6743 1 1 0 1 3.6711 1 1 0 0.0000 0.0000
2 81.7712 111.1103 1 1 0 1 1.0052 1 1 0 0.0000 0.0000
2 87.6885 64.6841 3 1 0 0 1.2303 0 1 0 0.0000 0.0000
2 102.1152 59.2238 3 3 0 1 2.1659 1 1 0 0.0000 0.0000
2 82.7276 60.7880 3 3 0 1 0.7875 1 1 0 0.0000 0.0000
2 80.0097 106.6956 1 3 0 0 1.1019 0 1 0 0.0000 0.0000
2 61.8078 120.1106 1 1 0 1 1.3126 1 1 0 0.0000 0.0000
2 134.4524 99.3927 4 4 0 1 0.9062 1 1 0 0.0000 0.0000
2 111.8529 106.1376 4 4 0 1 1.2078 1 1 0 0.0000 0.0000
2 119.6989 106.1292 4 4 0 1 0.8765 1 1 0 0.0000 0.0000
2 101.1719 119.2859 2 4 0 0 0.7938 0 1 0 0.0000 0.0000
2 105.6702 73.1600 3 4 0 0 1.2361 0 1 0 0.0000 0.0000
2 126.1778 99.7698 4 3 0 0 0.5534 0 1 0 0.0000 0.0000
2 104.0930 67.8945 3 3 0 1 0.5253 1 1 0 0.0000 0.0000
2 127.7061 107.1893 4 2 0 0 1.1045 0 1 0 0.0000 0.0000
2 69.6821 91.3549 1 1 0 1 1.8924 1 1 0 0.0000 0.0000
2 66.3930 108.7872 1 1 0 1 0.7004 1 1 0 0.0000 0.0000
2 112.4084 118.7632 4 2 0 0 9.1737 0 1 0 0.0000 0.0000
2 64.8705 105.0281 1 1 0 1 0.6651 1 1 0 0.0000 0.0000
2 86.8404 95.0285 3 1 0 0 1.6330 0 1 0 0.0000 0.0000
2 135.9208 94.1744 4 4 0 1 0.8182 1 1 0 0.0000 0.0000
2 72.0866 111.0079 1 2 0 0 1.9490 0 1 0 0.0000 0.0000
2 56.4131 94.2644 1 1 0 1 0.8222 1 1 0 0.0000 0.0000
2 133.3841 95.1198 4 3 0 0 4.7376 0 1 0 0.0000 0.0000
2 133.6609 106.8919 4 2 0 0 1.3133 0 1 0 0.0000 0.0000
2 98.2988 66.6219 3 1 0 0 1.2581 0 1 0 0.0000 0.0000
2 110.4730 86.6673 3 3 0 1 0.8191 1 1 0 0.0000 0.0000
2 91.6651 129.7944 2 2 0 1 1.3277 1 1 0 0.0000 0.0000
2 125.7579 107.7674 4 4 0 1 2.1843 1 1 0 0.0000 0.0000
2 71.7453 107.3721 1 1 0 1 1.3663 1 1 0 0.0000 0.0000
2 133.6930 86.1741 4 3 0 0 0.9615 0 1 0 0.0000 0.0000
2 101.3003 118.2468 2 4 0 0 0.5770 0 1 0 0.0000 0.0000
2 136.1951 109.8769 4 4 0 1 1.2706 1 1 0 0.0000 0.0000
2 99.2808 114.3206 2 3 0 0 1.0226 0 1 0 0.0000 0.0000
2 100.4068 124.7725 2 1 0 0 1.3750 0 1 0 0.0000 0.0000
2 143.6517 112.9284 4 4 0 1 0.7625 1 1 0 0.0000 0.0000
2 78.1628 109.6438 1 1 0 1 3.6205 1 1 0 0.0000 0.0000
2 105.5620 113.2681 2 2 0 1 11.8485 1 1 0 0.0000 0.0000
2 104.8871 113.3817 2 2 0 1 1.8395 1 1 0 0.0000 0.0000
2 100.2628 126.5816 2 2 0 1 1.4295 1 1 0 0.0000 0.0000
2 90.6607 114.7931 2 2 0 1 2.7202 1 1 0 0.0000 0.0000
2 55.6794 110.5232 1 1 0 1 0.8631 1 1 0 0.0000 0.0000
2 93.6683 67.5234 3 3 0 1 1.3262 1 1 0 0.0000 0.0000
2 125.8238 82.1636 4 4 0 1 1.8149 1 1 0 0.0000 0.0000
2 103.6137 74.1008 3 3 0 1 2.0597 1 1 0 0.0000 0.0000
2 124.2482 90.8835 4 4 0 1 10.5017 1 1 0 0.0000 0.0000
2 77.9959 133.3717 2 2 0 1 1.9136 1 1 0 0.0000 0.0000
2 95.7718 76.3855 3 3 0 1 3.4587 1 1 0 0.0000 0.0000
2 103.4128 73.7752 3 3 0 1 1.0404 1 1 0 0.0000 0.0000
2 108.5905 150.0014 2 2 0 1 10.5940 1 1 0 0.0000 0.0000
2 117.5010 78.0190 3 3 0 1 1.1609 1 1 0 0.0000 0.0000
2 119.6669 98.9626 4 3 0 0 7.7411 0 1 0 0.0000 0.0000
2 53.2597 97.6524 1 1 0 1 0.6657 1 1 0 0.0000 0.0000
2 104.7658 137.1957 2 2 0 1 1.9376 1 1 0 0.0000 0.0000
2 76.3090 94.5660 1 2 0 0 2.4444 0 1 0 0.0000 0.0000
2 107.9136 64.3814 3 3 0 1 1.0907 1 1 0 0.0000 0.0000
2 121.8793 109.9178 4 2 0 0 1.6210 0 1 0 0.0000 0.0000
2 137.0833 98.5415 4 3 0 0 0.9195 0 1 0 0.0000 0.0000
2 101.1555 128.3788 2 2 0 1 3.9258 1 1 0 0.0000 0.0000
2 96.4923 64.0008 3 2 0 0 1.2338 0 1 0 0.0000 0.0000
2 74.1195 99.1445 1 3 0 0 4.5205 0 1 0 0.0000 0.0000
2 105.3632 117.7025 2 3 0 0 0.8665 0 1 0 0.0000 0.0000
2 103.5842 78.5183 3 2 0 0 1.3113 0 1 0 0.0000 0.0000
2 150.6347 101.2032 4 4 0 1 1.0641 1 1 0 0.0000 0.0000
2 122.1670 87.2851 4 4 0 1 1.3860 1 1 0 0.0000 0.0000
2 122.1147 103.2817 4 4 0 1 1.0445 1 1 0 0.0000 0.0000
2 86.6962 51.7089 3 3 0 1 1.0144 1 1 0 0.0000 0.0000
2 107.6510 124.9763 2 2 0 1 1.5903 1 1 0 0.0000 0.0000
2 85.1726 84.3353 1 1 0 1 1.3031 1 1 0 0.0000 0.0000
2 123.7680 91.1913 4 3 0 0 1.2663 0 1 0 0.0000 0.0000
2 110.6893 65.7843 3 3 0 1 0.9527 1 1 0 0.0000 0.0000
2 79.9131 104.8711 1 2 0 0 1.7670 0 1 0 0.0000 0.0000
2 110.4242 97.2032 4 2 0 0 1.1646 0 1 0 0.0000 0.0000
2 102.0303 55.2700 3 3 0 1 46.6406 1 1 0 0.0000 0.0000
2 77.5715 109.9897 1 2 0 0 1.3006 0 1 0 0.0000 0.0000
2 111.1747 126.9010 2 2 0 1 0.8937 1 1 0 0.0000 0.0000
3 122.0531 99.8556 4 4 0 1 1.0182 1 1 0 0.0000 0.0000
3 129.6642 100.7962 4 4 0 1 0.5932 1 1 0 0.0000 0.0000
3 72.9761 91.8513 1 1 0 1 0.6468 1 1 0 0.0000 0.0000
3 128.0954 100.7774 4 4 0 1 0.7672 1 1 0 0.0000 0.0000
3 105.0474 72.4231 3 3 0 1 1.8339 1 1 0 0.0000 0.0000
3 129.6425 91.9746 4 4 0 1 0.7679 1 1 0 0.0000 0.0000
3 104.9014 118.6219 2 3 0 0 0.9547 0 1 0 0.0000 0.0000
3 101.0772 80.8251 3 3 0 1 0.4742 1 1 0 0.0000 0.0000
3 107.4892 144.6437 2 2 0 1 0.9583 1 1 0 0.0000 0.0000
3 87.5448 133.7851 2 2 0 1 1.4386 1 1 0 0.0000 0.0000
3 91.5153 109.5289 2 2 0 1 2.5717 1 1 0 0.0000 0.0000
3 98.1793 69.0923 3 3 0 1 0.9813 1 1 0 0.0000 0.0000
3 90.7955 75.5635 3 3 0 1 11.5398 1 1 0 0.0000 0.0000
3 90.7604 118.0055 2 2 0 1 1.1224 1 1 0 0.0000 0.0000
3 126.8054 79.3947 4 4 0 1 1.2228 1 1 0 0.0000 0.0000
3 114.0655 154.3119 2 4 0 0 1.3723 0 1 0 0.0000 0.0000
3 79.8961 81.1035 3 1 0 0 1.7819 0 1 0 0.0000 0.0000
3 117.2242 127.3864 2 4 0 0 16.5405 0 1 0 0.0000 0.0000
3 68.0811 97.2900 1 1 0 1 0.8273 1 1 0 0.0000 0.0000
3 97.8579 128.1863 2 2 0 1 1.6876 1 1 0 0.0000 0.0000
3 99.8924 122.9074 2 2 0 1 2.1856 1 1 0 0.0000 0.0000
3 87.4933 102.6541 1 3 0 0 2.0260 0 1 0 0.0000 0.0000
3 76.8107 106.3702 1 2 0 0 2.2447 0 1 0 0.0000 0.0000
3 94.8941 72.0194 3 3 0 1 0.9495 1 1 0 0.0000 0.0000
3 79.8331 109.3147 1 3 0 0 1.9403 0 1 0 0.0000 0.0000
3 96.2220 119.3550 2 2 0 1 3.9170 1 1 0 0.0000 0.0000
3 88.7273 138.5179 2 2 0 1 1.3686 1 1 0 0.0000 0.0000
3 99.2885 68.1986 3 3 0 1 0.7074 1 1 0 0.0000 0.0000
3 110.2706 135.7376 2 2 0 1 2.6196 1 1 0 0.0000 0.0000
3 66.6809 92.0205 1 1 0 1 2.4873 1 1 0 0.0000 0.0000
3 139.6484 97.5681 4 4 0 1 0.7832 1 1 0 0.0000 0.0000
3 93.9527 116.2486 2 2 0 1 2.1865 1 1 0 0.0000 0.0000
3 72.5930 121.4012 1 2 0 0 2.5220 0 1 0 0.0000 0.0000
3 103.4926 123.8252 2 4 0 0 4.1938 0 1 0 0.0000 0.0000
3 133.5203 113.6583 4 4 0 1 0.6755 1 1 0 0.0000 0.0000
3 108.9303 81.9381 4 3 0 0 1.2107 0 1 0 0.0000 0.0000
3 74.0738 99.6458 1 1 0 1 3.7770 1 1 0 0.0000 0.0000
3 121.8181 81.1996 4 3 0 0 9.9315 0 1 0 0.0000 0.0000
3 66.1732 98.4152 1 1 0 1 0.7045 1 1 0 0.0000 0.0000
3 109.0160 110.1222 4 2 0 0 20.1547 0 1 0 0.0000 0.0000
3 137.4330 97.0950 4 4 0 1 0.8399 1 1 0 0.0000 0.0000
3 63.4951 112.7103 1 1 0 1 0.5807 1 1 0 0.0000 0.0000
3 124.4834 113.4982 4 2 0 0 2.0442 0 1 0 0.0000 0.0000
3 82.2037 101.0427 1 3 0 0 2.3290 0 1 0 0.0000 0.0000
3 73.6090 100.0768 1 1 0 1 0.7145 1 1 0 0.0000 0.0000
3 144.1202 106.3873 4 4 0 1 0.8861 1 1 0 0.0000 0.0000
3 116.7106 100.2723 4 3 0 0 1.1877 0 1 0 0.0000 0.0000
3 96.1417 70.8354 3 3 0 1 0.3789 1 1 0 0.0000 0.0000
3 107.5802 141.2795 2 2 0 1 2.2185 1 1 0 0.0000 0.0000
3 106.9334 125.3360 2 2 0 1 1.1636 1 1 0 0.0000 0.0000
3 94.5770 65.3457 3 3 0 1 0.8500 1 1 0 0.0000 0.0000
3 114.2944 103.6657 4 2 0 0 4.1263 0 1 0 0.0000 0.0000
3 101.8316 65.4209 3 3 0 1 0.9271 1 1 0 0.0000 0.0000
3 79.9215 80.1434 1 3 0 0 28.8761 0 1 0 0.0000 0.0000
3 100.2864 72.4270 3 3 0 1 1.2236 1 1 0 0.0000 0.0000
3 65.7857 99.0509 1 1 0 1 0.9096 1 1 0 0.0000 0.0000
3 77.0563 105.1720 1 2 0 0 1.5967 0 1 0 0.0000 0.0000
3 104.7057 119.4283 2 2 0 1 0.9571 1 1 0 0.0000 0.0000
3 124.8673 94.9131 4 3 0 0 5.0533 0 1 0 0.0000 0.0000
3 115.4950 102.4642 4 3 0 0 1.0503 0 1 0 0.0000 0.0000
3 143.6140 95.9601 4 3 0 0 4.0785 0 1 0 0.0000 0.0000
3 100.2872 72.8516 3 3 0 1 2.5253 1 1 0 0.0000 0.0000
3 78.1565 106.1586 1 1 0 1 1.2669 1 1 0 0.0000 0.0000
3 52.2791 89.7587 1 1 0 1 0.7465 1 1 0 0.0000 0.0000
3 93.9370 62.4624 3 3 0 1 2.4532 1 1 0 0.0000 0.0000
3 115.3325 116.7625 2 3 0 0 2.3487 0 1 0 0.0000 0.0000
3 87.1385 149.7429 2 2 0 1 2.0799 1 1 0 0.0000 0.0000
3 116.0171 54.0204 3 3 0 1 3.9163 1 1 0 0.0000 0.0000
3 63.6886 99.3253 1 1 0 1 3.0314 1 1 0 0.0000 0.0000
3 137.0168 95.2159 4 4 0 1 1.7406 1 1 0 0.0000 0.0000
3 131.7155 99.7142 4 4 0 1 0.8002 1 1 0 0.0000 0.0000
3 136.8027 115.4470 4 4 0 1 0.6678 1 1 0 0.0000 0.0000
3 115.8688 77.2415 3 2 0 0 3.3333 0 1 0 0.0000 0.0000
3 88.9518 121.9229 2 2 0 1 0.5153 1 1 0 0.0000 0.0000
3 98.2771 121.0598 2 3 0 0 0.8708 0 1 0 0.0000 0.0000
3 83.6900 97.7592 1 3 0 0 0.8673 0 1 0 0.0000 0.0000
3 78.2270 104.3290 1 3 0 0 2.3028 0 1 0 0.0000 0.0000
3 111.5165 115.1448 2 3 0 0 1.1843 0 1 0 0.0000 0.0000
3 89.6707 66.7162 3 3 0 1 1.1736 1 1 0 0.0000 0.0000
3 103.8987 52.9844 3 3 0 1 0.9379 1 1 0 0.0000 0.0000
3 78.5336 135.8575 2 3 0 0 12.0076 0 1 0 0.0000 0.0000
3 113.0291 96.0229 4 3 0 0 0.8341 0 1 0 0.0000 0.0000
3 65.6183 91.4331 1 1 0 1 0.7497 1 1 0 0.0000 0.0000
3 63.4358 97.9667 1 1 0 1 1.2094 1 1 0 0.0000 0.0000
3 105.3527 58.0847 3 3 0 1 13.2014 1 1 0 0.0000 0.0000
3 42.7977 98.7857 1 1 0 1 0.6663 1 1 0 0.0000 0.0000
3 49.0672 104.1744 1 1 0 1 0.9471 1 1 0 0.0000 0.0000
3 114.6830 141.2372 2 2 0 1 1.7159 1 1 0 0.0000 0.0000
3 87.7027 99.6187 1 3 0 0 3.5910 0 1 0 0.0000 0.0000
3 94.4389 74.6188 3 3 0 1 0.7295 1 1 0 0.0000 0.0000
3 104.7419 95.8541 4 3 0 0 1.4906 0 1 0 0.0000 0.0000
3 107.6564 76.9826 3 3 0 1 0.9922 1 1 0 0.0000 0.0000
3 104.5617 56.6949 3 3 0 1 0.6878 1 1 0 0.0000 0.0000
3 125.0165 87.0374 4 4 0 1 1.2237 1 1 0 0.0000 0.0000
3 86.0869 61.6301 3 1 0 0 2.0780 0 1 0 0.0000 0.0000
3 105.8389 59.3266 3 3 0 1 1.1964 1 1 0 0.0000 0.0000
3 100.9880 121.5908 2 3 0 0 0.8336 0 1 0 0.0000 0.0000
3 128.3816 97.9748 4 3 0 0 23.3732 0 1 0 0.0000 0.0000
3 93.1776 65.4764 3 3 0 1 14.6970 1 1 0 0.0000 0.0000
3 101.9013 52.5659 3 3 0 1 0.7464 1 1 0 0.0000 0.0000
4 81.3311 81.8530 1 1 1 1 1.7222 1 0 0 0.0000 0.0000
4 108.3587 74.9542 3 3 2 1 1.6039 0 0 0 0.0000 0.0000
4 69.4482 106.4665 1 1 3 1 0.6119 0 0 0 0.0000 0.0000
4 95.1936 94.8259 3 4 1 0 1.0035 0 0 0 0.0000 0.0000
4 99.8686 69.5788 3 3 3 1 0.9251 1 0 0 0.0000 0.0000
4 132.7079 98.4518 4 4 1 1 1.1478 0 0 0 0.0000 0.0000
4 71.1015 89.3096 1 3 4 0 2.6729 0 0 0 0.0000 0.0000
4 80.5136 110.9438 1 2 1 0 1.1477 0 0 0 0.0000 0.0000
4 123.5913 90.9964 3 2 1 0 0.6733 0 0 0 0.0000 0.0000
4 88.1528 75.4018 3 2 3 0 0.6657 0 0 0 0.0000 0.0000
4 123.0373 92.7710 4 2 3 0 0.3393 0 0 0 0.0000 0.0000
4 64.3651 104.8376 1 1 3 1 0.9009 0 0 0 0.0000 0.0000
4 95.6356 122.0070 2 4 4 0 2.0363 1 0 0 0.0000 0.0000
4 92.6224 121.3498 2 4 4 0 3.9354 1 0 0 0.0000 0.0000
4 101.5544 85.0108 3 1 2 0 2.2995 0 0 0 0.0000 0.0000
4 123.1753 102.4976 4 1 3 0 5.6309 0 0 0 0.0000 0.0000
4 67.7185 92.3521 1 1 4 1 0.7602 0 0 0 0.0000 0.0000
4 133.6424 103.4671 4 1 4 0 0.8050 0 0 0 0.0000 0.0000
4 91.8763 91.1651 1 1 1 1 0.6273 1 0 0 0.0000 0.0000
4 107.2509 127.7588 2 1 4 0 2.5717 0 0 0 0.0000 0.0000
4 79.9510 141.1002 2 3 1 0 1.3176 0 0 0 0.0000 0.0000
4 132.4728 91.2742 4 1 4 0 2.5260 0 0 0 0.0000 0.0000
4 140.1412 112.9269 4 1 2 0 0.7592 0 0 0 0.0000 0.0000
4 94.7207 105.7847 2 3 3 0 1.1720 1 0 0 0.0000 0.0000
4 89.9558 64.8627 3 1 4 0 5.3202 0 0 0 0.0000 0.0000
4 63.4817 91.5669 1 1 2 1 5.0950 0 0 0 0.0000 0.0000
4 132.9935 87.5063 4 4 3 1 11.6187 0 0 0 0.0000 0.0000
4 103.3426 114.0996 2 4 1 0 0.7241 0 0 0 0.0000 0.0000
4 83.8468 132.1807 2 4 3 0 0.7029 0 0 0 0.0000 0.0000
4 89.4633 121.3259 2 4 4 0 0.2956 1 0 0 0.0000 0.0000
4 138.9301 102.8864 4 2 1 0 0.6300 0 0 0 0.0000 0.0000
4 96.0948 76.7071 3 3 3 1 1.4232 1 0 0 0.0000 0.0000
4 94.1701 78.6328 3 3 3 1 0.7952 1 0 0 0.0000 0.0000
4 102.2557 91.8934 3 3 2 1 0.6135 0 0 0 0.0000 0.0000
4 121.7999 103.9522 4 1 1 0 0.7461 1 0 0 0.0000 0.0000
4 131.3731 96.3049 4 1 4 0 1.0615 0 0 0 0.0000 0.0000
4 98.9164 142.1705 2 1 1 0 5.5449 1 0 0 0.0000 0.0000
4 65.6660 89.5178 1 3 1 0 1.1830 0 0 0 0.0000 0.0000
4 112.0955 90.0869 4 1 2 0 2.6122 0 0 0 0.0000 0.0000
4 64.1784 95.8536 1 2 2 0 1.1034 1 0 0 0.0000 0.0000
4 108.1576 121.1709 2 1 4 0 4.7560 0 0 0 0.0000 0.0000
4 81.1348 85.8898 1 3 1 0 0.9985 0 0 0 0.0000 0.0000
4 85.8959 100.2280 1 3 2 0 0.0228 0 0 0 0.0000 0.0000
4 98.9094 143.2802 2 3 1 0 0.5416 0 0 0 0.0000 0.0000
4 95.9689 62.9362 3 3 4 1 0.2095 0 0 0 0.0000 0.0000
4 101.5874 128.6738 2 3 3 0 0.2364 1 0 0 0.0000 0.0000
4 95.9106 133.0822 2 3 2 0 1.0968 0 0 0 0.0000 0.0000
4 77.3297 102.7611 1 3 2 0 1.2591 0 0 0 0.0000 0.0000
4 82.9756 154.2510 2 3 4 0 0.5299 0 0 0 0.0000 0.0000
4 119.9412 80.9812 3 4 2 0 1.7975 0 0 0 0.0000 0.0000
4 99.0396 118.4244 2 1 1 0 1.0334 1 0 0 0.0000 0.0000
4 106.5160 71.4494 3 1 1 0 1.1314 1 0 0 0.0000 0.0000
4 66.9838 90.4158 1 2 1 0 2.0170 0 0 0 0.0000 0.0000
4 76.2416 107.6445 1 2 2 0 0.8754 1 0 0 0.0000 0.0000
4 56.7195 111.4643 1 2 3 0 1.4349 0 0 0 0.0000 0.0000
4 88.6969 141.3633 2 2 4 1 0.9685 0 0 0 0.0000 0.0000
4 94.4599 89.8636 3 2 3 0 0.8409 0 0 0 0.0000 0.0000
4 107.1687 132.0388 2 3 4 0 2.2773 0 0 0 0.0000 0.0000
4 80.5237 83.7751 3 3 1 1 1.6388 0 0 0 0.0000 0.0000
4 64.0133 119.6554 1 4 4 0 0.4547 1 0 0 0.0000 0.0000
4 101.7649 128.0355 2 1 4 0 1.7379 0 0 0 0.0000 0.0000
4 88.9937 55.4789 3 3 4 1 0.8143 0 0 0 0.0000 0.0000
4 70.1847 112.6640 1 2 2 0 0.2819 1 0 0 0.0000 0.0000
4 131.4001 98.8049 4 3 4 0 0.9538 0 0 0 0.0000 0.0000
4 95.7107 96.6214 1 2 2 0 0.5838 1 0 0 0.0000 0.0000
4 74.2789 93.9803 1 4 2 0 1.0714 0 0 0 0.0000 0.0000
4 137.7972 100.4247 4 3 1 0 1.0746 0 0 0 0.0000 0.0000
4 140.8232 100.9438 4 2 1 0 2.7565 0 0 0 0.0000 0.0000
4 97.3481 129.1895 2 1 3 0 3.8476 0 0 0 0.0000 0.0000
4 97.2248 74.9069 3 1 1 0 0.2901 1 0 0 0.0000 0.0000
4 105.6745 113.8609 2 1 3 0 0.7692 0 0 0 0.0000 0.0000
4 95.4788 69.3943 3 1 4 0 0.3332 0 0 0 0.0000 0.0000
4 122.5304 84.5825 4 3 4 0 0.4620 0 0 0 0.0000 0.0000
4 110.7196 116.0871 2 2 3 1 0.6235 0 0 0 0.0000 0.0000
4 79.3083 92.6669 1 1 3 1 0.2479 0 0 0 0.0000 0.0000
4 127.5453 108.7529 4 3 3 0 0.0855 1 0 0 0.0000 0.0000
4 62.3993 88.2892 1 2 3 0 1.5659 0 0 0 0.0000 0.0000
4 128.0394 100.6980 4 3 2 0 2.0474 0 0 0 0.0000 0.0000
4 123.1581 86.3214 3 1 1 0 1.2899 1 0 0 0.0000 0.0000
4 58.4333 101.9441 1 2 4 0 2.5473 0 0 0 0.0000 0.0000
4 116.9842 121.0366 4 1 4 0 0.9406 0 0 0 0.0000 0.0000
4 94.9339 58.1167 3 1 2 0 1.5977 0 0 0 0.0000 0.0000
4 116.1249 104.1484 4 3 3 0 1.6621 1 0 0 0.0000 0.0000
4 127.3768 98.4144 4 3 2 0 0.7032 0 0 0 0.0000 0.0000
4 104.8418 64.5808 3 3 1 1 0.5032 0 0 0 0.0000 0.0000
4 91.9586 81.3687 3 3 3 1 0.4908 1 0 0 0.0000 0.0000
4 59.6690 94.7477 1 2 2 0 1.6944 1 0 0 0.0000 0.0000
4 127.7091 94.5345 4 3 4 0 0.6756 0 0 0 0.0000 0.0000
4 115.6346 88.5311 3 3 1 1 0.5551 0 0 0 0.0000 0.0000
4 86.3858 114.7453 1 3 1 0 0.4636 0 0 0 0.0000 0.0000
4 107.5018 121.6098 2 1 3 0 1.0579 0 0 0 0.0000 0.0000
4 120.1177 97.7777 4 3 2 0 0.6295 0 0 0 0.0000 0.0000
4 108.8770 124.8040 2 3 3 0 2.1878 1 0 0 0.0000 0.0000
4 136.2692 109.1555 4 3 3 0 0.9718 1 0 0 0.0000 0.0000
4 104.9786 107.9879 2 3 3 0 0.6674 1 0 0 0.0000 0.0000
4 94.9933 68.5995 3 1 3 0 2.4993 0 0 0 0.0000 0.0000
4 90.9566 126.3451 2 3 4 0 0.9873 0 0 0 0.0000 0.0000
4 113.7347 110.0741 4 1 1 0 1.7868 1 0 0 0.0000 0.0000
4 98.4903 82.6266 3 3 2 1 0.7052 0 0 0 0.0000 0.0000
4 120.2600 88.8269 4 1 3 0 1.0664 0 0 0 0.0000 0.0000
5 78.0756 96.2654 1 1 1 1 1.0661 1 0 0 0.0000 0.0000
5 108.8706 89.0201 4 3 2 0 1.2831 0 0 0 0.0000 0.0000
5 80.1447 103.8121 1 3 4 0 0.5863 0 0 0 0.0000 0.0000
5 136.6960 85.7850 4 3 1 0 0.8958 0 0 0 0.0000 0.0000
5 104.2406 138.9003 2 3 4 0 0.3014 0 0 0 0.0000 0.0000
5 77.0293 88.6312 1 3 3 0 0.3630 1 0 0 0.0000 0.0000
5 107.8462 71.1292 3 2 2 0 2.3141 1 0 0 0.0000 0.0000
5 105.3690 62.3515 3 2 4 0 1.7925 0 0 0 0.0000 0.0000
5 96.1304 74.5303 3 2 2 0 0.7425 1 0 0 0.0000 0.0000
5 111.4199 105.7905 4 1 4 0 0.7549 0 0 0 0.0000 0.0000
5 78.0881 134.8433 2 2 2 1 0.5906 1 0 0 0.0000 0.0000
5 108.8308 89.4585 3 1 2 0 0.6112 0 0 0 0.0000 0.0000
5 106.3064 69.9625 3 4 1 0 1.1304 0 0 0 0.0000 0.0000
5 91.5616 71.1302 3 4 4 0 0.9584 1 0 0 0.0000 0.0000
5 136.6643 105.0332 4 2 3 0 1.7420 0 0 0 0.0000 0.0000
5 126.2764 83.8192 4 1 3 0 0.8355 0 0 0 0.0000 0.0000
5 118.4548 107.2515 4 4 4 1 1.0734 1 0 0 0.0000 0.0000
5 93.6008 125.3017 2 2 4 1 4.9641 0 0 0 0.0000 0.0000
5 102.1490 115.6918 4 2 2 0 1.6934 1 0 0 0.0000 0.0000
5 127.1002 108.3619 4 3 1 0 2.2582 0 0 0 0.0000 0.0000
5 97.3913 130.7559 2 3 2 0 0.7546 0 0 0 0.0000 0.0000
5 73.7486 110.4400 1 3 2 0 0.1716 0 0 0 0.0000 0.0000
5 102.0468 85.1780 3 4 4 0 1.1740 1 0 0 0.0000 0.0000
5 99.5317 110.2907 2 4 2 0 0.6688 0 0 0 0.0000 0.0000
5 139.8791 103.1183 4 1 1 0 3.4622 1 0 0 0.0000 0.0000
5 94.9039 108.7768 2 3 3 0 1.1111 1 0 0 0.0000 0.0000
5 96.9975 144.9041 2 2 4 1 1.0831 0 0 0 0.0000 0.0000
5 110.4528 128.4331 2 4 3 0 1.3255 0 0 0 0.0000 0.0000
5 111.7206 105.1756 4 4 4 1 0.6460 1 0 0 0.0000 0.0000
5 91.8422 58.5898 3 2 3 0 0.8299 0 0 0 0.0000 0.0000
5 88.4604 132.3513 2 2 1 1 0.8290 0 0 0 0.0000 0.0000
5 104.7563 75.8659 3 2 3 0 0.7774 0 0 0 0.0000 0.0000
5 72.5069 95.0757 1 2 3 0 0.3098 0 0 0 0.0000 0.0000
5 94.8067 71.0829 3 2 2 0 0.8854 1 0 0 0.0000 0.0000
5 103.0627 66.6268 3 2 1 0 1.3809 0 0 0 0.0000 0.0000
5 91.9709 124.1509 2 2 1 1 1.4405 0 0 0 0.0000 0.0000
5 88.0723 90.5523 3 2 1 0 0.8937 0 0 0 0.0000 0.0000
5 133.3195 99.7161 4 4 2 1 8.3490 0 0 0 0.0000 0.0000
5 90.5905 64.5018 1 3 3 0 1.6587 1 0 0 0.0000 0.0000
5 124.5032 78.1772 4 4 3 1 2.1255 0 0 0 0.0000 0.0000
5 87.6377 87.8999 1 2 2 0 2.2827 1 0 0 0.0000 0.0000
5 126.7152 117.4950 4 1 4 0 1.7782 0 0 0 0.0000 0.0000
5 71.1468 98.6645 1 2 4 0 1.4007 0 0 0 0.0000 0.0000
5 70.9591 107.6042 1 2 4 0 0.6313 0 0 0 0.0000 0.0000
5 76.1449 86.4680 1 2 1 0 0.5449 0 0 0 0.0000 0.0000
5 119.2084 107.1740 4 4 4 1 2.7144 1 0 0 0.0000 0.0000
5 104.4290 118.4309 2 3 1 0 1.8629 0 0 0 0.0000 0.0000
5 113.3941 91.5610 4 3 1 0 1.1516 0 0 0 0.0000 0.0000
5 74.1213 97.4802 1 3 1 0 0.8212 0 0 0 0.0000 0.0000
5 81.9811 122.2044 2 3 3 0 39.9359 1 0 0 0.0000 0.0000
5 79.1953 108.8968 1 1 4 1 3.9119 0 0 0 0.0000 0.0000
5 112.8966 126.8406 2 2 4 1 2.1324 0 0 0 0.0000 0.0000
5 73.9319 114.8849 1 2 2 0 1.6124 1 0 0 0.0000 0.0000
5 96.0057 70.3104 3 1 3 0 1.9675 0 0 0 0.0000 0.0000
5 75.4131 94.6944 1 4 1 0 4.7629 0 0 0 0.0000 0.0000
5 96.4548 124.9745 2 4 4 0 1.0858 1 0 0 0.0000 0.0000
5 114.1970 77.1463 3 1 1 0 3.9209 1 0 0 0.0000 0.0000
5 58.3788 84.3613 1 2 2 0 1.4061 1 0 0 0.0000 0.0000
5 130.3035 108.1081 4 4 3 1 1.7092 0 0 0 0.0000 0.0000
5 94.9160 127.7004 2 4 4 0 1.2340 1 0 0 0.0000 0.0000
5 80.4441 103.3211 1 3 4 0 1.5289 0 0 0 0.0000 0.0000
5 96.5532 70.7419 3 3 3 1 1.8308 1 0 0 0.0000 0.0000
5 68.8092 92.9212 1 2 2 0 1.2940 1 0 0 0.0000 0.0000
5 103.5760 77.8437 3 3 3 1 2.2803 1 0 0 0.0000 0.0000
5 133.9500 86.6055 4 1 2 0 2.8106 0 0 0 0.0000 0.0000
5 110.7191 120.0225 2 1 3 0 0.7307 0 0 0 0.0000 0.0000
5 67.5129 120.7204 1 2 1 0 1.1742 0 0 0 0.0000 0.0000
5 124.4760 113.3694 4 4 4 1 3.7728 1 0 0 0.0000 0.0000
5 89.2490 78.6219 3 1 4 0 3.9732 0 0 0 0.0000 0.0000
5 77.5743 106.8028 1 3 1 0 1.0429 0 0 0 0.0000 0.0000
5 103.7841 117.2437 2 3 1 0 0.8209 0 0 0 0.0000 0.0000
5 85.2607 84.4604 1 3 2 0 2.1768 0 0 0 0.0000 0.0000
5 116.9702 92.0839 4 4 2 1 2.2235 0 0 0 0.0000 0.0000
5 96.6668 66.6565 3 3 1 1 1.1528 0 0 0 0.0000 0.0000
5 121.3137 98.8788 4 2 4 0 0.3099 0 0 0 0.0000 0.0000
5 82.9178 60.6965 3 3 1 1 0.6006 0 0 0 0.0000 0.0000
5 71.0004 111.1560 1 2 1 0 1.1515 0 0 0 0.0000 0.0000
5 95.0595 146.4255 2 1 3 0 1.2206 0 0 0 0.0000 0.0000
5 116.8181 91.3350 3 3 4 1 0.6358 0 0 0 0.0000 0.0000
5 94.2845 48.6109 3 4 1 0 0.5790 0 0 0 0.0000 0.0000
5 107.2683 82.1691 3 3 2 1 1.3378 0 0 0 0.0000 0.0000
5 114.8966 101.9000 4 3 3 0 4.9644 1 0 0 0.0000 0.0000
5 119.8556 94.2118 4 1 3 0 8.2018 0 0 0 0.0000 0.0000
5 102.3440 113.0387 2 3 2 0 1.0107 0 0 0 0.0000 0.0000
5 91.9341 128.1148 2 3 2 0 0.4984 0 0 0 0.0000 0.0000
5 129.0227 91.0200 4 3 4 0 1.4611 0 0 0 0.0000 0.0000
5 62.6681 107.7355 1 2 2 0 1.0735 1 0 0 0.0000 0.0000
5 98.0288 118.9963 2 1 3 0 2.2603 0 0 0 0.0000 0.0000
5 100.6753 135.6078 2 1 2 0 1.0942 0 0 0 0.0000 0.0000
5 80.0327 125.0308 2 1 1 0 0.7314 1 0 0 0.0000 0.0000
5 75.8619 108.5506 1 2 2 0 1.5578 1 0 0 0.0000 0.0000
5 95.8101 77.8261 3 2 1 0 1.0797 0 0 0 0.0000 0.0000
5 97.3704 74.7911 3 3 4 1 0.9097 0 0 0 0.0000 0.0000
5 70.7232 116.5256 1 2 2 0 6.8431 1 0 0 0.0000 0.0000
5 116.6119 107.6445 4 3 2 0 9.9856 0 0 0 0.0000 0.0000
5 102.9168 122.0853 2 3 3 0 0.7011 1 0 0 0.0000 0.0000
5 107.7046 80.5418 3 3 1 1 0.8375 0 0 0 0.0000 0.0000
5 65.2252 109.4380 1 2 4 0 0.7390 0 0 0 0.0000 0.0000
5 122.1071 98.6297 4 4 3 1 1.4054 0 0 0 0.0000 0.0000
5 92.5923 132.0602 2 4 1 0 0.0898 0 0 0 0.0000 0.0000
6 100.1202 137.3844 2 1 3 0 10.2019 0 0 0 0.0000 0.0000
6 125.0520 99.4714 4 1 2 0 0.3419 0 0 0 0.0000 0.0000
6 77.5306 86.0670 1 1 2 1 0.2623 0 0 0 0.0000 0.0000
6 101.1053 71.3264 3 1 1 0 0.8059 1 0 0 0.0000 0.0000
6 127.8129 85.9738 4 4 3 1 2.2918 0 0 0 0.0000 0.0000
6 147.2658 83.1370 4 4 1 1 0.3898 0 0 0 0.0000 0.0000
6 90.7772 75.4578 3 4 1 0 0.5834 0 0 0 0.0000 0.0000
6 135.4754 103.0953 4 4 1 1 0.0770 0 0 0 0.0000 0.0000
6 64.8654 97.4523 1 4 2 0 0.0866 0 0 0 0.0000 0.0000
6 130.4596 86.2393 4 4 1 1 0.2563 0 0 0 0.0000 0.0000
6 83.0973 99.6898 1 4 1 0 0.2546 0 0 0 0.0000 0.0000
6 88.1573 69.8247 3 4 3 0 0.5250 0 0 0 0.0000 0.0000
6 136.5479 103.7805 4 4 2 1 0.1297 0 0 0 0.0000 0.0000
6 98.1891 128.3366 2 4 1 0 0.3325 0 0 0 0.0000 0.0000
6 71.8706 91.0002 1 4 2 0 0.5568 0 0 0 0.0000 0.0000
6 75.2274 96.2135 1 4 3 0 0.2265 0 0 0 0.0000 0.0000
6 94.1668 86.3556 3 4 4 0 0.2396 1 0 0 0.0000 0.0000
6 67.0555 109.5032 1 2 3 0 1.5496 0 0 0 0.0000 0.0000
6 85.6570 87.3307 1 2 4 0 0.3676 0 0 0 0.0000 0.0000
6 96.8514 93.5220 1 2 4 0 0.3075 0 0 0 0.0000 0.0000
6 109.2990 94.7243 4 2 2 0 0.6443 1 0 0 0.0000 0.0000
6 124.1812 129.4869 4 2 1 0 0.4455 0 0 0 0.0000 0.0000
6 106.0402 131.1355 2 2 4 1 0.0351 0 0 0 0.0000 0.0000
6 66.1666 70.6993 1 2 2 0 0.4463 1 0 0 0.0000 0.0000
6 88.6888 98.2993 1 2 2 0 1.5546 1 0 0 0.0000 0.0000
6 136.6877 95.0447 4 3 2 0 2.0214 0 0 0 0.0000 0.0000
6 116.7455 95.2483 4 3 1 0 1.1685 0 0 0 0.0000 0.0000
6 92.9179 131.8423 2 3 2 0 0.5845 0 0 0 0.0000 0.0000
6 110.4685 121.2093 2 3 3 0 0.3989 1 0 0 0.0000 0.0000
6 100.6883 64.5680 3 1 3 0 3.3767 0 0 0 0.0000 0.0000
6 106.4592 68.8722 3 1 3 0 0.9772 0 0 0 0.0000 0.0000
6 94.1610 140.3225 2 1 1 0 1.1872 1 0 0 0.0000 0.0000
6 98.4089 50.5345 3 2 4 0 2.9691 0 0 0 0.0000 0.0000
6 63.8414 99.9808 1 4 2 0 3.3262 0 0 0 0.0000 0.0000
6 85.6089 129.0267 2 4 3 0 0.3463 0 0 0 0.0000 0.0000
6 113.3018 55.9921 3 4 4 0 0.3610 1 0 0 0.0000 0.0000
6 105.2428 69.6735 3 4 3 0 0.7771 0 0 0 0.0000 0.0000
6 58.3275 73.3529 1 3 1 0 1.2206 0 0 0 0.0000 0.0000
6 105.4858 142.3728 2 2 3 1 0.3479 0 0 0 0.0000 0.0000
6 103.4156 75.8864 3 2 4 0 0.0309 0 0 0 0.0000 0.0000
6 84.3613 143.2540 2 3 1 0 0.5846 0 0 0 0.0000 0.0000
6 60.5538 97.4907 1 3 3 0 0.3174 1 0 0 0.0000 0.0000
6 63.2691 104.2814 1 3 2 0 0.7165 0 0 0 0.0000 0.0000
6 110.0655 62.6440 3 3 2 1 0.1177 0 0 0 0.0000 0.0000
6 107.4919 124.2660 2 2 3 1 1.5025 0 0 0 0.0000 0.0000
6 88.5755 154.7110 2 1 2 0 2.3352 0 0 0 0.0000 0.0000
6 114.0260 71.2138 3 3 1 1 0.3227 0 0 0 0.0000 0.0000
6 94.5523 61.3336 3 3 1 1 0.4016 0 0 0 0.0000 0.0000
6 98.2208 65.4573 3 3 4 1 0.4041 0 0 0 0.0000 0.0000
6 136.0329 94.3559 4 4 2 1 1.1579 0 0 0 0.0000 0.0000
6 98.0184 84.3762 3 2 1 0 0.7327 0 0 0 0.0000 0.0000
6 98.4734 67.9758 3 3 1 1 0.0086 0 0 0 0.0000 0.0000
6 86.1985 132.7623 2 3 4 0 0.0155 0 0 0 0.0000 0.0000
6 105.4727 122.0417 2 3 4 0 0.0382 0 0 0 0.0000 0.0000
6 123.5975 102.7674 4 3 3 0 0.0454 1 0 0 0.0000 0.0000
6 73.5563 72.2028 3 1 3 0 1.2370 0 0 0 0.0000 0.0000
6 134.5390 105.2827 4 2 3 0 3.7716 0 0 0 0.0000 0.0000
6 69.7773 107.5104 1 2 1 0 4.8675 0 0 0 0.0000 0.0000
6 124.7199 97.3623 4 2 3 0 0.0248 0 0 0 0.0000 0.0000
6 107.7094 136.7320 2 2 3 1 0.0964 0 0 0 0.0000 0.0000
6 85.5099 78.3823 3 2 2 0 0.2161 1 0 0 0.0000 0.0000
6 73.1696 85.1931 1 2 4 0 1.0287 0 0 0 0.0000 0.0000
6 122.3346 91.6734 4 3 1 0 0.8720 0 0 0 0.0000 0.0000
6 103.3680 147.2061 2 4 3 0 0.5663 0 0 0 0.0000 0.0000
6 83.5111 127.4984 2 1 3 0 0.8763 0 0 0 0.0000 0.0000
6 126.1796 107.6207 4 4 4 1 0.8743 1 0 0 0.0000 0.0000
6 96.6394 63.9314 3 3 3 1 0.9051 1 0 0 0.0000 0.0000
6 122.0819 84.6832 4 2 4 0 1.2090 0 0 0 0.0000 0.0000
6 61.1240 86.3064 1 2 4 0 1.8417 0 0 0 0.0000 0.0000
6 129.4118 107.4261 4 2 2 0 0.2505 1 0 0 0.0000 0.0000
6 104.7584 57.8152 3 3 2 1 2.6181 0 0 0 0.0000 0.0000
6 75.6848 119.7178 1 2 1 0 1.5253 0 0 0 0.0000 0.0000
6 110.5923 67.3542 3 3 4 1 1.5109 0 0 0 0.0000 0.0000
6 69.8300 103.9540 1 3 1 0 1.1573 0 0 0 0.0000 0.0000
6 107.7403 151.8154 2 2 3 1 2.0100 0 0 0 0.0000 0.0000
6 39.4733 74.9602 1 1 1 1 0.8864 1 0 0 0.0000 0.0000
6 102.7899 116.4195 2 2 3 1 1.1260 0 0 0 0.0000 0.0000
6 102.5889 83.5736 3 2 2 0 0.6687 1 0 0 0.0000 0.0000
6 116.9347 101.9188 4 2 3 0 1.0944 0 0 0 0.0000 0.0000
6 132.9668 97.6630 4 4 4 1 0.9554 1 0 0 0.0000 0.0000
6 140.3759 105.7105 4 4 3 1 0.6687 0 0 0 0.0000 0.0000
6 132.5168 79.3665 4 4 4 1 0.6298 1 0 0 0.0000 0.0000
6 107.3375 146.0332 2 3 2 0 1.0218 0 0 0 0.0000 0.0000
6 54.7262 102.9481 1 1 4 1 1.0393 0 0 0 0.0000 0.0000
6 101.4158 66.0176 3 2 1 0 1.2645 0 0 0 0.0000 0.0000
6 94.8763 128.9719 2 2 2 1 0.7009 1 0 0 0.0000 0.0000
6 91.3928 137.1108 2 3 2 0 1.3528 0 0 0 0.0000 0.0000
6 59.3703 85.0339 1 3 4 0 1.5380 0 0 0 0.0000 0.0000
6 85.7585 122.9180 2 3 2 0 0.3204 0 0 0 0.0000 0.0000
6 103.0445 133.7577 2 3 1 0 0.5760 0 0 0 0.0000 0.0000
6 138.9077 109.0262 4 4 2 1 1.2551 0 0 0 0.0000 0.0000
6 89.3754 80.2530 3 2 4 0 1.0407 0 0 0 0.0000 0.0000
6 74.8396 110.4062 1 4 3 0 27.9722 0 0 0 0.0000 0.0000
6 105.2155 124.7106 2 2 1 1 2.1220 0 0 0 0.0000 0.0000
6 125.3602 108.8345 4 2 2 0 0.5681 1 0 0 0.0000 0.0000
6 74.1058 102.7346 1 2 3 0 0.2712 0 0 0 0.0000 0.0000
6 138.1587 109.2010 4 3 4 0 0.9115 0 0 0 0.0000 0.0000
6 88.9110 106.8961 1 3 2 0 0.1108 0 0 0 0.0000 0.0000
6 104.3078 130.6184 2 3 3 0 0.6003 1 0 0 0.0000 0.0000
6 111.2919 71.9448 3 2 2 0 0.6399 1 0 0 0.0000 0.0000
7 87.4036 103.1563 1 3 4 0 1.5622 0 0 0 0.0000 0.0000
7 123.5941 102.7619 4 4 2 1 0.3038 0 0 0 0.0000 0.0000
7 109.9944 128.7132 2 4 3 0 0.4795 0 0 0 0.0000 0.0000
7 84.9137 90.1487 3 2 4 0 2.4037 0 0 0 0.0000 0.0000
7 110.8904 77.7991 3 3 3 1 0.5229 1 0 0 0.0000 0.0000
7 132.7261 92.5790 4 3 3 0 0.8160 1 0 0 0.0000 0.0000
7 118.3336 94.6428 4 3 1 0 0.8772 0 0 0 0.0000 0.0000
7 80.3229 104.6976 1 1 1 1 1.3076 1 0 0 0.0000 0.0000
7 53.1331 82.5922 1 2 1 0 0.9820 0 0 0 0.0000 0.0000
7 104.4554 125.8732 2 3 1 0 2.7783 0 0 0 0.0000 0.0000
7 106.9445 67.1810 3 4 4 0 0.7927 1 0 0 0.0000 0.0000
7 96.4913 75.5477 3 4 2 0 0.5495 0 0 0 0.0000 0.0000
7 87.3270 119.1106 2 3 3 0 0.4604 1 0 0 0.0000 0.0000
7 66.9476 106.2204 1 2 3 0 0.8963 0 0 0 0.0000 0.0000
7 80.1687 102.4136 1 1 2 1 1.1985 0 0 0 0.0000 0.0000
7 87.9524 84.3511 1 3 4 0 1.9417 0 0 0 0.0000 0.0000
7 123.5472 93.8877 4 3 2 0 0.2533 0 0 0 0.0000 0.0000
7 69.6587 95.3935 1 2 4 0 1.4022 0 0 0 0.0000 0.0000
7 113.7865 95.2948 3 2 1 0 5.0955 0 0 0 0.0000 0.0000
7 125.3780 93.6617 4 2 4 0 0.7685 0 0 0 0.0000 0.0000
7 112.3647 123.1131 2 3 3 0 0.2368 1 0 0 0.0000 0.0000
7 113.1897 81.5377 4 3 4 0 0.7611 0 0 0 0.0000 0.0000
7 90.9948 70.2116 3 4 2 0 0.4840 0 0 0 0.0000 0.0000
7 106.3990 126.8403 2 1 1 0 0.2483 1 0 0 0.0000 0.0000
7 132.4578 93.5496 4 1 4 0 2.0851 0 0 0 0.0000 0.0000
7 64.6998 97.2169 1 4 2 0 2.0359 0 0 0 0.0000 0.0000
7 105.3469 62.1127 3 3 1 1 0.5927 0 0 0 0.0000 0.0000
7 127.0373 102.5313 4 2 4 0 0.0862 0 0 0 0.0000 0.0000
7 149.8503 85.6629 4 3 2 0 1.1198 0 0 0 0.0000 0.0000
7 97.7604 139.6673 2 4 4 0 0.7234 1 0 0 0.0000 0.0000
7 127.5829 95.3633 4 2 1 0 1.4545 0 0 0 0.0000 0.0000
7 100.1930 132.4558 2 4 3 0 0.5245 0 0 0 0.0000 0.0000
7 128.9701 121.7062 4 4 2 1 0.9768 0 0 0 0.0000 0.0000
7 92.0560 65.2067 3 4 1 0 0.3848 0 0 0 0.0000 0.0000
7 154.9917 97.4097 4 4 3 1 0.4809 0 0 0 0.0000 0.0000
7 92.9046 122.1020 2 3 4 0 0.2772 0 0 0 0.0000 0.0000
7 124.0074 108.1929 4 3 2 0 0.1308 0 0 0 0.0000 0.0000
7 67.3771 101.2090 1 3 4 0 0.1736 0 0 0 0.0000 0.0000
7 90.9880 115.6455 2 3 2 0 0.2160 0 0 0 0.0000 0.0000
7 80.0384 101.4079 1 3 3 0 0.2435 1 0 0 0.0000 0.0000
7 84.2333 137.9453 2 2 4 1 1.1203 0 0 0 0.0000 0.0000
7 81.9795 108.6904 1 3 1 0 0.4219 0 0 0 0.0000 0.0000
7 131.5554 93.7477 4 3 1 0 1.6870 0 0 0 0.0000 0.0000
7 58.2609 103.3889 1 3 3 0 0.9522 1 0 0 0.0000 0.0000
7 75.9152 124.9741 1 2 2 0 0.9030 1 0 0 0.0000 0.0000
7 65.5740 101.7929 1 3 3 0 0.8074 1 0 0 0.0000 0.0000
7 82.7853 71.5963 3 1 1 0 1.4102 1 0 0 0.0000 0.0000
7 119.7651 117.6533 2 4 2 0 0.6529 0 0 0 0.0000 0.0000
7 81.6602 102.3989 1 4 3 0 2.3245 0 0 0 0.0000 0.0000
7 103.3200 134.0606 2 1 4 0 3.5912 0 0 0 0.0000 0.0000
7 99.2293 138.8234 2 2 4 1 1.0508 0 0 0 0.0000 0.0000
7 76.1655 80.2105 1 3 2 0 0.8947 0 0 0 0.0000 0.0000
7 107.4212 77.5781 3 4 1 0 0.6524 0 0 0 0.0000 0.0000
7 131.2149 122.0328 4 1 2 0 0.5644 0 0 0 0.0000 0.0000
7 101.5083 136.7463 2 2 1 1 0.2667 0 0 0 0.0000 0.0000
7 142.5410 96.0239 4 4 4 1 0.4263 1 0 0 0.0000 0.0000
7 117.0446 134.5159 2 1 4 0 2.8454 0 0 0 0.0000 0.0000
7 87.3606 68.2106 3 2 2 0 0.8791 1 0 0 0.0000 0.0000
7 102.6554 124.9706 2 3 1 0 1.5178 0 0 0 0.0000 0.0000
7 95.9898 78.3730 3 3 3 1 1.2130 1 0 0 0.0000 0.0000
7 107.8802 133.4480 2 2 4 1 1.4745 0 0 0 0.0000 0.0000
7 127.2725 101.2891 4 4 3 1 1.1397 0 0 0 0.0000 0.0000
7 99.8741 116.0471 2 3 2 0 2.6648 0 0 0 0.0000 0.0000
7 112.8350 144.2134 2 3 1 0 0.6433 0 0 0 0.0000 0.0000
7 64.0041 91.5645 1 4 4 0 0.4584 1 0 0 0.0000 0.0000
7 90.3402 116.8999 1 4 1 0 0.4619 0 0 0 0.0000 0.0000
7 116.8400 79.5157 3 4 4 0 0.5615 1 0 0 0.0000 0.0000
7 115.0339 82.6380 3 4 1 0 0.6315 0 0 0 0.0000 0.0000
7 131.8167 93.1313 4 3 4 0 0.3195 0 0 0 0.0000 0.0000
7 106.6803 75.3501 3 2 1 0 0.0791 0 0 0 0.0000 0.0000
7 95.8491 76.6500 3 3 1 1 1.2235 0 0 0 0.0000 0.0000
7 88.9087 58.4290 3 2 3 0 0.3674 0 0 0 0.0000 0.0000
7 100.6615 138.9520 2 1 2 0 0.0806 0 0 0 0.0000 0.0000
7 95.0873 138.8186 2 3 2 0 0.2181 0 0 0 0.0000 0.0000
7 90.2395 128.2253 2 4 1 0 0.0846 0 0 0 0.0000 0.0000
7 76.5790 100.0855 1 4 3 0 0.3021 0 0 0 0.0000 0.0000
7 98.6420 67.0848 3 3 4 1 0.5101 0 0 0 0.0000 0.0000
7 106.8346 93.8795 4 4 2 1 0.8017 0 0 0 0.0000 0.0000
7 135.8160 105.1594 4 4 1 1 0.3185 0 0 0 0.0000 0.0000
7 106.9555 129.7324 2 4 4 0 0.2545 1 0 0 0.0000 0.0000
7 101.8314 70.9860 3 3 4 1 0.6513 0 0 0 0.0000 0.0000
7 54.5403 100.5869 1 2 2 0 0.1960 1 0 0 0.0000 0.0000
7 118.2760 134.3861 2 1 4 0 1.5364 0 0 0 0.0000 0.0000
7 75.8624 81.3255 1 3 2 0 0.6247 0 0 0 0.0000 0.0000
7 121.9180 85.3120 4 2 3 0 0.7920 0 0 0 0.0000 0.0000
7 136.3717 93.2697 4 1 3 0 0.3903 0 0 0 0.0000 0.0000
7 87.3135 64.0285 3 3 2 1 0.0555 0 0 0 0.0000 0.0000
7 76.5329 94.4930 1 4 3 0 0.2390 0 0 0 0.0000 0.0000
7 98.0162 72.5907 3 3 3 1 0.7970 1 0 0 0.0000 0.0000
7 71.8123 78.3524 1 2 3 0 0.7115 0 0 0 0.0000 0.0000
7 119.7145 97.1257 4 4 1 1 0.7718 0 0 0 0.0000 0.0000
7 123.3151 82.9203 3 2 3 0 1.9356 0 0 0 0.0000 0.0000
7 91.9884 65.8295 3 1 2 0 0.8285 0 0 0 0.0000 0.0000
7 74.0931 102.4500 1 4 4 0 0.5693 1 0 0 0.0000 0.0000
7 143.4742 104.9102 4 4 2 1 2.3672 0 0 0 0.0000 0.0000
7 95.5026 80.5391 3 3 4 1 0.3084 0 0 0 0.0000 0.0000
7 103.5026 142.9016 2 4 1 0 3.5068 0 0 0 0.0000 0.0000
7 98.8722 73.9907 3 3 2 1 0.2440 0 0 0 0.0000 0.0000
7 140.9303 83.2723 4 4 2 1 0.5452 0 0 0 0.0000 0.0000
7 63.0102 111.5537 1 3 4 0 0.0703 0 0 0 0.0000 0.0000
8 106.6255 68.2164 3 3 0 1 0.9222 1 1 0 0.0000 0.0000
8 150.1976 102.3980 4 3 0 0 0.3427 0 1 0 0.0000 0.0000
8 70.8464 89.2329 1 1 0 1 0.5499 1 1 0 0.0000 0.0000
8 95.0812 129.7580 2 3 0 0 1.3250 0 1 0 0.0000 0.0000
8 100.4483 55.0481 3 1 0 0 0.4222 0 1 0 0.0000 0.0000
8 97.0720 123.3270 2 4 0 0 0.2174 0 1 0 0.0000 0.0000
8 106.7931 73.1952 3 2 0 0 0.1349 0 1 0 0.0000 0.0000
8 91.4105 93.8808 3 3 0 1 0.1129 1 1 0 0.0000 0.0000
8 68.7974 98.9162 1 2 0 0 0.7937 0 1 0 0.0000 0.0000
8 88.9286 109.5578 2 1 0 0 0.2302 0 1 0 0.0000 0.0000
8 75.5032 120.2016 1 1 0 1 0.2916 1 1 0 0.0000 0.0000
8 138.1050 78.6352 4 1 0 0 0.1440 0 1 0 0.0000 0.0000
8 97.0638 60.2841 3 2 0 0 0.1888 0 1 0 0.0000 0.0000
8 72.1357 96.4958 1 4 0 0 0.0575 0 1 0 0.0000 0.0000
8 149.0769 86.5169 4 4 0 1 0.2420 1 1 0 0.0000 0.0000
8 93.3909 63.3240 3 3 0 1 0.4332 1 1 0 0.0000 0.0000
8 129.2816 110.8507 4 2 0 0 0.9300 0 1 0 0.0000 0.0000
8 90.7274 115.0446 2 2 0 1 0.4203 1 1 0 0.0000 0.0000
8 81.3666 54.0435 3 1 0 0 0.5200 0 1 0 0.0000 0.0000
8 77.6529 103.1860 1 1 0 1 0.1891 1 1 0 0.0000 0.0000
8 91.0872 110.3567 2 3 0 0 0.2815 0 1 0 0.0000 0.0000
8 141.1648 118.9442 4 4 0 1 0.5679 1 1 0 0.0000 0.0000
8 111.7934 125.1150 2 3 0 0 0.5579 0 1 0 0.0000 0.0000
8 94.3484 71.3368 3 2 0 0 0.1793 0 1 0 0.0000 0.0000
8 71.6742 104.6640 1 1 0 1 0.1417 1 1 0 0.0000 0.0000
8 100.2814 82.6420 3 3 0 1 0.1834 1 1 0 0.0000 0.0000
8 100.7278 116.5772 2 3 0 0 0.5305 0 1 0 0.0000 0.0000
8 108.7283 146.0765 2 4 0 0 0.3097 0 1 0 0.0000 0.0000
8 82.4519 94.3090 1 4 0 0 0.4700 0 1 0 0.0000 0.0000
8 131.6035 100.0489 4 3 0 0 0.1869 0 1 0 0.0000 0.0000
8 106.8019 73.1424 3 4 0 0 0.6784 0 1 0 0.0000 0.0000
8 89.2050 134.1374 2 3 0 0 0.1120 0 1 0 0.0000 0.0000
8 120.7779 94.1121 4 2 0 0 0.4244 0 1 0 0.0000 0.0000
8 69.9645 86.5683 1 1 0 1 0.5539 1 1 0 0.0000 0.0000
8 116.6820 143.1406 2 3 0 0 0.4004 0 1 0 0.0000 0.0000
8 135.3313 94.3023 4 4 0 1 0.2890 1 1 0 0.0000 0.0000
8 77.9282 100.4959 1 3 0 0 2.2890 0 1 0 0.0000 0.0000
8 98.0211 135.4689 2 3 0 0 0.3702 0 1 0 0.0000 0.0000
8 95.8447 83.3202 3 3 0 1 0.5799 1 1 0 0.0000 0.0000
8 121.2142 99.1859 4 4 0 1 1.2902 1 1 0 0.0000 0.0000
8 81.4458 97.6135 1 2 0 0 1.1554 0 1 0 0.0000 0.0000
8 124.0902 118.9130 4 3 0 0 1.4985 0 1 0 0.0000 0.0000
8 99.5780 137.4124 2 1 0 0 0.8393 0 1 0 0.0000 0.0000
8 74.4528 101.6761 1 3 0 0 0.5017 0 1 0 0.0000 0.0000
8 131.9336 115.7457 4 2 0 0 0.3772 0 1 0 0.0000 0.0000
8 84.6467 111.4268 1 4 0 0 0.3324 0 1 0 0.0000 0.0000
8 100.3058 142.8041 2 3 0 0 0.3812 0 1 0 0.0000 0.0000
8 91.3367 66.3946 3 3 0 1 0.2696 1 1 0 0.0000 0.0000
8 148.4004 105.7397 4 4 0 1 0.7168 1 1 0 0.0000 0.0000
8 73.3303 105.7902 1 2 0 0 1.6232 0 1 0 0.0000 0.0000
8 84.0640 104.1338 1 3 0 0 0.2655 0 1 0 0.0000 0.0000
8 83.5518 92.8667 1 1 0 1 0.3283 1 1 0 0.0000 0.0000
8 82.0931 84.7054 1 1 0 1 0.5539 1 1 0 0.0000 0.0000
8 131.2137 109.6500 4 4 0 1 0.9763 1 1 0 0.0000 0.0000
8 79.5622 79.5091 3 1 0 0 1.2011 0 1 0 0.0000 0.0000
8 118.0005 110.7687 4 4 0 1 0.8394 1 1 0 0.0000 0.0000
8 105.2905 110.1930 2 3 0 0 1.5082 0 1 0 0.0000 0.0000
8 63.8100 110.5574 1 1 0 1 0.9778 1 1 0 0.0000 0.0000
8 73.2713 112.1859 1 1 0 1 0.8196 1 1 0 0.0000 0.0000
8 70.5587 113.6624 1 1 0 1 0.6889 1 1 0 0.0000 0.0000
8 129.2654 80.7698 4 4 0 1 2.7464 1 1 0 0.0000 0.0000
8 104.5539 75.9852 3 2 0 0 1.5604 0 1 0 0.0000 0.0000
8 129.3278 121.8224 4 3 0 0 1.6252 0 1 0 0.0000 0.0000
8 71.1848 108.2609 1 1 0 1 0.9695 1 1 0 0.0000 0.0000
8 120.2365 105.3651 4 4 0 1 1.6747 1 1 0 0.0000 0.0000
8 109.8880 115.3438 2 4 0 0 0.8930 0 1 0 0.0000 0.0000
8 136.6758 89.3931 4 4 0 1 0.6511 1 1 0 0.0000 0.0000
8 92.5878 154.2830 2 2 0 1 1.5067 1 1 0 0.0000 0.0000
8 100.4535 75.4099 3 3 0 1 1.1059 1 1 0 0.0000 0.0000
8 121.4979 110.0468 4 2 0 0 1.1090 0 1 0 0.0000 0.0000
8 94.4813 130.1834 2 3 0 0 1.4829 0 1 0 0.0000 0.0000
8 101.6947 71.4132 3 2 0 0 1.0806 0 1 0 0.0000 0.0000
8 63.8999 101.5863 1 1 0 1 0.5745 1 1 0 0.0000 0.0000
8 102.9579 73.3276 3 3 0 1 1.8608 1 1 0 0.0000 0.0000
8 93.8110 81.9111 3 3 0 1 0.6528 1 1 0 0.0000 0.0000
8 64.7926 86.6726 1 1 0 1 0.8204 1 1 0 0.0000 0.0000
8 109.0777 102.4331 4 2 0 0 7.7942 0 1 0 0.0000 0.0000
8 99.1364 69.9712 3 2 0 0 0.7859 0 1 0 0.0000 0.0000
8 97.5037 109.7229 2 2 0 1 0.6706 1 1 0 0.0000 0.0000
8 122.2716 97.8254 4 2 0 0 0.9675 0 1 0 0.0000 0.0000
8 104.6776 56.5007 3 3 0 1 0.9366 1 1 0 0.0000 0.0000
8 65.8822 90.4625 1 1 0 1 0.9514 1 1 0 0.0000 0.0000
8 95.5324 124.7046 2 3 0 0 1.2554 0 1 0 0.0000 0.0000
8 124.8026 92.4396 4 4 0 1 1.1505 1 1 0 0.0000 0.0000
8 113.0652 114.0933 2 3 0 0 1.2677 0 1 0 0.0000 0.0000
8 102.5619 50.8807 3 3 0 1 0.8632 1 1 0 0.0000 0.0000
8 107.7221 122.8525 2 2 0 1 1.9164 1 1 0 0.0000 0.0000
8 68.9197 110.3770 1 1 0 1 0.9172 1 1 0 0.0000 0.0000
8 73.6712 95.8782 1 1 0 1 2.1640 1 1 0 0.0000 0.0000
8 112.2636 78.2404 3 4 0 0 1.4751 0 1 0 0.0000 0.0000
8 85.6290 129.7241 2 3 0 0 0.5460 0 1 0 0.0000 0.0000
8 112.9909 56.6666 3 3 0 1 2.4555 1 1 0 0.0000 0.0000
8 107.3234 140.2796 2 2 0 1 12.7974 1 1 0 0.0000 0.0000
8 95.0387 77.2566 3 2 0 0 2.7832 0 1 0 0.0000 0.0000
8 135.3254 107.9271 4 4 0 1 2.0005 1 1 0 0.0000 0.0000
8 118.3561 111.6363 4 4 0 1 1.2740 1 1 0 0.0000 0.0000
8 91.6309 131.5931 2 2 0 1 2.2082 1 1 0 0.0000 0.0000
8 98.2451 120.4918 2 2 0 1 0.7723 1 1 0 0.0000 0.0000
8 145.5079 105.0925 4 4 0 1 0.9931 1 1 0 0.0000 0.0000
8 101.9040 83.9635 3 3 0 1 0.9143 1 1 0 0.0000 0.0000
9 101.5459 83.4905 3 3 0 1 4.5701 1 1 0 0.0000 0.0000
9 72.5890 103.3064 1 1 0 1 0.8790 1 1 0 0.0000 0.0000
9 70.9801 97.4984 1 1 0 1 0.7178 1 1 0 0.0000 0.0000
9 64.7903 77.3709 1 1 0 1 0.5042 1 1 0 0.0000 0.0000
9 70.0570 97.8239 1 1 0 1 0.4289 1 1 0 0.0000 0.0000
9 65.4832 111.9926 1 1 0 1 0.3845 1 1 0 0.0000 0.0000
9 106.2040 62.1277 3 3 0 1 1.2181 1 1 0 0.0000 0.0000
9 132.9753 98.2457 4 2 0 0 0.9345 0 1 0 0.0000 0.0000
9 131.9209 123.1288 4 2 0 0 1.8781 0 1 0 0.0000 0.0000
9 96.2624 137.6255 2 2 0 1 0.8277 1 1 0 0.0000 0.0000
9 108.9143 79.3603 3 3 0 1 0.9672 1 1 0 0.0000 0.0000
9 136.1853 96.6623 4 4 0 1 0.5500 1 1 0 0.0000 0.0000
9 90.2632 82.8812 3 3 0 1 1.7396 1 1 0 0.0000 0.0000
9 142.5256 91.5844 4 4 0 1 0.7343 1 1 0 0.0000 0.0000
9 69.8536 99.2167 1 3 0 0 0.8399 0 1 0 0.0000 0.0000
9 94.3007 69.4132 3 3 0 1 6.5161 1 1 0 0.0000 0.0000
9 107.7596 101.6084 4 2 0 0 2.4167 0 1 0 0.0000 0.0000
9 104.8673 128.2429 2 3 0 0 0.7437 0 1 0 0.0000 0.0000
9 70.7976 95.5266 1 1 0 1 0.8337 1 1 0 0.0000 0.0000
9 80.6127 64.8003 3 1 0 0 0.5273 0 1 0 0.0000 0.0000
9 79.5867 92.3888 1 1 0 1 0.5161 1 1 0 0.0000 0.0000
9 116.4688 89.7162 4 3 0 0 3.5444 0 1 0 0.0000 0.0000
9 113.0986 110.6975 2 3 0 0 0.6496 0 1 0 0.0000 0.0000
9 133.2758 109.7255 4 3 0 0 0.4968 0 1 0 0.0000 0.0000
9 84.6675 102.7472 1 2 0 0 1.2519 0 1 0 0.0000 0.0000
9 62.8468 102.1042 1 1 0 1 0.7951 1 1 0 0.0000 0.0000
9 81.7898 111.5385 2 3 0 0 1.7035 0 1 0 0.0000 0.0000
9 56.5795 97.8917 1 1 0 1 1.0818 1 1 0 0.0000 0.0000
9 103.9174 117.3660 2 3 0 0 0.9738 0 1 0 0.0000 0.0000
9 140.2754 107.0743 4 3 0 0 1.0698 0 1 0 0.0000 0.0000
9 84.3642 77.5642 3 3 0 1 0.8957 1 1 0 0.0000 0.0000
9 118.1874 104.7384 4 2 0 0 3.1337 0 1 0 0.0000 0.0000
9 114.5281 61.5265 3 2 0 0 0.8393 0 1 0 0.0000 0.0000
9 109.2525 147.8820 2 2 0 1 0.3573 1 1 0 0.0000 0.0000
9 94.5967 82.4114 3 3 0 1 0.8069 1 1 0 0.0000 0.0000
9 92.5239 112.3685 2 3 0 0 0.6896 0 1 0 0.0000 0.0000
9 78.2750 98.0735 1 1 0 1 1.1447 1 1 0 0.0000 0.0000
9 84.9633 129.4892 2 1 0 0 1.3723 0 1 0 0.0000 0.0000
9 110.6129 128.7154 2 3 0 0 0.5195 0 1 0 0.0000 0.0000
9 139.5657 102.7081 4 4 0 1 0.5871 1 1 0 0.0000 0.0000
9 120.9845 109.6560 4 3 0 0 1.3459 0 1 0 0.0000 0.0000
9 101.4667 116.3394 2 3 0 0 0.8106 0 1 0 0.0000 0.0000
9 107.4894 67.7759 3 3 0 1 0.5657 1 1 0 0.0000 0.0000
9 129.2137 95.3005 4 3 0 0 1.8346 0 1 0 0.0000 0.0000
9 94.5580 127.3204 2 3 0 0 0.8641 0 1 0 0.0000 0.0000
9 95.6192 81.2971 3 3 0 1 0.9410 1 1 0 0.0000 0.0000
9 125.4167 88.3572 4 2 0 0 2.7153 0 1 0 0.0000 0.0000
9 114.9372 130.4124 2 2 0 1 0.7933 1 1 0 0.0000 0.0000
9 74.2690 85.7949 1 1 0 1 0.7412 1 1 0 0.0000 0.0000
9 109.4239 76.8451 3 3 0 1 1.2320 1 1 0 0.0000 0.0000
