1 101.4158 66.0176 3 2 0 0 2.8104 0 1 0 0.0000 0.0000
1 96.4923 64.0008 3 3 0 1 5.6449 1 1 0 0.0000 0.0000
1 88.9286 109.5578 2 4 0 0 9.2201 0 1 0 0.0000 0.0000
1 143.6140 95.9601 4 1 0 0 5.1282 0 1 0 0.0000 0.0000
1 99.2808 114.3206 2 3 0 0 1.8586 0 1 0 0.0000 0.0000
1 144.1202 106.3873 4 2 0 0 2.6646 0 1 0 0.0000 0.0000
1 95.6356 122.0070 2 3 0 0 1.5885 0 1 0 0.0000 0.0000
1 126.1289 115.0799 4 1 0 0 2.3092 0 1 0 0.0000 0.0000
1 124.6191 98.2480 4 2 0 0 2.2157 0 1 0 0.0000 0.0000
1 111.8529 106.1376 4 3 0 0 0.4892 0 1 0 0.0000 0.0000
1 71.1468 98.6645 1 3 0 0 1.7419 0 1 0 0.0000 0.0000
1 53.2597 97.6524 1 2 0 0 1.8900 0 1 0 0.0000 0.0000
1 121.3137 98.8788 4 4 0 1 2.6343 1 1 0 0.0000 0.0000
1 66.9838 90.4158 1 2 0 0 4.4842 0 1 0 0.0000 0.0000
1 120.9845 109.6560 4 4 0 1 1.8558 1 1 0 0.0000 0.0000
1 86.0869 61.6301 3 3 0 1 3.2858 1 1 0 0.0000 0.0000
1 105.3690 62.3515 3 3 0 1 1.7130 1 1 0 0.0000 0.0000
1 85.7585 122.9180 2 2 0 1 3.7957 1 1 0 0.0000 0.0000
1 82.7276 60.7880 3 3 0 1 2.0277 1 1 0 0.0000 0.0000
1 104.8713 112.1152 2 2 0 1 1.6384 1 1 0 0.0000 0.0000
1 100.2872 72.8516 3 3 0 1 1.6563 1 1 0 0.0000 0.0000
1 99.2218 84.4636 3 4 0 0 3.6573 0 1 0 0.0000 0.0000
1 68.2180 104.2906 1 3 0 0 1.5979 0 1 0 0.0000 0.0000
1 91.6651 129.7944 2 2 0 1 1.0874 1 1 0 0.0000 0.0000
1 94.5523 61.3336 3 2 0 0 16.5142 0 1 0 0.0000 0.0000
1 110.0655 62.6440 3 3 0 1 2.1449 1 1 0 0.0000 0.0000
1 103.4128 73.7752 3 3 0 1 1.1989 1 1 0 0.0000 0.0000
1 137.0168 95.2159 4 4 0 1 2.2448 1 1 0 0.0000 0.0000
1 136.2692 109.1555 4 4 0 1 1.2372 1 1 0 0.0000 0.0000
1 132.4578 93.5496 4 4 0 1 1.1480 1 1 0 0.0000 0.0000
1 62.8468 102.1042 1 4 0 0 1.0727 0 1 0 0.0000 0.0000
1 114.2944 103.6657 4 4 0 1 1.2823 1 1 0 0.0000 0.0000
1 137.0804 110.1187 4 4 0 1 1.0818 1 1 0 0.0000 0.0000
1 101.5874 128.6738 2 2 0 1 1.8358 1 1 0 0.0000 0.0000
1 101.9040 83.9635 3 4 0 0 1.2501 0 1 0 0.0000 0.0000
1 63.8100 110.5574 1 2 0 0 0.9522 0 1 0 0.0000 0.0000
1 125.7579 107.7674 4 4 0 1 1.3358 1 1 0 0.0000 0.0000
1 128.9701 121.7062 4 4 0 1 0.7849 1 1 0 0.0000 0.0000
1 90.7772 75.4578 3 3 0 1 1.6273 1 1 0 0.0000 0.0000
1 74.4528 101.6761 1 1 0 1 1.7876 1 1 0 0.0000 0.0000
1 133.9920 82.4607 4 4 0 1 1.5854 1 1 0 0.0000 0.0000
1 64.7926 86.6726 1 1 0 1 0.6880 1 1 0 0.0000 0.0000
1 104.8871 113.3817 2 2 0 1 1.5447 1 1 0 0.0000 0.0000
1 114.1970 77.1463 3 4 0 0 2.3918 0 1 0 0.0000 0.0000
1 104.9786 107.9879 2 2 0 1 1.4034 1 1 0 0.0000 0.0000
1 39.4733 74.9602 1 1 0 1 1.1279 1 1 0 0.0000 0.0000
1 63.2691 104.2814 1 2 0 0 1.1326 0 1 0 0.0000 0.0000
1 104.7658 137.1957 2 2 0 1 1.0898 1 1 0 0.0000 0.0000
1 94.8067 71.0829 3 3 0 1 7.8296 1 1 0 0.0000 0.0000
1 95.8447 83.3202 3 4 0 0 2.3576 0 1 0 0.0000 0.0000
1 77.5715 109.9897 1 2 0 0 1.4016 0 1 0 0.0000 0.0000
1 97.7604 139.6673 2 2 0 1 1.1256 1 1 0 0.0000 0.0000
1 90.9195 50.3999 3 1 0 0 0.5540 0 1 0 0.0000 0.0000
1 112.8350 144.2134 2 2 0 1 0.9915 1 1 0 0.0000 0.0000
1 116.2361 104.3239 4 2 0 0 1.2819 0 1 0 0.0000 0.0000
1 42.7977 98.7857 1 1 0 1 0.8596 1 1 0 0.0000 0.0000
1 82.4519 94.3090 1 2 0 0 1.1747 0 1 0 0.0000 0.0000
1 127.7091 94.5345 4 1 0 0 1.8682 0 1 0 0.0000 0.0000
1 110.0177 129.0274 2 2 0 1 1.1078 1 1 0 0.0000 0.0000
1 55.9682 101.5119 1 4 0 0 1.2405 0 1 0 0.0000 0.0000
1 93.2724 118.2552 2 2 0 1 0.9281 1 1 0 0.0000 0.0000
1 113.3941 91.5610 4 2 0 0 1.0730 0 1 0 0.0000 0.0000
1 107.3375 146.0332 2 2 0 1 3.1880 1 1 0 0.0000 0.0000
1 115.8688 77.2415 3 4 0 0 2.9263 0 1 0 0.0000 0.0000
1 70.5587 113.6624 1 2 0 0 1.2020 0 1 0 0.0000 0.0000
1 59.3703 85.0339 1 3 0 0 19.0491 0 1 0 0.0000 0.0000
1 72.5890 103.3064 1 1 0 1 1.9441 1 1 0 0.0000 0.0000
1 110.4242 97.2032 4 1 0 0 0.8646 0 1 0 0.0000 0.0000
1 124.5032 100.2541 4 4 0 1 1.7589 1 1 0 0.0000 0.0000
1 120.2761 123.7163 2 2 0 1 1.0913 1 1 0 0.0000 0.0000
1 116.0171 54.0204 3 3 0 1 1.5753 1 1 0 0.0000 0.0000
1 115.3325 116.7625 2 2 0 1 0.9357 1 1 0 0.0000 0.0000
1 91.9341 128.1148 2 1 0 0 0.9516 0 1 0 0.0000 0.0000
1 87.1385 149.7429 2 2 0 1 1.1276 1 1 0 0.0000 0.0000
1 100.7278 116.5772 2 4 0 0 1.2275 0 1 0 0.0000 0.0000
1 104.5539 75.9852 3 1 0 0 1.4103 0 1 0 0.0000 0.0000
1 79.1953 108.8968 1 4 0 0 1.1179 0 1 0 0.0000 0.0000
1 85.5099 78.3823 3 1 0 0 3.6662 0 1 0 0.0000 0.0000
1 114.6830 141.2372 2 2 0 1 1.5417 1 1 0 0.0000 0.0000
1 136.7401 101.5012 4 2 0 0 1.4286 0 1 0 0.0000 0.0000
1 114.8966 101.9000 4 1 0 0 1.1690 0 1 0 0.0000 0.0000
1 135.1553 91.0800 4 4 0 1 0.5181 1 1 0 0.0000 0.0000
1 93.9527 116.2486 2 1 0 0 1.3069 0 1 0 0.0000 0.0000
1 98.0184 84.3762 3 4 0 0 0.9797 0 1 0 0.0000 0.0000
1 78.1565 106.1586 1 2 0 0 1.1877 0 1 0 0.0000 0.0000
1 78.4511 105.1860 1 1 0 1 1.1467 1 1 0 0.0000 0.0000
1 124.0074 108.1929 4 2 0 0 2.0799 0 1 0 0.0000 0.0000
1 75.8624 81.3255 1 4 0 0 1.1647 0 1 0 0.0000 0.0000
1 132.7079 98.4518 4 2 0 0 1.1699 0 1 0 0.0000 0.0000
1 71.1848 108.2609 1 2 0 0 1.4639 0 1 0 0.0000 0.0000
1 111.3216 66.9400 3 1 0 0 1.0927 0 1 0 0.0000 0.0000
1 103.7936 74.4077 3 3 0 1 0.7282 1 1 0 0.0000 0.0000
1 86.9869 137.7303 2 2 0 1 1.1214 1 1 0 0.0000 0.0000
1 65.4832 111.9926 1 3 0 0 1.0142 0 1 0 0.0000 0.0000
1 96.1304 74.5303 3 3 0 1 0.7593 1 1 0 0.0000 0.0000
1 92.9690 69.1337 3 2 0 0 4.1613 0 1 0 0.0000 0.0000
1 74.1213 97.4802 1 1 0 1 0.7413 1 1 0 0.0000 0.0000
1 103.0292 121.9929 2 4 0 0 0.9284 0 1 0 0.0000 0.0000
1 70.8464 89.2329 1 3 0 0 0.6880 0 1 0 0.0000 0.0000
1 95.0595 146.4255 2 2 0 1 0.8396 1 1 0 0.0000 0.0000
2 123.0373 92.7710 4 2 0 0 0.9064 0 1 0 0.0000 0.0000
2 95.1936 94.8259 3 3 0 1 0.7496 1 1 0 0.0000 0.0000
2 105.3469 62.1127 3 4 0 0 1.7194 0 1 0 0.0000 0.0000
2 135.3313 94.3023 4 1 0 0 0.3951 0 1 0 0.0000 0.0000
2 93.1776 65.4764 3 2 0 0 0.8450 0 1 0 0.0000 0.0000
2 105.5005 79.1120 3 3 0 1 0.6026 1 1 0 0.0000 0.0000
2 57.3956 106.8825 1 2 0 0 1.3290 0 1 0 0.0000 0.0000
2 123.6157 140.5805 2 2 0 1 1.0025 1 1 0 0.0000 0.0000
2 94.4813 130.1834 2 1 0 0 1.1957 0 1 0 0.0000 0.0000
2 114.9372 130.4124 2 2 0 1 0.8021 1 1 0 0.0000 0.0000
2 68.4902 100.3769 1 4 0 0 1.5996 0 1 0 0.0000 0.0000
2 100.1946 133.4809 2 1 0 0 1.1524 0 1 0 0.0000 0.0000
2 63.4951 112.7103 1 1 0 1 1.4771 1 1 0 0.0000 0.0000
2 106.7931 73.1952 3 3 0 1 1.7620 1 1 0 0.0000 0.0000
2 122.5304 84.5825 4 2 0 0 0.7739 0 1 0 0.0000 0.0000
2 66.1666 70.6993 1 1 0 1 1.7463 1 1 0 0.0000 0.0000
2 84.3613 143.2540 2 2 0 1 0.7759 1 1 0 0.0000 0.0000
2 64.0133 119.6554 1 2 0 0 1.2998 0 1 0 0.0000 0.0000
2 123.1581 86.3214 3 4 0 0 2.6378 0 1 0 0.0000 0.0000
2 103.3200 134.0606 2 2 0 1 0.8726 1 1 0 0.0000 0.0000
2 104.7419 95.8541 4 1 0 0 2.0558 0 1 0 0.0000 0.0000
2 75.9614 119.5233 1 2 0 0 1.5885 0 1 0 0.0000 0.0000
2 84.2333 137.9453 2 2 0 1 0.7583 1 1 0 0.0000 0.0000
2 81.4458 97.6135 1 4 0 0 3.9380 0 1 0 0.0000 0.0000
2 136.8027 115.4470 4 1 0 0 1.9828 0 1 0 0.0000 0.0000
2 63.6886 99.3253 1 3 0 0 1.6416 0 1 0 0.0000 0.0000
2 77.3297 102.7611 1 1 0 1 1.6587 1 1 0 0.0000 0.0000
2 116.9842 121.0366 4 1 0 0 1.1655 0 1 0 0.0000 0.0000
2 122.1670 87.2851 4 1 0 0 0.9487 0 1 0 0.0000 0.0000
2 95.9064 128.1414 2 1 0 0 0.6446 0 1 0 0.0000 0.0000
2 138.9301 102.8864 4 4 0 1 0.8777 1 1 0 0.0000 0.0000
2 96.1414 112.7962 2 4 0 0 0.7634 0 1 0 0.0000 0.0000
2 69.0852 87.0812 1 4 0 0 0.8229 0 1 0 0.0000 0.0000
2 112.3647 123.1131 2 3 0 0 0.7878 0 1 0 0.0000 0.0000
2 98.1793 69.0923 3 1 0 0 1.0385 0 1 0 0.0000 0.0000
2 86.3785 114.4504 1 2 0 0 1.2020 0 1 0 0.0000 0.0000
2 94.3484 71.3368 3 1 0 0 1.1609 0 1 0 0.0000 0.0000
2 94.4389 74.6188 3 3 0 1 0.6240 1 1 0 0.0000 0.0000
2 126.7152 117.4950 4 1 0 0 2.9828 0 1 0 0.0000 0.0000
2 83.8468 132.1807 2 4 0 0 1.0515 0 1 0 0.0000 0.0000
2 85.6290 129.7241 2 2 0 1 0.6527 1 1 0 0.0000 0.0000
2 121.4979 110.0468 4 3 0 0 1.8795 0 1 0 0.0000 0.0000
2 91.9884 65.8295 3 1 0 0 0.6387 0 1 0 0.0000 0.0000
2 134.6237 92.0509 4 2 0 0 0.3763 0 1 0 0.0000 0.0000
2 67.0555 109.5032 1 2 0 0 1.1630 0 1 0 0.0000 0.0000
2 116.9347 101.9188 4 2 0 0 1.0418 0 1 0 0.0000 0.0000
2 135.8160 105.1594 4 4 0 1 0.3409 1 1 0 0.0000 0.0000
2 77.2926 99.9871 1 2 0 0 1.7957 0 1 0 0.0000 0.0000
2 111.7934 125.1150 2 2 0 1 1.1789 1 1 0 0.0000 0.0000
2 134.8970 112.8241 4 1 0 0 1.1529 0 1 0 0.0000 0.0000
2 79.5622 79.5091 3 4 0 0 0.8384 0 1 0 0.0000 0.0000
2 118.1874 104.7384 4 1 0 0 2.0356 0 1 0 0.0000 0.0000
2 104.0930 67.8945 3 3 0 1 0.5772 1 1 0 0.0000 0.0000
2 60.3511 114.3077 1 2 0 0 1.0316 0 1 0 0.0000 0.0000
2 71.0004 111.1560 1 1 0 1 0.5868 1 1 0 0.0000 0.0000
2 81.7898 111.5385 2 1 0 0 0.5139 0 1 0 0.0000 0.0000
2 127.5829 95.3633 4 2 0 0 0.9666 0 1 0 0.0000 0.0000
2 86.6962 51.7089 3 4 0 0 0.9187 0 1 0 0.0000 0.0000
2 105.2428 69.6735 3 2 0 0 1.0298 0 1 0 0.0000 0.0000
2 88.7273 138.5179 2 1 0 0 1.1758 0 1 0 0.0000 0.0000
2 123.5913 90.9964 3 2 0 0 0.6393 0 1 0 0.0000 0.0000
2 104.8418 64.5808 3 3 0 1 0.8573 1 1 0 0.0000 0.0000
2 64.0041 91.5645 1 3 0 0 0.8711 0 1 0 0.0000 0.0000
2 99.5780 137.4124 2 4 0 0 0.8681 0 1 0 0.0000 0.0000
2 99.2885 68.1986 3 1 0 0 39.6658 0 1 0 0.0000 0.0000
2 96.8514 93.5220 1 1 0 1 1.1913 1 1 0 0.0000 0.0000
2 123.7680 91.1913 4 3 0 0 1.6984 0 1 0 0.0000 0.0000
2 88.1573 69.8247 3 3 0 1 6.6930 1 1 0 0.0000 0.0000
2 99.5317 110.2907 2 2 0 1 1.6875 1 1 0 0.0000 0.0000
2 99.2293 138.8234 2 2 0 1 0.9867 1 1 0 0.0000 0.0000
2 115.4950 102.4642 4 1 0 0 1.7395 0 1 0 0.0000 0.0000
2 102.5619 50.8807 3 4 0 0 2.2560 0 1 0 0.0000 0.0000
2 63.8414 99.9808 1 1 0 1 1.2182 1 1 0 0.0000 0.0000
2 124.0902 118.9130 4 2 0 0 1.6894 0 1 0 0.0000 0.0000
2 131.7155 99.7142 4 2 0 0 1.2121 0 1 0 0.0000 0.0000
2 97.4285 121.9249 2 2 0 1 0.8833 1 1 0 0.0000 0.0000
2 94.8941 72.0194 3 1 0 0 1.0897 0 1 0 0.0000 0.0000
2 91.9709 124.1509 2 2 0 1 0.9977 1 1 0 0.0000 0.0000
2 118.3336 94.6428 4 1 0 0 3.8951 0 1 0 0.0000 0.0000
2 85.6570 87.3307 1 3 0 0 1.1075 0 1 0 0.0000 0.0000
2 79.3883 101.9495 1 1 0 1 0.9827 1 1 0 0.0000 0.0000
2 69.4482 106.4665 1 1 0 1 1.6091 1 1 0 0.0000 0.0000
2 136.1853 96.6623 4 1 0 0 0.7942 0 1 0 0.0000 0.0000
2 113.0291 96.0229 4 1 0 0 1.1751 0 1 0 0.0000 0.0000
2 108.1576 121.1709 2 2 0 1 1.1662 1 1 0 0.0000 0.0000
2 97.3704 74.7911 3 3 0 1 2.2142 1 1 0 0.0000 0.0000
2 86.1985 132.7623 2 2 0 1 1.0454 1 1 0 0.0000 0.0000
2 122.0531 99.8556 4 1 0 0 2.5525 0 1 0 0.0000 0.0000
2 89.3754 80.2530 3 4 0 0 0.7704 0 1 0 0.0000 0.0000
2 103.3680 147.2061 2 2 0 1 0.7825 1 1 0 0.0000 0.0000
2 59.6690 94.7477 1 3 0 0 2.2348 0 1 0 0.0000 0.0000
2 83.5518 92.8667 1 1 0 1 0.8912 1 1 0 0.0000 0.0000
2 103.8987 52.9844 3 1 0 0 0.6824 0 1 0 0.0000 0.0000
2 95.0812 129.7580 2 2 0 1 1.6364 1 1 0 0.0000 0.0000
2 91.0872 110.3567 2 2 0 1 1.1747 1 1 0 0.0000 0.0000
2 69.8300 103.9540 1 1 0 1 1.8050 1 1 0 0.0000 0.0000
2 71.1015 89.3096 1 1 0 1 0.8203 1 1 0 0.0000 0.0000
2 108.9143 79.3603 3 1 0 0 1.0415 0 1 0 0.0000 0.0000
2 96.4990 80.8376 3 3 0 1 0.5810 1 1 0 0.0000 0.0000
2 145.5079 105.0925 4 2 0 0 2.1869 0 1 0 0.0000 0.0000
3 94.5580 127.3204 2 3 0 0 0.9545 0 1 0 0.0000 0.0000
3 101.9112 68.7101 3 1 0 0 0.6173 0 1 0 0.0000 0.0000
3 68.7974 98.9162 1 2 0 0 0.8333 0 1 0 0.0000 0.0000
3 122.3346 91.6734 4 4 0 1 0.5913 1 1 0 0.0000 0.0000
3 114.5423 65.2524 3 3 0 1 1.7028 1 1 0 0.0000 0.0000
3 80.1687 102.4136 1 3 0 0 0.6812 0 1 0 0.0000 0.0000
3 113.9239 134.0780 2 1 0 0 0.5300 0 1 0 0.0000 0.0000
3 120.7779 94.1121 4 1 0 0 0.8874 0 1 0 0.0000 0.0000
3 84.0640 104.1338 1 3 0 0 1.6532 0 1 0 0.0000 0.0000
3 74.1058 102.7346 1 1 0 1 0.9507 1 1 0 0.0000 0.0000
3 56.6860 103.5982 1 1 0 1 1.0306 1 1 0 0.0000 0.0000
3 66.3930 108.7872 1 2 0 0 1.9294 0 1 0 0.0000 0.0000
3 81.6602 102.3989 1 1 0 1 0.3382 1 1 0 0.0000 0.0000
3 87.4036 103.1563 1 3 0 0 0.8514 0 1 0 0.0000 0.0000
3 106.9445 67.1810 3 4 0 0 0.3058 0 1 0 0.0000 0.0000
3 93.9370 62.4624 3 2 0 0 0.7858 0 1 0 0.0000 0.0000
3 102.0303 55.2700 3 1 0 0 0.2709 0 1 0 0.0000 0.0000
3 107.4894 67.7759 3 4 0 0 0.4936 0 1 0 0.0000 0.0000
3 67.2599 96.2754 1 3 0 0 0.7389 0 1 0 0.0000 0.0000
3 97.5037 109.7229 2 1 0 0 0.4932 0 1 0 0.0000 0.0000
3 100.2814 82.6420 3 2 0 0 0.3372 0 1 0 0.0000 0.0000
3 105.2155 124.7106 2 2 0 1 0.9940 1 1 0 0.0000 0.0000
3 132.7261 92.5790 4 1 0 0 0.8840 0 1 0 0.0000 0.0000
3 127.5453 108.7529 4 3 0 0 1.0428 0 1 0 0.0000 0.0000
3 125.0520 99.4714 4 4 0 1 0.9484 1 1 0 0.0000 0.0000
3 78.0756 96.2654 1 4 0 0 0.8695 0 1 0 0.0000 0.0000
3 140.1412 112.9269 4 1 0 0 1.0606 0 1 0 0.0000 0.0000
3 107.6564 76.9826 3 4 0 0 0.8722 0 1 0 0.0000 0.0000
3 107.2509 127.7588 2 3 0 0 0.3590 0 1 0 0.0000 0.0000
3 101.8316 65.4209 3 1 0 0 0.4226 0 1 0 0.0000 0.0000
3 74.1195 99.1445 1 2 0 0 0.8577 0 1 0 0.0000 0.0000
3 149.8503 85.6629 4 1 0 0 0.7122 0 1 0 0.0000 0.0000
3 88.5755 154.7110 2 2 0 1 1.2505 1 1 0 0.0000 0.0000
3 80.0327 125.0308 2 3 0 0 0.7453 0 1 0 0.0000 0.0000
3 107.4212 77.5781 3 4 0 0 0.6276 0 1 0 0.0000 0.0000
3 84.6675 102.7472 1 2 0 0 0.6528 0 1 0 0.0000 0.0000
3 143.6517 112.9284 4 1 0 0 0.3563 0 1 0 0.0000 0.0000
3 129.0227 91.0200 4 3 0 0 0.3891 0 1 0 0.0000 0.0000
3 94.3007 69.4132 3 3 0 1 1.1740 1 1 0 0.0000 0.0000
3 94.1610 140.3225 2 2 0 1 0.9866 1 1 0 0.0000 0.0000
3 117.2038 70.5478 3 3 0 1 1.1651 1 1 0 0.0000 0.0000
3 111.8528 115.5680 2 2 0 1 0.7526 1 1 0 0.0000 0.0000
3 65.8822 90.4625 1 2 0 0 0.9883 0 1 0 0.0000 0.0000
3 91.8763 91.1651 1 1 0 1 0.8950 1 1 0 0.0000 0.0000
3 108.3587 74.9542 3 1 0 0 1.0545 0 1 0 0.0000 0.0000
3 83.2440 87.2348 3 3 0 1 0.8821 1 1 0 0.0000 0.0000
3 77.9959 133.3717 2 2 0 1 1.0249 1 1 0 0.0000 0.0000
3 84.3642 77.5642 3 3 0 1 2.1641 1 1 0 0.0000 0.0000
3 76.1655 80.2105 1 3 0 0 0.8349 0 1 0 0.0000 0.0000
3 90.9880 115.6455 2 1 0 0 1.1041 0 1 0 0.0000 0.0000
3 87.5448 133.7851 2 2 0 1 3.2432 1 1 1 9.6731 1.0000
3 138.1587 109.2010 4 2 0 0 6.7568 0 1 0 3.2139 0.5000
3 67.4598 105.3197 1 1 0 1 8.1106 1 1 0 5.4981 0.3333
3 104.7057 119.4283 2 2 0 1 5.7824 1 1 1 4.8225 0.5000
3 107.8462 71.1292 3 3 0 1 9.1675 1 1 1 2.1016 0.6000
3 109.4130 86.6045 3 1 0 0 6.7129 0 1 1 2.0962 0.6667
3 89.6707 66.7162 3 1 0 0 3.2359 0 1 1 1.5222 0.7143
3 79.3083 92.6669 1 1 0 1 4.1834 1 1 1 1.3742 0.7500
3 71.6742 104.6640 1 4 0 0 6.2389 0 1 1 1.9625 0.7778
3 125.0165 87.0374 4 1 0 0 2.1072 0 1 1 1.9968 0.8000
3 105.5620 113.2681 2 3 0 0 9.3101 0 1 1 1.5442 0.8182
3 123.5975 102.7674 4 1 0 0 3.4210 0 1 1 1.6330 0.8333
3 103.5026 142.9016 2 2 0 1 3.2889 1 1 1 2.1538 0.8462
3 98.0288 118.9963 2 1 0 0 6.1112 0 1 1 2.7275 0.8571
3 124.4760 113.3694 4 2 0 0 2.2351 0 1 1 2.1600 0.8667
3 125.4987 91.7156 4 3 0 0 5.8130 0 1 0 3.4146 0.8125
3 91.8422 58.5898 3 3 0 1 4.3641 1 1 0 1.6713 0.7647
3 99.7772 123.8030 2 2 0 1 2.8001 1 1 1 1.6673 0.7778
3 107.9754 122.2757 2 3 0 0 2.5565 0 1 1 1.5772 0.7895
3 94.1668 86.3556 3 1 0 0 2.4630 0 1 1 6.1386 0.8000
3 125.3602 108.8345 4 2 0 0 2.9990 0 1 1 3.2954 0.8095
3 114.0655 154.3119 2 2 0 1 2.1938 1 1 1 1.3657 0.8182
3 116.6119 107.6445 4 4 0 1 3.7192 1 1 1 1.8585 0.8261
3 69.1136 108.5233 1 1 0 1 3.0079 1 1 1 2.7768 0.8333
3 123.1753 102.4976 4 4 0 1 3.4699 1 1 1 1.6500 0.8400
3 126.8054 79.3947 4 1 0 0 7.0662 0 1 1 2.4283 0.8462
3 136.6643 105.0332 4 2 0 0 4.2329 0 1 1 1.6337 0.8519
3 106.9555 129.7324 2 2 0 1 3.3844 1 1 1 0.9227 0.8571
3 141.1648 118.9442 4 2 0 0 3.8559 0 1 1 1.8064 0.8621
3 57.9441 87.1006 1 3 0 0 3.6107 0 1 1 0.8352 0.8667
3 101.1053 71.3264 3 3 0 1 3.1747 1 1 1 1.4762 0.8710
3 125.8238 82.1636 4 1 0 0 5.1754 0 1 1 0.8558 0.8750
3 107.2683 82.1691 3 1 0 0 3.7876 0 1 1 2.9049 0.8788
3 106.0402 131.1355 2 2 0 1 3.8420 1 1 1 1.1520 0.8824
3 77.0563 105.1720 1 3 0 0 3.0671 0 1 1 1.3171 0.8857
3 55.6794 110.5232 1 1 0 1 3.6211 1 1 1 1.3250 0.8889
3 101.5083 136.7463 2 2 0 1 6.4932 1 1 1 0.6553 0.8919
3 123.5941 102.7619 4 4 0 1 3.3745 1 1 1 1.3440 0.8947
3 91.9586 81.3687 3 3 0 1 6.6255 1 1 1 0.9827 0.8974
3 109.4239 76.8451 3 1 0 0 3.3575 0 1 1 1.3107 0.9000
3 78.1628 109.6438 1 2 0 0 4.7497 0 1 1 4.7393 0.9024
3 66.6809 92.0205 1 3 0 0 1.7869 0 1 1 0.9166 0.9048
3 107.9136 64.3814 3 4 0 0 1.7057 0 1 1 0.9292 0.9070
3 124.8673 94.9131 4 2 0 0 6.9669 0 1 1 1.0620 0.9091
3 108.8790 128.9527 2 2 0 1 2.7831 1 1 1 1.0908 0.9111
3 84.6467 111.4268 1 1 0 1 4.4598 1 1 1 0.8090 0.9130
3 100.9880 121.5908 2 2 0 1 7.5476 1 1 0 1.2409 0.8936
3 99.8924 122.9074 2 1 0 0 6.7584 0 1 1 1.1996 0.8958
3 131.5554 93.7477 4 3 0 0 4.0604 0 1 1 1.0400 0.8980
3 137.7972 100.4247 4 2 0 0 2.2807 0 1 0 1.6311 0.8800
4 106.6803 75.3501 3 2 1 0 4.7300 0 0 1 1.2785 0.8824
4 112.9909 56.6666 3 1 1 0 2.4285 1 0 1 1.6384 0.8846
4 131.2836 106.8547 4 2 3 0 3.7099 0 0 1 1.7367 0.8868
4 73.1696 85.1931 1 1 4 1 5.1707 0 0 1 1.1548 0.8889
4 92.7225 150.3744 2 2 2 1 2.9903 1 0 1 1.7026 0.8909
4 103.0627 66.6268 3 4 4 0 5.1193 1 0 1 5.1820 0.8929
4 98.9164 142.1705 2 2 3 1 1.5857 0 0 1 2.7741 0.8947
4 95.9106 133.0822 2 2 1 1 5.5952 0 0 1 2.1984 0.8966
4 140.8232 100.9438 4 4 1 1 1.9806 0 0 1 5.8830 0.8983
4 94.9160 127.7004 2 1 1 0 2.8313 1 0 1 0.7238 0.9000
4 119.2084 107.1740 4 4 4 1 5.0608 1 0 1 1.2341 0.9016
4 109.8450 73.7830 3 3 2 1 3.2312 0 0 1 1.6772 0.9032
4 80.1447 103.8121 1 3 3 0 5.7505 1 0 1 1.8927 0.9048
4 102.0468 85.1780 3 3 1 1 4.0991 0 0 1 0.9827 0.9063
4 140.5597 95.9058 4 1 2 0 2.8132 0 0 1 1.7146 0.9077
4 91.6975 118.6216 2 1 3 0 2.5406 0 0 1 1.5609 0.9091
4 84.9633 129.4892 2 2 4 1 3.5988 0 0 1 1.1586 0.9104
4 64.8705 105.0281 1 4 4 0 4.4819 1 0 1 2.2559 0.9118
4 81.9795 108.6904 1 4 1 0 3.5435 0 0 1 1.0050 0.9130
4 120.2600 88.8269 4 1 1 0 5.0926 1 0 1 1.0746 0.9143
4 127.1002 108.3619 4 2 4 0 3.0365 0 0 1 3.9424 0.9155
4 111.1212 118.3085 4 1 3 0 7.9940 0 0 1 2.3864 0.9167
4 104.4290 118.4309 2 2 3 1 2.5572 0 0 1 0.7147 0.9178
4 97.0720 123.3270 2 2 3 1 1.6591 0 0 0 1.2026 0.9054
4 67.7185 92.3521 1 4 1 0 3.9506 0 0 1 1.3437 0.9067
4 67.3771 101.2090 1 2 1 0 4.5281 0 0 1 1.5386 0.9079
4 134.5390 105.2827 4 1 2 0 3.9920 0 0 1 0.5533 0.9091
4 129.2137 95.3005 4 2 2 0 4.7255 1 0 1 3.6583 0.9103
4 108.6715 117.6680 2 2 3 1 4.5342 0 0 1 0.7102 0.9114
4 106.4592 68.8722 3 1 4 0 1.8463 0 0 1 0.4810 0.9125
4 129.2816 110.8507 4 4 4 1 3.4197 1 0 1 1.5666 0.9136
4 127.9187 108.3813 4 4 2 1 2.5324 0 0 1 0.8164 0.9146
4 70.0570 97.8239 1 1 1 1 4.6434 1 0 1 0.6140 0.9157
4 100.2263 73.7651 3 3 4 1 3.1244 0 0 1 1.5035 0.9167
4 114.5281 61.5265 3 3 4 1 3.1887 0 0 1 0.9779 0.9176
4 107.8802 133.4480 2 2 3 1 2.5219 0 0 1 2.0697 0.9186
4 140.9303 83.2723 4 1 3 0 4.2010 0 0 1 2.4965 0.9195
4 74.4056 94.8732 1 1 4 1 2.7024 0 0 0 0.5596 0.9091
4 103.5760 77.8437 3 3 4 1 3.4044 0 0 1 1.2628 0.9101
4 77.5306 86.0670 1 3 1 0 3.4047 0 0 1 0.5254 0.9111
4 56.4131 94.2644 1 4 1 0 4.8258 0 0 1 1.3606 0.9121
4 95.5026 80.5391 3 2 4 0 5.2665 0 0 0 1.9269 0.9022
4 117.5010 78.0190 3 3 1 1 2.3585 0 0 1 1.4692 0.9032
4 115.6346 88.5311 3 1 3 0 1.4077 0 0 1 0.9592 0.9043
4 77.6529 103.1860 1 3 2 0 2.5811 0 0 1 1.1704 0.9053
4 98.2451 120.4918 2 2 3 1 1.8215 0 0 1 1.1275 0.9063
4 63.8999 101.5863 1 1 3 1 1.6983 0 0 1 1.2266 0.9072
4 75.2274 96.2135 1 4 4 0 2.4717 1 0 1 1.3954 0.9082
4 110.6129 128.7154 2 2 4 1 5.2217 0 0 1 1.0485 0.9091
4 63.4817 91.5669 1 4 4 0 3.3772 1 0 1 0.6288 0.9100
4 54.5403 100.5869 1 1 1 1 2.1952 1 0 1 1.5600 0.9109
4 81.9811 122.2044 2 1 3 0 4.1090 0 0 1 0.6427 0.9118
4 87.6885 64.6841 3 3 4 1 2.9294 0 0 1 2.0234 0.9126
4 49.0672 104.1744 1 3 2 0 8.8404 0 0 1 0.7748 0.9135
4 112.2636 78.2404 3 4 3 0 4.0408 0 0 1 1.8836 0.9143
4 107.7094 136.7320 2 2 1 1 2.5220 0 0 1 0.4703 0.9151
4 92.5239 112.3685 2 1 3 0 1.8728 0 0 1 0.9723 0.9159
4 133.2758 109.7255 4 1 3 0 2.0509 0 0 1 0.4035 0.9167
4 85.8959 100.2280 1 3 2 0 5.4033 0 0 1 1.7457 0.9174
4 131.2137 109.6500 4 1 4 0 3.8040 0 0 1 0.4729 0.9182
4 71.8706 91.0002 1 3 2 0 4.3872 0 0 1 1.8540 0.9189
4 113.7347 110.0741 4 2 1 0 3.6111 0 0 1 1.2199 0.9196
4 72.5069 95.0757 1 1 3 1 1.8888 0 0 1 1.0215 0.9204
4 96.2624 137.6255 2 2 3 1 1.9734 0 0 1 2.0198 0.9211
4 125.3780 93.6617 4 3 2 0 5.4777 0 0 1 1.1817 0.9217
4 96.0057 70.3104 3 3 4 1 2.7145 0 0 1 1.8201 0.9224
4 104.9284 74.3248 3 1 4 0 4.2807 0 0 1 1.4907 0.9231
4 107.6510 124.9763 2 2 2 1 3.3039 1 0 1 0.9195 0.9237
4 101.5544 85.0108 3 4 2 0 2.5570 0 0 0 1.8355 0.9160
4 103.3468 81.9164 3 1 2 0 7.4327 0 0 1 5.7316 0.9167
4 107.1687 132.0388 2 2 2 1 2.7880 1 0 1 0.8724 0.9174
4 80.3630 107.5832 1 3 1 0 3.5475 0 0 1 2.7060 0.9180
4 53.1331 82.5922 1 1 3 1 3.0295 0 0 1 1.4059 0.9187
4 113.7865 95.2948 3 3 2 1 2.3678 0 0 1 2.6794 0.9194
4 83.6900 97.7592 1 1 2 1 1.7862 0 0 1 0.8193 0.9200
4 149.0769 86.5169 4 4 2 1 3.2384 0 0 1 1.9569 0.9206
4 92.5923 132.0602 2 2 1 1 2.5648 0 0 1 0.5944 0.9213
4 101.9270 124.9169 2 2 4 1 1.5044 0 0 1 0.8349 0.9219
4 116.4688 89.7162 4 1 3 0 3.5747 0 0 1 1.1010 0.9225
4 100.4483 55.0481 3 3 2 1 3.7202 0 0 1 1.1718 0.9231
4 108.9303 81.9381 4 1 1 0 3.9042 1 0 1 1.0078 0.9237
4 88.9110 106.8961 1 2 4 0 2.8241 0 0 1 1.9640 0.9242
4 94.5770 65.3457 3 3 2 1 2.5079 0 0 1 0.5520 0.9248
4 73.2713 112.1859 1 1 4 1 1.8448 0 0 1 1.0708 0.9254
4 82.7853 71.5963 3 2 1 0 2.1527 0 0 1 0.9555 0.9259
4 109.2990 94.7243 4 4 1 1 5.0738 0 0 1 0.8310 0.9265
4 95.8101 77.8261 3 1 2 0 3.1869 0 0 1 1.2489 0.9270
4 116.9702 92.0839 4 3 4 0 2.8466 0 0 1 2.9465 0.9275
4 112.4084 118.7632 4 1 2 0 2.6529 0 0 1 1.1964 0.9281
4 88.6888 98.2993 1 3 2 0 4.4411 0 0 1 0.7259 0.9286
4 88.9087 58.4290 3 3 4 1 2.5507 0 0 1 0.9150 0.9291
4 103.7841 117.2437 2 2 4 1 3.9605 0 0 1 0.4098 0.9296
4 134.4524 99.3927 4 1 4 0 6.4661 0 0 1 3.8280 0.9301
4 103.8216 160.6784 2 2 2 1 2.9488 1 0 1 0.5880 0.9306
4 111.2919 71.9448 3 3 1 1 2.4891 0 0 1 1.2999 0.9310
4 101.4667 116.3394 2 1 4 0 3.2037 0 0 1 0.4823 0.9315
4 89.8963 132.1882 2 2 1 1 3.2761 0 0 1 2.7479 0.9320
4 147.2658 83.1370 4 4 4 1 5.1852 1 0 1 2.3685 0.9324
4 100.4068 124.7725 2 2 3 1 4.4276 0 0 1 0.5840 0.9329
4 119.6989 106.1292 4 2 4 0 6.0694 0 0 1 0.6043 0.9333
5 88.9518 121.9229 2 2 2 1 4.9613 1 0 0 0.9075 0.9272
5 76.4013 95.2955 1 1 2 1 3.3453 0 0 1 3.7152 0.9276
5 127.3768 98.4144 4 1 1 0 3.8551 1 0 1 0.4460 0.9281
5 102.1490 115.6918 4 1 1 0 2.5355 1 0 1 0.7087 0.9286
5 104.3017 71.1701 3 4 3 0 3.1255 0 0 1 0.9951 0.9290
5 85.6089 129.0267 2 2 1 1 4.1225 0 0 1 0.9138 0.9295
5 109.9944 128.7132 2 2 2 1 3.8155 1 0 1 1.0766 0.9299
5 100.6883 64.5680 3 2 1 0 2.9901 0 0 1 0.7892 0.9304
5 106.3064 69.9625 3 1 4 0 1.9599 0 0 1 3.7180 0.9308
5 77.0293 88.6312 1 1 3 1 4.8023 0 0 1 1.8011 0.9313
5 71.0679 87.6457 1 1 1 1 2.1819 1 0 1 0.8255 0.9317
5 100.2864 72.4270 3 4 2 0 0.9411 0 0 1 0.7267 0.9321
5 136.6421 100.5962 4 1 2 0 3.0749 0 0 1 0.5257 0.9325
5 68.8092 92.9212 1 1 1 1 2.0252 1 0 1 1.1129 0.9329
5 69.6587 95.3935 1 1 3 1 3.1549 0 0 1 1.1516 0.9333
5 132.6607 101.5893 4 2 1 0 5.0832 0 0 1 0.8732 0.9337
5 99.1364 69.9712 3 1 2 0 3.3570 0 0 1 0.3826 0.9341
5 92.8701 115.4010 2 1 2 0 1.4623 0 0 1 1.3995 0.9345
5 89.9558 64.8627 3 3 1 1 1.2099 0 0 1 1.0762 0.9349
5 101.7707 60.4127 3 2 2 0 2.0621 1 0 1 1.8057 0.9353
5 117.2242 127.3864 2 2 1 1 3.2901 0 0 1 0.4585 0.9357
5 77.8577 103.2591 1 1 2 1 4.9803 0 0 1 1.1836 0.9360
5 105.3527 58.0847 3 1 1 0 2.9711 1 0 1 1.6039 0.9364
5 107.3234 140.2796 2 2 1 1 2.0430 0 0 1 2.9230 0.9368
5 140.2754 107.0743 4 1 3 0 1.2202 0 0 1 0.4953 0.9371
5 111.1747 126.9010 2 1 3 0 5.9937 0 0 1 0.4145 0.9375
5 90.4904 90.7713 1 2 4 0 3.9912 0 0 1 1.1288 0.9379
5 64.6998 97.2169 1 2 2 0 2.5320 1 0 1 1.9360 0.9382
5 139.8791 103.1183 4 2 4 0 2.4955 0 0 1 0.6520 0.9385
5 92.9462 88.1557 3 1 4 0 1.4187 0 0 1 1.5786 0.9389
5 97.2248 74.9069 3 3 3 1 1.9538 1 0 1 3.3754 0.9392
5 62.6681 107.7355 1 3 4 0 2.3710 0 0 1 3.0029 0.9396
5 138.1050 78.6352 4 3 2 0 2.5674 0 0 1 1.7636 0.9399
5 84.9137 90.1487 3 1 4 0 1.8072 0 0 1 1.3372 0.9402
5 75.2236 88.3775 1 4 3 0 2.1054 0 0 1 2.3811 0.9405
5 88.1528 75.4018 3 1 1 0 4.4246 1 0 1 2.4378 0.9409
5 137.3987 90.8951 4 2 4 0 2.2720 0 0 1 1.9101 0.9412
5 112.0955 90.0869 4 1 3 0 9.4618 0 0 0 0.6132 0.9362
5 124.7199 97.3623 4 1 3 0 3.2979 0 0 1 0.7379 0.9365
5 110.5923 67.3542 3 1 3 0 1.8110 0 0 1 1.4371 0.9368
5 73.7486 110.4400 1 1 2 1 1.1042 0 0 1 0.7931 0.9372
5 80.0097 106.6956 1 1 2 1 0.5883 0 0 1 0.8394 0.9375
5 58.2609 103.3889 1 3 1 0 0.5717 0 0 1 0.6302 0.9378
5 62.3993 88.2892 1 1 2 1 1.3645 0 0 1 1.9229 0.9381
5 132.9753 98.2457 4 1 4 0 0.8661 0 0 1 0.6445 0.9385
5 87.6377 87.8999 1 3 4 0 1.3949 0 0 1 0.5613 0.9388
5 92.0338 75.2069 3 1 1 0 0.0931 1 0 1 2.2199 0.9391
5 89.2050 134.1374 2 1 3 0 0.5151 0 0 1 1.3891 0.9394
5 98.9094 143.2802 2 3 1 0 0.4787 0 0 1 1.0302 0.9397
5 101.1719 119.2859 2 4 3 0 0.3826 0 0 1 2.2770 0.9400
5 85.2607 84.4604 1 2 2 0 1.7511 1 0 0 0.0000 0.9400
5 65.2252 109.4380 1 1 4 1 1.8358 0 0 0 0.0000 0.9400
5 73.6090 100.0768 1 3 4 0 0.5938 0 0 0 0.0000 0.9400
5 103.4926 123.8252 2 2 4 1 0.4250 0 0 0 0.0000 0.9400
5 63.0102 111.5537 1 4 3 0 0.3634 0 0 0 0.0000 0.9400
5 116.7106 100.2723 4 1 4 0 0.5731 0 0 0 0.0000 0.9400
5 102.2557 91.8934 3 3 1 1 0.5314 0 0 0 0.0000 0.9400
5 88.4604 132.3513 2 2 4 1 0.8398 0 0 0 0.0000 0.9400
5 97.1936 128.5897 2 1 3 0 0.4521 0 0 0 0.0000 0.9400
5 113.6511 134.4659 2 2 1 1 0.5837 0 0 0 0.0000 0.9400
5 106.5160 71.4494 3 3 3 1 0.9913 1 0 0 0.0000 0.9400
5 106.9334 125.3360 2 2 2 1 0.9600 1 0 0 0.0000 0.9400
5 107.4892 144.6437 2 2 3 1 0.8160 0 0 0 0.0000 0.9400
5 105.2905 110.1930 2 1 3 0 0.7000 0 0 0 0.0000 0.9400
5 93.3553 104.9840 1 4 4 0 0.2780 1 0 0 0.0000 0.9400
5 146.6449 104.1139 4 4 4 1 1.0443 1 0 0 0.0000 0.9400
5 106.6255 68.2164 3 3 1 1 2.4867 0 0 0 0.0000 0.9400
5 102.5889 83.5736 3 3 4 1 0.6539 0 0 0 0.0000 0.9400
5 100.1930 132.4558 2 1 4 0 0.2935 0 0 0 0.0000 0.9400
5 82.9756 154.2510 2 2 3 1 0.7570 0 0 0 0.0000 0.9400
5 103.4156 75.8864 3 3 2 1 1.3430 0 0 0 0.0000 0.9400
5 74.2690 85.7949 1 4 3 0 1.5442 0 0 0 0.0000 0.9400
5 113.1897 81.5377 4 2 3 0 1.3517 0 0 0 0.0000 0.9400
5 67.5129 120.7204 1 1 3 1 0.5945 0 0 0 0.0000 0.9400
5 98.1891 128.3366 2 2 1 1 0.8093 0 0 0 0.0000 0.9400
5 120.1177 97.7777 4 3 3 0 0.3745 1 0 0 0.0000 0.9400
5 102.3440 113.0387 2 4 1 0 0.7592 0 0 0 0.0000 0.9400
5 131.3731 96.3049 4 3 3 0 0.3713 1 0 0 0.0000 0.9400
5 133.5203 113.6583 4 3 4 0 0.6744 0 0 0 0.0000 0.9400
5 107.7596 101.6084 4 1 2 0 0.4432 0 0 0 0.0000 0.9400
5 108.4486 68.6553 3 2 4 0 0.3679 0 0 0 0.0000 0.9400
5 88.6969 141.3633 2 4 2 0 0.5779 0 0 0 0.0000 0.9400
5 87.3606 68.2106 3 1 1 0 0.2970 1 0 0 0.0000 0.9400
5 110.8904 77.7991 3 2 3 0 0.8899 0 0 0 0.0000 0.9400
5 110.4685 121.2093 2 3 1 0 0.8074 0 0 0 0.0000 0.9400
5 76.5790 100.0855 1 1 1 1 0.3718 1 0 0 0.0000 0.9400
5 123.3151 82.9203 3 2 1 0 0.7582 0 0 0 0.0000 0.9400
5 132.5168 79.3665 4 4 1 1 0.3537 0 0 0 0.0000 0.9400
5 126.2764 83.8192 4 3 1 0 0.3230 0 0 0 0.0000 0.9400
5 58.4333 101.9441 1 1 3 1 0.7545 0 0 0 0.0000 0.9400
5 104.6776 56.5007 3 2 3 0 0.5430 0 0 0 0.0000 0.9400
5 83.5111 127.4984 2 3 2 0 0.3577 0 0 0 0.0000 0.9400
5 143.8585 102.7132 4 1 1 0 0.4852 1 0 0 0.0000 0.9400
5 137.4330 97.0950 4 4 4 1 0.5060 1 0 0 0.0000 0.9400
5 94.9039 108.7768 2 2 3 1 0.7038 0 0 0 0.0000 0.9400
5 133.6424 103.4671 4 3 2 0 0.2996 0 0 0 0.0000 0.9400
5 136.6877 95.0447 4 1 3 0 1.1148 0 0 0 0.0000 0.9400
5 94.2845 48.6109 3 4 3 0 0.3030 0 0 0 0.0000 0.9400
5 131.2149 122.0328 4 3 3 0 0.4788 1 0 0 0.0000 0.9400
5 77.0428 103.0216 1 2 1 0 0.5943 0 0 0 0.0000 0.9400
6 70.7976 95.5266 1 2 2 0 0.7465 1 0 0 0.0000 0.9400
6 93.6683 67.5234 3 3 3 1 0.6878 1 0 0 0.0000 0.9400
6 96.4913 75.5477 3 1 2 0 0.3441 0 0 0 0.0000 0.9400
6 108.8706 89.0201 4 2 2 0 0.4094 1 0 0 0.0000 0.9400
6 64.2303 102.6138 1 3 1 0 0.4273 0 0 0 0.0000 0.9400
6 77.9282 100.4959 1 2 1 0 0.5101 0 0 0 0.0000 0.9400
6 122.0819 84.6832 4 1 1 0 0.2905 1 0 0 0.0000 0.9400
6 101.7032 60.1956 3 4 3 0 0.3393 0 0 0 0.0000 0.9400
6 123.5472 93.8877 4 2 3 0 0.6755 0 0 0 0.0000 0.9400
6 64.1784 95.8536 1 1 1 1 0.5256 1 0 0 0.0000 0.9400
6 119.9412 80.9812 3 2 3 0 0.5792 0 0 0 0.0000 0.9400
6 83.0973 99.6898 1 1 2 1 0.3443 0 0 0 0.0000 0.9400
6 63.4358 97.9667 1 3 4 0 0.3295 0 0 0 0.0000 0.9400
6 148.4004 105.7397 4 4 3 1 0.4092 0 0 0 0.0000 0.9400
6 98.4903 82.6266 3 2 3 0 0.6999 0 0 0 0.0000 0.9400
6 87.3135 64.0285 3 1 3 0 0.1499 0 0 0 0.0000 0.9400
6 98.0313 85.9155 3 2 1 0 0.6094 0 0 0 0.0000 0.9400
6 99.8686 69.5788 3 3 4 1 0.5686 0 0 0 0.0000 0.9400
6 102.7899 116.4195 2 4 1 0 0.3186 0 0 0 0.0000 0.9400
6 119.8556 94.2118 4 2 4 0 0.3513 0 0 0 0.0000 0.9400
6 113.2000 100.1867 4 1 4 0 0.3530 0 0 0 0.0000 0.9400
6 101.8314 70.9860 3 4 3 0 0.4180 0 0 0 0.0000 0.9400
6 89.6134 63.6083 3 3 4 1 0.2760 0 0 0 0.0000 0.9400
6 101.7649 128.0355 2 2 3 1 0.5140 0 0 0 0.0000 0.9400
6 93.0298 127.9223 2 1 3 0 1.1740 0 0 0 0.0000 0.9400
6 94.4080 49.6970 3 3 3 1 0.3819 1 0 0 0.0000 0.9400
6 69.6821 91.3549 1 3 4 0 0.8952 0 0 0 0.0000 0.9400
6 96.5532 70.7419 3 2 2 0 0.3180 1 0 0 0.0000 0.9400
6 104.8673 128.2429 2 1 3 0 0.7015 0 0 0 0.0000 0.9400
6 104.1968 141.2735 2 4 2 0 0.3119 0 0 0 0.0000 0.9400
6 92.0560 65.2067 3 2 4 0 0.4723 0 0 0 0.0000 0.9400
6 107.5802 141.2795 2 1 1 0 0.6991 1 0 0 0.0000 0.9400
6 80.0384 101.4079 1 3 2 0 0.7419 0 0 0 0.0000 0.9400
6 109.2279 139.7944 2 1 3 0 0.3846 0 0 0 0.0000 0.9400
6 105.3632 117.7025 2 3 2 0 0.5314 0 0 0 0.0000 0.9400
6 101.0772 80.8251 3 4 3 0 0.6173 0 0 0 0.0000 0.9400
6 103.2879 70.9612 3 1 2 0 0.5297 0 0 0 0.0000 0.9400
6 150.1976 102.3980 4 2 2 0 0.4241 1 0 0 0.0000 0.9400
6 80.3229 104.6976 1 3 2 0 0.4109 0 0 0 0.0000 0.9400
6 97.6390 74.1439 3 4 4 0 0.3480 1 0 0 0.0000 0.9400
6 135.2789 131.4748 4 4 3 1 0.8776 0 0 0 0.0000 0.9400
6 100.6615 138.9520 2 3 2 0 0.3487 0 0 0 0.0000 0.9400
6 108.7283 146.0765 2 2 1 1 0.3493 0 0 0 0.0000 0.9400
6 142.5256 91.5844 4 1 4 0 0.2864 0 0 0 0.0000 0.9400
6 75.5032 120.2016 1 3 1 0 0.3659 0 0 0 0.0000 0.9400
6 65.5803 106.6743 1 4 1 0 0.6387 0 0 0 0.0000 0.9400
6 102.1152 59.2238 3 2 2 0 0.4539 1 0 0 0.0000 0.9400
6 122.8224 101.7694 4 1 4 0 0.3286 0 0 0 0.0000 0.9400
6 104.4554 125.8732 2 2 3 1 0.4575 0 0 0 0.0000 0.9400
6 122.2716 97.8254 4 1 4 0 0.1263 0 0 0 0.0000 0.9400
6 64.3651 104.8376 1 3 1 0 0.4902 0 0 0 0.0000 0.9400
6 66.8812 103.1281 1 4 2 0 0.3182 0 0 0 0.0000 0.9400
6 77.5743 106.8028 1 2 2 0 0.3185 1 0 0 0.0000 0.9400
6 111.1157 67.1623 3 2 4 0 0.4634 0 0 0 0.0000 0.9400
6 90.4349 136.3736 2 1 2 0 0.2901 0 0 0 0.0000 0.9400
6 106.2040 62.1277 3 3 2 1 0.0025 0 0 0 0.0000 0.9400
6 85.1726 84.3353 1 2 3 0 0.3617 0 0 0 0.0000 0.9400
6 129.4118 107.4261 4 4 1 1 0.2509 0 0 0 0.0000 0.9400
6 105.3890 122.3535 2 1 4 0 0.2984 0 0 0 0.0000 0.9400
6 134.6526 106.7230 4 3 1 0 0.3312 0 0 0 0.0000 0.9400
6 67.0568 102.8144 1 2 3 0 0.2976 0 0 0 0.0000 0.9400
6 131.9336 115.7457 4 2 1 0 0.4256 0 0 0 0.0000 0.9400
6 97.3481 129.1895 2 2 1 1 0.3008 0 0 0 0.0000 0.9400
6 126.1796 107.6207 4 2 2 0 0.4599 1 0 0 0.0000 0.9400
6 56.7195 111.4643 1 2 3 0 0.7191 0 0 0 0.0000 0.9400
6 104.5617 56.6949 3 1 1 0 0.2811 1 0 0 0.0000 0.9400
6 94.8763 128.9719 2 1 1 0 0.3119 1 0 0 0.0000 0.9400
6 71.9726 116.2312 1 1 3 1 0.3130 0 0 0 0.0000 0.9400
6 99.0396 118.4244 2 4 1 0 0.2810 0 0 0 0.0000 0.9400
6 98.0211 135.4689 2 3 3 0 1.5450 1 0 0 0.0000 0.9400
6 110.7191 120.0225 2 2 4 1 0.7597 0 0 0 0.0000 0.9400
6 68.9197 110.3770 1 1 1 1 0.1321 1 0 0 0.0000 0.9400
6 69.9645 86.5683 1 4 3 0 0.5749 0 0 0 0.0000 0.9400
6 95.3532 130.8562 2 3 3 0 0.0217 1 0 0 0.0000 0.9400
6 96.9975 144.9041 2 2 3 1 0.6865 0 0 0 0.0000 0.9400
6 101.3003 118.2468 2 1 3 0 0.0404 0 0 0 0.0000 0.9400
6 60.9801 93.5680 1 4 3 0 0.2248 0 0 0 0.0000 0.9400
6 124.4834 113.4982 4 3 1 0 0.8792 0 0 0 0.0000 0.9400
6 133.3841 95.1198 4 2 2 0 0.4780 1 0 0 0.0000 0.9400
6 137.3462 113.9915 4 1 4 0 0.0979 0 0 0 0.0000 0.9400
6 121.9180 85.3120 4 3 1 0 0.5896 0 0 0 0.0000 0.9400
6 90.7604 118.0055 2 4 2 0 0.3391 0 0 0 0.0000 0.9400
6 118.3561 111.6363 4 2 4 0 0.2271 0 0 0 0.0000 0.9400
6 102.9579 73.3276 3 1 4 0 0.3367 0 0 0 0.0000 0.9400
6 135.3254 107.9271 4 3 4 0 1.0895 0 0 0 0.0000 0.9400
6 100.5643 73.9713 3 1 2 0 0.4202 0 0 0 0.0000 0.9400
6 108.5905 150.0014 2 2 3 1 1.5750 0 0 0 0.0000 0.9400
6 76.2416 107.6445 1 3 2 0 0.2802 0 0 0 0.0000 0.9400
6 103.9174 117.3660 2 4 2 0 1.0473 0 0 0 0.0000 0.9400
6 111.7206 105.1756 4 1 3 0 0.2341 0 0 0 0.0000 0.9400
6 70.9591 107.6042 1 3 3 0 0.4081 1 0 0 0.0000 0.9400
6 109.0777 102.4331 4 2 4 0 1.1141 0 0 0 0.0000 0.9400
6 126.4884 92.9181 4 4 1 1 0.2864 0 0 0 0.0000 0.9400
6 124.1812 129.4869 4 1 4 0 0.7349 0 0 0 0.0000 0.9400
6 80.5136 110.9438 1 1 2 1 0.4421 0 0 0 0.0000 0.9400
6 97.6917 64.1212 3 2 2 0 0.4464 1 0 0 0.0000 0.9400
6 88.5654 90.1056 1 2 4 0 0.6732 0 0 0 0.0000 0.9400
6 118.5892 107.7876 2 2 2 1 0.8397 1 0 0 0.0000 0.9400
6 96.1417 70.8354 3 2 2 0 0.9675 1 0 0 0.0000 0.9400
6 81.3666 54.0435 3 2 4 0 0.4571 0 0 0 0.0000 0.9400
7 105.9102 134.8433 2 1 2 0 1.3385 0 0 0 0.0000 0.9400
7 107.7221 122.8525 2 3 1 0 0.8130 0 0 0 0.0000 0.9400
7 70.9801 97.4984 1 3 3 0 0.5530 1 0 0 0.0000 0.9400
7 91.7822 124.1051 2 3 4 0 0.5914 0 0 0 0.0000 0.9400
7 100.4535 75.4099 3 1 3 0 0.3106 0 0 0 0.0000 0.9400
7 87.4933 102.6541 1 2 2 0 0.3597 1 0 0 0.0000 0.9400
7 154.9917 97.4097 4 2 4 0 0.4725 0 0 0 0.0000 0.9400
7 87.7027 99.6187 1 4 1 0 0.4117 0 0 0 0.0000 0.9400
7 101.5459 83.4905 3 3 1 1 0.4920 0 0 0 0.0000 0.9400
7 91.4105 93.8808 3 1 4 0 0.3196 0 0 0 0.0000 0.9400
7 79.8248 110.0313 1 2 1 0 0.3844 0 0 0 0.0000 0.9400
7 73.5563 72.2028 3 3 2 1 0.4976 0 0 0 0.0000 0.9400
7 118.4548 107.2515 4 4 4 1 0.3411 1 0 0 0.0000 0.9400
7 96.4548 124.9745 2 1 4 0 0.5495 0 0 0 0.0000 0.9400
7 116.6820 143.1406 2 2 2 1 0.3806 1 0 0 0.0000 0.9400
7 105.4858 142.3728 2 2 3 1 0.4783 0 0 0 0.0000 0.9400
7 64.4745 77.5333 1 3 1 0 0.5466 0 0 0 0.0000 0.9400
7 133.3195 99.7161 4 1 2 0 0.3766 0 0 0 0.0000 0.9400
7 116.8400 79.5157 3 3 2 1 0.5546 0 0 0 0.0000 0.9400
7 107.7403 151.8154 2 2 1 1 0.4002 0 0 0 0.0000 0.9400
7 109.5893 66.1443 3 4 2 0 0.4353 0 0 0 0.0000 0.9400
7 131.8167 93.1313 4 1 1 0 0.3745 1 0 0 0.0000 0.9400
7 95.9689 62.9362 3 1 1 0 0.7125 1 0 0 0.0000 0.9400
7 86.3858 114.7453 1 1 3 1 0.3877 0 0 0 0.0000 0.9400
7 95.0387 77.2566 3 2 4 0 0.5501 0 0 0 0.0000 0.9400
7 103.5668 102.0057 2 3 4 0 0.3316 0 0 0 0.0000 0.9400
7 107.4919 124.2660 2 4 3 0 0.2988 0 0 0 0.0000 0.9400
7 58.3788 84.3613 1 1 2 1 0.2824 0 0 0 0.0000 0.9400
7 133.6930 86.1741 4 2 2 0 0.6020 1 0 0 0.0000 0.9400
7 73.3303 105.7902 1 3 2 0 0.9135 0 0 0 0.0000 0.9400
7 95.9898 78.3730 3 4 3 0 0.3044 0 0 0 0.0000 0.9400
7 131.4001 98.8049 4 2 3 0 0.4483 0 0 0 0.0000 0.9400
7 102.9168 122.0853 2 1 2 0 0.4523 0 0 0 0.0000 0.9400
7 76.1449 86.4680 1 3 4 0 0.6490 0 0 0 0.0000 0.9400
7 104.9014 118.6219 2 4 2 0 0.3067 0 0 0 0.0000 0.9400
7 75.4131 94.6944 1 1 2 1 0.3227 0 0 0 0.0000 0.9400
7 129.4991 98.6783 4 2 2 0 0.4353 1 0 0 0.0000 0.9400
7 133.6609 106.8919 4 2 1 0 0.4547 0 0 0 0.0000 0.9400
7 72.9761 91.8513 1 3 1 0 0.4254 0 0 0 0.0000 0.9400
7 76.5329 94.4930 1 4 1 0 0.3473 0 0 0 0.0000 0.9400
7 105.8389 59.3266 3 2 4 0 0.3650 0 0 0 0.0000 0.9400
7 91.3367 66.3946 3 1 3 0 0.4933 0 0 0 0.0000 0.9400
7 133.5661 96.3853 4 2 4 0 0.3712 0 0 0 0.0000 0.9400
7 131.6035 100.0489 4 4 2 1 0.2658 0 0 0 0.0000 0.9400
7 98.2771 121.0598 2 1 1 0 0.3244 1 0 0 0.0000 0.9400
7 97.3913 130.7559 2 2 2 1 0.7893 1 0 0 0.0000 0.9400
7 100.5722 59.0357 3 1 3 0 0.4811 0 0 0 0.0000 0.9400
7 87.7432 121.7098 2 2 4 1 0.3750 0 0 0 0.0000 0.9400
7 113.3018 55.9921 3 3 1 1 0.3767 0 0 0 0.0000 0.9400
7 108.8770 124.8040 2 4 1 0 0.4582 0 0 0 0.0000 0.9400
7 121.0435 119.9764 2 1 1 0 0.5750 1 0 0 0.0000 0.9400
7 90.9948 70.2116 3 2 3 0 0.4874 0 0 0 0.0000 0.9400
7 110.2706 135.7376 2 3 3 0 0.4920 1 0 0 0.0000 0.9400
7 132.4728 91.2742 4 4 2 1 0.3522 0 0 0 0.0000 0.9400
7 93.0651 64.7039 3 3 1 1 0.5614 0 0 0 0.0000 0.9400
7 129.3278 121.8224 4 2 4 0 0.4861 0 0 0 0.0000 0.9400
7 79.5867 92.3888 1 1 4 1 0.3309 0 0 0 0.0000 0.9400
7 111.4199 105.7905 4 2 1 0 0.3637 0 0 0 0.0000 0.9400
7 104.7563 75.8659 3 4 2 0 0.4933 0 0 0 0.0000 0.9400
7 64.4410 99.6203 1 1 1 1 0.0336 1 0 0 0.0000 0.9400
7 101.3815 73.0170 3 2 4 0 0.8420 0 0 0 0.0000 0.9400
7 127.2725 101.2891 4 3 4 0 0.3756 0 0 0 0.0000 0.9400
7 93.4160 96.6826 1 1 4 1 0.3768 0 0 0 0.0000 0.9400
7 67.6983 96.7664 1 4 4 0 0.3464 1 0 0 0.0000 0.9400
7 99.8741 116.0471 2 4 4 0 0.6999 1 0 0 0.0000 0.9400
7 103.2945 76.8177 3 4 2 0 0.5343 0 0 0 0.0000 0.9400
7 128.0954 100.7774 4 3 4 0 0.6055 0 0 0 0.0000 0.9400
7 74.0931 102.4500 1 3 4 0 0.6126 0 0 0 0.0000 0.9400
7 116.7455 95.2483 4 2 1 0 0.5238 0 0 0 0.0000 0.9400
7 72.0866 111.0079 1 4 1 0 1.5542 0 0 0 0.0000 0.9400
7 82.0931 84.7054 1 3 4 0 0.0674 0 0 0 0.0000 0.9400
7 136.6960 85.7850 4 1 1 0 0.5250 1 0 0 0.0000 0.9400
7 94.9339 58.1167 3 1 2 0 0.5949 0 0 0 0.0000 0.9400
7 90.7955 75.5635 3 2 4 0 0.5221 0 0 0 0.0000 0.9400
7 135.8998 87.2633 4 3 1 0 0.9285 0 0 0 0.0000 0.9400
7 131.9209 123.1288 4 4 2 1 1.0401 0 0 0 0.0000 0.9400
7 117.8498 104.5631 4 4 3 1 0.4357 0 0 0 0.0000 0.9400
7 100.3058 142.8041 2 3 4 0 0.2472 0 0 0 0.0000 0.9400
7 101.1555 128.3788 2 1 2 0 0.3240 0 0 0 0.0000 0.9400
7 95.7718 76.3855 3 3 4 1 0.9804 0 0 0 0.0000 0.9400
7 69.7773 107.5104 1 4 3 0 0.3411 0 0 0 0.0000 0.9400
7 130.4596 86.2393 4 3 1 0 0.8699 0 0 0 0.0000 0.9400
7 108.8308 89.4585 3 2 3 0 0.3407 0 0 0 0.0000 0.9400
7 95.4788 69.3943 3 1 1 0 0.2627 1 0 0 0.0000 0.9400
7 73.6712 95.8782 1 2 2 0 0.6770 1 0 0 0.0000 0.9400
7 124.8026 92.4396 4 1 3 0 0.8158 0 0 0 0.0000 0.9400
7 78.5336 135.8575 2 2 2 1 0.4279 1 0 0 0.0000 0.9400
7 93.6008 125.3017 2 2 1 1 0.5271 0 0 0 0.0000 0.9400
7 136.6758 89.3931 4 3 2 0 0.5497 0 0 0 0.0000 0.9400
7 70.7232 116.5256 1 4 2 0 0.4590 0 0 0 0.0000 0.9400
7 116.1249 104.1484 4 1 3 0 0.5113 0 0 0 0.0000 0.9400
7 103.0445 133.7577 2 3 3 0 0.3249 1 0 0 0.0000 0.9400
7 71.8123 78.3524 1 2 1 0 0.4048 0 0 0 0.0000 0.9400
7 98.5767 125.9519 2 1 2 0 0.1676 0 0 0 0.0000 0.9400
7 73.9319 114.8849 1 3 2 0 0.5648 0 0 0 0.0000 0.9400
7 88.9937 55.4789 3 4 4 0 0.2836 1 0 0 0.0000 0.9400
7 61.9010 110.7270 1 4 4 0 0.6999 1 0 0 0.0000 0.9400
7 124.2482 90.8835 4 4 3 1 0.5183 0 0 0 0.0000 0.9400
7 98.6420 67.0848 3 3 4 1 0.5571 0 0 0 0.0000 0.9400
7 103.8039 134.0234 2 2 3 1 0.3391 0 0 0 0.0000 0.9400
8 90.5905 64.5018 1 2 0 0 0.7144 0 1 0 0.0000 0.9400
8 119.7145 97.1257 4 2 0 0 0.5550 0 1 0 0.0000 0.9400
8 97.8026 130.4800 2 1 0 0 0.3210 0 1 0 0.0000 0.9400
8 74.0738 99.6458 1 3 0 0 0.5775 0 1 0 0.0000 0.9400
8 110.4730 86.6673 3 4 0 0 0.3117 0 1 0 0.0000 0.9400
8 61.1240 86.3064 1 3 0 0 0.3290 0 1 0 0.0000 0.9400
8 69.5087 113.4943 1 1 0 1 0.3605 1 1 0 0.0000 0.9400
8 103.5842 78.5183 3 2 0 0 0.5853 0 1 0 0.0000 0.9400
8 110.4528 128.4331 2 3 0 0 0.3849 0 1 0 0.0000 0.9400
8 68.0811 97.2900 1 4 0 0 0.2105 0 1 0 0.0000 0.9400
8 129.5553 104.7185 4 3 0 0 0.3200 0 1 0 0.0000 0.9400
8 66.1732 98.4152 1 2 0 0 0.3200 0 1 0 0.0000 0.9400
8 86.8404 95.0285 3 1 0 0 0.3844 0 1 0 0.0000 0.9400
8 90.6607 114.7931 2 3 0 0 0.7547 0 1 0 0.0000 0.9400
8 65.6660 89.5178 1 4 0 0 0.9419 0 1 0 0.0000 0.9400
8 107.5018 121.6098 2 1 0 0 0.3024 0 1 0 0.0000 0.9400
8 69.8536 99.2167 1 1 0 1 0.5594 1 1 0 0.0000 0.9400
8 105.6702 73.1600 3 1 0 0 0.8539 0 1 0 0.0000 0.9400
8 115.0339 82.6380 3 4 0 0 0.4675 0 1 0 0.0000 0.9400
8 127.7061 107.1893 4 2 0 0 0.4550 0 1 0 0.0000 0.9400
8 78.2750 98.0735 1 3 0 0 0.8422 0 1 0 0.0000 0.9400
8 87.9524 84.3511 1 1 0 1 0.3757 1 1 0 0.0000 0.9400
8 106.5451 94.5860 4 2 0 0 0.7772 0 1 0 0.0000 0.9400
8 110.6893 65.7843 3 1 0 0 0.3258 0 1 0 0.0000 0.9400
8 101.6947 71.4132 3 1 0 0 0.4061 0 1 0 0.0000 0.9400
8 146.5705 88.5627 4 3 0 0 0.3284 0 1 0 0.0000 0.9400
8 117.0446 134.5159 2 4 0 0 0.6000 0 1 0 0.0000 0.9400
8 109.8880 115.3438 2 2 0 1 0.5909 1 1 0 0.0000 0.9400
8 121.2142 99.1859 4 2 0 0 0.5980 0 1 0 0.0000 0.9400
8 96.2220 119.3550 2 3 0 0 0.4156 0 1 0 0.0000 0.9400
8 109.0160 110.1222 4 4 0 1 0.3219 1 1 0 0.0000 0.9400
8 130.3035 108.1081 4 1 0 0 0.1623 0 1 0 0.0000 0.9400
8 91.3928 137.1108 2 2 0 1 0.0307 1 1 0 0.0000 0.9400
8 81.7712 111.1103 1 3 0 0 0.8871 0 1 0 0.0000 0.9400
8 94.7207 105.7847 2 4 0 0 0.3267 0 1 0 0.0000 0.9400
8 78.2270 104.3290 1 1 0 1 0.4074 1 1 0 0.0000 0.9400
8 109.0030 126.8378 2 2 0 1 0.4266 1 1 0 0.0000 0.9400
8 138.9077 109.0262 4 4 0 1 1.0702 1 1 0 0.0000 0.9400
8 105.3467 81.1106 3 3 0 1 0.7702 1 1 0 0.0000 0.9400
8 79.8331 109.3147 1 1 0 1 0.5906 1 1 0 0.0000 0.9400
8 81.1348 85.8898 1 2 0 0 0.4701 0 1 0 0.0000 0.9400
8 137.0833 98.5415 4 3 0 0 0.6021 0 1 0 0.0000 0.9400
8 65.5740 101.7929 1 4 0 0 0.9457 0 1 0 0.0000 0.9400
8 98.4089 50.5345 3 1 0 0 0.5777 0 1 0 0.0000 0.9400
8 118.0005 110.7687 4 2 0 0 0.6319 0 1 0 0.0000 0.9400
8 116.8181 91.3350 3 3 0 1 0.4640 1 1 0 0.0000 0.9400
8 72.5930 121.4012 1 4 0 0 0.4356 0 1 0 0.0000 0.9400
8 79.9510 141.1002 2 4 0 0 0.5348 0 1 0 0.0000 0.9400
8 70.1847 112.6640 1 3 0 0 0.5080 0 1 0 0.0000 0.9400
8 136.5479 103.7805 4 1 0 0 0.4651 0 1 0 0.0000 0.9400
8 136.3717 93.2697 4 2 0 0 0.4371 0 1 0 0.0000 0.9400
8 94.9933 68.5995 3 2 0 0 0.5838 0 1 0 0.0000 0.9400
8 127.0373 102.5313 4 1 0 0 0.4150 0 1 0 0.0000 0.9400
8 109.1853 138.0732 2 3 0 0 0.7862 0 1 0 0.0000 0.9400
8 140.3759 105.7105 4 4 0 1 0.4150 1 1 0 0.0000 0.9400
8 91.6309 131.5931 2 2 0 1 0.6737 1 1 0 0.0000 0.9400
8 91.5616 71.1302 3 1 0 0 0.3634 0 1 0 0.0000 0.9400
8 88.8389 138.9016 2 1 0 0 2.0293 0 1 0 0.0000 0.9400
8 126.2479 93.8255 4 3 0 0 0.5225 0 1 0 0.0000 0.9400
8 65.2718 109.8442 1 4 0 0 0.5121 0 1 0 0.0000 0.9400
8 119.7651 117.6533 2 3 0 0 0.4524 0 1 0 0.0000 0.9400
8 114.0260 71.2138 3 2 0 0 0.3428 0 1 0 0.0000 0.9400
8 105.0474 72.4231 3 1 0 0 0.5675 0 1 0 0.0000 0.9400
8 100.6753 135.6078 2 4 0 0 0.1583 0 1 0 0.0000 0.9400
8 113.0652 114.0933 2 2 0 1 0.4892 1 1 0 0.0000 0.9400
8 98.8722 73.9907 3 1 0 0 0.6696 0 1 0 0.0000 0.9400
8 95.6192 81.2971 3 2 0 0 1.6071 0 1 0 0.0000 0.9400
8 104.3078 130.6184 2 4 0 0 0.4094 0 1 0 0.0000 0.9400
8 135.9208 94.1744 4 3 0 0 0.6670 0 1 0 0.0000 0.9400
8 132.9935 87.5063 4 1 0 0 0.3711 0 1 0 0.0000 0.9400
8 90.2395 128.2253 2 1 0 0 0.5166 0 1 0 0.0000 0.9400
8 129.2654 80.7698 4 1 0 0 0.3945 0 1 0 0.0000 0.9400
8 99.3557 122.9250 2 1 0 0 0.5102 0 1 0 0.0000 0.9400
8 90.7274 115.0446 2 1 0 0 0.3725 0 1 0 0.0000 0.9400
8 89.2490 78.6219 3 1 0 0 0.2949 0 1 0 0.0000 0.9400
8 96.6668 66.6565 3 1 0 0 0.4561 0 1 0 0.0000 0.9400
8 92.5878 154.2830 2 2 0 1 0.3329 1 1 0 0.0000 0.9400
8 107.7046 80.5418 3 3 0 1 0.5580 1 1 0 0.0000 0.9400
8 105.9622 87.7261 3 1 0 0 0.3548 0 1 0 0.0000 0.9400
8 111.5165 115.1448 2 1 0 0 0.8687 0 1 0 0.0000 0.9400
8 98.2208 65.4573 3 2 0 0 0.6448 0 1 0 0.0000 0.9400
8 64.7903 77.3709 1 3 0 0 0.3176 0 1 0 0.0000 0.9400
8 68.5902 111.2368 1 1 0 1 0.1259 1 1 0 0.0000 0.9400
8 79.9131 104.8711 1 4 0 0 0.7292 0 1 0 0.0000 0.9400
8 95.7107 96.6214 1 3 0 0 0.8198 0 1 0 0.0000 0.9400
8 129.6425 91.9746 4 2 0 0 0.4006 0 1 0 0.0000 0.9400
8 94.5967 82.4114 3 2 0 0 0.4506 0 1 0 0.0000 0.9400
8 150.6347 101.2032 4 4 0 1 0.3738 1 1 0 0.0000 0.9400
8 75.6848 119.7178 1 2 0 0 0.4718 0 1 0 0.0000 0.9400
8 98.4734 67.9758 3 1 0 0 0.4114 0 1 0 0.0000 0.9400
8 121.8793 109.9178 4 3 0 0 0.4317 0 1 0 0.0000 0.9400
8 94.4599 89.8636 3 3 0 1 0.3865 1 1 0 0.0000 0.9400
8 91.5153 109.5289 2 4 0 0 0.4361 0 1 0 0.0000 0.9400
8 106.8019 73.1424 3 3 0 1 0.6952 1 1 0 0.0000 0.9400
8 76.3090 94.5660 1 2 0 0 0.3687 0 1 0 0.0000 0.9400
8 128.3816 97.9748 4 3 0 0 0.3231 0 1 0 0.0000 0.9400
8 71.7453 107.3721 1 3 0 0 0.6592 0 1 0 0.0000 0.9400
8 117.3649 99.6703 4 3 0 0 0.3316 0 1 0 0.0000 0.9400
8 95.0873 138.8186 2 3 0 0 0.2839 0 1 0 0.0000 0.9400
8 139.5657 102.7081 4 1 0 0 0.5224 0 1 0 0.0000 0.9400
9 103.6137 74.1008 3 3 0 1 0.5865 1 1 0 0.0000 0.9400
9 103.6479 80.3249 3 2 0 0 0.6998 0 1 0 0.0000 0.9400
9 110.7196 116.0871 2 4 0 0 0.3730 0 1 0 0.0000 0.9400
9 113.0986 110.6975 2 1 0 0 0.3602 0 1 0 0.0000 0.9400
9 139.6484 97.5681 4 3 0 0 0.6510 0 1 0 0.0000 0.9400
9 127.8129 85.9738 4 2 0 0 1.0264 0 1 0 0.0000 0.9400
9 90.2632 82.8812 3 1 0 0 0.6457 0 1 0 0.0000 0.9400
9 71.3646 100.4742 1 3 0 0 0.6225 0 1 0 0.0000 0.9400
9 80.5237 83.7751 3 4 0 0 0.8377 0 1 0 0.0000 0.9400
9 82.2037 101.0427 1 2 0 0 0.4360 0 1 0 0.0000 0.9400
9 138.7935 110.5281 4 1 0 0 0.4557 0 1 0 0.0000 0.9400
9 58.3275 73.3529 1 3 0 0 0.3320 0 1 0 0.0000 0.9400
9 82.9178 60.6965 3 3 0 1 0.4116 1 1 0 0.0000 0.9400
9 60.5538 97.4907 1 3 0 0 0.3168 0 1 0 0.0000 0.9400
9 79.8961 81.1035 3 1 0 0 0.4275 0 1 0 0.0000 0.9400
9 71.1379 121.6782 1 2 0 0 0.2876 0 1 0 0.0000 0.9400
9 102.6554 124.9706 2 1 0 0 0.1267 0 1 0 0.0000 0.9400
9 121.7999 103.9522 4 4 0 1 0.3943 1 1 0 0.0000 0.9400
9 95.8491 76.6500 3 1 0 0 0.3330 0 1 0 0.0000 0.9400
9 103.3426 114.0996 2 2 0 1 0.3991 1 1 0 0.0000 0.9400
9 122.1147 103.2817 4 3 0 0 0.4334 0 1 0 0.0000 0.9400
9 74.8396 110.4062 1 4 0 0 0.9954 0 1 0 0.0000 0.9400
9 89.4633 121.3259 2 1 0 0 0.3102 0 1 0 0.0000 0.9400
9 81.3311 81.8530 1 2 0 0 0.3589 0 1 0 0.0000 0.9400
9 99.8400 81.4098 3 3 0 1 0.6153 1 1 0 0.0000 0.9400
9 92.6224 121.3498 2 3 0 0 0.4469 0 1 0 0.0000 0.9400
9 79.9215 80.1434 1 4 0 0 0.7380 0 1 0 0.0000 0.9400
9 121.8181 81.1996 4 1 0 0 0.3652 0 1 0 0.0000 0.9400
9 98.5304 129.2492 2 2 0 1 0.3512 1 1 0 0.0000 0.9400
9 92.9046 122.1020 2 4 0 0 0.4964 0 1 0 0.0000 0.9400
9 104.7584 57.8152 3 1 0 0 0.5979 0 1 0 0.0000 0.9400
9 122.1071 98.6297 4 3 0 0 0.3651 0 1 0 0.0000 0.9400
9 90.9210 64.4163 3 4 0 0 0.2539 0 1 0 0.0000 0.9400
9 95.5324 124.7046 2 3 0 0 0.3495 0 1 0 0.0000 0.9400
9 129.6642 100.7962 4 2 0 0 0.2707 0 1 0 0.0000 0.9400
9 63.6398 102.4741 1 1 0 1 0.3834 1 1 0 0.0000 0.9400
9 102.1550 55.7520 3 4 0 0 0.3206 0 1 0 0.0000 0.9400
9 54.7262 102.9481 1 3 0 0 0.8010 0 1 0 0.0000 0.9400
9 112.8966 126.8406 2 1 0 0 0.3818 0 1 0 0.0000 0.9400
9 124.5032 78.1772 4 2 0 0 0.3041 0 1 0 0.0000 0.9400
9 108.7611 66.5369 3 2 0 0 1.4077 0 1 0 0.0000 0.9400
9 78.0881 134.8433 2 2 0 1 0.6201 1 1 0 0.0000 0.9400
9 64.8654 97.4523 1 1 0 1 2.0521 1 1 0 0.0000 0.9400
9 119.6669 98.9626 4 3 0 0 0.7693 0 1 0 0.0000 0.9400
9 125.4167 88.3572 4 4 0 1 0.4776 1 1 0 0.0000 0.9400
9 128.0394 100.6980 4 4 0 1 0.8028 1 1 0 0.0000 0.9400
9 90.3402 116.8999 1 3 0 0 0.5767 0 1 0 0.0000 0.9400
9 90.9566 126.3451 2 1 0 0 0.3435 0 1 0 0.0000 0.9400
9 74.2789 93.9803 1 2 0 0 0.7296 0 1 0 0.0000 0.9400
9 98.0162 72.5907 3 2 0 0 0.5967 0 1 0 0.0000 0.9400
