1 113.3018 55.9921 3 3 0 1 1.1912 1 1 0 0.0000 0.0000
1 78.4511 105.1860 1 3 0 0 1.2816 0 1 0 0.0000 0.0000
1 94.5967 82.4114 3 4 0 0 1.9551 0 1 0 0.0000 0.0000
1 59.6690 94.7477 1 2 0 0 1.5981 0 1 0 0.0000 0.0000
1 129.2816 110.8507 4 3 0 0 1.1051 0 1 0 0.0000 0.0000
1 106.3317 61.3886 3 1 0 0 0.6870 0 1 0 0.0000 0.0000
1 70.5587 113.6624 1 3 0 0 0.6843 0 1 0 0.0000 0.0000
1 118.3561 111.6363 4 3 0 0 0.7834 0 1 0 0.0000 0.0000
1 102.6554 124.9706 2 4 0 0 0.3318 0 1 0 0.0000 0.0000
1 104.7584 57.8152 3 2 0 0 0.3654 0 1 0 0.0000 0.0000
1 109.5893 66.1443 3 2 0 0 0.2641 0 1 0 0.0000 0.0000
1 85.6290 129.7241 2 2 0 1 0.2556 1 1 0 0.0000 0.0000
1 103.7936 74.4077 3 1 0 0 1.0225 0 1 0 0.0000 0.0000
1 84.9137 90.1487 3 3 0 1 0.7857 1 1 0 0.0000 0.0000
1 127.7091 94.5345 4 4 0 1 2.5430 1 1 0 0.0000 0.0000
1 145.5079 105.0925 4 4 0 1 0.6252 1 1 0 0.0000 0.0000
1 113.0652 114.0933 2 3 0 0 1.0348 0 1 0 0.0000 0.0000
1 116.8181 91.3350 3 4 0 0 1.1254 0 1 0 0.0000 0.0000
1 63.6398 102.4741 1 3 0 0 0.9076 0 1 0 0.0000 0.0000
1 111.1157 67.1623 3 3 0 1 1.0687 1 1 0 0.0000 0.0000
1 126.4884 92.9181 4 1 0 0 1.8409 0 1 0 0.0000 0.0000
1 142.5410 96.0239 4 4 0 1 0.9216 1 1 0 0.0000 0.0000
1 136.6643 105.0332 4 4 0 1 0.9142 1 1 0 0.0000 0.0000
1 140.1412 112.9269 4 4 0 1 0.7467 1 1 0 0.0000 0.0000
1 97.8026 130.4800 2 3 0 0 1.4468 0 1 0 0.0000 0.0000
1 107.7221 122.8525 2 1 0 0 1.2678 0 1 0 0.0000 0.0000
1 107.9136 64.3814 3 3 0 1 1.9030 1 1 0 0.0000 0.0000
1 91.8763 91.1651 1 3 0 0 1.3043 0 1 0 0.0000 0.0000
1 147.2658 83.1370 4 4 0 1 0.8664 1 1 0 0.0000 0.0000
1 142.5256 91.5844 4 4 0 1 0.4739 1 1 0 0.0000 0.0000
1 106.4592 68.8722 3 2 0 0 0.9907 0 1 0 0.0000 0.0000
1 94.4813 130.1834 2 1 0 0 1.1127 0 1 0 0.0000 0.0000
1 77.0428 103.0216 1 3 0 0 0.5985 0 1 0 0.0000 0.0000
1 56.6860 103.5982 1 1 0 1 1.2145 1 1 0 0.0000 0.0000
1 137.7972 100.4247 4 4 0 1 1.0067 1 1 0 0.0000 0.0000
1 110.7196 116.0871 2 3 0 0 0.9375 0 1 0 0.0000 0.0000
1 102.1550 55.7520 3 2 0 0 1.0346 0 1 0 0.0000 0.0000
1 122.8224 101.7694 4 4 0 1 0.9339 1 1 0 0.0000 0.0000
1 94.2845 48.6109 3 1 0 0 1.4152 0 1 0 0.0000 0.0000
1 114.5281 61.5265 3 3 0 1 1.4368 1 1 0 0.0000 0.0000
1 73.3303 105.7902 1 1 0 1 0.8597 1 1 0 0.0000 0.0000
1 133.6930 86.1741 4 4 0 1 0.7948 1 1 0 0.0000 0.0000
1 133.6609 106.8919 4 2 0 0 0.9040 0 1 0 0.0000 0.0000
1 95.4788 69.3943 3 3 0 1 1.3200 1 1 0 0.0000 0.0000
1 108.8308 89.4585 3 3 0 1 1.0896 1 1 0 0.0000 0.0000
1 121.7999 103.9522 4 3 0 0 0.9347 0 1 0 0.0000 0.0000
1 79.5867 92.3888 1 1 0 1 0.8311 1 1 0 0.0000 0.0000
1 109.0160 110.1222 4 2 0 0 1.3654 0 1 0 0.0000 0.0000
1 90.2395 128.2253 2 3 0 0 0.6487 0 1 0 0.0000 0.0000
1 75.9614 119.5233 1 3 0 0 0.9291 0 1 0 0.0000 0.0000
1 74.1195 99.1445 1 1 0 1 0.6974 1 1 0 0.0000 0.0000
1 95.8447 83.3202 3 3 0 1 1.3962 1 1 0 0.0000 0.0000
1 91.6975 118.6216 2 2 0 1 0.9129 1 1 0 0.0000 0.0000
1 124.4834 113.4982 4 2 0 0 1.0489 0 1 0 0.0000 0.0000
1 72.5930 121.4012 1 1 0 1 1.0521 1 1 0 0.0000 0.0000
1 105.5620 113.2681 2 4 0 0 0.9032 0 1 0 0.0000 0.0000
1 64.7903 77.3709 1 1 0 1 0.8084 1 1 0 0.0000 0.0000
1 79.9131 104.8711 1 1 0 1 1.0456 1 1 0 0.0000 0.0000
1 71.0679 87.6457 1 1 0 1 0.5680 1 1 0 0.0000 0.0000
1 116.9702 92.0839 4 3 0 0 1.9026 0 1 0 0.0000 0.0000
1 95.9064 128.1414 2 3 0 0 1.0966 0 1 0 0.0000 0.0000
1 95.5026 80.5391 3 2 0 0 0.7970 0 1 0 0.0000 0.0000
1 109.2279 139.7944 2 3 0 0 1.6502 0 1 0 0.0000 0.0000
1 117.5010 78.0190 3 4 0 0 0.5655 0 1 0 0.0000 0.0000
1 93.3553 104.9840 1 3 0 0 0.8597 0 1 0 0.0000 0.0000
1 105.3890 122.3535 2 2 0 1 0.2970 1 1 0 0.0000 0.0000
1 112.8350 144.2134 2 2 0 1 0.3290 1 1 0 0.0000 0.0000
1 90.3402 116.8999 1 2 0 0 0.6337 0 1 0 0.0000 0.0000
1 83.2440 87.2348 3 1 0 0 0.6661 0 1 0 0.0000 0.0000
1 126.2479 93.8255 4 4 0 1 1.1324 1 1 0 0.0000 0.0000
1 63.6886 99.3253 1 1 0 1 0.7776 1 1 0 0.0000 0.0000
1 113.3941 91.5610 4 4 0 1 0.5820 1 1 0 0.0000 0.0000
1 149.8503 85.6629 4 4 0 1 0.5988 1 1 0 0.0000 0.0000
1 102.1152 59.2238 3 3 0 1 1.0803 1 1 0 0.0000 0.0000
1 71.7453 107.3721 1 1 0 1 0.8923 1 1 0 0.0000 0.0000
1 99.8741 116.0471 2 3 0 0 1.0114 0 1 0 0.0000 0.0000
1 72.5890 103.3064 1 1 0 1 0.6467 1 1 0 0.0000 0.0000
1 93.2724 118.2552 2 3 0 0 0.9114 0 1 0 0.0000 0.0000
1 123.1753 102.4976 4 4 0 1 0.5594 1 1 0 0.0000 0.0000
1 107.5018 121.6098 2 4 0 0 0.9514 0 1 0 0.0000 0.0000
1 120.7779 94.1121 4 4 0 1 0.6658 1 1 0 0.0000 0.0000
1 65.6660 89.5178 1 1 0 1 0.6214 1 1 0 0.0000 0.0000
1 67.0555 109.5032 1 1 0 1 0.7257 1 1 0 0.0000 0.0000
1 94.1610 140.3225 2 3 0 0 1.0565 0 1 0 0.0000 0.0000
1 65.7857 99.0509 1 2 0 0 0.6201 0 1 0 0.0000 0.0000
1 96.4990 80.8376 3 3 0 1 0.7969 1 1 0 0.0000 0.0000
1 69.1136 108.5233 1 1 0 1 0.6664 1 1 0 0.0000 0.0000
1 96.2624 137.6255 2 4 0 0 1.5395 0 1 0 0.0000 0.0000
1 95.0595 146.4255 2 3 0 0 0.9795 0 1 0 0.0000 0.0000
1 94.7207 105.7847 2 2 0 1 0.4056 1 1 0 0.0000 0.0000
1 112.2636 78.2404 3 2 0 0 0.3991 0 1 0 0.0000 0.0000
1 90.7604 118.0055 2 1 0 0 0.5135 0 1 0 0.0000 0.0000
1 115.6346 88.5311 3 4 0 0 0.8382 0 1 0 0.0000 0.0000
1 136.0329 94.3559 4 4 0 1 0.9326 1 1 0 0.0000 0.0000
1 92.9690 69.1337 3 1 0 0 0.8714 0 1 0 0.0000 0.0000
1 107.4919 124.2660 2 3 0 0 0.7506 0 1 0 0.0000 0.0000
1 69.5087 113.4943 1 1 0 1 0.7041 1 1 0 0.0000 0.0000
1 87.5448 133.7851 2 1 0 0 1.4501 0 1 0 0.0000 0.0000
1 110.2706 135.7376 2 1 0 0 0.9928 0 1 0 0.0000 0.0000
1 123.5472 93.8877 4 3 0 0 1.1632 0 1 0 0.0000 0.0000
2 125.8238 82.1636 4 3 0 0 1.4825 0 1 0 0.0000 0.0000
2 136.6960 85.7850 4 2 0 0 0.8888 0 1 0 0.0000 0.0000
2 91.8422 58.5898 3 1 0 0 0.7441 0 1 0 0.0000 0.0000
2 62.8468 102.1042 1 1 0 1 0.7948 1 1 0 0.0000 0.0000
2 109.4239 76.8451 3 4 0 0 0.8634 0 1 0 0.0000 0.0000
2 116.9842 121.0366 4 3 0 0 1.0486 0 1 0 0.0000 0.0000
2 119.6989 106.1292 4 4 0 1 1.3002 1 1 0 0.0000 0.0000
2 101.1555 128.3788 2 4 0 0 0.9111 0 1 0 0.0000 0.0000
2 106.3990 126.8403 2 2 0 1 1.1602 1 1 0 0.0000 0.0000
2 75.7972 136.1125 2 1 0 0 0.9424 0 1 0 0.0000 0.0000
2 128.0394 100.6980 4 4 0 1 0.9264 1 1 0 0.0000 0.0000
2 63.4358 97.9667 1 1 0 1 0.8878 1 1 0 0.0000 0.0000
2 75.2236 88.3775 1 2 0 0 0.9983 0 1 0 0.0000 0.0000
2 133.9500 86.6055 4 2 0 0 1.4777 0 1 0 0.0000 0.0000
2 95.7107 96.6214 1 2 0 0 1.1236 0 1 0 0.0000 0.0000
2 64.6998 97.2169 1 1 0 1 0.6977 1 1 0 0.0000 0.0000
2 66.8812 103.1281 1 1 0 1 0.5208 1 1 0 0.0000 0.0000
2 137.3987 90.8951 4 4 0 1 1.5819 1 1 0 0.0000 0.0000
2 56.4131 94.2644 1 1 0 1 0.7279 1 1 0 0.0000 0.0000
2 100.4535 75.4099 3 3 0 1 2.1239 1 1 0 0.0000 0.0000
2 67.3771 101.2090 1 1 0 1 0.8920 1 1 0 0.0000 0.0000
2 98.0313 85.9155 3 3 0 1 1.4351 1 1 0 0.0000 0.0000
2 122.1071 98.6297 4 4 0 1 1.0086 1 1 0 0.0000 0.0000
2 93.6008 125.3017 2 2 0 1 1.1558 1 1 0 0.0000 0.0000
2 126.1796 107.6207 4 4 0 1 0.9857 1 1 0 0.0000 0.0000
2 90.9195 50.3999 3 3 0 1 1.6281 1 1 0 0.0000 0.0000
2 95.7718 76.3855 3 3 0 1 1.4457 1 1 0 0.0000 0.0000
2 103.0627 66.6268 3 3 0 1 1.0193 1 1 0 0.0000 0.0000
2 92.8701 115.4010 2 2 0 1 1.1736 1 1 0 0.0000 0.0000
2 74.2690 85.7949 1 1 0 1 1.1317 1 1 0 0.0000 0.0000
2 129.2137 95.3005 4 4 0 1 0.9605 1 1 0 0.0000 0.0000
2 90.9880 115.6455 2 4 0 0 1.1145 0 1 0 0.0000 0.0000
2 87.3135 64.0285 3 3 0 1 1.0235 1 1 0 0.0000 0.0000
2 120.2600 88.8269 4 4 0 1 0.7466 1 1 0 0.0000 0.0000
2 118.4548 107.2515 4 4 0 1 1.4220 1 1 0 0.0000 0.0000
2 114.0655 154.3119 2 2 0 1 1.0756 1 1 0 0.0000 0.0000
2 97.2248 74.9069 3 3 0 1 1.0558 1 1 0 0.0000 0.0000
2 76.3090 94.5660 1 1 0 1 0.6347 1 1 0 0.0000 0.0000
2 98.5304 129.2492 2 2 0 1 0.9785 1 1 0 0.0000 0.0000
2 85.2607 84.4604 1 3 0 0 0.8437 0 1 0 0.0000 0.0000
2 133.6424 103.4671 4 4 0 1 0.8488 1 1 0 0.0000 0.0000
2 80.0327 125.0308 2 2 0 1 1.7596 1 1 0 0.0000 0.0000
2 89.9558 64.8627 3 3 0 1 0.8772 1 1 0 0.0000 0.0000
2 103.3426 114.0996 2 2 0 1 0.9088 1 1 0 0.0000 0.0000
2 102.2557 91.8934 3 3 0 1 1.2671 1 1 0 0.0000 0.0000
2 91.3928 137.1108 2 2 0 1 0.7799 1 1 0 0.0000 0.0000
2 94.3484 71.3368 3 3 0 1 1.1363 1 1 0 0.0000 0.0000
2 136.6877 95.0447 4 4 0 1 0.8387 1 1 0 0.0000 0.0000
2 76.1655 80.2105 1 1 0 1 0.7315 1 1 0 0.0000 0.0000
2 65.5740 101.7929 1 1 0 1 1.2621 1 1 0 0.0000 0.0000
2 88.9110 106.8961 1 3 0 0 1.1586 0 1 0 0.0000 0.0000
2 89.6134 63.6083 3 3 0 1 0.8929 1 1 0 0.0000 0.0000
2 123.6157 140.5805 2 2 0 1 0.7567 1 1 0 0.0000 0.0000
2 90.2632 82.8812 3 3 0 1 1.7197 1 1 0 0.0000 0.0000
2 104.7563 75.8659 3 3 0 1 1.6685 1 1 0 0.0000 0.0000
2 104.7419 95.8541 4 4 0 1 2.1430 1 1 0 0.0000 0.0000
2 117.2242 127.3864 2 2 0 1 0.8548 1 1 0 0.0000 0.0000
2 131.8167 93.1313 4 3 0 0 1.7649 0 1 0 0.0000 0.0000
2 105.3467 81.1106 3 3 0 1 1.1705 1 1 0 0.0000 0.0000
2 96.1417 70.8354 3 3 0 1 0.8562 1 1 0 0.0000 0.0000
2 120.2761 123.7163 2 2 0 1 1.0703 1 1 0 0.0000 0.0000
2 129.5553 104.7185 4 4 0 1 1.0016 1 1 0 0.0000 0.0000
2 98.5767 125.9519 2 2 0 1 0.7563 1 1 0 0.0000 0.0000
2 77.0563 105.1720 1 1 0 1 0.8318 1 1 0 0.0000 0.0000
2 107.4892 144.6437 2 2 0 1 0.6522 1 1 0 0.0000 0.0000
2 86.9869 137.7303 2 2 0 1 0.8042 1 1 0 0.0000 0.0000
2 107.1687 132.0388 2 2 0 1 0.7689 1 1 0 0.0000 0.0000
2 137.0804 110.1187 4 4 0 1 0.5485 1 1 0 0.0000 0.0000
2 74.0738 99.6458 1 1 0 1 0.8998 1 1 0 0.0000 0.0000
2 53.2597 97.6524 1 1 0 1 0.8256 1 1 0 0.0000 0.0000
2 70.1847 112.6640 1 1 0 1 1.2620 1 1 0 0.0000 0.0000
2 88.9518 121.9229 2 2 0 1 2.0376 1 1 0 0.0000 0.0000
2 129.0227 91.0200 4 4 0 1 1.7460 1 1 0 0.0000 0.0000
2 61.8078 120.1106 1 1 0 1 0.9359 1 1 0 0.0000 0.0000
2 107.6510 124.9763 2 2 0 1 1.5761 1 1 0 0.0000 0.0000
2 65.4832 111.9926 1 1 0 1 0.5206 1 1 0 0.0000 0.0000
2 106.2040 62.1277 3 3 0 1 0.8866 1 1 0 0.0000 0.0000
2 103.5842 78.5183 3 3 0 1 1.7103 1 1 0 0.0000 0.0000
2 84.9633 129.4892 2 2 0 1 0.9225 1 1 0 0.0000 0.0000
2 106.8346 93.8795 4 4 0 1 1.9393 1 1 0 0.0000 0.0000
2 92.9179 131.8423 2 2 0 1 0.8068 1 1 0 0.0000 0.0000
2 127.8129 85.9738 4 4 0 1 2.1791 1 1 0 0.0000 0.0000
2 96.6394 63.9314 3 2 0 0 1.0278 0 1 0 0.0000 0.0000
2 101.9112 68.7101 3 2 0 0 1.0062 0 1 0 0.0000 0.0000
2 148.4004 105.7397 4 4 0 1 0.6869 1 1 0 0.0000 0.0000
2 100.4483 55.0481 3 1 0 0 0.6422 0 1 0 0.0000 0.0000
2 122.3346 91.6734 4 3 0 0 1.4424 0 1 0 0.0000 0.0000
2 81.1348 85.8898 1 1 0 1 0.8973 1 1 0 0.0000 0.0000
2 94.4599 89.8636 3 3 0 1 1.3052 1 1 0 0.0000 0.0000
2 132.4578 93.5496 4 4 0 1 0.9162 1 1 0 0.0000 0.0000
2 100.1202 137.3844 2 2 0 1 0.6693 1 1 0 0.0000 0.0000
2 61.9010 110.7270 1 1 0 1 0.7186 1 1 0 0.0000 0.0000
2 96.0948 76.7071 3 3 0 1 1.4746 1 1 0 0.0000 0.0000
2 94.1668 86.3556 3 2 0 0 0.9361 0 1 0 0.0000 0.0000
2 103.3200 134.0606 2 2 0 1 0.6726 1 1 0 0.0000 0.0000
2 64.7926 86.6726 1 1 0 1 0.6661 1 1 0 0.0000 0.0000
2 135.8160 105.1594 4 4 0 1 0.8592 1 1 0 0.0000 0.0000
2 99.2808 114.3206 2 3 0 0 1.2988 0 1 0 0.0000 0.0000
2 72.5069 95.0757 1 1 0 1 0.7716 1 1 0 0.0000 0.0000
2 81.6602 102.3989 1 1 0 1 0.8872 1 1 0 0.0000 0.0000
3 101.4158 66.0176 3 3 0 1 1.3625 1 1 0 0.0000 0.0000
3 124.6191 98.2480 4 4 0 1 1.3522 1 1 0 0.0000 0.0000
3 79.8331 109.3147 1 3 0 0 1.0677 0 1 0 0.0000 0.0000
3 104.4290 118.4309 2 2 0 1 0.8954 1 1 0 0.0000 0.0000
3 105.8389 59.3266 3 2 0 0 0.6066 0 1 0 0.0000 0.0000
3 97.1936 128.5897 2 3 0 0 0.7113 0 1 0 0.0000 0.0000
3 75.5032 120.2016 1 2 0 0 0.5310 0 1 0 0.0000 0.0000
3 75.9152 124.9741 1 1 0 1 0.8805 1 1 0 0.0000 0.0000
3 109.2525 147.8820 2 4 0 0 0.9588 0 1 0 0.0000 0.0000
3 97.8579 128.1863 2 2 0 1 1.1677 1 1 0 0.0000 0.0000
3 73.6712 95.8782 1 1 0 1 0.6217 1 1 0 0.0000 0.0000
3 110.4242 97.2032 4 3 0 0 1.6612 0 1 0 0.0000 0.0000
3 86.1985 132.7623 2 2 0 1 0.6639 1 1 0 0.0000 0.0000
3 107.4212 77.5781 3 3 0 1 1.8104 1 1 0 0.0000 0.0000
3 110.0177 129.0274 2 2 0 1 0.8174 1 1 0 0.0000 0.0000
3 143.4742 104.9102 4 4 0 1 0.8708 1 1 0 0.0000 0.0000
3 107.3375 146.0332 2 2 0 1 0.6226 1 1 0 0.0000 0.0000
3 107.2509 127.7588 2 2 0 1 1.0940 1 1 0 0.0000 0.0000
3 96.2220 119.3550 2 2 0 1 1.0503 1 1 0 0.0000 0.0000
3 87.7027 99.6187 1 1 0 1 1.1184 1 1 0 0.0000 0.0000
3 94.5523 61.3336 3 3 0 1 1.0574 1 1 0 0.0000 0.0000
3 95.6192 81.2971 3 3 0 1 1.0614 1 1 0 0.0000 0.0000
3 89.4633 121.3259 2 2 0 1 0.7935 1 1 0 0.0000 0.0000
3 91.9586 81.3687 3 2 0 0 0.8136 0 1 0 0.0000 0.0000
3 128.3816 97.9748 4 3 0 0 1.3060 0 1 0 0.0000 0.0000
3 66.6809 92.0205 1 2 0 0 0.7564 0 1 0 0.0000 0.0000
3 91.5616 71.1302 3 1 0 0 0.5900 0 1 0 0.0000 0.0000
3 136.3717 93.2697 4 4 0 1 1.1332 1 1 0 0.0000 0.0000
3 101.3815 73.0170 3 3 0 1 1.2343 1 1 0 0.0000 0.0000
3 109.2990 94.7243 4 2 0 0 0.8819 0 1 0 0.0000 0.0000
3 82.4519 94.3090 1 2 0 0 1.2558 0 1 0 0.0000 0.0000
3 106.5451 94.5860 4 1 0 0 0.5923 0 1 0 0.0000 0.0000
3 81.9795 108.6904 1 1 0 1 3.6724 1 1 0 0.0000 0.0000
3 68.2180 104.2906 1 1 0 1 0.6794 1 1 0 0.0000 0.0000
3 121.2142 99.1859 4 2 0 0 1.4960 0 1 0 0.0000 0.0000
3 103.9174 117.3660 2 3 0 0 1.0219 0 1 0 0.0000 0.0000
3 111.2919 71.9448 3 3 0 1 1.1365 1 1 0 0.0000 0.0000
3 55.9682 101.5119 1 1 0 1 0.7905 1 1 0 0.0000 0.0000
3 63.4817 91.5669 1 1 0 1 0.6193 1 1 0 0.0000 0.0000
3 139.5657 102.7081 4 4 0 1 0.7076 1 1 0 0.0000 0.0000
3 88.9087 58.4290 3 1 0 0 0.7187 0 1 0 0.0000 0.0000
3 124.8673 94.9131 4 4 0 1 1.4967 1 1 0 0.0000 0.0000
3 94.5580 127.3204 2 2 0 1 1.2000 1 1 0 0.0000 0.0000
3 130.3035 108.1081 4 4 0 1 1.2383 1 1 0 0.0000 0.0000
3 106.9555 129.7324 2 2 0 1 0.9108 1 1 0 0.0000 0.0000
3 69.8300 103.9540 1 1 0 1 0.5980 1 1 0 0.0000 0.0000
3 76.4013 95.2955 1 2 0 0 1.1018 0 1 0 0.0000 0.0000
3 101.7032 60.1956 3 3 0 1 0.7458 1 1 0 0.0000 0.0000
3 108.7283 146.0765 2 2 0 1 0.7097 1 1 0 0.0000 0.0000
3 98.0162 72.5907 3 3 0 1 0.8242 1 1 0 0.0000 0.0000
3 123.1581 86.3214 3 3 0 1 2.4930 1 1 1 5.0328 1.0000
3 83.6900 97.7592 1 3 0 0 1.6117 0 1 1 3.1848 1.0000
3 138.9301 102.8864 4 4 0 1 2.6097 1 1 1 1.7135 1.0000
3 139.8791 103.1183 4 4 0 1 2.1161 1 1 1 3.7664 1.0000
3 122.1147 103.2817 4 2 0 0 3.2942 0 1 1 2.5264 1.0000
3 97.6917 64.1212 3 3 0 1 2.1905 1 1 1 2.6751 1.0000
3 67.6983 96.7664 1 1 0 1 2.1670 1 1 1 2.2022 1.0000
3 95.9898 78.3730 3 3 0 1 1.5305 1 1 0 1.1103 0.8750
3 136.8027 115.4470 4 4 0 1 1.9536 1 1 1 1.0887 0.8889
3 127.3768 98.4144 4 4 0 1 1.6917 1 1 1 3.1959 0.9000
3 140.5597 95.9058 4 4 0 1 3.0526 1 1 1 2.1188 0.9091
3 112.0955 90.0869 4 3 0 0 2.1175 0 1 1 1.2315 0.9167
3 67.0568 102.8144 1 1 0 1 1.2860 1 1 1 1.2902 0.9231
3 114.1970 77.1463 3 1 0 0 1.8999 0 1 1 1.7770 0.9286
3 57.3956 106.8825 1 1 0 1 1.5178 1 1 1 1.3606 0.9333
3 100.1930 132.4558 2 2 0 1 1.9709 1 1 1 1.1365 0.9375
3 98.2208 65.4573 3 1 0 0 1.9973 0 1 1 0.8523 0.9412
3 98.0211 135.4689 2 2 0 1 2.1368 1 1 1 1.2029 0.9444
3 104.7057 119.4283 2 2 0 1 4.0718 1 1 1 0.6511 0.9474
3 98.2451 120.4918 2 2 0 1 1.4828 1 1 1 1.1963 0.9500
3 97.0638 60.2841 3 3 0 1 2.4657 1 1 1 1.2539 0.9524
3 74.4528 101.6761 1 1 0 1 1.6849 1 1 0 1.8606 0.9091
3 131.3731 96.3049 4 4 0 1 2.0995 1 1 1 1.0625 0.9130
3 104.5539 75.9852 3 3 0 1 1.8796 1 1 0 1.3168 0.8750
3 113.9239 134.0780 2 4 0 0 1.3896 0 1 0 1.3264 0.8400
3 117.8498 104.5631 4 4 0 1 1.9259 1 1 1 1.5491 0.8462
3 91.9884 65.8295 3 3 0 1 1.2442 1 1 1 1.6413 0.8519
3 81.3311 81.8530 1 1 0 1 1.3694 1 1 1 1.2082 0.8571
3 77.9282 100.4959 1 1 0 1 1.1741 1 1 1 0.7849 0.8621
3 115.0339 82.6380 3 3 0 1 1.4769 1 1 1 0.7357 0.8667
3 129.2654 80.7698 4 3 0 0 1.4887 0 1 1 1.3483 0.8710
3 94.9039 108.7768 2 1 0 0 1.9575 0 1 1 2.0599 0.8750
3 88.6888 98.2993 1 3 0 0 1.0470 0 1 1 1.1746 0.8788
3 88.9286 109.5578 2 3 0 0 1.3229 0 1 1 0.8823 0.8824
3 138.9077 109.0262 4 4 0 1 2.3989 1 1 1 2.0963 0.8857
3 73.7486 110.4400 1 1 0 1 1.7573 1 1 1 1.6873 0.8889
3 63.8999 101.5863 1 1 0 1 1.1057 1 1 0 1.3785 0.8649
3 69.4482 106.4665 1 1 0 1 1.1172 1 1 1 1.3100 0.8684
3 114.8966 101.9000 4 1 0 0 2.5023 0 1 1 0.7876 0.8718
3 96.9975 144.9041 2 2 0 1 4.7822 1 1 1 0.5415 0.8750
3 104.9014 118.6219 2 4 0 0 1.9382 0 1 1 1.6426 0.8780
3 143.6517 112.9284 4 4 0 1 4.8596 1 1 0 1.5713 0.8571
3 95.8491 76.6500 3 1 0 0 3.7776 0 1 1 1.1660 0.8605
3 109.0030 126.8378 2 2 0 1 4.6334 1 1 0 1.8839 0.8409
3 86.0869 61.6301 3 3 0 1 2.8262 1 1 1 1.5019 0.8444
3 105.6745 113.8609 2 2 0 1 3.6902 1 1 1 1.3178 0.8478
3 89.3754 80.2530 3 3 0 1 1.8542 1 1 1 1.2018 0.8511
3 71.8706 91.0002 1 3 0 0 2.5028 0 1 1 1.8344 0.8542
3 133.5203 113.6583 4 4 0 1 3.2554 1 1 1 1.2540 0.8571
3 107.4894 67.7759 3 3 0 1 2.9953 1 1 1 2.9306 0.8600
4 102.1490 115.6918 4 3 2 0 3.4470 0 0 0 1.9470 0.8431
4 133.3841 95.1198 4 4 4 1 3.0998 1 0 0 1.9562 0.8269
4 117.2038 70.5478 3 3 3 1 2.1637 1 0 1 2.2852 0.8302
4 93.3909 63.3240 3 3 2 1 2.0536 0 0 0 1.9256 0.8148
4 109.8450 73.7830 3 3 2 1 2.4688 0 0 1 1.7420 0.8182
4 100.6753 135.6078 2 2 3 1 2.9686 0 0 1 2.4022 0.8214
4 76.5329 94.4930 1 1 2 1 4.0297 0 0 1 2.6341 0.8246
4 132.9668 97.6630 4 4 2 1 2.2992 0 0 0 1.8726 0.8103
4 102.7899 116.4195 2 3 2 0 1.7501 0 0 0 1.0613 0.7966
4 113.7347 110.0741 4 2 2 0 3.5743 1 0 1 1.0077 0.8000
4 111.5165 115.1448 2 2 1 1 2.1748 0 0 1 1.4747 0.8033
4 104.7658 137.1957 2 2 1 1 1.6462 0 0 1 2.0448 0.8065
4 103.5668 102.0057 2 3 3 0 2.2870 1 0 0 1.3323 0.7937
4 92.7225 150.3744 2 2 4 1 1.7318 0 0 1 1.1877 0.7969
4 77.8577 103.2591 1 1 4 1 2.6562 0 0 1 2.1674 0.8000
4 138.1050 78.6352 4 4 1 1 2.0449 0 0 1 1.5628 0.8030
4 103.2879 70.9612 3 3 1 1 1.7847 0 0 1 2.1284 0.8060
4 140.2754 107.0743 4 4 2 1 1.8446 0 0 1 3.1099 0.8088
4 90.4349 136.3736 2 2 2 1 2.3626 1 0 0 1.8613 0.7971
4 105.9622 87.7261 3 3 2 1 2.1893 0 0 1 1.1930 0.8000
4 107.7596 101.6084 4 3 4 0 1.7813 0 0 1 1.3753 0.8028
4 133.2758 109.7255 4 3 2 0 3.3040 0 0 1 0.9129 0.8056
4 111.1212 118.3085 4 2 2 0 2.4384 1 0 1 1.1048 0.8082
4 106.0402 131.1355 2 2 2 1 2.1471 1 0 1 1.4855 0.8108
4 106.6255 68.2164 3 3 1 1 2.2174 0 0 1 1.1976 0.8133
4 111.7934 125.1150 2 2 4 1 2.3305 0 0 1 1.1220 0.8158
4 100.4068 124.7725 2 2 3 1 2.9328 0 0 1 2.0597 0.8182
4 82.9178 60.6965 3 3 2 1 1.8545 0 0 1 1.2641 0.8205
4 105.3632 117.7025 2 3 1 0 2.4616 0 0 1 0.8869 0.8228
4 70.9591 107.6042 1 1 2 1 1.8752 0 0 1 1.3748 0.8250
4 101.1719 119.2859 2 3 1 0 1.5355 0 0 1 0.9944 0.8272
4 83.0973 99.6898 1 3 3 0 1.1692 1 0 1 2.3634 0.8293
4 88.6969 141.3633 2 2 3 1 1.7494 0 0 1 1.3026 0.8313
4 99.8686 69.5788 3 3 2 1 1.5177 0 0 1 2.0320 0.8333
4 146.6449 104.1139 4 4 3 1 3.1627 0 0 1 1.3421 0.8353
4 75.6848 119.7178 1 1 4 1 1.6225 0 0 1 1.1082 0.8372
4 99.1364 69.9712 3 3 2 1 2.0636 0 0 1 2.0077 0.8391
4 57.9441 87.1006 1 1 3 1 1.2335 0 0 1 2.2762 0.8409
4 79.8248 110.0313 1 3 2 0 1.1803 0 0 1 1.1507 0.8427
4 109.0777 102.4331 4 3 2 0 1.6099 0 0 1 1.5102 0.8444
4 127.7061 107.1893 4 3 4 0 1.5565 0 0 1 0.8474 0.8462
4 106.3064 69.9625 3 3 4 1 1.8513 0 0 1 1.2620 0.8478
4 101.6947 71.4132 3 3 1 1 1.4365 0 0 1 1.0932 0.8495
4 137.4330 97.0950 4 3 4 0 1.9915 0 0 1 1.2548 0.8511
4 100.2872 72.8516 3 3 3 1 1.0284 1 0 1 1.0743 0.8526
4 58.3275 73.3529 1 3 1 0 1.6198 0 0 1 1.3291 0.8542
4 107.7403 151.8154 2 2 4 1 1.4814 0 0 1 1.0357 0.8557
4 135.1553 91.0800 4 3 1 0 1.5800 0 0 1 1.1685 0.8571
4 105.3527 58.0847 3 3 4 1 1.6296 0 0 1 1.3397 0.8586
4 91.5153 109.5289 2 3 1 0 1.5956 0 0 1 1.4008 0.8600
4 108.3587 74.9542 3 3 2 1 3.8840 0 0 0 0.0000 0.8600
4 67.7185 92.3521 1 1 3 1 1.4637 0 0 0 0.0000 0.8600
4 87.9524 84.3511 1 2 3 0 0.6768 0 0 0 0.0000 0.8600
4 101.5874 128.6738 2 2 1 1 0.7747 0 0 0 0.0000 0.8600
4 124.0902 118.9130 4 4 1 1 1.2194 0 0 0 0.0000 0.8600
4 126.1289 115.0799 4 2 1 0 0.9889 0 0 0 0.0000 0.8600
4 78.0756 96.2654 1 1 4 1 0.8398 0 0 0 0.0000 0.8600
4 100.1946 133.4809 2 2 1 1 0.8707 0 0 0 0.0000 0.8600
4 86.3858 114.7453 1 2 2 0 0.8290 1 0 0 0.0000 0.8600
4 70.8464 89.2329 1 1 3 1 1.0372 0 0 0 0.0000 0.8600
4 103.2945 76.8177 3 2 3 0 1.0487 0 0 0 0.0000 0.8600
4 104.9786 107.9879 2 3 2 0 0.3736 0 0 0 0.0000 0.8600
4 124.2482 90.8835 4 4 4 1 0.5348 1 0 0 0.0000 0.8600
4 96.5532 70.7419 3 4 1 0 0.2863 0 0 0 0.0000 0.8600
4 77.5743 106.8028 1 4 2 0 0.2155 0 0 0 0.0000 0.8600
4 150.1976 102.3980 4 4 3 1 0.3104 0 0 0 0.0000 0.8600
4 53.1331 82.5922 1 3 4 0 0.3590 0 0 0 0.0000 0.8600
4 120.2365 105.3651 4 2 2 0 0.5046 1 0 0 0.0000 0.8600
4 109.1853 138.0732 2 3 3 0 1.0894 1 0 0 0.0000 0.8600
4 116.9347 101.9188 4 2 4 0 0.3186 0 0 0 0.0000 0.8600
4 78.1628 109.6438 1 1 4 1 0.0566 0 0 0 0.0000 0.8600
4 100.6883 64.5680 3 4 3 0 0.2754 0 0 0 0.0000 0.8600
4 130.4596 86.2393 4 3 2 0 0.1734 0 0 0 0.0000 0.8600
4 80.5136 110.9438 1 3 2 0 0.2041 0 0 0 0.0000 0.8600
4 74.0931 102.4500 1 1 3 1 0.3945 0 0 0 0.0000 0.8600
4 79.9215 80.1434 1 2 4 0 0.3569 0 0 0 0.0000 0.8600
4 101.5083 136.7463 2 1 2 0 0.5101 0 0 0 0.0000 0.8600
4 81.4458 97.6135 1 2 2 0 0.1556 1 0 0 0.0000 0.8600
4 95.9689 62.9362 3 4 2 0 0.3512 0 0 0 0.0000 0.8600
4 80.3630 107.5832 1 3 4 0 0.4580 0 0 0 0.0000 0.8600
4 90.9210 64.4163 3 2 2 0 1.1199 1 0 0 0.0000 0.8600
4 108.6715 117.6680 2 1 2 0 0.8206 0 0 0 0.0000 0.8600
4 106.5160 71.4494 3 2 1 0 0.8257 0 0 0 0.0000 0.8600
4 146.5705 88.5627 4 1 1 0 0.9750 1 0 0 0.0000 0.8600
4 98.9164 142.1705 2 3 1 0 2.5520 0 0 0 0.0000 0.8600
4 67.4598 105.3197 1 2 4 0 0.2338 0 0 0 0.0000 0.8600
4 105.4727 122.0417 2 1 3 0 0.3201 0 0 0 0.0000 0.8600
4 126.1778 99.7698 4 1 2 0 0.7920 0 0 0 0.0000 0.8600
4 116.6119 107.6445 4 1 1 0 0.1968 1 0 0 0.0000 0.8600
4 114.5423 65.2524 3 1 4 0 0.0504 0 0 0 0.0000 0.8600
4 119.7145 97.1257 4 1 3 0 0.2449 0 0 0 0.0000 0.8600
4 104.2406 138.9003 2 1 3 0 0.2506 0 0 0 0.0000 0.8600
4 98.2988 66.6219 3 1 4 0 0.6003 0 0 0 0.0000 0.8600
4 99.2885 68.1986 3 1 1 0 0.4479 1 0 0 0.0000 0.8600
4 106.7931 73.1952 3 1 1 0 0.1886 1 0 0 0.0000 0.8600
4 84.0640 104.1338 1 1 1 1 0.2047 1 0 0 0.0000 0.8600
4 65.2252 109.4380 1 1 3 1 0.4823 0 0 0 0.0000 0.8600
4 80.6127 64.8003 3 1 4 0 0.2386 0 0 0 0.0000 0.8600
4 80.0384 101.4079 1 1 1 1 0.3177 1 0 0 0.0000 0.8600
4 90.6607 114.7931 2 1 2 0 0.0330 0 0 0 0.0000 0.8600
5 128.0954 100.7774 4 1 2 0 1.5465 0 0 0 0.0000 0.8600
5 100.6615 138.9520 2 2 4 1 0.4821 0 0 0 0.0000 0.8600
5 65.6183 91.4331 1 1 1 1 0.1988 1 0 0 0.0000 0.8600
5 67.5129 120.7204 1 2 4 0 0.3004 0 0 0 0.0000 0.8600
5 132.9753 98.2457 4 1 1 0 0.3947 1 0 0 0.0000 0.8600
5 66.1666 70.6993 1 2 2 0 0.7900 1 0 0 0.0000 0.8600
5 103.7433 91.3476 4 1 1 0 0.6821 1 0 0 0.0000 0.8600
5 127.5829 95.3633 4 1 1 0 0.7732 1 0 0 0.0000 0.8600
5 106.9445 67.1810 3 1 3 0 0.6184 0 0 0 0.0000 0.8600
5 99.8400 81.4098 3 2 4 0 0.4120 0 0 0 0.0000 0.8600
5 129.6425 91.9746 4 2 4 0 0.1432 0 0 0 0.0000 0.8600
5 116.8400 79.5157 3 1 2 0 0.3636 0 0 0 0.0000 0.8600
5 109.4130 86.6045 3 2 1 0 0.2140 0 0 0 0.0000 0.8600
5 111.1747 126.9010 2 2 1 1 0.2998 0 0 0 0.0000 0.8600
5 134.5390 105.2827 4 1 3 0 0.4751 0 0 0 0.0000 0.8600
5 55.6794 110.5232 1 2 3 0 0.2391 0 0 0 0.0000 0.8600
5 100.9880 121.5908 2 1 3 0 0.3352 0 0 0 0.0000 0.8600
5 118.1874 104.7384 4 1 2 0 0.2643 0 0 0 0.0000 0.8600
5 113.1897 81.5377 4 2 3 0 0.2898 0 0 0 0.0000 0.8600
5 104.9284 74.3248 3 1 4 0 0.5377 0 0 0 0.0000 0.8600
5 104.5617 56.6949 3 1 1 0 0.4012 1 0 0 0.0000 0.8600
5 100.7278 116.5772 2 1 3 0 0.6532 0 0 0 0.0000 0.8600
5 108.9143 79.3603 3 1 1 0 0.7657 1 0 0 0.0000 0.8600
5 138.7935 110.5281 4 1 4 0 0.2193 0 0 0 0.0000 0.8600
5 108.7611 66.5369 3 1 1 0 0.8916 1 0 0 0.0000 0.8600
5 121.4979 110.0468 4 1 4 0 0.4436 0 0 0 0.0000 0.8600
5 107.7046 80.5418 3 1 1 0 0.4400 1 0 0 0.0000 0.8600
5 110.7191 120.0225 2 1 1 0 1.8686 1 0 0 0.0000 0.8600
5 86.8404 95.0285 3 1 4 0 2.4458 0 0 0 0.0000 0.8600
5 101.7649 128.0355 2 1 4 0 0.9269 0 0 0 0.0000 0.8600
5 78.0881 134.8433 2 2 1 1 0.7597 0 0 0 0.0000 0.8600
5 126.7152 117.4950 4 2 1 0 0.6445 0 0 0 0.0000 0.8600
5 75.8624 81.3255 1 2 3 0 0.1822 0 0 0 0.0000 0.8600
5 93.9370 62.4624 3 2 3 0 0.2990 0 0 0 0.0000 0.8600
5 75.2274 96.2135 1 2 4 0 0.5312 0 0 0 0.0000 0.8600
5 100.3058 142.8041 2 1 2 0 1.8183 0 0 0 0.0000 0.8600
5 70.0570 97.8239 1 2 1 0 0.6671 0 0 0 0.0000 0.8600
5 83.5111 127.4984 2 2 2 1 0.6385 1 0 0 0.0000 0.8600
5 114.2944 103.6657 4 2 4 0 0.6792 0 0 0 0.0000 0.8600
5 101.7707 60.4127 3 2 3 0 0.4647 0 0 0 0.0000 0.8600
5 134.8970 112.8241 4 2 1 0 1.3093 0 0 0 0.0000 0.8600
5 79.1953 108.8968 1 2 2 0 0.4939 1 0 0 0.0000 0.8600
5 96.4913 75.5477 3 2 3 0 0.3941 0 0 0 0.0000 0.8600
5 84.6467 111.4268 1 2 1 0 0.2273 0 0 0 0.0000 0.8600
5 100.2628 126.5816 2 2 1 1 2.1449 0 0 0 0.0000 0.8600
5 134.6237 92.0509 4 2 1 0 0.4885 0 0 0 0.0000 0.8600
5 115.3325 116.7625 2 2 2 1 6.6298 1 0 0 0.0000 0.8600
5 124.4760 113.3694 4 2 1 0 0.3441 0 0 0 0.0000 0.8600
5 108.5905 150.0014 2 4 1 0 0.4647 0 0 0 0.0000 0.8600
5 107.9754 122.2757 2 4 4 0 0.3335 1 0 0 0.0000 0.8600
5 90.9566 126.3451 2 4 3 0 1.4931 0 0 0 0.0000 0.8600
5 104.3078 130.6184 2 4 4 0 0.4105 1 0 0 0.0000 0.8600
5 78.1565 106.1586 1 4 4 0 0.4449 1 0 0 0.0000 0.8600
5 81.3666 54.0435 3 4 4 0 0.4962 1 0 0 0.0000 0.8600
5 68.8092 92.9212 1 4 1 0 7.1399 0 0 0 0.0000 0.8600
5 123.7680 91.1913 4 4 2 1 0.5234 0 0 0 0.0000 0.8600
5 71.9726 116.2312 1 4 4 0 0.1849 1 0 0 0.0000 0.8600
5 66.3930 108.7872 1 1 3 1 1.6708 0 0 0 0.0000 0.8600
5 103.4156 75.8864 3 4 3 0 1.5924 0 0 0 0.0000 0.8600
5 94.9160 127.7004 2 4 2 0 0.9033 0 0 0 0.0000 0.8600
5 107.7094 136.7320 2 4 3 0 1.2680 0 0 0 0.0000 0.8600
5 94.1701 78.6328 3 4 3 0 0.4920 0 0 0 0.0000 0.8600
5 125.0520 99.4714 4 4 2 1 0.3204 0 0 0 0.0000 0.8600
5 56.5795 97.8917 1 4 3 0 0.2883 0 0 0 0.0000 0.8600
5 95.0873 138.8186 2 4 1 0 0.2399 0 0 0 0.0000 0.8600
5 91.3367 66.3946 3 4 3 0 0.2695 0 0 0 0.0000 0.8600
5 54.7262 102.9481 1 4 3 0 3.6993 0 0 0 0.0000 0.8600
5 125.0165 87.0374 4 2 2 0 0.4250 1 0 0 0.0000 0.8600
5 64.0133 119.6554 1 1 4 1 0.5310 0 0 0 0.0000 0.8600
5 96.1304 74.5303 3 4 1 0 1.7365 0 0 0 0.0000 0.8600
5 74.2789 93.9803 1 4 2 0 0.5402 0 0 0 0.0000 0.8600
5 65.8822 90.4625 1 2 1 0 0.2809 0 0 0 0.0000 0.8600
5 63.0102 111.5537 1 1 3 1 0.3192 0 0 0 0.0000 0.8600
5 103.7841 117.2437 2 3 2 0 1.6009 0 0 0 0.0000 0.8600
5 114.0260 71.2138 3 4 1 0 0.4421 0 0 0 0.0000 0.8600
5 116.4688 89.7162 4 3 4 0 0.3897 0 0 0 0.0000 0.8600
5 124.0074 108.1929 4 2 4 0 0.2968 0 0 0 0.0000 0.8600
5 119.2084 107.1740 4 1 4 0 0.4728 0 0 0 0.0000 0.8600
5 97.3913 130.7559 2 1 4 0 0.2216 0 0 0 0.0000 0.8600
5 63.8100 110.5574 1 1 4 1 0.3156 0 0 0 0.0000 0.8600
5 113.2000 100.1867 4 2 2 0 0.3631 1 0 0 0.0000 0.8600
5 83.8468 132.1807 2 2 4 1 2.1962 0 0 0 0.0000 0.8600
5 94.9339 58.1167 3 4 2 0 0.3259 0 0 0 0.0000 0.8600
5 131.2137 109.6500 4 4 2 1 0.4159 0 0 0 0.0000 0.8600
5 82.7276 60.7880 3 4 3 0 0.3229 0 0 0 0.0000 0.8600
5 91.0872 110.3567 2 3 4 0 0.3406 0 0 0 0.0000 0.8600
5 104.1968 141.2735 2 2 4 1 0.3182 0 0 0 0.0000 0.8600
5 92.0560 65.2067 3 1 3 0 0.4382 0 0 0 0.0000 0.8600
5 127.1002 108.3619 4 2 4 0 0.3529 0 0 0 0.0000 0.8600
5 116.7455 95.2483 4 4 4 1 0.3293 1 0 0 0.0000 0.8600
5 101.8316 65.4209 3 4 3 0 0.2967 0 0 0 0.0000 0.8600
5 62.3993 88.2892 1 2 3 0 0.2588 0 0 0 0.0000 0.8600
5 98.4089 50.5345 3 1 3 0 0.2252 0 0 0 0.0000 0.8600
5 102.9579 73.3276 3 4 1 0 0.4304 0 0 0 0.0000 0.8600
5 72.9761 91.8513 1 4 1 0 0.1542 0 0 0 0.0000 0.8600
5 98.0288 118.9963 2 4 4 0 0.2240 1 0 0 0.0000 0.8600
5 95.0812 129.7580 2 3 1 0 1.2703 0 0 0 0.0000 0.8600
5 70.7232 116.5256 1 3 3 0 0.6339 1 0 0 0.0000 0.8600
5 80.4441 103.3211 1 4 3 0 0.6814 0 0 0 0.0000 0.8600
5 66.1732 98.4152 1 2 4 0 0.3475 0 0 0 0.0000 0.8600
6 88.9937 55.4789 3 2 1 0 0.5226 0 0 0 0.0000 0.8600
6 68.4902 100.3769 1 2 4 0 0.2002 0 0 0 0.0000 0.8600
6 136.6421 100.5962 4 2 2 0 0.1333 1 0 0 0.0000 0.8600
6 124.8026 92.4396 4 2 4 0 0.0805 0 0 0 0.0000 0.8600
6 73.6090 100.0768 1 2 4 0 0.4905 0 0 0 0.0000 0.8600
6 124.5032 78.1772 4 2 2 0 0.5938 1 0 0 0.0000 0.8600
6 116.6820 143.1406 2 2 4 1 0.3208 0 0 0 0.0000 0.8600
6 103.8216 160.6784 2 2 2 1 0.1292 1 0 0 0.0000 0.8600
6 58.2609 103.3889 1 2 3 0 0.3649 0 0 0 0.0000 0.8600
6 64.0041 91.5645 1 2 3 0 0.0863 0 0 0 0.0000 0.8600
6 95.5324 124.7046 2 2 1 1 0.0884 0 0 0 0.0000 0.8600
6 133.5661 96.3853 4 2 3 0 0.2340 0 0 0 0.0000 0.8600
6 68.9197 110.3770 1 2 1 0 0.2079 0 0 0 0.0000 0.8600
6 91.9709 124.1509 2 2 4 1 0.2131 0 0 0 0.0000 0.8600
6 105.4858 142.3728 2 2 3 1 0.1855 0 0 0 0.0000 0.8600
6 102.3440 113.0387 2 2 2 1 0.2455 1 0 0 0.0000 0.8600
6 84.3642 77.5642 3 2 2 0 0.2511 1 0 0 0.0000 0.8600
6 81.7898 111.5385 2 2 4 1 0.2170 0 0 0 0.0000 0.8600
6 121.9180 85.3120 4 2 2 0 0.1666 1 0 0 0.0000 0.8600
6 104.3017 71.1701 3 2 4 0 0.0034 0 0 0 0.0000 0.8600
6 154.9917 97.4097 4 2 3 0 0.1473 0 0 0 0.0000 0.8600
6 95.0387 77.2566 3 2 1 0 0.6542 0 0 0 0.0000 0.8600
6 93.0651 64.7039 3 2 4 0 0.2381 0 0 0 0.0000 0.8600
6 119.9412 80.9812 3 2 4 0 0.1160 0 0 0 0.0000 0.8600
6 64.1784 95.8536 1 2 3 0 0.3601 0 0 0 0.0000 0.8600
6 124.7199 97.3623 4 2 1 0 0.1285 0 0 0 0.0000 0.8600
6 103.3680 147.2061 2 2 1 1 0.1069 0 0 0 0.0000 0.8600
6 71.8123 78.3524 1 2 4 0 0.1572 0 0 0 0.0000 0.8600
6 107.5802 141.2795 2 2 1 1 0.2412 0 0 0 0.0000 0.8600
6 108.8770 124.8040 2 2 4 1 0.3676 0 0 0 0.0000 0.8600
6 77.0293 88.6312 1 2 1 0 0.3056 0 0 0 0.0000 0.8600
6 92.9462 88.1557 3 2 1 0 0.3383 0 0 0 0.0000 0.8600
6 104.6776 56.5007 3 2 2 0 0.0515 1 0 0 0.0000 0.8600
6 71.1379 121.6782 1 2 3 0 0.3655 0 0 0 0.0000 0.8600
6 123.0373 92.7710 4 2 3 0 0.4479 0 0 0 0.0000 0.8600
6 91.9341 128.1148 2 2 2 1 4.2447 1 0 0 0.0000 0.8600
6 103.4128 73.7752 3 2 2 0 0.1842 1 0 0 0.0000 0.8600
6 97.4285 121.9249 2 2 3 1 0.3662 0 0 0 0.0000 0.8600
6 80.1687 102.4136 1 2 1 0 0.5206 0 0 0 0.0000 0.8600
6 110.4528 128.4331 2 2 1 1 7.4453 0 0 0 0.0000 0.8600
6 97.7604 139.6673 2 2 2 1 0.2197 1 0 0 0.0000 0.8600
6 96.6668 66.6565 3 2 3 0 0.0724 0 0 0 0.0000 0.8600
6 106.6803 75.3501 3 2 1 0 0.0768 0 0 0 0.0000 0.8600
6 112.8966 126.8406 2 2 3 1 10.5039 0 0 0 0.0000 0.8600
6 131.5554 93.7477 4 2 3 0 0.2871 0 0 0 0.0000 0.8600
6 101.0772 80.8251 3 2 3 0 1.3504 0 0 0 0.0000 0.8600
6 132.9935 87.5063 4 2 2 0 0.0403 1 0 0 0.0000 0.8600
6 86.3785 114.4504 1 2 3 0 0.2094 0 0 0 0.0000 0.8600
6 52.2791 89.7587 1 2 3 0 0.4155 0 0 0 0.0000 0.8600
6 120.9845 109.6560 4 2 4 0 0.0753 0 0 0 0.0000 0.8600
6 63.4951 112.7103 1 2 3 0 1.6530 0 0 0 0.0000 0.8600
6 69.8536 99.2167 1 2 3 0 0.3993 0 0 0 0.0000 0.8600
6 115.4950 102.4642 4 2 2 0 11.0007 1 0 0 0.0000 0.8600
6 102.5619 50.8807 3 4 4 0 1.1146 1 0 0 0.0000 0.8600
6 135.4754 103.0953 4 4 1 1 1.3183 0 0 0 0.0000 0.8600
6 106.8019 73.1424 3 4 1 0 0.1271 0 0 0 0.0000 0.8600
6 95.1936 94.8259 3 4 4 0 0.4179 1 0 0 0.0000 0.8600
6 75.4131 94.6944 1 4 3 0 0.3090 0 0 0 0.0000 0.8600
6 94.8763 128.9719 2 4 3 0 0.1249 0 0 0 0.0000 0.8600
6 100.5643 73.9713 3 4 3 0 0.2950 0 0 0 0.0000 0.8600
6 94.9933 68.5995 3 4 2 0 1.1737 0 0 0 0.0000 0.8600
6 143.8585 102.7132 4 4 1 1 0.0758 0 0 0 0.0000 0.8600
6 88.1573 69.8247 3 4 1 0 0.0609 0 0 0 0.0000 0.8600
6 87.6377 87.8999 1 4 2 0 0.0381 0 0 0 0.0000 0.8600
6 71.3646 100.4742 1 4 2 0 0.2937 0 0 0 0.0000 0.8600
6 69.6821 91.3549 1 4 2 0 0.0932 0 0 0 0.0000 0.8600
6 109.8880 115.3438 2 4 4 0 4.5355 1 0 0 0.0000 0.8600
6 77.5715 109.9897 1 4 3 0 0.1928 0 0 0 0.0000 0.8600
6 131.2836 106.8547 4 1 4 0 4.0530 0 0 0 0.0000 0.8600
6 114.9372 130.4124 2 1 1 0 0.4920 1 0 0 0.0000 0.8600
6 98.6420 67.0848 3 1 3 0 0.6412 0 0 0 0.0000 0.8600
6 143.6140 95.9601 4 1 2 0 0.6341 0 0 0 0.0000 0.8600
6 110.6129 128.7154 2 1 3 0 0.5797 0 0 0 0.0000 0.8600
6 99.5780 137.4124 2 1 2 0 0.5139 0 0 0 0.0000 0.8600
6 90.7772 75.4578 3 1 4 0 0.4390 0 0 0 0.0000 0.8600
6 118.0005 110.7687 4 1 3 0 0.3362 0 0 0 0.0000 0.8600
6 108.8790 128.9527 2 1 4 0 2.8493 0 0 0 0.0000 0.8600
6 72.0866 111.0079 1 1 1 1 4.9639 1 0 0 0.0000 0.8600
6 87.4933 102.6541 1 1 1 1 0.6284 1 0 0 0.0000 0.8600
6 85.7585 122.9180 2 1 3 0 0.3685 0 0 0 0.0000 0.8600
6 103.8987 52.9844 3 1 1 0 3.0016 1 0 0 0.0000 0.8600
6 124.5032 100.2541 4 1 2 0 12.0398 0 0 0 0.0000 0.8600
6 131.7155 99.7142 4 1 4 0 0.5014 0 0 0 0.0000 0.8600
6 88.5654 90.1056 1 1 4 1 0.2415 0 0 0 0.0000 0.8600
6 100.2814 82.6420 3 1 2 0 0.1754 0 0 0 0.0000 0.8600
6 113.0291 96.0229 4 1 3 0 0.3008 0 0 0 0.0000 0.8600
6 66.9838 90.4158 1 1 2 1 0.0436 0 0 0 0.0000 0.8600
6 125.3780 93.6617 4 1 3 0 0.0761 0 0 0 0.0000 0.8600
6 120.1177 97.7777 4 1 1 0 0.2459 1 0 0 0.0000 0.8600
6 107.8462 71.1292 3 1 3 0 0.0923 0 0 0 0.0000 0.8600
6 58.4333 101.9441 1 1 3 1 2.8699 0 0 0 0.0000 0.8600
6 93.3562 125.6489 2 4 1 0 0.5678 0 0 0 0.0000 0.8600
6 78.2750 98.0735 1 4 1 0 1.6210 0 0 0 0.0000 0.8600
6 104.8871 113.3817 2 4 4 0 0.2874 1 0 0 0.0000 0.8600
6 150.6347 101.2032 4 4 4 1 0.0306 1 0 0 0.0000 0.8600
6 149.0769 86.5169 4 4 3 1 1.5904 0 0 0 0.0000 0.8600
6 107.6564 76.9826 3 4 1 0 0.3749 0 0 0 0.0000 0.8600
6 110.5923 67.3542 3 4 2 0 2.7027 0 0 0 0.0000 0.8600
6 107.8802 133.4480 2 4 1 0 0.6907 0 0 0 0.0000 0.8600
6 129.3278 121.8224 4 4 3 1 0.5551 0 0 0 0.0000 0.8600
7 76.5790 100.0855 1 4 3 0 1.6103 0 0 0 0.0000 0.8600
7 105.5005 79.1120 3 1 3 0 0.7561 0 0 0 0.0000 0.8600
7 77.6529 103.1860 1 1 4 1 0.1745 0 0 0 0.0000 0.8600
7 93.9527 116.2486 2 1 4 0 0.8032 0 0 0 0.0000 0.8600
7 59.3703 85.0339 1 1 1 1 0.4417 1 0 0 0.0000 0.8600
7 80.1447 103.8121 1 1 1 1 0.4149 1 0 0 0.0000 0.8600
7 73.5563 72.2028 3 1 4 0 0.1948 0 0 0 0.0000 0.8600
7 88.7273 138.5179 2 1 3 0 0.9367 0 0 0 0.0000 0.8600
7 136.2692 109.1555 4 1 2 0 1.0180 0 0 0 0.0000 0.8600
7 123.5975 102.7674 4 1 4 0 9.4299 0 0 0 0.0000 0.8600
7 93.6683 67.5234 3 1 2 0 0.0170 0 0 0 0.0000 0.8600
7 88.5755 154.7110 2 1 1 0 0.4110 1 0 0 0.0000 0.8600
7 137.0168 95.2159 4 1 4 0 0.5992 0 0 0 0.0000 0.8600
7 140.9303 83.2723 4 1 2 0 6.5198 0 0 0 0.0000 0.8600
7 64.8654 97.4523 1 1 2 1 4.8172 0 0 0 0.0000 0.8600
7 99.2293 138.8234 2 1 2 0 0.6868 0 0 0 0.0000 0.8600
7 96.4548 124.9745 2 1 4 0 0.4528 0 0 0 0.0000 0.8600
7 39.4733 74.9602 1 1 4 1 0.0262 0 0 0 0.0000 0.8600
7 65.2718 109.8442 1 1 4 1 0.3079 0 0 0 0.0000 0.8600
7 92.5239 112.3685 2 1 4 0 0.2529 0 0 0 0.0000 0.8600
7 104.8418 64.5808 3 1 3 0 7.3563 0 0 0 0.0000 0.8600
7 102.0303 55.2700 3 1 2 0 0.6446 0 0 0 0.0000 0.8600
7 110.4730 86.6673 3 1 3 0 1.1105 0 0 0 0.0000 0.8600
7 91.7822 124.1051 2 1 3 0 4.9883 0 0 0 0.0000 0.8600
7 68.5902 111.2368 1 1 1 1 3.1190 1 0 0 0.0000 0.8600
7 104.8713 112.1152 2 1 3 0 4.3758 0 0 0 0.0000 0.8600
7 129.4118 107.4261 4 1 2 0 1.6824 0 0 0 0.0000 0.8600
7 104.4554 125.8732 2 1 1 0 0.6560 1 0 0 0.0000 0.8600
7 101.9040 83.9635 3 1 3 0 8.5539 0 0 0 0.0000 0.8600
7 78.5336 135.8575 2 1 2 0 4.1348 0 0 0 0.0000 0.8600
7 92.0338 75.2069 3 1 4 0 0.1622 0 0 0 0.0000 0.8600
7 138.1587 109.2010 4 1 2 0 0.3989 0 0 0 0.0000 0.8600
7 105.9102 134.8433 2 1 1 0 7.9168 1 0 0 0.0000 0.8600
7 103.6137 74.1008 3 1 2 0 2.0116 0 0 0 0.0000 0.8600
7 95.6356 122.0070 2 4 4 0 1.4891 1 0 0 0.0000 0.8600
7 103.5026 142.9016 2 4 3 0 0.8547 0 0 0 0.0000 0.8600
7 111.3216 66.9400 3 4 4 0 0.2452 1 0 0 0.0000 0.8600
7 74.1213 97.4802 1 4 2 0 0.4831 0 0 0 0.0000 0.8600
7 121.3137 98.8788 4 4 3 1 0.8311 0 0 0 0.0000 0.8600
7 112.9909 56.6666 3 4 1 0 0.4282 0 0 0 0.0000 0.8600
7 136.7401 101.5012 4 4 2 1 0.5266 0 0 0 0.0000 0.8600
7 97.5037 109.7229 2 4 4 0 0.2522 1 0 0 0.0000 0.8600
7 84.2333 137.9453 2 4 3 0 0.2185 0 0 0 0.0000 0.8600
7 93.4160 96.6826 1 4 4 0 0.2482 1 0 0 0.0000 0.8600
7 133.9920 82.4607 4 4 3 1 0.2697 0 0 0 0.0000 0.8600
7 114.6830 141.2372 2 4 1 0 0.7409 0 0 0 0.0000 0.8600
7 92.5923 132.0602 2 4 2 0 0.1513 0 0 0 0.0000 0.8600
7 85.6570 87.3307 1 4 2 0 2.3463 0 0 0 0.0000 0.8600
7 68.7974 98.9162 1 4 4 0 0.2461 1 0 0 0.0000 0.8600
7 117.0446 134.5159 2 4 1 0 0.2040 0 0 0 0.0000 0.8600
7 101.4667 116.3394 2 4 2 0 0.6331 0 0 0 0.0000 0.8600
7 90.4904 90.7713 1 4 4 0 0.2984 1 0 0 0.0000 0.8600
7 100.5722 59.0357 3 4 1 0 0.4015 0 0 0 0.0000 0.8600
7 101.9270 124.9169 2 4 1 0 1.2523 0 0 0 0.0000 0.8600
7 109.9944 128.7132 2 4 2 0 0.2759 0 0 0 0.0000 0.8600
7 129.4991 98.6783 4 4 3 1 0.4502 0 0 0 0.0000 0.8600
7 99.5317 110.2907 2 4 1 0 0.7486 0 0 0 0.0000 0.8600
7 60.3511 114.3077 1 4 2 0 0.4306 0 0 0 0.0000 0.8600
7 93.8110 81.9111 3 4 4 0 0.2265 1 0 0 0.0000 0.8600
7 132.7079 98.4518 4 4 1 1 0.3133 0 0 0 0.0000 0.8600
7 100.2864 72.4270 3 4 3 0 0.2329 0 0 0 0.0000 0.8600
7 132.6607 101.5893 4 4 1 1 0.3746 0 0 0 0.0000 0.8600
7 79.3083 92.6669 1 4 4 0 0.2250 1 0 0 0.0000 0.8600
7 49.0672 104.1744 1 4 1 0 0.3750 0 0 0 0.0000 0.8600
7 135.9208 94.1744 4 4 3 1 0.8718 0 0 0 0.0000 0.8600
7 131.9336 115.7457 4 4 1 1 18.4914 0 0 0 0.0000 0.8600
7 90.9948 70.2116 3 4 1 0 0.1819 0 0 0 0.0000 0.8600
7 98.9094 143.2802 2 4 1 0 0.9070 0 0 0 0.0000 0.8600
7 98.1793 69.0923 3 4 3 0 0.2266 0 0 0 0.0000 0.8600
7 112.3647 123.1131 2 4 2 0 2.0249 0 0 0 0.0000 0.8600
7 130.1129 92.5924 4 4 4 1 5.7967 1 0 0 0.0000 0.8600
7 71.1848 108.2609 1 4 4 0 4.2416 1 0 0 0.0000 0.8600
7 98.0184 84.3762 3 4 2 0 0.0617 0 0 0 0.0000 0.8600
7 123.5913 90.9964 3 4 2 0 1.3342 0 0 0 0.0000 0.8600
7 73.1696 85.1931 1 4 2 0 2.4227 0 0 0 0.0000 0.8600
7 73.2713 112.1859 1 4 2 0 0.3319 0 0 0 0.0000 0.8600
7 122.5304 84.5825 4 1 4 0 4.8670 0 0 0 0.0000 0.8600
7 80.3229 104.6976 1 1 1 1 0.1915 1 0 0 0.0000 0.8600
7 127.9187 108.3813 4 1 2 0 0.6434 0 0 0 0.0000 0.8600
7 131.2149 122.0328 4 1 3 0 0.6424 0 0 0 0.0000 0.8600
7 77.2926 99.9871 1 1 2 1 1.0109 0 0 0 0.0000 0.8600
7 116.0171 54.0204 3 1 4 0 0.0209 0 0 0 0.0000 0.8600
7 107.2683 82.1691 3 1 4 0 0.2226 0 0 0 0.0000 0.8600
7 116.7106 100.2723 4 1 3 0 0.4377 0 0 0 0.0000 0.8600
7 115.8688 77.2415 3 1 2 0 0.0093 0 0 0 0.0000 0.8600
7 95.8101 77.8261 3 1 1 0 0.3300 1 0 0 0.0000 0.8600
7 102.5889 83.5736 3 1 1 0 0.2500 1 0 0 0.0000 0.8600
7 88.0723 90.5523 3 1 3 0 0.0728 0 0 0 0.0000 0.8600
7 118.5892 107.7876 2 1 3 0 0.2016 0 0 0 0.0000 0.8600
7 133.3195 99.7161 4 1 4 0 0.0539 0 0 0 0.0000 0.8600
7 117.3649 99.6703 4 2 3 0 1.5595 0 0 0 0.0000 0.8600
7 111.7206 105.1756 4 2 2 0 0.0070 1 0 0 0.0000 0.8600
7 82.0931 84.7054 1 2 1 0 0.0053 0 0 0 0.0000 0.8600
7 122.0819 84.6832 4 2 4 0 0.1801 0 0 0 0.0000 0.8600
7 135.3313 94.3023 4 2 3 0 0.0077 0 0 0 0.0000 0.8600
7 89.6707 66.7162 3 2 2 0 0.0865 1 0 0 0.0000 0.8600
7 69.7773 107.5104 1 2 1 0 0.1512 0 0 0 0.0000 0.8600
7 111.8529 106.1376 4 2 2 0 0.0182 1 0 0 0.0000 0.8600
7 69.9645 86.5683 1 2 4 0 0.1534 0 0 0 0.0000 0.8600
7 80.0097 106.6956 1 2 4 0 0.1408 0 0 0 0.0000 0.8600
8 84.3613 143.2540 2 4 0 0 2.0821 0 1 0 0.0000 0.8600
8 66.9476 106.2204 1 4 0 0 0.0521 0 1 0 0.0000 0.8600
8 87.3270 119.1106 2 4 0 0 0.1392 0 1 0 0.0000 0.8600
8 77.5306 86.0670 1 4 0 0 0.1667 0 1 0 0.0000 0.8600
8 51.4384 108.5347 1 4 0 0 0.2181 0 1 0 0.0000 0.8600
8 141.1648 118.9442 4 4 0 1 0.1742 1 1 0 0.0000 0.8600
8 127.5453 108.7529 4 4 0 1 0.1947 1 1 0 0.0000 0.8600
8 86.6962 51.7089 3 4 0 0 0.0240 0 1 0 0.0000 0.8600
8 42.7977 98.7857 1 4 0 0 0.2243 0 1 0 0.0000 0.8600
8 64.2303 102.6138 1 3 0 0 0.3092 0 1 0 0.0000 0.8600
8 103.4926 123.8252 2 3 0 0 0.0288 0 1 0 0.0000 0.8600
8 71.6742 104.6640 1 3 0 0 0.0308 0 1 0 0.0000 0.8600
8 131.6035 100.0489 4 3 0 0 0.1987 0 1 0 0.0000 0.8600
8 91.4105 93.8808 3 3 0 1 0.1240 1 1 0 0.0000 0.8600
8 90.7274 115.0446 2 3 0 0 0.2698 0 1 0 0.0000 0.8600
8 69.6587 95.3935 1 3 0 0 0.3010 0 1 0 0.0000 0.8600
8 121.8793 109.9178 4 3 0 0 0.0607 0 1 0 0.0000 0.8600
8 80.5237 83.7751 3 3 0 1 0.2939 1 1 0 0.0000 0.8600
8 76.8107 106.3702 1 3 0 0 0.2212 0 1 0 0.0000 0.8600
8 54.5403 100.5869 1 3 0 0 0.1053 0 1 0 0.0000 0.8600
8 99.0352 89.4037 3 3 0 1 0.0600 1 1 0 0.0000 0.8600
8 69.0852 87.0812 1 3 0 0 0.0929 0 1 0 0.0000 0.8600
8 83.5518 92.8667 1 3 0 0 0.3841 0 1 0 0.0000 0.8600
8 119.6669 98.9626 4 3 0 0 0.1622 0 1 0 0.0000 0.8600
8 74.4056 94.8732 1 4 0 0 1.2297 0 1 0 0.0000 0.8600
8 139.6484 97.5681 4 4 0 1 0.0047 1 1 0 0.0000 0.8600
8 103.0292 121.9929 2 4 0 0 0.1316 0 1 0 0.0000 0.8600
8 99.2218 84.4636 3 4 0 0 0.1639 0 1 0 0.0000 0.8600
8 136.5479 103.7805 4 4 0 1 0.2951 1 1 0 0.0000 0.8600
8 95.3532 130.8562 2 4 0 0 0.0311 0 1 0 0.0000 0.8600
8 71.1015 89.3096 1 4 0 0 0.1831 0 1 0 0.0000 0.8600
8 90.7955 75.5635 3 4 0 0 0.3390 0 1 0 0.0000 0.8600
8 116.1249 104.1484 4 4 0 1 0.2834 1 1 0 0.0000 0.8600
8 105.3690 62.3515 3 4 0 0 0.0818 0 1 0 0.0000 0.8600
8 132.5168 79.3665 4 4 0 1 0.0510 1 1 0 0.0000 0.8600
8 70.7976 95.5266 1 4 0 0 0.3083 0 1 0 0.0000 0.8600
8 111.8528 115.5680 2 4 0 0 0.0047 0 1 0 0.0000 0.8600
8 108.9303 81.9381 4 4 0 1 5.7092 1 1 0 0.0000 0.8600
8 89.2490 78.6219 3 4 0 0 2.6880 0 1 0 0.0000 0.8600
8 94.8941 72.0194 3 4 0 0 5.1710 0 1 0 0.0000 0.8600
8 87.3606 68.2106 3 4 0 0 0.3264 0 1 0 0.0000 0.8600
8 85.6089 129.0267 2 4 0 0 22.8216 0 1 0 0.0000 0.8600
8 106.9334 125.3360 2 4 0 0 0.1506 0 1 0 0.0000 0.8600
8 131.4001 98.8049 4 4 0 1 0.2806 1 1 0 0.0000 0.8600
8 105.2905 110.1930 2 4 0 0 0.2554 0 1 0 0.0000 0.8600
8 99.3557 122.9250 2 4 0 0 0.3819 0 1 0 0.0000 0.8600
8 140.8232 100.9438 4 4 0 1 0.2951 1 1 0 0.0000 0.8600
8 127.0373 102.5313 4 4 0 1 0.2060 1 1 0 0.0000 0.8600
8 63.2691 104.2814 1 4 0 0 0.5224 0 1 0 0.0000 0.8600
8 94.4389 74.6188 3 4 0 0 1.3595 0 1 0 0.0000 0.8600
8 101.5544 85.0108 3 4 0 0 0.2731 0 1 0 0.0000 0.8600
8 79.3883 101.9495 1 4 0 0 0.2079 0 1 0 0.0000 0.8600
8 98.4734 67.9758 3 4 0 0 0.3724 0 1 0 0.0000 0.8600
8 73.9319 114.8849 1 4 0 0 1.3746 0 1 0 0.0000 0.8600
8 103.6479 80.3249 3 4 0 0 0.0579 0 1 0 0.0000 0.8600
8 103.8039 134.0234 2 4 0 0 5.6344 0 1 0 0.0000 0.8600
8 123.3151 82.9203 3 4 0 0 0.0174 0 1 0 0.0000 0.8600
8 95.9106 133.0822 2 1 0 0 0.1215 0 1 0 0.0000 0.8600
8 110.6893 65.7843 3 1 0 0 0.2128 0 1 0 0.0000 0.8600
8 94.8067 71.0829 3 1 0 0 0.1777 0 1 0 0.0000 0.8600
8 64.4410 99.6203 1 1 0 1 0.4705 1 1 0 0.0000 0.8600
8 102.0468 85.1780 3 1 0 0 0.2197 0 1 0 0.0000 0.8600
8 101.8314 70.9860 3 1 0 0 0.1956 0 1 0 0.0000 0.8600
8 63.8414 99.9808 1 1 0 1 0.2561 1 1 0 0.0000 0.8600
8 135.3254 107.9271 4 1 0 0 1.6008 0 1 0 0.0000 0.8600
8 127.2725 101.2891 4 1 0 0 0.4121 0 1 0 0.0000 0.8600
8 140.3759 105.7105 4 1 0 0 0.5123 0 1 0 0.0000 0.8600
8 87.4036 103.1563 1 1 0 1 1.6437 1 1 0 0.0000 0.8600
8 81.9811 122.2044 2 1 0 0 1.7105 0 1 0 0.0000 0.8600
8 71.1468 98.6645 1 4 0 0 5.4500 0 1 0 0.0000 0.8600
8 81.7712 111.1103 1 4 0 0 5.0131 0 1 0 0.0000 0.8600
8 105.2428 69.6735 3 4 0 0 0.3257 0 1 0 0.0000 0.8600
8 121.1033 94.5771 4 4 0 1 0.3245 1 1 0 0.0000 0.8600
8 77.3297 102.7611 1 4 0 0 0.4840 0 1 0 0.0000 0.8600
8 122.1670 87.2851 4 4 0 1 0.3041 1 1 0 0.0000 0.8600
8 122.0531 99.8556 4 4 0 1 2.7427 1 1 0 0.0000 0.8600
8 79.9510 141.1002 2 2 0 1 0.0447 1 1 0 0.0000 0.8600
8 97.3704 74.7911 3 1 0 0 0.2611 0 1 0 0.0000 0.8600
8 113.0986 110.6975 2 4 0 0 0.1636 0 1 0 0.0000 0.8600
8 89.8963 132.1882 2 2 0 1 0.2476 1 1 0 0.0000 0.8600
8 64.3651 104.8376 1 2 0 0 0.3011 0 1 0 0.0000 0.8600
8 97.3481 129.1895 2 4 0 0 0.2782 0 1 0 0.0000 0.8600
8 135.2789 131.4748 4 1 0 0 0.6207 0 1 0 0.0000 0.8600
8 93.0298 127.9223 2 4 0 0 0.0441 0 1 0 0.0000 0.8600
8 62.6681 107.7355 1 4 0 0 0.1093 0 1 0 0.0000 0.8600
8 111.4199 105.7905 4 2 0 0 0.4961 0 1 0 0.0000 0.8600
8 97.6390 74.1439 3 2 0 0 0.3354 0 1 0 0.0000 0.8600
8 119.7651 117.6533 2 1 0 0 0.1857 0 1 0 0.0000 0.8600
8 125.4987 91.7156 4 2 0 0 0.0173 0 1 0 0.0000 0.8600
8 82.9756 154.2510 2 2 0 1 0.1285 1 1 0 0.0000 0.8600
8 125.4167 88.3572 4 2 0 0 0.7496 0 1 0 0.0000 0.8600
8 121.8181 81.1996 4 2 0 0 0.2140 0 1 0 0.0000 0.8600
8 88.4604 132.3513 2 1 0 0 0.5500 0 1 0 0.0000 0.8600
8 92.9046 122.1020 2 1 0 0 0.0099 0 1 0 0.0000 0.8600
8 103.3468 81.9164 3 1 0 0 0.0908 0 1 0 0.0000 0.8600
8 79.8961 81.1035 3 2 0 0 0.1779 0 1 0 0.0000 0.8600
8 144.1202 106.3873 4 2 0 0 0.2235 0 1 0 0.0000 0.8600
8 104.0930 67.8945 3 3 0 1 0.0862 1 1 0 0.0000 0.8600
8 99.7772 123.8030 2 4 0 0 0.0802 0 1 0 0.0000 0.8600
8 102.9168 122.0853 2 4 0 0 0.5230 0 1 0 0.0000 0.8600
9 89.2050 134.1374 2 2 0 1 0.6425 1 1 0 0.0000 0.8600
9 101.1053 71.3264 3 3 0 1 1.1381 1 1 0 0.0000 0.8600
9 132.4728 91.2742 4 1 0 0 0.1997 0 1 0 0.0000 0.8600
9 104.8673 128.2429 2 2 0 1 0.1459 1 1 0 0.0000 0.8600
9 134.6526 106.7230 4 3 0 0 0.2053 0 1 0 0.0000 0.8600
9 92.5878 154.2830 2 3 0 0 0.2852 0 1 0 0.0000 0.8600
9 99.8924 122.9074 2 3 0 0 0.0552 0 1 0 0.0000 0.8600
9 126.8054 79.3947 4 3 0 0 0.0752 0 1 0 0.0000 0.8600
9 99.0396 118.4244 2 2 0 1 0.2075 1 1 0 0.0000 0.8600
9 64.4745 77.5333 1 3 0 0 0.3187 0 1 0 0.0000 0.8600
9 103.5760 77.8437 3 2 0 0 0.0259 0 1 0 0.0000 0.8600
9 101.5459 83.4905 3 3 0 1 0.2027 1 1 0 0.0000 0.8600
9 121.0435 119.9764 2 2 0 1 0.0911 1 1 0 0.0000 0.8600
9 137.0833 98.5415 4 3 0 0 0.0390 0 1 0 0.0000 0.8600
9 126.2764 83.8192 4 3 0 0 0.1375 0 1 0 0.0000 0.8600
9 79.5622 79.5091 3 2 0 0 0.5442 0 1 0 0.0000 0.8600
9 113.6511 134.4659 2 3 0 0 0.2658 0 1 0 0.0000 0.8600
9 93.1776 65.4764 3 3 0 1 0.2662 1 1 0 0.0000 0.8600
9 94.5770 65.3457 3 4 0 0 3.1608 0 1 0 0.0000 0.8600
9 119.8556 94.2118 4 2 0 0 1.4556 0 1 0 0.0000 0.8600
9 94.3007 69.4132 3 4 0 0 3.0147 0 1 0 0.0000 0.8600
9 137.3462 113.9915 4 4 0 1 1.7151 1 1 0 0.0000 0.8600
9 82.2037 101.0427 1 4 0 0 0.2752 0 1 0 0.0000 0.8600
9 68.0811 97.2900 1 4 0 0 0.2597 0 1 0 0.0000 0.8600
9 129.6642 100.7962 4 4 0 1 0.6249 1 1 0 0.0000 0.8600
9 85.8959 100.2280 1 4 0 0 0.3607 0 1 0 0.0000 0.8600
9 101.3003 118.2468 2 4 0 0 0.2323 0 1 0 0.0000 0.8600
9 64.8705 105.0281 1 4 0 0 6.0141 0 1 0 0.0000 0.8600
9 124.1812 129.4869 4 4 0 1 0.5914 1 1 0 0.0000 0.8600
9 96.8514 93.5220 1 4 0 0 0.4862 0 1 0 0.0000 0.8600
9 70.9801 97.4984 1 1 0 1 0.4177 1 1 0 0.0000 0.8600
9 84.6675 102.7472 1 1 0 1 0.3322 1 1 0 0.0000 0.8600
9 60.9801 93.5680 1 1 0 1 0.2681 1 1 0 0.0000 0.8600
9 113.7865 95.2948 3 1 0 0 0.2101 0 1 0 0.0000 0.8600
9 87.1385 149.7429 2 2 0 1 0.2547 1 1 0 0.0000 0.8600
9 103.0445 133.7577 2 2 0 1 0.2276 1 1 0 0.0000 0.8600
9 136.1853 96.6623 4 2 0 0 0.2561 0 1 0 0.0000 0.8600
9 108.8706 89.0201 4 3 0 0 2.5092 0 1 0 0.0000 0.8600
9 90.5905 64.5018 1 3 0 0 0.1972 0 1 0 0.0000 0.8600
9 60.5538 97.4907 1 3 0 0 0.3620 0 1 0 0.0000 0.8600
9 56.7195 111.4643 1 1 0 1 0.1792 1 1 0 0.0000 0.8600
9 96.1414 112.7962 2 1 0 0 0.1907 0 1 0 0.0000 0.8600
9 96.0057 70.3104 3 4 0 0 0.2263 0 1 0 0.0000 0.8600
9 88.8389 138.9016 2 1 0 0 0.3185 0 1 0 0.0000 0.8600
9 82.7853 71.5963 3 3 0 1 0.0207 1 1 0 0.0000 0.8600
9 77.9959 133.3717 2 2 0 1 0.8842 1 1 0 0.0000 0.8600
9 87.6885 64.6841 3 4 0 0 0.0190 0 1 0 0.0000 0.8600
9 74.1058 102.7346 1 4 0 0 0.3786 0 1 0 0.0000 0.8600
9 125.7579 107.7674 4 4 0 1 0.2509 1 1 0 0.0000 0.8600
9 98.4903 82.6266 3 4 0 0 0.2653 0 1 0 0.0000 0.8600
