1 122.0819 84.6832 4 1 0 0 2.0711 0 1 0 0.0000 0.0000
1 87.3135 64.0285 3 2 0 0 2.3246 0 1 0 0.0000 0.0000
1 111.1747 126.9010 2 3 0 0 1.4953 0 1 0 0.0000 0.0000
1 127.3768 98.4144 4 4 0 1 1.6683 1 1 0 0.0000 0.0000
1 88.9518 121.9229 2 4 0 0 1.0949 0 1 0 0.0000 0.0000
1 137.0833 98.5415 4 2 0 0 1.6102 0 1 0 0.0000 0.0000
1 72.5890 103.3064 1 1 0 1 2.6493 1 1 0 0.0000 0.0000
1 136.2692 109.1555 4 3 0 0 2.4349 0 1 0 0.0000 0.0000
1 93.0298 127.9223 2 4 0 0 1.2561 0 1 0 0.0000 0.0000
1 88.5755 154.7110 2 2 0 1 1.1529 1 1 0 0.0000 0.0000
1 64.8654 97.4523 1 3 0 0 1.3981 0 1 0 0.0000 0.0000
1 116.9842 121.0366 4 4 0 1 2.3540 1 1 0 0.0000 0.0000
1 91.7822 124.1051 2 2 0 1 1.3188 1 1 0 0.0000 0.0000
1 93.3553 104.9840 1 3 0 0 0.9920 0 1 0 0.0000 0.0000
1 79.9131 104.8711 1 2 0 0 0.8960 0 1 0 0.0000 0.0000
1 103.7433 91.3476 4 1 0 0 0.7179 0 1 0 0.0000 0.0000
1 68.9197 110.3770 1 3 0 0 2.6630 0 1 0 0.0000 0.0000
1 106.8346 93.8795 4 2 0 0 0.8034 0 1 0 0.0000 0.0000
1 80.4441 103.3211 1 1 0 1 1.2798 1 1 0 0.0000 0.0000
1 80.1687 102.4136 1 1 0 1 0.7755 1 1 0 0.0000 0.0000
1 74.0931 102.4500 1 1 0 1 0.6110 1 1 0 0.0000 0.0000
1 91.4105 93.8808 3 3 0 1 1.4977 1 1 0 0.0000 0.0000
1 84.0640 104.1338 1 3 0 0 1.4637 0 1 0 0.0000 0.0000
1 84.9633 129.4892 2 2 0 1 0.7893 1 1 0 0.0000 0.0000
1 116.1249 104.1484 4 4 0 1 0.8485 1 1 0 0.0000 0.0000
1 146.6449 104.1139 4 4 0 1 0.6540 1 1 0 0.0000 0.0000
1 111.8528 115.5680 2 4 0 0 0.8384 0 1 0 0.0000 0.0000
1 108.5905 150.0014 2 3 0 0 1.8440 0 1 0 0.0000 0.0000
1 87.3270 119.1106 2 2 0 1 1.0501 1 1 0 0.0000 0.0000
1 105.3690 62.3515 3 3 0 1 2.1234 1 1 0 0.0000 0.0000
1 91.5616 71.1302 3 3 0 1 0.8259 1 1 0 0.0000 0.0000
1 116.9347 101.9188 4 2 0 0 0.7427 0 1 0 0.0000 0.0000
1 111.3216 66.9400 3 3 0 1 0.7211 1 1 0 0.0000 0.0000
1 54.5403 100.5869 1 1 0 1 0.8583 1 1 0 0.0000 0.0000
1 71.7453 107.3721 1 1 0 1 0.5526 1 1 0 0.0000 0.0000
1 68.4902 100.3769 1 1 0 1 0.9901 1 1 0 0.0000 0.0000
1 129.3278 121.8224 4 4 0 1 0.6869 1 1 0 0.0000 0.0000
1 114.8966 101.9000 4 4 0 1 0.6805 1 1 0 0.0000 0.0000
1 94.2845 48.6109 3 3 0 1 1.1709 1 1 0 0.0000 0.0000
1 143.6140 95.9601 4 4 0 1 0.8245 1 1 0 0.0000 0.0000
1 78.4511 105.1860 1 1 0 1 0.6756 1 1 0 0.0000 0.0000
1 103.5668 102.0057 2 3 0 0 1.3072 0 1 0 0.0000 0.0000
1 76.4013 95.2955 1 1 0 1 0.7716 1 1 0 0.0000 0.0000
1 124.8673 94.9131 4 4 0 1 0.7352 1 1 0 0.0000 0.0000
1 105.3527 58.0847 3 4 0 0 0.9216 0 1 0 0.0000 0.0000
1 105.4727 122.0417 2 3 0 0 1.1143 0 1 0 0.0000 0.0000
1 89.4633 121.3259 2 1 0 0 2.8622 0 1 0 0.0000 0.0000
1 107.3234 140.2796 2 4 0 0 0.8474 0 1 0 0.0000 0.0000
1 124.0074 108.1929 4 4 0 1 0.6062 1 1 0 0.0000 0.0000
1 69.8536 99.2167 1 1 0 1 0.7103 1 1 0 0.0000 0.0000
1 124.4834 113.4982 4 4 0 1 0.7362 1 1 0 0.0000 0.0000
1 105.6702 73.1600 3 3 0 1 0.5074 1 1 0 0.0000 0.0000
1 102.0468 85.1780 3 3 0 1 0.4473 1 1 0 0.0000 0.0000
1 141.1648 118.9442 4 4 0 1 0.7061 1 1 0 0.0000 0.0000
1 101.1719 119.2859 2 3 0 0 1.0677 0 1 0 0.0000 0.0000
1 104.9284 74.3248 3 3 0 1 0.8144 1 1 0 0.0000 0.0000
1 97.1936 128.5897 2 2 0 1 0.8578 1 1 0 0.0000 0.0000
1 105.2155 124.7106 2 2 0 1 1.1428 1 1 0 0.0000 0.0000
1 125.4167 88.3572 4 4 0 1 0.6504 1 1 0 0.0000 0.0000
1 57.9441 87.1006 1 1 0 1 0.7871 1 1 0 0.0000 0.0000
1 71.1015 89.3096 1 1 0 1 0.7512 1 1 0 0.0000 0.0000
1 144.1202 106.3873 4 4 0 1 0.6175 1 1 0 0.0000 0.0000
1 73.6712 95.8782 1 1 0 1 0.6727 1 1 0 0.0000 0.0000
1 63.6886 99.3253 1 1 0 1 1.0650 1 1 0 0.0000 0.0000
1 91.3367 66.3946 3 3 0 1 1.8678 1 1 0 0.0000 0.0000
1 131.6035 100.0489 4 4 0 1 0.6258 1 1 0 0.0000 0.0000
1 117.2038 70.5478 3 4 0 0 0.6009 0 1 0 0.0000 0.0000
1 85.6570 87.3307 1 1 0 1 0.7997 1 1 0 0.0000 0.0000
1 94.1701 78.6328 3 1 0 0 2.0917 0 1 0 0.0000 0.0000
1 59.3703 85.0339 1 1 0 1 0.5833 1 1 0 0.0000 0.0000
1 103.4128 73.7752 3 3 0 1 1.7092 1 1 0 0.0000 0.0000
1 102.6554 124.9706 2 2 0 1 2.1595 1 1 0 0.0000 0.0000
1 107.6564 76.9826 3 4 0 0 0.8459 0 1 0 0.0000 0.0000
1 136.6758 89.3931 4 4 0 1 0.5559 1 1 0 0.0000 0.0000
1 97.2248 74.9069 3 3 0 1 0.9619 1 1 0 0.0000 0.0000
1 97.3481 129.1895 2 2 0 1 0.7531 1 1 0 0.0000 0.0000
1 110.0655 62.6440 3 3 0 1 1.3407 1 1 0 0.0000 0.0000
1 118.0005 110.7687 4 4 0 1 0.4854 1 1 0 0.0000 0.0000
1 67.2599 96.2754 1 1 0 1 0.6980 1 1 0 0.0000 0.0000
1 100.2814 82.6420 3 3 0 1 1.8425 1 1 0 0.0000 0.0000
1 123.3151 82.9203 3 4 0 0 1.0325 0 1 0 0.0000 0.0000
1 97.6917 64.1212 3 3 0 1 0.8901 1 1 0 0.0000 0.0000
1 101.0772 80.8251 3 3 0 1 0.5850 1 1 0 0.0000 0.0000
1 92.5923 132.0602 2 2 0 1 1.1825 1 1 0 0.0000 0.0000
1 89.2050 134.1374 2 2 0 1 0.7544 1 1 0 0.0000 0.0000
1 82.4519 94.3090 1 2 0 0 0.8452 0 1 0 0.0000 0.0000
1 124.4760 113.3694 4 4 0 1 0.3603 1 1 0 0.0000 0.0000
1 103.3426 114.0996 2 3 0 0 0.7784 0 1 0 0.0000 0.0000
1 84.9137 90.1487 3 2 0 0 0.9016 0 1 0 0.0000 0.0000
1 83.8468 132.1807 2 2 0 1 1.1234 1 1 0 0.0000 0.0000
1 73.3303 105.7902 1 2 0 0 0.4707 0 1 0 0.0000 0.0000
1 93.9370 62.4624 3 4 0 0 0.7135 0 1 0 0.0000 0.0000
1 95.5324 124.7046 2 2 0 1 1.0758 1 1 0 0.0000 0.0000
1 101.3003 118.2468 2 2 0 1 2.0065 1 1 0 0.0000 0.0000
1 112.2636 78.2404 3 3 0 1 2.3853 1 1 0 0.0000 0.0000
1 56.7195 111.4643 1 1 0 1 0.7417 1 1 0 0.0000 0.0000
1 135.9208 94.1744 4 4 0 1 0.9765 1 1 0 0.0000 0.0000
1 129.0227 91.0200 4 2 0 0 3.3455 0 1 0 0.0000 0.0000
1 95.1936 94.8259 3 2 0 0 1.3112 0 1 0 0.0000 0.0000
1 86.9869 137.7303 2 2 0 1 1.2564 1 1 0 0.0000 0.0000
2 92.0338 75.2069 3 3 0 1 2.3944 1 1 0 0.0000 0.0000
2 118.1874 104.7384 4 2 0 0 1.2882 0 1 0 0.0000 0.0000
2 100.2263 73.7651 3 3 0 1 1.1211 1 1 0 0.0000 0.0000
2 77.6529 103.1860 1 2 0 0 1.6538 0 1 0 0.0000 0.0000
2 131.2149 122.0328 4 4 0 1 0.5838 1 1 0 0.0000 0.0000
2 108.8790 128.9527 2 2 0 1 1.2790 1 1 0 0.0000 0.0000
2 129.6425 91.9746 4 4 0 1 2.6457 1 1 0 0.0000 0.0000
2 100.6883 64.5680 3 3 0 1 1.2029 1 1 0 0.0000 0.0000
2 103.2879 70.9612 3 3 0 1 1.5621 1 1 0 0.0000 0.0000
2 108.4486 68.6553 3 2 0 0 1.2573 0 1 0 0.0000 0.0000
2 87.1385 149.7429 2 2 0 1 1.5044 1 1 0 0.0000 0.0000
2 91.9709 124.1509 2 3 0 0 1.1504 0 1 0 0.0000 0.0000
2 94.9160 127.7004 2 4 0 0 0.5619 0 1 0 0.0000 0.0000
2 102.1550 55.7520 3 3 0 1 0.7604 1 1 0 0.0000 0.0000
2 92.8701 115.4010 2 3 0 0 0.4819 0 1 0 0.0000 0.0000
2 102.1490 115.6918 4 2 0 0 0.7083 0 1 0 0.0000 0.0000
2 81.9795 108.6904 1 3 0 0 1.0535 0 1 0 0.0000 0.0000
2 122.1670 87.2851 4 4 0 1 0.7986 1 1 0 0.0000 0.0000
2 78.0756 96.2654 1 1 0 1 1.1150 1 1 0 0.0000 0.0000
2 73.1696 85.1931 1 1 0 1 0.6230 1 1 0 0.0000 0.0000
2 97.3913 130.7559 2 2 0 1 1.7653 1 1 0 0.0000 0.0000
2 102.7899 116.4195 2 2 0 1 0.9205 1 1 0 0.0000 0.0000
2 120.9845 109.6560 4 4 0 1 1.2544 1 1 0 0.0000 0.0000
2 76.3090 94.5660 1 1 0 1 1.8700 1 1 0 0.0000 0.0000
2 102.2557 91.8934 3 2 0 0 0.6449 0 1 0 0.0000 0.0000
2 109.9944 128.7132 2 2 0 1 0.6672 1 1 0 0.0000 0.0000
2 99.8400 81.4098 3 3 0 1 0.6268 1 1 0 0.0000 0.0000
2 140.9303 83.2723 4 4 0 1 0.6008 1 1 0 0.0000 0.0000
2 55.6794 110.5232 1 1 0 1 0.7671 1 1 0 0.0000 0.0000
2 136.5479 103.7805 4 4 0 1 1.0651 1 1 0 0.0000 0.0000
2 143.4742 104.9102 4 4 0 1 0.6511 1 1 0 0.0000 0.0000
2 123.0373 92.7710 4 4 0 1 0.6751 1 1 0 0.0000 0.0000
2 149.8503 85.6629 4 4 0 1 0.5547 1 1 0 0.0000 0.0000
2 88.9087 58.4290 3 3 0 1 1.6794 1 1 0 0.0000 0.0000
2 90.5905 64.5018 1 3 0 0 0.6726 0 1 0 0.0000 0.0000
2 92.6224 121.3498 2 2 0 1 0.7278 1 1 0 0.0000 0.0000
2 107.2509 127.7588 2 2 0 1 1.9536 1 1 0 0.0000 0.0000
2 104.3078 130.6184 2 2 0 1 0.8745 1 1 0 0.0000 0.0000
2 121.0435 119.9764 2 3 0 0 1.8636 0 1 0 0.0000 0.0000
2 98.5767 125.9519 2 2 0 1 1.3264 1 1 0 0.0000 0.0000
2 147.2658 83.1370 4 4 0 1 0.7435 1 1 0 0.0000 0.0000
2 95.0873 138.8186 2 2 0 1 1.1855 1 1 0 0.0000 0.0000
2 124.2482 90.8835 4 3 0 0 1.8474 0 1 0 0.0000 0.0000
2 79.3883 101.9495 1 2 0 0 2.8142 0 1 0 0.0000 0.0000
2 94.4389 74.6188 3 3 0 1 0.7331 1 1 0 0.0000 0.0000
2 89.2490 78.6219 3 3 0 1 0.6790 1 1 0 0.0000 0.0000
2 90.2632 82.8812 3 3 0 1 0.8155 1 1 0 0.0000 0.0000
2 98.4903 82.6266 3 3 0 1 0.6354 1 1 0 0.0000 0.0000
2 49.0672 104.1744 1 1 0 1 0.7066 1 1 0 0.0000 0.0000
2 51.4384 108.5347 1 1 0 1 0.6042 1 1 0 0.0000 0.0000
2 125.0520 99.4714 4 4 0 1 1.1081 1 1 0 0.0000 0.0000
2 96.1304 74.5303 3 3 0 1 2.7772 1 1 0 0.0000 0.0000
2 64.7926 86.6726 1 1 0 1 0.8233 1 1 0 0.0000 0.0000
2 90.9195 50.3999 3 3 0 1 1.0760 1 1 0 0.0000 0.0000
2 81.7898 111.5385 2 2 0 1 0.9495 1 1 0 0.0000 0.0000
2 98.4089 50.5345 3 3 0 1 0.9808 1 1 0 0.0000 0.0000
2 113.2000 100.1867 4 2 0 0 2.2443 0 1 0 0.0000 0.0000
2 65.5803 106.6743 1 1 0 1 0.8527 1 1 0 0.0000 0.0000
2 101.7707 60.4127 3 3 0 1 1.6975 1 1 0 0.0000 0.0000
2 131.4001 98.8049 4 2 0 0 0.7394 0 1 0 0.0000 0.0000
2 69.4482 106.4665 1 1 0 1 0.6538 1 1 0 0.0000 0.0000
2 135.4754 103.0953 4 4 0 1 0.6930 1 1 0 0.0000 0.0000
2 103.0627 66.6268 3 3 0 1 1.1177 1 1 0 0.0000 0.0000
2 111.1157 67.1623 3 3 0 1 0.7534 1 1 0 0.0000 0.0000
2 80.6127 64.8003 3 1 0 0 0.7149 0 1 0 0.0000 0.0000
2 104.7658 137.1957 2 2 0 1 0.9953 1 1 0 0.0000 0.0000
2 108.9303 81.9381 4 3 0 0 1.2192 0 1 0 0.0000 0.0000
2 74.4056 94.8732 1 3 0 0 1.1448 0 1 0 0.0000 0.0000
2 66.1666 70.6993 1 1 0 1 0.8448 1 1 0 0.0000 0.0000
2 106.3064 69.9625 3 3 0 1 1.1775 1 1 0 0.0000 0.0000
2 93.1776 65.4764 3 3 0 1 1.2140 1 1 0 0.0000 0.0000
2 94.1610 140.3225 2 2 0 1 1.2839 1 1 0 0.0000 0.0000
2 111.7934 125.1150 2 4 0 0 1.4035 0 1 0 0.0000 0.0000
2 64.0041 91.5645 1 1 0 1 0.8056 1 1 0 0.0000 0.0000
2 83.5518 92.8667 1 3 0 0 2.7213 0 1 0 0.0000 0.0000
2 107.4892 144.6437 2 2 0 1 1.7094 1 1 0 0.0000 0.0000
2 136.0329 94.3559 4 4 0 1 0.8798 1 1 0 0.0000 0.0000
2 138.9077 109.0262 4 4 0 1 0.7177 1 1 0 0.0000 0.0000
2 119.6989 106.1292 4 2 0 0 3.2881 0 1 0 0.0000 0.0000
2 103.8216 160.6784 2 2 0 1 1.0587 1 1 0 0.0000 0.0000
2 131.7155 99.7142 4 4 0 1 3.7646 1 1 0 0.0000 0.0000
2 126.2479 93.8255 4 4 0 1 0.7976 1 1 0 0.0000 0.0000
2 110.2706 135.7376 2 3 0 0 1.1931 0 1 0 0.0000 0.0000
2 90.9566 126.3451 2 2 0 1 1.9362 1 1 0 0.0000 0.0000
2 66.3930 108.7872 1 1 0 1 0.7447 1 1 0 0.0000 0.0000
2 100.1930 132.4558 2 3 0 0 2.6270 0 1 0 0.0000 0.0000
2 106.4592 68.8722 3 3 0 1 2.0274 1 1 0 0.0000 0.0000
2 77.2926 99.9871 1 3 0 0 1.7825 0 1 0 0.0000 0.0000
2 61.9010 110.7270 1 1 0 1 0.9066 1 1 0 0.0000 0.0000
2 88.6888 98.2993 1 3 0 0 1.0653 0 1 0 0.0000 0.0000
2 95.0595 146.4255 2 2 0 1 0.9717 1 1 0 0.0000 0.0000
2 116.8400 79.5157 3 4 0 0 1.0197 0 1 0 0.0000 0.0000
2 76.5329 94.4930 1 1 0 1 0.8291 1 1 0 0.0000 0.0000
2 81.7712 111.1103 1 3 0 0 1.7680 0 1 0 0.0000 0.0000
2 91.9341 128.1148 2 2 0 1 0.7320 1 1 0 0.0000 0.0000
2 80.5136 110.9438 1 1 0 1 1.8783 1 1 0 0.0000 0.0000
2 131.9336 115.7457 4 4 0 1 0.8464 1 1 0 0.0000 0.0000
2 72.1357 96.4958 1 2 0 0 0.8915 0 1 0 0.0000 0.0000
2 83.2440 87.2348 3 1 0 0 0.7291 0 1 0 0.0000 0.0000
2 150.6347 101.2032 4 4 0 1 0.6747 1 1 0 0.0000 0.0000
3 106.2040 62.1277 3 3 0 1 1.6744 1 1 0 0.0000 0.0000
3 96.4990 80.8376 3 3 0 1 1.2373 1 1 0 0.0000 0.0000
3 137.0804 110.1187 4 4 0 1 0.7317 1 1 0 0.0000 0.0000
3 95.3532 130.8562 2 2 0 1 3.7015 1 1 0 0.0000 0.0000
3 57.3956 106.8825 1 1 0 1 0.8752 1 1 0 0.0000 0.0000
3 84.3642 77.5642 3 1 0 0 4.6167 0 1 0 0.0000 0.0000
3 77.5715 109.9897 1 1 0 1 1.2215 1 1 0 0.0000 0.0000
3 109.0777 102.4331 4 2 0 0 1.7547 0 1 0 0.0000 0.0000
3 65.6183 91.4331 1 1 0 1 0.7348 1 1 0 0.0000 0.0000
3 131.2836 106.8547 4 4 0 1 0.8722 1 1 0 0.0000 0.0000
3 67.0555 109.5032 1 1 0 1 0.9338 1 1 0 0.0000 0.0000
3 80.5237 83.7751 3 1 0 0 0.6446 0 1 0 0.0000 0.0000
3 70.0570 97.8239 1 3 0 0 1.2914 0 1 0 0.0000 0.0000
3 116.7455 95.2483 4 4 0 1 1.0750 1 1 0 0.0000 0.0000
3 103.8039 134.0234 2 2 0 1 1.6534 1 1 0 0.0000 0.0000
3 96.4548 124.9745 2 2 0 1 2.8560 1 1 0 0.0000 0.0000
3 95.4788 69.3943 3 3 0 1 1.1449 1 1 0 0.0000 0.0000
3 85.5099 78.3823 3 3 0 1 1.1489 1 1 0 0.0000 0.0000
3 103.7936 74.4077 3 3 0 1 0.9909 1 1 0 0.0000 0.0000
3 105.0474 72.4231 3 3 0 1 0.7504 1 1 0 0.0000 0.0000
3 104.8418 64.5808 3 3 0 1 0.7123 1 1 0 0.0000 0.0000
3 113.3018 55.9921 3 3 0 1 0.6883 1 1 0 0.0000 0.0000
3 93.6683 67.5234 3 3 0 1 0.7755 1 1 0 0.0000 0.0000
3 101.5544 85.0108 3 2 0 0 1.4895 0 1 0 0.0000 0.0000
3 128.3816 97.9748 4 4 0 1 1.1186 1 1 0 0.0000 0.0000
3 78.2270 104.3290 1 3 0 0 0.6434 0 1 0 0.0000 0.0000
3 56.6860 103.5982 1 1 0 1 0.8402 1 1 0 0.0000 0.0000
3 133.3195 99.7161 4 4 0 1 0.8041 1 1 0 0.0000 0.0000
3 85.2607 84.4604 1 3 0 0 1.1677 0 1 0 0.0000 0.0000
3 140.3759 105.7105 4 4 0 1 0.7237 1 1 0 0.0000 0.0000
3 85.1726 84.3353 1 1 0 1 0.8929 1 1 0 0.0000 0.0000
3 104.2406 138.9003 2 3 0 0 0.9712 0 1 0 0.0000 0.0000
3 100.7278 116.5772 2 3 0 0 1.1308 0 1 0 0.0000 0.0000
3 126.7152 117.4950 4 4 0 1 0.8145 1 1 0 0.0000 0.0000
3 106.5451 94.5860 4 3 0 0 2.8743 0 1 0 0.0000 0.0000
3 98.0313 85.9155 3 4 0 0 0.6015 0 1 0 0.0000 0.0000
3 91.3928 137.1108 2 3 0 0 0.6719 0 1 0 0.0000 0.0000
3 94.8763 128.9719 2 2 0 1 0.8546 1 1 0 0.0000 0.0000
3 80.3229 104.6976 1 3 0 0 1.2842 0 1 0 0.0000 0.0000
3 134.6237 92.0509 4 4 0 1 0.7945 1 1 0 0.0000 0.0000
3 71.1379 121.6782 1 2 0 0 3.5105 0 1 0 0.0000 0.0000
3 103.4926 123.8252 2 2 0 1 0.9863 1 1 0 0.0000 0.0000
3 135.8160 105.1594 4 4 0 1 1.8189 1 1 0 0.0000 0.0000
3 103.9174 117.3660 2 3 0 0 0.8013 0 1 0 0.0000 0.0000
3 100.6615 138.9520 2 2 0 1 0.9729 1 1 0 0.0000 0.0000
3 67.3771 101.2090 1 1 0 1 2.5416 1 1 0 0.0000 0.0000
3 77.3297 102.7611 1 1 0 1 0.5984 1 1 0 0.0000 0.0000
3 88.7273 138.5179 2 3 0 0 0.9255 0 1 0 0.0000 0.0000
3 117.3649 99.6703 4 4 0 1 0.9087 1 1 0 0.0000 0.0000
3 67.6983 96.7664 1 1 0 1 0.8104 1 1 0 0.0000 0.0000
3 103.5842 78.5183 3 4 0 0 3.6471 0 1 0 1.9423 0.0000
3 120.2761 123.7163 2 4 0 0 3.8665 0 1 0 0.7128 0.0000
3 111.5165 115.1448 2 4 0 0 2.5219 0 1 1 0.7748 0.3333
3 105.9622 87.7261 3 3 0 1 3.1639 1 1 1 0.4235 0.5000
3 70.1847 112.6640 1 1 0 1 4.6237 1 1 1 0.6899 0.6000
3 104.8713 112.1152 2 4 0 0 2.3698 0 1 0 0.4913 0.5000
3 113.3941 91.5610 4 4 0 1 2.7896 1 1 0 0.7611 0.4286
3 82.7853 71.5963 3 3 0 1 4.3000 1 1 1 2.1191 0.5000
3 125.3602 108.8345 4 4 0 1 2.9563 1 1 1 2.0355 0.5556
3 77.9282 100.4959 1 3 0 0 2.4223 0 1 1 1.4387 0.6000
3 90.9880 115.6455 2 2 0 1 1.7462 1 1 1 1.4506 0.6364
3 102.5619 50.8807 3 4 0 0 4.8628 0 1 0 1.7041 0.5833
3 69.9645 86.5683 1 1 0 1 1.5057 1 1 1 1.8756 0.6154
3 113.1897 81.5377 4 3 0 0 3.3944 0 1 1 1.5244 0.6429
3 124.7199 97.3623 4 4 0 1 2.5210 1 1 1 1.7007 0.6667
3 103.2945 76.8177 3 3 0 1 3.6462 1 1 1 1.0619 0.6875
3 73.6090 100.0768 1 1 0 1 2.0790 1 1 1 1.2790 0.7059
3 80.0384 101.4079 1 2 0 0 2.2543 0 1 1 1.5553 0.7222
3 121.1033 94.5771 4 4 0 1 3.1457 1 1 1 1.2541 0.7368
3 103.3468 81.9164 3 3 0 1 3.7005 1 1 1 1.2767 0.7500
3 127.9187 108.3813 4 4 0 1 2.3627 1 1 1 1.4583 0.7619
3 107.7596 101.6084 4 3 0 0 2.6135 0 1 1 1.7158 0.7727
3 86.1985 132.7623 2 2 0 1 1.2450 1 1 1 0.9358 0.7826
3 97.5037 109.7229 2 2 0 1 1.5181 1 1 1 1.1841 0.7917
3 135.1553 91.0800 4 4 0 1 1.7573 1 1 1 1.5580 0.8000
3 110.4685 121.2093 2 2 0 1 1.5001 1 1 1 1.6773 0.8077
3 106.5160 71.4494 3 3 0 1 2.2784 1 1 1 1.5630 0.8148
3 55.9682 101.5119 1 1 0 1 1.0259 1 1 1 1.2247 0.8214
3 63.0102 111.5537 1 1 0 1 1.3179 1 1 1 1.0906 0.8276
3 74.8396 110.4062 1 2 0 0 1.7563 0 1 1 1.7974 0.8333
3 90.7604 118.0055 2 2 0 1 1.1706 1 1 1 1.4686 0.8387
3 95.9064 128.1414 2 2 0 1 1.0085 1 1 1 0.9981 0.8438
3 138.9301 102.8864 4 4 0 1 3.7896 1 1 1 1.4660 0.8485
3 137.4330 97.0950 4 4 0 1 1.0877 1 1 1 1.6391 0.8529
3 109.8880 115.3438 2 2 0 1 1.3591 1 1 1 2.0463 0.8571
3 86.8404 95.0285 3 3 0 1 2.7238 1 1 1 1.1247 0.8611
3 139.5657 102.7081 4 4 0 1 1.5202 1 1 1 1.3945 0.8649
3 110.7191 120.0225 2 2 0 1 1.0762 1 1 1 0.9594 0.8684
3 105.5005 79.1120 3 3 0 1 1.6241 1 1 1 1.1173 0.8718
3 87.3606 68.2106 3 3 0 1 3.2732 1 1 1 1.1117 0.8750
3 134.5390 105.2827 4 4 0 1 1.3784 1 1 1 0.5928 0.8780
3 85.6290 129.7241 2 2 0 1 1.2144 1 1 1 0.7611 0.8810
3 73.9319 114.8849 1 2 0 0 1.1148 0 1 1 0.7711 0.8837
3 75.5032 120.2016 1 2 0 0 1.2683 0 1 1 1.3942 0.8864
3 112.4084 118.7632 4 2 0 0 1.1567 0 1 1 0.8302 0.8889
3 94.9339 58.1167 3 3 0 1 1.9525 1 1 1 0.9897 0.8913
3 104.5539 75.9852 3 3 0 1 1.2690 1 1 1 1.4096 0.8936
3 103.0292 121.9929 2 2 0 1 1.4752 1 1 1 1.1264 0.8958
3 102.9168 122.0853 2 2 0 1 1.4268 1 1 1 1.0917 0.8980
3 69.5087 113.4943 1 1 0 1 2.2870 1 1 1 0.9818 0.9000
4 131.2137 109.6500 4 4 1 1 1.2098 0 0 1 1.4605 0.9020
4 101.3815 73.0170 3 3 4 1 2.3926 0 0 1 1.2165 0.9038
4 134.6526 106.7230 4 4 1 1 0.8453 0 0 1 0.8941 0.9057
4 105.5620 113.2681 2 2 3 1 1.4761 0 0 1 1.3816 0.9074
4 105.2428 69.6735 3 3 4 1 1.2547 0 0 1 2.5140 0.9091
4 72.5930 121.4012 1 1 3 1 1.6000 0 0 1 1.5406 0.9107
4 136.7401 101.5012 4 4 3 1 0.9548 0 0 1 3.9189 0.9123
4 90.9948 70.2116 3 1 4 0 4.6720 0 0 1 1.4265 0.9138
4 102.3440 113.0387 2 2 3 1 2.0525 0 0 1 2.1799 0.9153
4 87.6885 64.6841 3 3 4 1 1.6605 0 0 1 1.5860 0.9167
4 75.4131 94.6944 1 3 3 0 1.7695 1 0 1 1.6998 0.9180
4 112.0955 90.0869 4 4 3 1 3.5015 0 0 1 1.6188 0.9194
4 105.8389 59.3266 3 3 4 1 4.2980 0 0 1 1.8900 0.9206
4 95.7718 76.3855 3 2 4 0 1.6543 0 0 1 1.3228 0.9219
4 109.1853 138.0732 2 2 3 1 1.3702 0 0 1 2.2791 0.9231
4 107.9136 64.3814 3 4 2 0 2.7672 0 0 1 1.7447 0.9242
4 96.1417 70.8354 3 3 1 1 4.0583 0 0 1 1.4851 0.9254
4 91.8763 91.1651 1 2 4 0 2.1451 0 0 1 1.6346 0.9265
4 94.4599 89.8636 3 2 3 0 1.9779 0 0 1 3.4473 0.9275
4 103.6479 80.3249 3 3 2 1 4.6696 0 0 1 2.5285 0.9286
4 98.2771 121.0598 2 2 4 1 1.4397 0 0 1 1.8223 0.9296
4 87.5448 133.7851 2 2 4 1 1.2752 0 0 1 2.5818 0.9306
4 96.0948 76.7071 3 4 1 0 2.9990 0 0 1 1.6478 0.9315
4 56.4131 94.2644 1 1 3 1 1.4171 0 0 1 5.1116 0.9324
4 39.4733 74.9602 1 1 1 1 2.5688 1 0 0 2.8856 0.9200
4 61.8078 120.1106 1 1 2 1 1.5494 0 0 1 3.1192 0.9211
4 135.8998 87.2633 4 4 1 1 1.5809 0 0 1 2.1440 0.9221
4 88.9286 109.5578 2 2 4 1 2.8367 0 0 1 1.7522 0.9231
4 120.7779 94.1121 4 4 2 1 1.9571 0 0 1 1.6671 0.9241
4 109.0160 110.1222 4 2 1 0 1.4203 0 0 1 1.2594 0.9250
4 103.8987 52.9844 3 3 4 1 2.2342 0 0 1 3.0221 0.9259
4 126.1796 107.6207 4 4 2 1 1.9444 0 0 0 0.3256 0.9146
4 92.5878 154.2830 2 2 4 1 2.0417 0 0 1 1.3208 0.9157
4 80.0097 106.6956 1 2 3 0 1.8816 0 0 1 2.2451 0.9167
4 101.9270 124.9169 2 3 2 0 3.4213 0 0 1 1.7634 0.9176
4 88.4604 132.3513 2 3 4 0 5.2305 0 0 1 1.4225 0.9186
4 69.1136 108.5233 1 1 1 1 1.8418 1 0 1 2.0591 0.9195
4 65.4832 111.9926 1 1 3 1 0.9741 0 0 1 2.5788 0.9205
4 65.5740 101.7929 1 1 4 1 1.0437 0 0 1 1.8983 0.9213
4 90.4904 90.7713 1 2 4 0 3.4816 0 0 1 0.9902 0.9222
4 103.5760 77.8437 3 4 1 0 2.1348 0 0 1 1.8155 0.9231
4 121.3137 98.8788 4 3 3 0 6.7568 1 0 1 1.7085 0.9239
4 101.4667 116.3394 2 2 4 1 5.6696 0 0 0 2.9942 0.9140
4 91.6309 131.5931 2 3 3 0 2.2854 1 0 1 1.0432 0.9149
4 70.9591 107.6042 1 2 1 0 2.4604 0 0 1 1.9267 0.9158
4 77.8577 103.2591 1 3 2 0 2.1987 0 0 1 1.3223 0.9167
4 123.6157 140.5805 2 4 3 0 1.8658 0 0 1 2.1505 0.9175
4 136.6643 105.0332 4 4 2 1 1.8992 0 0 1 1.3841 0.9184
4 133.6930 86.1741 4 4 2 1 0.9362 0 0 1 3.5952 0.9192
4 111.7206 105.1756 4 3 1 0 2.7261 0 0 1 1.0939 0.9200
4 100.4535 75.4099 3 2 3 0 1.4517 0 0 0 0.0000 0.9200
4 66.1732 98.4152 1 1 1 1 1.4166 1 0 0 0.0000 0.9200
4 105.9102 134.8433 2 2 1 1 4.3259 0 0 0 0.0000 0.9200
4 94.4080 49.6970 3 3 3 1 0.9881 1 0 0 0.0000 0.9200
4 95.0387 77.2566 3 3 1 1 0.6992 0 0 0 0.0000 0.9200
4 77.5743 106.8028 1 3 4 0 0.6752 0 0 0 0.0000 0.9200
4 121.2142 99.1859 4 2 3 0 0.4752 0 0 0 0.0000 0.9200
4 107.7094 136.7320 2 2 1 1 0.7171 0 0 0 0.0000 0.9200
4 68.5902 111.2368 1 1 4 1 1.3023 0 0 0 0.0000 0.9200
4 148.4004 105.7397 4 4 3 1 0.8643 0 0 0 0.0000 0.9200
4 118.2760 134.3861 2 3 2 0 0.9586 0 0 0 0.0000 0.9200
4 100.1946 133.4809 2 3 4 0 0.4146 0 0 0 0.0000 0.9200
4 96.8514 93.5220 1 3 1 0 0.4966 0 0 0 0.0000 0.9200
4 129.4118 107.4261 4 3 4 0 1.2685 0 0 0 0.0000 0.9200
4 88.1528 75.4018 3 3 2 1 0.5574 0 0 0 0.0000 0.9200
4 142.5410 96.0239 4 3 2 0 0.3237 0 0 0 0.0000 0.9200
4 63.4817 91.5669 1 1 4 1 0.8533 0 0 0 0.0000 0.9200
4 65.7857 99.0509 1 1 2 1 0.6125 0 0 0 0.0000 0.9200
4 118.5892 107.7876 2 2 2 1 0.7971 1 0 0 0.0000 0.9200
4 116.2361 104.3239 4 2 2 0 0.4417 1 0 0 0.0000 0.9200
4 87.4036 103.1563 1 2 3 0 0.5088 0 0 0 0.0000 0.9200
4 90.4349 136.3736 2 2 2 1 0.4972 1 0 0 0.0000 0.9200
4 87.4933 102.6541 1 2 4 0 0.8207 0 0 0 0.0000 0.9200
4 131.8167 93.1313 4 4 2 1 1.0255 0 0 0 0.0000 0.9200
4 133.6609 106.8919 4 2 3 0 0.3864 0 0 0 0.0000 0.9200
4 64.3651 104.8376 1 1 4 1 0.6598 0 0 0 0.0000 0.9200
4 94.7207 105.7847 2 2 3 1 0.6063 0 0 0 0.0000 0.9200
4 122.0531 99.8556 4 2 3 0 0.6610 0 0 0 0.0000 0.9200
4 127.2725 101.2891 4 3 2 0 0.8146 0 0 0 0.0000 0.9200
4 71.1848 108.2609 1 2 3 0 1.4989 0 0 0 0.0000 0.9200
4 109.5893 66.1443 3 2 2 0 0.9850 1 0 0 0.0000 0.9200
4 97.8026 130.4800 2 3 1 0 0.8257 0 0 0 0.0000 0.9200
4 92.0560 65.2067 3 2 4 0 1.0781 0 0 0 0.0000 0.9200
4 119.7651 117.6533 2 3 1 0 0.6968 0 0 0 0.0000 0.9200
4 90.9210 64.4163 3 3 1 1 0.4820 0 0 0 0.0000 0.9200
4 127.5453 108.7529 4 4 3 1 0.8216 0 0 0 0.0000 0.9200
4 129.6642 100.7962 4 4 4 1 0.3860 1 0 0 0.0000 0.9200
4 88.8389 138.9016 2 2 3 1 0.8204 0 0 0 0.0000 0.9200
4 94.9039 108.7768 2 2 2 1 0.5928 1 0 0 0.0000 0.9200
4 109.4130 86.6045 3 3 3 1 0.7435 1 0 0 0.0000 0.9200
4 104.6776 56.5007 3 3 1 1 0.4519 0 0 0 0.0000 0.9200
4 96.2624 137.6255 2 2 4 1 0.9179 0 0 0 0.0000 0.9200
4 96.6668 66.6565 3 3 1 1 1.8614 0 0 0 0.0000 0.9200
4 107.7046 80.5418 3 4 4 0 0.4482 1 0 0 0.0000 0.9200
4 82.0931 84.7054 1 4 3 0 0.9957 0 0 0 0.0000 0.9200
4 146.5705 88.5627 4 2 1 0 1.6693 0 0 0 0.0000 0.9200
4 111.4199 105.7905 4 3 4 0 0.3918 0 0 0 0.0000 0.9200
4 70.9801 97.4984 1 2 3 0 0.5045 0 0 0 0.0000 0.9200
4 101.6947 71.4132 3 3 1 1 0.1261 0 0 0 0.0000 0.9200
4 97.4285 121.9249 2 3 4 0 0.1676 0 0 0 0.0000 0.9200
5 140.1412 112.9269 4 3 1 0 3.0183 0 0 0 0.0000 0.9200
5 114.2944 103.6657 4 3 3 0 0.9587 1 0 0 0.0000 0.9200
5 106.8019 73.1424 3 3 3 1 1.1343 1 0 0 0.0000 0.9200
5 98.2988 66.6219 3 3 1 1 0.5782 0 0 0 0.0000 0.9200
5 127.8129 85.9738 4 3 4 0 1.0162 0 0 0 0.0000 0.9200
5 78.2750 98.0735 1 1 3 1 1.5290 0 0 0 0.0000 0.9200
5 136.3717 93.2697 4 1 3 0 0.5207 0 0 0 0.0000 0.9200
5 99.3557 122.9250 2 1 3 0 0.2838 0 0 0 0.0000 0.9200
5 88.9937 55.4789 3 1 1 0 0.0417 1 0 0 0.0000 0.9200
5 117.0446 134.5159 2 2 2 1 1.9861 1 0 0 0.0000 0.9200
5 124.6191 98.2480 4 3 2 0 2.8114 0 0 0 0.0000 0.9200
5 117.5010 78.0190 3 3 1 1 0.8921 0 0 0 0.0000 0.9200
5 101.8316 65.4209 3 2 4 0 1.6739 0 0 0 0.0000 0.9200
5 109.0030 126.8378 2 1 4 0 0.3492 0 0 0 0.0000 0.9200
5 84.2333 137.9453 2 2 1 1 0.5419 0 0 0 0.0000 0.9200
5 94.4813 130.1834 2 1 1 0 0.7115 1 0 0 0.0000 0.9200
5 136.6960 85.7850 4 4 1 1 2.3218 0 0 0 0.0000 0.9200
5 132.6607 101.5893 4 4 4 1 0.4199 1 0 0 0.0000 0.9200
5 64.2303 102.6138 1 1 1 1 1.6702 1 0 0 0.0000 0.9200
5 108.8308 89.4585 3 2 1 0 0.6338 0 0 0 0.0000 0.9200
5 58.2609 103.3889 1 1 3 1 0.7707 0 0 0 0.0000 0.9200
5 68.8092 92.9212 1 1 2 1 0.2705 0 0 0 0.0000 0.9200
5 118.3336 94.6428 4 1 4 0 0.1733 0 0 0 0.0000 0.9200
5 81.4458 97.6135 1 1 1 1 0.4089 1 0 0 0.0000 0.9200
5 89.6134 63.6083 3 1 3 0 1.6750 0 0 0 0.0000 0.9200
5 71.9726 116.2312 1 1 1 1 1.0384 1 0 0 0.0000 0.9200
5 76.8107 106.3702 1 1 3 1 0.9448 0 0 0 0.0000 0.9200
5 100.4068 124.7725 2 1 4 0 7.6809 0 0 0 0.0000 0.9200
5 138.1587 109.2010 4 2 4 0 1.0855 0 0 0 0.0000 0.9200
5 133.9500 86.6055 4 4 4 1 2.0006 1 0 0 0.0000 0.9200
5 65.2718 109.8442 1 1 4 1 1.3714 0 0 0 0.0000 0.9200
5 71.8123 78.3524 1 1 3 1 0.4866 0 0 0 0.0000 0.9200
5 101.5083 136.7463 2 2 2 1 0.9064 1 0 0 0.0000 0.9200
5 119.9412 80.9812 3 3 2 1 3.0168 0 0 0 0.0000 0.9200
5 134.4524 99.3927 4 2 2 0 0.7661 1 0 0 0.0000 0.9200
5 63.8414 99.9808 1 1 2 1 0.9048 0 0 0 0.0000 0.9200
5 79.9510 141.1002 2 2 3 1 1.8968 0 0 0 0.0000 0.9200
5 140.8232 100.9438 4 3 4 0 3.1075 0 0 0 0.0000 0.9200
5 86.6962 51.7089 3 3 3 1 0.8920 1 0 0 0.0000 0.9200
5 76.5790 100.0855 1 3 2 0 0.6668 0 0 0 0.0000 0.9200
5 91.0872 110.3567 2 3 3 0 0.4831 1 0 0 0.0000 0.9200
5 98.0288 118.9963 2 2 2 1 0.8395 1 0 0 0.0000 0.9200
5 90.7955 75.5635 3 2 3 0 0.8866 0 0 0 0.0000 0.9200
5 143.6517 112.9284 4 4 1 1 2.3901 0 0 0 0.0000 0.9200
5 132.9753 98.2457 4 3 3 0 2.0450 1 0 0 0.0000 0.9200
5 126.1778 99.7698 4 3 2 0 0.8893 0 0 0 0.0000 0.9200
5 98.2208 65.4573 3 3 2 1 0.9202 0 0 0 0.0000 0.9200
5 75.2236 88.3775 1 1 2 1 2.0229 0 0 0 0.0000 0.9200
5 97.6390 74.1439 3 2 3 0 0.6925 0 0 0 0.0000 0.9200
5 66.8812 103.1281 1 2 2 0 0.3829 1 0 0 0.0000 0.9200
5 121.9180 85.3120 4 2 2 0 1.4096 1 0 0 0.0000 0.9200
5 118.4548 107.2515 4 2 2 0 1.1516 1 0 0 0.0000 0.9200
5 82.9756 154.2510 2 2 1 1 1.0800 0 0 0 0.0000 0.9200
5 104.7057 119.4283 2 2 1 1 0.6048 0 0 0 0.0000 0.9200
5 95.9898 78.3730 3 2 2 0 1.0291 1 0 0 0.0000 0.9200
5 99.8924 122.9074 2 2 3 1 0.8255 0 0 0 0.0000 0.9200
5 62.3993 88.2892 1 2 2 0 0.5526 1 0 0 0.0000 0.9200
5 93.2724 118.2552 2 2 4 1 0.5442 0 0 0 0.0000 0.9200
5 93.4160 96.6826 1 2 4 0 0.1502 0 0 0 0.0000 0.9200
5 74.1195 99.1445 1 2 2 0 0.1763 1 0 0 0.0000 0.9200
5 119.7145 97.1257 4 2 3 0 0.5250 0 0 0 0.0000 0.9200
5 87.7027 99.6187 1 2 1 0 0.3557 0 0 0 0.0000 0.9200
5 137.7972 100.4247 4 2 2 0 0.3257 1 0 0 0.0000 0.9200
5 92.9179 131.8423 2 2 1 1 0.0858 0 0 0 0.0000 0.9200
5 114.0260 71.2138 3 2 1 0 0.4041 0 0 0 0.0000 0.9200
5 81.3311 81.8530 1 2 3 0 0.6833 0 0 0 0.0000 0.9200
5 78.0881 134.8433 2 2 2 1 0.4076 1 0 0 0.0000 0.9200
5 53.2597 97.6524 1 2 2 0 0.2980 1 0 0 0.0000 0.9200
5 108.9143 79.3603 3 2 3 0 0.0880 0 0 0 0.0000 0.9200
5 122.8224 101.7694 4 2 4 0 0.3215 0 0 0 0.0000 0.9200
5 106.9334 125.3360 2 2 2 1 0.0819 1 0 0 0.0000 0.9200
5 149.0769 86.5169 4 2 3 0 0.0111 0 0 0 0.0000 0.9200
5 85.6089 129.0267 2 2 3 1 0.8999 0 0 0 0.0000 0.9200
5 105.3632 117.7025 2 2 4 1 0.5791 0 0 0 0.0000 0.9200
5 133.6424 103.4671 4 3 3 0 3.1947 1 0 0 0.0000 0.9200
5 79.8248 110.0313 1 3 3 0 1.1718 1 0 0 0.0000 0.9200
5 81.3666 54.0435 3 3 3 1 0.5530 1 0 0 0.0000 0.9200
5 82.7276 60.7880 3 3 4 1 0.4470 0 0 0 0.0000 0.9200
5 94.3007 69.4132 3 4 1 0 1.1373 0 0 0 0.0000 0.9200
5 101.8314 70.9860 3 1 4 0 0.4221 0 0 0 0.0000 0.9200
5 98.9164 142.1705 2 3 2 0 0.5045 0 0 0 0.0000 0.9200
5 69.6821 91.3549 1 2 4 0 0.1589 0 0 0 0.0000 0.9200
5 126.2764 83.8192 4 3 2 0 0.2832 0 0 0 0.0000 0.9200
5 114.6830 141.2372 2 3 2 0 0.3937 0 0 0 0.0000 0.9200
5 105.3890 122.3535 2 3 3 0 2.8587 1 0 0 0.0000 0.9200
5 95.7107 96.6214 1 3 2 0 0.7467 0 0 0 0.0000 0.9200
5 67.0568 102.8144 1 3 3 0 0.0528 1 0 0 0.0000 0.9200
5 122.2716 97.8254 4 3 2 0 0.1572 0 0 0 0.0000 0.9200
5 104.8673 128.2429 2 3 1 0 0.1030 0 0 0 0.0000 0.9200
5 111.2919 71.9448 3 3 2 1 0.1758 0 0 0 0.0000 0.9200
5 114.5281 61.5265 3 3 1 1 2.5542 0 0 0 0.0000 0.9200
5 129.5553 104.7185 4 3 1 0 0.3550 0 0 0 0.0000 0.9200
5 107.4894 67.7759 3 3 4 1 0.2274 0 0 0 0.0000 0.9200
5 77.5306 86.0670 1 3 4 0 0.0965 0 0 0 0.0000 0.9200
5 75.2274 96.2135 1 3 3 0 0.1866 1 0 0 0.0000 0.9200
5 94.9933 68.5995 3 3 4 1 0.2637 0 0 0 0.0000 0.9200
5 79.5622 79.5091 3 3 1 1 0.2786 0 0 0 0.0000 0.9200
5 90.6607 114.7931 2 3 1 0 0.2465 0 0 0 0.0000 0.9200
5 109.2279 139.7944 2 3 2 0 0.2292 0 0 0 0.0000 0.9200
5 79.8961 81.1035 3 3 2 1 0.1814 0 0 0 0.0000 0.9200
6 87.7432 121.7098 2 2 1 1 1.3864 0 0 0 0.0000 0.9200
6 99.1364 69.9712 3 2 3 0 0.9283 0 0 0 0.0000 0.9200
6 142.5256 91.5844 4 2 3 0 0.3183 0 0 0 0.0000 0.9200
6 65.6660 89.5178 1 1 4 1 0.5571 0 0 0 0.0000 0.9200
6 85.7585 122.9180 2 2 2 1 0.2582 1 0 0 0.0000 0.9200
6 97.0638 60.2841 3 3 4 1 2.0466 0 0 0 0.0000 0.9200
6 104.3017 71.1701 3 2 1 0 0.6002 0 0 0 0.0000 0.9200
6 100.6753 135.6078 2 2 1 1 1.6629 0 0 0 0.0000 0.9200
6 101.1555 128.3788 2 3 3 0 0.8809 1 0 0 0.0000 0.9200
6 123.5975 102.7674 4 2 1 0 0.7513 0 0 0 0.0000 0.9200
6 77.0563 105.1720 1 1 1 1 0.8905 1 0 0 0.0000 0.9200
6 109.2525 147.8820 2 3 1 0 0.7297 0 0 0 0.0000 0.9200
6 66.9476 106.2204 1 1 1 1 0.5956 1 0 0 0.0000 0.9200
6 93.0651 64.7039 3 3 4 1 1.2436 0 0 0 0.0000 0.9200
6 95.6356 122.0070 2 3 3 0 0.7067 1 0 0 0.0000 0.9200
6 93.9527 116.2486 2 3 2 0 0.5716 0 0 0 0.0000 0.9200
6 110.7196 116.0871 2 3 1 0 0.7371 0 0 0 0.0000 0.9200
6 78.1628 109.6438 1 4 4 0 0.6515 1 0 0 0.0000 0.9200
6 104.0930 67.8945 3 4 4 0 0.3075 1 0 0 0.0000 0.9200
6 64.0133 119.6554 1 1 1 1 0.8835 1 0 0 0.0000 0.9200
6 115.4950 102.4642 4 3 3 0 0.6583 1 0 0 0.0000 0.9200
6 71.0679 87.6457 1 3 4 0 2.7465 0 0 0 0.0000 0.9200
6 74.0738 99.6458 1 2 2 0 0.2806 1 0 0 0.0000 0.9200
6 99.2293 138.8234 2 2 2 1 0.0706 1 0 0 0.0000 0.9200
6 106.3317 61.3886 3 2 4 0 0.3665 0 0 0 0.0000 0.9200
6 108.3587 74.9542 3 2 1 0 0.3663 0 0 0 0.0000 0.9200
6 126.4884 92.9181 4 2 4 0 0.1441 0 0 0 0.0000 0.9200
6 103.4156 75.8864 3 2 3 0 0.1873 0 0 0 0.0000 0.9200
6 96.1414 112.7962 2 2 4 1 0.4864 0 0 0 0.0000 0.9200
6 110.0177 129.0274 2 2 4 1 0.1220 0 0 0 0.0000 0.9200
6 136.6421 100.5962 4 3 2 0 0.4840 0 0 0 0.0000 0.9200
6 71.0004 111.1560 1 1 1 1 0.8568 1 0 0 0.0000 0.9200
6 99.0396 118.4244 2 1 2 0 1.1424 0 0 0 0.0000 0.9200
6 62.8468 102.1042 1 1 1 1 0.7303 1 0 0 0.0000 0.9200
6 77.0428 103.0216 1 1 4 1 0.7555 0 0 0 0.0000 0.9200
6 95.8491 76.6500 3 1 3 0 0.2858 0 0 0 0.0000 0.9200
6 64.1784 95.8536 1 1 2 1 0.0755 0 0 0 0.0000 0.9200
6 101.7032 60.1956 3 1 3 0 0.1950 0 0 0 0.0000 0.9200
6 128.0954 100.7774 4 2 2 0 0.4450 1 0 0 0.0000 0.9200
6 122.1071 98.6297 4 2 1 0 0.1430 0 0 0 0.0000 0.9200
6 120.2600 88.8269 4 2 2 0 0.2330 1 0 0 0.0000 0.9200
6 129.4991 98.6783 4 2 4 0 0.0221 0 0 0 0.0000 0.9200
6 79.1953 108.8968 1 2 3 0 0.1101 0 0 0 0.0000 0.9200
6 132.4578 93.5496 4 2 4 0 0.2157 0 0 0 0.0000 0.9200
6 127.5829 95.3633 4 2 2 0 0.1309 1 0 0 0.0000 0.9200
6 119.2084 107.1740 4 2 1 0 0.1719 0 0 0 0.0000 0.9200
6 94.5770 65.3457 3 2 2 0 0.0700 1 0 0 0.0000 0.9200
6 87.9524 84.3511 1 2 4 0 1.0209 0 0 0 0.0000 0.9200
6 136.1853 96.6623 4 4 2 1 1.3256 0 0 0 0.0000 0.9200
6 74.4528 101.6761 1 1 4 1 1.1763 0 0 0 0.0000 0.9200
6 94.5523 61.3336 3 1 4 0 0.4455 0 0 0 0.0000 0.9200
6 62.6681 107.7355 1 1 1 1 0.4003 1 0 0 0.0000 0.9200
6 132.7261 92.5790 4 1 3 0 2.7218 0 0 0 0.0000 0.9200
6 116.6820 143.1406 2 1 2 0 0.0470 0 0 0 0.0000 0.9200
6 131.3731 96.3049 4 1 2 0 0.4234 0 0 0 0.0000 0.9200
6 96.9975 144.9041 2 1 1 0 0.4090 1 0 0 0.0000 0.9200
6 139.6484 97.5681 4 3 4 0 2.8259 0 0 0 0.0000 0.9200
6 116.0171 54.0204 3 3 3 1 0.3133 1 0 0 0.0000 0.9200
6 112.9909 56.6666 3 3 2 1 0.5065 0 0 0 0.0000 0.9200
6 125.0165 87.0374 4 1 3 0 1.6328 0 0 0 0.0000 0.9200
6 75.9152 124.9741 1 1 2 1 0.2901 0 0 0 0.0000 0.9200
6 86.0869 61.6301 3 3 4 1 0.5145 0 0 0 0.0000 0.9200
6 91.9884 65.8295 3 3 2 1 0.3108 0 0 0 0.0000 0.9200
6 113.0986 110.6975 2 3 1 0 0.5496 0 0 0 0.0000 0.9200
6 96.5532 70.7419 3 3 1 1 0.2936 0 0 0 0.0000 0.9200
6 66.9838 90.4158 1 2 2 0 0.2139 1 0 0 0.0000 0.9200
6 137.3462 113.9915 4 2 4 0 0.1139 0 0 0 0.0000 0.9200
6 101.4158 66.0176 3 2 4 0 0.1872 0 0 0 0.0000 0.9200
6 99.5780 137.4124 2 2 4 1 0.1023 0 0 0 0.0000 0.9200
6 100.3058 142.8041 2 2 2 1 0.1271 1 0 0 0.0000 0.9200
6 71.6742 104.6640 1 2 1 0 0.1370 0 0 0 0.0000 0.9200
6 73.7486 110.4400 1 2 1 0 0.2278 0 0 0 0.0000 0.9200
6 143.8585 102.7132 4 2 2 0 0.3358 1 0 0 0.0000 0.9200
6 113.9239 134.0780 2 2 2 1 0.0302 1 0 0 0.0000 0.9200
6 104.9014 118.6219 2 2 3 1 0.0213 0 0 0 0.0000 0.9200
6 145.5079 105.0925 4 2 2 0 0.0601 1 0 0 0.0000 0.9200
6 96.4913 75.5477 3 2 1 0 0.1321 0 0 0 0.0000 0.9200
6 119.6669 98.9626 4 2 2 0 0.0777 1 0 0 0.0000 0.9200
6 129.2816 110.8507 4 2 2 0 0.0537 1 0 0 0.0000 0.9200
6 104.9786 107.9879 2 2 2 1 0.3812 1 0 0 0.0000 0.9200
6 113.7865 95.2948 3 2 3 0 0.3976 0 0 0 0.0000 0.9200
6 100.2872 72.8516 3 2 4 0 0.0320 0 0 0 0.0000 0.9200
6 107.7403 151.8154 2 2 4 1 0.2312 0 0 0 0.0000 0.9200
6 98.8722 73.9907 3 2 1 0 0.0836 0 0 0 0.0000 0.9200
6 101.9112 68.7101 3 2 1 0 0.1076 0 0 0 0.0000 0.9200
6 87.6377 87.8999 1 2 4 0 0.0687 0 0 0 0.0000 0.9200
6 56.5795 97.8917 1 2 4 0 0.0767 0 0 0 0.0000 0.9200
6 114.0655 154.3119 2 2 1 1 0.2127 0 0 0 0.0000 0.9200
6 121.8181 81.1996 4 2 2 0 0.1606 1 0 0 0.0000 0.9200
6 110.6129 128.7154 2 2 1 1 0.2675 0 0 0 0.0000 0.9200
6 67.4598 105.3197 1 2 3 0 0.0880 0 0 0 0.0000 0.9200
6 107.7221 122.8525 2 2 2 1 0.2251 1 0 0 0.0000 0.9200
6 89.6707 66.7162 3 2 2 0 0.0455 1 0 0 0.0000 0.9200
6 93.3909 63.3240 3 2 2 0 0.2930 1 0 0 0.0000 0.9200
6 75.8624 81.3255 1 2 1 0 0.2745 0 0 0 0.0000 0.9200
6 135.3313 94.3023 4 2 4 0 0.6081 0 0 0 0.0000 0.9200
6 98.5304 129.2492 2 2 4 1 0.0705 0 0 0 0.0000 0.9200
6 123.7680 91.1913 4 4 4 1 1.7120 1 0 0 0.0000 0.9200
6 74.1058 102.7346 1 4 4 0 0.3709 1 0 0 0.0000 0.9200
6 64.7903 77.3709 1 4 1 0 0.2920 0 0 0 0.0000 0.9200
7 131.9209 123.1288 4 4 1 1 2.1063 0 0 0 0.0000 0.9200
7 132.9935 87.5063 4 4 3 1 0.2919 0 0 0 0.0000 0.9200
7 99.7772 123.8030 2 4 3 0 0.2587 0 0 0 0.0000 0.9200
7 88.6969 141.3633 2 4 2 0 0.2719 0 0 0 0.0000 0.9200
7 107.4212 77.5781 3 4 3 0 0.4455 0 0 0 0.0000 0.9200
7 113.0652 114.0933 2 4 4 0 0.3670 1 0 0 0.0000 0.9200
7 121.4979 110.0468 4 4 1 1 0.3358 0 0 0 0.0000 0.9200
7 65.8822 90.4625 1 4 3 0 0.5115 0 0 0 0.0000 0.9200
7 110.4528 128.4331 2 4 2 0 0.2114 0 0 0 0.0000 0.9200
7 108.7611 66.5369 3 4 1 0 0.0149 0 0 0 0.0000 0.9200
7 94.8941 72.0194 3 4 3 0 0.8377 0 0 0 0.0000 0.9200
7 98.9094 143.2802 2 4 2 0 0.3221 0 0 0 0.0000 0.9200
7 140.5597 95.9058 4 4 1 1 0.3049 0 0 0 0.0000 0.9200
7 122.3346 91.6734 4 4 1 1 0.3188 0 0 0 0.0000 0.9200
7 94.5967 82.4114 3 4 3 0 0.2856 0 0 0 0.0000 0.9200
7 118.3561 111.6363 4 4 1 1 0.2196 0 0 0 0.0000 0.9200
7 136.6877 95.0447 4 4 1 1 0.6640 0 0 0 0.0000 0.9200
7 42.7977 98.7857 1 4 1 0 0.0639 0 0 0 0.0000 0.9200
7 78.5336 135.8575 2 4 1 0 0.2163 0 0 0 0.0000 0.9200
7 89.3754 80.2530 3 4 4 0 0.8207 1 0 0 0.0000 0.9200
7 98.2451 120.4918 2 4 3 0 0.8183 0 0 0 0.0000 0.9200
7 74.2690 85.7949 1 4 2 0 0.3194 0 0 0 0.0000 0.9200
7 91.5153 109.5289 2 4 1 0 0.6398 0 0 0 0.0000 0.9200
7 107.5018 121.6098 2 4 2 0 0.0730 0 0 0 0.0000 0.9200
7 60.9801 93.5680 1 4 3 0 0.4982 0 0 0 0.0000 0.9200
7 135.3254 107.9271 4 4 1 1 0.2154 0 0 0 0.0000 0.9200
7 102.0303 55.2700 3 4 1 0 0.3254 0 0 0 0.0000 0.9200
7 91.6975 118.6216 2 4 4 0 0.1977 1 0 0 0.0000 0.9200
7 75.8619 108.5506 1 4 3 0 0.4989 0 0 0 0.0000 0.9200
7 91.6651 129.7944 2 4 1 0 2.2480 0 0 0 0.0000 0.9200
7 100.2628 126.5816 2 4 2 0 0.3455 0 0 0 0.0000 0.9200
7 116.9702 92.0839 4 4 1 1 0.2824 0 0 0 0.0000 0.9200
7 69.6587 95.3935 1 4 1 0 0.1368 0 0 0 0.0000 0.9200
7 110.8904 77.7991 3 4 3 0 0.0343 0 0 0 0.0000 0.9200
7 109.8450 73.7830 3 3 3 1 0.7607 1 0 0 0.0000 0.9200
7 61.1240 86.3064 1 3 3 0 0.0024 1 0 0 0.0000 0.9200
7 112.8350 144.2134 2 3 1 0 0.1524 0 0 0 0.0000 0.9200
7 69.8300 103.9540 1 3 3 0 0.1623 1 0 0 0.0000 0.9200
7 90.7772 75.4578 3 3 1 1 0.1408 0 0 0 0.0000 0.9200
7 103.5026 142.9016 2 3 2 0 0.0871 0 0 0 0.0000 0.9200
7 138.7935 110.5281 4 3 4 0 0.0159 0 0 0 0.0000 0.9200
7 78.1565 106.1586 1 3 3 0 0.0698 1 0 0 0.0000 0.9200
7 75.6848 119.7178 1 3 2 0 0.1734 0 0 0 0.0000 0.9200
7 92.9690 69.1337 3 3 4 1 0.2962 0 0 0 0.0000 0.9200
7 76.1655 80.2105 1 2 4 0 0.9502 0 0 0 0.0000 0.9200
7 91.9586 81.3687 3 2 1 0 0.2773 0 0 0 0.0000 0.9200
7 123.1753 102.4976 4 2 4 0 1.4417 0 0 0 0.0000 0.9200
7 91.8422 58.5898 3 2 2 0 0.3497 1 0 0 0.0000 0.9200
7 113.6511 134.4659 2 2 3 1 0.3177 0 0 0 0.0000 0.9200
7 76.2416 107.6445 1 2 3 0 0.0597 0 0 0 0.0000 0.9200
7 54.7262 102.9481 1 2 3 0 0.0516 0 0 0 0.0000 0.9200
7 100.4483 55.0481 3 2 3 0 0.1540 0 0 0 0.0000 0.9200
7 71.1468 98.6645 1 2 4 0 0.1172 0 0 0 0.0000 0.9200
7 104.5617 56.6949 3 2 1 0 0.4463 0 0 0 0.0000 0.9200
7 120.1177 97.7777 4 2 2 0 0.2088 1 0 0 0.0000 0.9200
7 81.6602 102.3989 1 2 1 0 0.5415 0 0 0 0.0000 0.9200
7 98.4734 67.9758 3 2 2 0 0.6095 1 0 0 0.0000 0.9200
7 107.8802 133.4480 2 2 3 1 0.0894 0 0 0 0.0000 0.9200
7 100.9880 121.5908 2 2 4 1 0.3559 0 0 0 0.0000 0.9200
7 81.1348 85.8898 1 2 1 0 0.2291 0 0 0 0.0000 0.9200
7 129.2654 80.7698 4 2 4 0 0.9806 0 0 0 0.0000 0.9200
7 83.5111 127.4984 2 2 4 1 0.2778 0 0 0 0.0000 0.9200
7 68.7974 98.9162 1 3 3 0 0.9152 1 0 0 0.0000 0.9200
7 97.7604 139.6673 2 3 3 0 0.4181 1 0 0 0.0000 0.9200
7 116.4688 89.7162 4 3 4 0 0.2909 0 0 0 0.0000 0.9200
7 82.9178 60.6965 3 3 4 1 0.5613 0 0 0 0.0000 0.9200
7 126.8054 79.3947 4 4 3 1 1.8321 0 0 0 0.0000 0.9200
7 59.6690 94.7477 1 3 1 0 1.9672 0 0 0 0.0000 0.9200
7 60.5538 97.4907 1 3 1 0 0.3123 0 0 0 0.0000 0.9200
7 85.8959 100.2280 1 3 1 0 0.3116 0 0 0 0.0000 0.9200
7 133.9920 82.4607 4 3 2 0 0.2620 0 0 0 0.0000 0.9200
7 101.5459 83.4905 3 3 3 1 0.0680 1 0 0 0.0000 0.9200
7 130.3035 108.1081 4 3 2 0 0.1115 0 0 0 0.0000 0.9200
7 107.8462 71.1292 3 3 3 1 0.1376 1 0 0 0.0000 0.9200
7 111.1212 118.3085 4 3 4 0 0.1467 0 0 0 0.0000 0.9200
7 102.5889 83.5736 3 3 2 1 1.3402 0 0 0 0.0000 0.9200
7 128.0394 100.6980 4 3 4 0 0.1818 0 0 0 0.0000 0.9200
7 127.0373 102.5313 4 3 2 0 0.2262 0 0 0 0.0000 0.9200
7 89.9558 64.8627 3 3 1 1 0.0310 0 0 0 0.0000 0.9200
7 104.1968 141.2735 2 3 1 0 0.3264 0 0 0 0.0000 0.9200
7 58.3275 73.3529 1 3 3 0 0.2786 1 0 0 0.0000 0.9200
7 134.8970 112.8241 4 3 2 0 0.1173 0 0 0 0.0000 0.9200
7 84.6675 102.7472 1 3 3 0 0.1589 1 0 0 0.0000 0.9200
7 129.2137 95.3005 4 3 3 0 0.0742 1 0 0 0.0000 0.9200
7 88.9110 106.8961 1 3 4 0 0.1145 0 0 0 0.0000 0.9200
7 96.0057 70.3104 3 3 4 1 0.2041 0 0 0 0.0000 0.9200
7 133.2758 109.7255 4 3 2 0 0.1189 0 0 0 0.0000 0.9200
7 102.1152 59.2238 3 3 4 1 0.0796 0 0 0 0.0000 0.9200
7 73.5563 72.2028 3 3 4 1 0.0926 0 0 0 0.0000 0.9200
7 107.4919 124.2660 2 3 4 0 0.1440 0 0 0 0.0000 0.9200
7 123.1581 86.3214 3 3 2 1 0.1695 0 0 0 0.0000 0.9200
7 99.5317 110.2907 2 3 4 0 0.0663 0 0 0 0.0000 0.9200
7 103.0445 133.7577 2 3 2 0 0.1379 0 0 0 0.0000 0.9200
7 105.6745 113.8609 2 4 2 0 1.2347 0 0 0 0.0000 0.9200
7 112.8966 126.8406 2 4 3 0 0.7778 0 0 0 0.0000 0.9200
7 80.1447 103.8121 1 4 4 0 1.2694 1 0 0 0.0000 0.9200
7 138.1050 78.6352 4 4 3 1 0.5250 0 0 0 0.0000 0.9200
7 97.3704 74.7911 3 4 3 0 0.4170 0 0 0 0.0000 0.9200
7 74.1213 97.4802 1 4 1 0 0.8173 0 0 0 0.0000 0.9200
7 110.4242 97.2032 4 3 2 0 1.1817 0 0 0 0.0000 0.9200
8 150.1976 102.3980 4 2 0 0 1.4985 0 1 0 0.0000 0.9200
8 133.3841 95.1198 4 1 0 0 0.6129 0 1 0 0.0000 0.9200
8 140.2754 107.0743 4 3 0 0 0.3164 0 1 0 0.0000 0.9200
8 72.5069 95.0757 1 3 0 0 0.3184 0 1 0 0.0000 0.9200
8 98.1793 69.0923 3 3 0 1 2.4148 1 1 0 0.0000 0.9200
8 103.3680 147.2061 2 3 0 0 0.0528 0 1 0 0.0000 0.9200
8 70.8464 89.2329 1 3 0 0 0.0936 0 1 0 0.0000 0.9200
8 71.8706 91.0002 1 3 0 0 0.4075 0 1 0 0.0000 0.9200
8 71.3646 100.4742 1 3 0 0 0.0086 0 1 0 0.0000 0.9200
8 100.5722 59.0357 3 3 0 1 0.3847 1 1 0 0.0000 0.9200
8 154.9917 97.4097 4 3 0 0 0.9135 0 1 0 0.0000 0.9200
8 95.9689 62.9362 3 3 0 1 0.6555 1 1 0 0.0000 0.9200
8 124.8026 92.4396 4 3 0 0 0.7594 0 1 0 0.0000 0.9200
8 73.2713 112.1859 1 3 0 0 0.7382 0 1 0 0.0000 0.9200
8 66.6809 92.0205 1 3 0 0 0.4114 0 1 0 0.0000 0.9200
8 83.0973 99.6898 1 3 0 0 0.3489 0 1 0 0.0000 0.9200
8 60.3511 114.3077 1 3 0 0 0.6837 0 1 0 0.0000 0.9200
8 100.1202 137.3844 2 3 0 0 0.2765 0 1 0 0.0000 0.9200
8 72.0866 111.0079 1 3 0 0 0.2753 0 1 0 0.0000 0.9200
8 67.5129 120.7204 1 3 0 0 0.7364 0 1 0 0.0000 0.9200
8 108.7283 146.0765 2 2 0 1 0.8896 1 1 0 0.0000 0.9200
8 58.4333 101.9441 1 2 0 0 0.3756 0 1 0 0.0000 0.9200
8 105.3469 62.1127 3 2 0 0 0.6964 0 1 0 0.0000 0.9200
8 130.1129 92.5924 4 2 0 0 0.4971 0 1 0 0.0000 0.9200
8 127.7091 94.5345 4 2 0 0 0.0207 0 1 0 0.0000 0.9200
8 63.2691 104.2814 1 1 0 1 0.5412 1 1 0 0.0000 0.9200
8 88.1573 69.8247 3 1 0 0 0.5311 0 1 0 0.0000 0.9200
8 93.3562 125.6489 2 2 0 1 1.7214 1 1 0 0.0000 0.9200
8 122.5304 84.5825 4 2 0 0 0.4770 0 1 0 0.0000 0.9200
8 69.0852 87.0812 1 2 0 0 0.5286 0 1 0 0.0000 0.9200
8 101.9040 83.9635 3 3 0 1 1.7977 1 1 0 0.0000 0.9200
8 79.8331 109.3147 1 3 0 0 0.7141 0 1 0 0.0000 0.9200
8 115.8688 77.2415 3 3 0 1 0.8197 1 1 0 0.0000 0.9200
8 79.3083 92.6669 1 3 0 0 0.0965 0 1 0 0.0000 0.9200
8 98.0162 72.5907 3 3 0 1 0.2497 1 1 0 0.0000 0.9200
8 125.4987 91.7156 4 3 0 0 1.9924 0 1 0 0.0000 0.9200
8 89.8963 132.1882 2 3 0 0 0.2752 0 1 0 0.0000 0.9200
8 88.5654 90.1056 1 3 0 0 0.3536 0 1 0 0.0000 0.9200
8 122.1147 103.2817 4 3 0 0 0.3220 0 1 0 0.0000 0.9200
8 86.3785 114.4504 1 3 0 0 0.3059 0 1 0 0.0000 0.9200
8 106.0402 131.1355 2 3 0 0 0.3215 0 1 0 0.0000 0.9200
8 103.7841 117.2437 2 3 0 0 0.4815 0 1 0 0.0000 0.9200
8 99.8741 116.0471 2 3 0 0 0.3087 0 1 0 0.0000 0.9200
8 95.0812 129.7580 2 3 0 0 1.2535 0 1 0 0.0000 0.9200
8 132.7079 98.4518 4 3 0 0 0.0454 0 1 0 0.0000 0.9200
8 94.3484 71.3368 3 3 0 1 0.0858 1 1 0 0.0000 0.9200
8 130.4596 86.2393 4 3 0 0 0.4965 0 1 0 0.0000 0.9200
8 82.2037 101.0427 1 3 0 0 0.0042 0 1 0 0.0000 0.9200
8 106.3990 126.8403 2 3 0 0 3.4684 0 1 0 0.0000 0.9200
8 107.6510 124.9763 2 3 0 0 0.1265 0 1 0 0.0000 0.9200
8 101.7649 128.0355 2 3 0 0 1.1157 0 1 0 0.0000 0.9200
8 103.3200 134.0606 2 3 0 0 0.0636 0 1 0 0.0000 0.9200
8 90.2395 128.2253 2 3 0 0 0.0748 0 1 0 0.0000 0.9200
8 93.8110 81.9111 3 3 0 1 1.0792 1 1 0 0.0000 0.9200
8 120.2365 105.3651 4 3 0 0 0.1292 0 1 0 0.0000 0.9200
8 92.5239 112.3685 2 3 0 0 2.4339 0 1 0 0.0000 0.9200
8 68.2180 104.2906 1 3 0 0 0.4243 0 1 0 0.0000 0.9200
8 99.0352 89.4037 3 3 0 1 4.1081 1 1 0 0.0000 0.9200
8 132.9668 97.6630 4 3 0 0 0.1422 0 1 0 0.0000 0.9200
8 119.8556 94.2118 4 3 0 0 0.3454 0 1 0 0.0000 0.9200
8 101.9013 52.5659 3 3 0 1 0.0894 1 1 0 0.0000 0.9200
8 109.4239 76.8451 3 2 0 0 1.5081 0 1 0 0.0000 0.9200
8 95.5026 80.5391 3 2 0 0 0.9289 0 1 0 0.0000 0.9200
8 92.9462 88.1557 3 2 0 0 0.7362 0 1 0 0.0000 0.9200
8 101.1053 71.3264 3 2 0 0 0.3289 0 1 0 0.0000 0.9200
8 69.7773 107.5104 1 1 0 1 0.0565 1 1 0 0.0000 0.9200
8 94.5580 127.3204 2 1 0 0 0.0657 0 1 0 0.0000 0.9200
8 107.5802 141.2795 2 1 0 0 1.0972 0 1 0 0.0000 0.9200
8 124.5032 100.2541 4 1 0 0 1.3100 0 1 0 0.0000 0.9200
8 116.6119 107.6445 4 1 0 0 0.6948 0 1 0 0.0000 0.9200
8 100.2864 72.4270 3 1 0 0 0.4160 0 1 0 0.0000 0.9200
8 133.5661 96.3853 4 1 0 0 0.4032 0 1 0 0.0000 0.9200
8 80.3630 107.5832 1 4 0 0 14.7235 0 1 0 0.0000 0.9200
8 70.7232 116.5256 1 4 0 0 0.4209 0 1 0 0.0000 0.9200
8 106.6803 75.3501 3 4 0 0 0.2314 0 1 0 0.0000 0.9200
8 105.4858 142.3728 2 4 0 0 0.1464 0 1 0 0.0000 0.9200
8 116.7106 100.2723 4 4 0 1 0.2053 1 1 0 0.0000 0.9200
8 115.3325 116.7625 2 4 0 0 0.2178 0 1 0 0.0000 0.9200
8 137.3987 90.8951 4 4 0 1 0.0713 1 1 0 0.0000 0.9200
8 75.7972 136.1125 2 4 0 0 0.1604 0 1 0 0.0000 0.9200
8 112.3647 123.1131 2 4 0 0 0.1052 0 1 0 0.0000 0.9200
8 92.9046 122.1020 2 4 0 0 0.1292 0 1 0 0.0000 0.9200
8 104.7563 75.8659 3 4 0 0 0.0740 0 1 0 0.0000 0.9200
8 68.0811 97.2900 1 4 0 0 0.0171 0 1 0 0.0000 0.9200
8 125.8238 82.1636 4 4 0 1 0.1191 1 1 0 0.0000 0.9200
8 108.6715 117.6680 2 4 0 0 0.1123 0 1 0 0.0000 0.9200
8 132.5168 79.3665 4 4 0 1 0.0879 1 1 0 0.0000 0.9200
8 63.4358 97.9667 1 4 0 0 0.0318 0 1 0 0.0000 0.9200
8 106.6255 68.2164 3 4 0 0 0.3102 0 1 0 0.0000 0.9200
8 95.6192 81.2971 3 4 0 0 0.0210 0 1 0 0.0000 0.9200
8 67.7185 92.3521 1 4 0 0 0.3647 0 1 0 0.0000 0.9200
8 109.2990 94.7243 4 4 0 1 0.4759 1 1 0 0.0000 0.9200
8 94.8067 71.0829 3 3 0 1 0.4146 1 1 0 0.0000 0.9200
8 108.8770 124.8040 2 3 0 0 0.3221 0 1 0 0.0000 0.9200
8 113.0291 96.0229 4 3 0 0 0.0673 0 1 0 0.0000 0.9200
8 81.9811 122.2044 2 3 0 0 0.0449 0 1 0 0.0000 0.9200
8 114.5423 65.2524 3 3 0 1 0.0212 1 1 0 0.0000 0.9200
8 139.8791 103.1183 4 3 0 0 0.1101 0 1 0 0.0000 0.9200
8 99.2885 68.1986 3 4 0 0 0.5988 0 1 0 0.0000 0.9200
8 105.3467 81.1106 3 3 0 1 0.2388 1 1 0 0.0000 0.9200
9 96.6394 63.9314 3 1 0 0 2.1703 0 1 0 0.0000 0.9200
9 63.4951 112.7103 1 2 0 0 0.2304 0 1 0 0.0000 0.9200
9 97.8579 128.1863 2 2 0 1 0.0063 1 1 0 0.0000 0.9200
9 102.9579 73.3276 3 2 0 0 0.2251 0 1 0 0.0000 0.9200
9 100.5643 73.9713 3 3 0 1 17.2723 1 1 0 0.0000 0.9200
9 127.1002 108.3619 4 3 0 0 0.1073 0 1 0 0.0000 0.9200
9 136.8027 115.4470 4 3 0 0 0.1341 0 1 0 0.0000 0.9200
9 121.8793 109.9178 4 3 0 0 0.5621 0 1 0 0.0000 0.9200
9 96.4923 64.0008 3 3 0 1 0.1845 1 1 0 0.0000 0.9200
9 64.6998 97.2169 1 3 0 0 3.1083 0 1 0 0.0000 0.9200
9 92.7225 150.3744 2 3 0 0 1.4192 0 1 0 0.0000 0.9200
9 104.4290 118.4309 2 3 0 0 1.9263 0 1 0 0.0000 0.9200
9 133.5203 113.6583 4 3 0 0 0.3355 0 1 0 0.0000 0.9200
9 128.9701 121.7062 4 3 0 0 0.4002 0 1 0 0.0000 0.9200
9 107.2683 82.1691 3 3 0 1 0.6591 1 1 0 0.0000 0.9200
9 136.1951 109.8769 4 3 0 0 0.3154 0 1 0 0.0000 0.9200
9 86.3858 114.7453 1 3 0 0 0.4106 0 1 0 0.0000 0.9200
9 111.8529 106.1376 4 3 0 0 0.6054 0 1 0 0.0000 0.9200
9 114.1970 77.1463 3 3 0 1 0.1810 1 1 0 0.0000 0.9200
9 83.6900 97.7592 1 3 0 0 0.1297 0 1 0 0.0000 0.9200
9 106.7931 73.1952 3 3 0 1 0.1398 1 1 0 0.0000 0.9200
9 97.0720 123.3270 2 3 0 0 4.5975 0 1 0 0.0000 0.9200
9 104.7584 57.8152 3 3 0 1 2.8984 1 1 0 0.0000 0.9200
9 121.7999 103.9522 4 3 0 0 0.3239 0 1 0 0.0000 0.9200
9 98.0211 135.4689 2 3 0 0 0.3728 0 1 0 0.0000 0.9200
9 98.1891 128.3366 2 3 0 0 0.0052 0 1 0 0.0000 0.9200
9 65.2252 109.4380 1 3 0 0 0.3159 0 1 0 0.0000 0.9200
9 131.5554 93.7477 4 3 0 0 0.0907 0 1 0 0.0000 0.9200
9 64.8705 105.0281 1 3 0 0 1.2523 0 1 0 0.0000 0.9200
9 137.0168 95.2159 4 3 0 0 0.1399 0 1 0 0.0000 0.9200
9 84.3613 143.2540 2 3 0 0 0.6779 0 1 0 0.0000 0.9200
9 64.4410 99.6203 1 3 0 0 1.9986 0 1 0 0.0000 0.9200
9 124.1812 129.4869 4 3 0 0 0.0098 0 1 0 0.0000 0.9200
9 63.8999 101.5863 1 3 0 0 0.8978 0 1 0 0.0000 0.9200
9 107.3375 146.0332 2 3 0 0 1.7774 0 1 0 0.0000 0.9200
9 70.5587 113.6624 1 3 0 0 0.4065 0 1 0 0.0000 0.9200
9 94.1668 86.3556 3 3 0 1 0.1044 1 1 0 0.0000 0.9200
9 125.7579 107.7674 4 3 0 0 5.9387 0 1 0 0.0000 0.9200
9 115.6346 88.5311 3 3 0 1 4.5306 1 1 0 0.0000 0.9200
9 123.5913 90.9964 3 3 0 1 0.7192 1 1 0 0.0000 0.9200
9 74.2789 93.9803 1 3 0 0 0.0255 0 1 0 0.0000 0.9200
9 53.1331 82.5922 1 3 0 0 0.0011 0 1 0 0.0000 0.9200
9 93.6008 125.3017 2 3 0 0 0.2795 0 1 0 0.0000 0.9200
9 77.9959 133.3717 2 3 0 0 0.2779 0 1 0 0.0000 0.9200
9 98.0184 84.3762 3 3 0 1 0.3403 1 1 0 0.0000 0.9200
9 99.2808 114.3206 2 3 0 0 0.3250 0 1 0 0.0000 0.9200
9 135.2789 131.4748 4 3 0 0 1.3338 0 1 0 0.0000 0.9200
9 105.2905 110.1930 2 3 0 0 0.4157 0 1 0 0.0000 0.9200
9 96.2220 119.3550 2 3 0 0 0.0011 0 1 0 0.0000 0.9200
9 77.0293 88.6312 1 3 0 0 0.0877 0 1 0 0.0000 0.9200
