1 90.9566 126.3451 2 2 0 1 2.7889 1 1 0 0.0000 0.0000
1 100.6615 138.9520 2 3 0 0 0.2116 0 1 0 0.0000 0.0000
1 97.0720 123.3270 2 2 0 1 0.5758 1 1 0 0.0000 0.0000
1 108.3587 74.9542 3 2 0 0 2.2932 0 1 0 0.0000 0.0000
1 121.0435 119.9764 2 2 0 1 0.3105 1 1 0 0.0000 0.0000
1 107.5018 121.6098 2 2 0 1 1.5577 1 1 0 0.0000 0.0000
1 134.5390 105.2827 4 2 0 0 2.4368 0 1 0 0.0000 0.0000
1 75.2274 96.2135 1 2 0 0 2.1552 0 1 0 0.0000 0.0000
1 77.6529 103.1860 1 2 0 0 0.2661 0 1 0 0.0000 0.0000
1 127.2725 101.2891 4 3 0 0 1.2083 0 1 0 0.0000 0.0000
1 100.1930 132.4558 2 2 0 1 2.4783 1 1 0 0.0000 0.0000
1 95.0873 138.8186 2 3 0 0 1.5407 0 1 0 0.0000 0.0000
1 119.6989 106.1292 4 4 0 1 1.0915 1 1 0 0.0000 0.0000
1 72.5890 103.3064 1 3 0 0 2.5979 0 1 0 0.0000 0.0000
1 78.2750 98.0735 1 1 0 1 1.0394 1 1 0 0.0000 0.0000
1 127.7091 94.5345 4 4 0 1 0.8169 1 1 0 0.0000 0.0000
1 59.3703 85.0339 1 3 0 0 0.3330 0 1 0 0.0000 0.0000
1 105.2428 69.6735 3 4 0 0 0.2848 0 1 0 0.0000 0.0000
1 103.6137 74.1008 3 1 0 0 1.1317 0 1 0 0.0000 0.0000
1 120.7779 94.1121 4 4 0 1 0.5592 1 1 0 0.0000 0.0000
1 111.1747 126.9010 2 3 0 0 0.8689 0 1 0 0.0000 0.0000
1 71.9726 116.2312 1 1 0 1 0.9944 1 1 0 0.0000 0.0000
1 154.9917 97.4097 4 4 0 1 0.8183 1 1 0 0.0000 0.0000
1 99.2885 68.1986 3 3 0 1 0.6716 1 1 0 0.0000 0.0000
1 88.0723 90.5523 3 1 0 0 0.7919 0 1 0 0.0000 0.0000
1 64.6998 97.2169 1 2 0 0 0.9631 0 1 0 0.0000 0.0000
1 110.6129 128.7154 2 3 0 0 0.7551 0 1 0 0.0000 0.0000
1 107.5802 141.2795 2 1 0 0 0.9900 0 1 0 0.0000 0.0000
1 69.4482 106.4665 1 2 0 0 0.8950 0 1 0 0.0000 0.0000
1 77.3297 102.7611 1 4 0 0 0.2374 0 1 0 0.0000 0.0000
1 110.6893 65.7843 3 4 0 0 0.5857 0 1 0 0.0000 0.0000
1 135.3313 94.3023 4 4 0 1 0.6405 1 1 0 0.0000 0.0000
1 112.8350 144.2134 2 1 0 0 0.9201 0 1 0 0.0000 0.0000
1 100.5722 59.0357 3 3 0 1 0.6145 1 1 0 0.0000 0.0000
1 107.7596 101.6084 4 3 0 0 0.7341 0 1 0 0.0000 0.0000
1 133.9920 82.4607 4 4 0 1 3.3511 1 1 0 0.0000 0.0000
1 136.6877 95.0447 4 4 0 1 0.6436 1 1 0 0.0000 0.0000
1 110.2706 135.7376 2 2 0 1 0.8907 1 1 0 0.0000 0.0000
1 123.5941 102.7619 4 2 0 0 1.0011 0 1 0 0.0000 0.0000
1 92.0338 75.2069 3 3 0 1 0.9220 1 1 0 0.0000 0.0000
1 132.4728 91.2742 4 4 0 1 0.8083 1 1 0 0.0000 0.0000
1 83.2440 87.2348 3 3 0 1 1.2195 1 1 0 0.0000 0.0000
1 93.9527 116.2486 2 3 0 0 0.6654 0 1 0 0.0000 0.0000
1 98.6420 67.0848 3 1 0 0 0.6582 0 1 0 0.0000 0.0000
1 63.4817 91.5669 1 2 0 0 0.6982 0 1 0 0.0000 0.0000
1 126.1778 99.7698 4 3 0 0 1.0757 0 1 0 0.0000 0.0000
1 113.6511 134.4659 2 3 0 0 0.7746 0 1 0 0.0000 0.0000
1 110.4242 97.2032 4 1 0 0 0.9457 0 1 0 0.0000 0.0000
1 66.6809 92.0205 1 2 0 0 0.7373 0 1 0 0.0000 0.0000
1 103.5760 77.8437 3 4 0 0 0.5560 0 1 0 0.0000 0.0000
1 70.7232 116.5256 1 2 0 0 0.7536 0 1 0 0.0000 0.0000
1 99.8741 116.0471 2 1 0 0 0.6680 0 1 0 0.0000 0.0000
1 101.5459 83.4905 3 3 0 1 0.3400 1 1 0 0.0000 0.0000
1 104.6776 56.5007 3 4 0 0 0.6272 0 1 0 0.0000 0.0000
1 90.2632 82.8812 3 2 0 0 0.5227 0 1 0 0.0000 0.0000
1 100.2263 73.7651 3 1 0 0 0.6871 0 1 0 0.0000 0.0000
1 131.2149 122.0328 4 4 0 1 0.5531 1 1 0 0.0000 0.0000
1 102.3440 113.0387 2 2 0 1 1.2471 1 1 0 0.0000 0.0000
1 134.8970 112.8241 4 4 0 1 0.9014 1 1 0 0.0000 0.0000
1 88.4604 132.3513 2 1 0 0 0.7238 0 1 0 0.0000 0.0000
1 127.7061 107.1893 4 4 0 1 0.7658 1 1 0 0.0000 0.0000
1 117.2242 127.3864 2 3 0 0 1.6406 0 1 0 0.0000 0.0000
1 74.8396 110.4062 1 1 0 1 0.8905 1 1 0 0.0000 0.0000
1 99.2808 114.3206 2 3 0 0 1.2085 0 1 0 0.0000 0.0000
1 56.5795 97.8917 1 2 0 0 0.6389 0 1 0 0.0000 0.0000
1 73.2713 112.1859 1 2 0 0 0.8377 0 1 0 0.0000 0.0000
1 135.3254 107.9271 4 4 0 1 0.3368 1 1 0 0.0000 0.0000
1 136.0329 94.3559 4 4 0 1 0.4801 1 1 0 0.0000 0.0000
1 91.0872 110.3567 2 1 0 0 1.1388 0 1 0 0.0000 0.0000
1 131.6035 100.0489 4 4 0 1 0.6472 1 1 0 0.0000 0.0000
1 106.9445 67.1810 3 3 0 1 0.9427 1 1 0 0.0000 0.0000
1 122.2716 97.8254 4 3 0 0 0.8139 0 1 0 0.0000 0.0000
1 60.5538 97.4907 1 2 0 0 0.6491 0 1 0 0.0000 0.0000
1 65.5803 106.6743 1 1 0 1 0.3691 1 1 0 0.0000 0.0000
1 142.5410 96.0239 4 4 0 1 0.9933 1 1 0 0.0000 0.0000
1 145.5079 105.0925 4 4 0 1 0.9142 1 1 0 0.0000 0.0000
1 104.8418 64.5808 3 2 0 0 0.7842 0 1 0 0.0000 0.0000
1 95.9064 128.1414 2 3 0 0 0.8598 0 1 0 0.0000 0.0000
1 91.9884 65.8295 3 3 0 1 1.0645 1 1 0 0.0000 0.0000
1 73.6090 100.0768 1 2 0 0 0.7137 0 1 0 0.0000 0.0000
1 113.0652 114.0933 2 4 0 0 0.7068 0 1 0 0.0000 0.0000
1 98.1793 69.0923 3 3 0 1 1.5636 1 1 0 0.0000 0.0000
1 81.1348 85.8898 1 3 0 0 0.7300 0 1 0 0.0000 0.0000
1 84.2333 137.9453 2 2 0 1 0.9328 1 1 0 0.0000 0.0000
1 81.4458 97.6135 1 2 0 0 0.6920 0 1 0 0.0000 0.0000
1 105.2905 110.1930 2 3 0 0 0.8295 0 1 0 0.0000 0.0000
1 108.4486 68.6553 3 3 0 1 0.8415 1 1 0 0.0000 0.0000
1 77.9959 133.3717 2 2 0 1 0.8066 1 1 0 0.0000 0.0000
1 122.0531 99.8556 4 4 0 1 0.4030 1 1 0 0.0000 0.0000
1 110.8904 77.7991 3 3 0 1 1.2526 1 1 0 0.0000 0.0000
1 90.3402 116.8999 1 2 0 0 0.6518 0 1 0 0.0000 0.0000
1 104.7563 75.8659 3 3 0 1 0.9630 1 1 0 0.0000 0.0000
1 63.8100 110.5574 1 1 0 1 1.4425 1 1 0 0.0000 0.0000
1 99.8686 69.5788 3 3 0 1 1.0061 1 1 0 0.0000 0.0000
1 124.7199 97.3623 4 3 0 0 3.2791 0 1 0 0.0000 0.0000
1 64.8705 105.0281 1 1 0 1 1.0017 1 1 0 0.0000 0.0000
1 66.9838 90.4158 1 2 0 0 1.1136 0 1 0 0.0000 0.0000
1 95.9689 62.9362 3 3 0 1 0.8452 1 1 0 0.0000 0.0000
1 111.3216 66.9400 3 3 0 1 0.9852 1 1 0 0.0000 0.0000
1 66.1732 98.4152 1 3 0 0 0.8087 0 1 0 0.0000 0.0000
2 133.6609 106.8919 4 3 0 0 4.4584 0 1 0 0.0000 0.0000
2 123.5913 90.9964 3 3 0 1 0.3294 1 1 0 0.0000 0.0000
2 107.7403 151.8154 2 2 0 1 0.8254 1 1 0 0.0000 0.0000
2 101.9270 124.9169 2 2 0 1 0.6778 1 1 0 0.0000 0.0000
2 105.9102 134.8433 2 2 0 1 0.5910 1 1 0 0.0000 0.0000
2 110.4730 86.6673 3 3 0 1 0.7562 1 1 0 0.0000 0.0000
2 86.3858 114.7453 1 3 0 0 1.7265 0 1 0 0.0000 0.0000
2 106.5160 71.4494 3 3 0 1 0.7542 1 1 0 0.0000 0.0000
2 100.1202 137.3844 2 2 0 1 0.4280 1 1 0 0.0000 0.0000
2 92.9179 131.8423 2 3 0 0 0.9732 0 1 0 0.0000 0.0000
2 137.4330 97.0950 4 3 0 0 0.6040 0 1 0 0.0000 0.0000
2 107.6510 124.9763 2 4 0 0 0.0184 0 1 0 0.0000 0.0000
2 105.9622 87.7261 3 3 0 1 1.4483 1 1 0 0.0000 0.0000
2 63.0102 111.5537 1 1 0 1 1.1559 1 1 0 0.0000 0.0000
2 82.7853 71.5963 3 3 0 1 1.0331 1 1 0 0.0000 0.0000
2 89.6707 66.7162 3 3 0 1 0.8115 1 1 0 0.0000 0.0000
2 123.1753 102.4976 4 2 0 0 2.0066 0 1 0 0.0000 0.0000
2 111.4199 105.7905 4 4 0 1 0.5922 1 1 0 0.0000 0.0000
2 140.2754 107.0743 4 4 0 1 0.5346 1 1 0 0.0000 0.0000
2 92.5239 112.3685 2 2 0 1 0.8905 1 1 0 0.0000 0.0000
2 54.5403 100.5869 1 1 0 1 0.6805 1 1 0 0.0000 0.0000
2 109.0030 126.8378 2 3 0 0 1.1377 0 1 0 0.0000 0.0000
2 103.3468 81.9164 3 3 0 1 0.6625 1 1 0 0.0000 0.0000
2 63.6886 99.3253 1 1 0 1 0.6540 1 1 0 0.0000 0.0000
2 67.7185 92.3521 1 1 0 1 0.5336 1 1 0 0.0000 0.0000
2 123.1581 86.3214 3 3 0 1 0.8108 1 1 0 0.0000 0.0000
2 90.4904 90.7713 1 2 0 0 2.1023 0 1 0 0.0000 0.0000
2 102.0303 55.2700 3 3 0 1 0.9636 1 1 0 0.0000 0.0000
2 88.9110 106.8961 1 2 0 0 1.0599 0 1 0 0.0000 0.0000
2 76.4013 95.2955 1 3 0 0 0.6947 0 1 0 0.0000 0.0000
2 134.4524 99.3927 4 3 0 0 1.7278 0 1 0 0.0000 0.0000
2 105.2155 124.7106 2 2 0 1 0.7879 1 1 0 0.0000 0.0000
2 70.5587 113.6624 1 1 0 1 1.0082 1 1 0 0.0000 0.0000
2 126.4884 92.9181 4 4 0 1 0.3538 1 1 0 0.0000 0.0000
2 95.7718 76.3855 3 1 0 0 0.2742 0 1 0 0.0000 0.0000
2 109.0777 102.4331 4 2 0 0 0.3517 0 1 0 0.0000 0.0000
2 69.8300 103.9540 1 2 0 0 0.6565 0 1 0 0.0000 0.0000
2 116.7455 95.2483 4 3 0 0 0.8400 0 1 0 0.0000 0.0000
2 84.6675 102.7472 1 1 0 1 0.5169 1 1 0 0.0000 0.0000
2 103.9174 117.3660 2 3 0 0 1.3056 0 1 0 0.0000 0.0000
2 104.7658 137.1957 2 2 0 1 0.7057 1 1 0 0.0000 0.0000
2 91.9341 128.1148 2 2 0 1 0.6984 1 1 0 0.0000 0.0000
2 124.0902 118.9130 4 2 0 0 0.3868 0 1 0 0.0000 0.0000
2 143.4742 104.9102 4 4 0 1 0.3707 1 1 0 0.0000 0.0000
2 122.8224 101.7694 4 3 0 0 1.9383 0 1 0 0.0000 0.0000
2 86.6962 51.7089 3 1 0 0 0.6654 0 1 0 0.0000 0.0000
2 116.1249 104.1484 4 2 0 0 0.0491 0 1 0 0.0000 0.0000
2 109.0160 110.1222 4 1 0 0 0.3782 0 1 0 0.0000 0.0000
2 132.7261 92.5790 4 3 0 0 0.0266 0 1 0 0.0000 0.0000
2 111.1212 118.3085 4 4 0 1 0.3858 1 1 0 0.0000 0.0000
2 104.8713 112.1152 2 2 0 1 0.3230 1 1 0 0.0000 0.0000
2 105.0474 72.4231 3 2 0 0 0.4674 0 1 0 0.0000 0.0000
2 127.0373 102.5313 4 4 0 1 0.7440 1 1 0 0.0000 0.0000
2 91.5616 71.1302 3 4 0 0 0.7073 0 1 0 0.0000 0.0000
2 105.6702 73.1600 3 2 0 0 0.3649 0 1 0 0.0000 0.0000
2 53.2597 97.6524 1 1 0 1 0.8296 1 1 0 0.0000 0.0000
2 104.7057 119.4283 2 1 0 0 0.2813 0 1 0 0.0000 0.0000
2 102.0468 85.1780 3 3 0 1 0.7756 1 1 0 0.0000 0.0000
2 106.3317 61.3886 3 3 0 1 0.7868 1 1 0 0.0000 0.0000
2 114.6830 141.2372 2 4 0 0 0.6535 0 1 0 0.0000 0.0000
2 95.0812 129.7580 2 2 0 1 0.9482 1 1 0 0.0000 0.0000
2 84.9137 90.1487 3 3 0 1 0.7883 1 1 0 0.0000 0.0000
2 116.9702 92.0839 4 3 0 0 0.8630 0 1 0 0.0000 0.0000
2 64.3651 104.8376 1 1 0 1 0.9869 1 1 0 0.0000 0.0000
2 109.9944 128.7132 2 2 0 1 0.8586 1 1 0 0.0000 0.0000
2 87.4933 102.6541 1 3 0 0 0.7754 0 1 0 0.0000 0.0000
2 98.2771 121.0598 2 3 0 0 0.6587 0 1 0 0.0000 0.0000
2 74.0738 99.6458 1 2 0 0 1.7869 0 1 0 0.0000 0.0000
2 94.3007 69.4132 3 1 0 0 0.1273 0 1 0 0.0000 0.0000
2 94.9933 68.5995 3 4 0 0 2.0888 0 1 0 0.0000 0.0000
2 118.4548 107.2515 4 4 0 1 0.0064 1 1 0 0.0000 0.0000
2 108.9143 79.3603 3 4 0 0 0.0624 0 1 0 0.0000 0.0000
2 140.9303 83.2723 4 3 0 0 0.9989 0 1 0 0.0000 0.0000
2 83.6900 97.7592 1 3 0 0 0.5836 0 1 0 0.0000 0.0000
2 71.8123 78.3524 1 2 0 0 0.0624 0 1 0 0.0000 0.0000
2 111.5165 115.1448 2 1 0 0 0.0896 0 1 0 0.0000 0.0000
2 91.6651 129.7944 2 1 0 0 0.4879 0 1 0 0.0000 0.0000
2 102.1550 55.7520 3 4 0 0 0.8595 0 1 0 0.0000 0.0000
2 115.6346 88.5311 3 2 0 0 0.2327 0 1 0 0.0000 0.0000
2 95.6356 122.0070 2 3 0 0 1.0943 0 1 0 0.0000 0.0000
2 57.9441 87.1006 1 4 0 0 0.2662 0 1 0 0.0000 0.0000
2 49.0672 104.1744 1 3 0 0 1.6894 0 1 0 0.0000 0.0000
2 95.3532 130.8562 2 2 0 1 0.8442 1 1 0 0.0000 0.0000
2 80.0327 125.0308 2 2 0 1 0.1866 1 1 0 0.0000 0.0000
2 108.8770 124.8040 2 3 0 0 0.7941 0 1 0 0.0000 0.0000
2 75.2236 88.3775 1 3 0 0 0.9660 0 1 0 0.0000 0.0000
2 140.3759 105.7105 4 3 0 0 1.2240 0 1 0 0.0000 0.0000
2 95.5026 80.5391 3 4 0 0 7.1669 0 1 0 0.0000 0.0000
2 137.3987 90.8951 4 4 0 1 0.5584 1 1 0 0.0000 0.0000
2 135.8998 87.2633 4 3 0 0 0.7552 0 1 0 0.0000 0.0000
2 94.5523 61.3336 3 3 0 1 0.5888 1 1 0 0.0000 0.0000
2 79.9510 141.1002 2 2 0 1 0.7695 1 1 0 0.0000 0.0000
2 121.8181 81.1996 4 2 0 0 0.5706 0 1 0 0.0000 0.0000
2 74.1195 99.1445 1 3 0 0 1.0714 0 1 0 0.0000 0.0000
2 69.1136 108.5233 1 2 0 0 1.2018 0 1 0 0.0000 0.0000
2 71.1015 89.3096 1 3 0 0 0.4558 0 1 0 0.0000 0.0000
2 150.6347 101.2032 4 4 0 1 0.5529 1 1 0 0.0000 0.0000
2 63.6398 102.4741 1 2 0 0 5.7750 0 1 0 0.0000 0.0000
2 85.1726 84.3353 1 2 0 0 0.4740 0 1 0 0.0000 0.0000
2 94.8067 71.0829 3 4 0 0 0.2217 0 1 0 0.0000 0.0000
3 75.8624 81.3255 1 2 0 0 1.3225 0 1 0 0.0000 0.0000
3 139.6484 97.5681 4 4 0 1 0.7207 1 1 0 0.0000 0.0000
3 99.7772 123.8030 2 4 0 0 0.5224 0 1 0 0.0000 0.0000
3 123.0373 92.7710 4 3 0 0 0.6707 0 1 0 0.0000 0.0000
3 108.7611 66.5369 3 2 0 0 0.2775 0 1 0 0.0000 0.0000
3 82.0931 84.7054 1 3 0 0 0.4995 0 1 0 0.0000 0.0000
3 136.3717 93.2697 4 4 0 1 0.5670 1 1 0 0.0000 0.0000
3 58.2609 103.3889 1 1 0 1 3.9641 1 1 0 0.0000 0.0000
3 109.8880 115.3438 2 1 0 0 0.6801 0 1 0 0.0000 0.0000
3 96.2220 119.3550 2 4 0 0 2.5305 0 1 0 0.0000 0.0000
3 65.5740 101.7929 1 1 0 1 0.5869 1 1 0 0.0000 0.0000
3 106.6803 75.3501 3 3 0 1 0.6409 1 1 0 0.0000 0.0000
3 74.2690 85.7949 1 2 0 0 0.6005 0 1 0 0.0000 0.0000
3 116.2361 104.3239 4 4 0 1 0.3992 1 1 0 0.0000 0.0000
3 114.0655 154.3119 2 3 0 0 0.7200 0 1 0 0.0000 0.0000
3 122.1071 98.6297 4 3 0 0 0.8896 0 1 0 0.0000 0.0000
3 103.7936 74.4077 3 2 0 0 0.5360 0 1 0 0.0000 0.0000
3 107.8802 133.4480 2 2 0 1 1.2116 1 1 0 0.0000 0.0000
3 85.6290 129.7241 2 2 0 1 0.6083 1 1 0 0.0000 0.0000
3 107.3234 140.2796 2 3 0 0 0.5195 0 1 0 0.0000 0.0000
3 85.6570 87.3307 1 2 0 0 0.5731 0 1 0 0.0000 0.0000
3 82.4519 94.3090 1 3 0 0 1.1070 0 1 0 0.0000 0.0000
3 92.5878 154.2830 2 2 0 1 0.6790 1 1 0 0.0000 0.0000
3 92.9462 88.1557 3 3 0 1 0.9282 1 1 0 0.0000 0.0000
3 93.0298 127.9223 2 2 0 1 0.5910 1 1 0 0.0000 0.0000
3 116.9842 121.0366 4 3 0 0 1.0457 0 1 0 0.0000 0.0000
3 108.9303 81.9381 4 3 0 0 0.8889 0 1 0 0.0000 0.0000
3 89.9558 64.8627 3 3 0 1 1.3509 1 1 0 0.0000 0.0000
3 95.5324 124.7046 2 2 0 1 0.3048 1 1 0 0.0000 0.0000
3 55.9682 101.5119 1 3 0 0 0.5284 0 1 0 0.0000 0.0000
3 98.9164 142.1705 2 4 0 0 0.0688 0 1 0 0.0000 0.0000
3 87.6377 87.8999 1 4 0 0 0.0140 0 1 0 0.0000 0.0000
3 139.5657 102.7081 4 3 0 0 0.2140 0 1 0 0.0000 0.0000
3 119.8556 94.2118 4 2 0 0 0.0187 0 1 0 0.0000 0.0000
3 95.4788 69.3943 3 2 0 0 0.2675 0 1 0 0.0000 0.0000
3 116.0171 54.0204 3 4 0 0 0.1071 0 1 0 0.0000 0.0000
3 70.9591 107.6042 1 3 0 0 0.1975 0 1 0 0.0000 0.0000
3 126.1796 107.6207 4 1 0 0 0.3223 0 1 0 0.0000 0.0000
3 136.6421 100.5962 4 4 0 1 0.3374 1 1 0 0.0000 0.0000
3 89.8963 132.1882 2 3 0 0 0.5778 0 1 0 0.0000 0.0000
3 90.7274 115.0446 2 3 0 0 0.5038 0 1 0 0.0000 0.0000
3 94.4080 49.6970 3 4 0 0 0.1878 0 1 0 0.0000 0.0000
3 105.4858 142.3728 2 2 0 1 0.6637 1 1 0 0.0000 0.0000
3 93.0651 64.7039 3 3 0 1 0.6081 1 1 0 0.0000 0.0000
3 81.9811 122.2044 2 2 0 1 0.5026 1 1 0 0.0000 0.0000
3 69.5087 113.4943 1 3 0 0 0.6822 0 1 0 0.0000 0.0000
3 107.4892 144.6437 2 2 0 1 0.8022 1 1 0 0.0000 0.0000
3 65.4832 111.9926 1 3 0 0 1.2620 0 1 0 0.0000 0.0000
3 79.3083 92.6669 1 3 0 0 0.8864 0 1 0 0.0000 0.0000
3 123.3151 82.9203 3 2 0 0 0.6599 0 1 0 0.0000 0.0000
3 118.3561 111.6363 4 3 0 0 0.6084 0 1 0 4.1225 0.0000
3 104.3017 71.1701 3 2 0 0 4.1327 0 1 1 9.7213 0.5000
3 116.9347 101.9188 4 3 0 0 2.7859 0 1 0 9.4772 0.3333
3 129.2137 95.3005 4 2 0 0 2.8233 0 1 0 6.3300 0.2500
3 131.7155 99.7142 4 3 0 0 3.5795 0 1 0 19.2028 0.2000
3 98.4734 67.9758 3 2 0 0 2.2710 0 1 1 4.6296 0.3333
3 111.7934 125.1150 2 3 0 0 1.3077 0 1 0 1.0333 0.2857
3 101.6947 71.4132 3 3 0 1 0.4497 1 1 1 1.5930 0.3750
3 71.8706 91.0002 1 3 0 0 0.0961 0 1 1 0.2542 0.4444
3 95.0387 77.2566 3 2 0 0 0.0196 0 1 1 1.1680 0.5000
3 94.2845 48.6109 3 4 0 0 1.3248 0 1 0 2.0908 0.4545
3 93.9370 62.4624 3 3 0 1 0.7191 1 1 1 0.7656 0.5000
3 132.9668 97.6630 4 1 0 0 0.9599 0 1 1 0.1816 0.5385
3 87.9524 84.3511 1 2 0 0 0.7767 0 1 1 0.1539 0.5714
3 92.5923 132.0602 2 2 0 1 0.5886 1 1 1 0.4230 0.6000
3 104.7419 95.8541 4 3 0 0 0.2727 0 1 0 0.0522 0.5625
3 108.6715 117.6680 2 3 0 0 0.1646 0 1 0 0.9804 0.5294
3 68.4902 100.3769 1 1 0 1 1.1170 1 1 0 0.6773 0.5000
3 67.0555 109.5032 1 1 0 1 1.4777 1 1 1 1.1272 0.5263
3 102.2557 91.8934 3 2 0 0 6.6586 0 1 1 0.6813 0.5500
3 68.8092 92.9212 1 2 0 0 0.0891 0 1 1 1.4948 0.5714
3 77.9282 100.4959 1 1 0 1 1.8047 1 1 1 1.6862 0.5909
3 129.2816 110.8507 4 2 0 0 0.3045 0 1 0 0.1666 0.5652
3 64.7926 86.6726 1 3 0 0 0.1381 0 1 0 3.4988 0.5417
3 86.8404 95.0285 3 4 0 0 0.5002 0 1 0 0.6876 0.5200
3 126.1289 115.0799 4 2 0 0 0.3992 0 1 1 0.1813 0.5385
3 133.3841 95.1198 4 2 0 0 2.3924 0 1 0 12.0962 0.5185
3 76.2416 107.6445 1 2 0 0 2.6925 0 1 1 2.5327 0.5357
3 114.5423 65.2524 3 2 0 0 2.9646 0 1 1 0.3318 0.5517
3 98.2208 65.4573 3 2 0 0 0.0666 0 1 0 1.2789 0.5333
3 111.2919 71.9448 3 1 0 0 0.8785 0 1 1 1.3751 0.5484
3 94.4599 89.8636 3 2 0 0 2.3999 0 1 1 15.1765 0.5625
3 88.7273 138.5179 2 2 0 1 1.5155 1 1 1 0.7807 0.5758
3 71.6742 104.6640 1 1 0 1 0.9265 1 1 1 0.4497 0.5882
3 63.8999 101.5863 1 1 0 1 2.4429 1 1 0 1.5417 0.5714
3 79.9215 80.1434 1 2 0 0 0.5065 0 1 1 0.7553 0.5833
3 119.2084 107.1740 4 2 0 0 1.7171 0 1 0 2.7489 0.5676
3 109.4239 76.8451 3 2 0 0 0.1782 0 1 1 0.1464 0.5789
3 103.3680 147.2061 2 2 0 1 0.5168 1 1 0 0.4463 0.5641
3 108.8308 89.4585 3 2 0 0 0.6956 0 1 1 0.1015 0.5750
3 123.5975 102.7674 4 2 0 0 1.3347 0 1 0 0.8362 0.5610
3 118.2760 134.3861 2 1 0 0 5.4800 0 1 1 2.6074 0.5714
3 71.1379 121.6782 1 1 0 1 3.4560 1 1 1 1.2838 0.5814
3 148.4004 105.7397 4 1 0 0 1.2507 0 1 1 3.0388 0.5909
3 120.1177 97.7777 4 3 0 0 1.6112 0 1 1 1.4232 0.6000
3 129.6642 100.7962 4 4 0 1 3.4095 1 1 0 2.4838 0.5870
3 101.0772 80.8251 3 2 0 0 1.0592 0 1 1 0.1211 0.5957
3 107.1687 132.0388 2 2 0 1 2.6030 1 1 1 2.6010 0.6042
3 95.0595 146.4255 2 2 0 1 0.7934 1 1 1 0.2966 0.6122
3 103.0292 121.9929 2 2 0 1 0.3501 1 1 1 0.1621 0.6200
4 98.5304 129.2492 2 2 4 1 2.4711 0 0 0 5.9997 0.6078
4 91.8422 58.5898 3 2 4 0 5.7039 0 0 1 0.2295 0.6154
4 99.0352 89.4037 3 2 4 0 1.0021 0 0 0 0.2560 0.6038
4 67.3771 101.2090 1 2 2 0 1.2047 1 0 1 2.4629 0.6111
4 136.6960 85.7850 4 1 1 0 0.5406 1 0 1 3.0129 0.6182
4 85.8959 100.2280 1 2 2 0 1.9836 1 0 0 7.7256 0.6071
4 69.6821 91.3549 1 4 3 0 0.2579 0 0 0 1.1560 0.5965
4 82.9756 154.2510 2 3 3 0 0.0960 1 0 0 6.0613 0.5862
4 58.3788 84.3613 1 3 2 0 0.0073 0 0 0 0.2262 0.5763
4 132.5168 79.3665 4 3 3 0 2.6461 1 0 0 6.6136 0.5667
4 91.8763 91.1651 1 3 4 0 0.6208 0 0 1 1.7995 0.5738
4 147.2658 83.1370 4 3 4 0 0.9166 0 0 0 1.2392 0.5645
4 135.8160 105.1594 4 2 3 0 3.1893 0 0 1 4.3708 0.5714
4 87.7432 121.7098 2 1 3 0 2.5126 0 0 1 0.6037 0.5781
4 100.3058 142.8041 2 2 4 1 2.7609 0 0 1 0.1382 0.5846
4 98.0184 84.3762 3 2 1 0 0.4758 0 0 1 0.2105 0.5909
4 107.7221 122.8525 2 1 4 0 1.0945 0 0 0 1.6608 0.5821
4 63.8414 99.9808 1 2 1 0 0.3087 0 0 1 1.1596 0.5882
4 72.1357 96.4958 1 2 2 0 0.2756 1 0 0 2.4415 0.5797
4 90.9880 115.6455 2 1 2 0 0.4383 0 0 1 0.6375 0.5857
4 97.6390 74.1439 3 1 1 0 1.7404 1 0 1 0.3874 0.5915
4 95.8491 76.6500 3 2 1 0 0.2187 0 0 0 0.2355 0.5833
4 68.5902 111.2368 1 1 2 1 9.1355 0 0 0 1.8133 0.5753
4 122.1147 103.2817 4 1 1 0 0.0986 1 0 0 0.2713 0.5676
4 109.2990 94.7243 4 2 3 0 2.0839 0 0 0 5.1294 0.5600
4 73.1696 85.1931 1 2 2 0 0.6512 1 0 0 0.7623 0.5526
4 99.5780 137.4124 2 2 3 1 2.4767 0 0 0 0.2323 0.5455
4 89.6134 63.6083 3 1 1 0 0.2524 1 0 0 0.8146 0.5385
4 97.8579 128.1863 2 2 3 1 0.4501 0 0 0 2.7457 0.5316
4 101.7032 60.1956 3 1 3 0 0.6058 0 0 0 0.4737 0.5250
4 119.6669 98.9626 4 1 3 0 0.7234 0 0 0 0.0981 0.5185
4 105.5005 79.1120 3 2 2 0 0.4189 1 0 0 0.7464 0.5122
4 90.7772 75.4578 3 1 4 0 0.0285 0 0 0 0.0724 0.5060
4 88.9518 121.9229 2 1 4 0 0.7768 0 0 1 0.6000 0.5119
4 104.9284 74.3248 3 3 4 1 2.4213 0 0 0 0.3180 0.5059
4 93.3553 104.9840 1 4 1 0 0.1168 0 0 1 1.2338 0.5116
4 146.6449 104.1139 4 2 3 0 0.7991 0 0 0 0.6551 0.5057
4 77.5306 86.0670 1 2 3 0 0.0616 0 0 0 0.1868 0.5000
4 128.0954 100.7774 4 2 1 0 0.9581 0 0 1 0.0022 0.5056
4 97.7604 139.6673 2 2 3 1 0.7206 0 0 1 0.4465 0.5111
4 69.0852 87.0812 1 2 3 0 0.2810 0 0 0 0.2674 0.5055
4 111.8529 106.1376 4 2 4 0 0.0811 0 0 1 0.7501 0.5109
4 100.4068 124.7725 2 1 2 0 0.1109 0 0 0 1.7430 0.5054
4 100.2872 72.8516 3 2 2 0 0.1241 1 0 1 0.8435 0.5106
4 101.4158 66.0176 3 2 2 0 0.8000 1 0 1 0.0164 0.5158
4 79.5622 79.5091 3 3 1 1 2.4639 0 0 0 0.2499 0.5104
4 113.0986 110.6975 2 4 2 0 3.0376 0 0 1 0.3595 0.5155
4 138.1050 78.6352 4 2 4 0 0.0787 0 0 1 0.5725 0.5204
4 104.7584 57.8152 3 2 2 0 2.9533 1 0 1 2.2722 0.5253
4 117.5010 78.0190 3 2 4 0 0.3293 0 0 0 0.6853 0.5200
4 128.3816 97.9748 4 1 4 0 0.2536 0 0 1 0.6561 0.5248
4 104.5539 75.9852 3 2 2 0 0.1925 1 0 1 1.4245 0.5294
4 97.3481 129.1895 2 4 2 0 0.3236 0 0 1 0.4389 0.5340
4 98.0313 85.9155 3 2 3 0 1.6023 0 0 0 2.7581 0.5288
4 102.9168 122.0853 2 2 4 1 0.8435 0 0 1 0.4598 0.5333
4 69.6587 95.3935 1 2 4 0 0.3095 0 0 0 2.1042 0.5283
4 132.6607 101.5893 4 1 1 0 0.1398 1 0 0 2.1556 0.5234
4 142.5256 91.5844 4 1 4 0 0.2097 0 0 0 2.0995 0.5185
4 101.8316 65.4209 3 2 2 0 1.0316 1 0 0 0.7808 0.5138
4 117.8498 104.5631 4 1 2 0 1.2152 0 0 0 1.9323 0.5091
4 91.5153 109.5289 2 2 4 1 0.0927 0 0 1 0.7945 0.5135
4 77.0563 105.1720 1 2 1 0 0.2527 0 0 0 0.5580 0.5089
4 81.9795 108.6904 1 3 4 0 1.9135 0 0 0 0.2767 0.5044
4 112.2636 78.2404 3 1 1 0 0.3779 1 0 0 0.3351 0.5000
4 108.8706 89.0201 4 2 1 0 13.9737 0 0 1 2.1840 0.5043
4 140.1412 112.9269 4 4 4 1 0.2705 1 0 1 0.0805 0.5086
4 56.6860 103.5982 1 3 2 0 0.8341 0 0 1 0.9788 0.5128
4 129.2654 80.7698 4 2 3 0 0.6664 0 0 0 0.0720 0.5085
4 62.6681 107.7355 1 1 4 1 0.3283 0 0 1 0.6850 0.5126
4 149.8503 85.6629 4 2 4 0 0.4291 0 0 0 1.2198 0.5083
4 96.4990 80.8376 3 4 2 0 0.3366 0 0 1 0.3242 0.5124
4 111.7206 105.1756 4 4 1 1 0.0429 0 0 0 0.1510 0.5082
4 137.3462 113.9915 4 1 4 0 6.9687 0 0 0 6.5346 0.5041
4 100.4483 55.0481 3 1 4 0 0.2208 0 0 0 4.7295 0.5000
4 105.3469 62.1127 3 1 3 0 1.5500 0 0 0 0.3085 0.4960
4 110.0177 129.0274 2 1 2 0 2.0750 0 0 0 1.7559 0.4921
4 74.1213 97.4802 1 4 4 0 0.3436 1 0 1 0.7635 0.4961
4 104.0930 67.8945 3 3 3 1 0.2854 1 0 1 1.1679 0.5000
4 73.9319 114.8849 1 4 3 0 0.0930 0 0 1 4.3536 0.5039
4 144.1202 106.3873 4 3 1 0 2.3999 0 0 0 4.9522 0.5000
4 69.7773 107.5104 1 3 2 0 0.1888 0 0 0 1.8363 0.4962
4 122.0819 84.6832 4 1 1 0 0.2658 1 0 0 15.2909 0.4924
4 101.3003 118.2468 2 1 4 0 0.0657 0 0 1 0.6398 0.4962
4 106.0402 131.1355 2 1 4 0 0.4621 0 0 1 8.0321 0.5000
4 56.4131 94.2644 1 1 3 1 0.4253 0 0 1 0.5669 0.5037
4 77.5743 106.8028 1 1 1 1 1.1731 1 0 0 8.8873 0.5000
4 62.3993 88.2892 1 1 1 1 1.6574 1 0 1 0.4595 0.5036
4 111.8528 115.5680 2 1 1 0 2.9177 1 0 1 0.6162 0.5072
4 108.1576 121.1709 2 1 4 0 0.2628 0 0 1 6.7362 0.5108
4 72.0866 111.0079 1 1 1 1 0.4769 1 0 0 1.5208 0.5071
4 125.4987 91.7156 4 3 3 0 12.2453 1 0 1 4.5545 0.5106
4 92.6224 121.3498 2 1 4 0 0.2211 0 0 1 0.8610 0.5141
4 99.0396 118.4244 2 1 1 0 0.1294 1 0 0 0.4494 0.5105
4 88.6969 141.3633 2 1 3 0 0.2377 0 0 0 8.3297 0.5069
4 93.8110 81.9111 3 3 2 1 0.6698 0 0 0 3.8663 0.5034
4 96.4913 75.5477 3 1 4 0 1.0268 0 0 1 1.4010 0.5068
4 131.3731 96.3049 4 3 1 0 1.4989 0 0 0 1.3895 0.5034
4 79.8248 110.0313 1 2 2 0 0.9435 1 0 1 1.3154 0.5068
4 110.7191 120.0225 2 4 4 0 0.4206 1 0 1 1.7429 0.5101
4 112.3647 123.1131 2 2 1 1 0.1235 0 0 0 0.2673 0.5067
5 105.3632 117.7025 2 2 1 1 4.1918 0 0 1 0.9519 0.5099
5 88.1528 75.4018 3 2 4 0 0.8781 0 0 0 0.9450 0.5066
5 89.3754 80.2530 3 1 1 0 0.3287 1 0 0 0.4927 0.5033
5 135.1553 91.0800 4 2 1 0 2.9201 0 0 1 1.3254 0.5065
5 106.9555 129.7324 2 3 2 0 0.0610 0 0 1 1.6258 0.5097
5 81.3311 81.8530 1 4 4 0 0.1621 1 0 0 0.8485 0.5064
5 104.4290 118.4309 2 4 2 0 0.5192 0 0 1 2.9640 0.5096
5 76.3090 94.5660 1 3 3 0 0.3189 1 0 0 0.6912 0.5063
5 70.1847 112.6640 1 3 2 0 0.6755 0 0 1 0.5116 0.5094
5 71.0004 111.1560 1 4 3 0 2.2510 0 0 1 0.6718 0.5125
5 60.9801 93.5680 1 4 2 0 0.0327 0 0 1 3.3729 0.5155
5 130.4596 86.2393 4 4 2 1 1.2497 0 0 0 0.4129 0.5123
5 80.5136 110.9438 1 4 3 0 1.2660 0 0 1 3.5500 0.5153
5 106.3064 69.9625 3 3 1 1 1.1280 0 0 1 1.4400 0.5183
5 79.3883 101.9495 1 1 4 1 0.0680 0 0 1 0.3812 0.5212
5 88.9286 109.5578 2 1 4 0 0.0220 0 0 1 0.1308 0.5241
5 97.3704 74.7911 3 2 2 0 0.2220 1 0 0 0.5274 0.5210
5 120.9845 109.6560 4 1 3 0 0.5398 0 0 0 0.2455 0.5179
5 52.2791 89.7587 1 1 4 1 0.4422 0 0 1 1.8122 0.5207
5 87.3270 119.1106 2 1 2 0 0.6098 0 0 1 0.0200 0.5235
5 85.7585 122.9180 2 2 3 1 1.0914 0 0 1 1.3632 0.5263
5 123.7680 91.1913 4 1 2 0 0.7257 0 0 1 2.1729 0.5291
5 127.8129 85.9738 4 2 4 0 0.4041 0 0 0 0.2805 0.5260
5 113.0291 96.0229 4 1 3 0 0.2556 0 0 1 1.2465 0.5287
5 127.5829 95.3633 4 3 4 0 0.6519 0 0 1 0.7928 0.5314
5 93.6683 67.5234 3 4 3 0 1.2603 0 0 1 1.3699 0.5341
5 115.8688 77.2415 3 4 4 0 4.0192 1 0 0 0.6638 0.5311
5 81.7898 111.5385 2 3 3 0 0.4461 1 0 1 0.1026 0.5337
5 100.7278 116.5772 2 4 2 0 4.7183 0 0 1 4.5943 0.5363
5 77.8577 103.2591 1 3 1 0 0.7173 0 0 1 1.7704 0.5389
5 87.1385 149.7429 2 4 1 0 2.9347 0 0 0 0.3500 0.5359
5 118.5892 107.7876 2 3 1 0 0.4827 0 0 1 1.0190 0.5385
5 75.6848 119.7178 1 3 1 0 0.6133 0 0 0 8.2231 0.5355
5 98.0211 135.4689 2 4 2 0 0.8017 0 0 0 0.8353 0.5326
5 93.1776 65.4764 3 3 1 1 0.0242 0 0 0 0.2126 0.5297
5 110.7196 116.0871 2 3 2 0 0.1861 0 0 0 0.8752 0.5269
5 76.8107 106.3702 1 1 4 1 0.0160 0 0 1 9.0671 0.5294
5 95.9106 133.0822 2 1 4 0 1.0102 0 0 0 6.3108 0.5266
5 74.1058 102.7346 1 1 2 1 0.0399 0 0 1 1.4502 0.5291
5 95.1936 94.8259 3 2 4 0 0.4873 0 0 0 0.5107 0.5263
5 96.5532 70.7419 3 1 3 0 0.2825 0 0 0 0.6677 0.5236
5 103.8987 52.9844 3 2 4 0 0.3802 0 0 1 0.6078 0.5260
5 131.8167 93.1313 4 1 2 0 0.4976 0 0 0 0.8668 0.5233
5 104.9786 107.9879 2 1 3 0 2.5851 0 0 0 0.4914 0.5206
5 94.5580 127.3204 2 2 1 1 0.9204 0 0 0 4.0591 0.5179
5 129.0227 91.0200 4 1 1 0 1.3312 1 0 1 1.5477 0.5204
5 136.1853 96.6623 4 4 1 1 0.4843 0 0 0 0.3954 0.5178
5 63.4951 112.7103 1 2 1 0 0.1666 0 0 0 4.4701 0.5152
5 136.7401 101.5012 4 1 1 0 0.4881 1 0 1 1.2007 0.5176
5 124.2482 90.8835 4 2 1 0 0.4621 0 0 0 18.3726 0.5150
5 105.4727 122.0417 2 2 2 1 3.0139 1 0 0 0.0000 0.5150
5 95.8447 83.3202 3 1 4 0 3.6425 0 0 0 0.0000 0.5150
5 93.6008 125.3017 2 1 1 0 0.6386 1 0 0 0.0000 0.5150
5 72.5069 95.0757 1 2 3 0 0.4544 0 0 0 0.0000 0.5150
5 125.4167 88.3572 4 3 1 0 0.7290 0 0 0 0.0000 0.5150
5 71.1848 108.2609 1 4 4 0 0.5949 1 0 0 0.0000 0.5150
5 71.7453 107.3721 1 3 4 0 0.5387 0 0 0 0.0000 0.5150
5 74.4528 101.6761 1 3 3 0 0.3518 1 0 0 0.0000 0.5150
5 110.4685 121.2093 2 4 2 0 0.2890 0 0 0 0.0000 0.5150
5 103.6479 80.3249 3 4 3 0 1.0550 0 0 0 0.0000 0.5150
5 117.0446 134.5159 2 4 4 0 0.0013 1 0 0 0.0000 0.5150
5 77.5715 109.9897 1 4 3 0 2.4416 0 0 0 0.0000 0.5150
5 106.8019 73.1424 3 4 2 0 0.4008 0 0 0 0.0000 0.5150
5 110.4528 128.4331 2 4 3 0 3.6978 0 0 0 0.0000 0.5150
5 51.4384 108.5347 1 3 3 0 0.1517 1 0 0 0.0000 0.5150
5 54.7262 102.9481 1 4 2 0 0.0672 0 0 0 0.0000 0.5150
5 129.5553 104.7185 4 4 2 1 0.4610 0 0 0 0.0000 0.5150
5 103.4128 73.7752 3 4 3 0 2.7523 0 0 0 0.0000 0.5150
5 113.7865 95.2948 3 4 2 0 1.4542 0 0 0 0.0000 0.5150
5 98.4903 82.6266 3 3 4 1 0.7011 0 0 0 0.0000 0.5150
5 103.5842 78.5183 3 4 1 0 0.9510 0 0 0 0.0000 0.5150
5 73.3303 105.7902 1 4 1 0 2.5049 0 0 0 0.0000 0.5150
5 114.1970 77.1463 3 4 4 0 3.3289 1 0 0 0.0000 0.5150
5 113.3941 91.5610 4 4 3 1 4.2225 0 0 0 0.0000 0.5150
5 80.0384 101.4079 1 3 1 0 0.2581 0 0 0 0.0000 0.5150
5 104.3078 130.6184 2 4 1 0 0.4001 0 0 0 0.0000 0.5150
5 88.9087 58.4290 3 4 1 0 0.5608 0 0 0 0.0000 0.5150
5 125.0165 87.0374 4 3 1 0 0.3288 0 0 0 0.0000 0.5150
5 78.4511 105.1860 1 3 1 0 1.7208 0 0 0 0.0000 0.5150
5 101.5544 85.0108 3 4 4 0 0.1560 1 0 0 0.0000 0.5150
5 76.5329 94.4930 1 3 4 0 1.9124 0 0 0 0.0000 0.5150
5 133.6424 103.4671 4 4 4 1 0.9766 1 0 0 0.0000 0.5150
5 114.0260 71.2138 3 3 1 1 0.1623 0 0 0 0.0000 0.5150
5 124.5032 78.1772 4 1 3 0 0.4139 0 0 0 0.0000 0.5150
5 93.2724 118.2552 2 1 2 0 0.0471 0 0 0 0.0000 0.5150
5 94.5770 65.3457 3 2 2 0 0.6549 1 0 0 0.0000 0.5150
5 127.9187 108.3813 4 1 1 0 0.7606 1 0 0 0.0000 0.5150
5 143.8585 102.7132 4 3 4 0 4.5032 0 0 0 0.0000 0.5150
5 105.3527 58.0847 3 4 3 0 0.0017 0 0 0 0.0000 0.5150
5 121.8793 109.9178 4 4 3 1 0.2824 0 0 0 0.0000 0.5150
5 146.5705 88.5627 4 3 1 0 0.2325 0 0 0 0.0000 0.5150
5 126.2479 93.8255 4 2 4 0 4.3879 0 0 0 0.0000 0.5150
5 88.5755 154.7110 2 2 3 1 0.8288 0 0 0 0.0000 0.5150
5 92.9690 69.1337 3 1 4 0 1.2723 0 0 0 0.0000 0.5150
5 104.2406 138.9003 2 2 1 1 2.5222 0 0 0 0.0000 0.5150
5 95.9898 78.3730 3 2 3 0 1.6151 0 0 0 0.0000 0.5150
5 126.7152 117.4950 4 2 3 0 2.7774 0 0 0 0.0000 0.5150
5 99.8924 122.9074 2 2 2 1 0.9931 1 0 0 0.0000 0.5150
5 80.0097 106.6956 1 2 3 0 1.6313 0 0 0 0.0000 0.5150
5 136.6643 105.0332 4 1 4 0 0.0565 0 0 0 0.0000 0.5150
6 66.1666 70.6993 1 1 4 1 4.0425 0 0 0 0.0000 0.5150
6 96.6668 66.6565 3 1 4 0 1.1955 0 0 0 0.0000 0.5150
6 90.6607 114.7931 2 2 4 1 0.6255 0 0 0 0.0000 0.5150
6 84.3613 143.2540 2 2 2 1 0.2826 1 0 0 0.0000 0.5150
6 112.4084 118.7632 4 2 4 0 0.0738 0 0 0 0.0000 0.5150
6 131.5554 93.7477 4 2 3 0 0.8518 0 0 0 0.0000 0.5150
6 96.0948 76.7071 3 1 4 0 0.6900 0 0 0 0.0000 0.5150
6 105.6745 113.8609 2 2 4 1 0.0617 0 0 0 0.0000 0.5150
6 94.1701 78.6328 3 2 1 0 1.2397 0 0 0 0.0000 0.5150
6 143.6517 112.9284 4 2 4 0 0.9259 0 0 0 0.0000 0.5150
6 63.4358 97.9667 1 2 4 0 0.9411 0 0 0 0.0000 0.5150
6 119.7651 117.6533 2 2 3 1 0.4471 0 0 0 0.0000 0.5150
6 94.9039 108.7768 2 1 1 0 2.2427 1 0 0 0.0000 0.5150
6 107.6564 76.9826 3 1 3 0 5.5529 0 0 0 0.0000 0.5150
6 66.8812 103.1281 1 1 2 1 4.1049 0 0 0 0.0000 0.5150
6 75.7972 136.1125 2 2 3 1 1.9622 0 0 0 0.0000 0.5150
6 83.5518 92.8667 1 2 3 0 0.1958 0 0 0 0.0000 0.5150
6 57.3956 106.8825 1 3 3 0 0.4193 1 0 0 0.0000 0.5150
6 112.8966 126.8406 2 4 4 0 1.4953 1 0 0 0.0000 0.5150
6 97.5037 109.7229 2 3 1 0 1.5268 0 0 0 0.0000 0.5150
6 74.2789 93.9803 1 4 1 0 1.2716 0 0 0 0.0000 0.5150
6 108.7283 146.0765 2 4 2 0 6.2393 0 0 0 0.0000 0.5150
6 113.3018 55.9921 3 4 1 0 0.6154 0 0 0 0.0000 0.5150
6 101.5083 136.7463 2 3 2 0 0.4643 0 0 0 0.0000 0.5150
6 90.2395 128.2253 2 3 3 0 1.8447 1 0 0 0.0000 0.5150
6 103.4926 123.8252 2 2 2 1 1.9955 1 0 0 0.0000 0.5150
6 100.6883 64.5680 3 3 2 1 0.2463 0 0 0 0.0000 0.5150
6 53.1331 82.5922 1 3 4 0 0.1343 0 0 0 0.0000 0.5150
6 89.2490 78.6219 3 4 2 0 0.0178 0 0 0 0.0000 0.5150
6 129.4118 107.4261 4 3 3 0 0.0742 1 0 0 0.0000 0.5150
6 64.4410 99.6203 1 2 2 0 0.5334 1 0 0 0.0000 0.5150
6 70.9801 97.4984 1 2 2 0 0.1065 1 0 0 0.0000 0.5150
6 131.4001 98.8049 4 4 1 1 0.4702 0 0 0 0.0000 0.5150
6 75.5032 120.2016 1 3 3 0 0.3480 1 0 0 0.0000 0.5150
6 134.6237 92.0509 4 2 1 0 0.9100 0 0 0 0.0000 0.5150
6 75.9152 124.9741 1 2 3 0 4.6535 0 0 0 0.0000 0.5150
6 79.8961 81.1035 3 2 4 0 3.1343 0 0 0 0.0000 0.5150
6 72.5930 121.4012 1 2 3 0 4.4398 0 0 0 0.0000 0.5150
6 98.2988 66.6219 3 2 1 0 2.5626 0 0 0 0.0000 0.5150
6 106.8346 93.8795 4 2 4 0 1.2306 0 0 0 0.0000 0.5150
6 96.2624 137.6255 2 2 2 1 0.0230 1 0 0 0.0000 0.5150
6 71.3646 100.4742 1 2 1 0 2.4961 0 0 0 0.0000 0.5150
6 121.1033 94.5771 4 2 4 0 2.5369 0 0 0 0.0000 0.5150
6 103.0445 133.7577 2 2 3 1 3.8904 0 0 0 0.0000 0.5150
6 115.4950 102.4642 4 2 2 0 0.4792 1 0 0 0.0000 0.5150
6 87.6885 64.6841 3 2 3 0 2.3884 0 0 0 0.0000 0.5150
6 136.5479 103.7805 4 2 2 0 1.5468 1 0 0 0.0000 0.5150
6 102.6554 124.9706 2 3 3 0 0.3468 1 0 0 0.0000 0.5150
6 93.3909 63.3240 3 2 4 0 0.0924 0 0 0 0.0000 0.5150
6 150.1976 102.3980 4 1 1 0 2.0875 1 0 0 0.0000 0.5150
6 126.8054 79.3947 4 2 3 0 2.3390 0 0 0 0.0000 0.5150
6 80.5237 83.7751 3 1 1 0 1.4850 1 0 0 0.0000 0.5150
6 87.3606 68.2106 3 1 3 0 0.3954 0 0 0 0.0000 0.5150
6 76.1655 80.2105 1 3 2 0 0.1255 0 0 0 0.0000 0.5150
6 82.2037 101.0427 1 1 1 1 0.2853 1 0 0 0.0000 0.5150
6 143.6140 95.9601 4 3 3 0 8.5941 1 0 0 0.0000 0.5150
6 149.0769 86.5169 4 1 2 0 0.3136 0 0 0 0.0000 0.5150
6 101.9112 68.7101 3 1 1 0 0.1703 1 0 0 0.0000 0.5150
6 136.6758 89.3931 4 1 1 0 0.2515 1 0 0 0.0000 0.5150
6 137.7972 100.4247 4 1 2 0 0.1211 0 0 0 0.0000 0.5150
6 96.8514 93.5220 1 3 1 0 0.2912 0 0 0 0.0000 0.5150
6 90.9210 64.4163 3 2 1 0 0.3899 0 0 0 0.0000 0.5150
6 105.8389 59.3266 3 2 1 0 0.4070 0 0 0 0.0000 0.5150
6 101.8314 70.9860 3 1 1 0 0.3451 1 0 0 0.0000 0.5150
6 129.3278 121.8224 4 1 3 0 0.0090 0 0 0 0.0000 0.5150
6 68.9197 110.3770 1 3 4 0 0.4979 0 0 0 0.0000 0.5150
6 98.9094 143.2802 2 2 1 1 0.4634 0 0 0 0.0000 0.5150
6 114.5281 61.5265 3 2 3 0 0.4357 0 0 0 0.0000 0.5150
6 100.2814 82.6420 3 3 3 1 1.0789 1 0 0 0.0000 0.5150
6 135.4754 103.0953 4 1 1 0 0.4769 1 0 0 0.0000 0.5150
6 136.2692 109.1555 4 1 3 0 0.7301 0 0 0 0.0000 0.5150
6 64.1784 95.8536 1 1 3 1 0.1268 0 0 0 0.0000 0.5150
6 101.5874 128.6738 2 2 3 1 0.0416 0 0 0 0.0000 0.5150
6 106.2040 62.1277 3 2 4 0 0.0652 0 0 0 0.0000 0.5150
6 113.2000 100.1867 4 2 2 0 3.2447 1 0 0 0.0000 0.5150
6 109.1853 138.0732 2 3 3 0 0.0871 1 0 0 0.0000 0.5150
6 96.0057 70.3104 3 3 1 1 0.0323 0 0 0 0.0000 0.5150
6 65.6660 89.5178 1 3 4 0 1.7999 0 0 0 0.0000 0.5150
6 124.8673 94.9131 4 2 1 0 2.6050 0 0 0 0.0000 0.5150
6 93.4160 96.6826 1 1 3 1 0.7106 0 0 0 0.0000 0.5150
6 107.2509 127.7588 2 2 4 1 0.4982 0 0 0 0.0000 0.5150
6 106.6255 68.2164 3 1 4 0 0.1981 0 0 0 0.0000 0.5150
6 94.1610 140.3225 2 2 2 1 1.0729 1 0 0 0.0000 0.5150
6 126.2764 83.8192 4 2 4 0 2.2213 0 0 0 0.0000 0.5150
6 83.0973 99.6898 1 2 1 0 2.3344 0 0 0 0.0000 0.5150
6 111.1157 67.1623 3 3 1 1 0.1508 0 0 0 0.0000 0.5150
6 121.2142 99.1859 4 4 3 1 0.0984 0 0 0 0.0000 0.5150
6 102.5889 83.5736 3 1 2 0 1.6923 0 0 0 0.0000 0.5150
6 101.1719 119.2859 2 2 2 1 1.0011 1 0 0 0.0000 0.5150
6 84.0640 104.1338 1 2 2 0 0.1391 1 0 0 0.0000 0.5150
6 99.3557 122.9250 2 1 3 0 0.3594 0 0 0 0.0000 0.5150
6 92.9046 122.1020 2 1 1 0 0.6479 1 0 0 0.0000 0.5150
6 82.9178 60.6965 3 1 2 0 2.5478 0 0 0 0.0000 0.5150
6 106.5451 94.5860 4 1 2 0 3.1989 0 0 0 0.0000 0.5150
6 59.6690 94.7477 1 3 2 0 0.3777 0 0 0 0.0000 0.5150
6 83.5111 127.4984 2 1 1 0 0.7149 1 0 0 0.0000 0.5150
6 77.0428 103.0216 1 1 2 1 0.1705 0 0 0 0.0000 0.5150
6 102.1490 115.6918 4 1 3 0 0.0417 0 0 0 0.0000 0.5150
6 64.4745 77.5333 1 1 2 1 0.6233 0 0 0 0.0000 0.5150
6 104.8673 128.2429 2 1 3 0 0.8237 0 0 0 0.0000 0.5150
7 100.6753 135.6078 2 1 1 0 1.8503 1 0 0 0.0000 0.5150
7 67.4598 105.3197 1 2 2 0 0.6951 1 0 0 0.0000 0.5150
7 110.5923 67.3542 3 1 3 0 1.1699 0 0 0 0.0000 0.5150
7 66.3930 108.7872 1 1 4 1 1.2882 0 0 0 0.0000 0.5150
7 70.0570 97.8239 1 4 4 0 0.6741 1 0 0 0.0000 0.5150
7 94.9339 58.1167 3 4 1 0 1.9794 0 0 0 0.0000 0.5150
7 101.7707 60.4127 3 4 4 0 1.4613 1 0 0 0.0000 0.5150
7 103.8039 134.0234 2 4 1 0 3.0347 0 0 0 0.0000 0.5150
7 100.4535 75.4099 3 4 4 0 4.1795 1 0 0 0.0000 0.5150
7 131.9209 123.1288 4 3 1 0 0.1828 0 0 0 0.0000 0.5150
7 81.3666 54.0435 3 4 2 0 0.2375 0 0 0 0.0000 0.5150
7 95.8101 77.8261 3 3 4 1 10.2999 0 0 0 0.0000 0.5150
7 121.4979 110.0468 4 4 2 1 0.6034 0 0 0 0.0000 0.5150
7 140.8232 100.9438 4 3 2 0 11.9853 0 0 0 0.0000 0.5150
7 109.5893 66.1443 3 3 3 1 7.0514 1 0 0 0.0000 0.5150
7 78.0881 134.8433 2 3 1 0 3.0323 0 0 0 0.0000 0.5150
7 39.4733 74.9602 1 3 4 0 16.4300 0 0 0 0.0000 0.5150
7 88.5654 90.1056 1 1 2 1 0.2350 0 0 0 0.0000 0.5150
7 89.2050 134.1374 2 2 2 1 0.7445 1 0 0 0.0000 0.5150
7 77.2926 99.9871 1 1 2 1 0.1174 0 0 0 0.0000 0.5150
7 133.5203 113.6583 4 2 3 0 0.1433 0 0 0 0.0000 0.5150
7 73.5563 72.2028 3 1 1 0 0.3319 1 0 0 0.0000 0.5150
7 85.2607 84.4604 1 2 3 0 0.2537 0 0 0 0.0000 0.5150
7 114.9372 130.4124 2 1 3 0 1.9364 0 0 0 0.0000 0.5150
7 109.2279 139.7944 2 2 4 1 0.0036 0 0 0 0.0000 0.5150
7 67.6983 96.7664 1 2 4 0 1.1464 0 0 0 0.0000 0.5150
7 119.9412 80.9812 3 2 2 0 1.0100 1 0 0 0.0000 0.5150
7 112.0955 90.0869 4 2 2 0 1.3475 1 0 0 0.0000 0.5150
7 107.4212 77.5781 3 1 3 0 0.5807 0 0 0 0.0000 0.5150
7 74.4056 94.8732 1 1 2 1 9.1308 0 0 0 0.0000 0.5150
7 137.0833 98.5415 4 2 2 0 3.8421 1 0 0 0.0000 0.5150
7 113.1897 81.5377 4 2 1 0 6.6035 0 0 0 0.0000 0.5150
7 79.8331 109.3147 1 2 3 0 1.6440 0 0 0 0.0000 0.5150
7 91.9709 124.1509 2 1 1 0 0.0312 1 0 0 0.0000 0.5150
7 79.9131 104.8711 1 2 1 0 3.6876 0 0 0 0.0000 0.5150
7 138.1587 109.2010 4 3 3 0 0.1260 1 0 0 0.0000 0.5150
7 103.5026 142.9016 2 3 4 0 0.4404 0 0 0 0.0000 0.5150
7 98.5767 125.9519 2 3 1 0 2.6674 0 0 0 0.0000 0.5150
7 102.7899 116.4195 2 3 1 0 0.1359 0 0 0 0.0000 0.5150
7 64.0133 119.6554 1 3 4 0 1.0111 0 0 0 0.0000 0.5150
7 120.2365 105.3651 4 3 4 0 5.5086 0 0 0 0.0000 0.5150
7 98.0288 118.9963 2 4 2 0 1.0501 0 0 0 0.0000 0.5150
7 91.7822 124.1051 2 4 2 0 0.3185 0 0 0 0.0000 0.5150
7 98.1891 128.3366 2 4 1 0 0.3501 0 0 0 0.0000 0.5150
7 97.8026 130.4800 2 3 1 0 1.3105 0 0 0 0.0000 0.5150
7 84.3642 77.5642 3 3 1 1 3.7991 0 0 0 0.0000 0.5150
7 105.3467 81.1106 3 4 2 0 3.5046 0 0 0 0.0000 0.5150
7 93.3562 125.6489 2 4 1 0 0.1775 0 0 0 0.0000 0.5150
7 92.0560 65.2067 3 3 4 1 2.0935 0 0 0 0.0000 0.5150
7 124.4760 113.3694 4 4 2 1 0.0591 0 0 0 0.0000 0.5150
7 91.6975 118.6216 2 3 4 0 0.2291 0 0 0 0.0000 0.5150
7 97.0638 60.2841 3 3 4 1 1.1714 0 0 0 0.0000 0.5150
7 101.9040 83.9635 3 4 2 0 0.0094 0 0 0 0.0000 0.5150
7 131.2836 106.8547 4 3 4 0 0.8498 0 0 0 0.0000 0.5150
7 136.8027 115.4470 4 3 3 0 5.0236 1 0 0 0.0000 0.5150
7 106.3990 126.8403 2 3 4 0 3.5279 0 0 0 0.0000 0.5150
7 139.8791 103.1183 4 3 3 0 5.0502 1 0 0 0.0000 0.5150
7 76.1449 86.4680 1 3 3 0 1.9075 1 0 0 0.0000 0.5150
7 115.3325 116.7625 2 3 3 0 1.5172 1 0 0 0.0000 0.5150
7 116.6119 107.6445 4 3 3 0 0.2839 1 0 0 0.0000 0.5150
7 78.0756 96.2654 1 4 2 0 0.0585 0 0 0 0.0000 0.5150
7 113.9239 134.0780 2 3 1 0 0.0191 0 0 0 0.0000 0.5150
7 106.4592 68.8722 3 1 2 0 0.2664 0 0 0 0.0000 0.5150
7 71.0679 87.6457 1 1 3 1 0.0086 0 0 0 0.0000 0.5150
7 103.7433 91.3476 4 2 1 0 0.1767 0 0 0 0.0000 0.5150
7 99.1364 69.9712 3 2 3 0 0.4131 0 0 0 0.0000 0.5150
7 120.2600 88.8269 4 1 2 0 0.4003 0 0 0 0.0000 0.5150
7 116.8400 79.5157 3 2 4 0 2.7846 0 0 0 0.0000 0.5150
7 100.1946 133.4809 2 2 1 1 1.3125 0 0 0 0.0000 0.5150
7 103.7841 117.2437 2 1 2 0 1.2568 0 0 0 0.0000 0.5150
7 133.9500 86.6055 4 2 2 0 2.0404 1 0 0 0.0000 0.5150
7 68.7974 98.9162 1 2 1 0 0.5169 0 0 0 0.0000 0.5150
7 107.7046 80.5418 3 2 4 0 0.2980 0 0 0 0.0000 0.5150
7 65.2718 109.8442 1 2 4 0 1.8960 0 0 0 0.0000 0.5150
7 128.9701 121.7062 4 1 3 0 0.1928 0 0 0 0.0000 0.5150
7 118.3336 94.6428 4 2 3 0 1.1815 0 0 0 0.0000 0.5150
7 103.0627 66.6268 3 1 3 0 0.4675 0 0 0 0.0000 0.5150
7 77.0293 88.6312 1 3 3 0 1.3674 1 0 0 0.0000 0.5150
7 130.1129 92.5924 4 4 3 1 0.2422 0 0 0 0.0000 0.5150
7 62.8468 102.1042 1 4 1 0 1.0558 0 0 0 0.0000 0.5150
7 65.2252 109.4380 1 4 4 0 1.4605 1 0 0 0.0000 0.5150
7 133.2758 109.7255 4 3 2 0 4.4816 0 0 0 0.0000 0.5150
7 107.9754 122.2757 2 4 4 0 0.9417 1 0 0 0.0000 0.5150
7 108.5905 150.0014 2 4 2 0 1.2937 0 0 0 0.0000 0.5150
7 141.1648 118.9442 4 4 4 1 1.2872 1 0 0 0.0000 0.5150
7 65.7857 99.0509 1 4 2 0 2.6715 0 0 0 0.0000 0.5150
7 98.4089 50.5345 3 4 1 0 0.2992 0 0 0 0.0000 0.5150
7 73.6712 95.8782 1 4 2 0 0.1859 0 0 0 0.0000 0.5150
7 122.5304 84.5825 4 4 1 1 0.1339 0 0 0 0.0000 0.5150
7 116.7106 100.2723 4 4 2 1 0.0491 0 0 0 0.0000 0.5150
7 103.2945 76.8177 3 3 2 1 0.0419 0 0 0 0.0000 0.5150
7 76.5790 100.0855 1 3 3 0 1.2667 1 0 0 0.0000 0.5150
7 99.2218 84.4636 3 3 2 1 1.4026 0 0 0 0.0000 0.5150
7 64.8654 97.4523 1 3 3 0 0.4386 1 0 0 0.0000 0.5150
7 103.4156 75.8864 3 2 4 0 1.0490 0 0 0 0.0000 0.5150
7 108.8790 128.9527 2 2 2 1 2.3477 1 0 0 0.0000 0.5150
7 96.1304 74.5303 3 2 2 0 0.2713 1 0 0 0.0000 0.5150
7 55.6794 110.5232 1 2 3 0 0.6057 0 0 0 0.0000 0.5150
7 107.7094 136.7320 2 2 4 1 0.4701 0 0 0 0.0000 0.5150
7 131.9336 115.7457 4 2 3 0 0.1220 0 0 0 0.0000 0.5150
8 94.1668 86.3556 3 2 0 0 2.3625 0 1 0 0.0000 0.5150
8 106.9334 125.3360 2 2 0 1 1.0629 1 1 0 0.0000 0.5150
8 94.8941 72.0194 3 2 0 0 0.1857 0 1 0 0.0000 0.5150
8 105.5620 113.2681 2 2 0 1 1.1098 1 1 0 0.0000 0.5150
8 61.8078 120.1106 1 2 0 0 0.4104 0 1 0 0.0000 0.5150
8 75.9614 119.5233 1 3 0 0 0.5089 0 1 0 0.0000 0.5150
8 137.0168 95.2159 4 3 0 0 1.6647 0 1 0 0.0000 0.5150
8 58.3275 73.3529 1 3 0 0 1.2511 0 1 0 0.0000 0.5150
8 86.1985 132.7623 2 3 0 0 1.6911 0 1 0 0.0000 0.5150
8 80.4441 103.3211 1 3 0 0 2.5582 0 1 0 0.0000 0.5150
8 116.6820 143.1406 2 3 0 0 0.3906 0 1 0 0.0000 0.5150
8 125.3602 108.8345 4 4 0 1 0.0402 1 1 0 0.0000 0.5150
8 122.1670 87.2851 4 4 0 1 0.3037 1 1 0 0.0000 0.5150
8 138.7935 110.5281 4 3 0 0 1.2462 0 1 0 0.0000 0.5150
8 99.2293 138.8234 2 3 0 0 0.4221 0 1 0 0.0000 0.5150
8 124.5032 100.2541 4 3 0 0 0.1218 0 1 0 0.0000 0.5150
8 65.8822 90.4625 1 4 0 0 1.0769 0 1 0 0.0000 0.5150
8 104.8871 113.3817 2 3 0 0 0.8229 0 1 0 0.0000 0.5150
8 135.9208 94.1744 4 3 0 0 1.2192 0 1 0 0.0000 0.5150
8 71.1468 98.6645 1 3 0 0 5.9130 0 1 0 0.0000 0.5150
8 87.7027 99.6187 1 4 0 0 0.9687 0 1 0 0.0000 0.5150
8 130.3035 108.1081 4 3 0 0 1.4492 0 1 0 0.0000 0.5150
8 69.9645 86.5683 1 3 0 0 1.7827 0 1 0 0.0000 0.5150
8 64.7903 77.3709 1 3 0 0 0.7960 0 1 0 0.0000 0.5150
8 86.0869 61.6301 3 3 0 1 20.3909 1 1 0 0.0000 0.5150
8 105.3690 62.3515 3 3 0 1 0.2653 1 1 0 0.0000 0.5150
8 88.1573 69.8247 3 4 0 0 0.1832 0 1 0 0.0000 0.5150
8 121.9180 85.3120 4 1 0 0 0.2595 0 1 0 0.0000 0.5150
8 100.5643 73.9713 3 2 0 0 0.4328 0 1 0 0.0000 0.5150
8 78.1628 109.6438 1 2 0 0 0.0999 0 1 0 0.0000 0.5150
8 133.3195 99.7161 4 2 0 0 11.8219 0 1 0 0.0000 0.5150
8 112.9909 56.6666 3 2 0 0 0.1170 0 1 0 0.0000 0.5150
8 117.3649 99.6703 4 2 0 0 0.4485 0 1 0 0.0000 0.5150
8 109.4130 86.6045 3 3 0 1 0.3238 1 1 0 0.0000 0.5150
8 104.5617 56.6949 3 3 0 1 0.5154 1 1 0 0.0000 0.5150
8 107.4919 124.2660 2 2 0 1 0.7289 1 1 0 0.0000 0.5150
8 83.8468 132.1807 2 1 0 0 0.5637 0 1 0 0.0000 0.5150
8 125.8238 82.1636 4 4 0 1 0.3124 1 1 0 0.0000 0.5150
8 134.6526 106.7230 4 4 0 1 0.9360 1 1 0 0.0000 0.5150
8 96.6394 63.9314 3 2 0 0 0.9993 0 1 0 0.0000 0.5150
8 102.9579 73.3276 3 3 0 1 0.4252 1 1 0 0.0000 0.5150
8 92.8701 115.4010 2 2 0 1 0.6192 1 1 0 0.0000 0.5150
8 96.1417 70.8354 3 3 0 1 0.7227 1 1 0 0.0000 0.5150
8 86.3785 114.4504 1 2 0 0 0.5253 0 1 0 0.0000 0.5150
8 80.6127 64.8003 3 3 0 1 0.6101 1 1 0 0.0000 0.5150
8 98.8722 73.9907 3 3 0 1 0.6647 1 1 0 0.0000 0.5150
8 123.6157 140.5805 2 4 0 0 0.9443 0 1 0 0.0000 0.5150
8 96.9975 144.9041 2 3 0 0 0.7835 0 1 0 0.0000 0.5150
8 116.4688 89.7162 4 3 0 0 0.6028 0 1 0 0.0000 0.5150
8 124.6191 98.2480 4 4 0 1 0.6414 1 1 0 0.0000 0.5150
8 116.8181 91.3350 3 3 0 1 0.6005 1 1 0 0.0000 0.5150
8 79.5867 92.3888 1 1 0 1 0.6706 1 1 0 0.0000 0.5150
8 103.3426 114.0996 2 2 0 1 0.5665 1 1 0 0.0000 0.5150
8 96.1414 112.7962 2 4 0 0 0.5413 0 1 0 0.0000 0.5150
8 107.2683 82.1691 3 3 0 1 0.5941 1 1 0 0.0000 0.5150
8 140.5597 95.9058 4 4 0 1 0.5037 1 1 0 0.0000 0.5150
8 96.4548 124.9745 2 3 0 0 0.8268 0 1 0 0.0000 0.5150
8 97.2248 74.9069 3 2 0 0 0.2952 0 1 0 0.0000 0.5150
8 104.9014 118.6219 2 1 0 0 0.3100 0 1 0 0.0000 0.5150
8 125.7579 107.7674 4 3 0 0 0.3560 0 1 0 0.0000 0.5150
8 80.3229 104.6976 1 4 0 0 0.0201 0 1 0 0.0000 0.5150
8 90.9195 50.3999 3 3 0 1 0.0432 1 1 0 0.0000 0.5150
8 94.3484 71.3368 3 4 0 0 4.8026 0 1 0 0.0000 0.5150
8 103.3200 134.0606 2 3 0 0 1.9094 0 1 0 0.0000 0.5150
8 95.7107 96.6214 1 3 0 0 0.2698 0 1 0 0.0000 0.5150
8 91.3367 66.3946 3 3 0 1 14.5544 1 1 0 0.0000 0.5150
8 63.2691 104.2814 1 4 0 0 0.4868 0 1 0 0.0000 0.5150
8 73.7486 110.4400 1 4 0 0 0.4903 0 1 0 0.0000 0.5150
8 94.4389 74.6188 3 3 0 1 1.9487 1 1 0 0.0000 0.5150
8 42.7977 98.7857 1 3 0 0 1.6539 0 1 0 0.0000 0.5150
8 127.3768 98.4144 4 3 0 0 7.3352 0 1 0 0.0000 0.5150
8 74.0931 102.4500 1 3 0 0 0.2182 0 1 0 0.0000 0.5150
8 80.1447 103.8121 1 3 0 0 0.3754 0 1 0 0.0000 0.5150
8 100.9880 121.5908 2 3 0 0 0.9990 0 1 0 0.0000 0.5150
8 132.9935 87.5063 4 4 0 1 0.3114 1 1 0 0.0000 0.5150
8 70.8464 89.2329 1 3 0 0 0.0709 0 1 0 0.0000 0.5150
8 87.5448 133.7851 2 3 0 0 4.7199 0 1 0 0.0000 0.5150
8 125.0520 99.4714 4 3 0 0 0.3681 0 1 0 0.0000 0.5150
8 101.3815 73.0170 3 3 0 1 0.0965 1 1 0 0.0000 0.5150
8 101.4667 116.3394 2 3 0 0 0.1540 0 1 0 0.0000 0.5150
8 61.1240 86.3064 1 3 0 0 0.4368 0 1 0 0.0000 0.5150
8 97.4285 121.9249 2 3 0 0 2.1347 0 1 0 0.0000 0.5150
8 109.8450 73.7830 3 3 0 1 1.4611 1 1 0 0.0000 0.5150
8 114.8966 101.9000 4 3 0 0 0.3055 0 1 0 0.0000 0.5150
8 67.2599 96.2754 1 3 0 0 3.6322 0 1 0 0.0000 0.5150
8 115.0339 82.6380 3 3 0 1 7.5399 1 1 0 0.0000 0.5150
8 101.7649 128.0355 2 3 0 0 4.0448 0 1 0 0.0000 0.5150
8 66.9476 106.2204 1 4 0 0 0.6676 0 1 0 0.0000 0.5150
8 94.4813 130.1834 2 1 0 0 0.5473 0 1 0 0.0000 0.5150
8 124.1812 129.4869 4 1 0 0 1.7680 0 1 0 0.0000 0.5150
8 90.4349 136.3736 2 2 0 1 2.7655 1 1 0 0.0000 0.5150
8 61.9010 110.7270 1 1 0 1 3.5501 1 1 0 0.0000 0.5150
8 124.4834 113.4982 4 2 0 0 0.4811 0 1 0 0.0000 0.5150
8 100.2864 72.4270 3 1 0 0 2.0998 0 1 0 0.0000 0.5150
8 70.7976 95.5266 1 2 0 0 0.3863 0 1 0 0.0000 0.5150
8 125.3780 93.6617 4 2 0 0 0.2290 0 1 0 0.0000 0.5150
8 94.7207 105.7847 2 3 0 0 6.9939 0 1 0 0.0000 0.5150
8 113.7347 110.0741 4 4 0 1 0.3318 1 1 0 0.0000 0.5150
8 94.8763 128.9719 2 4 0 0 0.0613 0 1 0 0.0000 0.5150
8 133.6930 86.1741 4 4 0 1 2.1176 1 1 0 0.0000 0.5150
9 99.8400 81.4098 3 2 0 0 1.2265 0 1 0 0.0000 0.5150
9 102.1152 59.2238 3 2 0 0 0.7106 0 1 0 0.0000 0.5150
9 106.7931 73.1952 3 2 0 0 1.0558 0 1 0 0.0000 0.5150
9 96.4923 64.0008 3 2 0 0 1.0102 0 1 0 0.0000 0.5150
9 109.2525 147.8820 2 1 0 0 0.2922 0 1 0 0.0000 0.5150
9 132.9753 98.2457 4 1 0 0 0.6257 0 1 0 0.0000 0.5150
9 81.7712 111.1103 1 1 0 1 2.7276 1 1 0 0.0000 0.5150
9 138.9301 102.8864 4 1 0 0 0.0360 0 1 0 0.0000 0.5150
9 90.9948 70.2116 3 1 0 0 0.7161 0 1 0 0.0000 0.5150
9 102.5619 50.8807 3 1 0 0 1.6280 0 1 0 0.0000 0.5150
9 101.1555 128.3788 2 2 0 1 0.2220 1 1 0 0.0000 0.5150
9 64.0041 91.5645 1 3 0 0 3.6279 0 1 0 0.0000 0.5150
9 114.2944 103.6657 4 1 0 0 0.5932 0 1 0 0.0000 0.5150
9 97.3913 130.7559 2 3 0 0 0.7595 0 1 0 0.0000 0.5150
9 69.8536 99.2167 1 1 0 1 4.8721 1 1 0 0.0000 0.5150
9 100.2628 126.5816 2 2 0 1 0.1554 1 1 0 0.0000 0.5150
9 84.6467 111.4268 1 3 0 0 0.0234 0 1 0 0.0000 0.5150
9 91.9586 81.3687 3 1 0 0 2.0793 0 1 0 0.0000 0.5150
9 94.9160 127.7004 2 1 0 0 0.3469 0 1 0 0.0000 0.5150
9 121.7999 103.9522 4 3 0 0 0.4341 0 1 0 0.0000 0.5150
9 67.5129 120.7204 1 3 0 0 0.7409 0 1 0 0.0000 0.5150
9 138.9077 109.0262 4 2 0 0 0.0324 0 1 0 0.0000 0.5150
9 82.7276 60.7880 3 2 0 0 0.4714 0 1 0 0.0000 0.5150
9 65.6183 91.4331 1 3 0 0 0.0276 0 1 0 0.0000 0.5150
9 90.7604 118.0055 2 2 0 1 0.7244 1 1 0 0.0000 0.5150
9 87.3135 64.0285 3 2 0 0 0.5736 0 1 0 0.0000 0.5150
9 90.5905 64.5018 1 3 0 0 0.9168 0 1 0 0.0000 0.5150
9 110.0655 62.6440 3 1 0 0 1.0311 0 1 0 0.0000 0.5150
9 58.4333 101.9441 1 1 0 1 2.1038 1 1 0 0.0000 0.5150
9 98.2451 120.4918 2 2 0 1 0.7098 1 1 0 0.0000 0.5150
9 78.1565 106.1586 1 2 0 0 0.0814 0 1 0 0.0000 0.5150
9 90.7955 75.5635 3 3 0 1 0.2750 1 1 0 0.0000 0.5150
9 127.5453 108.7529 4 2 0 0 6.1615 0 1 0 0.0000 0.5150
9 78.2270 104.3290 1 3 0 0 0.6153 0 1 0 0.0000 0.5150
9 133.5661 96.3853 4 3 0 0 1.5500 0 1 0 0.0000 0.5150
9 101.9013 52.5659 3 3 0 1 2.8156 1 1 0 0.0000 0.5150
9 129.6425 91.9746 4 3 0 0 3.4242 0 1 0 0.0000 0.5150
9 124.8026 92.4396 4 3 0 0 4.4774 0 1 0 0.0000 0.5150
9 86.9869 137.7303 2 3 0 0 1.3375 0 1 0 0.0000 0.5150
9 68.0811 97.2900 1 2 0 0 0.1002 0 1 0 0.0000 0.5150
9 107.8462 71.1292 3 1 0 0 0.1738 0 1 0 0.0000 0.5150
9 124.0074 108.1929 4 3 0 0 0.3938 0 1 0 0.0000 0.5150
9 80.3630 107.5832 1 3 0 0 0.9718 0 1 0 0.0000 0.5150
9 91.6309 131.5931 2 3 0 0 2.4601 0 1 0 0.0000 0.5150
9 122.3346 91.6734 4 4 0 1 2.4988 1 1 0 0.0000 0.5150
9 103.5668 102.0057 2 4 0 0 2.7944 0 1 0 0.0000 0.5150
9 107.3375 146.0332 2 4 0 0 0.3937 0 1 0 0.0000 0.5150
9 88.8389 138.9016 2 3 0 0 0.4112 0 1 0 0.0000 0.5150
9 79.1953 108.8968 1 4 0 0 1.8385 0 1 0 0.0000 0.5150
9 84.9633 129.4892 2 4 0 0 1.6043 0 1 0 0.0000 0.5150
