1 107.4894 67.7759 3 2 0 0 4.3239 0 1 0 0.0000 0.0000
1 113.1897 81.5377 4 1 0 0 2.6060 0 1 0 0.0000 0.0000
1 137.0804 110.1187 4 1 0 0 1.5141 0 1 0 0.0000 0.0000
1 82.2037 101.0427 1 3 0 0 4.0413 0 1 0 0.0000 0.0000
1 74.1058 102.7346 1 4 0 0 2.2653 0 1 0 0.0000 0.0000
1 101.5459 83.4905 3 4 0 0 1.0841 0 1 0 0.0000 0.0000
1 98.9164 142.1705 2 1 0 0 1.0088 0 1 0 0.0000 0.0000
1 131.3731 96.3049 4 2 0 0 0.6109 0 1 0 0.0000 0.0000
1 88.8389 138.9016 2 3 0 0 0.5372 0 1 0 0.0000 0.0000
1 103.8039 134.0234 2 2 0 1 0.7668 1 1 0 0.0000 0.0000
1 116.6119 107.6445 4 2 0 0 1.2730 0 1 0 0.0000 0.0000
1 101.8316 65.4209 3 2 0 0 0.5616 0 1 0 0.0000 0.0000
1 98.4734 67.9758 3 1 0 0 0.5351 0 1 0 0.0000 0.0000
1 75.2274 96.2135 1 4 0 0 0.9092 0 1 0 0.0000 0.0000
1 131.4001 98.8049 4 3 0 0 0.8802 0 1 0 0.0000 0.0000
1 94.8067 71.0829 3 3 0 1 0.9439 1 1 0 0.0000 0.0000
1 107.9136 64.3814 3 3 0 1 1.7429 1 1 0 0.0000 0.0000
1 125.3602 108.8345 4 1 0 0 1.1854 0 1 0 0.0000 0.0000
1 64.4410 99.6203 1 3 0 0 1.7679 0 1 0 0.0000 0.0000
1 105.6745 113.8609 2 1 0 0 0.7325 0 1 0 0.0000 0.0000
1 110.5923 67.3542 3 3 0 1 1.4157 1 1 0 0.0000 0.0000
1 98.0162 72.5907 3 4 0 0 1.3957 0 1 0 0.0000 0.0000
1 69.6587 95.3935 1 2 0 0 0.7337 0 1 0 0.0000 0.0000
1 74.1213 97.4802 1 3 0 0 0.7904 0 1 0 0.0000 0.0000
1 76.4013 95.2955 1 1 0 1 0.8500 1 1 0 0.0000 0.0000
1 132.9668 97.6630 4 1 0 0 1.5683 0 1 0 0.0000 0.0000
1 105.5005 79.1120 3 2 0 0 1.4898 0 1 0 0.0000 0.0000
1 98.5767 125.9519 2 2 0 1 0.9124 1 1 0 0.0000 0.0000
1 106.8346 93.8795 4 2 0 0 0.7347 0 1 0 0.0000 0.0000
1 105.2428 69.6735 3 3 0 1 1.0328 1 1 0 0.0000 0.0000
1 75.2236 88.3775 1 1 0 1 1.2266 1 1 0 0.0000 0.0000
1 116.7455 95.2483 4 2 0 0 0.8501 0 1 0 0.0000 0.0000
1 96.4913 75.5477 3 1 0 0 2.7032 0 1 0 0.0000 0.0000
1 91.5153 109.5289 2 2 0 1 0.6217 1 1 0 0.0000 0.0000
1 100.1930 132.4558 2 2 0 1 0.8689 1 1 0 0.0000 0.0000
1 131.5554 93.7477 4 3 0 0 1.7293 0 1 0 0.0000 0.0000
1 75.9614 119.5233 1 4 0 0 3.1252 0 1 0 0.0000 0.0000
1 136.6758 89.3931 4 4 0 1 1.1664 1 1 0 0.0000 0.0000
1 94.1610 140.3225 2 2 0 1 0.6472 1 1 0 0.0000 0.0000
1 70.0570 97.8239 1 1 0 1 0.8301 1 1 0 0.0000 0.0000
1 104.4554 125.8732 2 2 0 1 0.9245 1 1 0 0.0000 0.0000
1 79.3083 92.6669 1 1 0 1 1.1148 1 1 0 0.0000 0.0000
1 107.8802 133.4480 2 2 0 1 1.0235 1 1 0 0.0000 0.0000
1 79.1953 108.8968 1 1 0 1 0.9302 1 1 0 0.0000 0.0000
1 112.8350 144.2134 2 2 0 1 0.7874 1 1 0 0.0000 0.0000
1 42.7977 98.7857 1 1 0 1 0.7658 1 1 0 0.0000 0.0000
1 79.9215 80.1434 1 3 0 0 1.4173 0 1 0 0.0000 0.0000
1 133.6424 103.4671 4 4 0 1 1.2529 1 1 0 0.0000 0.0000
1 81.9795 108.6904 1 2 0 0 2.2220 0 1 0 0.0000 0.0000
1 94.9339 58.1167 3 3 0 1 1.4551 1 1 0 0.0000 0.0000
1 124.5032 100.2541 4 1 0 0 1.4355 0 1 0 0.0000 0.0000
1 100.9880 121.5908 2 2 0 1 0.5508 1 1 0 0.0000 0.0000
1 92.7225 150.3744 2 4 0 0 2.1548 0 1 0 0.0000 0.0000
1 56.5795 97.8917 1 1 0 1 1.1810 1 1 0 0.0000 0.0000
1 135.3313 94.3023 4 4 0 1 1.2016 1 1 0 0.0000 0.0000
1 114.5423 65.2524 3 3 0 1 1.5122 1 1 0 0.0000 0.0000
1 94.9933 68.5995 3 3 0 1 1.0950 1 1 0 0.0000 0.0000
1 64.8705 105.0281 1 1 0 1 1.6737 1 1 0 0.0000 0.0000
1 107.6510 124.9763 2 2 0 1 1.4850 1 1 0 0.0000 0.0000
1 69.7773 107.5104 1 1 0 1 1.1462 1 1 0 0.0000 0.0000
1 85.6290 129.7241 2 2 0 1 1.4233 1 1 0 0.0000 0.0000
1 81.4458 97.6135 1 1 0 1 1.0352 1 1 0 0.0000 0.0000
1 123.5913 90.9964 3 2 0 0 1.6774 0 1 0 0.0000 0.0000
1 85.1726 84.3353 1 1 0 1 2.1107 1 1 0 0.0000 0.0000
1 116.2361 104.3239 4 4 0 1 0.6853 1 1 0 0.0000 0.0000
1 146.6449 104.1139 4 4 0 1 0.8391 1 1 0 0.0000 0.0000
1 136.1853 96.6623 4 4 0 1 0.6603 1 1 0 0.0000 0.0000
1 105.5620 113.2681 2 2 0 1 1.0531 1 1 0 0.0000 0.0000
1 87.5448 133.7851 2 2 0 1 1.2799 1 1 0 0.0000 0.0000
1 137.0833 98.5415 4 4 0 1 1.0322 1 1 0 0.0000 0.0000
1 93.3909 63.3240 3 3 0 1 2.0114 1 1 0 0.0000 0.0000
1 107.6564 76.9826 3 3 0 1 0.9829 1 1 0 0.0000 0.0000
1 103.5668 102.0057 2 2 0 1 1.4633 1 1 0 0.0000 0.0000
1 75.6848 119.7178 1 1 0 1 0.9801 1 1 0 0.0000 0.0000
1 119.7651 117.6533 2 2 0 1 0.9658 1 1 0 0.0000 0.0000
1 80.3229 104.6976 1 1 0 1 1.4152 1 1 0 0.0000 0.0000
1 90.9880 115.6455 2 2 0 1 0.7080 1 1 0 0.0000 0.0000
1 95.1936 94.8259 3 3 0 1 1.2148 1 1 0 0.0000 0.0000
1 111.3216 66.9400 3 3 0 1 1.1247 1 1 0 0.0000 0.0000
1 94.4813 130.1834 2 2 0 1 0.6976 1 1 0 0.0000 0.0000
1 92.8701 115.4010 2 2 0 1 3.5063 1 1 0 0.0000 0.0000
1 55.6794 110.5232 1 1 0 1 0.9151 1 1 0 0.0000 0.0000
1 108.8308 89.4585 3 3 0 1 2.0023 1 1 0 0.0000 0.0000
1 116.9702 92.0839 4 4 0 1 0.8298 1 1 0 0.0000 0.0000
1 93.6683 67.5234 3 3 0 1 1.2113 1 1 0 0.0000 0.0000
1 85.2607 84.4604 1 3 0 0 1.0262 0 1 0 0.0000 0.0000
1 78.2750 98.0735 1 1 0 1 0.7562 1 1 0 0.0000 0.0000
1 95.6356 122.0070 2 2 0 1 1.2164 1 1 0 0.0000 0.0000
1 127.5829 95.3633 4 4 0 1 1.4140 1 1 0 0.0000 0.0000
1 117.5010 78.0190 3 4 0 0 1.9072 0 1 0 0.0000 0.0000
1 117.3649 99.6703 4 4 0 1 1.4200 1 1 0 0.0000 0.0000
1 101.8314 70.9860 3 2 0 0 2.7115 0 1 0 0.0000 0.0000
1 121.8793 109.9178 4 2 0 0 0.9193 0 1 0 0.0000 0.0000
1 103.3200 134.0606 2 2 0 1 0.9650 1 1 0 0.0000 0.0000
1 90.9210 64.4163 3 1 0 0 1.8435 0 1 0 0.0000 0.0000
1 94.3007 69.4132 3 3 0 1 1.1318 1 1 0 0.0000 0.0000
1 97.3481 129.1895 2 2 0 1 0.8487 1 1 0 0.0000 0.0000
1 129.6642 100.7962 4 4 0 1 2.4621 1 1 0 0.0000 0.0000
1 124.2482 90.8835 4 4 0 1 1.0449 1 1 0 0.0000 0.0000
1 131.6035 100.0489 4 4 0 1 1.0469 1 1 0 0.0000 0.0000
2 104.7658 137.1957 2 2 0 1 1.1300 1 1 0 0.0000 0.0000
2 122.1670 87.2851 4 2 0 0 1.4271 0 1 0 0.0000 0.0000
2 105.4858 142.3728 2 2 0 1 0.8310 1 1 0 0.0000 0.0000
2 85.8959 100.2280 1 1 0 1 1.7399 1 1 0 0.0000 0.0000
2 140.9303 83.2723 4 4 0 1 1.0246 1 1 0 0.0000 0.0000
2 116.1249 104.1484 4 2 0 0 1.1709 0 1 0 0.0000 0.0000
2 95.0595 146.4255 2 2 0 1 0.6506 1 1 0 0.0000 0.0000
2 77.0563 105.1720 1 1 0 1 0.7865 1 1 0 0.0000 0.0000
2 136.0329 94.3559 4 4 0 1 1.1513 1 1 0 0.0000 0.0000
2 128.9701 121.7062 4 4 0 1 1.6052 1 1 0 0.0000 0.0000
2 133.2758 109.7255 4 4 0 1 0.6792 1 1 0 0.0000 0.0000
2 100.2872 72.8516 3 1 0 0 1.0885 0 1 0 0.0000 0.0000
2 97.3704 74.7911 3 3 0 1 1.0451 1 1 0 0.0000 0.0000
2 90.9566 126.3451 2 1 0 0 1.0476 0 1 0 0.0000 0.0000
2 118.0005 110.7687 4 4 0 1 1.8181 1 1 0 0.0000 0.0000
2 112.4084 118.7632 4 4 0 1 1.7123 1 1 0 0.0000 0.0000
2 109.4239 76.8451 3 3 0 1 1.2370 1 1 0 0.0000 0.0000
2 111.2919 71.9448 3 3 0 1 0.7810 1 1 0 0.0000 0.0000
2 116.8400 79.5157 3 3 0 1 0.6647 1 1 0 0.0000 0.0000
2 144.1202 106.3873 4 4 0 1 1.5857 1 1 0 0.0000 0.0000
2 142.5410 96.0239 4 4 0 1 1.6179 1 1 0 0.0000 0.0000
2 121.4979 110.0468 4 4 0 1 1.8748 1 1 0 0.0000 0.0000
2 95.5026 80.5391 3 2 0 0 0.5549 0 1 0 0.0000 0.0000
2 64.0041 91.5645 1 1 0 1 1.1073 1 1 0 0.0000 0.0000
2 104.8713 112.1152 2 2 0 1 1.1114 1 1 0 0.0000 0.0000
2 70.1847 112.6640 1 1 0 1 0.7489 1 1 0 0.0000 0.0000
2 74.4056 94.8732 1 1 0 1 0.6158 1 1 0 0.0000 0.0000
2 87.3270 119.1106 2 1 0 0 1.2471 0 1 0 0.0000 0.0000
2 76.1449 86.4680 1 2 0 0 1.6068 0 1 0 0.0000 0.0000
2 91.6975 118.6216 2 2 0 1 1.5123 1 1 0 0.0000 0.0000
2 62.6681 107.7355 1 1 0 1 1.0787 1 1 0 0.0000 0.0000
2 150.1976 102.3980 4 4 0 1 1.1622 1 1 0 0.0000 0.0000
2 122.1147 103.2817 4 4 0 1 1.4722 1 1 0 0.0000 0.0000
2 104.0930 67.8945 3 3 0 1 1.0858 1 1 0 0.0000 0.0000
2 91.6651 129.7944 2 2 0 1 1.4558 1 1 0 0.0000 0.0000
2 79.9510 141.1002 2 1 0 0 1.5189 0 1 0 0.0000 0.0000
2 71.6742 104.6640 1 1 0 1 0.8149 1 1 0 0.0000 0.0000
2 87.3606 68.2106 3 3 0 1 0.9245 1 1 0 0.0000 0.0000
2 67.3771 101.2090 1 1 0 1 1.0681 1 1 0 0.0000 0.0000
2 82.4519 94.3090 1 1 0 1 1.7112 1 1 0 0.0000 0.0000
2 106.7931 73.1952 3 2 0 0 1.0912 0 1 0 0.0000 0.0000
2 104.8673 128.2429 2 2 0 1 0.7136 1 1 0 0.0000 0.0000
2 97.3913 130.7559 2 2 0 1 0.8035 1 1 0 0.0000 0.0000
2 125.7579 107.7674 4 4 0 1 1.1995 1 1 0 0.0000 0.0000
2 102.7899 116.4195 2 2 0 1 0.9040 1 1 0 0.0000 0.0000
2 101.1053 71.3264 3 3 0 1 1.3523 1 1 0 0.0000 0.0000
2 64.8654 97.4523 1 1 0 1 0.9469 1 1 0 0.0000 0.0000
2 86.6962 51.7089 3 3 0 1 0.9471 1 1 0 0.0000 0.0000
2 94.5967 82.4114 3 3 0 1 2.4990 1 1 0 0.0000 0.0000
2 126.2764 83.8192 4 4 0 1 1.7865 1 1 0 0.0000 0.0000
2 103.0627 66.6268 3 3 0 1 1.1205 1 1 0 0.0000 0.0000
2 83.6900 97.7592 1 1 0 1 2.4216 1 1 0 0.0000 0.0000
2 89.4633 121.3259 2 2 0 1 1.1821 1 1 0 0.0000 0.0000
2 106.9334 125.3360 2 4 0 0 1.8623 0 1 0 0.0000 0.0000
2 90.7274 115.0446 2 2 0 1 1.5983 1 1 0 0.0000 0.0000
2 91.8763 91.1651 1 2 0 0 1.1384 0 1 0 0.0000 0.0000
2 94.2845 48.6109 3 3 0 1 0.8099 1 1 0 0.0000 0.0000
2 91.6309 131.5931 2 2 0 1 1.1580 1 1 0 0.0000 0.0000
2 56.7195 111.4643 1 1 0 1 0.9083 1 1 0 0.0000 0.0000
2 99.5780 137.4124 2 2 0 1 0.9885 1 1 0 0.0000 0.0000
2 83.2440 87.2348 3 3 0 1 1.4062 1 1 0 0.0000 0.0000
2 108.9143 79.3603 3 3 0 1 0.8418 1 1 0 0.0000 0.0000
2 115.4950 102.4642 4 3 0 0 0.7106 0 1 0 0.0000 0.0000
2 108.8706 89.0201 4 2 0 0 2.2236 0 1 0 0.0000 0.0000
2 90.9948 70.2116 3 2 0 0 0.8813 0 1 0 0.0000 0.0000
2 70.8464 89.2329 1 1 0 1 1.0229 1 1 0 0.0000 0.0000
2 98.8722 73.9907 3 1 0 0 1.0868 0 1 0 0.0000 0.0000
2 117.2038 70.5478 3 3 0 1 1.4748 1 1 0 0.0000 0.0000
2 118.3336 94.6428 4 2 0 0 2.4795 0 1 0 0.0000 0.0000
2 71.3646 100.4742 1 1 0 1 1.4455 1 1 0 0.0000 0.0000
2 77.5306 86.0670 1 1 0 1 0.9451 1 1 0 0.0000 0.0000
2 72.5930 121.4012 1 1 0 1 2.1446 1 1 0 0.0000 0.0000
2 127.5453 108.7529 4 4 0 1 1.6799 1 1 0 0.0000 0.0000
2 95.9064 128.1414 2 2 0 1 0.9466 1 1 0 0.0000 0.0000
2 86.1985 132.7623 2 2 0 1 1.2014 1 1 0 0.0000 0.0000
2 134.5390 105.2827 4 4 0 1 1.1585 1 1 0 0.0000 0.0000
2 65.8822 90.4625 1 1 0 1 0.8445 1 1 0 0.0000 0.0000
2 98.6420 67.0848 3 3 0 1 1.0022 1 1 0 0.0000 0.0000
2 88.9286 109.5578 2 2 0 1 2.9392 1 1 0 0.0000 0.0000
2 110.4242 97.2032 4 4 0 1 1.2780 1 1 0 0.0000 0.0000
2 114.5281 61.5265 3 3 0 1 0.8060 1 1 0 0.0000 0.0000
2 131.2137 109.6500 4 4 0 1 1.0903 1 1 0 0.0000 0.0000
2 95.7107 96.6214 1 2 0 0 1.0300 0 1 0 0.0000 0.0000
2 92.5923 132.0602 2 2 0 1 1.3673 1 1 0 0.0000 0.0000
2 78.4511 105.1860 1 2 0 0 1.9693 0 1 0 0.0000 0.0000
2 124.8026 92.4396 4 2 0 0 1.3881 0 1 0 0.0000 0.0000
2 68.5902 111.2368 1 1 0 1 1.0949 1 1 0 0.0000 0.0000
2 106.9445 67.1810 3 3 0 1 1.0016 1 1 0 0.0000 0.0000
2 84.6467 111.4268 1 2 0 0 2.4892 0 1 0 0.0000 0.0000
2 95.9689 62.9362 3 1 0 0 1.1212 0 1 0 0.0000 0.0000
2 125.0520 99.4714 4 4 0 1 0.7255 1 1 0 0.0000 0.0000
2 105.2905 110.1930 2 2 0 1 0.8304 1 1 0 0.0000 0.0000
2 139.5657 102.7081 4 4 0 1 0.9379 1 1 0 0.0000 0.0000
2 94.9039 108.7768 2 2 0 1 1.4818 1 1 0 0.0000 0.0000
2 108.3587 74.9542 3 3 0 1 1.4794 1 1 0 0.0000 0.0000
2 57.3956 106.8825 1 1 0 1 0.6127 1 1 0 0.0000 0.0000
2 100.5643 73.9713 3 2 0 0 1.6599 0 1 0 0.0000 0.0000
2 62.8468 102.1042 1 2 0 0 0.7898 0 1 0 0.0000 0.0000
2 114.0655 154.3119 2 2 0 1 3.2811 1 1 0 0.0000 0.0000
2 110.6129 128.7154 2 2 0 1 0.7331 1 1 0 0.0000 0.0000
3 94.4389 74.6188 3 2 0 0 10.3776 0 1 0 0.0000 0.0000
3 87.6377 87.8999 1 2 0 0 1.7795 0 1 0 0.0000 0.0000
3 96.0057 70.3104 3 3 0 1 1.2556 1 1 0 0.0000 0.0000
3 117.2242 127.3864 2 2 0 1 1.5988 1 1 0 0.0000 0.0000
3 118.5892 107.7876 2 2 0 1 1.2190 1 1 0 0.0000 0.0000
3 99.2808 114.3206 2 2 0 1 0.8405 1 1 0 0.0000 0.0000
3 80.0384 101.4079 1 1 0 1 0.8690 1 1 0 0.0000 0.0000
3 111.1747 126.9010 2 2 0 1 0.9313 1 1 0 0.0000 0.0000
3 106.9555 129.7324 2 2 0 1 0.8018 1 1 0 0.0000 0.0000
3 91.7822 124.1051 2 2 0 1 1.3574 1 1 0 0.0000 0.0000
3 77.0428 103.0216 1 1 0 1 1.0945 1 1 0 0.0000 0.0000
3 105.9622 87.7261 3 3 0 1 1.4990 1 1 0 0.0000 0.0000
3 123.5975 102.7674 4 4 0 1 1.2406 1 1 0 0.0000 0.0000
3 95.8101 77.8261 3 3 0 1 0.9121 1 1 0 0.0000 0.0000
3 104.7584 57.8152 3 3 0 1 0.9745 1 1 0 0.0000 0.0000
3 88.1573 69.8247 3 3 0 1 0.6225 1 1 0 0.0000 0.0000
3 65.6183 91.4331 1 1 0 1 0.9017 1 1 0 0.0000 0.0000
3 113.0652 114.0933 2 2 0 1 1.1088 1 1 0 0.0000 0.0000
3 71.1848 108.2609 1 1 0 1 0.8723 1 1 0 0.0000 0.0000
3 98.5304 129.2492 2 2 0 1 0.9825 1 1 0 0.0000 0.0000
3 103.9174 117.3660 2 2 0 1 1.2704 1 1 0 0.0000 0.0000
3 112.0955 90.0869 4 3 0 0 0.8615 0 1 0 0.0000 0.0000
3 77.0293 88.6312 1 1 0 1 0.6826 1 1 0 0.0000 0.0000
3 103.2945 76.8177 3 3 0 1 1.2990 1 1 0 0.0000 0.0000
3 110.8904 77.7991 3 3 0 1 0.7630 1 1 0 0.0000 0.0000
3 129.4991 98.6783 4 2 0 0 1.0458 0 1 0 0.0000 0.0000
3 143.8585 102.7132 4 4 0 1 0.8405 1 1 0 0.0000 0.0000
3 71.7453 107.3721 1 1 0 1 0.7736 1 1 0 0.0000 0.0000
3 72.5890 103.3064 1 1 0 1 0.8167 1 1 0 0.0000 0.0000
3 126.1796 107.6207 4 2 0 0 1.7092 0 1 0 0.0000 0.0000
3 102.6554 124.9706 2 2 0 1 0.8489 1 1 0 0.0000 0.0000
3 73.5563 72.2028 3 1 0 0 1.0852 0 1 0 0.0000 0.0000
3 95.9106 133.0822 2 2 0 1 0.8968 1 1 0 0.0000 0.0000
3 133.6609 106.8919 4 4 0 1 1.6142 1 1 0 0.0000 0.0000
3 129.0227 91.0200 4 4 0 1 0.7083 1 1 0 0.0000 0.0000
3 119.9412 80.9812 3 4 0 0 1.1023 0 1 0 0.0000 0.0000
3 76.8107 106.3702 1 2 0 0 1.0267 0 1 0 0.0000 0.0000
3 91.3928 137.1108 2 2 0 1 0.7720 1 1 0 0.0000 0.0000
3 100.6753 135.6078 2 2 0 1 0.8142 1 1 0 0.0000 0.0000
3 51.4384 108.5347 1 1 0 1 2.2819 1 1 0 0.0000 0.0000
3 99.5317 110.2907 2 2 0 1 0.9562 1 1 0 0.0000 0.0000
3 95.8447 83.3202 3 3 0 1 1.5802 1 1 0 0.0000 0.0000
3 106.5160 71.4494 3 3 0 1 1.5960 1 1 0 0.0000 0.0000
3 88.0723 90.5523 3 3 0 1 1.9004 1 1 0 0.0000 0.0000
3 60.9801 93.5680 1 3 0 0 1.0624 0 1 0 0.0000 0.0000
3 126.8054 79.3947 4 3 0 0 1.4364 0 1 0 0.0000 0.0000
3 79.8331 109.3147 1 2 0 0 1.2413 0 1 0 0.0000 0.0000
3 60.3511 114.3077 1 1 0 1 0.7531 1 1 0 0.0000 0.0000
3 127.9187 108.3813 4 4 0 1 1.3556 1 1 0 0.0000 0.0000
3 100.4483 55.0481 3 3 0 1 0.9012 1 1 0 0.0000 0.0000
3 109.1853 138.0732 2 2 0 1 1.0114 1 1 0 0.0000 0.0000
3 84.0640 104.1338 1 3 0 0 1.3799 0 1 0 0.0000 0.0000
3 138.9077 109.0262 4 4 0 1 1.0222 1 1 0 0.0000 0.0000
3 120.2600 88.8269 4 3 0 0 0.8318 0 1 0 0.0000 0.0000
3 84.9633 129.4892 2 2 0 1 0.9245 1 1 0 0.0000 0.0000
3 96.9975 144.9041 2 2 0 1 0.7801 1 1 0 0.0000 0.0000
3 82.0931 84.7054 1 3 0 0 0.8389 0 1 0 0.0000 0.0000
3 97.8579 128.1863 2 2 0 1 1.2507 1 1 0 0.0000 0.0000
3 65.4832 111.9926 1 1 0 1 1.0660 1 1 0 0.0000 0.0000
3 124.0074 108.1929 4 4 0 1 1.4047 1 1 0 0.0000 0.0000
3 101.4158 66.0176 3 3 0 1 0.7928 1 1 0 0.0000 0.0000
3 72.5069 95.0757 1 1 0 1 3.8440 1 1 0 0.0000 0.0000
3 68.2180 104.2906 1 1 0 1 1.1191 1 1 0 0.0000 0.0000
3 135.3254 107.9271 4 4 0 1 0.9802 1 1 0 0.0000 0.0000
3 107.4212 77.5781 3 3 0 1 1.5570 1 1 0 0.0000 0.0000
3 129.2816 110.8507 4 4 0 1 1.0914 1 1 0 0.0000 0.0000
3 123.0373 92.7710 4 3 0 0 1.1745 0 1 0 0.0000 0.0000
3 103.8216 160.6784 2 2 0 1 0.8114 1 1 0 0.0000 0.0000
3 132.4728 91.2742 4 4 0 1 1.8953 1 1 0 0.0000 0.0000
3 105.3527 58.0847 3 3 0 1 1.9996 1 1 0 0.0000 0.0000
3 111.8529 106.1376 4 2 0 0 1.4668 0 1 0 0.0000 0.0000
3 128.3816 97.9748 4 4 0 1 2.2002 1 1 0 0.0000 0.0000
3 98.2988 66.6219 3 3 0 1 0.8240 1 1 0 0.0000 0.0000
3 90.3402 116.8999 1 2 0 0 0.8520 0 1 0 0.0000 0.0000
3 52.2791 89.7587 1 1 0 1 0.9295 1 1 0 0.0000 0.0000
3 126.1289 115.0799 4 2 0 0 0.6091 0 1 0 0.0000 0.0000
3 101.3815 73.0170 3 3 0 1 0.8718 1 1 0 0.0000 0.0000
3 121.3137 98.8788 4 4 0 1 2.5486 1 1 0 0.0000 0.0000
3 63.8414 99.9808 1 3 0 0 0.8781 0 1 0 0.0000 0.0000
3 39.4733 74.9602 1 1 0 1 0.6837 1 1 0 0.0000 0.0000
3 81.7898 111.5385 2 1 0 0 3.0122 0 1 0 0.0000 0.0000
3 107.7046 80.5418 3 3 0 1 1.2402 1 1 0 0.0000 0.0000
3 96.5532 70.7419 3 3 0 1 0.8944 1 1 0 0.0000 0.0000
3 72.0866 111.0079 1 2 0 0 0.8606 0 1 0 0.0000 0.0000
3 85.5099 78.3823 3 3 0 1 1.1292 1 1 0 0.0000 0.0000
3 125.3780 93.6617 4 4 0 1 1.3413 1 1 0 0.0000 0.0000
3 82.9756 154.2510 2 2 0 1 0.5991 1 1 0 0.0000 0.0000
3 103.3468 81.9164 3 3 0 1 1.0055 1 1 0 0.0000 0.0000
3 101.1555 128.3788 2 2 0 1 1.2615 1 1 0 0.0000 0.0000
3 69.8536 99.2167 1 1 0 1 1.9562 1 1 0 0.0000 0.0000
3 107.9754 122.2757 2 2 0 1 1.0050 1 1 0 0.0000 0.0000
3 142.5256 91.5844 4 4 0 1 1.2455 1 1 0 0.0000 0.0000
3 92.9179 131.8423 2 2 0 1 1.2526 1 1 0 0.0000 0.0000
3 76.5329 94.4930 1 1 0 1 2.7161 1 1 0 0.0000 0.0000
3 110.4730 86.6673 3 4 0 0 5.6904 0 1 0 0.0000 0.0000
3 104.7419 95.8541 4 2 0 0 2.1168 0 1 0 0.0000 0.0000
3 90.2632 82.8812 3 3 0 1 1.1692 1 1 0 0.0000 0.0000
3 126.2479 93.8255 4 4 0 1 1.2535 1 1 0 0.0000 0.0000
3 136.5479 103.7805 4 4 0 1 0.9403 1 1 0 0.0000 0.0000
3 80.0327 125.0308 2 2 0 1 0.9244 1 1 0 0.0000 0.0000
4 58.3788 84.3613 1 1 4 1 1.1304 0 0 0 0.0000 0.0000
4 103.3426 114.0996 2 2 2 1 0.9949 1 0 0 0.0000 0.0000
4 101.9112 68.7101 3 3 2 1 0.9634 0 0 0 0.0000 0.0000
4 127.8129 85.9738 4 2 1 0 1.5545 0 0 0 0.0000 0.0000
4 119.6989 106.1292 4 4 4 1 1.6008 1 0 0 0.0000 0.0000
4 66.6809 92.0205 1 2 2 0 0.9759 1 0 0 0.0000 0.0000
4 101.7707 60.4127 3 1 1 0 1.4711 1 0 0 0.0000 0.0000
4 127.7061 107.1893 4 3 3 0 0.7647 1 0 0 0.0000 0.0000
4 108.8790 128.9527 2 3 4 0 1.7362 0 0 0 0.0000 0.0000
4 80.5237 83.7751 3 4 1 0 1.7255 0 0 0 0.0000 0.0000
4 93.2724 118.2552 2 3 2 0 1.8886 0 0 0 0.0000 0.0000
4 102.0468 85.1780 3 2 2 0 1.0980 1 0 0 0.0000 0.0000
4 132.6607 101.5893 4 1 1 0 1.3093 1 0 0 0.0000 0.0000
4 71.1379 121.6782 1 4 3 0 2.3749 0 0 0 0.0000 0.0000
4 63.8100 110.5574 1 2 2 0 0.5593 1 0 0 0.0000 0.0000
4 131.9209 123.1288 4 1 2 0 0.5329 0 0 0 0.0000 0.0000
4 124.4760 113.3694 4 4 2 1 0.7937 0 0 0 0.0000 0.0000
4 92.5878 154.2830 2 3 4 0 1.2257 0 0 0 0.0000 0.0000
4 137.4330 97.0950 4 4 4 1 1.4084 1 0 0 0.0000 0.0000
4 143.6140 95.9601 4 4 4 1 0.6248 1 0 0 0.0000 0.0000
4 92.6224 121.3498 2 3 2 0 1.3217 0 0 0 0.0000 0.0000
4 110.7191 120.0225 2 1 1 0 0.8675 1 0 0 0.0000 0.0000
4 132.9753 98.2457 4 2 2 0 1.7456 1 0 0 0.0000 0.0000
4 75.8619 108.5506 1 3 3 0 1.1112 1 0 0 0.0000 0.0000
4 108.7283 146.0765 2 2 2 1 2.1230 1 0 0 0.0000 0.0000
4 104.8418 64.5808 3 1 4 0 2.6157 0 0 0 0.0000 0.0000
4 104.3078 130.6184 2 1 4 0 5.5708 0 0 0 0.0000 0.0000
4 96.2220 119.3550 2 1 2 0 5.8976 0 0 0 0.0000 0.0000
4 92.5239 112.3685 2 1 4 0 2.6972 0 0 0 0.0000 0.0000
4 113.6511 134.4659 2 4 1 0 0.8383 0 0 0 0.0000 0.0000
4 122.5304 84.5825 4 3 3 0 1.1401 1 0 0 0.0000 0.0000
4 127.1002 108.3619 4 1 4 0 1.2711 0 0 0 0.0000 0.0000
4 80.5136 110.9438 1 2 3 0 1.0399 0 0 0 0.0000 0.0000
4 106.6803 75.3501 3 1 2 0 0.9135 0 0 0 0.0000 0.0000
4 91.9586 81.3687 3 3 1 1 0.5994 0 0 0 0.0000 0.0000
4 99.8686 69.5788 3 2 1 0 1.4738 0 0 0 0.0000 0.0000
4 100.5722 59.0357 3 4 1 0 0.7017 0 0 0 0.0000 0.0000
4 97.0720 123.3270 2 2 1 1 1.8305 0 0 0 0.0000 0.0000
4 113.9239 134.0780 2 1 4 0 2.1070 0 0 0 0.0000 0.0000
4 116.9842 121.0366 4 1 1 0 1.4807 1 0 0 0.0000 0.0000
4 123.7680 91.1913 4 1 3 0 1.3659 0 0 0 0.0000 0.0000
4 133.3841 95.1198 4 2 4 0 1.1856 0 0 0 0.0000 0.0000
4 66.9838 90.4158 1 2 1 0 1.2539 0 0 0 0.0000 0.0000
4 70.9591 107.6042 1 3 3 0 0.6208 1 0 0 0.0000 0.0000
4 98.2208 65.4573 3 2 3 0 2.0690 0 0 0 0.0000 0.0000
4 63.8999 101.5863 1 3 3 0 0.7042 1 0 0 0.0000 0.0000
4 77.6529 103.1860 1 4 1 0 0.7131 0 0 0 0.0000 0.0000
4 116.4688 89.7162 4 4 1 1 1.3202 0 0 0 0.0000 0.0000
4 124.6191 98.2480 4 1 2 0 2.9458 0 0 0 0.0000 0.0000
4 99.7772 123.8030 2 2 3 1 0.9171 0 0 0 0.0000 0.0000
4 94.4599 89.8636 3 2 1 0 1.1869 0 0 0 0.0000 0.0000
4 84.9137 90.1487 3 4 3 0 1.4173 0 0 0 0.0000 0.0000
4 96.4990 80.8376 3 1 3 0 0.8857 0 0 0 0.0000 0.0000
4 111.1157 67.1623 3 2 2 0 1.1560 1 0 0 0.0000 0.0000
4 66.3930 108.7872 1 3 3 0 1.2086 1 0 0 0.0000 0.0000
4 79.8961 81.1035 3 2 2 0 0.9580 1 0 0 0.0000 0.0000
4 93.0298 127.9223 2 1 2 0 1.0852 0 0 0 0.0000 0.0000
4 94.4080 49.6970 3 2 3 0 0.8643 0 0 0 0.0000 0.0000
4 80.1447 103.8121 1 2 1 0 1.0046 0 0 0 0.0000 0.0000
4 135.8160 105.1594 4 4 2 1 0.8944 0 0 0 0.0000 0.0000
4 97.2248 74.9069 3 1 2 0 1.5170 0 0 0 0.0000 0.0000
4 107.4892 144.6437 2 2 2 1 0.7483 1 0 0 0.0000 0.0000
4 141.1648 118.9442 4 2 3 0 0.7441 0 0 0 0.0000 0.0000
4 135.2789 131.4748 4 1 2 0 0.9933 0 0 0 0.0000 0.0000
4 122.0819 84.6832 4 4 2 1 0.5634 0 0 0 0.0000 0.0000
4 128.0954 100.7774 4 2 3 0 2.0586 0 0 0 0.0000 0.0000
4 89.6134 63.6083 3 1 1 0 2.5811 1 0 0 0.0000 0.0000
4 60.5538 97.4907 1 3 4 0 4.3507 0 0 0 0.0000 0.0000
4 76.5790 100.0855 1 3 4 0 0.7576 0 0 0 0.0000 0.0000
4 64.3651 104.8376 1 3 2 0 0.5925 0 0 0 0.0000 0.0000
4 103.6479 80.3249 3 3 4 1 1.7179 0 0 0 0.0000 0.0000
4 101.0772 80.8251 3 2 3 0 0.8411 0 0 0 0.0000 0.0000
4 137.3462 113.9915 4 1 3 0 1.4616 0 0 0 0.0000 0.0000
4 104.3017 71.1701 3 2 2 0 1.1868 1 0 0 0.0000 0.0000
4 104.1968 141.2735 2 1 2 0 1.1434 0 0 0 0.0000 0.0000
4 97.4285 121.9249 2 4 1 0 1.3083 0 0 0 0.0000 0.0000
4 72.1357 96.4958 1 3 3 0 0.5831 1 0 0 0.0000 0.0000
4 127.3768 98.4144 4 2 4 0 1.3087 0 0 0 0.0000 0.0000
4 80.6127 64.8003 3 2 3 0 1.1086 0 0 0 0.0000 0.0000
4 76.3090 94.5660 1 2 4 0 1.1268 0 0 0 0.0000 0.0000
4 117.0446 134.5159 2 1 4 0 0.9056 0 0 0 0.0000 0.0000
4 70.7232 116.5256 1 3 1 0 0.9676 0 0 0 0.0000 0.0000
4 69.4482 106.4665 1 3 3 0 0.8395 1 0 0 0.0000 0.0000
4 109.9944 128.7132 2 1 3 0 1.2679 0 0 0 0.0000 0.0000
4 136.8027 115.4470 4 4 2 1 1.2588 0 0 0 0.0000 0.0000
4 120.7779 94.1121 4 1 1 0 0.9142 1 0 0 0.0000 0.0000
4 110.0177 129.0274 2 1 3 0 1.1042 0 0 0 0.0000 0.0000
4 74.2789 93.9803 1 3 4 0 1.6518 0 0 0 0.0000 0.0000
4 101.7032 60.1956 3 3 2 1 1.3014 0 0 0 0.0000 0.0000
4 106.3064 69.9625 3 2 2 0 1.3085 1 0 0 0.0000 0.0000
4 101.9013 52.5659 3 2 4 0 0.7081 0 0 0 0.0000 0.0000
4 66.9476 106.2204 1 3 2 0 0.9413 0 0 0 0.0000 0.0000
4 93.9527 116.2486 2 2 2 1 1.5645 1 0 0 0.0000 0.0000
4 56.6860 103.5982 1 3 4 0 0.7632 0 0 0 0.0000 0.0000
4 64.4745 77.5333 1 3 4 0 1.1896 0 0 0 0.0000 0.0000
4 90.2395 128.2253 2 2 3 1 0.8423 0 0 0 0.0000 0.0000
4 96.1414 112.7962 2 1 2 0 0.7936 0 0 0 0.0000 0.0000
4 86.9869 137.7303 2 4 2 0 1.0155 0 0 0 0.0000 0.0000
4 66.1732 98.4152 1 3 2 0 0.6976 0 0 0 0.0000 0.0000
4 80.0097 106.6956 1 2 3 0 0.6907 0 0 0 0.0000 0.0000
5 101.5083 136.7463 2 4 2 0 1.3541 0 0 0 0.0000 0.0000
5 65.6660 89.5178 1 1 3 1 0.8776 0 0 0 0.0000 0.0000
5 64.7926 86.6726 1 3 3 0 0.7634 1 0 0 0.0000 0.0000
5 111.7934 125.1150 2 2 3 1 0.6450 0 0 0 0.0000 0.0000
5 105.8389 59.3266 3 1 3 0 0.8445 0 0 0 0.0000 0.0000
5 107.2509 127.7588 2 4 1 0 0.5361 0 0 0 0.0000 0.0000
5 63.6398 102.4741 1 3 3 0 0.7341 1 0 0 0.0000 0.0000
5 109.4130 86.6045 3 2 1 0 0.5832 0 0 0 0.0000 0.0000
5 73.2713 112.1859 1 3 1 0 1.1197 0 0 0 0.0000 0.0000
5 69.8300 103.9540 1 1 3 1 0.9952 0 0 0 0.0000 0.0000
5 138.7935 110.5281 4 4 3 1 0.5323 0 0 0 0.0000 0.0000
5 106.6255 68.2164 3 2 1 0 0.8583 0 0 0 0.0000 0.0000
5 136.7401 101.5012 4 2 2 0 0.8401 1 0 0 0.0000 0.0000
5 104.4290 118.4309 2 2 3 1 1.1727 0 0 0 0.0000 0.0000
5 136.6643 105.0332 4 2 3 0 0.6498 0 0 0 0.0000 0.0000
5 93.0651 64.7039 3 1 4 0 0.9126 0 0 0 0.0000 0.0000
5 154.9917 97.4097 4 4 2 1 0.4702 0 0 0 0.0000 0.0000
5 102.3440 113.0387 2 2 1 1 4.2360 0 0 0 0.0000 0.0000
5 120.2761 123.7163 2 1 2 0 3.4405 0 0 0 0.0000 0.0000
5 97.1936 128.5897 2 3 4 0 0.9768 0 0 0 0.0000 0.0000
5 102.1490 115.6918 4 2 1 0 0.9640 0 0 0 0.0000 0.0000
5 110.4685 121.2093 2 1 4 0 0.5801 0 0 0 0.0000 0.0000
5 107.7094 136.7320 2 4 2 0 0.7148 0 0 0 0.0000 0.0000
5 94.3484 71.3368 3 4 3 0 1.4462 0 0 0 0.0000 0.0000
5 98.4903 82.6266 3 1 1 0 0.8671 1 0 0 0.0000 0.0000
5 133.6930 86.1741 4 1 1 0 1.1059 1 0 0 0.0000 0.0000
5 108.7611 66.5369 3 1 3 0 2.2454 0 0 0 0.0000 0.0000
5 149.0769 86.5169 4 2 2 0 1.5887 1 0 0 0.0000 0.0000
5 79.8248 110.0313 1 1 2 1 1.7965 0 0 0 0.0000 0.0000
5 124.8673 94.9131 4 4 1 1 1.5622 0 0 0 0.0000 0.0000
5 109.8880 115.3438 2 3 4 0 1.2585 0 0 0 0.0000 0.0000
5 73.1696 85.1931 1 3 3 0 0.7386 1 0 0 0.0000 0.0000
5 49.0672 104.1744 1 3 4 0 0.6689 0 0 0 0.0000 0.0000
5 105.6702 73.1600 3 2 4 0 1.4446 0 0 0 0.0000 0.0000
5 103.7936 74.4077 3 4 3 0 1.2486 0 0 0 0.0000 0.0000
5 132.9935 87.5063 4 1 4 0 0.7612 0 0 0 0.0000 0.0000
5 116.7106 100.2723 4 2 1 0 1.1889 0 0 0 0.0000 0.0000
5 107.3375 146.0332 2 1 2 0 0.9384 0 0 0 0.0000 0.0000
5 116.6820 143.1406 2 4 4 0 0.6508 1 0 0 0.0000 0.0000
5 91.3367 66.3946 3 2 1 0 1.2675 0 0 0 0.0000 0.0000
5 113.0291 96.0229 4 1 4 0 0.6050 0 0 0 0.0000 0.0000
5 145.5079 105.0925 4 1 1 0 1.7490 1 0 0 0.0000 0.0000
5 88.9518 121.9229 2 4 4 0 0.7470 1 0 0 0.0000 0.0000
5 109.2990 94.7243 4 4 2 1 0.5223 0 0 0 0.0000 0.0000
5 114.6830 141.2372 2 3 2 0 2.1265 0 0 0 0.0000 0.0000
5 75.7972 136.1125 2 2 1 1 0.8145 0 0 0 0.0000 0.0000
5 111.1212 118.3085 4 3 4 0 0.9385 0 0 0 0.0000 0.0000
5 110.6893 65.7843 3 1 1 0 1.0526 1 0 0 0.0000 0.0000
5 135.4754 103.0953 4 4 1 1 1.5359 0 0 0 0.0000 0.0000
5 96.4923 64.0008 3 2 1 0 4.7830 0 0 0 0.0000 0.0000
5 102.9168 122.0853 2 4 4 0 0.7383 1 0 0 0.0000 0.0000
5 131.8167 93.1313 4 4 2 1 0.4790 0 0 0 0.0000 0.0000
5 71.8706 91.0002 1 3 4 0 0.8506 0 0 0 0.0000 0.0000
5 101.1719 119.2859 2 2 4 1 0.5596 0 0 0 0.0000 0.0000
5 112.9909 56.6666 3 4 2 0 1.1084 0 0 0 0.0000 0.0000
5 134.4524 99.3927 4 1 1 0 0.6154 1 0 0 0.0000 0.0000
5 71.0679 87.6457 1 3 3 0 0.9906 1 0 0 0.0000 0.0000
5 90.4904 90.7713 1 2 3 0 0.7351 0 0 0 0.0000 0.0000
5 80.4441 103.3211 1 3 1 0 1.2405 0 0 0 0.0000 0.0000
5 105.3467 81.1106 3 2 1 0 0.7033 0 0 0 0.0000 0.0000
5 106.4592 68.8722 3 1 3 0 0.5677 0 0 0 0.0000 0.0000
5 98.1793 69.0923 3 4 3 0 1.1850 0 0 0 0.0000 0.0000
5 79.9131 104.8711 1 2 1 0 0.7592 0 0 0 0.0000 0.0000
5 91.5616 71.1302 3 3 3 1 0.8177 1 0 0 0.0000 0.0000
5 140.5597 95.9058 4 2 3 0 0.7496 0 0 0 0.0000 0.0000
5 136.1951 109.8769 4 4 4 1 0.5524 1 0 0 0.0000 0.0000
5 73.9319 114.8849 1 3 4 0 0.9107 0 0 0 0.0000 0.0000
5 93.3562 125.6489 2 4 3 0 2.9406 0 0 0 0.0000 0.0000
5 129.2137 95.3005 4 2 4 0 0.9266 0 0 0 0.0000 0.0000
5 104.7563 75.8659 3 2 2 0 1.0381 1 0 0 0.0000 0.0000
5 68.9197 110.3770 1 3 4 0 2.1281 0 0 0 0.0000 0.0000
5 72.9761 91.8513 1 2 4 0 1.2952 0 0 0 0.0000 0.0000
5 130.1129 92.5924 4 4 1 1 1.2545 0 0 0 0.0000 0.0000
5 91.8422 58.5898 3 2 4 0 1.0388 0 0 0 0.0000 0.0000
5 140.8232 100.9438 4 2 2 0 1.0240 1 0 0 0.0000 0.0000
5 143.4742 104.9102 4 2 4 0 0.5605 0 0 0 0.0000 0.0000
5 70.9801 97.4984 1 3 2 0 1.0296 0 0 0 0.0000 0.0000
5 121.0435 119.9764 2 1 3 0 0.9373 0 0 0 0.0000 0.0000
5 108.6715 117.6680 2 2 2 1 0.8559 1 0 0 0.0000 0.0000
5 89.6707 66.7162 3 1 1 0 1.1079 1 0 0 0.0000 0.0000
5 121.2142 99.1859 4 2 4 0 0.9519 0 0 0 0.0000 0.0000
5 73.6712 95.8782 1 1 3 1 1.5287 0 0 0 0.0000 0.0000
5 106.8019 73.1424 3 1 2 0 1.2076 0 0 0 0.0000 0.0000
5 76.2416 107.6445 1 4 3 0 1.1178 0 0 0 0.0000 0.0000
5 88.9937 55.4789 3 2 1 0 1.5382 0 0 0 0.0000 0.0000
5 69.0852 87.0812 1 3 3 0 0.8334 1 0 0 0.0000 0.0000
5 71.9726 116.2312 1 3 3 0 0.8778 1 0 0 0.0000 0.0000
5 86.3858 114.7453 1 2 4 0 1.1946 0 0 0 0.0000 0.0000
5 81.3311 81.8530 1 4 3 0 1.6325 0 0 0 0.0000 0.0000
5 121.7999 103.9522 4 1 3 0 0.8824 0 0 0 0.0000 0.0000
5 69.1136 108.5233 1 3 2 0 0.6408 0 0 0 0.0000 0.0000
5 95.0387 77.2566 3 3 2 1 0.5037 0 0 0 0.0000 0.0000
5 88.5654 90.1056 1 3 2 0 1.0990 0 0 0 0.0000 0.0000
5 112.8966 126.8406 2 2 4 1 0.8308 0 0 0 0.0000 0.0000
5 83.8468 132.1807 2 1 3 0 1.1312 0 0 0 0.0000 0.0000
5 91.9709 124.1509 2 4 1 0 0.9111 0 0 0 0.0000 0.0000
5 104.9014 118.6219 2 2 4 1 1.2783 0 0 0 0.0000 0.0000
5 97.6917 64.1212 3 4 1 0 0.8243 0 0 0 0.0000 0.0000
5 96.1417 70.8354 3 2 2 0 2.5009 1 0 0 0.0000 0.0000
5 101.3003 118.2468 2 1 1 0 1.0534 1 0 0 0.0000 0.0000
6 84.3642 77.5642 3 2 4 0 3.2900 0 0 0 0.0000 0.0000
6 109.8450 73.7830 3 1 3 0 2.3055 0 0 0 0.0000 0.0000
6 93.1776 65.4764 3 2 2 0 0.7243 1 0 0 0.0000 0.0000
6 90.4349 136.3736 2 1 4 0 0.8621 0 0 0 0.0000 0.0000
6 104.6776 56.5007 3 4 2 0 1.0523 0 0 0 0.0000 0.0000
6 90.7604 118.0055 2 2 4 1 0.7993 0 0 0 0.0000 0.0000
6 95.0873 138.8186 2 2 4 1 0.6823 0 0 0 0.0000 0.0000
6 103.0445 133.7577 2 3 1 0 0.6748 0 0 0 0.0000 0.0000
6 111.5165 115.1448 2 4 1 0 1.0193 0 0 0 0.0000 0.0000
6 102.1152 59.2238 3 2 2 0 1.4858 1 0 0 0.0000 0.0000
6 93.3553 104.9840 1 1 4 1 0.7308 0 0 0 0.0000 0.0000
6 108.8770 124.8040 2 4 4 0 0.8689 1 0 0 0.0000 0.0000
6 61.9010 110.7270 1 3 1 0 0.6922 0 0 0 0.0000 0.0000
6 124.5032 78.1772 4 3 3 0 0.8138 1 0 0 0.0000 0.0000
6 77.3297 102.7611 1 3 2 0 0.7453 0 0 0 0.0000 0.0000
6 132.4578 93.5496 4 3 3 0 0.8674 1 0 0 0.0000 0.0000
6 122.0531 99.8556 4 3 3 0 0.9444 1 0 0 0.0000 0.0000
6 116.9347 101.9188 4 3 4 0 0.7360 0 0 0 0.0000 0.0000
6 53.2597 97.6524 1 1 4 1 1.2100 0 0 0 0.0000 0.0000
6 99.2293 138.8234 2 4 1 0 0.7053 0 0 0 0.0000 0.0000
6 119.2084 107.1740 4 1 1 0 5.5161 1 0 0 0.0000 0.0000
6 136.6877 95.0447 4 3 1 0 1.4289 0 0 0 0.0000 0.0000
6 103.4156 75.8864 3 3 1 1 1.3773 0 0 0 0.0000 0.0000
6 100.2263 73.7651 3 3 2 1 0.8763 0 0 0 0.0000 0.0000
6 54.5403 100.5869 1 1 3 1 1.8323 0 0 0 0.0000 0.0000
6 86.0869 61.6301 3 3 3 1 4.1611 1 0 0 0.0000 0.0000
6 102.5889 83.5736 3 2 2 0 1.5720 1 0 0 0.0000 0.0000
6 61.1240 86.3064 1 2 2 0 1.1411 1 0 0 0.0000 0.0000
6 63.2691 104.2814 1 2 1 0 0.6340 0 0 0 0.0000 0.0000
6 70.5587 113.6624 1 2 2 0 0.7856 1 0 0 0.0000 0.0000
6 109.0777 102.4331 4 2 4 0 0.7017 0 0 0 0.0000 0.0000
6 107.7221 122.8525 2 2 4 1 0.9347 0 0 0 0.0000 0.0000
6 87.9524 84.3511 1 3 3 0 1.3655 1 0 0 0.0000 0.0000
6 78.1565 106.1586 1 2 1 0 2.2074 0 0 0 0.0000 0.0000
6 102.9579 73.3276 3 3 2 1 1.0387 0 0 0 0.0000 0.0000
6 101.5874 128.6738 2 2 4 1 1.5998 0 0 0 0.0000 0.0000
6 118.4548 107.2515 4 4 3 1 1.4109 0 0 0 0.0000 0.0000
6 77.9282 100.4959 1 3 2 0 3.6799 0 0 0 0.0000 0.0000
6 97.8026 130.4800 2 3 3 0 0.8712 1 0 0 0.0000 0.0000
6 129.4118 107.4261 4 2 3 0 4.1009 0 0 0 0.0000 0.0000
6 103.5760 77.8437 3 1 3 0 1.3652 0 0 0 0.0000 0.0000
6 56.4131 94.2644 1 4 4 0 1.7919 1 0 0 0.0000 0.0000
6 92.9046 122.1020 2 2 3 1 1.9487 0 0 0 0.0000 0.0000
6 88.6969 141.3633 2 1 3 0 4.5663 0 0 0 0.0000 0.0000
6 110.4528 128.4331 2 3 4 0 1.3682 0 0 0 0.0000 0.0000
6 73.7486 110.4400 1 4 1 0 1.4602 0 0 0 0.0000 0.0000
6 99.2218 84.4636 3 3 2 1 1.7450 0 0 0 0.0000 0.0000
6 107.5018 121.6098 2 3 1 0 1.0134 0 0 0 0.0000 0.0000
6 71.1015 89.3096 1 1 2 1 2.7584 0 0 0 0.0000 0.0000
6 100.4535 75.4099 3 2 2 0 2.4380 1 0 0 0.0000 0.0000
6 53.1331 82.5922 1 2 1 0 0.9089 0 0 0 0.0000 0.0000
6 98.0211 135.4689 2 3 4 0 1.2448 0 0 0 0.0000 0.0000
6 101.6947 71.4132 3 4 1 0 1.9099 0 0 0 0.0000 0.0000
6 120.1177 97.7777 4 1 2 0 2.2219 0 0 0 0.0000 0.0000
6 106.3990 126.8403 2 2 1 1 0.7183 0 0 0 0.0000 0.0000
6 88.9087 58.4290 3 3 1 1 0.5522 0 0 0 0.0000 0.0000
6 138.9301 102.8864 4 4 1 1 0.5245 0 0 0 0.0000 0.0000
6 126.7152 117.4950 4 3 2 0 0.4173 0 0 0 0.0000 0.0000
6 131.2836 106.8547 4 2 2 0 0.4179 1 0 0 0.0000 0.0000
6 110.0655 62.6440 3 2 4 0 0.8674 0 0 0 0.0000 0.0000
6 92.9690 69.1337 3 2 2 0 1.4890 1 0 0 0.0000 0.0000
6 75.8624 81.3255 1 1 4 1 0.9753 0 0 0 0.0000 0.0000
6 113.3941 91.5610 4 3 2 0 0.5926 0 0 0 0.0000 0.0000
6 130.3035 108.1081 4 2 3 0 0.7597 0 0 0 0.0000 0.0000
6 90.6607 114.7931 2 4 2 0 0.5805 0 0 0 0.0000 0.0000
6 98.2771 121.0598 2 1 2 0 0.4273 0 0 0 0.0000 0.0000
6 101.7649 128.0355 2 2 1 1 0.6720 0 0 0 0.0000 0.0000
6 87.7027 99.6187 1 3 4 0 0.8605 0 0 0 0.0000 0.0000
6 81.1348 85.8898 1 2 4 0 0.5551 0 0 0 0.0000 0.0000
6 57.9441 87.1006 1 2 4 0 5.6970 0 0 0 0.0000 0.0000
6 94.8941 72.0194 3 1 4 0 1.1459 0 0 0 0.0000 0.0000
6 98.0184 84.3762 3 3 1 1 0.8314 0 0 0 0.0000 0.0000
6 83.5111 127.4984 2 4 3 0 0.7147 0 0 0 0.0000 0.0000
6 103.3680 147.2061 2 2 1 1 0.6529 0 0 0 0.0000 0.0000
6 129.5553 104.7185 4 3 3 0 0.5967 1 0 0 0.0000 0.0000
6 104.2406 138.9003 2 2 2 1 1.2473 1 0 0 0.0000 0.0000
6 95.8491 76.6500 3 1 4 0 2.4005 0 0 0 0.0000 0.0000
6 104.5617 56.6949 3 2 3 0 1.2224 0 0 0 0.0000 0.0000
6 78.1628 109.6438 1 4 1 0 1.9044 0 0 0 0.0000 0.0000
6 127.7091 94.5345 4 2 2 0 0.6636 1 0 0 0.0000 0.0000
6 102.1550 55.7520 3 2 3 0 0.8636 0 0 0 0.0000 0.0000
6 120.2365 105.3651 4 1 2 0 0.5083 0 0 0 0.0000 0.0000
6 135.9208 94.1744 4 3 2 0 0.9447 0 0 0 0.0000 0.0000
6 64.0133 119.6554 1 2 4 0 0.4957 0 0 0 0.0000 0.0000
6 106.3317 61.3886 3 1 3 0 1.3626 0 0 0 0.0000 0.0000
6 103.7841 117.2437 2 3 3 0 1.7550 1 0 0 0.0000 0.0000
6 148.4004 105.7397 4 4 3 1 0.8311 0 0 0 0.0000 0.0000
6 63.4817 91.5669 1 4 1 0 1.0841 0 0 0 0.0000 0.0000
6 98.1891 128.3366 2 4 4 0 1.0858 1 0 0 0.0000 0.0000
6 108.9303 81.9381 4 3 1 0 2.2750 0 0 0 0.0000 0.0000
6 138.1587 109.2010 4 4 4 1 1.3641 1 0 0 0.0000 0.0000
6 106.2040 62.1277 3 2 4 0 4.8932 0 0 0 0.0000 0.0000
6 74.1195 99.1445 1 1 4 1 0.8169 0 0 0 0.0000 0.0000
6 90.5905 64.5018 1 3 3 0 0.4140 1 0 0 0.0000 0.0000
6 103.6137 74.1008 3 3 3 1 0.7352 1 0 0 0.0000 0.0000
6 108.1576 121.1709 2 2 4 1 1.8479 0 0 0 0.0000 0.0000
6 78.2270 104.3290 1 1 1 1 1.2463 1 0 0 0.0000 0.0000
6 107.7596 101.6084 4 1 2 0 0.7264 0 0 0 0.0000 0.0000
6 149.8503 85.6629 4 4 2 1 0.8322 0 0 0 0.0000 0.0000
6 121.1033 94.5771 4 2 3 0 0.6847 0 0 0 0.0000 0.0000
7 107.5802 141.2795 2 2 1 1 1.6421 0 0 0 0.0000 0.0000
7 107.7403 151.8154 2 1 4 0 0.6112 0 0 0 0.0000 0.0000
7 113.0986 110.6975 2 3 1 0 0.7149 0 0 0 0.0000 0.0000
7 70.7976 95.5266 1 3 1 0 0.2753 0 0 0 0.0000 0.0000
7 87.7432 121.7098 2 4 4 0 0.7224 1 0 0 0.0000 0.0000
7 121.8181 81.1996 4 2 1 0 1.1159 0 0 0 0.0000 0.0000
7 101.9270 124.9169 2 4 1 0 0.5916 0 0 0 0.0000 0.0000
7 131.2149 122.0328 4 1 4 0 0.7505 0 0 0 0.0000 0.0000
7 94.8763 128.9719 2 2 4 1 0.5684 0 0 0 0.0000 0.0000
7 103.4926 123.8252 2 3 1 0 0.8938 0 0 0 0.0000 0.0000
7 91.0872 110.3567 2 4 3 0 0.2990 0 0 0 0.0000 0.0000
7 106.0402 131.1355 2 2 2 1 0.3792 1 0 0 0.0000 0.0000
7 126.1778 99.7698 4 1 2 0 0.7150 0 0 0 0.0000 0.0000
7 124.7199 97.3623 4 3 4 0 0.4367 0 0 0 0.0000 0.0000
7 136.6421 100.5962 4 2 1 0 0.3459 0 0 0 0.0000 0.0000
7 89.2490 78.6219 3 4 2 0 0.4921 0 0 0 0.0000 0.0000
7 129.3278 121.8224 4 1 2 0 0.7861 0 0 0 0.0000 0.0000
7 122.8224 101.7694 4 2 3 0 0.7020 0 0 0 0.0000 0.0000
7 109.2525 147.8820 2 3 1 0 0.4863 0 0 0 0.0000 0.0000
7 81.6602 102.3989 1 1 3 1 0.4888 0 0 0 0.0000 0.0000
7 90.7955 75.5635 3 2 3 0 1.5495 0 0 0 0.0000 0.0000
7 122.1071 98.6297 4 4 3 1 0.5747 0 0 0 0.0000 0.0000
7 89.9558 64.8627 3 1 3 0 0.2619 0 0 0 0.0000 0.0000
7 120.9845 109.6560 4 3 4 0 0.1951 0 0 0 0.0000 0.0000
7 95.0812 129.7580 2 2 4 1 0.2859 0 0 0 0.0000 0.0000
7 81.3666 54.0435 3 4 1 0 0.5244 0 0 0 0.0000 0.0000
7 88.7273 138.5179 2 3 1 0 0.4187 0 0 0 0.0000 0.0000
7 99.1364 69.9712 3 1 3 0 2.3242 0 0 0 0.0000 0.0000
7 97.6390 74.1439 3 2 3 0 2.6869 0 0 0 0.0000 0.0000
7 115.6346 88.5311 3 4 1 0 0.7174 0 0 0 0.0000 0.0000
7 103.2879 70.9612 3 3 4 1 1.0806 0 0 0 0.0000 0.0000
7 114.8966 101.9000 4 2 2 0 0.4761 1 0 0 0.0000 0.0000
7 87.6885 64.6841 3 3 4 1 1.0717 0 0 0 0.0000 0.0000
7 88.5755 154.7110 2 2 1 1 0.4980 0 0 0 0.0000 0.0000
7 95.6192 81.2971 3 2 1 0 1.4297 0 0 0 0.0000 0.0000
7 118.3561 111.6363 4 2 1 0 1.1852 0 0 0 0.0000 0.0000
7 121.9180 85.3120 4 2 2 0 0.9181 1 0 0 0.0000 0.0000
7 109.2279 139.7944 2 4 1 0 0.7415 0 0 0 0.0000 0.0000
7 101.9040 83.9635 3 2 3 0 1.4737 0 0 0 0.0000 0.0000
7 102.2557 91.8934 3 2 2 0 2.2405 1 0 0 0.0000 0.0000
7 96.2624 137.6255 2 2 4 1 1.2172 0 0 0 0.0000 0.0000
7 94.9160 127.7004 2 2 3 1 1.1426 0 0 0 0.0000 0.0000
7 99.8924 122.9074 2 2 3 1 3.2416 0 0 0 0.0000 0.0000
7 100.4068 124.7725 2 4 1 0 0.9947 0 0 0 0.0000 0.0000
7 67.7185 92.3521 1 1 4 1 1.4281 0 0 0 0.0000 0.0000
7 96.6394 63.9314 3 3 4 1 0.7040 0 0 0 0.0000 0.0000
7 69.5087 113.4943 1 4 2 0 0.4404 0 0 0 0.0000 0.0000
7 96.0948 76.7071 3 3 2 1 1.1461 0 0 0 0.0000 0.0000
7 69.6821 91.3549 1 4 3 0 1.4529 0 0 0 0.0000 0.0000
7 89.8963 132.1882 2 2 1 1 2.3479 0 0 0 0.0000 0.0000
7 105.0474 72.4231 3 3 1 1 2.2100 0 0 0 0.0000 0.0000
7 75.9152 124.9741 1 2 1 0 6.3213 0 0 0 0.0000 0.0000
7 66.1666 70.6993 1 1 1 1 4.2345 1 0 0 0.0000 0.0000
7 107.8462 71.1292 3 3 4 1 1.1366 0 0 0 0.0000 0.0000
7 80.1687 102.4136 1 2 1 0 0.5959 0 0 0 0.0000 0.0000
7 136.3717 93.2697 4 4 2 1 1.1933 0 0 0 0.0000 0.0000
7 58.4333 101.9441 1 2 2 0 0.4161 1 0 0 0.0000 0.0000
7 67.0555 109.5032 1 2 1 0 0.7856 0 0 0 0.0000 0.0000
7 64.7903 77.3709 1 2 3 0 0.5414 0 0 0 0.0000 0.0000
7 134.6526 106.7230 4 3 4 0 0.7065 0 0 0 0.0000 0.0000
7 118.2760 134.3861 2 4 4 0 0.6372 1 0 0 0.0000 0.0000
7 67.2599 96.2754 1 2 1 0 0.7737 0 0 0 0.0000 0.0000
7 113.7347 110.0741 4 4 4 1 0.9284 1 0 0 0.0000 0.0000
7 61.8078 120.1106 1 2 4 0 1.2031 0 0 0 0.0000 0.0000
7 82.7276 60.7880 3 1 2 0 0.2341 0 0 0 0.0000 0.0000
7 79.5622 79.5091 3 3 1 1 1.1456 0 0 0 0.0000 0.0000
7 93.4160 96.6826 1 2 4 0 2.6721 0 0 0 0.0000 0.0000
7 106.5451 94.5860 4 1 2 0 1.2270 0 0 0 0.0000 0.0000
7 99.8400 81.4098 3 3 2 1 0.7858 0 0 0 0.0000 0.0000
7 85.7585 122.9180 2 4 3 0 0.8309 0 0 0 0.0000 0.0000
7 124.0902 118.9130 4 2 3 0 1.1998 0 0 0 0.0000 0.0000
7 87.4933 102.6541 1 2 1 0 0.8696 0 0 0 0.0000 0.0000
7 112.2636 78.2404 3 1 2 0 0.4518 0 0 0 0.0000 0.0000
7 68.8092 92.9212 1 3 1 0 0.4552 0 0 0 0.0000 0.0000
7 113.3018 55.9921 3 4 3 0 0.3608 0 0 0 0.0000 0.0000
7 88.4604 132.3513 2 2 3 1 0.8896 0 0 0 0.0000 0.0000
7 125.8238 82.1636 4 3 4 0 0.9363 0 0 0 0.0000 0.0000
7 129.6425 91.9746 4 1 1 0 0.9344 1 0 0 0.0000 0.0000
7 85.6570 87.3307 1 4 4 0 2.3586 1 0 0 0.0000 0.0000
7 131.7155 99.7142 4 4 2 1 0.9378 0 0 0 0.0000 0.0000
7 68.7974 98.9162 1 2 4 0 0.6502 0 0 0 0.0000 0.0000
7 76.1655 80.2105 1 3 3 0 0.4014 1 0 0 0.0000 0.0000
7 85.6089 129.0267 2 3 4 0 0.4993 0 0 0 0.0000 0.0000
7 77.2926 99.9871 1 2 4 0 2.0885 0 0 0 0.0000 0.0000
7 102.5619 50.8807 3 1 2 0 1.4869 0 0 0 0.0000 0.0000
7 94.7207 105.7847 2 3 1 0 0.6829 0 0 0 0.0000 0.0000
7 135.8998 87.2633 4 2 3 0 0.7548 0 0 0 0.0000 0.0000
7 150.6347 101.2032 4 4 3 1 0.6537 0 0 0 0.0000 0.0000
7 105.3690 62.3515 3 1 1 0 0.6616 1 0 0 0.0000 0.0000
7 74.4528 101.6761 1 3 3 0 0.9108 1 0 0 0.0000 0.0000
7 138.1050 78.6352 4 2 1 0 0.8764 0 0 0 0.0000 0.0000
7 66.8812 103.1281 1 4 3 0 1.1619 0 0 0 0.0000 0.0000
7 104.9284 74.3248 3 1 4 0 0.4959 0 0 0 0.0000 0.0000
7 136.6960 85.7850 4 3 4 0 0.3567 0 0 0 0.0000 0.0000
7 140.3759 105.7105 4 2 1 0 0.2921 0 0 0 0.0000 0.0000
7 63.4951 112.7103 1 1 2 1 2.8362 0 0 0 0.0000 0.0000
7 64.1784 95.8536 1 3 3 0 0.4683 1 0 0 0.0000 0.0000
7 93.6008 125.3017 2 2 4 1 0.5822 0 0 0 0.0000 0.0000
7 93.8110 81.9111 3 3 2 1 0.5561 0 0 0 0.0000 0.0000
7 68.0811 97.2900 1 4 2 0 0.2406 0 0 0 0.0000 0.0000
8 59.3703 85.0339 1 2 0 0 0.8901 0 1 0 0.0000 0.0000
8 81.7712 111.1103 1 1 0 1 0.6233 1 1 0 0.0000 0.0000
8 100.2864 72.4270 3 3 0 1 0.9028 1 1 0 0.0000 0.0000
8 82.9178 60.6965 3 1 0 0 0.8525 0 1 0 0.0000 0.0000
8 117.8498 104.5631 4 2 0 0 1.0424 0 1 0 0.0000 0.0000
8 105.3890 122.3535 2 4 0 0 0.8039 0 1 0 0.0000 0.0000
8 64.2303 102.6138 1 1 0 1 1.2483 1 1 0 0.0000 0.0000
8 65.5740 101.7929 1 1 0 1 0.6480 1 1 0 0.0000 0.0000
8 65.5803 106.6743 1 1 0 1 0.6246 1 1 0 0.0000 0.0000
8 62.3993 88.2892 1 1 0 1 0.5684 1 1 0 0.0000 0.0000
8 123.5941 102.7619 4 4 0 1 1.6459 1 1 0 0.0000 0.0000
8 137.0168 95.2159 4 4 0 1 1.0399 1 1 0 0.0000 0.0000
8 89.3754 80.2530 3 2 0 0 1.0569 0 1 0 0.0000 0.0000
8 123.1753 102.4976 4 4 0 1 1.1249 1 1 0 0.0000 0.0000
8 71.8123 78.3524 1 3 0 0 0.9369 0 1 0 0.0000 0.0000
8 63.6886 99.3253 1 1 0 1 1.7508 1 1 0 0.0000 0.0000
8 68.4902 100.3769 1 1 0 1 0.9233 1 1 0 0.0000 0.0000
8 75.4131 94.6944 1 1 0 1 2.2984 1 1 0 0.0000 0.0000
8 95.5324 124.7046 2 2 0 1 1.0856 1 1 0 0.0000 0.0000
8 107.3234 140.2796 2 2 0 1 0.9287 1 1 0 0.0000 0.0000
8 130.4596 86.2393 4 4 0 1 3.1685 1 1 0 0.0000 0.0000
8 90.7772 75.4578 3 2 0 0 2.4411 0 1 0 0.0000 0.0000
8 103.8987 52.9844 3 3 0 1 0.9126 1 1 0 0.0000 0.0000
8 77.8577 103.2591 1 1 0 1 1.8863 1 1 0 0.0000 0.0000
8 143.6517 112.9284 4 4 0 1 0.9018 1 1 0 0.0000 0.0000
8 114.1970 77.1463 3 3 0 1 1.2673 1 1 0 0.0000 0.0000
8 100.1946 133.4809 2 2 0 1 0.8421 1 1 0 0.0000 0.0000
8 105.9102 134.8433 2 2 0 1 0.8568 1 1 0 0.0000 0.0000
8 118.1874 104.7384 4 2 0 0 0.9965 0 1 0 0.0000 0.0000
8 99.2885 68.1986 3 3 0 1 1.1588 1 1 0 0.0000 0.0000
8 98.0288 118.9963 2 2 0 1 0.9068 1 1 0 0.0000 0.0000
8 110.7196 116.0871 2 2 0 1 0.9226 1 1 0 0.0000 0.0000
8 100.6883 64.5680 3 3 0 1 0.8735 1 1 0 0.0000 0.0000
8 67.6983 96.7664 1 1 0 1 1.2539 1 1 0 0.0000 0.0000
8 98.0313 85.9155 3 3 0 1 1.3608 1 1 0 0.0000 0.0000
8 100.2814 82.6420 3 3 0 1 1.6550 1 1 0 0.0000 0.0000
8 113.2000 100.1867 4 2 0 0 1.2715 0 1 0 0.0000 0.0000
8 108.5905 150.0014 2 2 0 1 0.8961 1 1 0 0.0000 0.0000
8 64.6998 97.2169 1 1 0 1 1.4700 1 1 0 0.0000 0.0000
8 103.5026 142.9016 2 2 0 1 0.6528 1 1 0 0.0000 0.0000
8 87.4036 103.1563 1 2 0 0 1.2364 0 1 0 0.0000 0.0000
8 63.0102 111.5537 1 1 0 1 1.5980 1 1 0 0.0000 0.0000
8 128.0394 100.6980 4 4 0 1 1.4540 1 1 0 0.0000 0.0000
8 73.6090 100.0768 1 1 0 1 1.1295 1 1 0 0.0000 0.0000
8 74.2690 85.7949 1 1 0 1 1.5496 1 1 0 0.0000 0.0000
8 102.0303 55.2700 3 3 0 1 0.9251 1 1 0 0.0000 0.0000
8 99.3557 122.9250 2 2 0 1 1.8991 1 1 0 0.0000 0.0000
8 110.2706 135.7376 2 2 0 1 1.0616 1 1 0 0.0000 0.0000
8 93.9370 62.4624 3 3 0 1 1.2727 1 1 0 0.0000 0.0000
8 96.4548 124.9745 2 2 0 1 2.6869 1 1 0 0.0000 0.0000
8 97.7604 139.6673 2 2 0 1 0.7467 1 1 0 0.0000 0.0000
8 98.2451 120.4918 2 2 0 1 0.8686 1 1 0 0.0000 0.0000
8 111.7206 105.1756 4 2 0 0 1.2494 0 1 0 0.0000 0.0000
8 90.9195 50.3999 3 3 0 1 0.7446 1 1 0 0.0000 0.0000
8 83.5518 92.8667 1 3 0 0 2.8340 0 1 0 0.0000 0.0000
8 100.6615 138.9520 2 2 0 1 0.9777 1 1 0 0.0000 0.0000
8 123.5472 93.8877 4 2 0 0 0.9953 0 1 0 0.0000 0.0000
8 109.5893 66.1443 3 4 0 0 0.8360 0 1 0 0.0000 0.0000
8 103.7433 91.3476 4 2 0 0 1.8083 0 1 0 0.0000 0.0000
8 104.9786 107.9879 2 2 0 1 1.0287 1 1 0 0.0000 0.0000
8 115.0339 82.6380 3 2 0 0 0.8382 0 1 0 0.0000 0.0000
8 100.1202 137.3844 2 2 0 1 1.2190 1 1 0 0.0000 0.0000
8 99.0352 89.4037 3 3 0 1 0.8746 1 1 0 0.0000 0.0000
8 94.5580 127.3204 2 2 0 1 0.7593 1 1 0 0.0000 0.0000
8 127.2725 101.2891 4 2 0 0 1.0581 0 1 0 0.0000 0.0000
8 97.5037 109.7229 2 2 0 1 0.9475 1 1 0 0.0000 0.0000
8 119.6669 98.9626 4 4 0 1 0.5781 1 1 0 0.0000 0.0000
8 114.2944 103.6657 4 4 0 1 0.9515 1 1 0 0.0000 0.0000
8 132.5168 79.3665 4 4 0 1 0.7124 1 1 0 0.0000 0.0000
8 108.4486 68.6553 3 3 0 1 1.3141 1 1 0 0.0000 0.0000
8 101.4667 116.3394 2 2 0 1 0.6820 1 1 0 0.0000 0.0000
8 59.6690 94.7477 1 1 0 1 0.5457 1 1 0 0.0000 0.0000
8 58.3275 73.3529 1 1 0 1 0.6635 1 1 0 0.0000 0.0000
8 84.2333 137.9453 2 2 0 1 1.4735 1 1 0 0.0000 0.0000
8 100.2628 126.5816 2 2 0 1 0.8627 1 1 0 0.0000 0.0000
8 111.8528 115.5680 2 2 0 1 1.1966 1 1 0 0.0000 0.0000
8 54.7262 102.9481 1 1 0 1 0.8494 1 1 0 0.0000 0.0000
8 109.0030 126.8378 2 2 0 1 0.8314 1 1 0 0.0000 0.0000
8 104.7057 119.4283 2 2 0 1 0.6990 1 1 0 0.0000 0.0000
8 127.0373 102.5313 4 4 0 1 5.2194 1 1 0 0.0000 0.0000
8 98.4089 50.5345 3 3 0 1 0.7850 1 1 0 0.0000 0.0000
8 91.4105 93.8808 3 2 0 0 0.7632 0 1 0 0.0000 0.0000
8 71.0004 111.1560 1 1 0 1 1.1416 1 1 0 0.0000 0.0000
8 94.1701 78.6328 3 3 0 1 1.0820 1 1 0 0.0000 0.0000
8 79.3883 101.9495 1 2 0 0 1.1155 0 1 0 0.0000 0.0000
8 132.7261 92.5790 4 4 0 1 1.2786 1 1 0 0.0000 0.0000
8 137.3987 90.8951 4 4 0 1 0.7263 1 1 0 0.0000 0.0000
8 139.8791 103.1183 4 4 0 1 2.2879 1 1 0 0.0000 0.0000
8 139.6484 97.5681 4 4 0 1 2.1296 1 1 0 0.0000 0.0000
8 67.5129 120.7204 1 1 0 1 0.7032 1 1 0 0.0000 0.0000
8 132.7079 98.4518 4 4 0 1 0.8558 1 1 0 0.0000 0.0000
8 96.6668 66.6565 3 1 0 0 0.8204 0 1 0 0.0000 0.0000
8 104.5539 75.9852 3 3 0 1 2.2253 1 1 0 0.0000 0.0000
8 116.8181 91.3350 3 3 0 1 1.0249 1 1 0 0.0000 0.0000
8 95.9898 78.3730 3 3 0 1 1.0419 1 1 0 0.0000 0.0000
8 133.5661 96.3853 4 4 0 1 1.2024 1 1 0 0.0000 0.0000
8 133.9500 86.6055 4 2 0 0 0.8401 0 1 0 0.0000 0.0000
8 96.8514 93.5220 1 2 0 0 1.1893 0 1 0 0.0000 0.0000
8 82.7853 71.5963 3 3 0 1 1.1616 1 1 0 0.0000 0.0000
8 122.2716 97.8254 4 2 0 0 1.3422 0 1 0 0.0000 0.0000
9 95.3532 130.8562 2 2 0 1 1.0501 1 1 0 0.0000 0.0000
9 88.1528 75.4018 3 3 0 1 1.0748 1 1 0 0.0000 0.0000
9 92.9462 88.1557 3 3 0 1 1.1883 1 1 0 0.0000 0.0000
9 104.8871 113.3817 2 2 0 1 0.6970 1 1 0 0.0000 0.0000
9 97.0638 60.2841 3 3 0 1 0.7694 1 1 0 0.0000 0.0000
9 113.7865 95.2948 3 2 0 0 0.8752 0 1 0 0.0000 0.0000
9 92.0560 65.2067 3 3 0 1 0.7598 1 1 0 0.0000 0.0000
9 134.8970 112.8241 4 4 0 1 2.1778 1 1 0 0.0000 0.0000
9 79.5867 92.3888 1 1 0 1 1.2486 1 1 0 0.0000 0.0000
9 88.9110 106.8961 1 2 0 0 1.1801 0 1 0 0.0000 0.0000
9 124.1812 129.4869 4 4 0 1 1.2336 1 1 0 0.0000 0.0000
9 125.4987 91.7156 4 3 0 0 0.9676 0 1 0 0.0000 0.0000
9 94.1668 86.3556 3 2 0 0 2.5028 0 1 0 0.0000 0.0000
9 78.0881 134.8433 2 2 0 1 0.6380 1 1 0 0.0000 0.0000
9 134.6237 92.0509 4 4 0 1 0.9807 1 1 0 0.0000 0.0000
9 125.0165 87.0374 4 3 0 0 1.2527 0 1 0 0.0000 0.0000
9 123.6157 140.5805 2 2 0 1 0.7953 1 1 0 0.0000 0.0000
9 103.0292 121.9929 2 2 0 1 1.2854 1 1 0 0.0000 0.0000
9 92.0338 75.2069 3 3 0 1 0.8459 1 1 0 0.0000 0.0000
9 67.4598 105.3197 1 1 0 1 1.6582 1 1 0 0.0000 0.0000
9 95.4788 69.3943 3 1 0 0 1.3414 0 1 0 0.0000 0.0000
9 105.4727 122.0417 2 2 0 1 1.2553 1 1 0 0.0000 0.0000
9 135.1553 91.0800 4 4 0 1 1.0545 1 1 0 0.0000 0.0000
9 84.3613 143.2540 2 2 0 1 1.0097 1 1 0 0.0000 0.0000
9 55.9682 101.5119 1 1 0 1 0.8508 1 1 0 0.0000 0.0000
9 122.3346 91.6734 4 4 0 1 1.3114 1 1 0 0.0000 0.0000
9 71.1468 98.6645 1 1 0 1 1.4320 1 1 0 0.0000 0.0000
9 65.2718 109.8442 1 1 0 1 1.0508 1 1 0 0.0000 0.0000
9 99.8741 116.0471 2 2 0 1 1.9335 1 1 0 0.0000 0.0000
9 119.7145 97.1257 4 2 0 0 2.1846 0 1 0 0.0000 0.0000
9 87.3135 64.0285 3 2 0 0 0.7120 0 1 0 0.0000 0.0000
9 107.1687 132.0388 2 2 0 1 1.1210 1 1 0 0.0000 0.0000
9 129.2654 80.7698 4 2 0 0 2.1158 0 1 0 0.0000 0.0000
9 146.5705 88.5627 4 4 0 1 1.5689 1 1 0 0.0000 0.0000
9 137.7972 100.4247 4 4 0 1 0.8961 1 1 0 0.0000 0.0000
9 69.9645 86.5683 1 1 0 1 1.2461 1 1 0 0.0000 0.0000
9 81.9811 122.2044 2 2 0 1 0.8697 1 1 0 0.0000 0.0000
9 133.3195 99.7161 4 4 0 1 1.0741 1 1 0 0.0000 0.0000
9 84.6675 102.7472 1 2 0 0 1.1076 0 1 0 0.0000 0.0000
9 86.3785 114.4504 1 2 0 0 1.2708 0 1 0 0.0000 0.0000
9 123.3151 82.9203 3 4 0 0 1.1823 0 1 0 0.0000 0.0000
9 58.2609 103.3889 1 1 0 1 0.6759 1 1 0 0.0000 0.0000
9 75.5032 120.2016 1 2 0 0 0.8607 0 1 0 0.0000 0.0000
9 99.0396 118.4244 2 2 0 1 0.8896 1 1 0 0.0000 0.0000
9 105.3469 62.1127 3 3 0 1 0.5350 1 1 0 0.0000 0.0000
9 101.5544 85.0108 3 3 0 1 0.9395 1 1 0 0.0000 0.0000
9 100.7278 116.5772 2 3 0 0 0.9216 0 1 0 0.0000 0.0000
9 77.5743 106.8028 1 2 0 0 1.3838 0 1 0 0.0000 0.0000
9 67.0568 102.8144 1 1 0 1 0.9941 1 1 0 0.0000 0.0000
9 125.4167 88.3572 4 3 0 0 1.6682 0 1 0 0.0000 0.0000
