1 93.3562 125.6489 2 4 0 0 2.7006 0 1 0 0.0000 0.0000
1 58.2609 103.3889 1 3 0 0 1.2507 0 1 0 0.0000 0.0000
1 94.4599 89.8636 3 4 0 0 1.0319 0 1 0 0.0000 0.0000
1 98.6420 67.0848 3 2 0 0 0.5946 0 1 0 0.0000 0.0000
1 137.3987 90.8951 4 1 0 0 0.3913 0 1 0 0.0000 0.0000
1 90.5905 64.5018 1 2 0 0 1.2353 0 1 0 0.0000 0.0000
1 103.7433 91.3476 4 3 0 0 1.0007 0 1 0 0.0000 0.0000
1 116.1249 104.1484 4 4 0 1 1.0789 1 1 0 0.0000 0.0000
1 66.9838 90.4158 1 1 0 1 1.1883 1 1 0 0.0000 0.0000
1 118.4548 107.2515 4 4 0 1 0.9383 1 1 0 0.0000 0.0000
1 101.7032 60.1956 3 2 0 0 1.0632 0 1 0 0.0000 0.0000
1 63.8999 101.5863 1 1 0 1 0.6569 1 1 0 0.0000 0.0000
1 89.3754 80.2530 3 3 0 1 0.9227 1 1 0 0.0000 0.0000
1 93.0651 64.7039 3 2 0 0 1.4387 0 1 0 0.0000 0.0000
1 81.4458 97.6135 1 1 0 1 1.0008 1 1 0 0.0000 0.0000
1 108.4486 68.6553 3 4 0 0 0.5479 0 1 0 0.0000 0.0000
1 121.4979 110.0468 4 4 0 1 0.6883 1 1 0 0.0000 0.0000
1 75.2274 96.2135 1 3 0 0 2.5164 0 1 0 0.0000 0.0000
1 92.9179 131.8423 2 3 0 0 1.5788 0 1 0 0.0000 0.0000
1 121.2142 99.1859 4 4 0 1 0.8914 1 1 0 0.0000 0.0000
1 89.6707 66.7162 3 2 0 0 2.3447 0 1 0 0.0000 0.0000
1 101.3003 118.2468 2 2 0 1 1.2663 1 1 0 0.0000 0.0000
1 91.9709 124.1509 2 2 0 1 1.6102 1 1 0 0.0000 0.0000
1 95.5026 80.5391 3 3 0 1 0.9851 1 1 0 0.0000 0.0000
1 71.8706 91.0002 1 1 0 1 0.6257 1 1 0 0.0000 0.0000
1 143.4742 104.9102 4 4 0 1 0.6415 1 1 0 0.0000 0.0000
1 63.4951 112.7103 1 1 0 1 1.7352 1 1 0 0.0000 0.0000
1 131.9336 115.7457 4 4 0 1 1.1889 1 1 0 0.0000 0.0000
1 61.8078 120.1106 1 1 0 1 2.0320 1 1 0 0.0000 0.0000
1 90.4349 136.3736 2 3 0 0 1.0008 0 1 0 0.0000 0.0000
1 111.4199 105.7905 4 4 0 1 1.0949 1 1 0 0.0000 0.0000
1 92.9046 122.1020 2 3 0 0 2.2192 0 1 0 0.0000 0.0000
1 90.9566 126.3451 2 3 0 0 1.8757 0 1 0 0.0000 0.0000
1 88.4604 132.3513 2 2 0 1 0.8601 1 1 0 0.0000 0.0000
1 69.1136 108.5233 1 1 0 1 1.0321 1 1 0 0.0000 0.0000
1 108.8790 128.9527 2 4 0 0 1.0319 0 1 0 0.0000 0.0000
1 102.9168 122.0853 2 2 0 1 0.7351 1 1 0 0.0000 0.0000
1 137.7972 100.4247 4 4 0 1 0.8127 1 1 0 0.0000 0.0000
1 149.0769 86.5169 4 4 0 1 0.6882 1 1 0 0.0000 0.0000
1 65.4832 111.9926 1 1 0 1 1.1576 1 1 0 0.0000 0.0000
1 94.4080 49.6970 3 3 0 1 1.2039 1 1 0 0.0000 0.0000
1 70.9801 97.4984 1 1 0 1 1.0788 1 1 0 0.0000 0.0000
1 54.7262 102.9481 1 1 0 1 1.1413 1 1 0 0.0000 0.0000
1 119.9412 80.9812 3 2 0 0 1.2976 0 1 0 0.0000 0.0000
1 134.5390 105.2827 4 4 0 1 0.7663 1 1 0 0.0000 0.0000
1 107.4894 67.7759 3 3 0 1 1.1100 1 1 0 0.0000 0.0000
1 67.0555 109.5032 1 1 0 1 1.2976 1 1 0 0.0000 0.0000
1 107.9754 122.2757 2 3 0 0 1.3446 0 1 0 0.0000 0.0000
1 93.2724 118.2552 2 3 0 0 1.7039 0 1 0 0.0000 0.0000
1 118.5892 107.7876 2 4 0 0 0.9850 0 1 0 0.0000 0.0000
1 77.5715 109.9897 1 1 0 1 0.8600 1 1 0 0.0000 0.0000
1 115.0339 82.6380 3 3 0 1 1.3445 1 1 0 0.0000 0.0000
1 88.6969 141.3633 2 3 0 0 1.0164 0 1 0 0.0000 0.0000
1 113.0291 96.0229 4 2 0 0 1.0320 0 1 0 0.0000 0.0000
1 103.0627 66.6268 3 2 0 0 1.0475 0 1 0 0.0000 0.0000
1 67.5129 120.7204 1 1 0 1 0.9538 1 1 0 0.0000 0.0000
1 116.9842 121.0366 4 4 0 1 0.7506 1 1 0 0.0000 0.0000
1 136.6643 105.0332 4 4 0 1 1.4852 1 1 0 0.0000 0.0000
1 86.8404 95.0285 3 3 0 1 1.8913 1 1 0 0.0000 0.0000
1 117.2242 127.3864 2 4 0 0 1.4072 0 1 0 0.0000 0.0000
1 64.2303 102.6138 1 1 0 1 0.8094 1 1 0 0.0000 0.0000
1 122.1071 98.6297 4 2 0 0 1.3289 0 1 0 0.0000 0.0000
1 92.9690 69.1337 3 3 0 1 1.4852 1 1 0 0.0000 0.0000
1 58.3275 73.3529 1 1 0 1 0.7349 1 1 0 0.0000 0.0000
1 116.4688 89.7162 4 2 0 0 1.2663 0 1 0 0.0000 0.0000
1 69.8300 103.9540 1 1 0 1 1.2040 1 1 0 0.0000 0.0000
1 78.5336 135.8575 2 3 0 0 1.2976 0 1 0 0.0000 0.0000
1 135.9208 94.1744 4 2 0 0 1.2976 0 1 0 0.0000 0.0000
1 120.1177 97.7777 4 2 0 0 0.9225 0 1 0 0.0000 0.0000
1 98.4089 50.5345 3 3 0 1 1.2508 1 1 0 0.0000 0.0000
1 97.6390 74.1439 3 3 0 1 1.2663 1 1 0 0.0000 0.0000
1 126.2479 93.8255 4 2 0 0 1.7515 0 1 0 0.0000 0.0000
1 86.0869 61.6301 3 1 0 0 0.7039 0 1 0 0.0000 0.0000
1 138.1050 78.6352 4 3 0 0 1.0944 0 1 0 0.0000 0.0000
1 75.9614 119.5233 1 2 0 0 1.0166 0 1 0 0.0000 0.0000
1 114.2944 103.6657 4 2 0 0 1.0788 0 1 0 0.0000 0.0000
1 109.8880 115.3438 2 4 0 0 1.0946 0 1 0 0.0000 0.0000
1 77.3297 102.7611 1 1 0 1 0.8442 1 1 0 0.0000 0.0000
1 75.7972 136.1125 2 1 0 0 0.9221 0 1 0 0.0000 0.0000
1 118.1874 104.7384 4 2 0 0 1.0477 0 1 0 0.0000 0.0000
1 86.6962 51.7089 3 1 0 0 1.0320 0 1 0 0.0000 0.0000
1 102.9579 73.3276 3 2 0 0 1.7507 0 1 0 0.0000 0.0000
1 106.5160 71.4494 3 3 0 1 0.8288 1 1 0 0.0000 0.0000
1 116.7106 100.2723 4 2 0 0 1.4851 0 1 0 0.0000 0.0000
1 74.0931 102.4500 1 1 0 1 0.9696 1 1 0 0.0000 0.0000
1 108.8308 89.4585 3 3 0 1 1.0789 1 1 0 0.0000 0.0000
1 90.9880 115.6455 2 2 0 1 2.2196 1 1 0 0.0000 0.0000
1 85.1726 84.3353 1 1 0 1 1.3289 1 1 0 0.0000 0.0000
1 116.6820 143.1406 2 2 0 1 1.2822 1 1 0 0.0000 0.0000
1 84.9633 129.4892 2 3 0 0 1.5633 0 1 0 0.0000 0.0000
1 133.6930 86.1741 4 4 0 1 0.5320 1 1 0 0.0000 0.0000
1 103.3468 81.9164 3 3 0 1 2.3915 1 1 0 0.0000 0.0000
1 104.4554 125.8732 2 3 0 0 0.8133 0 1 0 0.0000 0.0000
1 121.0435 119.9764 2 4 0 0 0.8602 0 1 0 0.0000 0.0000
1 87.4036 103.1563 1 3 0 0 1.2038 0 1 0 0.0000 0.0000
1 106.3990 126.8403 2 2 0 1 0.7664 1 1 0 0.0000 0.0000
1 103.5760 77.8437 3 2 0 0 1.3444 0 1 0 0.0000 0.0000
1 71.3646 100.4742 1 1 0 1 0.6103 1 1 0 0.0000 0.0000
1 88.9286 109.5578 2 2 0 1 1.7820 1 1 0 0.0000 0.0000
1 110.6893 65.7843 3 2 0 0 1.0945 0 1 0 0.0000 0.0000
2 105.4727 122.0417 2 4 0 0 1.5785 0 1 0 0.0000 0.0000
2 60.5538 97.4907 1 1 0 1 0.7821 1 1 0 0.0000 0.0000
2 101.7707 60.4127 3 3 0 1 0.8289 1 1 0 0.0000 0.0000
2 105.9102 134.8433 2 2 0 1 1.2821 1 1 0 0.0000 0.0000
2 107.8462 71.1292 3 2 0 0 0.9850 0 1 0 0.0000 0.0000
2 102.6554 124.9706 2 3 0 0 1.1725 0 1 0 0.0000 0.0000
2 91.5616 71.1302 3 3 0 1 1.3758 1 1 0 0.0000 0.0000
2 101.5874 128.6738 2 2 0 1 1.1570 1 1 0 0.0000 0.0000
2 140.8232 100.9438 4 4 0 1 0.8758 1 1 0 0.0000 0.0000
2 135.8160 105.1594 4 4 0 1 0.9540 1 1 0 0.0000 0.0000
2 59.6690 94.7477 1 1 0 1 1.2977 1 1 0 0.0000 0.0000
2 76.5329 94.4930 1 3 0 0 0.9852 0 1 0 0.0000 0.0000
2 95.8491 76.6500 3 3 0 1 1.0162 1 1 0 0.0000 0.0000
2 81.3666 54.0435 3 3 0 1 2.2039 1 1 0 0.0000 0.0000
2 101.6947 71.4132 3 2 0 0 1.0167 0 1 0 0.0000 0.0000
2 98.2988 66.6219 3 3 0 1 1.0164 1 1 0 0.0000 0.0000
2 75.8624 81.3255 1 2 0 0 2.7507 0 1 0 0.0000 0.0000
2 107.4212 77.5781 3 3 0 1 1.0945 1 1 0 0.0000 0.0000
2 90.7274 115.0446 2 3 0 0 0.9068 0 1 0 0.0000 0.0000
2 102.3440 113.0387 2 3 0 0 1.3914 0 1 0 0.0000 0.0000
2 65.5740 101.7929 1 1 0 1 0.6731 1 1 0 0.0000 0.0000
2 70.9591 107.6042 1 1 0 1 0.7506 1 1 0 0.0000 0.0000
2 95.8101 77.8261 3 3 0 1 1.6099 1 1 0 0.0000 0.0000
2 97.8026 130.4800 2 2 0 1 1.0006 1 1 0 0.0000 0.0000
2 137.4330 97.0950 4 4 0 1 0.9227 1 1 0 0.0000 0.0000
2 98.5304 129.2492 2 2 0 1 0.9387 1 1 0 0.0000 0.0000
2 103.0445 133.7577 2 2 0 1 0.8447 1 1 0 0.0000 0.0000
2 73.7486 110.4400 1 3 0 0 1.3757 0 1 0 0.0000 0.0000
2 134.8970 112.8241 4 4 0 1 1.0320 1 1 0 0.0000 0.0000
2 88.5654 90.1056 1 3 0 0 1.2351 0 1 0 0.0000 0.0000
2 101.3815 73.0170 3 3 0 1 0.8759 1 1 0 0.0000 0.0000
2 91.3928 137.1108 2 2 0 1 0.8602 1 1 0 0.0000 0.0000
2 111.8529 106.1376 4 3 0 0 1.1879 0 1 0 0.0000 0.0000
2 82.9178 60.6965 3 1 0 0 0.7665 0 1 0 0.0000 0.0000
2 73.5563 72.2028 3 1 0 0 0.7663 0 1 0 0.0000 0.0000
2 53.1331 82.5922 1 1 0 1 0.5320 1 1 0 0.0000 0.0000
2 106.3064 69.9625 3 3 0 1 1.4227 1 1 0 0.0000 0.0000
2 122.5304 84.5825 4 3 0 0 0.7664 0 1 0 0.0000 0.0000
2 102.0303 55.2700 3 2 0 0 0.7508 0 1 0 0.0000 0.0000
2 91.3367 66.3946 3 3 0 1 2.2665 1 1 0 0.0000 0.0000
2 69.7773 107.5104 1 3 0 0 1.9070 0 1 0 0.0000 0.0000
2 103.8039 134.0234 2 4 0 0 0.9695 0 1 0 0.0000 0.0000
2 98.1891 128.3366 2 3 0 0 1.6102 0 1 0 0.0000 0.0000
2 90.6607 114.7931 2 2 0 1 0.8134 1 1 0 0.0000 0.0000
2 111.1212 118.3085 4 3 0 0 0.9382 0 1 0 0.0000 0.0000
2 99.8400 81.4098 3 2 0 0 0.6571 0 1 0 0.0000 0.0000
2 92.0560 65.2067 3 2 0 0 0.9850 0 1 0 0.0000 0.0000
2 81.9811 122.2044 2 3 0 0 0.9540 0 1 0 0.0000 0.0000
2 140.2754 107.0743 4 4 0 1 0.4695 1 1 0 0.0000 0.0000
2 107.4919 124.2660 2 2 0 1 1.6259 1 1 0 0.0000 0.0000
2 95.0595 146.4255 2 2 0 1 0.9386 1 1 0 0.0000 0.0000
2 100.6615 138.9520 2 2 0 1 0.7820 1 1 0 0.0000 0.0000
2 70.1847 112.6640 1 3 0 0 1.0633 0 1 0 0.0000 0.0000
2 78.4511 105.1860 1 1 0 1 1.1570 1 1 0 0.0000 0.0000
2 129.2816 110.8507 4 4 0 1 1.1726 1 1 0 0.0000 0.0000
2 121.3137 98.8788 4 4 0 1 0.6099 1 1 0 0.0000 0.0000
2 95.5324 124.7046 2 3 0 0 0.9073 0 1 0 0.0000 0.0000
2 95.0387 77.2566 3 3 0 1 1.1257 1 1 0 0.0000 0.0000
2 148.4004 105.7397 4 4 0 1 1.2035 1 1 0 0.0000 0.0000
2 128.0954 100.7774 4 4 0 1 1.8914 1 1 0 0.0000 0.0000
2 118.3561 111.6363 4 2 0 0 2.8130 0 1 0 0.0000 0.0000
2 88.1573 69.8247 3 1 0 0 0.8287 0 1 0 0.0000 0.0000
2 108.9143 79.3603 3 3 0 1 0.5790 1 1 0 0.0000 0.0000
2 131.2149 122.0328 4 3 0 0 1.3756 0 1 0 0.0000 0.0000
2 56.4131 94.2644 1 1 0 1 0.7979 1 1 0 0.0000 0.0000
2 129.6642 100.7962 4 4 0 1 1.7040 1 1 0 0.0000 0.0000
2 101.1719 119.2859 2 2 0 1 1.7663 1 1 0 0.0000 0.0000
2 76.1449 86.4680 1 1 0 1 3.0945 1 1 0 0.0000 0.0000
2 68.7974 98.9162 1 1 0 1 1.7510 1 1 0 0.0000 0.0000
2 127.1002 108.3619 4 4 0 1 0.9540 1 1 0 0.0000 0.0000
2 99.3557 122.9250 2 3 0 0 1.9696 0 1 0 0.0000 0.0000
2 154.9917 97.4097 4 4 0 1 1.5007 1 1 0 0.0000 0.0000
2 134.6237 92.0509 4 4 0 1 1.0161 1 1 0 0.0000 0.0000
2 90.3402 116.8999 1 3 0 0 1.4227 0 1 0 0.0000 0.0000
2 39.4733 74.9602 1 1 0 1 0.7820 1 1 0 0.0000 0.0000
2 74.4528 101.6761 1 3 0 0 1.6101 0 1 0 0.0000 0.0000
2 85.6089 129.0267 2 2 0 1 0.7035 1 1 0 0.0000 0.0000
2 96.8514 93.5220 1 2 0 0 1.3132 0 1 0 0.0000 0.0000
2 99.8924 122.9074 2 4 0 0 0.6888 0 1 0 0.0000 0.0000
2 101.9112 68.7101 3 3 0 1 0.6881 1 1 0 0.0000 0.0000
2 73.3303 105.7902 1 2 0 0 3.8758 0 1 0 0.0000 0.0000
2 73.6712 95.8782 1 1 0 1 1.5636 1 1 0 0.0000 0.0000
2 112.3647 123.1131 2 3 0 0 1.3445 0 1 0 0.0000 0.0000
2 127.9187 108.3813 4 2 0 0 0.8605 0 1 0 0.0000 0.0000
2 113.9239 134.0780 2 4 0 0 0.4851 0 1 0 0.0000 0.0000
2 132.7079 98.4518 4 2 0 0 1.7039 0 1 0 0.0000 0.0000
2 81.3311 81.8530 1 1 0 1 0.8600 1 1 0 0.0000 0.0000
2 117.2038 70.5478 3 3 0 1 0.9226 1 1 0 0.0000 0.0000
2 88.6888 98.2993 1 2 0 0 0.7977 0 1 0 0.0000 0.0000
2 133.9920 82.4607 4 4 0 1 0.7820 1 1 0 0.0000 0.0000
2 102.1550 55.7520 3 3 0 1 1.1723 1 1 0 0.0000 0.0000
2 80.6127 64.8003 3 3 0 1 0.9539 1 1 0 0.0000 0.0000
2 66.6809 92.0205 1 1 0 1 1.2977 1 1 0 0.0000 0.0000
2 125.7579 107.7674 4 4 0 1 0.9851 1 1 0 0.0000 0.0000
2 131.4001 98.8049 4 4 0 1 0.9693 1 1 0 0.0000 0.0000
2 76.5790 100.0855 1 2 0 0 1.0473 0 1 0 0.0000 0.0000
2 113.7347 110.0741 4 3 0 0 1.6258 0 1 0 0.0000 0.0000
2 94.1668 86.3556 3 1 0 0 0.7040 0 1 0 0.0000 0.0000
2 136.3717 93.2697 4 2 0 0 1.0475 0 1 0 0.0000 0.0000
2 91.6309 131.5931 2 3 0 0 1.0319 0 1 0 0.0000 0.0000
3 100.2814 82.6420 3 2 0 0 1.7033 0 1 0 0.0000 0.0000
3 76.8107 106.3702 1 1 0 1 0.7976 1 1 0 0.0000 0.0000
3 120.2600 88.8269 4 4 0 1 0.9068 1 1 0 0.0000 0.0000
3 76.3090 94.5660 1 1 0 1 1.2819 1 1 0 0.0000 0.0000
3 94.9160 127.7004 2 2 0 1 1.5010 1 1 0 0.0000 0.0000
3 94.5967 82.4114 3 2 0 0 0.8446 0 1 0 0.0000 0.0000
3 72.5930 121.4012 1 1 0 1 1.1570 1 1 0 0.0000 0.0000
3 98.5767 125.9519 2 4 0 0 0.6725 0 1 0 0.0000 0.0000
3 66.3930 108.7872 1 1 0 1 0.6567 1 1 0 0.0000 0.0000
3 93.8110 81.9111 3 3 0 1 1.3757 1 1 0 0.0000 0.0000
3 107.2509 127.7588 2 2 0 1 2.9691 1 1 0 0.0000 0.0000
3 106.9445 67.1810 3 2 0 0 1.6415 0 1 0 0.0000 0.0000
3 125.8238 82.1636 4 1 0 0 0.9694 0 1 0 0.0000 0.0000
3 108.1576 121.1709 2 2 0 1 0.7976 1 1 0 0.0000 0.0000
3 105.6702 73.1600 3 3 0 1 1.2037 1 1 0 0.0000 0.0000
3 58.4333 101.9441 1 1 0 1 1.1258 1 1 0 0.0000 0.0000
3 110.4528 128.4331 2 2 0 1 1.3138 1 1 0 0.0000 0.0000
3 88.7273 138.5179 2 3 0 0 1.3759 0 1 0 0.0000 0.0000
3 101.1555 128.3788 2 2 0 1 1.6416 1 1 0 0.0000 0.0000
3 96.0948 76.7071 3 3 0 1 1.7507 1 1 0 0.0000 0.0000
3 110.8904 77.7991 3 3 0 1 1.1101 1 1 0 0.0000 0.0000
3 82.0931 84.7054 1 1 0 1 0.7818 1 1 0 0.0000 0.0000
3 73.9319 114.8849 1 1 0 1 1.3601 1 1 0 0.0000 0.0000
3 132.7261 92.5790 4 4 0 1 0.6882 1 1 0 0.0000 0.0000
3 124.6191 98.2480 4 4 0 1 0.5952 1 1 0 0.0000 0.0000
3 71.7453 107.3721 1 1 0 1 0.9539 1 1 0 0.0000 0.0000
3 65.7857 99.0509 1 1 0 1 0.6256 1 1 0 0.0000 0.0000
3 135.2789 131.4748 4 4 0 1 0.8914 1 1 0 0.0000 0.0000
3 113.7865 95.2948 3 3 0 1 0.8602 1 1 0 0.0000 0.0000
3 103.2879 70.9612 3 3 0 1 0.7661 1 1 0 0.0000 0.0000
3 131.5554 93.7477 4 2 0 0 0.7352 0 1 0 0.0000 0.0000
3 74.2789 93.9803 1 1 0 1 0.7820 1 1 0 0.0000 0.0000
3 75.9152 124.9741 1 3 0 0 1.2820 0 1 0 0.0000 0.0000
3 126.1778 99.7698 4 2 0 0 1.1102 0 1 0 0.0000 0.0000
3 94.7207 105.7847 2 3 0 0 1.0008 0 1 0 0.0000 0.0000
3 90.7772 75.4578 3 1 0 0 0.7977 0 1 0 0.0000 0.0000
3 85.5099 78.3823 3 1 0 0 0.8288 0 1 0 0.0000 0.0000
3 102.0468 85.1780 3 2 0 0 0.6570 0 1 0 0.0000 0.0000
3 105.3632 117.7025 2 3 0 0 0.4694 0 1 0 0.0000 0.0000
3 83.8468 132.1807 2 1 0 0 0.7292 0 1 0 0.0000 0.0000
3 98.8722 73.9907 3 1 0 0 0.6882 0 1 0 0.0000 0.0000
3 108.8706 89.0201 4 3 0 0 0.2665 0 1 0 0.0000 0.0000
3 91.4105 93.8808 3 2 0 0 0.8288 0 1 0 0.0000 0.0000
3 129.5553 104.7185 4 4 0 1 0.6414 1 1 0 0.0000 0.0000
3 100.2628 126.5816 2 3 0 0 1.5319 0 1 0 0.0000 0.0000
3 108.7611 66.5369 3 3 0 1 1.7195 1 1 0 0.0000 0.0000
3 77.0563 105.1720 1 2 0 0 0.8601 0 1 0 0.0000 0.0000
3 104.7584 57.8152 3 2 0 0 1.3289 0 1 0 0.0000 0.0000
3 111.5165 115.1448 2 1 0 0 2.4067 0 1 0 0.0000 0.0000
3 107.3234 140.2796 2 2 0 1 1.9537 1 1 0 0.0000 0.0000
3 81.6602 102.3989 1 2 0 0 3.7189 0 1 0 7.7484 0.0000
3 93.1776 65.4764 3 2 0 0 6.7821 0 1 1 2.7820 0.5000
3 63.6398 102.4741 1 2 0 0 3.2039 0 1 0 1.2507 0.3333
3 114.8966 101.9000 4 4 0 1 3.3758 1 1 0 0.8288 0.2500
3 124.8673 94.9131 4 4 0 1 1.8132 1 1 1 2.6254 0.4000
3 86.9869 137.7303 2 2 0 1 1.3916 1 1 1 1.5006 0.5000
3 104.9786 107.9879 2 3 0 0 2.2354 0 1 1 1.7974 0.5714
3 98.0313 85.9155 3 3 0 1 2.4069 1 1 1 1.8912 0.6250
3 116.9347 101.9188 4 4 0 1 2.6101 1 1 0 0.4228 0.5556
3 86.3858 114.7453 1 3 0 0 2.8602 0 1 1 1.8130 0.6000
3 124.7199 97.3623 4 2 0 0 3.0161 0 1 0 2.7508 0.5455
3 78.1628 109.6438 1 1 0 1 1.9852 1 1 0 2.0319 0.5000
3 72.1357 96.4958 1 1 0 1 1.3289 1 1 1 0.7664 0.5385
3 101.5459 83.4905 3 4 0 0 2.3758 0 1 1 1.0944 0.5714
3 103.3200 134.0606 2 4 0 0 1.2976 0 1 1 2.8288 0.6000
3 123.5975 102.7674 4 4 0 1 2.1883 1 1 1 1.3912 0.6250
3 127.7061 107.1893 4 4 0 1 1.1726 1 1 1 1.4850 0.6471
3 105.2155 124.7106 2 2 0 1 4.0633 1 1 1 1.9537 0.6667
3 94.4813 130.1834 2 2 0 1 4.8604 1 1 1 2.5787 0.6842
3 93.4160 96.6826 1 3 0 0 4.4695 0 1 1 1.2195 0.7000
3 132.4578 93.5496 4 4 0 1 1.9852 1 1 1 1.5943 0.7143
3 107.7596 101.6084 4 3 0 0 3.0008 0 1 1 1.5633 0.7273
3 131.8167 93.1313 4 4 0 1 2.6103 1 1 1 1.5631 0.7391
3 78.1565 106.1586 1 3 0 0 2.8604 0 1 1 1.0163 0.7500
3 99.1364 69.9712 3 3 0 1 2.4540 1 1 1 0.8911 0.7600
3 87.3606 68.2106 3 1 0 0 1.9539 0 1 1 0.7819 0.7692
3 79.3083 92.6669 1 1 0 1 1.5321 1 1 1 0.9851 0.7778
3 55.9682 101.5119 1 1 0 1 2.0012 1 1 1 0.9540 0.7857
3 103.9174 117.3660 2 4 0 0 2.3602 0 1 1 1.3598 0.7931
3 135.3313 94.3023 4 4 0 1 2.2824 1 1 1 0.6730 0.8000
3 122.0531 99.8556 4 2 0 0 5.9694 0 1 1 1.8914 0.8065
3 120.2761 123.7163 2 4 0 0 0.8135 0 1 1 1.4850 0.8125
3 94.9933 68.5995 3 3 0 1 0.9385 1 1 1 0.9539 0.8182
3 107.8802 133.4480 2 2 0 1 3.6258 1 1 1 2.1413 0.8235
3 136.5479 103.7805 4 4 0 1 1.7976 1 1 1 0.7664 0.8286
3 97.0638 60.2841 3 3 0 1 2.7666 1 1 1 0.7981 0.8333
3 67.2599 96.2754 1 1 0 1 2.1257 1 1 1 1.4071 0.8378
3 105.3890 122.3535 2 2 0 1 4.5165 1 1 1 4.5632 0.8421
3 109.0160 110.1222 4 3 0 0 2.2352 0 1 1 0.8132 0.8462
3 63.6886 99.3253 1 1 0 1 1.5791 1 1 1 0.8288 0.8500
3 70.0570 97.8239 1 3 0 0 1.0947 0 1 1 1.3915 0.8537
3 117.3649 99.6703 4 4 0 1 2.4540 1 1 1 0.9693 0.8571
3 83.6900 97.7592 1 1 0 1 2.4071 1 1 1 0.8441 0.8605
3 121.1033 94.5771 4 1 0 0 2.4227 0 1 0 1.0630 0.8409
3 84.3642 77.5642 3 3 0 1 3.0009 1 1 0 1.2974 0.8222
3 98.2208 65.4573 3 3 0 1 6.0011 1 1 1 0.8289 0.8261
3 134.6526 106.7230 4 4 0 1 2.0946 1 1 1 0.8601 0.8298
3 97.3913 130.7559 2 2 0 1 2.1415 1 1 1 0.7505 0.8333
3 114.6830 141.2372 2 4 0 0 1.6258 0 1 1 1.0633 0.8367
3 87.3270 119.1106 2 1 0 0 2.1727 0 1 1 0.8129 0.8400
4 96.2220 119.3550 2 3 4 0 4.0165 0 0 1 1.5007 0.8431
4 77.6529 103.1860 1 1 2 1 1.1414 0 0 1 2.9681 0.8462
4 107.7221 122.8525 2 4 4 0 2.4852 1 0 1 0.8757 0.8491
4 119.7651 117.6533 2 2 1 1 3.1101 0 0 1 5.1566 0.8519
4 97.5037 109.7229 2 2 3 1 1.7978 0 0 1 1.1569 0.8545
4 82.7853 71.5963 3 1 1 0 2.4384 1 0 1 0.4851 0.8571
4 112.8350 144.2134 2 2 2 1 1.7666 1 0 1 1.6101 0.8596
4 142.5256 91.5844 4 2 2 0 2.4227 1 0 1 0.8600 0.8621
4 140.1412 112.9269 4 4 4 1 2.2196 1 0 1 1.7817 0.8644
4 88.9110 106.8961 1 1 2 1 1.6724 0 0 1 1.8445 0.8667
4 111.7934 125.1150 2 3 2 0 2.0947 0 0 1 1.1258 0.8689
4 100.1202 137.3844 2 2 2 1 2.3915 1 0 1 1.0478 0.8710
4 57.3956 106.8825 1 1 2 1 1.2507 0 0 1 1.8289 0.8730
4 123.3151 82.9203 3 3 1 1 1.7508 0 0 1 1.6725 0.8750
4 133.6609 106.8919 4 4 4 1 1.2822 1 0 1 0.7353 0.8769
4 128.3816 97.9748 4 2 2 0 2.7978 1 0 1 0.8445 0.8788
4 80.3630 107.5832 1 1 1 1 1.7040 1 0 1 1.3288 0.8806
4 84.6675 102.7472 1 1 2 1 1.4697 0 0 1 1.0007 0.8824
4 74.0738 99.6458 1 1 1 1 5.9852 1 0 1 1.6883 0.8841
4 111.8528 115.5680 2 2 2 1 1.2508 1 0 1 1.6725 0.8857
4 115.3325 116.7625 2 4 4 0 1.5790 1 0 1 0.8601 0.8873
4 95.6356 122.0070 2 2 2 1 1.2197 1 0 1 1.1724 0.8889
4 103.5026 142.9016 2 2 4 1 2.1571 0 0 1 1.2975 0.8904
4 63.8100 110.5574 1 1 4 1 1.3604 0 0 1 2.3914 0.8919
4 104.7419 95.8541 4 3 1 0 1.7665 0 0 1 2.5950 0.8933
4 95.9064 128.1414 2 2 3 1 1.9228 0 0 1 1.2347 0.8947
4 66.1732 98.4152 1 1 1 1 1.5632 1 0 1 1.2661 0.8961
4 108.3587 74.9542 3 4 3 0 2.0478 0 0 1 1.1569 0.8974
4 118.3336 94.6428 4 3 3 0 1.3758 1 0 1 0.8444 0.8987
4 88.9087 58.4290 3 3 3 1 2.0165 1 0 1 0.9225 0.9000
4 123.0373 92.7710 4 2 2 0 2.4228 1 0 1 1.4844 0.9012
4 64.0133 119.6554 1 1 4 1 3.2976 0 0 1 1.2661 0.9024
4 84.3613 143.2540 2 2 2 1 1.9696 1 0 0 0.9694 0.8916
4 88.8389 138.9016 2 2 2 1 1.9540 1 0 1 0.8756 0.8929
4 42.7977 98.7857 1 1 1 1 1.5250 1 0 1 1.1725 0.8941
4 140.9303 83.2723 4 4 4 1 1.3134 1 0 1 0.8914 0.8953
4 116.7455 95.2483 4 3 3 0 1.5321 1 0 1 1.5632 0.8966
4 127.2725 101.2891 4 2 3 0 1.5008 0 0 1 1.5163 0.8977
4 99.8686 69.5788 3 3 4 1 1.6260 0 0 1 2.6567 0.8989
4 136.1951 109.8769 4 4 1 1 1.2666 0 0 1 0.7039 0.9000
4 103.4156 75.8864 3 3 1 1 1.6727 0 0 1 0.7975 0.9011
4 108.7283 146.0765 2 2 4 1 1.9070 0 0 1 1.0787 0.9022
4 133.2758 109.7255 4 4 2 1 2.7508 0 0 1 1.5320 0.9032
4 75.8619 108.5506 1 1 4 1 1.3134 0 0 1 2.7500 0.9043
4 66.9476 106.2204 1 1 3 1 1.5630 0 0 1 3.2350 0.9053
4 115.8688 77.2415 3 2 4 0 1.6258 0 0 1 1.5788 0.9063
4 85.2607 84.4604 1 3 1 0 2.2039 0 0 1 1.8914 0.9072
4 97.3704 74.7911 3 3 3 1 1.7824 1 0 1 1.7664 0.9082
4 105.3467 81.1106 3 1 4 0 1.3756 0 0 1 0.8913 0.9091
4 127.7091 94.5345 4 3 1 0 1.1727 0 0 1 1.3288 0.9100
4 133.3195 99.7161 4 4 3 1 1.0163 0 0 0 0.0000 0.9100
4 92.7225 150.3744 2 3 4 0 0.8288 0 0 0 0.0000 0.9100
4 95.6192 81.2971 3 1 3 0 1.2820 0 0 0 0.0000 0.9100
4 74.1058 102.7346 1 1 1 1 0.6569 1 0 0 0.0000 0.9100
4 109.4239 76.8451 3 3 2 1 1.8444 0 0 0 0.0000 0.9100
4 136.6960 85.7850 4 4 1 1 0.5008 0 0 0 0.0000 0.9100
4 83.5518 92.8667 1 1 4 1 0.6885 0 0 0 0.0000 0.9100
4 101.9013 52.5659 3 2 2 0 1.1101 1 0 0 0.0000 0.9100
4 101.4667 116.3394 2 2 1 1 1.2196 0 0 0 0.0000 0.9100
4 57.9441 87.1006 1 1 1 1 0.6098 1 0 0 0.0000 0.9100
4 117.8498 104.5631 4 3 1 0 0.9695 0 0 0 0.0000 0.9100
4 70.8464 89.2329 1 1 3 1 1.2348 0 0 0 0.0000 0.9100
4 94.5523 61.3336 3 3 2 1 1.2040 0 0 0 0.0000 0.9100
4 104.8871 113.3817 2 4 4 0 0.7507 1 0 0 0.0000 0.9100
4 69.6587 95.3935 1 2 4 0 1.0320 0 0 0 0.0000 0.9100
4 100.6883 64.5680 3 3 2 1 0.7976 0 0 0 0.0000 0.9100
4 89.8963 132.1882 2 1 4 0 0.3444 0 0 0 0.0000 0.9100
4 97.2248 74.9069 3 2 3 0 0.3759 0 0 0 0.0000 0.9100
4 106.4592 68.8722 3 4 1 0 0.6102 0 0 0 0.0000 0.9100
4 100.5722 59.0357 3 3 1 1 0.8914 0 0 0 0.0000 0.9100
4 84.9137 90.1487 3 3 1 1 1.1571 0 0 0 0.0000 0.9100
4 126.4884 92.9181 4 2 2 0 0.5476 1 0 0 0.0000 0.9100
4 119.6989 106.1292 4 4 3 1 0.7820 0 0 0 0.0000 0.9100
4 110.7196 116.0871 2 4 3 0 0.7196 0 0 0 0.0000 0.9100
4 138.7935 110.5281 4 4 3 1 0.4538 0 0 0 0.0000 0.9100
4 94.1701 78.6328 3 1 2 0 0.7036 0 0 0 0.0000 0.9100
4 64.1784 95.8536 1 1 3 1 0.6357 0 0 0 0.0000 0.9100
4 103.4128 73.7752 3 3 1 1 0.7821 0 0 0 0.0000 0.9100
4 103.5668 102.0057 2 2 4 1 0.5164 0 0 0 0.0000 0.9100
4 103.5842 78.5183 3 3 2 1 0.5945 0 0 0 0.0000 0.9100
4 67.7185 92.3521 1 1 4 1 0.7977 0 0 0 0.0000 0.9100
4 131.9209 123.1288 4 2 4 0 0.9851 0 0 0 0.0000 0.9100
4 113.0986 110.6975 2 2 2 1 2.7978 1 0 0 0.0000 0.9100
4 77.0293 88.6312 1 1 3 1 0.9696 0 0 0 0.0000 0.9100
4 104.3017 71.1701 3 2 3 0 0.7663 0 0 0 0.0000 0.9100
4 110.7191 120.0225 2 3 3 0 0.3916 1 0 0 0.0000 0.9100
4 96.6394 63.9314 3 2 4 0 0.7038 0 0 0 0.0000 0.9100
4 124.0902 118.9130 4 2 3 0 0.6879 0 0 0 0.0000 0.9100
4 76.1655 80.2105 1 3 4 0 0.5476 0 0 0 0.0000 0.9100
4 82.7276 60.7880 3 1 3 0 0.4070 0 0 0 0.0000 0.9100
4 136.6758 89.3931 4 2 1 0 0.7195 0 0 0 0.0000 0.9100
4 106.6255 68.2164 3 2 3 0 0.4537 0 0 0 0.0000 0.9100
4 91.6975 118.6216 2 3 3 0 0.6568 1 0 0 0.0000 0.9100
4 150.6347 101.2032 4 4 1 1 0.6569 0 0 0 0.0000 0.9100
4 136.8027 115.4470 4 4 1 1 0.6414 0 0 0 0.0000 0.9100
4 68.0811 97.2900 1 1 4 1 0.5320 0 0 0 0.0000 0.9100
4 80.0097 106.6956 1 2 1 0 0.5945 0 0 0 0.0000 0.9100
4 84.6467 111.4268 1 3 2 0 0.8910 0 0 0 0.0000 0.9100
4 122.1670 87.2851 4 2 1 0 0.8913 0 0 0 0.0000 0.9100
4 103.3426 114.0996 2 4 1 0 0.6725 0 0 0 0.0000 0.9100
5 93.6683 67.5234 3 2 4 0 2.2660 0 0 0 0.0000 0.9100
5 99.5317 110.2907 2 3 3 0 0.7197 1 0 0 0.0000 0.9100
5 77.0428 103.0216 1 3 2 0 1.0320 0 0 0 0.0000 0.9100
5 98.4734 67.9758 3 3 2 1 0.7195 0 0 0 0.0000 0.9100
5 83.0973 99.6898 1 1 4 1 0.8290 0 0 0 0.0000 0.9100
5 113.1897 81.5377 4 2 4 0 0.3916 0 0 0 0.0000 0.9100
5 96.1414 112.7962 2 2 1 1 0.5940 0 0 0 0.0000 0.9100
5 123.7680 91.1913 4 4 2 1 0.8444 0 0 0 0.0000 0.9100
5 110.0177 129.0274 2 3 4 0 0.5639 0 0 0 0.0000 0.9100
5 132.6607 101.5893 4 2 1 0 0.3131 0 0 0 0.0000 0.9100
5 67.6983 96.7664 1 1 3 1 0.3761 0 0 0 0.0000 0.9100
5 67.3771 101.2090 1 1 3 1 0.8601 0 0 0 0.0000 0.9100
5 64.3651 104.8376 1 2 2 0 0.5164 1 0 0 0.0000 0.9100
5 112.9909 56.6666 3 1 1 0 1.2663 1 0 0 0.0000 0.9100
5 116.8181 91.3350 3 1 2 0 1.0634 0 0 0 0.0000 0.9100
5 105.9622 87.7261 3 3 4 1 0.8134 0 0 0 0.0000 0.9100
5 82.4519 94.3090 1 2 1 0 0.4852 0 0 0 0.0000 0.9100
5 90.9948 70.2116 3 1 3 0 0.5164 0 0 0 0.0000 0.9100
5 133.9500 86.6055 4 4 1 1 0.3913 0 0 0 0.0000 0.9100
5 80.0327 125.0308 2 1 1 0 0.8131 1 0 0 0.0000 0.9100
5 87.1385 149.7429 2 1 4 0 1.2663 0 0 0 0.0000 0.9100
5 62.8468 102.1042 1 4 4 0 0.2976 1 0 0 0.0000 0.9100
5 98.2451 120.4918 2 4 3 0 0.7662 0 0 0 0.0000 0.9100
5 114.5423 65.2524 3 3 4 1 0.7819 0 0 0 0.0000 0.9100
5 69.8536 99.2167 1 2 3 0 1.3758 0 0 0 0.0000 0.9100
5 110.6129 128.7154 2 3 2 0 2.0632 0 0 0 0.0000 0.9100
5 119.8556 94.2118 4 3 4 0 0.8445 0 0 0 0.0000 0.9100
5 137.0833 98.5415 4 4 2 1 0.7506 0 0 0 0.0000 0.9100
5 71.0004 111.1560 1 1 3 1 0.8754 0 0 0 0.0000 0.9100
5 98.0211 135.4689 2 2 2 1 0.7505 1 0 0 0.0000 0.9100
5 87.9524 84.3511 1 2 2 0 0.8600 1 0 0 0.0000 0.9100
5 94.9039 108.7768 2 2 3 1 1.7975 0 0 0 0.0000 0.9100
5 119.6669 98.9626 4 3 3 0 0.7350 1 0 0 0.0000 0.9100
5 115.6346 88.5311 3 2 1 0 1.1882 0 0 0 0.0000 0.9100
5 80.5136 110.9438 1 1 1 1 0.5948 1 0 0 0.0000 0.9100
5 124.0074 108.1929 4 1 4 0 0.8913 0 0 0 0.0000 0.9100
5 79.8331 109.3147 1 4 3 0 1.4854 0 0 0 0.0000 0.9100
5 89.4633 121.3259 2 3 1 0 0.6101 0 0 0 0.0000 0.9100
5 110.4730 86.6673 3 3 2 1 0.5320 0 0 0 0.0000 0.9100
5 91.8763 91.1651 1 3 2 0 0.5793 0 0 0 0.0000 0.9100
5 123.5472 93.8877 4 2 1 0 0.3915 0 0 0 0.0000 0.9100
5 120.2365 105.3651 4 1 3 0 1.2977 0 0 0 0.0000 0.9100
5 113.6511 134.4659 2 3 3 0 0.5477 1 0 0 0.0000 0.9100
5 96.9975 144.9041 2 3 4 0 0.8447 0 0 0 0.0000 0.9100
5 125.4167 88.3572 4 4 3 1 1.0789 0 0 0 0.0000 0.9100
5 53.2597 97.6524 1 4 2 0 1.1725 0 0 0 0.0000 0.9100
5 116.8400 79.5157 3 3 3 1 0.8914 1 0 0 0.0000 0.9100
5 94.9339 58.1167 3 3 3 1 1.0788 1 0 0 0.0000 0.9100
5 100.5643 73.9713 3 2 2 0 1.0316 1 0 0 0.0000 0.9100
5 104.5539 75.9852 3 1 3 0 1.0790 0 0 0 0.0000 0.9100
5 131.2836 106.8547 4 4 4 1 0.6568 1 0 0 0.0000 0.9100
5 138.9077 109.0262 4 4 1 1 1.0945 0 0 0 0.0000 0.9100
5 77.5306 86.0670 1 2 2 0 1.4070 1 0 0 0.0000 0.9100
5 69.0852 87.0812 1 2 3 0 0.5941 0 0 0 0.0000 0.9100
5 68.8092 92.9212 1 1 3 1 0.9851 0 0 0 0.0000 0.9100
5 112.4084 118.7632 4 3 1 0 0.3446 0 0 0 0.0000 0.9100
5 93.9527 116.2486 2 1 2 0 0.5163 0 0 0 0.0000 0.9100
5 109.0777 102.4331 4 2 2 0 0.5008 1 0 0 0.0000 0.9100
5 116.0171 54.0204 3 3 3 1 0.5947 1 0 0 0.0000 0.9100
5 125.3602 108.8345 4 3 2 0 0.6410 0 0 0 0.0000 0.9100
5 73.6090 100.0768 1 2 2 0 0.5162 1 0 0 0.0000 0.9100
5 66.8812 103.1281 1 2 3 0 0.6101 0 0 0 0.0000 0.9100
5 104.1968 141.2735 2 4 2 0 0.5477 0 0 0 0.0000 0.9100
5 78.0881 134.8433 2 1 4 0 0.3757 0 0 0 0.0000 0.9100
5 112.8966 126.8406 2 4 2 0 0.6102 0 0 0 0.0000 0.9100
5 100.4068 124.7725 2 3 2 0 0.5476 0 0 0 0.0000 0.9100
5 107.5802 141.2795 2 2 4 1 0.3446 0 0 0 0.0000 0.9100
5 139.6484 97.5681 4 1 3 0 0.3133 0 0 0 0.0000 0.9100
5 123.1581 86.3214 3 3 3 1 0.3445 1 0 0 0.0000 0.9100
5 61.9010 110.7270 1 1 1 1 0.7664 1 0 0 0.0000 0.9100
5 132.9753 98.2457 4 4 4 1 0.7039 1 0 0 0.0000 0.9100
5 93.6008 125.3017 2 2 2 1 0.9227 1 0 0 0.0000 0.9100
5 80.1687 102.4136 1 2 4 0 0.7510 0 0 0 0.0000 0.9100
5 92.0338 75.2069 3 1 4 0 0.7039 0 0 0 0.0000 0.9100
5 138.1587 109.2010 4 3 3 0 0.5008 1 0 0 0.0000 0.9100
5 125.3780 93.6617 4 2 4 0 0.7197 0 0 0 0.0000 0.9100
5 106.3317 61.3886 3 3 4 1 0.8755 0 0 0 0.0000 0.9100
5 74.4056 94.8732 1 1 1 1 0.7662 1 0 0 0.0000 0.9100
5 104.6776 56.5007 3 2 3 0 0.7351 0 0 0 0.0000 0.9100
5 64.7903 77.3709 1 2 3 0 0.4851 0 0 0 0.0000 0.9100
5 134.4524 99.3927 4 3 2 0 0.7665 0 0 0 0.0000 0.9100
5 106.7931 73.1952 3 4 1 0 0.7351 0 0 0 0.0000 0.9100
5 64.0041 91.5645 1 3 2 0 0.4540 0 0 0 0.0000 0.9100
5 109.5893 66.1443 3 1 1 0 0.3758 1 0 0 0.0000 0.9100
5 99.7772 123.8030 2 2 1 1 0.7039 0 0 0 0.0000 0.9100
5 79.8961 81.1035 3 3 3 1 0.3446 1 0 0 0.0000 0.9100
5 60.9801 93.5680 1 3 4 0 0.5322 0 0 0 0.0000 0.9100
5 95.9898 78.3730 3 1 1 0 0.5006 1 0 0 0.0000 0.9100
5 109.4130 86.6045 3 2 2 0 0.5478 1 0 0 0.0000 0.9100
5 124.4834 113.4982 4 4 4 1 1.2196 1 0 0 0.0000 0.9100
5 104.8418 64.5808 3 3 3 1 0.6413 1 0 0 0.0000 0.9100
5 121.7999 103.9522 4 2 1 0 0.3915 0 0 0 0.0000 0.9100
5 124.8026 92.4396 4 4 1 1 0.7818 0 0 0 0.0000 0.9100
5 107.7403 151.8154 2 1 4 0 0.4539 0 0 0 0.0000 0.9100
5 100.6753 135.6078 2 3 1 0 0.2196 0 0 0 0.0000 0.9100
5 107.1687 132.0388 2 2 1 1 0.1255 0 0 0 0.0000 0.9100
5 104.7658 137.1957 2 1 3 0 0.5790 0 0 0 0.0000 0.9100
5 139.8791 103.1183 4 3 2 0 0.5789 0 0 0 0.0000 0.9100
5 89.2490 78.6219 3 4 2 0 0.2351 0 0 0 0.0000 0.9100
5 107.5018 121.6098 2 2 3 1 0.4851 0 0 0 0.0000 0.9100
6 108.5905 150.0014 2 3 2 0 1.1805 0 0 0 0.0000 0.9100
6 99.0352 89.4037 3 2 2 0 0.4850 1 0 0 0.0000 0.9100
6 77.2926 99.9871 1 2 3 0 0.5477 0 0 0 0.0000 0.9100
6 103.6137 74.1008 3 2 1 0 0.5319 0 0 0 0.0000 0.9100
6 104.5617 56.6949 3 4 1 0 0.3286 0 0 0 0.0000 0.9100
6 100.7278 116.5772 2 2 3 1 0.6097 0 0 0 0.0000 0.9100
6 104.8713 112.1152 2 1 2 0 0.2352 0 0 0 0.0000 0.9100
6 80.1447 103.8121 1 2 3 0 0.4851 0 0 0 0.0000 0.9100
6 128.9701 121.7062 4 3 4 0 0.3598 0 0 0 0.0000 0.9100
6 85.6290 129.7241 2 2 4 1 0.7664 0 0 0 0.0000 0.9100
6 74.8396 110.4062 1 4 1 0 0.2662 0 0 0 0.0000 0.9100
6 129.2654 80.7698 4 1 2 0 0.2662 0 0 0 0.0000 0.9100
6 140.3759 105.7105 4 2 3 0 0.7351 0 0 0 0.0000 0.9100
6 79.9510 141.1002 2 3 4 0 0.3602 0 0 0 0.0000 0.9100
6 80.3229 104.6976 1 2 4 0 0.4070 0 0 0 0.0000 0.9100
6 73.1696 85.1931 1 4 1 0 0.3759 0 0 0 0.0000 0.9100
6 63.8414 99.9808 1 1 1 1 0.2977 1 0 0 0.0000 0.9100
6 118.0005 110.7687 4 4 1 1 0.9695 0 0 0 0.0000 0.9100
6 113.3941 91.5610 4 3 4 0 0.5638 0 0 0 0.0000 0.9100
6 103.0292 121.9929 2 2 3 1 0.2820 0 0 0 0.0000 0.9100
6 103.4926 123.8252 2 2 2 1 0.5008 1 0 0 0.0000 0.9100
6 138.9301 102.8864 4 3 1 0 0.5945 0 0 0 0.0000 0.9100
6 92.8701 115.4010 2 1 1 0 0.4071 1 0 0 0.0000 0.9100
6 60.3511 114.3077 1 1 4 1 0.8755 0 0 0 0.0000 0.9100
6 69.5087 113.4943 1 2 4 0 0.5162 0 0 0 0.0000 0.9100
6 114.0260 71.2138 3 3 2 1 0.4070 0 0 0 0.0000 0.9100
6 142.5410 96.0239 4 2 4 0 0.6727 0 0 0 0.0000 0.9100
6 77.5743 106.8028 1 4 4 0 1.0164 1 0 0 0.0000 0.9100
6 109.9944 128.7132 2 4 3 0 0.8911 0 0 0 0.0000 0.9100
6 83.5111 127.4984 2 3 2 0 0.7665 0 0 0 0.0000 0.9100
6 100.2872 72.8516 3 1 4 0 0.4386 0 0 0 0.0000 0.9100
6 88.9518 121.9229 2 4 4 0 0.2664 1 0 0 0.0000 0.9100
6 77.9282 100.4959 1 3 3 0 0.0166 1 0 0 0.0000 0.9100
6 87.4933 102.6541 1 4 2 0 0.2665 0 0 0 0.0000 0.9100
6 95.9689 62.9362 3 2 4 0 0.4367 0 0 0 0.0000 0.9100
6 105.3527 58.0847 3 1 1 0 0.2820 1 0 0 0.0000 0.9100
6 102.5889 83.5736 3 2 3 0 0.3289 0 0 0 0.0000 0.9100
6 106.6803 75.3501 3 3 3 1 0.2351 1 0 0 0.0000 0.9100
6 136.1853 96.6623 4 4 2 1 0.3913 0 0 0 0.0000 0.9100
6 66.1666 70.6993 1 4 4 0 0.2822 1 0 0 0.0000 0.9100
6 97.8579 128.1863 2 2 1 1 0.3756 0 0 0 0.0000 0.9100
6 64.8705 105.0281 1 1 1 1 0.2196 1 0 0 0.0000 0.9100
6 106.8346 93.8795 4 4 3 1 0.0166 0 0 0 0.0000 0.9100
6 69.9645 86.5683 1 2 3 0 0.0634 0 0 0 0.0000 0.9100
6 114.1970 77.1463 3 1 4 0 0.2038 0 0 0 0.0000 0.9100
6 104.9014 118.6219 2 1 2 0 0.0609 0 0 0 0.0000 0.9100
6 96.4548 124.9745 2 2 4 1 0.9538 0 0 0 0.0000 0.9100
6 129.4118 107.4261 4 3 2 0 1.1570 0 0 0 0.0000 0.9100
6 106.5451 94.5860 4 3 3 0 1.7038 1 0 0 0.0000 0.9100
6 97.6917 64.1212 3 1 1 0 0.0321 1 0 0 0.0000 0.9100
6 144.1202 106.3873 4 1 4 0 0.4226 0 0 0 0.0000 0.9100
6 106.8019 73.1424 3 2 1 0 0.1729 0 0 0 0.0000 0.9100
6 95.9106 133.0822 2 3 1 0 1.7351 0 0 0 0.0000 0.9100
6 135.3254 107.9271 4 1 2 0 9.3441 0 0 0 0.0000 0.9100
6 100.1930 132.4558 2 1 2 0 0.6571 0 0 0 0.0000 0.9100
6 107.6510 124.9763 2 3 2 0 0.4382 0 0 0 0.0000 0.9100
6 105.3690 62.3515 3 3 1 1 0.6257 0 0 0 0.0000 0.9100
6 112.0955 90.0869 4 2 3 0 0.5633 0 0 0 0.0000 0.9100
6 100.2263 73.7651 3 4 2 0 0.3133 0 0 0 0.0000 0.9100
6 103.2945 76.8177 3 1 4 0 0.1883 0 0 0 0.0000 0.9100
6 124.5032 78.1772 4 2 2 0 0.0944 1 0 0 0.0000 0.9100
6 130.1129 92.5924 4 2 2 0 0.4534 1 0 0 0.0000 0.9100
6 115.4950 102.4642 4 3 2 0 0.2661 0 0 0 0.0000 0.9100
6 71.1379 121.6782 1 1 3 1 0.4069 0 0 0 0.0000 0.9100
6 98.0288 118.9963 2 2 3 1 0.5318 0 0 0 0.0000 0.9100
6 52.2791 89.7587 1 3 3 0 0.1414 1 0 0 0.0000 0.9100
6 113.2000 100.1867 4 4 2 1 0.2822 0 0 0 0.0000 0.9100
6 136.0329 94.3559 4 3 1 0 0.2198 0 0 0 0.0000 0.9100
6 98.0184 84.3762 3 1 4 0 0.3445 0 0 0 0.0000 0.9100
6 131.7155 99.7142 4 2 4 0 0.3915 0 0 0 0.0000 0.9100
6 139.5657 102.7081 4 2 2 0 0.6728 1 0 0 0.0000 0.9100
6 110.4685 121.2093 2 1 2 0 1.5321 0 0 0 0.0000 0.9100
6 94.5580 127.3204 2 2 3 1 0.4696 0 0 0 0.0000 0.9100
6 75.6848 119.7178 1 2 2 0 0.4696 1 0 0 0.0000 0.9100
6 100.2864 72.4270 3 3 4 1 0.4694 0 0 0 0.0000 0.9100
6 111.2919 71.9448 3 4 1 0 0.2821 0 0 0 0.0000 0.9100
6 65.8822 90.4625 1 1 1 1 0.3445 1 0 0 0.0000 0.9100
6 107.7094 136.7320 2 2 4 1 0.2353 0 0 0 0.0000 0.9100
6 96.4913 75.5477 3 3 2 1 0.1102 0 0 0 0.0000 0.9100
6 95.7107 96.6214 1 1 1 1 0.3757 1 0 0 0.0000 0.9100
6 78.0756 96.2654 1 2 3 0 0.3446 0 0 0 0.0000 0.9100
6 99.5780 137.4124 2 2 3 1 0.3134 0 0 0 0.0000 0.9100
6 71.9726 116.2312 1 3 1 0 0.3914 0 0 0 0.0000 0.9100
6 98.1793 69.0923 3 3 4 1 0.5481 0 0 0 0.0000 0.9100
6 117.5010 78.0190 3 3 4 1 0.7352 0 0 0 0.0000 0.9100
6 82.2037 101.0427 1 1 3 1 1.6262 0 0 0 0.0000 0.9100
6 65.6183 91.4331 1 2 2 0 0.5312 1 0 0 0.0000 0.9100
6 97.0720 123.3270 2 2 1 1 0.3136 0 0 0 0.0000 0.9100
6 101.0772 80.8251 3 3 4 1 0.4069 0 0 0 0.0000 0.9100
6 95.1936 94.8259 3 4 3 0 0.4542 0 0 0 0.0000 0.9100
6 87.5448 133.7851 2 4 4 0 0.4538 1 0 0 0.0000 0.9100
6 107.6564 76.9826 3 4 3 0 0.3912 0 0 0 0.0000 0.9100
6 132.4728 91.2742 4 2 3 0 0.1567 0 0 0 0.0000 0.9100
6 79.3883 101.9495 1 3 1 0 0.4227 0 0 0 0.0000 0.9100
6 114.9372 130.4124 2 1 1 0 0.2800 1 0 0 0.0000 0.9100
6 119.7145 97.1257 4 2 1 0 0.3759 0 0 0 0.0000 0.9100
6 133.5661 96.3853 4 3 4 0 0.3131 0 0 0 0.0000 0.9100
6 58.3788 84.3613 1 1 2 1 0.2822 0 0 0 0.0000 0.9100
6 141.1648 118.9442 4 4 4 1 0.0165 1 0 0 0.0000 0.9100
6 101.1053 71.3264 3 4 3 0 0.2346 0 0 0 0.0000 0.9100
7 81.9795 108.6904 1 2 3 0 0.9848 0 0 0 0.0000 0.9100
7 104.7563 75.8659 3 1 2 0 0.3913 0 0 0 0.0000 0.9100
7 127.5829 95.3633 4 3 3 0 0.0949 1 0 0 0.0000 0.9100
7 93.9370 62.4624 3 3 4 1 0.5791 0 0 0 0.0000 0.9100
7 98.4903 82.6266 3 2 2 0 0.1416 1 0 0 0.0000 0.9100
7 101.7649 128.0355 2 4 1 0 0.3130 0 0 0 0.0000 0.9100
7 106.0402 131.1355 2 1 1 0 0.3132 1 0 0 0.0000 0.9100
7 127.0373 102.5313 4 4 2 1 0.3135 0 0 0 0.0000 0.9100
7 136.6877 95.0447 4 1 4 0 0.3758 0 0 0 0.0000 0.9100
7 74.2690 85.7949 1 4 4 0 0.3132 1 0 0 0.0000 0.9100
7 133.6424 103.4671 4 2 1 0 0.5008 0 0 0 0.0000 0.9100
7 143.8585 102.7132 4 3 3 0 0.5321 1 0 0 0.0000 0.9100
7 54.5403 100.5869 1 4 4 0 0.9537 1 0 0 0.0000 0.9100
7 76.2416 107.6445 1 1 1 1 0.5162 1 0 0 0.0000 0.9100
7 125.0520 99.4714 4 2 1 0 0.4227 0 0 0 0.0000 0.9100
7 111.7206 105.1756 4 2 2 0 0.7352 1 0 0 0.0000 0.9100
7 130.4596 86.2393 4 3 4 0 0.7817 0 0 0 0.0000 0.9100
7 126.2764 83.8192 4 1 2 0 0.5946 0 0 0 0.0000 0.9100
7 71.1015 89.3096 1 2 3 0 0.3761 0 0 0 0.0000 0.9100
7 99.2293 138.8234 2 3 4 0 0.5945 0 0 0 0.0000 0.9100
7 122.8224 101.7694 4 4 2 1 0.6570 0 0 0 0.0000 0.9100
7 123.1753 102.4976 4 1 3 0 0.8134 0 0 0 0.0000 0.9100
7 68.4902 100.3769 1 4 1 0 0.6882 0 0 0 0.0000 0.9100
7 92.9462 88.1557 3 2 4 0 0.6883 0 0 0 0.0000 0.9100
7 72.5890 103.3064 1 1 3 1 0.3913 0 0 0 0.0000 0.9100
7 109.8450 73.7830 3 2 4 0 0.3444 0 0 0 0.0000 0.9100
7 127.8129 85.9738 4 3 2 0 0.2978 0 0 0 0.0000 0.9100
7 94.8941 72.0194 3 4 4 0 0.2351 1 0 0 0.0000 0.9100
7 85.8959 100.2280 1 3 3 0 0.0164 1 0 0 0.0000 0.9100
7 131.3731 96.3049 4 4 2 1 0.2664 0 0 0 0.0000 0.9100
7 111.3216 66.9400 3 3 3 1 0.2977 1 0 0 0.0000 0.9100
7 55.6794 110.5232 1 2 4 0 0.2195 0 0 0 0.0000 0.9100
7 91.0872 110.3567 2 1 3 0 0.2978 0 0 0 0.0000 0.9100
7 95.4788 69.3943 3 2 1 0 0.2352 0 0 0 0.0000 0.9100
7 125.4987 91.7156 4 3 4 0 0.3604 0 0 0 0.0000 0.9100
7 135.4754 103.0953 4 4 2 1 0.5945 0 0 0 0.0000 0.9100
7 110.2706 135.7376 2 1 2 0 0.3728 0 0 0 0.0000 0.9100
7 116.6119 107.6445 4 2 3 0 0.3442 0 0 0 0.0000 0.9100
7 101.5083 136.7463 2 2 2 1 0.3915 1 0 0 0.0000 0.9100
7 56.7195 111.4643 1 3 1 0 0.4228 0 0 0 0.0000 0.9100
7 145.5079 105.0925 4 3 4 0 1.1261 0 0 0 0.0000 0.9100
7 90.4904 90.7713 1 4 2 0 0.3757 0 0 0 0.0000 0.9100
7 90.9195 50.3999 3 2 4 0 0.2352 0 0 0 0.0000 0.9100
7 113.0652 114.0933 2 1 3 0 0.0478 0 0 0 0.0000 0.9100
7 56.5795 97.8917 1 3 1 0 0.0947 0 0 0 0.0000 0.9100
7 108.8770 124.8040 2 1 3 0 0.3601 0 0 0 0.0000 0.9100
7 63.0102 111.5537 1 2 3 0 0.2980 0 0 0 0.0000 0.9100
7 94.8763 128.9719 2 4 1 0 0.0635 0 0 0 0.0000 0.9100
7 71.1848 108.2609 1 3 3 0 0.2983 1 0 0 0.0000 0.9100
7 99.0396 118.4244 2 2 2 1 0.3141 1 0 0 0.0000 0.9100
7 96.1304 74.5303 3 1 2 0 0.2976 0 0 0 0.0000 0.9100
7 63.4817 91.5669 1 4 1 0 0.6415 0 0 0 0.0000 0.9100
7 109.2525 147.8820 2 3 2 0 0.8290 0 0 0 0.0000 0.9100
7 100.9880 121.5908 2 4 3 0 0.9382 0 0 0 0.0000 0.9100
7 99.2885 68.1986 3 2 4 0 0.8132 0 0 0 0.0000 0.9100
7 102.2557 91.8934 3 1 1 0 0.2507 1 0 0 0.0000 0.9100
7 122.2716 97.8254 4 2 2 0 0.3133 1 0 0 0.0000 0.9100
7 106.9555 129.7324 2 1 1 0 0.3133 1 0 0 0.0000 0.9100
7 96.5532 70.7419 3 2 1 0 0.1726 0 0 0 0.0000 0.9100
7 107.7046 80.5418 3 3 2 1 0.2197 0 0 0 0.0000 0.9100
7 64.7926 86.6726 1 1 3 1 0.2978 0 0 0 0.0000 0.9100
7 94.4389 74.6188 3 2 1 0 0.6569 0 0 0 0.0000 0.9100
7 113.3018 55.9921 3 4 1 0 0.3133 0 0 0 0.0000 0.9100
7 110.4242 97.2032 4 2 1 0 0.4071 0 0 0 0.0000 0.9100
7 64.4410 99.6203 1 1 1 1 1.0944 1 0 0 0.0000 0.9100
7 62.3993 88.2892 1 1 4 1 0.4382 0 0 0 0.0000 0.9100
7 94.1610 140.3225 2 3 4 0 0.8911 0 0 0 0.0000 0.9100
7 137.0168 95.2159 4 2 2 0 0.2974 1 0 0 0.0000 0.9100
7 95.0873 138.8186 2 4 1 0 0.3601 0 0 0 0.0000 0.9100
7 59.3703 85.0339 1 1 4 1 0.0791 0 0 0 0.0000 0.9100
7 126.1796 107.6207 4 3 4 0 0.2823 0 0 0 0.0000 0.9100
7 130.3035 108.1081 4 1 4 0 0.2196 0 0 0 0.0000 0.9100
7 65.2718 109.8442 1 2 2 0 0.4224 1 0 0 0.0000 0.9100
7 107.3375 146.0332 2 4 4 0 0.5631 1 0 0 0.0000 0.9100
7 122.0819 84.6832 4 4 4 1 0.5476 1 0 0 0.0000 0.9100
7 109.1853 138.0732 2 3 1 0 0.4383 0 0 0 0.0000 0.9100
7 107.4892 144.6437 2 4 1 0 0.5789 0 0 0 0.0000 0.9100
7 100.3058 142.8041 2 2 4 1 0.2978 0 0 0 0.0000 0.9100
7 91.9884 65.8295 3 1 1 0 0.1882 1 0 0 0.0000 0.9100
7 90.9210 64.4163 3 1 4 0 0.4694 0 0 0 0.0000 0.9100
7 102.1152 59.2238 3 3 1 1 0.3288 0 0 0 0.0000 0.9100
7 91.7822 124.1051 2 2 3 1 0.7038 0 0 0 0.0000 0.9100
7 74.1195 99.1445 1 4 3 0 0.6102 0 0 0 0.0000 0.9100
7 89.9558 64.8627 3 2 2 0 0.3915 1 0 0 0.0000 0.9100
7 110.5923 67.3542 3 3 3 1 0.2506 1 0 0 0.0000 0.9100
7 104.7057 119.4283 2 1 3 0 0.4072 0 0 0 0.0000 0.9100
7 67.4598 105.3197 1 3 1 0 0.3442 0 0 0 0.0000 0.9100
7 61.1240 86.3064 1 2 4 0 0.3441 0 0 0 0.0000 0.9100
7 97.4285 121.9249 2 3 2 0 0.7666 0 0 0 0.0000 0.9100
7 135.8998 87.2633 4 2 4 0 0.6255 0 0 0 0.0000 0.9100
7 121.9180 85.3120 4 1 4 0 0.7820 0 0 0 0.0000 0.9100
7 81.7712 111.1103 1 4 1 0 0.3449 0 0 0 0.0000 0.9100
7 117.0446 134.5159 2 2 3 1 0.4538 0 0 0 0.0000 0.9100
7 105.8389 59.3266 3 1 3 0 0.7038 0 0 0 0.0000 0.9100
7 105.0474 72.4231 3 3 1 1 0.5788 0 0 0 0.0000 0.9100
7 101.9270 124.9169 2 1 2 0 0.3914 0 0 0 0.0000 0.9100
7 69.4482 106.4665 1 2 2 0 0.4380 1 0 0 0.0000 0.9100
7 105.5620 113.2681 2 4 3 0 0.4848 0 0 0 0.0000 0.9100
7 105.3469 62.1127 3 2 1 0 0.7509 0 0 0 0.0000 0.9100
7 89.6134 63.6083 3 1 2 0 0.1258 0 0 0 0.0000 0.9100
8 92.5878 154.2830 2 2 0 1 0.8910 1 1 0 0.0000 0.9100
8 143.6517 112.9284 4 4 0 1 0.7664 1 1 0 0.0000 0.9100
8 127.3768 98.4144 4 3 0 0 1.2665 0 1 0 0.0000 0.9100
8 104.3078 130.6184 2 2 0 1 0.7507 1 1 0 0.0000 0.9100
8 74.1213 97.4802 1 1 0 1 0.7351 1 1 0 0.0000 0.9100
8 104.2406 138.9003 2 2 0 1 1.2195 1 1 0 0.0000 0.9100
8 126.1289 115.0799 4 4 0 1 0.5944 1 1 0 0.0000 0.9100
8 70.7976 95.5266 1 1 0 1 0.6413 1 1 0 0.0000 0.9100
8 96.4923 64.0008 3 3 0 1 1.0008 1 1 0 0.0000 0.9100
8 136.2692 109.1555 4 4 0 1 0.9380 1 1 0 0.0000 0.9100
8 88.9937 55.4789 3 3 0 1 1.1257 1 1 0 0.0000 0.9100
8 73.2713 112.1859 1 3 0 0 1.5007 0 1 0 0.0000 0.9100
8 101.4158 66.0176 3 2 0 0 0.7976 0 1 0 0.0000 0.9100
8 69.6821 91.3549 1 1 0 1 0.5164 1 1 0 0.0000 0.9100
8 147.2658 83.1370 4 4 0 1 0.6413 1 1 0 0.0000 0.9100
8 109.2990 94.7243 4 3 0 0 0.8131 0 1 0 0.0000 0.9100
8 103.6479 80.3249 3 2 0 0 0.9538 0 1 0 0.0000 0.9100
8 68.2180 104.2906 1 1 0 1 0.7821 1 1 0 0.0000 0.9100
8 132.9935 87.5063 4 3 0 0 0.7976 0 1 0 0.0000 0.9100
8 81.7898 111.5385 2 2 0 1 0.8132 1 1 0 0.0000 0.9100
8 105.6745 113.8609 2 2 0 1 1.0790 1 1 0 0.0000 0.9100
8 68.9197 110.3770 1 1 0 1 0.7822 1 1 0 0.0000 0.9100
8 125.0165 87.0374 4 3 0 0 1.1570 0 1 0 0.0000 0.9100
8 120.9845 109.6560 4 2 0 0 0.5633 0 1 0 0.0000 0.9100
8 80.5237 83.7751 3 1 0 0 0.4071 0 1 0 0.0000 0.9100
8 101.9040 83.9635 3 3 0 1 0.5945 1 1 0 0.0000 0.9100
8 106.2040 62.1277 3 3 0 1 0.7358 1 1 0 0.0000 0.9100
8 62.6681 107.7355 1 1 0 1 0.8601 1 1 0 0.0000 0.9100
8 94.3484 71.3368 3 3 0 1 1.2820 1 1 0 0.0000 0.9100
8 96.6668 66.6565 3 3 0 1 0.9855 1 1 0 0.0000 0.9100
8 104.8673 128.2429 2 2 0 1 0.8913 1 1 0 0.0000 0.9100
8 100.4535 75.4099 3 3 0 1 1.2040 1 1 0 0.0000 0.9100
8 71.1468 98.6645 1 1 0 1 0.7819 1 1 0 0.0000 0.9100
8 75.4131 94.6944 1 2 0 0 1.8129 0 1 0 0.0000 0.9100
8 121.8181 81.1996 4 4 0 1 0.7819 1 1 0 0.0000 0.9100
8 129.2137 95.3005 4 4 0 1 0.5634 1 1 0 0.0000 0.9100
8 103.7936 74.4077 3 3 0 1 0.9692 1 1 0 0.0000 0.9100
8 126.7152 117.4950 4 2 0 0 1.2820 0 1 0 0.0000 0.9100
8 126.8054 79.3947 4 3 0 0 1.1881 0 1 0 0.0000 0.9100
8 111.1747 126.9010 2 1 0 0 1.1728 0 1 0 0.0000 0.9100
8 133.3841 95.1198 4 2 0 0 0.6415 0 1 0 0.0000 0.9100
8 94.8067 71.0829 3 4 0 0 0.6102 0 1 0 0.0000 0.9100
8 79.5867 92.3888 1 2 0 0 0.3131 0 1 0 0.0000 0.9100
8 128.0394 100.6980 4 4 0 1 0.7352 1 1 0 0.0000 0.9100
8 104.9284 74.3248 3 1 0 0 1.0945 0 1 0 0.0000 0.9100
8 99.8741 116.0471 2 2 0 1 0.9696 1 1 0 0.0000 0.9100
8 102.7899 116.4195 2 2 0 1 1.0634 1 1 0 0.0000 0.9100
8 124.5032 100.2541 4 4 0 1 1.1414 1 1 0 0.0000 0.9100
8 103.7841 117.2437 2 3 0 0 1.0164 0 1 0 0.0000 0.9100
8 76.4013 95.2955 1 1 0 1 1.0470 1 1 0 0.0000 0.9100
8 106.9334 125.3360 2 3 0 0 1.2822 0 1 0 0.0000 0.9100
8 92.6224 121.3498 2 3 0 0 2.1100 0 1 0 0.0000 0.9100
8 65.5803 106.6743 1 2 0 0 0.6881 0 1 0 0.0000 0.9100
8 96.2624 137.6255 2 1 0 0 0.5631 0 1 0 0.0000 0.9100
8 88.0723 90.5523 3 1 0 0 0.6883 0 1 0 0.0000 0.9100
8 109.0030 126.8378 2 4 0 0 0.5165 0 1 0 0.0000 0.9100
8 136.7401 101.5012 4 3 0 0 0.9071 0 1 0 0.0000 0.9100
8 129.0227 91.0200 4 2 0 0 0.4538 0 1 0 0.0000 0.9100
8 79.5622 79.5091 3 2 0 0 0.2507 0 1 0 0.0000 0.9100
8 103.8216 160.6784 2 2 0 1 0.9851 1 1 0 0.0000 0.9100
8 94.2845 48.6109 3 3 0 1 1.0007 1 1 0 0.0000 0.9100
8 111.1157 67.1623 3 3 0 1 1.1101 1 1 0 0.0000 0.9100
8 94.3007 69.4132 3 3 0 1 0.7353 1 1 0 0.0000 0.9100
8 77.9959 133.3717 2 2 0 1 1.0006 1 1 0 0.0000 0.9100
8 67.0568 102.8144 1 3 0 0 0.9383 0 1 0 0.0000 0.9100
8 94.5770 65.3457 3 2 0 0 0.8758 0 1 0 0.0000 0.9100
8 68.5902 111.2368 1 1 0 1 0.5793 1 1 0 0.0000 0.9100
8 97.7604 139.6673 2 3 0 0 0.7822 0 1 0 0.0000 0.9100
8 79.1953 108.8968 1 3 0 0 0.8915 0 1 0 0.0000 0.9100
8 87.7027 99.6187 1 2 0 0 0.8135 0 1 0 0.0000 0.9100
8 85.6570 87.3307 1 1 0 1 0.5321 1 1 0 0.0000 0.9100
8 101.8316 65.4209 3 2 0 0 0.6415 0 1 0 0.0000 0.9100
8 99.2808 114.3206 2 1 0 0 0.4385 0 1 0 0.0000 0.9100
8 70.7232 116.5256 1 2 0 0 0.2820 0 1 0 0.0000 0.9100
8 131.2137 109.6500 4 3 0 0 0.2664 0 1 0 0.0000 0.9100
8 71.0679 87.6457 1 3 0 0 1.2509 0 1 0 0.0000 0.9100
8 133.5203 113.6583 4 2 0 0 0.4075 0 1 0 0.0000 0.9100
8 104.4290 118.4309 2 3 0 0 0.9068 0 1 0 0.0000 0.9100
8 87.6377 87.8999 1 1 0 1 0.8914 1 1 0 0.0000 0.9100
8 114.5281 61.5265 3 4 0 0 0.9851 0 1 0 0.0000 0.9100
8 137.0804 110.1187 4 4 0 1 0.6725 1 1 0 0.0000 0.9100
8 95.0812 129.7580 2 2 0 1 0.9850 1 1 0 0.0000 0.9100
8 72.9761 91.8513 1 1 0 1 0.5946 1 1 0 0.0000 0.9100
8 51.4384 108.5347 1 1 0 1 0.7820 1 1 0 0.0000 0.9100
8 96.1417 70.8354 3 3 0 1 0.9071 1 1 0 0.0000 0.9100
8 98.9094 143.2802 2 2 0 1 0.6418 1 1 0 0.0000 0.9100
8 98.0162 72.5907 3 3 0 1 1.2039 1 1 0 0.0000 0.9100
8 107.9136 64.3814 3 3 0 1 0.7189 1 1 0 0.0000 0.9100
8 95.3532 130.8562 2 2 0 1 0.9539 1 1 0 0.0000 0.9100
8 87.6885 64.6841 3 2 0 0 1.1883 0 1 0 0.0000 0.9100
8 80.0384 101.4079 1 3 0 0 0.8602 0 1 0 0.0000 0.9100
8 114.0655 154.3119 2 4 0 0 0.5638 0 1 0 0.0000 0.9100
8 109.2279 139.7944 2 4 0 0 0.7353 0 1 0 0.0000 0.9100
8 71.8123 78.3524 1 1 0 1 0.8601 1 1 0 0.0000 0.9100
8 79.8248 110.0313 1 1 0 1 0.6883 1 1 0 0.0000 0.9100
8 132.9668 97.6630 4 2 0 0 1.5891 0 1 0 0.0000 0.9100
8 129.4991 98.6783 4 2 0 0 0.8289 0 1 0 0.0000 0.9100
8 108.9303 81.9381 4 3 0 0 0.7198 0 1 0 0.0000 0.9100
8 97.1936 128.5897 2 2 0 1 1.7197 1 1 0 0.0000 0.9100
8 150.1976 102.3980 4 3 0 0 0.3754 0 1 0 0.0000 0.9100
9 131.6035 100.0489 4 2 0 0 0.8282 0 1 0 0.0000 0.9100
9 99.2218 84.4636 3 1 0 0 0.7977 0 1 0 0.0000 0.9100
9 135.1553 91.0800 4 2 0 0 0.4384 0 1 0 0.0000 0.9100
9 100.1946 133.4809 2 3 0 0 0.2191 0 1 0 0.0000 0.9100
9 65.2252 109.4380 1 1 0 1 0.7040 1 1 0 0.0000 0.9100
9 119.2084 107.1740 4 3 0 0 1.0477 0 1 0 0.0000 0.9100
9 124.4760 113.3694 4 2 0 0 0.9545 0 1 0 0.0000 0.9100
9 101.8314 70.9860 3 3 0 1 0.7819 1 1 0 0.0000 0.9100
9 80.4441 103.3211 1 3 0 0 1.1103 0 1 0 0.0000 0.9100
9 129.6425 91.9746 4 2 0 0 0.7039 0 1 0 0.0000 0.9100
9 118.2760 134.3861 2 4 0 0 0.4851 0 1 0 0.0000 0.9100
9 116.2361 104.3239 4 3 0 0 1.5010 0 1 0 0.0000 0.9100
9 63.2691 104.2814 1 1 0 1 0.7195 1 1 0 0.0000 0.9100
9 91.6651 129.7944 2 2 0 1 1.0007 1 1 0 0.0000 0.9100
9 100.4483 55.0481 3 3 0 1 1.1258 1 1 0 0.0000 0.9100
9 105.2428 69.6735 3 3 0 1 0.5634 1 1 0 0.0000 0.9100
9 71.6742 104.6640 1 1 0 1 1.0634 1 1 0 0.0000 0.9100
9 129.3278 121.8224 4 4 0 1 0.9071 1 1 0 0.0000 0.9100
9 91.8422 58.5898 3 3 0 1 1.0790 1 1 0 0.0000 0.9100
9 90.7955 75.5635 3 3 0 1 0.7979 1 1 0 0.0000 0.9100
9 123.5913 90.9964 3 4 0 0 0.9539 0 1 0 0.0000 0.9100
9 132.5168 79.3665 4 2 0 0 0.7198 0 1 0 0.0000 0.9100
9 120.7779 94.1121 4 4 0 1 0.5166 1 1 0 0.0000 0.9100
9 97.3481 129.1895 2 3 0 0 1.1414 0 1 0 0.0000 0.9100
9 77.8577 103.2591 1 2 0 0 0.6106 0 1 0 0.0000 0.9100
9 81.1348 85.8898 1 1 0 1 0.4537 1 1 0 0.0000 0.9100
9 75.2236 88.3775 1 1 0 1 1.1725 1 1 0 0.0000 0.9100
9 87.7432 121.7098 2 3 0 0 1.4540 0 1 0 0.0000 0.9100
9 91.9341 128.1148 2 1 0 0 1.0164 0 1 0 0.0000 0.9100
9 89.2050 134.1374 2 2 0 1 0.0478 1 1 0 0.0000 0.9100
9 70.5587 113.6624 1 2 0 0 0.7662 0 1 0 0.0000 0.9100
9 101.5544 85.0108 3 3 0 1 1.4702 1 1 0 0.0000 0.9100
9 95.7718 76.3855 3 3 0 1 0.8133 1 1 0 0.0000 0.9100
9 149.8503 85.6629 4 2 0 0 0.7821 0 1 0 0.0000 0.9100
9 93.0298 127.9223 2 2 0 1 1.2351 1 1 0 0.0000 0.9100
9 124.1812 129.4869 4 3 0 0 0.8915 0 1 0 0.0000 0.9100
9 78.2270 104.3290 1 1 0 1 0.7349 1 1 0 0.0000 0.9100
9 75.5032 120.2016 1 2 0 0 1.0011 0 1 0 0.0000 0.9100
9 90.7604 118.0055 2 3 0 0 0.8916 0 1 0 0.0000 0.9100
9 87.3135 64.0285 3 1 0 0 0.6881 0 1 0 0.0000 0.9100
9 110.0655 62.6440 3 2 0 0 0.7976 0 1 0 0.0000 0.9100
9 122.1147 103.2817 4 4 0 1 0.8130 1 1 0 0.0000 0.9100
9 56.6860 103.5982 1 1 0 1 0.9538 1 1 0 0.0000 0.9100
9 98.2771 121.0598 2 2 0 1 0.7823 1 1 0 0.0000 0.9100
9 121.8793 109.9178 4 3 0 0 0.8447 0 1 0 0.0000 0.9100
9 65.6660 89.5178 1 1 0 1 0.8289 1 1 0 0.0000 0.9100
9 91.5153 109.5289 2 3 0 0 0.8290 0 1 0 0.0000 0.9100
9 90.2395 128.2253 2 2 0 1 1.1726 1 1 0 0.0000 0.9100
9 92.5923 132.0602 2 3 0 0 1.1257 0 1 0 0.0000 0.9100
9 102.5619 50.8807 3 3 0 1 0.5321 1 1 0 0.0000 0.9100
