1 101.5874 128.6738 2 2 0 1 2.2664 1 1 0 0.0000 0.0000
1 97.8579 128.1863 2 2 0 1 2.5900 1 1 0 0.0000 0.0000
1 109.5893 66.1443 3 2 0 0 2.0567 0 1 0 0.0000 0.0000
1 84.3613 143.2540 2 2 0 1 3.3814 1 1 0 0.0000 0.0000
1 70.1847 112.6640 1 1 0 1 1.4602 1 1 0 0.0000 0.0000
1 119.7145 97.1257 4 1 0 0 2.8657 0 1 0 0.0000 0.0000
1 138.9077 109.0262 4 3 0 0 0.8344 0 1 0 0.0000 0.0000
1 125.4167 88.3572 4 4 0 1 0.6404 1 1 0 0.0000 0.0000
1 90.5905 64.5018 1 3 0 0 1.1443 0 1 0 0.0000 0.0000
1 93.9370 62.4624 3 1 0 0 0.5570 0 1 0 0.0000 0.0000
1 97.2248 74.9069 3 4 0 0 0.3249 0 1 0 0.0000 0.0000
1 117.5010 78.0190 3 2 0 0 0.4057 0 1 0 0.0000 0.0000
1 119.8556 94.2118 4 2 0 0 1.6225 0 1 0 0.0000 0.0000
1 85.1726 84.3353 1 1 0 1 0.8708 1 1 0 0.0000 0.0000
1 80.0097 106.6956 1 1 0 1 0.9641 1 1 0 0.0000 0.0000
1 104.2406 138.9003 2 2 0 1 1.0289 1 1 0 0.0000 0.0000
1 90.4349 136.3736 2 2 0 1 1.2066 1 1 0 0.0000 0.0000
1 109.4239 76.8451 3 4 0 0 0.7644 0 1 0 0.0000 0.0000
1 127.1002 108.3619 4 3 0 0 1.3832 0 1 0 0.0000 0.0000
1 122.3346 91.6734 4 1 0 0 0.7540 0 1 0 0.0000 0.0000
1 66.9838 90.4158 1 1 0 1 0.9409 1 1 0 0.0000 0.0000
1 105.3690 62.3515 3 3 0 1 1.9176 1 1 0 0.0000 0.0000
1 87.4036 103.1563 1 1 0 1 1.3024 1 1 0 0.0000 0.0000
1 102.0303 55.2700 3 3 0 1 0.7852 1 1 0 0.0000 0.0000
1 84.6467 111.4268 1 1 0 1 0.6999 1 1 0 0.0000 0.0000
1 116.8181 91.3350 3 3 0 1 1.0458 1 1 0 0.0000 0.0000
1 107.4894 67.7759 3 4 0 0 0.8235 0 1 0 0.0000 0.0000
1 136.6877 95.0447 4 3 0 0 0.8214 0 1 0 0.0000 0.0000
1 119.9412 80.9812 3 4 0 0 1.0092 0 1 0 0.0000 0.0000
1 111.1212 118.3085 4 3 0 0 0.8510 0 1 0 0.0000 0.0000
1 131.9336 115.7457 4 2 0 0 0.8010 0 1 0 0.0000 0.0000
1 71.6742 104.6640 1 1 0 1 0.5875 1 1 0 0.0000 0.0000
1 80.0327 125.0308 2 1 0 0 0.6274 0 1 0 0.0000 0.0000
1 58.4333 101.9441 1 1 0 1 1.0682 1 1 0 0.0000 0.0000
1 131.6035 100.0489 4 3 0 0 2.4959 0 1 0 0.0000 0.0000
1 94.3007 69.4132 3 3 0 1 1.4298 1 1 0 0.0000 0.0000
1 90.7604 118.0055 2 2 0 1 1.0096 1 1 0 0.0000 0.0000
1 116.1249 104.1484 4 3 0 0 1.4112 0 1 0 0.0000 0.0000
1 77.6529 103.1860 1 2 0 0 1.1180 0 1 0 0.0000 0.0000
1 102.1152 59.2238 3 3 0 1 1.1849 1 1 0 0.0000 0.0000
1 99.8924 122.9074 2 4 0 0 1.1256 0 1 0 0.0000 0.0000
1 117.0446 134.5159 2 4 0 0 0.8274 0 1 0 0.0000 0.0000
1 120.9845 109.6560 4 4 0 1 0.4552 1 1 0 0.0000 0.0000
1 84.2333 137.9453 2 2 0 1 0.7640 1 1 0 0.0000 0.0000
1 103.7433 91.3476 4 4 0 1 2.7278 1 1 0 0.0000 0.0000
1 101.1053 71.3264 3 3 0 1 1.3336 1 1 0 0.0000 0.0000
1 78.0881 134.8433 2 2 0 1 0.8615 1 1 0 0.0000 0.0000
1 59.3703 85.0339 1 1 0 1 0.5062 1 1 0 0.0000 0.0000
1 91.6975 118.6216 2 2 0 1 0.5590 1 1 0 0.0000 0.0000
1 150.6347 101.2032 4 4 0 1 1.6688 1 1 0 0.0000 0.0000
1 66.3930 108.7872 1 2 0 0 1.0465 0 1 0 0.0000 0.0000
1 87.6885 64.6841 3 3 0 1 1.7034 1 1 0 0.0000 0.0000
1 57.9441 87.1006 1 1 0 1 1.1463 1 1 0 0.0000 0.0000
1 93.2724 118.2552 2 2 0 1 0.6871 1 1 0 0.0000 0.0000
1 131.8167 93.1313 4 4 0 1 0.4718 1 1 0 0.0000 0.0000
1 89.2490 78.6219 3 3 0 1 0.6526 1 1 0 0.0000 0.0000
1 58.3788 84.3613 1 1 0 1 1.0285 1 1 0 0.0000 0.0000
1 101.8314 70.9860 3 3 0 1 1.3981 1 1 0 0.0000 0.0000
1 59.6690 94.7477 1 1 0 1 0.9589 1 1 0 0.0000 0.0000
1 68.8092 92.9212 1 1 0 1 0.7358 1 1 0 0.0000 0.0000
1 101.7032 60.1956 3 3 0 1 0.7615 1 1 0 0.0000 0.0000
1 123.5941 102.7619 4 4 0 1 1.0443 1 1 0 0.0000 0.0000
1 137.3987 90.8951 4 4 0 1 0.7412 1 1 0 0.0000 0.0000
1 98.1891 128.3366 2 2 0 1 1.3119 1 1 0 0.0000 0.0000
1 71.7453 107.3721 1 2 0 0 0.6807 0 1 0 0.0000 0.0000
1 107.4212 77.5781 3 3 0 1 0.9137 1 1 0 0.0000 0.0000
1 100.2263 73.7651 3 3 0 1 0.6404 1 1 0 0.0000 0.0000
1 72.5930 121.4012 1 2 0 0 1.0320 0 1 0 0.0000 0.0000
1 99.0352 89.4037 3 2 0 0 1.7209 0 1 0 0.0000 0.0000
1 136.5479 103.7805 4 4 0 1 0.6837 1 1 0 0.0000 0.0000
1 126.7152 117.4950 4 4 0 1 0.5995 1 1 0 0.0000 0.0000
1 113.6511 134.4659 2 2 0 1 1.0874 1 1 0 0.0000 0.0000
1 107.4892 144.6437 2 2 0 1 0.6752 1 1 0 0.0000 0.0000
1 138.1587 109.2010 4 2 0 0 1.5330 0 1 0 0.0000 0.0000
1 80.4441 103.3211 1 2 0 0 0.5568 0 1 0 0.0000 0.0000
1 143.6140 95.9601 4 4 0 1 0.7065 1 1 0 0.0000 0.0000
1 100.1946 133.4809 2 2 0 1 0.6065 1 1 0 0.0000 0.0000
1 90.3402 116.8999 1 2 0 0 0.7091 0 1 0 0.0000 0.0000
1 62.3993 88.2892 1 2 0 0 0.4460 0 1 0 0.0000 0.0000
1 98.6420 67.0848 3 1 0 0 0.5768 0 1 0 0.0000 0.0000
1 68.5902 111.2368 1 1 0 1 1.0965 1 1 0 0.0000 0.0000
1 129.2654 80.7698 4 4 0 1 0.7005 1 1 0 0.0000 0.0000
1 115.0339 82.6380 3 4 0 0 1.9412 0 1 0 0.0000 0.0000
1 102.5619 50.8807 3 3 0 1 0.6410 1 1 0 0.0000 0.0000
1 140.3759 105.7105 4 4 0 1 0.6149 1 1 0 0.0000 0.0000
1 65.6660 89.5178 1 1 0 1 1.1027 1 1 0 0.0000 0.0000
1 105.4858 142.3728 2 2 0 1 1.0915 1 1 0 0.0000 0.0000
1 112.8350 144.2134 2 2 0 1 0.6473 1 1 0 0.0000 0.0000
1 107.7094 136.7320 2 2 0 1 0.6230 1 1 0 0.0000 0.0000
1 119.7651 117.6533 2 4 0 0 0.7759 0 1 0 0.0000 0.0000
1 94.8763 128.9719 2 2 0 1 1.6186 1 1 0 0.0000 0.0000
1 66.1732 98.4152 1 1 0 1 0.7244 1 1 0 0.0000 0.0000
1 104.8713 112.1152 2 3 0 0 2.2863 0 1 0 0.0000 0.0000
1 112.0955 90.0869 4 4 0 1 1.1359 1 1 0 0.0000 0.0000
1 90.6607 114.7931 2 4 0 0 1.0457 0 1 0 0.0000 0.0000
1 133.5203 113.6583 4 4 0 1 0.4715 1 1 0 0.0000 0.0000
1 93.8110 81.9111 3 3 0 1 0.6184 1 1 0 0.0000 0.0000
1 83.2440 87.2348 3 3 0 1 0.7714 1 1 0 0.0000 0.0000
1 109.8880 115.3438 2 4 0 0 0.7959 0 1 0 0.0000 0.0000
1 71.8706 91.0002 1 1 0 1 0.7440 1 1 0 0.0000 0.0000
2 103.9174 117.3660 2 3 0 0 3.7216 0 1 0 0.0000 0.0000
2 100.4483 55.0481 3 3 0 1 0.7001 1 1 0 0.0000 0.0000
2 107.8462 71.1292 3 3 0 1 0.7240 1 1 0 0.0000 0.0000
2 96.9975 144.9041 2 2 0 1 0.8777 1 1 0 0.0000 0.0000
2 64.3651 104.8376 1 1 0 1 0.9236 1 1 0 0.0000 0.0000
2 61.1240 86.3064 1 1 0 1 0.6697 1 1 0 0.0000 0.0000
2 132.5168 79.3665 4 4 0 1 0.9642 1 1 0 0.0000 0.0000
2 107.7596 101.6084 4 3 0 0 1.9559 0 1 0 0.0000 0.0000
2 98.4903 82.6266 3 4 0 0 1.4056 0 1 0 0.0000 0.0000
2 101.9270 124.9169 2 2 0 1 1.5924 1 1 0 0.0000 0.0000
2 106.2040 62.1277 3 3 0 1 1.1624 1 1 0 0.0000 0.0000
2 88.5755 154.7110 2 2 0 1 0.8640 1 1 0 0.0000 0.0000
2 129.5553 104.7185 4 4 0 1 2.2047 1 1 0 0.0000 0.0000
2 111.8528 115.5680 2 2 0 1 1.9474 1 1 0 0.0000 0.0000
2 131.3731 96.3049 4 4 0 1 0.6922 1 1 0 0.0000 0.0000
2 114.8966 101.9000 4 4 0 1 1.0380 1 1 0 0.0000 0.0000
2 92.7225 150.3744 2 2 0 1 0.9438 1 1 0 0.0000 0.0000
2 106.7931 73.1952 3 4 0 0 1.7257 0 1 0 0.0000 0.0000
2 108.1576 121.1709 2 2 0 1 1.4575 1 1 0 0.0000 0.0000
2 107.9136 64.3814 3 3 0 1 0.5892 1 1 0 0.0000 0.0000
2 94.4389 74.6188 3 3 0 1 0.6760 1 1 0 0.0000 0.0000
2 103.4156 75.8864 3 1 0 0 1.4518 0 1 0 0.0000 0.0000
2 101.9112 68.7101 3 3 0 1 0.5039 1 1 0 0.0000 0.0000
2 111.7206 105.1756 4 2 0 0 0.9714 0 1 0 0.0000 0.0000
2 106.5451 94.5860 4 3 0 0 1.3544 0 1 0 0.0000 0.0000
2 75.9152 124.9741 1 2 0 0 0.7714 0 1 0 0.0000 0.0000
2 84.3642 77.5642 3 1 0 0 1.0698 0 1 0 0.0000 0.0000
2 120.2600 88.8269 4 3 0 0 0.8316 0 1 0 0.0000 0.0000
2 96.1414 112.7962 2 2 0 1 0.7655 1 1 0 0.0000 0.0000
2 69.8536 99.2167 1 1 0 1 1.1912 1 1 0 0.0000 0.0000
2 127.3768 98.4144 4 4 0 1 0.7500 1 1 0 0.0000 0.0000
2 70.9801 97.4984 1 1 0 1 0.8239 1 1 0 0.0000 0.0000
2 84.6675 102.7472 1 1 0 1 0.7237 1 1 0 0.0000 0.0000
2 71.1848 108.2609 1 1 0 1 0.5575 1 1 0 0.0000 0.0000
2 96.6668 66.6565 3 3 0 1 1.0584 1 1 0 0.0000 0.0000
2 87.7027 99.6187 1 1 0 1 1.4770 1 1 0 0.0000 0.0000
2 67.6983 96.7664 1 1 0 1 0.5619 1 1 0 0.0000 0.0000
2 86.3858 114.7453 1 1 0 1 1.8456 1 1 0 0.0000 0.0000
2 105.6745 113.8609 2 3 0 0 0.8934 0 1 0 0.0000 0.0000
2 94.7207 105.7847 2 1 0 0 1.0513 0 1 0 0.0000 0.0000
2 92.9462 88.1557 3 3 0 1 0.8771 1 1 0 0.0000 0.0000
2 122.1147 103.2817 4 4 0 1 2.8737 1 1 0 0.0000 0.0000
2 122.0819 84.6832 4 4 0 1 0.7005 1 1 0 0.0000 0.0000
2 109.0030 126.8378 2 2 0 1 0.9973 1 1 0 0.0000 0.0000
2 78.1628 109.6438 1 2 0 0 0.6951 0 1 0 0.0000 0.0000
2 114.1970 77.1463 3 4 0 0 0.7043 0 1 0 0.0000 0.0000
2 98.5304 129.2492 2 2 0 1 1.0818 1 1 0 0.0000 0.0000
2 67.4598 105.3197 1 1 0 1 1.5815 1 1 0 0.0000 0.0000
2 105.6702 73.1600 3 3 0 1 1.0053 1 1 0 0.0000 0.0000
2 108.5905 150.0014 2 2 0 1 1.7901 1 1 0 0.0000 0.0000
2 85.7585 122.9180 2 2 0 1 1.4428 1 1 0 0.0000 0.0000
2 109.0777 102.4331 4 4 0 1 3.0074 1 1 0 0.0000 0.0000
2 123.3151 82.9203 3 4 0 0 0.8203 0 1 0 0.0000 0.0000
2 84.0640 104.1338 1 2 0 0 1.8420 0 1 0 0.0000 0.0000
2 101.7649 128.0355 2 2 0 1 0.5528 1 1 0 0.0000 0.0000
2 64.8654 97.4523 1 1 0 1 0.5096 1 1 0 0.0000 0.0000
2 110.4242 97.2032 4 3 0 0 0.7537 0 1 0 0.0000 0.0000
2 78.1565 106.1586 1 1 0 1 0.8443 1 1 0 0.0000 0.0000
2 110.7191 120.0225 2 2 0 1 1.4982 1 1 0 0.0000 0.0000
2 56.4131 94.2644 1 1 0 1 1.4628 1 1 0 0.0000 0.0000
2 90.9948 70.2116 3 3 0 1 1.1726 1 1 0 0.0000 0.0000
2 129.2137 95.3005 4 4 0 1 0.6335 1 1 0 0.0000 0.0000
2 70.5587 113.6624 1 1 0 1 1.8572 1 1 0 0.0000 0.0000
2 118.3336 94.6428 4 4 0 1 1.0481 1 1 0 0.0000 0.0000
2 90.9210 64.4163 3 3 0 1 0.5538 1 1 0 0.0000 0.0000
2 107.5018 121.6098 2 2 0 1 0.9747 1 1 0 0.0000 0.0000
2 95.9064 128.1414 2 2 0 1 0.7343 1 1 0 0.0000 0.0000
2 86.1985 132.7623 2 2 0 1 0.6802 1 1 0 0.0000 0.0000
2 63.6886 99.3253 1 1 0 1 0.5921 1 1 0 0.0000 0.0000
2 114.9372 130.4124 2 2 0 1 0.8379 1 1 0 0.0000 0.0000
2 63.4951 112.7103 1 1 0 1 0.8817 1 1 0 0.0000 0.0000
2 136.7401 101.5012 4 4 0 1 0.5915 1 1 0 0.0000 0.0000
2 94.4813 130.1834 2 2 0 1 0.7584 1 1 0 0.0000 0.0000
2 89.3754 80.2530 3 3 0 1 1.3441 1 1 0 0.0000 0.0000
2 80.5237 83.7751 3 1 0 0 1.8969 0 1 0 0.0000 0.0000
2 94.9339 58.1167 3 3 0 1 0.6887 1 1 0 0.0000 0.0000
2 77.9282 100.4959 1 1 0 1 2.4744 1 1 0 0.0000 0.0000
2 131.5554 93.7477 4 4 0 1 0.8981 1 1 0 0.0000 0.0000
2 76.5790 100.0855 1 1 0 1 0.9760 1 1 0 0.0000 0.0000
2 123.5975 102.7674 4 4 0 1 0.9118 1 1 0 0.0000 0.0000
2 98.0162 72.5907 3 3 0 1 2.3835 1 1 0 0.0000 0.0000
2 74.8396 110.4062 1 1 0 1 0.9792 1 1 0 0.0000 0.0000
2 108.4486 68.6553 3 3 0 1 3.3149 1 1 0 0.0000 0.0000
2 123.5472 93.8877 4 4 0 1 0.6719 1 1 0 0.0000 0.0000
2 108.9303 81.9381 4 4 0 1 0.7117 1 1 0 0.0000 0.0000
2 100.9880 121.5908 2 2 0 1 1.7603 1 1 0 0.0000 0.0000
2 127.8129 85.9738 4 4 0 1 0.9791 1 1 0 0.0000 0.0000
2 98.9094 143.2802 2 2 0 1 0.8990 1 1 0 0.0000 0.0000
2 77.9959 133.3717 2 2 0 1 0.6247 1 1 0 0.0000 0.0000
2 106.3064 69.9625 3 3 0 1 0.9185 1 1 0 0.0000 0.0000
2 64.0133 119.6554 1 1 0 1 1.2692 1 1 0 0.0000 0.0000
2 101.3815 73.0170 3 3 0 1 0.7011 1 1 0 0.0000 0.0000
2 121.2142 99.1859 4 4 0 1 0.5170 1 1 0 0.0000 0.0000
2 121.0435 119.9764 2 2 0 1 0.8569 1 1 0 0.0000 0.0000
2 79.3883 101.9495 1 3 0 0 1.2056 0 1 0 0.0000 0.0000
2 127.2725 101.2891 4 4 0 1 1.3085 1 1 0 0.0000 0.0000
2 136.1853 96.6623 4 4 0 1 0.5161 1 1 0 0.0000 0.0000
2 81.9795 108.6904 1 3 0 0 2.4559 0 1 0 0.0000 0.0000
2 103.5842 78.5183 3 3 0 1 0.7187 1 1 0 0.0000 0.0000
2 124.0902 118.9130 4 4 0 1 0.7595 1 1 0 0.0000 0.0000
3 128.3816 97.9748 4 4 0 1 1.4978 1 1 0 0.0000 0.0000
3 124.1812 129.4869 4 2 0 0 1.0040 0 1 0 0.0000 0.0000
3 100.2814 82.6420 3 3 0 1 0.7797 1 1 0 0.0000 0.0000
3 97.0638 60.2841 3 3 0 1 1.0635 1 1 0 0.0000 0.0000
3 71.9726 116.2312 1 1 0 1 1.2084 1 1 0 0.0000 0.0000
3 108.3587 74.9542 3 3 0 1 0.6702 1 1 0 0.0000 0.0000
3 116.7455 95.2483 4 3 0 0 0.7240 0 1 0 0.0000 0.0000
3 101.4667 116.3394 2 2 0 1 0.7339 1 1 0 0.0000 0.0000
3 65.2252 109.4380 1 1 0 1 1.4306 1 1 0 0.0000 0.0000
3 58.3275 73.3529 1 1 0 1 0.6904 1 1 0 0.0000 0.0000
3 147.2658 83.1370 4 4 0 1 0.7312 1 1 0 0.0000 0.0000
3 100.1202 137.3844 2 2 0 1 1.1091 1 1 0 0.0000 0.0000
3 107.6510 124.9763 2 2 0 1 1.2087 1 1 0 0.0000 0.0000
3 114.6830 141.2372 2 2 0 1 0.4936 1 1 0 0.0000 0.0000
3 93.3562 125.6489 2 2 0 1 0.5604 1 1 0 0.0000 0.0000
3 55.9682 101.5119 1 1 0 1 0.6773 1 1 0 0.0000 0.0000
3 80.6127 64.8003 3 1 0 0 0.5571 0 1 0 0.0000 0.0000
3 92.8701 115.4010 2 2 0 1 0.6269 1 1 0 0.0000 0.0000
3 77.5715 109.9897 1 1 0 1 1.4187 1 1 0 0.0000 0.0000
3 90.9566 126.3451 2 2 0 1 0.5815 1 1 0 0.0000 0.0000
3 91.9709 124.1509 2 2 0 1 0.5713 1 1 0 0.0000 0.0000
3 98.9164 142.1705 2 2 0 1 0.6261 1 1 0 0.0000 0.0000
3 132.4728 91.2742 4 4 0 1 0.8891 1 1 0 0.0000 0.0000
3 101.8316 65.4209 3 3 0 1 0.7428 1 1 0 0.0000 0.0000
3 132.9668 97.6630 4 4 0 1 0.8486 1 1 0 0.0000 0.0000
3 81.3311 81.8530 1 1 0 1 1.0384 1 1 0 0.0000 0.0000
3 110.8904 77.7991 3 3 0 1 1.4401 1 1 0 0.0000 0.0000
3 87.3135 64.0285 3 3 0 1 0.7960 1 1 0 0.0000 0.0000
3 122.2716 97.8254 4 2 0 0 1.6398 0 1 0 0.0000 0.0000
3 118.0005 110.7687 4 2 0 0 1.2085 0 1 0 0.0000 0.0000
3 78.2750 98.0735 1 3 0 0 1.0863 0 1 0 0.0000 0.0000
3 105.3890 122.3535 2 2 0 1 0.8631 1 1 0 0.0000 0.0000
3 148.4004 105.7397 4 4 0 1 0.7970 1 1 0 0.0000 0.0000
3 123.5913 90.9964 3 4 0 0 1.0187 0 1 0 0.0000 0.0000
3 88.9937 55.4789 3 3 0 1 0.7166 1 1 0 0.0000 0.0000
3 98.0313 85.9155 3 3 0 1 1.2053 1 1 0 0.0000 0.0000
3 123.1581 86.3214 3 4 0 0 1.4500 0 1 0 0.0000 0.0000
3 79.5622 79.5091 3 3 0 1 0.6629 1 1 0 0.0000 0.0000
3 103.7841 117.2437 2 2 0 1 1.1348 1 1 0 0.0000 0.0000
3 69.8300 103.9540 1 1 0 1 1.4428 1 1 0 0.0000 0.0000
3 88.9286 109.5578 2 3 0 0 2.6223 0 1 0 0.0000 0.0000
3 95.8101 77.8261 3 3 0 1 0.7281 1 1 0 0.0000 0.0000
3 104.0930 67.8945 3 3 0 1 0.7058 1 1 0 0.0000 0.0000
3 109.4130 86.6045 3 3 0 1 1.2575 1 1 0 0.0000 0.0000
3 95.8447 83.3202 3 3 0 1 0.5914 1 1 0 0.0000 0.0000
3 68.4902 100.3769 1 1 0 1 0.9022 1 1 0 0.0000 0.0000
3 76.3090 94.5660 1 1 0 1 0.4520 1 1 0 0.0000 0.0000
3 105.4727 122.0417 2 2 0 1 1.0468 1 1 0 0.0000 0.0000
3 69.5087 113.4943 1 1 0 1 0.6317 1 1 0 0.0000 0.0000
3 141.1648 118.9442 4 4 0 1 0.6544 1 1 0 0.0000 0.0000
3 132.4578 93.5496 4 4 0 1 4.9652 1 1 0 0.8544 0.0000
3 104.3078 130.6184 2 2 0 1 2.8589 1 1 0 0.6094 0.0000
3 137.4330 97.0950 4 4 0 1 1.9818 1 1 1 2.4449 0.3333
3 69.7773 107.5104 1 2 0 0 3.5909 0 1 1 1.0724 0.5000
3 129.0227 91.0200 4 4 0 1 1.2716 1 1 1 0.7900 0.6000
3 121.9180 85.3120 4 4 0 1 2.0532 1 1 1 0.9836 0.6667
3 133.9500 86.6055 4 4 0 1 1.2288 1 1 1 1.3683 0.7143
3 100.2628 126.5816 2 2 0 1 1.6553 1 1 1 0.9118 0.7500
3 104.7057 119.4283 2 2 0 1 1.5309 1 1 1 1.1594 0.7778
3 79.8248 110.0313 1 1 0 1 1.6165 1 1 1 0.6800 0.8000
3 95.6356 122.0070 2 2 0 1 1.1893 1 1 1 0.9117 0.8182
3 94.8067 71.0829 3 3 0 1 1.9079 1 1 1 0.5143 0.8333
3 80.1447 103.8121 1 2 0 0 2.6824 0 1 0 0.8609 0.7692
3 69.0852 87.0812 1 1 0 1 2.9991 1 1 1 0.8082 0.7857
3 108.9143 79.3603 3 4 0 0 1.0637 0 1 1 1.1033 0.8000
3 74.2690 85.7949 1 1 0 1 1.8633 1 1 1 0.8369 0.8125
3 106.9555 129.7324 2 2 0 1 1.7358 1 1 1 0.4953 0.8235
3 113.0986 110.6975 2 2 0 1 2.4873 1 1 1 0.5159 0.8333
3 54.5403 100.5869 1 1 0 1 1.0532 1 1 1 0.7245 0.8421
3 91.4105 93.8808 3 2 0 0 2.9083 0 1 1 0.8421 0.8500
3 105.2905 110.1930 2 2 0 1 2.1940 1 1 1 0.6397 0.8571
3 106.3990 126.8403 2 2 0 1 1.0038 1 1 1 0.6903 0.8636
3 124.0074 108.1929 4 4 0 1 1.2815 1 1 1 0.9111 0.8696
3 61.8078 120.1106 1 1 0 1 0.9711 1 1 1 1.7026 0.8750
3 75.7972 136.1125 2 2 0 1 1.0928 1 1 1 0.9173 0.8800
3 121.8181 81.1996 4 4 0 1 1.1916 1 1 1 0.7719 0.8846
3 105.5005 79.1120 3 3 0 1 2.3219 1 1 1 0.8274 0.8889
3 91.9341 128.1148 2 2 0 1 0.9398 1 1 1 0.8971 0.8929
3 71.0679 87.6457 1 1 0 1 1.5883 1 1 1 0.6948 0.8966
3 96.8514 93.5220 1 3 0 0 1.0539 0 1 1 1.0534 0.9000
3 69.1136 108.5233 1 1 0 1 1.2513 1 1 1 0.5461 0.9032
3 76.2416 107.6445 1 1 0 1 1.3724 1 1 1 0.5878 0.9063
3 108.7611 66.5369 3 4 0 0 1.0859 0 1 1 0.7044 0.9091
3 103.2879 70.9612 3 3 0 1 1.1646 1 1 1 0.7111 0.9118
3 99.2885 68.1986 3 3 0 1 1.6053 1 1 1 0.4588 0.9143
3 99.8686 69.5788 3 3 0 1 0.9615 1 1 1 0.7594 0.9167
3 146.5705 88.5627 4 4 0 1 1.1115 1 1 1 0.8000 0.9189
3 76.1449 86.4680 1 1 0 1 1.0562 1 1 1 0.7917 0.9211
3 120.2365 105.3651 4 4 0 1 0.7909 1 1 1 0.8243 0.9231
3 124.8673 94.9131 4 4 0 1 3.2877 1 1 1 0.7940 0.9250
3 99.3557 122.9250 2 2 0 1 1.3221 1 1 1 0.7126 0.9268
3 140.8232 100.9438 4 2 0 0 2.5027 0 1 1 1.2031 0.9286
3 116.2361 104.3239 4 2 0 0 1.6131 0 1 1 0.8676 0.9302
3 94.1668 86.3556 3 3 0 1 1.1089 1 1 1 1.1185 0.9318
3 60.9801 93.5680 1 1 0 1 1.0465 1 1 1 0.6052 0.9333
3 78.4511 105.1860 1 1 0 1 1.8481 1 1 1 0.7566 0.9348
3 116.7106 100.2723 4 3 0 0 1.0748 0 1 1 1.1312 0.9362
3 96.4548 124.9745 2 2 0 1 1.1885 1 1 1 1.5029 0.9375
3 122.5304 84.5825 4 3 0 0 1.0891 0 1 1 1.1446 0.9388
3 113.3941 91.5610 4 3 0 0 2.6126 0 1 1 0.8340 0.9400
4 100.4535 75.4099 3 3 2 1 1.3099 0 0 1 1.0563 0.9412
4 80.0384 101.4079 1 3 4 0 1.9515 0 0 1 1.4459 0.9423
4 105.2155 124.7106 2 2 4 1 1.2211 0 0 1 2.0985 0.9434
4 136.8027 115.4470 4 4 3 1 1.2186 0 0 1 1.7113 0.9444
4 93.4160 96.6826 1 3 4 0 2.0860 0 0 1 2.7615 0.9455
4 143.6517 112.9284 4 2 4 0 1.6767 0 0 1 0.6430 0.9464
4 107.2683 82.1691 3 3 1 1 1.0544 0 0 1 1.1098 0.9474
4 124.4760 113.3694 4 3 3 0 1.5909 1 0 1 0.7574 0.9483
4 99.2808 114.3206 2 3 4 0 0.8036 0 0 1 0.8211 0.9492
4 133.2758 109.7255 4 3 2 0 1.6372 0 0 1 0.5547 0.9500
4 110.0177 129.0274 2 1 1 0 0.8205 1 0 1 1.1904 0.9508
4 113.2000 100.1867 4 1 1 0 1.7114 1 0 1 1.5449 0.9516
4 73.2713 112.1859 1 2 3 0 2.6032 0 0 1 1.4985 0.9524
4 92.5878 154.2830 2 2 2 1 1.5986 1 0 1 0.9951 0.9531
4 86.0869 61.6301 3 3 2 1 2.7751 0 0 1 1.0026 0.9538
4 135.3313 94.3023 4 3 3 0 1.2567 1 0 1 2.3662 0.9545
4 135.3254 107.9271 4 3 3 0 1.3354 1 0 1 1.6377 0.9552
4 116.6820 143.1406 2 2 3 1 1.6360 0 0 1 1.4433 0.9559
4 90.9195 50.3999 3 2 4 0 1.6363 0 0 1 1.1779 0.9565
4 121.4979 110.0468 4 3 3 0 1.6198 1 0 1 0.4428 0.9571
4 88.4604 132.3513 2 4 2 0 1.4249 0 0 1 0.7732 0.9577
4 82.2037 101.0427 1 2 2 0 1.2673 1 0 1 2.1277 0.9583
4 97.7604 139.6673 2 2 1 1 1.6325 0 0 1 0.6144 0.9589
4 96.0948 76.7071 3 3 1 1 2.5855 0 0 0 1.5860 0.9459
4 103.6479 80.3249 3 2 4 0 2.2608 0 0 1 0.7964 0.9467
4 139.8791 103.1183 4 3 1 0 0.8997 0 0 1 2.1271 0.9474
4 95.0873 138.8186 2 1 2 0 2.3058 0 0 1 0.8888 0.9481
4 75.2236 88.3775 1 1 2 1 1.9148 0 0 1 0.5833 0.9487
4 68.2180 104.2906 1 1 1 1 1.1525 1 0 1 0.7469 0.9494
4 69.4482 106.4665 1 1 2 1 1.6732 0 0 1 1.0725 0.9500
4 122.1670 87.2851 4 3 2 0 1.6017 0 0 1 2.2380 0.9506
4 115.8688 77.2415 3 3 4 1 1.3162 0 0 1 0.8018 0.9512
4 117.3649 99.6703 4 4 1 1 1.2038 0 0 1 0.8793 0.9518
4 103.5026 142.9016 2 2 3 1 1.0736 0 0 1 0.7930 0.9524
4 101.0772 80.8251 3 1 3 0 0.5213 0 0 1 0.9468 0.9529
4 71.0004 111.1560 1 1 3 1 1.1428 0 0 1 1.6493 0.9535
4 135.8160 105.1594 4 3 2 0 0.7753 0 0 1 0.7600 0.9540
4 99.8741 116.0471 2 4 1 0 0.0872 0 0 0 0.9047 0.9432
4 105.3632 117.7025 2 3 3 0 0.5395 1 0 1 1.1105 0.9438
4 105.8389 59.3266 3 3 2 1 1.9984 0 0 1 0.6219 0.9444
4 125.7579 107.7674 4 4 3 1 1.3850 0 0 1 0.6028 0.9451
4 102.1490 115.6918 4 1 2 0 0.3906 0 0 1 0.8473 0.9457
4 124.7199 97.3623 4 1 3 0 0.5206 0 0 0 0.5382 0.9355
4 92.5239 112.3685 2 1 3 0 0.0833 0 0 1 0.7878 0.9362
4 124.8026 92.4396 4 1 2 0 0.9000 0 0 1 1.0174 0.9368
4 110.4528 128.4331 2 1 3 0 0.5004 0 0 1 1.4151 0.9375
4 97.3704 74.7911 3 1 4 0 0.3813 0 0 1 0.9087 0.9381
4 68.9197 110.3770 1 1 3 1 0.4550 0 0 1 0.5998 0.9388
4 76.5329 94.4930 1 1 4 1 0.5934 0 0 1 0.7502 0.9394
4 101.7707 60.4127 3 1 1 0 0.4204 1 0 1 0.7568 0.9400
4 96.2624 137.6255 2 4 4 0 2.2557 1 0 0 0.0000 0.9400
4 101.9013 52.5659 3 1 1 0 0.8814 1 0 0 0.0000 0.9400
4 67.0568 102.8144 1 3 4 0 1.9991 0 0 0 0.0000 0.9400
4 65.5740 101.7929 1 2 1 0 0.6508 0 0 0 0.0000 0.9400
4 92.9046 122.1020 2 2 2 1 0.8816 1 0 0 0.0000 0.9400
4 140.1412 112.9269 4 3 3 0 1.9994 1 0 0 0.0000 0.9400
4 114.0655 154.3119 2 1 2 0 3.2411 0 0 0 0.0000 0.9400
4 137.0804 110.1187 4 3 3 0 2.5338 1 0 0 0.0000 0.9400
4 113.3018 55.9921 3 2 3 0 4.7503 0 0 0 0.0000 0.9400
4 80.1687 102.4136 1 3 4 0 4.7829 0 0 0 0.0000 0.9400
4 76.4013 95.2955 1 1 3 1 0.8167 0 0 0 0.0000 0.9400
4 129.6642 100.7962 4 3 4 0 1.7705 0 0 0 0.0000 0.9400
4 99.8400 81.4098 3 1 1 0 1.0383 1 0 0 0.0000 0.9400
4 110.4730 86.6673 3 1 4 0 3.7919 0 0 0 0.0000 0.9400
4 101.5459 83.4905 3 1 1 0 0.6306 1 0 0 0.0000 0.9400
4 96.1417 70.8354 3 1 1 0 0.5905 1 0 0 0.0000 0.9400
4 83.0973 99.6898 1 3 3 0 1.1244 1 0 0 0.0000 0.9400
4 113.1897 81.5377 4 3 3 0 1.0961 1 0 0 0.0000 0.9400
4 108.8706 89.0201 4 3 3 0 0.7159 1 0 0 0.0000 0.9400
4 86.8404 95.0285 3 3 4 1 0.8529 0 0 0 0.0000 0.9400
4 110.6893 65.7843 3 1 1 0 0.7685 1 0 0 0.0000 0.9400
4 96.4990 80.8376 3 1 2 0 0.6034 0 0 0 0.0000 0.9400
4 96.2220 119.3550 2 3 3 0 0.5303 1 0 0 0.0000 0.9400
4 77.5743 106.8028 1 3 1 0 0.6960 0 0 0 0.0000 0.9400
4 94.4599 89.8636 3 1 2 0 0.8639 0 0 0 0.0000 0.9400
4 82.0931 84.7054 1 3 1 0 0.6216 0 0 0 0.0000 0.9400
4 81.9811 122.2044 2 1 2 0 2.0363 0 0 0 0.0000 0.9400
4 109.2525 147.8820 2 3 1 0 1.0072 0 0 0 0.0000 0.9400
4 70.7976 95.5266 1 1 2 1 1.0230 0 0 0 0.0000 0.9400
4 106.6803 75.3501 3 4 1 0 0.5768 0 0 0 0.0000 0.9400
4 67.3771 101.2090 1 2 2 0 0.6466 1 0 0 0.0000 0.9400
4 119.6669 98.9626 4 3 4 0 1.6304 0 0 0 0.0000 0.9400
4 58.2609 103.3889 1 2 4 0 0.4801 0 0 0 0.0000 0.9400
4 110.4685 121.2093 2 4 2 0 1.3149 0 0 0 0.0000 0.9400
4 112.3647 123.1131 2 3 1 0 0.4917 0 0 0 0.0000 0.9400
4 85.6290 129.7241 2 2 3 1 0.8957 0 0 0 0.0000 0.9400
4 88.0723 90.5523 3 1 2 0 0.7324 0 0 0 0.0000 0.9400
4 85.6570 87.3307 1 3 3 0 0.5334 1 0 0 0.0000 0.9400
4 118.2760 134.3861 2 4 1 0 1.0180 0 0 0 0.0000 0.9400
4 131.2137 109.6500 4 3 4 0 0.5069 0 0 0 0.0000 0.9400
4 79.9215 80.1434 1 3 2 0 0.8628 0 0 0 0.0000 0.9400
4 121.3137 98.8788 4 3 4 0 0.5555 0 0 0 0.0000 0.9400
4 100.2864 72.4270 3 1 1 0 0.2563 1 0 0 0.0000 0.9400
4 107.9754 122.2757 2 2 1 1 0.7321 0 0 0 0.0000 0.9400
4 135.1553 91.0800 4 1 4 0 0.2150 0 0 0 0.0000 0.9400
4 77.2926 99.9871 1 3 2 0 0.3069 0 0 0 0.0000 0.9400
4 82.9178 60.6965 3 4 3 0 0.2738 0 0 0 0.0000 0.9400
4 93.0298 127.9223 2 3 3 0 0.3206 1 0 0 0.0000 0.9400
4 60.3511 114.3077 1 2 2 0 1.7273 1 0 0 0.0000 0.9400
4 49.0672 104.1744 1 2 1 0 0.5771 0 0 0 0.0000 0.9400
5 103.3426 114.0996 2 3 3 0 0.9217 1 0 0 0.0000 0.9400
5 99.7772 123.8030 2 3 4 0 0.7496 0 0 0 0.0000 0.9400
5 69.9645 86.5683 1 2 2 0 0.7913 1 0 0 0.0000 0.9400
5 63.8100 110.5574 1 4 2 0 0.6582 0 0 0 0.0000 0.9400
5 146.6449 104.1139 4 3 2 0 1.0979 0 0 0 0.0000 0.9400
5 64.1784 95.8536 1 2 1 0 1.3558 0 0 0 0.0000 0.9400
5 84.9633 129.4892 2 1 1 0 1.2043 1 0 0 0.0000 0.9400
5 64.7926 86.6726 1 1 4 1 0.6662 0 0 0 0.0000 0.9400
5 87.3270 119.1106 2 1 3 0 0.7401 0 0 0 0.0000 0.9400
5 106.8019 73.1424 3 2 4 0 0.7329 0 0 0 0.0000 0.9400
5 74.0738 99.6458 1 2 1 0 3.9435 0 0 0 0.0000 0.9400
5 89.8963 132.1882 2 3 1 0 0.9963 0 0 0 0.0000 0.9400
5 92.9690 69.1337 3 3 4 1 0.0053 0 0 0 0.0000 0.9400
5 131.7155 99.7142 4 3 2 0 0.5730 0 0 0 0.0000 0.9400
5 110.6129 128.7154 2 4 4 0 0.0668 1 0 0 0.0000 0.9400
5 99.0396 118.4244 2 4 4 0 0.4287 1 0 0 0.0000 0.9400
5 116.4688 89.7162 4 4 4 1 0.3025 1 0 0 0.0000 0.9400
5 115.6346 88.5311 3 4 1 0 0.2243 0 0 0 0.0000 0.9400
5 61.9010 110.7270 1 3 4 0 0.1102 0 0 0 0.0000 0.9400
5 136.6421 100.5962 4 4 1 1 0.5050 0 0 0 0.0000 0.9400
5 103.2945 76.8177 3 1 4 0 0.7019 0 0 0 0.0000 0.9400
5 80.3630 107.5832 1 3 2 0 0.3917 0 0 0 0.0000 0.9400
5 75.9614 119.5233 1 2 3 0 0.5045 0 0 0 0.0000 0.9400
5 103.4926 123.8252 2 3 2 0 0.2204 0 0 0 0.0000 0.9400
5 138.1050 78.6352 4 4 2 1 0.1374 0 0 0 0.0000 0.9400
5 125.0520 99.4714 4 3 4 0 0.1331 0 0 0 0.0000 0.9400
5 100.2872 72.8516 3 1 3 0 0.4799 0 0 0 0.0000 0.9400
5 56.6860 103.5982 1 2 1 0 0.2107 0 0 0 0.0000 0.9400
5 87.6377 87.8999 1 4 3 0 0.0156 0 0 0 0.0000 0.9400
5 108.7283 146.0765 2 3 3 0 0.3586 1 0 0 0.0000 0.9400
5 95.4788 69.3943 3 4 4 0 1.3012 1 0 0 0.0000 0.9400
5 72.5069 95.0757 1 1 4 1 1.3580 0 0 0 0.0000 0.9400
5 138.7935 110.5281 4 4 4 1 0.8388 1 0 0 0.0000 0.9400
5 72.1357 96.4958 1 2 3 0 0.2417 0 0 0 0.0000 0.9400
5 101.5544 85.0108 3 3 2 1 1.3114 0 0 0 0.0000 0.9400
5 95.5324 124.7046 2 1 3 0 0.2003 0 0 0 0.0000 0.9400
5 101.3003 118.2468 2 3 2 0 0.4213 0 0 0 0.0000 0.9400
5 74.1213 97.4802 1 2 4 0 0.2150 0 0 0 0.0000 0.9400
5 144.1202 106.3873 4 2 1 0 0.2449 0 0 0 0.0000 0.9400
5 103.3468 81.9164 3 3 3 1 0.6586 1 0 0 0.0000 0.9400
5 103.8987 52.9844 3 3 4 1 0.6044 0 0 0 0.0000 0.9400
5 110.0655 62.6440 3 1 2 0 0.5652 0 0 0 0.0000 0.9400
5 86.3785 114.4504 1 3 1 0 0.7012 0 0 0 0.0000 0.9400
5 118.4548 107.2515 4 2 4 0 0.0699 0 0 0 0.0000 0.9400
5 82.9756 154.2510 2 3 3 0 0.5288 1 0 0 0.0000 0.9400
5 107.7046 80.5418 3 2 4 0 1.3336 0 0 0 0.0000 0.9400
5 121.8793 109.9178 4 1 2 0 1.0074 0 0 0 0.0000 0.9400
5 63.0102 111.5537 1 4 1 0 0.9611 0 0 0 0.0000 0.9400
5 96.1304 74.5303 3 2 4 0 0.3230 0 0 0 0.0000 0.9400
5 127.7061 107.1893 4 1 3 0 0.0037 0 0 0 0.0000 0.9400
5 116.8400 79.5157 3 1 4 0 0.7156 0 0 0 0.0000 0.9400
5 149.0769 86.5169 4 3 4 0 0.8214 0 0 0 0.0000 0.9400
5 78.0756 96.2654 1 1 1 1 0.4661 1 0 0 0.0000 0.9400
5 65.2718 109.8442 1 1 1 1 0.4371 1 0 0 0.0000 0.9400
5 133.6424 103.4671 4 3 2 0 0.6329 0 0 0 0.0000 0.9400
5 143.4742 104.9102 4 4 4 1 0.6247 1 0 0 0.0000 0.9400
5 100.4068 124.7725 2 3 1 0 0.9206 0 0 0 0.0000 0.9400
5 118.5892 107.7876 2 2 1 1 0.8374 0 0 0 0.0000 0.9400
5 91.9586 81.3687 3 2 4 0 0.4342 0 0 0 0.0000 0.9400
5 137.0833 98.5415 4 2 2 0 0.2621 1 0 0 0.0000 0.9400
5 95.7718 76.3855 3 4 4 0 1.7018 1 0 0 0.0000 0.9400
5 94.5770 65.3457 3 4 1 0 0.5357 0 0 0 0.0000 0.9400
5 106.9334 125.3360 2 3 4 0 0.5415 0 0 0 0.0000 0.9400
5 135.9208 94.1744 4 4 3 1 0.8992 0 0 0 0.0000 0.9400
5 83.8468 132.1807 2 1 1 0 0.7537 1 0 0 0.0000 0.9400
5 107.3234 140.2796 2 1 4 0 0.5898 0 0 0 0.0000 0.9400
5 123.6157 140.5805 2 3 2 0 1.3007 0 0 0 0.0000 0.9400
5 97.8026 130.4800 2 2 3 1 0.2535 0 0 0 0.0000 0.9400
5 132.7079 98.4518 4 1 3 0 0.2034 0 0 0 0.0000 0.9400
5 133.9920 82.4607 4 3 4 0 0.0103 0 0 0 0.0000 0.9400
5 94.9933 68.5995 3 3 3 1 0.1930 1 0 0 0.0000 0.9400
5 99.5780 137.4124 2 1 4 0 0.2728 0 0 0 0.0000 0.9400
5 64.0041 91.5645 1 2 4 0 0.3037 0 0 0 0.0000 0.9400
5 67.2599 96.2754 1 1 4 1 0.3227 0 0 0 0.0000 0.9400
5 114.5281 61.5265 3 3 3 1 0.5934 1 0 0 0.0000 0.9400
5 93.0651 64.7039 3 3 3 1 0.3762 1 0 0 0.0000 0.9400
5 68.0811 97.2900 1 4 2 0 0.6172 0 0 0 0.0000 0.9400
5 94.5967 82.4114 3 3 1 1 0.4649 0 0 0 0.0000 0.9400
5 124.5032 78.1772 4 1 2 0 0.1627 0 0 0 0.0000 0.9400
5 97.4285 121.9249 2 2 4 1 0.2875 0 0 0 0.0000 0.9400
5 116.9347 101.9188 4 3 4 0 0.2694 0 0 0 0.0000 0.9400
5 97.1936 128.5897 2 3 2 0 0.2684 0 0 0 0.0000 0.9400
5 72.0866 111.0079 1 1 1 1 0.5061 1 0 0 0.0000 0.9400
5 95.5026 80.5391 3 1 1 0 0.4159 1 0 0 0.0000 0.9400
5 93.3909 63.3240 3 1 1 0 0.4657 1 0 0 0.0000 0.9400
5 88.1528 75.4018 3 1 3 0 0.4365 0 0 0 0.0000 0.9400
5 85.8959 100.2280 1 4 2 0 0.0554 0 0 0 0.0000 0.9400
5 127.9187 108.3813 4 1 3 0 0.2573 0 0 0 0.0000 0.9400
5 100.3058 142.8041 2 3 3 0 0.2862 1 0 0 0.0000 0.9400
5 81.4458 97.6135 1 3 1 0 0.7650 0 0 0 0.0000 0.9400
5 102.2557 91.8934 3 3 2 1 0.4397 0 0 0 0.0000 0.9400
5 118.1874 104.7384 4 1 2 0 0.2826 0 0 0 0.0000 0.9400
5 72.9761 91.8513 1 3 4 0 0.2334 0 0 0 0.0000 0.9400
5 136.6960 85.7850 4 1 2 0 1.8160 0 0 0 0.0000 0.9400
5 93.6683 67.5234 3 3 1 1 0.0931 0 0 0 0.0000 0.9400
5 104.4554 125.8732 2 4 2 0 0.1518 0 0 0 0.0000 0.9400
5 111.4199 105.7905 4 2 3 0 0.3227 0 0 0 0.0000 0.9400
5 97.5037 109.7229 2 1 1 0 0.2566 1 0 0 0.0000 0.9400
5 121.1033 94.5771 4 1 4 0 0.4455 0 0 0 0.0000 0.9400
5 52.2791 89.7587 1 3 4 0 0.3693 0 0 0 0.0000 0.9400
6 64.7903 77.3709 1 2 2 0 0.7460 1 0 0 0.0000 0.9400
6 94.2845 48.6109 3 2 4 0 0.4227 0 0 0 0.0000 0.9400
6 93.3553 104.9840 1 1 4 1 0.1845 0 0 0 0.0000 0.9400
6 135.2789 131.4748 4 3 3 0 0.4853 1 0 0 0.0000 0.9400
6 106.6255 68.2164 3 3 4 1 0.3441 0 0 0 0.0000 0.9400
6 73.1696 85.1931 1 2 2 0 0.3441 1 0 0 0.0000 0.9400
6 99.1364 69.9712 3 2 2 0 0.4727 1 0 0 0.0000 0.9400
6 140.2754 107.0743 4 3 3 0 0.7337 1 0 0 0.0000 0.9400
6 91.0872 110.3567 2 3 4 0 0.8886 0 0 0 0.0000 0.9400
6 81.7712 111.1103 1 1 1 1 1.2692 1 0 0 0.0000 0.9400
6 91.7822 124.1051 2 1 1 0 1.3731 1 0 0 0.0000 0.9400
6 104.7584 57.8152 3 2 2 0 0.6928 1 0 0 0.0000 0.9400
6 70.9591 107.6042 1 1 2 1 1.3906 0 0 0 0.0000 0.9400
6 104.7563 75.8659 3 2 2 0 0.7135 1 0 0 0.0000 0.9400
6 72.5890 103.3064 1 2 2 0 1.0732 1 0 0 0.0000 0.9400
6 149.8503 85.6629 4 3 1 0 0.9151 0 0 0 0.0000 0.9400
6 56.7195 111.4643 1 1 4 1 0.9618 0 0 0 0.0000 0.9400
6 131.9209 123.1288 4 1 3 0 1.7276 0 0 0 0.0000 0.9400
6 120.1177 97.7777 4 2 3 0 0.7864 0 0 0 0.0000 0.9400
6 120.2761 123.7163 2 2 2 1 0.6842 1 0 0 0.0000 0.9400
6 135.8998 87.2633 4 4 3 1 0.8220 0 0 0 0.0000 0.9400
6 103.3680 147.2061 2 3 4 0 0.2758 0 0 0 0.0000 0.9400
6 100.5722 59.0357 3 1 3 0 0.6737 0 0 0 0.0000 0.9400
6 104.8673 128.2429 2 2 2 1 0.1856 1 0 0 0.0000 0.9400
6 91.3367 66.3946 3 2 2 0 0.3254 1 0 0 0.0000 0.9400
6 95.0595 146.4255 2 2 3 1 0.7081 0 0 0 0.0000 0.9400
6 104.7419 95.8541 4 2 3 0 0.4921 0 0 0 0.0000 0.9400
6 79.3083 92.6669 1 1 4 1 0.1758 0 0 0 0.0000 0.9400
6 103.6137 74.1008 3 3 1 1 0.1727 0 0 0 0.0000 0.9400
6 80.3229 104.6976 1 3 2 0 0.2796 0 0 0 0.0000 0.9400
6 66.6809 92.0205 1 4 1 0 0.3584 0 0 0 0.0000 0.9400
6 134.6237 92.0509 4 3 4 0 0.0864 0 0 0 0.0000 0.9400
6 112.2636 78.2404 3 1 3 0 0.3041 0 0 0 0.0000 0.9400
6 114.5423 65.2524 3 2 3 0 0.2070 0 0 0 0.0000 0.9400
6 126.2479 93.8255 4 2 1 0 0.2848 0 0 0 0.0000 0.9400
6 106.8346 93.8795 4 1 1 0 0.2667 1 0 0 0.0000 0.9400
6 102.7899 116.4195 2 1 2 0 0.1995 0 0 0 0.0000 0.9400
6 54.7262 102.9481 1 1 1 1 0.3863 1 0 0 0.0000 0.9400
6 90.7274 115.0446 2 1 4 0 0.2282 0 0 0 0.0000 0.9400
6 70.0570 97.8239 1 3 1 0 0.9120 0 0 0 0.0000 0.9400
6 105.0474 72.4231 3 4 1 0 0.1898 0 0 0 0.0000 0.9400
6 133.5661 96.3853 4 2 3 0 0.3468 0 0 0 0.0000 0.9400
6 100.6883 64.5680 3 2 3 0 0.3134 0 0 0 0.0000 0.9400
6 75.5032 120.2016 1 2 4 0 0.2637 0 0 0 0.0000 0.9400
6 74.4528 101.6761 1 4 4 0 0.3074 1 0 0 0.0000 0.9400
6 94.1701 78.6328 3 4 4 0 0.2441 1 0 0 0.0000 0.9400
6 113.7865 95.2948 3 4 3 0 0.2899 0 0 0 0.0000 0.9400
6 91.5616 71.1302 3 3 3 1 0.2737 1 0 0 0.0000 0.9400
6 145.5079 105.0925 4 2 2 0 1.1355 1 0 0 0.0000 0.9400
6 88.9087 58.4290 3 2 2 0 0.9325 1 0 0 0.0000 0.9400
6 132.9753 98.2457 4 2 2 0 0.7082 1 0 0 0.0000 0.9400
6 134.6526 106.7230 4 2 1 0 0.2370 0 0 0 0.0000 0.9400
6 98.0211 135.4689 2 3 2 0 0.7788 0 0 0 0.0000 0.9400
6 119.2084 107.1740 4 4 4 1 2.1655 1 0 0 0.0000 0.9400
6 97.6390 74.1439 3 4 3 0 0.2914 0 0 0 0.0000 0.9400
6 125.4987 91.7156 4 1 1 0 0.1144 1 0 0 0.0000 0.9400
6 130.3035 108.1081 4 3 1 0 0.1722 0 0 0 0.0000 0.9400
6 90.2395 128.2253 2 4 3 0 0.3618 0 0 0 0.0000 0.9400
6 95.0812 129.7580 2 3 3 0 0.4137 1 0 0 0.0000 0.9400
6 91.8763 91.1651 1 2 3 0 1.3256 0 0 0 0.0000 0.9400
6 113.9239 134.0780 2 3 1 0 0.5193 0 0 0 0.0000 0.9400
6 62.6681 107.7355 1 3 2 0 1.2611 0 0 0 0.0000 0.9400
6 96.5532 70.7419 3 1 3 0 0.2909 0 0 0 0.0000 0.9400
6 114.2944 103.6657 4 4 3 1 0.8008 0 0 0 0.0000 0.9400
6 104.9014 118.6219 2 3 1 0 0.2046 0 0 0 0.0000 0.9400
6 94.5580 127.3204 2 2 3 1 0.4075 0 0 0 0.0000 0.9400
6 107.7221 122.8525 2 1 4 0 0.2813 0 0 0 0.0000 0.9400
6 98.4089 50.5345 3 1 1 0 0.2481 1 0 0 0.0000 0.9400
6 94.5523 61.3336 3 1 2 0 0.2450 0 0 0 0.0000 0.9400
6 96.4923 64.0008 3 2 1 0 0.3068 0 0 0 0.0000 0.9400
6 89.4633 121.3259 2 1 1 0 0.3707 1 0 0 0.0000 0.9400
6 97.3913 130.7559 2 1 4 0 0.1945 0 0 0 0.0000 0.9400
6 109.1853 138.0732 2 2 1 1 0.8792 0 0 0 0.0000 0.9400
6 73.7486 110.4400 1 1 2 1 0.2681 0 0 0 0.0000 0.9400
6 137.0168 95.2159 4 1 1 0 0.3960 1 0 0 0.0000 0.9400
6 63.8414 99.9808 1 1 1 1 0.4119 1 0 0 0.0000 0.9400
6 75.8619 108.5506 1 1 4 1 0.3017 0 0 0 0.0000 0.9400
6 93.9527 116.2486 2 1 1 0 0.4135 1 0 0 0.0000 0.9400
6 110.5923 67.3542 3 2 1 0 0.3194 0 0 0 0.0000 0.9400
6 63.4817 91.5669 1 3 3 0 0.0302 1 0 0 0.0000 0.9400
6 87.5448 133.7851 2 3 2 0 0.2622 0 0 0 0.0000 0.9400
6 100.7278 116.5772 2 3 4 0 0.4839 0 0 0 0.0000 0.9400
6 95.6192 81.2971 3 4 2 0 0.1197 0 0 0 0.0000 0.9400
6 110.7196 116.0871 2 3 4 0 0.0176 0 0 0 0.0000 0.9400
6 89.6134 63.6083 3 4 2 0 0.0415 0 0 0 0.0000 0.9400
6 88.6969 141.3633 2 1 3 0 0.5453 0 0 0 0.0000 0.9400
6 104.8418 64.5808 3 1 1 0 0.0871 1 0 0 0.0000 0.9400
6 66.1666 70.6993 1 1 4 1 0.0330 0 0 0 0.0000 0.9400
6 81.1348 85.8898 1 2 3 0 0.8728 0 0 0 0.0000 0.9400
6 109.0160 110.1222 4 2 4 0 0.4396 0 0 0 0.0000 0.9400
6 142.5256 91.5844 4 2 2 0 0.0735 1 0 0 0.0000 0.9400
6 57.3956 106.8825 1 2 4 0 0.3733 0 0 0 0.0000 0.9400
6 91.3928 137.1108 2 3 2 0 0.3261 0 0 0 0.0000 0.9400
6 73.6712 95.8782 1 4 1 0 1.3970 0 0 0 0.0000 0.9400
6 115.4950 102.4642 4 4 4 1 0.5597 1 0 0 0.0000 0.9400
6 136.6758 89.3931 4 4 1 1 0.4217 0 0 0 0.0000 0.9400
6 133.3195 99.7161 4 3 3 0 0.2835 1 0 0 0.0000 0.9400
6 81.7898 111.5385 2 4 1 0 0.7433 0 0 0 0.0000 0.9400
6 75.8624 81.3255 1 1 1 1 3.0429 1 0 0 0.0000 0.9400
6 120.7779 94.1121 4 3 1 0 0.9507 0 0 0 0.0000 0.9400
7 127.0373 102.5313 4 2 3 0 3.0016 0 0 0 0.0000 0.9400
7 95.1936 94.8259 3 1 4 0 0.2952 0 0 0 0.0000 0.9400
7 101.5083 136.7463 2 3 3 0 0.0690 1 0 0 0.0000 0.9400
7 94.8941 72.0194 3 1 2 0 1.1817 0 0 0 0.0000 0.9400
7 109.9944 128.7132 2 3 3 0 0.4985 1 0 0 0.0000 0.9400
7 88.1573 69.8247 3 3 1 1 1.5092 0 0 0 0.0000 0.9400
7 100.5643 73.9713 3 4 1 0 1.4741 0 0 0 0.0000 0.9400
7 80.5136 110.9438 1 2 3 0 0.8799 0 0 0 0.0000 0.9400
7 56.5795 97.8917 1 1 3 1 0.7497 0 0 0 0.0000 0.9400
7 92.0338 75.2069 3 2 2 0 0.3267 1 0 0 0.0000 0.9400
7 115.3325 116.7625 2 3 1 0 0.6144 0 0 0 0.0000 0.9400
7 96.4913 75.5477 3 2 4 0 0.6212 0 0 0 0.0000 0.9400
7 75.2274 96.2135 1 1 3 1 0.2460 0 0 0 0.0000 0.9400
7 76.8107 106.3702 1 4 1 0 0.1978 0 0 0 0.0000 0.9400
7 65.6183 91.4331 1 2 1 0 0.2606 0 0 0 0.0000 0.9400
7 42.7977 98.7857 1 2 4 0 0.2746 0 0 0 0.0000 0.9400
7 71.3646 100.4742 1 4 3 0 0.4174 0 0 0 0.0000 0.9400
7 93.1776 65.4764 3 1 2 0 0.2763 0 0 0 0.0000 0.9400
7 64.2303 102.6138 1 3 1 0 0.5311 0 0 0 0.0000 0.9400
7 113.0652 114.0933 2 2 1 1 0.8389 0 0 0 0.0000 0.9400
7 97.6917 64.1212 3 1 3 0 0.2099 0 0 0 0.0000 0.9400
7 87.1385 149.7429 2 4 1 0 0.2545 0 0 0 0.0000 0.9400
7 73.3303 105.7902 1 1 1 1 0.3655 1 0 0 0.0000 0.9400
7 107.2509 127.7588 2 1 2 0 0.6862 0 0 0 0.0000 0.9400
7 88.6888 98.2993 1 2 3 0 0.2961 0 0 0 0.0000 0.9400
7 132.9935 87.5063 4 3 3 0 0.1989 1 0 0 0.0000 0.9400
7 132.7261 92.5790 4 3 3 0 0.1788 1 0 0 0.0000 0.9400
7 88.8389 138.9016 2 3 4 0 0.0806 0 0 0 0.0000 0.9400
7 53.1331 82.5922 1 2 4 0 0.3644 0 0 0 0.0000 0.9400
7 71.1468 98.6645 1 1 4 1 0.0623 0 0 0 0.0000 0.9400
7 111.3216 66.9400 3 3 2 1 0.3773 0 0 0 0.0000 0.9400
7 112.9909 56.6666 3 4 3 0 0.4140 0 0 0 0.0000 0.9400
7 136.3717 93.2697 4 3 3 0 0.3698 1 0 0 0.0000 0.9400
7 102.3440 113.0387 2 1 4 0 0.1626 0 0 0 0.0000 0.9400
7 79.5867 92.3888 1 2 1 0 0.0994 0 0 0 0.0000 0.9400
7 81.6602 102.3989 1 4 3 0 0.3473 0 0 0 0.0000 0.9400
7 111.1747 126.9010 2 3 2 0 0.4752 0 0 0 0.0000 0.9400
7 124.6191 98.2480 4 3 3 0 0.5420 1 0 0 0.0000 0.9400
7 82.4519 94.3090 1 3 4 0 1.4928 0 0 0 0.0000 0.9400
7 107.3375 146.0332 2 3 4 0 1.9066 0 0 0 0.0000 0.9400
7 105.3467 81.1106 3 4 3 0 0.4584 0 0 0 0.0000 0.9400
7 89.9558 64.8627 3 3 1 1 0.7010 0 0 0 0.0000 0.9400
7 74.1195 99.1445 1 3 2 0 0.0220 0 0 0 0.0000 0.9400
7 117.8498 104.5631 4 2 2 0 0.2218 1 0 0 0.0000 0.9400
7 79.8961 81.1035 3 2 3 0 0.2027 0 0 0 0.0000 0.9400
7 103.5760 77.8437 3 1 4 0 0.3266 0 0 0 0.0000 0.9400
7 119.6989 106.1292 4 2 4 0 0.4523 0 0 0 0.0000 0.9400
7 104.6776 56.5007 3 2 2 0 0.2642 1 0 0 0.0000 0.9400
7 107.5802 141.2795 2 2 2 1 0.2940 1 0 0 0.0000 0.9400
7 64.8705 105.0281 1 2 1 0 0.3411 0 0 0 0.0000 0.9400
7 91.9884 65.8295 3 1 4 0 0.4687 0 0 0 0.0000 0.9400
7 154.9917 97.4097 4 1 1 0 0.2146 1 0 0 0.0000 0.9400
7 116.6119 107.6445 4 3 4 0 1.0894 0 0 0 0.0000 0.9400
7 74.0931 102.4500 1 1 2 1 0.1332 0 0 0 0.0000 0.9400
7 117.2242 127.3864 2 4 2 0 0.4320 0 0 0 0.0000 0.9400
7 118.3561 111.6363 4 1 4 0 0.1939 0 0 0 0.0000 0.9400
7 104.3017 71.1701 3 3 3 1 0.3037 1 0 0 0.0000 0.9400
7 109.2279 139.7944 2 3 2 0 0.3056 0 0 0 0.0000 0.9400
7 131.2149 122.0328 4 2 4 0 0.4334 0 0 0 0.0000 0.9400
7 103.8039 134.0234 2 4 1 0 0.3073 0 0 0 0.0000 0.9400
7 106.0402 131.1355 2 2 2 1 0.2901 1 0 0 0.0000 0.9400
7 96.0057 70.3104 3 2 2 0 0.3360 1 0 0 0.0000 0.9400
7 78.2270 104.3290 1 2 1 0 0.2728 0 0 0 0.0000 0.9400
7 101.4158 66.0176 3 2 4 0 0.1727 0 0 0 0.0000 0.9400
7 87.7432 121.7098 2 2 2 1 0.3595 1 0 0 0.0000 0.9400
7 63.8999 101.5863 1 2 4 0 0.0084 0 0 0 0.0000 0.9400
7 129.3278 121.8224 4 2 1 0 0.7042 0 0 0 0.0000 0.9400
7 108.8790 128.9527 2 2 2 1 0.2490 1 0 0 0.0000 0.9400
7 85.5099 78.3823 3 2 2 0 0.1508 1 0 0 0.0000 0.9400
7 73.6090 100.0768 1 2 3 0 0.4178 0 0 0 0.0000 0.9400
7 91.6309 131.5931 2 2 4 1 0.3866 0 0 0 0.0000 0.9400
7 94.1610 140.3225 2 2 1 1 0.1154 0 0 0 0.0000 0.9400
7 109.2990 94.7243 4 2 3 0 0.2063 0 0 0 0.0000 0.9400
7 83.6900 97.7592 1 3 2 0 0.1541 0 0 0 0.0000 0.9400
7 64.6998 97.2169 1 1 2 1 0.3409 0 0 0 0.0000 0.9400
7 139.6484 97.5681 4 4 2 1 0.1650 0 0 0 0.0000 0.9400
7 73.5563 72.2028 3 3 4 1 0.2247 0 0 0 0.0000 0.9400
7 128.0394 100.6980 4 4 2 1 0.5575 0 0 0 0.0000 0.9400
7 98.0288 118.9963 2 3 1 0 0.1242 0 0 0 0.0000 0.9400
7 136.1951 109.8769 4 4 1 1 2.7422 0 0 0 0.0000 0.9400
7 94.4080 49.6970 3 3 3 1 6.0345 1 0 0 0.0000 0.9400
7 140.5597 95.9058 4 3 4 0 0.7252 0 0 0 0.0000 0.9400
7 128.0954 100.7774 4 3 4 0 0.1431 0 0 0 0.0000 0.9400
7 51.4384 108.5347 1 4 2 0 0.4100 0 0 0 0.0000 0.9400
7 94.9160 127.7004 2 3 1 0 0.2688 0 0 0 0.0000 0.9400
7 101.6947 71.4132 3 3 3 1 0.3476 1 0 0 0.0000 0.9400
7 131.2836 106.8547 4 4 2 1 0.3006 0 0 0 0.0000 0.9400
7 107.7403 151.8154 2 1 1 0 0.7964 1 0 0 0.0000 0.9400
7 83.5111 127.4984 2 1 4 0 0.4411 0 0 0 0.0000 0.9400
7 113.0291 96.0229 4 2 2 0 0.6210 1 0 0 0.0000 0.9400
7 127.7091 94.5345 4 2 2 0 0.0867 1 0 0 0.0000 0.9400
7 137.3462 113.9915 4 2 3 0 0.3855 0 0 0 0.0000 0.9400
7 99.5317 110.2907 2 3 4 0 1.4125 0 0 0 0.0000 0.9400
7 131.4001 98.8049 4 4 1 1 0.2082 0 0 0 0.0000 0.9400
7 64.4745 77.5333 1 3 3 0 0.1100 1 0 0 0.0000 0.9400
7 92.6224 121.3498 2 3 2 0 0.1499 0 0 0 0.0000 0.9400
7 105.3469 62.1127 3 4 3 0 0.1920 0 0 0 0.0000 0.9400
7 132.6607 101.5893 4 1 1 0 0.0107 1 0 0 0.0000 0.9400
7 90.7772 75.4578 3 2 3 0 0.1616 0 0 0 0.0000 0.9400
7 134.4524 99.3927 4 1 2 0 0.2193 0 0 0 0.0000 0.9400
8 100.6615 138.9520 2 3 0 0 0.6818 0 1 0 0.0000 0.9400
8 104.5617 56.6949 3 4 0 0 0.3359 0 1 0 0.0000 0.9400
8 136.6643 105.0332 4 3 0 0 0.2076 0 1 0 0.0000 0.9400
8 66.9476 106.2204 1 3 0 0 0.2045 0 1 0 0.0000 0.9400
8 112.8966 126.8406 2 3 0 0 0.1214 0 1 0 0.0000 0.9400
8 137.7972 100.4247 4 3 0 0 0.1172 0 1 0 0.0000 0.9400
8 79.8331 109.3147 1 2 0 0 0.5600 0 1 0 0.0000 0.9400
8 79.9131 104.8711 1 1 0 1 0.3099 1 1 0 0.0000 0.9400
8 98.0184 84.3762 3 1 0 0 0.5338 0 1 0 0.0000 0.9400
8 104.9786 107.9879 2 4 0 0 0.2016 0 1 0 0.0000 0.9400
8 138.9301 102.8864 4 3 0 0 0.3755 0 1 0 0.0000 0.9400
8 111.5165 115.1448 2 4 0 0 0.4392 0 1 0 0.0000 0.9400
8 102.5889 83.5736 3 3 0 1 0.3471 1 1 0 0.0000 0.9400
8 77.0428 103.0216 1 3 0 0 0.4920 0 1 0 0.0000 0.9400
8 92.5923 132.0602 2 2 0 1 0.5917 1 1 0 0.0000 0.9400
8 136.0329 94.3559 4 2 0 0 0.5676 0 1 0 0.0000 0.9400
8 101.9040 83.9635 3 3 0 1 0.3985 1 1 0 0.0000 0.9400
8 121.7999 103.9522 4 3 0 0 0.1603 0 1 0 0.0000 0.9400
8 129.6425 91.9746 4 4 0 1 0.2061 1 1 0 0.0000 0.9400
8 123.7680 91.1913 4 4 0 1 0.5219 1 1 0 0.0000 0.9400
8 70.8464 89.2329 1 3 0 0 0.6238 0 1 0 0.0000 0.9400
8 95.9689 62.9362 3 1 0 0 0.3606 0 1 0 0.0000 0.9400
8 123.0373 92.7710 4 2 0 0 0.6973 0 1 0 0.0000 0.9400
8 123.1753 102.4976 4 2 0 0 1.0423 0 1 0 0.0000 0.9400
8 92.9179 131.8423 2 4 0 0 0.5190 0 1 0 0.0000 0.9400
8 90.4904 90.7713 1 1 0 1 0.8739 1 1 0 0.0000 0.9400
8 130.4596 86.2393 4 1 0 0 0.4406 0 1 0 0.0000 0.9400
8 97.3481 129.1895 2 3 0 0 0.2656 0 1 0 0.0000 0.9400
8 105.2428 69.6735 3 2 0 0 1.4963 0 1 0 0.0000 0.9400
8 98.2988 66.6219 3 1 0 0 1.1901 0 1 0 0.0000 0.9400
8 95.0387 77.2566 3 3 0 1 1.0038 1 1 0 0.0000 0.9400
8 103.8216 160.6784 2 3 0 0 0.2527 0 1 0 0.0000 0.9400
8 104.7658 137.1957 2 4 0 0 0.3615 0 1 0 0.0000 0.9400
8 63.2691 104.2814 1 3 0 0 0.2844 0 1 0 0.0000 0.9400
8 106.3317 61.3886 3 3 0 1 0.3322 1 1 0 0.0000 0.9400
8 110.2706 135.7376 2 4 0 0 0.1081 0 1 0 0.0000 0.9400
8 77.0563 105.1720 1 3 0 0 0.0720 0 1 0 0.0000 0.9400
8 53.2597 97.6524 1 3 0 0 0.3527 0 1 0 0.0000 0.9400
8 86.9869 137.7303 2 3 0 0 0.2406 0 1 0 0.0000 0.9400
8 70.7232 116.5256 1 1 0 1 0.3664 1 1 0 0.0000 0.9400
8 129.4118 107.4261 4 1 0 0 0.7682 0 1 0 0.0000 0.9400
8 128.9701 121.7062 4 4 0 1 1.0180 1 1 0 0.0000 0.9400
8 108.8770 124.8040 2 4 0 0 0.4289 0 1 0 0.0000 0.9400
8 77.8577 103.2591 1 3 0 0 0.2237 0 1 0 0.0000 0.9400
8 105.9622 87.7261 3 3 0 1 0.9574 1 1 0 0.0000 0.9400
8 100.6753 135.6078 2 2 0 1 1.2313 1 1 0 0.0000 0.9400
8 126.1778 99.7698 4 3 0 0 0.7572 0 1 0 0.0000 0.9400
8 139.5657 102.7081 4 4 0 1 0.4790 1 1 0 0.0000 0.9400
8 99.2218 84.4636 3 3 0 1 0.9788 1 1 0 0.0000 0.9400
8 129.4991 98.6783 4 4 0 1 0.7556 1 1 0 0.0000 0.9400
8 106.9445 67.1810 3 3 0 1 0.6373 1 1 0 0.0000 0.9400
8 91.6651 129.7944 2 3 0 0 2.6932 0 1 0 0.0000 0.9400
8 91.8422 58.5898 3 3 0 1 1.7289 1 1 0 0.0000 0.9400
8 95.3532 130.8562 2 3 0 0 5.5404 0 1 0 0.0000 0.9400
8 103.0627 66.6268 3 4 0 0 0.3132 0 1 0 0.0000 0.9400
8 124.5032 100.2541 4 3 0 0 0.2810 0 1 0 0.0000 0.9400
8 88.7273 138.5179 2 3 0 0 0.5498 0 1 0 0.0000 0.9400
8 81.3666 54.0435 3 4 0 0 0.3648 0 1 0 0.0000 0.9400
8 95.9106 133.0822 2 3 0 0 0.1906 0 1 0 0.0000 0.9400
8 55.6794 110.5232 1 1 0 1 1.0663 1 1 0 0.0000 0.9400
8 113.7347 110.0741 4 1 0 0 0.4642 0 1 0 0.0000 0.9400
8 150.1976 102.3980 4 2 0 0 1.1229 0 1 0 0.0000 0.9400
8 74.2789 93.9803 1 3 0 0 0.4380 0 1 0 0.0000 0.9400
8 88.9110 106.8961 1 4 0 0 0.0277 0 1 0 0.0000 0.9400
8 84.9137 90.1487 3 3 0 1 0.1804 1 1 0 0.0000 0.9400
8 69.6587 95.3935 1 3 0 0 4.5121 0 1 0 0.0000 0.9400
8 103.0292 121.9929 2 3 0 0 0.4759 0 1 0 0.0000 0.9400
8 105.5620 113.2681 2 1 0 0 1.0257 0 1 0 0.0000 0.9400
8 99.2293 138.8234 2 3 0 0 0.4044 0 1 0 0.0000 0.9400
8 103.5668 102.0057 2 3 0 0 1.5913 0 1 0 0.0000 0.9400
8 102.0468 85.1780 3 3 0 1 0.7261 1 1 0 0.0000 0.9400
8 106.4592 68.8722 3 3 0 1 0.4179 1 1 0 0.0000 0.9400
8 74.1058 102.7346 1 3 0 0 0.7867 0 1 0 0.0000 0.9400
8 107.1687 132.0388 2 3 0 0 3.0564 0 1 0 0.0000 0.9400
8 64.4410 99.6203 1 4 0 0 0.4062 0 1 0 0.0000 0.9400
8 114.0260 71.2138 3 3 0 1 0.5031 1 1 0 0.0000 0.9400
8 109.8450 73.7830 3 3 0 1 6.6495 1 1 0 0.0000 0.9400
8 122.0531 99.8556 4 4 0 1 0.4453 1 1 0 0.0000 0.9400
8 105.3527 58.0847 3 3 0 1 0.3041 1 1 0 0.0000 0.9400
8 134.5390 105.2827 4 4 0 1 0.3845 1 1 0 0.0000 0.9400
8 133.6609 106.8919 4 3 0 0 0.1298 0 1 0 0.0000 0.9400
8 39.4733 74.9602 1 1 0 1 1.5336 1 1 0 0.0000 0.9400
8 95.8491 76.6500 3 2 0 0 0.5890 0 1 0 0.0000 0.9400
8 65.7857 99.0509 1 1 0 1 0.3403 1 1 0 0.0000 0.9400
8 71.1379 121.6782 1 2 0 0 0.5482 0 1 0 0.0000 0.9400
8 97.0720 123.3270 2 2 0 1 0.6649 1 1 0 0.0000 0.9400
8 130.1129 92.5924 4 2 0 0 0.6728 0 1 0 0.0000 0.9400
8 126.4884 92.9181 4 2 0 0 0.7126 0 1 0 0.0000 0.9400
8 83.5518 92.8667 1 2 0 0 1.1064 0 1 0 0.0000 0.9400
8 111.1157 67.1623 3 2 0 0 0.9181 0 1 0 0.0000 0.9400
8 67.0555 109.5032 1 1 0 1 1.2220 1 1 0 0.0000 0.9400
8 111.8529 106.1376 4 3 0 0 0.0607 0 1 0 0.0000 0.9400
8 143.8585 102.7132 4 4 0 1 1.9415 1 1 0 0.0000 0.9400
8 67.7185 92.3521 1 3 0 0 1.1333 0 1 0 0.0000 0.9400
8 74.4056 94.8732 1 1 0 1 0.9301 1 1 0 0.0000 0.9400
8 106.5160 71.4494 3 3 0 1 0.4820 1 1 0 0.0000 0.9400
8 107.6564 76.9826 3 3 0 1 0.6638 1 1 0 0.0000 0.9400
8 100.1930 132.4558 2 3 0 0 28.0798 0 1 0 0.0000 0.9400
8 88.5654 90.1056 1 4 0 0 0.1556 0 1 0 0.0000 0.9400
8 104.1968 141.2735 2 3 0 0 0.1025 0 1 0 0.0000 0.9400
9 76.1655 80.2105 1 1 0 1 1.1459 1 1 0 0.0000 0.9400
9 122.8224 101.7694 4 1 0 0 0.4750 0 1 0 0.0000 0.9400
9 133.6930 86.1741 4 3 0 0 0.1438 0 1 0 0.0000 0.9400
9 63.6398 102.4741 1 4 0 0 0.1067 0 1 0 0.0000 0.9400
9 87.4933 102.6541 1 3 0 0 0.5015 0 1 0 0.0000 0.9400
9 126.2764 83.8192 4 1 0 0 0.2014 0 1 0 0.0000 0.9400
9 117.2038 70.5478 3 3 0 1 0.2282 1 1 0 0.0000 0.9400
9 133.3841 95.1198 4 3 0 0 0.5290 0 1 0 0.0000 0.9400
9 89.2050 134.1374 2 4 0 0 0.1970 0 1 0 0.0000 0.9400
9 98.2771 121.0598 2 2 0 1 0.2909 1 1 0 0.0000 0.9400
9 126.1796 107.6207 4 3 0 0 0.9935 0 1 0 0.0000 0.9400
9 103.4128 73.7752 3 3 0 1 1.8423 1 1 0 0.0000 0.9400
9 126.8054 79.3947 4 3 0 0 0.6963 0 1 0 0.0000 0.9400
9 87.3606 68.2106 3 4 0 0 0.4489 0 1 0 0.0000 0.9400
9 86.6962 51.7089 3 4 0 0 0.3858 0 1 0 0.0000 0.9400
9 94.3484 71.3368 3 3 0 1 0.4667 1 1 0 0.0000 0.9400
9 140.9303 83.2723 4 4 0 1 0.4235 1 1 0 0.0000 0.9400
9 65.8822 90.4625 1 3 0 0 3.2091 0 1 0 0.0000 0.9400
9 60.5538 97.4907 1 3 0 0 1.6998 0 1 0 0.0000 0.9400
9 116.0171 54.0204 3 3 0 1 9.1103 1 1 0 0.0000 0.9400
9 79.1953 108.8968 1 3 0 0 0.5689 0 1 0 0.0000 0.9400
9 67.5129 120.7204 1 4 0 0 0.3999 0 1 0 0.0000 0.9400
9 98.5767 125.9519 2 4 0 0 0.3056 0 1 0 0.0000 0.9400
9 89.6707 66.7162 3 3 0 1 0.0805 1 1 0 0.0000 0.9400
9 125.8238 82.1636 4 3 0 0 0.0272 0 1 0 0.0000 0.9400
9 108.8308 89.4585 3 3 0 1 0.3242 1 1 0 0.0000 0.9400
9 125.3602 108.8345 4 3 0 0 0.1660 0 1 0 0.0000 0.9400
9 103.7936 74.4077 3 3 0 1 1.1058 1 1 0 0.0000 0.9400
9 71.1015 89.3096 1 3 0 0 0.4857 0 1 0 0.0000 0.9400
9 127.5453 108.7529 4 4 0 1 0.3926 1 1 0 0.0000 0.9400
9 103.3200 134.0606 2 3 0 0 0.2973 0 1 0 0.0000 0.9400
9 96.6394 63.9314 3 3 0 1 0.5371 1 1 0 0.0000 0.9400
9 68.7974 98.9162 1 1 0 1 1.3751 1 1 0 0.0000 0.9400
9 116.9842 121.0366 4 3 0 0 0.8567 0 1 0 0.0000 0.9400
9 79.9510 141.1002 2 2 0 1 2.1336 1 1 0 0.0000 0.9400
9 85.6089 129.0267 2 2 0 1 0.8352 1 1 0 0.0000 0.9400
9 90.7955 75.5635 3 1 0 0 0.6232 0 1 0 0.0000 0.9400
9 62.8468 102.1042 1 1 0 1 1.1898 1 1 0 0.0000 0.9400
9 101.1719 119.2859 2 3 0 0 2.1727 0 1 0 0.0000 0.9400
9 90.9880 115.6455 2 1 0 0 2.0585 0 1 0 0.0000 0.9400
9 102.1550 55.7520 3 3 0 1 1.0453 1 1 0 0.0000 0.9400
9 90.2632 82.8812 3 1 0 0 0.5190 0 1 0 0.0000 0.9400
9 122.1071 98.6297 4 3 0 0 0.5560 0 1 0 0.0000 0.9400
9 104.8871 113.3817 2 4 0 0 0.3996 0 1 0 0.0000 0.9400
9 73.9319 114.8849 1 2 0 0 1.2014 0 1 0 0.0000 0.9400
9 65.5803 106.6743 1 1 0 1 1.5743 1 1 0 0.0000 0.9400
9 75.6848 119.7178 1 1 0 1 1.9400 1 1 0 0.0000 0.9400
9 103.0445 133.7577 2 1 0 0 1.2607 0 1 0 0.0000 0.9400
9 88.9518 121.9229 2 3 0 0 0.5475 0 1 0 0.0000 0.9400
9 125.0165 87.0374 4 3 0 0 10.3605 0 1 0 0.0000 0.9400
