1 79.1953 108.8968 1 2 0 0 1.5629 0 1 0 0.0000 0.0000
1 85.7585 122.9180 2 2 0 1 0.7975 1 1 0 0.0000 0.0000
1 98.2771 121.0598 2 2 0 1 0.7943 1 1 0 0.0000 0.0000
1 68.2180 104.2906 1 1 0 1 0.6785 1 1 0 0.0000 0.0000
1 56.6860 103.5982 1 1 0 1 0.5266 1 1 0 0.0000 0.0000
1 77.8577 103.2591 1 1 0 1 0.6114 1 1 0 0.0000 0.0000
1 76.4013 95.2955 1 1 0 1 0.5540 1 1 0 0.0000 0.0000
1 107.5802 141.2795 2 2 0 1 0.6237 1 1 0 0.0000 0.0000
1 118.5892 107.7876 2 2 0 1 0.6959 1 1 0 0.0000 0.0000
1 122.3346 91.6734 4 1 0 0 0.6904 0 1 0 0.0000 0.0000
1 116.6820 143.1406 2 2 0 1 0.6513 1 1 0 0.0000 0.0000
1 105.3690 62.3515 3 1 0 0 0.8358 0 1 0 0.0000 0.0000
1 133.6609 106.8919 4 2 0 0 0.7532 0 1 0 0.0000 0.0000
1 137.0833 98.5415 4 1 0 0 0.4926 0 1 0 0.0000 0.0000
1 113.6511 134.4659 2 2 0 1 0.4324 1 1 0 0.0000 0.0000
1 94.1610 140.3225 2 2 0 1 0.6910 1 1 0 0.0000 0.0000
1 90.2632 82.8812 3 2 0 0 0.5726 0 1 0 0.0000 0.0000
1 132.4578 93.5496 4 2 0 0 0.9472 0 1 0 0.0000 0.0000
1 64.1784 95.8536 1 1 0 1 0.6919 1 1 0 0.0000 0.0000
1 124.5032 100.2541 4 1 0 0 0.6522 0 1 0 0.0000 0.0000
1 80.0384 101.4079 1 2 0 0 0.5634 0 1 0 0.0000 0.0000
1 64.4410 99.6203 1 1 0 1 0.5206 1 1 0 0.0000 0.0000
1 109.2990 94.7243 4 1 0 0 0.6690 0 1 0 0.0000 0.0000
1 81.1348 85.8898 1 3 0 0 0.7585 0 1 0 0.0000 0.0000
1 97.3704 74.7911 3 2 0 0 0.4501 0 1 0 0.0000 0.0000
1 105.2428 69.6735 3 1 0 0 0.7898 0 1 0 0.0000 0.0000
1 103.0292 121.9929 2 3 0 0 0.5940 0 1 0 0.0000 0.0000
1 103.3426 114.0996 2 2 0 1 0.4092 1 1 0 0.0000 0.0000
1 115.6346 88.5311 3 2 0 0 0.4278 0 1 0 0.0000 0.0000
1 96.4990 80.8376 3 1 0 0 0.6211 0 1 0 0.0000 0.0000
1 117.8498 104.5631 4 4 0 1 2.3727 1 1 0 0.0000 0.0000
1 101.0772 80.8251 3 4 0 0 0.4097 0 1 0 0.0000 0.0000
1 96.0948 76.7071 3 4 0 0 0.6669 0 1 0 0.0000 0.0000
1 42.7977 98.7857 1 1 0 1 0.5474 1 1 0 0.0000 0.0000
1 137.3987 90.8951 4 2 0 0 0.4409 0 1 0 0.0000 0.0000
1 107.9136 64.3814 3 1 0 0 0.8125 0 1 0 0.0000 0.0000
1 105.3632 117.7025 2 2 0 1 0.5840 1 1 0 0.0000 0.0000
1 133.3195 99.7161 4 4 0 1 1.3907 1 1 0 0.0000 0.0000
1 105.4727 122.0417 2 2 0 1 0.8069 1 1 0 0.0000 0.0000
1 143.6517 112.9284 4 3 0 0 0.7871 0 1 0 0.0000 0.0000
1 93.6008 125.3017 2 1 0 0 0.8634 0 1 0 0.0000 0.0000
1 104.3078 130.6184 2 2 0 1 0.5719 1 1 0 0.0000 0.0000
1 144.1202 106.3873 4 2 0 0 0.6424 0 1 0 0.0000 0.0000
1 120.1177 97.7777 4 2 0 0 0.6022 0 1 0 0.0000 0.0000
1 66.3930 108.7872 1 1 0 1 0.9139 1 1 0 0.0000 0.0000
1 109.0030 126.8378 2 1 0 0 0.7520 0 1 0 0.0000 0.0000
1 99.7772 123.8030 2 2 0 1 0.5062 1 1 0 0.0000 0.0000
1 142.5410 96.0239 4 3 0 0 0.8310 0 1 0 0.0000 0.0000
1 79.8961 81.1035 3 1 0 0 0.9721 0 1 0 0.0000 0.0000
1 79.5622 79.5091 3 2 0 0 0.7498 0 1 0 0.0000 0.0000
1 122.1147 103.2817 4 2 0 0 0.5352 0 1 0 0.0000 0.0000
1 119.8556 94.2118 4 2 0 0 0.5733 0 1 0 0.0000 0.0000
1 96.9975 144.9041 2 2 0 1 0.4677 1 1 0 0.0000 0.0000
1 118.1874 104.7384 4 1 0 0 1.0152 0 1 0 0.0000 0.0000
1 136.1951 109.8769 4 3 0 0 0.5529 0 1 0 0.0000 0.0000
1 131.2137 109.6500 4 1 0 0 0.7519 0 1 0 0.0000 0.0000
1 81.7898 111.5385 2 1 0 0 0.8739 0 1 0 0.0000 0.0000
1 79.8248 110.0313 1 4 0 0 0.4709 0 1 0 0.0000 0.0000
1 83.6900 97.7592 1 3 0 0 0.3792 0 1 0 0.0000 0.0000
1 90.9195 50.3999 3 3 0 1 0.6209 1 1 0 0.0000 0.0000
1 107.5018 121.6098 2 2 0 1 0.9487 1 1 0 0.0000 0.0000
1 75.5032 120.2016 1 3 0 0 0.9171 0 1 0 0.0000 0.0000
1 83.2440 87.2348 3 3 0 1 0.8514 1 1 0 0.0000 0.0000
1 91.3928 137.1108 2 1 0 0 0.7524 0 1 0 0.0000 0.0000
1 63.4951 112.7103 1 1 0 1 1.1157 1 1 0 0.0000 0.0000
1 94.5967 82.4114 3 3 0 1 0.5754 1 1 0 0.0000 0.0000
1 95.7107 96.6214 1 2 0 0 1.0621 0 1 0 0.0000 0.0000
1 105.5620 113.2681 2 3 0 0 0.6319 0 1 0 0.0000 0.0000
1 125.3780 93.6617 4 3 0 0 0.5921 0 1 0 0.0000 0.0000
1 100.3058 142.8041 2 4 0 0 0.3917 0 1 0 0.0000 0.0000
1 121.8793 109.9178 4 3 0 0 0.8892 0 1 0 0.0000 0.0000
1 97.4285 121.9249 2 2 0 1 0.3273 1 1 0 0.0000 0.0000
1 65.6183 91.4331 1 1 0 1 0.6803 1 1 0 0.0000 0.0000
1 99.0352 89.4037 3 3 0 1 0.7697 1 1 0 0.0000 0.0000
1 63.6886 99.3253 1 1 0 1 0.7492 1 1 0 0.0000 0.0000
1 117.2038 70.5478 3 3 0 1 0.7122 1 1 0 0.0000 0.0000
1 77.9282 100.4959 1 1 0 1 0.9145 1 1 0 0.0000 0.0000
1 89.2490 78.6219 3 3 0 1 1.2012 1 1 0 0.0000 0.0000
1 56.7195 111.4643 1 1 0 1 0.5201 1 1 0 0.0000 0.0000
1 127.9187 108.3813 4 2 0 0 0.7969 0 1 0 0.0000 0.0000
1 101.6947 71.4132 3 4 0 0 0.5368 0 1 0 0.0000 0.0000
1 113.1897 81.5377 4 2 0 0 1.0227 0 1 0 0.0000 0.0000
1 87.3135 64.0285 3 3 0 1 0.7370 1 1 0 0.0000 0.0000
1 104.4554 125.8732 2 3 0 0 0.7484 0 1 0 0.0000 0.0000
1 100.2628 126.5816 2 2 0 1 0.8388 1 1 0 0.0000 0.0000
1 101.4667 116.3394 2 2 0 1 0.5478 1 1 0 0.0000 0.0000
1 106.3317 61.3886 3 3 0 1 1.4967 1 1 0 0.0000 0.0000
1 98.1793 69.0923 3 3 0 1 0.7089 1 1 0 0.0000 0.0000
1 116.9347 101.9188 4 3 0 0 0.5752 0 1 0 0.0000 0.0000
1 74.2789 93.9803 1 4 0 0 0.9022 0 1 0 0.0000 0.0000
1 107.4894 67.7759 3 1 0 0 0.9802 0 1 0 0.0000 0.0000
1 97.0638 60.2841 3 3 0 1 0.6772 1 1 0 0.0000 0.0000
1 122.8224 101.7694 4 3 0 0 0.9403 0 1 0 0.0000 0.0000
1 80.1447 103.8121 1 2 0 0 0.5884 0 1 0 0.0000 0.0000
1 65.2718 109.8442 1 2 0 0 0.7558 0 1 0 0.0000 0.0000
1 97.6390 74.1439 3 1 0 0 0.6711 0 1 0 0.0000 0.0000
1 121.1033 94.5771 4 1 0 0 0.6638 0 1 0 0.0000 0.0000
1 66.8812 103.1281 1 2 0 0 0.4801 0 1 0 0.0000 0.0000
1 51.4384 108.5347 1 4 0 0 0.9963 0 1 0 0.0000 0.0000
1 86.0869 61.6301 3 3 0 1 0.5182 1 1 0 0.0000 0.0000
2 117.2242 127.3864 2 2 0 1 3.4019 1 1 0 0.0000 0.0000
2 103.9174 117.3660 2 3 0 0 2.4359 0 1 0 0.0000 0.0000
2 112.0955 90.0869 4 1 0 0 1.0338 0 1 0 0.0000 0.0000
2 113.0652 114.0933 2 2 0 1 0.4438 1 1 0 0.0000 0.0000
2 112.3647 123.1131 2 2 0 1 0.4940 1 1 0 0.0000 0.0000
2 91.6975 118.6216 2 2 0 1 0.4825 1 1 0 0.0000 0.0000
2 123.5941 102.7619 4 2 0 0 0.3590 0 1 0 0.0000 0.0000
2 70.9591 107.6042 1 3 0 0 0.6802 0 1 0 0.0000 0.0000
2 99.8686 69.5788 3 1 0 0 0.6576 0 1 0 0.0000 0.0000
2 124.8673 94.9131 4 2 0 0 0.9540 0 1 0 0.0000 0.0000
2 80.3229 104.6976 1 1 0 1 0.8759 1 1 0 0.0000 0.0000
2 94.5580 127.3204 2 3 0 0 1.3541 0 1 0 0.0000 0.0000
2 87.7027 99.6187 1 4 0 0 0.6298 0 1 0 0.0000 0.0000
2 88.1528 75.4018 3 2 0 0 0.5097 0 1 0 0.0000 0.0000
2 125.0520 99.4714 4 2 0 0 0.6908 0 1 0 0.0000 0.0000
2 91.8763 91.1651 1 3 0 0 0.6844 0 1 0 0.0000 0.0000
2 103.5842 78.5183 3 3 0 1 1.0762 1 1 0 0.0000 0.0000
2 68.8092 92.9212 1 1 0 1 0.6320 1 1 0 0.0000 0.0000
2 150.6347 101.2032 4 2 0 0 0.7194 0 1 0 0.0000 0.0000
2 118.2760 134.3861 2 4 0 0 0.6330 0 1 0 0.0000 0.0000
2 108.3587 74.9542 3 2 0 0 0.7849 0 1 0 0.0000 0.0000
2 104.1968 141.2735 2 3 0 0 0.7486 0 1 0 0.0000 0.0000
2 73.5563 72.2028 3 1 0 0 1.0462 0 1 0 0.0000 0.0000
2 100.2864 72.4270 3 3 0 1 0.9205 1 1 0 0.0000 0.0000
2 90.5905 64.5018 1 3 0 0 0.5196 0 1 0 0.0000 0.0000
2 114.0655 154.3119 2 2 0 1 1.0524 1 1 0 0.0000 0.0000
2 106.8019 73.1424 3 3 0 1 0.9905 1 1 0 0.0000 0.0000
2 108.5905 150.0014 2 2 0 1 0.6876 1 1 0 0.0000 0.0000
2 79.9510 141.1002 2 3 0 0 0.8244 0 1 0 0.0000 0.0000
2 55.6794 110.5232 1 2 0 0 0.5623 0 1 0 0.0000 0.0000
2 116.8400 79.5157 3 1 0 0 1.4787 0 1 0 0.0000 0.0000
2 106.5160 71.4494 3 2 0 0 0.7231 0 1 0 0.0000 0.0000
2 105.3467 81.1106 3 3 0 1 0.4431 1 1 0 0.0000 0.0000
2 96.1414 112.7962 2 1 0 0 0.8146 0 1 0 0.0000 0.0000
2 126.4884 92.9181 4 4 0 1 0.6511 1 1 0 0.0000 0.0000
2 86.9869 137.7303 2 3 0 0 0.8349 0 1 0 0.0000 0.0000
2 102.1490 115.6918 4 2 0 0 0.6884 0 1 0 0.0000 0.0000
2 111.1212 118.3085 4 3 0 0 0.0402 0 1 0 0.0000 0.0000
2 107.6564 76.9826 3 4 0 0 0.1917 0 1 0 0.0000 0.0000
2 95.5324 124.7046 2 1 0 0 0.4140 0 1 0 0.0000 0.0000
2 100.5722 59.0357 3 2 0 0 0.3841 0 1 0 0.0000 0.0000
2 100.7278 116.5772 2 3 0 0 0.4333 0 1 0 0.0000 0.0000
2 105.6745 113.8609 2 3 0 0 0.7570 0 1 0 0.0000 0.0000
2 103.4156 75.8864 3 3 0 1 0.7360 1 1 0 0.0000 0.0000
2 69.5087 113.4943 1 1 0 1 0.9227 1 1 0 0.0000 0.0000
2 93.9370 62.4624 3 2 0 0 1.1140 0 1 0 0.0000 0.0000
2 68.0811 97.2900 1 3 0 0 0.8469 0 1 0 0.0000 0.0000
2 74.1213 97.4802 1 1 0 1 1.1170 1 1 0 0.0000 0.0000
2 136.7401 101.5012 4 4 0 1 1.0898 1 1 0 0.0000 0.0000
2 115.0339 82.6380 3 2 0 0 1.5091 0 1 0 0.0000 0.0000
2 112.8350 144.2134 2 2 0 1 1.0606 1 1 0 0.0000 0.0000
2 82.4519 94.3090 1 1 0 1 1.3672 1 1 0 0.0000 0.0000
2 99.2218 84.4636 3 1 0 0 1.1533 0 1 0 0.0000 0.0000
2 72.1357 96.4958 1 1 0 1 1.0788 1 1 0 0.0000 0.0000
2 111.5165 115.1448 2 3 0 0 1.3061 0 1 0 0.0000 0.0000
2 76.5329 94.4930 1 2 0 0 1.5718 0 1 0 0.0000 0.0000
2 67.0555 109.5032 1 1 0 1 0.5321 1 1 0 0.0000 0.0000
2 104.9284 74.3248 3 3 0 1 1.7533 1 1 0 0.0000 0.0000
2 115.3325 116.7625 2 3 0 0 0.7500 0 1 0 0.0000 0.0000
2 97.7604 139.6673 2 2 0 1 1.0333 1 1 0 0.0000 0.0000
2 101.1555 128.3788 2 2 0 1 0.6685 1 1 0 0.0000 0.0000
2 80.6127 64.8003 3 1 0 0 0.9493 0 1 0 0.0000 0.0000
2 118.4548 107.2515 4 3 0 0 0.7075 0 1 0 0.0000 0.0000
2 64.7926 86.6726 1 4 0 0 0.5568 0 1 0 0.0000 0.0000
2 121.8181 81.1996 4 2 0 0 0.9142 0 1 0 0.0000 0.0000
2 107.8462 71.1292 3 3 0 1 4.5463 1 1 0 0.0000 0.0000
2 126.8054 79.3947 4 3 0 0 1.0530 0 1 0 0.0000 0.0000
2 127.1002 108.3619 4 3 0 0 1.3431 0 1 0 0.0000 0.0000
2 91.0872 110.3567 2 2 0 1 0.6964 1 1 0 0.0000 0.0000
2 132.5168 79.3665 4 2 0 0 0.9134 0 1 0 0.0000 0.0000
2 137.7972 100.4247 4 3 0 0 0.7988 0 1 0 0.0000 0.0000
2 129.6425 91.9746 4 1 0 0 0.5546 0 1 0 0.0000 0.0000
2 88.9087 58.4290 3 4 0 0 0.3039 0 1 0 0.0000 0.0000
2 150.1976 102.3980 4 4 0 1 0.6395 1 1 0 0.0000 0.0000
2 103.2879 70.9612 3 1 0 0 1.0318 0 1 0 0.0000 0.0000
2 65.2252 109.4380 1 2 0 0 0.9695 0 1 0 0.0000 0.0000
2 133.9920 82.4607 4 3 0 0 0.7304 0 1 0 0.0000 0.0000
2 66.6809 92.0205 1 4 0 0 0.4054 0 1 0 0.0000 0.0000
2 124.5032 78.1772 4 3 0 0 0.9671 0 1 0 0.0000 0.0000
2 109.8450 73.7830 3 1 0 0 0.9844 0 1 0 0.0000 0.0000
2 116.2361 104.3239 4 4 0 1 0.6337 1 1 0 0.0000 0.0000
2 111.8529 106.1376 4 4 0 1 0.5931 1 1 0 0.0000 0.0000
2 79.5867 92.3888 1 4 0 0 0.4401 0 1 0 0.0000 0.0000
2 104.4290 118.4309 2 4 0 0 0.5227 0 1 0 0.0000 0.0000
2 94.8763 128.9719 2 2 0 1 0.8157 1 1 0 0.0000 0.0000
2 100.4535 75.4099 3 3 0 1 0.9406 1 1 0 0.0000 0.0000
2 80.4441 103.3211 1 1 0 1 1.2293 1 1 0 0.0000 0.0000
2 119.6669 98.9626 4 1 0 0 0.7894 0 1 0 0.0000 0.0000
2 71.0004 111.1560 1 2 0 0 1.4408 0 1 0 0.0000 0.0000
2 76.1449 86.4680 1 4 0 0 0.6856 0 1 0 0.0000 0.0000
2 75.6848 119.7178 1 2 0 0 0.6137 0 1 0 0.0000 0.0000
2 131.8167 93.1313 4 3 0 0 1.8857 0 1 0 0.0000 0.0000
2 88.5654 90.1056 1 3 0 0 0.8225 0 1 0 0.0000 0.0000
2 77.0428 103.0216 1 1 0 1 0.7063 1 1 0 0.0000 0.0000
2 128.0394 100.6980 4 1 0 0 1.0506 0 1 0 0.0000 0.0000
2 99.2885 68.1986 3 2 0 0 0.5906 0 1 0 0.0000 0.0000
2 100.6753 135.6078 2 2 0 1 0.7900 1 1 0 0.0000 0.0000
2 137.0168 95.2159 4 1 0 0 1.5862 0 1 0 0.0000 0.0000
2 65.5740 101.7929 1 4 0 0 0.7860 0 1 0 0.0000 0.0000
2 92.0560 65.2067 3 1 0 0 0.7013 0 1 0 0.0000 0.0000
3 65.8822 90.4625 1 4 0 0 3.2579 0 1 0 0.0000 0.0000
3 132.4728 91.2742 4 4 0 1 0.6702 1 1 0 0.0000 0.0000
3 135.8160 105.1594 4 4 0 1 0.5839 1 1 0 0.0000 0.0000
3 108.4486 68.6553 3 2 0 0 1.0222 0 1 0 0.0000 0.0000
3 131.4001 98.8049 4 1 0 0 3.2477 0 1 0 0.0000 0.0000
3 105.2905 110.1930 2 1 0 0 0.9214 0 1 0 0.0000 0.0000
3 107.4919 124.2660 2 2 0 1 0.7440 1 1 0 0.0000 0.0000
3 129.5553 104.7185 4 1 0 0 1.1722 0 1 0 0.0000 0.0000
3 126.1289 115.0799 4 3 0 0 0.5368 0 1 0 0.0000 0.0000
3 87.3606 68.2106 3 1 0 0 0.6873 0 1 0 0.0000 0.0000
3 78.1565 106.1586 1 3 0 0 0.5362 0 1 0 0.0000 0.0000
3 98.4089 50.5345 3 3 0 1 0.8288 1 1 0 0.0000 0.0000
3 135.3254 107.9271 4 1 0 0 1.1944 0 1 0 0.0000 0.0000
3 88.7273 138.5179 2 2 0 1 0.7371 1 1 0 0.0000 0.0000
3 131.5554 93.7477 4 2 0 0 0.7332 0 1 0 0.0000 0.0000
3 128.3816 97.9748 4 4 0 1 0.5358 1 1 0 0.0000 0.0000
3 95.7718 76.3855 3 4 0 0 1.1188 0 1 0 0.0000 0.0000
3 76.2416 107.6445 1 4 0 0 0.8853 0 1 0 0.0000 0.0000
3 135.3313 94.3023 4 4 0 1 1.0612 1 1 0 0.0000 0.0000
3 97.3913 130.7559 2 1 0 0 0.7934 0 1 0 0.0000 0.0000
3 108.6715 117.6680 2 2 0 1 0.5005 1 1 0 0.0000 0.0000
3 77.3297 102.7611 1 4 0 0 0.8416 0 1 0 0.0000 0.0000
3 104.7057 119.4283 2 4 0 0 0.9360 0 1 0 0.0000 0.0000
3 87.6885 64.6841 3 4 0 0 0.6481 0 1 0 0.0000 0.0000
3 140.5597 95.9058 4 4 0 1 0.8810 1 1 0 0.0000 0.0000
3 74.0931 102.4500 1 4 0 0 0.7515 0 1 0 0.0000 0.0000
3 99.8741 116.0471 2 4 0 0 1.1144 0 1 0 0.0000 0.0000
3 78.2270 104.3290 1 2 0 0 0.8965 0 1 0 0.0000 0.0000
3 83.5518 92.8667 1 3 0 0 0.6722 0 1 0 0.0000 0.0000
3 96.6668 66.6565 3 3 0 1 0.4900 1 1 0 0.0000 0.0000
3 95.6356 122.0070 2 1 0 0 0.7503 0 1 0 0.0000 0.0000
3 110.4528 128.4331 2 2 0 1 0.7302 1 1 0 0.0000 0.0000
3 101.9270 124.9169 2 2 0 1 0.9176 1 1 0 0.0000 0.0000
3 77.5715 109.9897 1 4 0 0 0.5656 0 1 0 0.0000 0.0000
3 106.9334 125.3360 2 4 0 0 0.5088 0 1 0 0.0000 0.0000
3 75.4131 94.6944 1 4 0 0 0.4826 0 1 0 0.0000 0.0000
3 149.0769 86.5169 4 3 0 0 0.8565 0 1 0 0.0000 0.0000
3 87.5448 133.7851 2 2 0 1 2.1194 1 1 0 0.0000 0.0000
3 90.7772 75.4578 3 3 0 1 1.0613 1 1 0 0.0000 0.0000
3 107.2509 127.7588 2 2 0 1 0.9357 1 1 0 0.0000 0.0000
3 108.1576 121.1709 2 1 0 0 0.6479 0 1 0 0.0000 0.0000
3 65.5803 106.6743 1 1 0 1 0.3847 1 1 0 0.0000 0.0000
3 112.2636 78.2404 3 3 0 1 1.2010 1 1 0 0.0000 0.0000
3 108.9143 79.3603 3 3 0 1 1.2251 1 1 0 0.0000 0.0000
3 72.5069 95.0757 1 1 0 1 1.5687 1 1 0 0.0000 0.0000
3 75.8619 108.5506 1 1 0 1 0.7384 1 1 0 0.0000 0.0000
3 93.9527 116.2486 2 2 0 1 1.2929 1 1 0 0.0000 0.0000
3 72.5890 103.3064 1 1 0 1 0.9340 1 1 0 0.0000 0.0000
3 56.4131 94.2644 1 1 0 1 0.5012 1 1 0 0.0000 0.0000
3 127.5829 95.3633 4 4 0 1 1.2092 1 1 0 0.0000 0.0000
3 138.7935 110.5281 4 4 0 1 0.5135 1 1 0 0.0000 0.0000
3 101.7649 128.0355 2 2 0 1 1.0321 1 1 0 0.0000 0.0000
3 117.3649 99.6703 4 2 0 0 0.9539 0 1 0 0.0000 0.0000
3 122.1670 87.2851 4 3 0 0 1.3708 0 1 0 0.0000 0.0000
3 135.2789 131.4748 4 4 0 1 0.6624 1 1 0 0.0000 0.0000
3 96.4548 124.9745 2 2 0 1 0.8484 1 1 0 0.0000 0.0000
3 69.8300 103.9540 1 2 0 0 0.4156 0 1 0 0.0000 0.0000
3 67.6983 96.7664 1 1 0 1 0.5144 1 1 0 0.0000 0.0000
3 104.8713 112.1152 2 2 0 1 0.9832 1 1 0 0.0000 0.0000
3 92.9690 69.1337 3 2 0 0 0.9043 0 1 0 0.0000 0.0000
3 105.4858 142.3728 2 2 0 1 0.9519 1 1 0 0.0000 0.0000
3 112.4084 118.7632 4 2 0 0 1.2572 0 1 0 0.0000 0.0000
3 84.9137 90.1487 3 1 0 0 1.2174 0 1 0 0.0000 0.0000
3 127.0373 102.5313 4 2 0 0 0.8243 0 1 0 0.0000 0.0000
3 116.9702 92.0839 4 4 0 1 0.7418 1 1 0 0.0000 0.0000
3 130.4596 86.2393 4 3 0 0 0.9618 0 1 0 0.0000 0.0000
3 91.8422 58.5898 3 3 0 1 0.9785 1 1 0 0.0000 0.0000
3 78.1628 109.6438 1 1 0 1 0.8837 1 1 0 0.0000 0.0000
3 109.2525 147.8820 2 2 0 1 1.3789 1 1 0 0.0000 0.0000
3 95.1936 94.8259 3 3 0 1 1.0700 1 1 0 0.0000 0.0000
3 92.5239 112.3685 2 1 0 0 0.6414 0 1 0 0.0000 0.0000
3 74.4056 94.8732 1 1 0 1 0.8091 1 1 0 0.0000 0.0000
3 52.2791 89.7587 1 3 0 0 1.5105 0 1 0 0.0000 0.0000
3 96.8514 93.5220 1 3 0 0 1.9092 0 1 0 0.0000 0.0000
3 104.5539 75.9852 3 3 0 1 1.0695 1 1 0 0.0000 0.0000
3 98.8722 73.9907 3 3 0 1 0.8962 1 1 0 0.0000 0.0000
3 97.6917 64.1212 3 3 0 1 0.7347 1 1 0 0.0000 0.0000
3 60.9801 93.5680 1 1 0 1 0.8406 1 1 0 0.0000 0.0000
3 113.0291 96.0229 4 3 0 0 2.4537 0 1 0 0.0000 0.0000
3 132.7079 98.4518 4 3 0 0 0.6685 0 1 0 0.0000 0.0000
3 107.4892 144.6437 2 3 0 0 0.9010 0 1 0 0.0000 0.0000
3 100.2814 82.6420 3 3 0 1 1.5241 1 1 0 0.0000 0.0000
3 96.4913 75.5477 3 2 0 0 0.5942 0 1 0 0.0000 0.0000
3 134.6526 106.7230 4 4 0 1 1.0500 1 1 0 0.0000 0.0000
3 97.3481 129.1895 2 2 0 1 1.0049 1 1 0 0.0000 0.0000
3 142.5256 91.5844 4 3 0 0 0.7835 0 1 0 0.0000 0.0000
3 133.5661 96.3853 4 4 0 1 0.7485 1 1 0 0.0000 0.0000
3 100.5643 73.9713 3 3 0 1 1.2560 1 1 0 0.0000 0.0000
3 114.1970 77.1463 3 4 0 0 1.5363 0 1 0 0.0000 0.0000
3 102.1152 59.2238 3 3 0 1 0.6567 1 1 0 0.0000 0.0000
3 109.9944 128.7132 2 2 0 1 1.0178 1 1 0 0.0000 0.0000
3 57.9441 87.1006 1 1 0 1 1.5165 1 1 0 0.0000 0.0000
3 60.3511 114.3077 1 1 0 1 0.9074 1 1 0 0.0000 0.0000
3 78.0756 96.2654 1 1 0 1 0.9385 1 1 0 0.0000 0.0000
3 98.2988 66.6219 3 3 0 1 0.9382 1 1 0 0.0000 0.0000
3 58.4333 101.9441 1 1 0 1 0.6648 1 1 0 0.0000 0.0000
3 93.0298 127.9223 2 2 0 1 1.2665 1 1 0 0.0000 0.0000
3 96.1417 70.8354 3 3 0 1 1.1790 1 1 0 0.0000 0.0000
3 100.4483 55.0481 3 3 0 1 1.1849 1 1 0 0.0000 0.0000
3 103.2945 76.8177 3 4 0 0 0.7268 0 1 0 0.0000 0.0000
4 149.8503 85.6629 4 4 1 1 3.7700 0 0 0 0.0000 0.0000
4 62.8468 102.1042 1 1 3 1 0.6470 0 0 0 0.0000 0.0000
4 94.8941 72.0194 3 1 3 0 0.9590 0 0 0 0.0000 0.0000
4 109.4130 86.6045 3 2 1 0 0.5274 0 0 0 0.0000 0.0000
4 90.2395 128.2253 2 3 3 0 0.4537 1 0 0 0.0000 0.0000
4 73.6090 100.0768 1 3 1 0 0.6185 0 0 0 0.0000 0.0000
4 87.1385 149.7429 2 3 1 0 1.1393 0 0 0 0.0000 0.0000
4 69.6587 95.3935 1 2 1 0 0.9217 0 0 0 0.0000 0.0000
4 95.0387 77.2566 3 1 1 0 0.6657 1 0 0 0.0000 0.0000
4 95.9898 78.3730 3 1 2 0 0.7068 0 0 0 0.0000 0.0000
4 131.3731 96.3049 4 4 2 1 0.6376 0 0 0 0.0000 0.0000
4 94.4080 49.6970 3 3 3 1 1.0783 1 0 0 0.0000 0.0000
4 73.6712 95.8782 1 3 1 0 1.8172 0 0 0 0.0000 0.0000
4 64.4745 77.5333 1 3 4 0 0.9448 0 0 0 0.0000 0.0000
4 118.3336 94.6428 4 3 2 0 1.9055 0 0 0 0.0000 0.0000
4 108.9303 81.9381 4 3 3 0 0.8890 1 0 0 0.0000 0.0000
4 93.3553 104.9840 1 2 4 0 0.8230 0 0 0 0.0000 0.0000
4 100.2263 73.7651 3 3 1 1 0.9322 0 0 0 0.0000 0.0000
4 85.6570 87.3307 1 3 2 0 2.7242 0 0 0 0.0000 0.0000
4 65.6660 89.5178 1 1 1 1 0.7549 1 0 0 0.0000 0.0000
4 81.7712 111.1103 1 1 2 1 0.6237 0 0 0 0.0000 0.0000
4 84.6467 111.4268 1 3 4 0 1.3365 0 0 0 0.0000 0.0000
4 124.7199 97.3623 4 4 3 1 3.5393 0 0 0 0.0000 0.0000
4 119.7145 97.1257 4 4 1 1 0.7262 0 0 0 0.0000 0.0000
4 124.8026 92.4396 4 4 1 1 0.8486 0 0 0 0.0000 0.0000
4 114.0260 71.2138 3 3 1 1 0.8001 0 0 0 0.0000 0.0000
4 119.9412 80.9812 3 2 1 0 0.4447 0 0 0 0.0000 0.0000
4 104.0930 67.8945 3 1 3 0 0.5117 0 0 0 0.0000 0.0000
4 99.8924 122.9074 2 3 4 0 0.8371 0 0 0 0.0000 0.0000
4 123.5913 90.9964 3 3 2 1 1.4091 0 0 0 0.0000 0.0000
4 119.7651 117.6533 2 2 3 1 1.3562 0 0 0 0.0000 0.0000
4 135.4754 103.0953 4 4 1 1 2.3276 0 0 0 0.0000 0.0000
4 76.8107 106.3702 1 4 4 0 0.4137 1 0 0 0.0000 0.0000
4 74.4528 101.6761 1 4 2 0 0.7045 0 0 0 0.0000 0.0000
4 102.7899 116.4195 2 4 3 0 1.4025 0 0 0 0.0000 0.0000
4 77.5306 86.0670 1 4 2 0 0.0081 0 0 0 0.0000 0.0000
4 104.2406 138.9003 2 2 3 1 1.4400 0 0 0 0.0000 0.0000
4 90.3402 116.8999 1 3 3 0 1.1181 1 0 0 0.0000 0.0000
4 121.3137 98.8788 4 3 4 0 0.5143 0 0 0 0.0000 0.0000
4 100.1946 133.4809 2 3 1 0 1.0315 0 0 0 0.0000 0.0000
4 138.1050 78.6352 4 3 3 0 0.9563 1 0 0 0.0000 0.0000
4 82.7276 60.7880 3 3 3 1 0.7020 1 0 0 0.0000 0.0000
4 101.9040 83.9635 3 3 1 1 0.6478 0 0 0 0.0000 0.0000
4 131.6035 100.0489 4 2 4 0 1.2340 0 0 0 0.0000 0.0000
4 97.8026 130.4800 2 2 4 1 0.9702 0 0 0 0.0000 0.0000
4 111.7934 125.1150 2 2 4 1 1.1466 0 0 0 0.0000 0.0000
4 105.6702 73.1600 3 3 4 1 1.1370 0 0 0 0.0000 0.0000
4 133.6930 86.1741 4 2 4 0 0.6956 0 0 0 0.0000 0.0000
4 126.2479 93.8255 4 4 1 1 1.1062 0 0 0 0.0000 0.0000
4 94.9933 68.5995 3 1 2 0 1.0805 0 0 0 0.0000 0.0000
4 71.0679 87.6457 1 1 2 1 0.4144 0 0 0 0.0000 0.0000
4 107.8802 133.4480 2 3 1 0 0.8012 0 0 0 0.0000 0.0000
4 104.8871 113.3817 2 3 1 0 0.5582 0 0 0 0.0000 0.0000
4 97.0720 123.3270 2 2 3 1 0.4377 0 0 0 0.0000 0.0000
4 103.4926 123.8252 2 4 2 0 0.4420 0 0 0 0.0000 0.0000
4 92.9179 131.8423 2 1 4 0 0.6383 0 0 0 0.0000 0.0000
4 69.1136 108.5233 1 3 1 0 1.3518 0 0 0 0.0000 0.0000
4 116.9842 121.0366 4 3 2 0 0.5150 0 0 0 0.0000 0.0000
4 57.3956 106.8825 1 1 2 1 1.0477 0 0 0 0.0000 0.0000
4 99.5780 137.4124 2 2 4 1 0.7477 0 0 0 0.0000 0.0000
4 104.7584 57.8152 3 2 4 0 0.4390 0 0 0 0.0000 0.0000
4 88.5755 154.7110 2 2 4 1 0.4739 0 0 0 0.0000 0.0000
4 84.3613 143.2540 2 2 3 1 0.4944 0 0 0 0.0000 0.0000
4 63.8414 99.9808 1 2 1 0 0.8353 0 0 0 0.0000 0.0000
4 100.1202 137.3844 2 1 4 0 0.5131 0 0 0 0.0000 0.0000
4 70.5587 113.6624 1 2 3 0 0.3665 0 0 0 0.0000 0.0000
4 93.4160 96.6826 1 3 3 0 0.1600 1 0 0 0.0000 0.0000
4 108.7283 146.0765 2 3 4 0 0.6007 0 0 0 0.0000 0.0000
4 100.1930 132.4558 2 3 2 0 0.3529 0 0 0 0.0000 0.0000
4 94.9339 58.1167 3 3 2 1 0.6585 0 0 0 0.0000 0.0000
4 103.7841 117.2437 2 3 2 0 0.6655 0 0 0 0.0000 0.0000
4 129.4118 107.4261 4 3 2 0 0.6269 0 0 0 0.0000 0.0000
4 82.0931 84.7054 1 4 1 0 0.0462 0 0 0 0.0000 0.0000
4 117.0446 134.5159 2 4 3 0 0.4399 0 0 0 0.0000 0.0000
4 99.0396 118.4244 2 4 2 0 0.5228 0 0 0 0.0000 0.0000
4 110.4242 97.2032 4 3 2 0 0.3214 0 0 0 0.0000 0.0000
4 107.7403 151.8154 2 2 3 1 0.3689 0 0 0 0.0000 0.0000
4 71.9726 116.2312 1 1 4 1 0.3388 0 0 0 0.0000 0.0000
4 85.8959 100.2280 1 3 3 0 0.2764 1 0 0 0.0000 0.0000
4 103.6479 80.3249 3 3 4 1 0.4514 0 0 0 0.0000 0.0000
4 58.2609 103.3889 1 2 3 0 0.1980 0 0 0 0.0000 0.0000
4 105.8389 59.3266 3 3 1 1 0.8353 0 0 0 0.0000 0.0000
4 139.6484 97.5681 4 4 4 1 1.1054 1 0 0 0.0000 0.0000
4 135.8998 87.2633 4 3 1 0 1.2211 0 0 0 0.0000 0.0000
4 136.1853 96.6623 4 3 1 0 1.0350 0 0 0 0.0000 0.0000
4 138.9301 102.8864 4 4 4 1 0.9092 1 0 0 0.0000 0.0000
4 105.2155 124.7106 2 2 2 1 0.8800 1 0 0 0.0000 0.0000
4 101.1053 71.3264 3 3 3 1 0.7188 1 0 0 0.0000 0.0000
4 123.3151 82.9203 3 4 3 0 0.5839 0 0 0 0.0000 0.0000
4 94.1701 78.6328 3 1 4 0 0.4647 0 0 0 0.0000 0.0000
4 126.1778 99.7698 4 2 4 0 1.0130 0 0 0 0.0000 0.0000
4 124.1812 129.4869 4 2 3 0 0.7118 0 0 0 0.0000 0.0000
4 98.4734 67.9758 3 3 3 1 1.2827 1 0 0 0.0000 0.0000
4 138.9077 109.0262 4 2 4 0 0.9552 0 0 0 0.0000 0.0000
4 90.9210 64.4163 3 3 4 1 3.9481 0 0 0 0.0000 0.0000
4 129.0227 91.0200 4 4 3 1 1.3689 0 0 0 0.0000 0.0000
4 77.2926 99.9871 1 1 2 1 0.6773 0 0 0 0.0000 0.0000
4 121.2142 99.1859 4 2 4 0 0.5436 0 0 0 0.0000 0.0000
4 101.7032 60.1956 3 3 4 1 2.1017 0 0 0 0.0000 0.0000
4 93.3909 63.3240 3 3 1 1 0.6597 0 0 0 0.0000 0.0000
5 89.8963 132.1882 2 4 2 0 12.7756 0 0 0 3.8499 0.0000
5 123.1581 86.3214 3 3 2 1 2.9891 0 0 1 2.5978 0.5000
5 76.1655 80.2105 1 2 3 0 2.7901 0 0 0 3.8171 0.3333
5 127.7091 94.5345 4 2 2 0 3.0323 1 0 1 1.6810 0.5000
5 71.1015 89.3096 1 2 3 0 2.2830 0 0 0 1.5524 0.4000
5 103.0627 66.6268 3 1 1 0 2.1031 1 0 1 2.4718 0.5000
5 120.7779 94.1121 4 2 1 0 1.5098 0 0 0 0.9201 0.4286
5 91.5616 71.1302 3 1 1 0 1.5982 1 0 0 2.6094 0.3750
5 59.3703 85.0339 1 1 1 1 2.0343 1 0 0 0.9620 0.3333
5 98.2451 120.4918 2 2 4 1 1.6256 0 0 1 1.4860 0.4000
5 82.7853 71.5963 3 4 4 0 3.4263 1 0 1 0.9331 0.4545
5 98.5304 129.2492 2 2 1 1 1.1155 0 0 1 2.7567 0.5000
5 123.5472 93.8877 4 3 4 0 3.4498 0 0 0 1.4838 0.4615
5 69.4482 106.4665 1 2 4 0 1.1037 0 0 0 2.6958 0.4286
5 101.5083 136.7463 2 2 1 1 1.0996 0 0 1 0.0842 0.4667
5 88.6969 141.3633 2 2 4 1 0.6447 0 0 1 0.3861 0.5000
5 123.0373 92.7710 4 1 2 0 1.8987 0 0 0 0.9178 0.4706
5 85.6290 129.7241 2 3 2 0 1.8674 0 0 0 0.5833 0.4444
5 79.3883 101.9495 1 1 1 1 2.0693 1 0 0 0.8708 0.4211
5 89.9558 64.8627 3 3 1 1 3.6441 0 0 1 2.0859 0.4500
5 100.9880 121.5908 2 2 2 1 1.0502 1 0 1 0.3213 0.4762
5 91.3367 66.3946 3 3 1 1 1.4160 0 0 0 0.6163 0.4545
5 100.2872 72.8516 3 3 3 1 1.6224 1 0 1 0.1549 0.4783
5 97.1936 128.5897 2 2 3 1 1.1652 0 0 0 0.5189 0.4583
5 80.3630 107.5832 1 2 4 0 2.0983 0 0 0 0.0371 0.4400
5 98.1891 128.3366 2 2 3 1 2.6451 0 0 1 0.0679 0.4615
5 135.9208 94.1744 4 2 2 0 1.7011 1 0 0 0.2995 0.4444
5 133.2758 109.7255 4 3 4 0 2.1621 0 0 1 0.9815 0.4643
5 81.9811 122.2044 2 2 1 1 1.0853 0 0 0 0.3731 0.4483
5 110.7191 120.0225 2 2 4 1 3.1805 0 0 0 0.1389 0.4333
5 105.0474 72.4231 3 3 4 1 3.4372 0 0 0 0.0186 0.4194
5 116.8181 91.3350 3 3 2 1 3.7454 0 0 0 0.9736 0.4063
5 91.9341 128.1148 2 2 2 1 1.3169 1 0 1 0.3078 0.4242
5 122.0531 99.8556 4 3 4 0 1.2420 0 0 1 0.0547 0.4412
5 64.8705 105.0281 1 1 4 1 1.7657 0 0 1 0.0157 0.4571
5 122.5304 84.5825 4 3 2 0 0.9746 0 0 1 0.1963 0.4722
5 87.4933 102.6541 1 2 2 0 2.4713 1 0 1 0.7062 0.4865
5 62.3993 88.2892 1 1 3 1 1.8112 0 0 0 0.2053 0.4737
5 94.2845 48.6109 3 3 2 1 2.6409 0 0 1 0.2085 0.4872
5 84.2333 137.9453 2 2 2 1 1.8599 1 0 1 0.3037 0.5000
5 116.7106 100.2723 4 3 1 0 3.2850 0 0 0 0.1171 0.4878
5 67.0568 102.8144 1 1 4 1 2.9498 0 0 0 0.0768 0.4762
5 136.0329 94.3559 4 3 3 0 1.7722 1 0 0 0.5014 0.4651
5 131.7155 99.7142 4 3 3 0 1.7761 1 0 1 1.0477 0.4773
5 117.5010 78.0190 3 3 2 1 1.8096 0 0 1 0.5069 0.4889
5 95.6192 81.2971 3 4 2 0 2.1344 0 0 0 0.0251 0.4783
5 77.0293 88.6312 1 1 2 1 3.4172 0 0 0 1.2597 0.4681
5 119.2084 107.1740 4 2 4 0 1.7223 0 0 0 1.7955 0.4583
5 82.2037 101.0427 1 2 4 0 5.8250 0 0 1 0.7713 0.4694
5 136.5479 103.7805 4 2 3 0 2.4379 0 0 1 2.4810 0.4800
5 70.8464 89.2329 1 1 2 1 2.4952 0 0 1 2.2181 0.4902
5 68.5902 111.2368 1 1 4 1 2.4024 0 0 1 1.8513 0.5000
5 81.3311 81.8530 1 3 4 0 2.6809 0 0 0 1.1936 0.4906
5 70.7232 116.5256 1 2 2 0 2.1984 1 0 1 1.1466 0.5000
5 63.6398 102.4741 1 3 2 0 1.6387 0 0 1 0.7321 0.5091
5 71.1848 108.2609 1 3 1 0 1.6602 0 0 1 0.6108 0.5179
5 127.5453 108.7529 4 4 4 1 2.9274 1 0 0 0.9329 0.5088
5 136.6643 105.0332 4 4 4 1 2.6196 1 0 1 3.4168 0.5172
5 124.6191 98.2480 4 4 3 1 2.2542 0 0 1 2.5164 0.5254
5 90.7274 115.0446 2 1 2 0 2.3864 0 0 0 1.2579 0.5167
5 146.5705 88.5627 4 4 1 1 2.2337 0 0 1 1.3102 0.5246
5 110.0177 129.0274 2 2 2 1 2.8769 1 0 1 0.2443 0.5323
5 65.7857 99.0509 1 1 2 1 2.4249 0 0 1 2.1781 0.5397
5 114.5423 65.2524 3 4 3 0 3.5307 0 0 1 1.3145 0.5469
5 131.9209 123.1288 4 4 4 1 3.5871 1 0 1 0.5544 0.5538
5 138.1587 109.2010 4 2 2 0 2.0078 1 0 1 1.4960 0.5606
5 90.4904 90.7713 1 2 1 0 1.9337 0 0 1 2.3951 0.5672
5 96.5532 70.7419 3 1 2 0 1.7351 0 0 1 1.7107 0.5735
5 133.6424 103.4671 4 3 3 0 2.0736 1 0 1 1.2917 0.5797
5 95.3532 130.8562 2 2 3 1 2.6189 0 0 1 1.8024 0.5857
5 69.8536 99.2167 1 1 4 1 1.9283 0 0 1 1.5729 0.5915
5 81.3666 54.0435 3 3 3 1 2.3159 1 0 1 1.6193 0.5972
5 104.8418 64.5808 3 4 2 0 3.1482 0 0 1 1.1440 0.6027
5 107.3234 140.2796 2 2 2 1 1.5714 1 0 1 2.0236 0.6081
5 110.2706 135.7376 2 2 3 1 1.7381 0 0 1 0.8033 0.6133
5 99.3557 122.9250 2 2 3 1 1.0781 0 0 1 1.4541 0.6184
5 116.6119 107.6445 4 3 1 0 1.9851 0 0 1 1.4233 0.6234
5 97.2248 74.9069 3 1 2 0 1.7304 0 0 0 0.6023 0.6154
5 91.6309 131.5931 2 2 3 1 2.3598 0 0 0 1.4875 0.6076
5 101.5459 83.4905 3 3 4 1 1.5883 0 0 1 0.7299 0.6125
5 79.9131 104.8711 1 4 1 0 1.4188 0 0 1 0.8278 0.6173
5 104.9014 118.6219 2 2 3 1 2.7197 0 0 1 1.0741 0.6220
5 101.3815 73.0170 3 2 3 0 2.3645 0 0 1 0.5968 0.6265
5 115.4950 102.4642 4 2 1 0 2.1628 0 0 1 0.6631 0.6310
5 61.8078 120.1106 1 2 4 0 1.7196 0 0 1 1.0559 0.6353
5 91.6651 129.7944 2 4 1 0 3.2901 0 0 1 0.8107 0.6395
5 82.9178 60.6965 3 3 2 1 3.2307 0 0 1 0.7651 0.6437
5 106.4592 68.8722 3 3 1 1 0.5574 0 0 1 1.2074 0.6477
5 67.7185 92.3521 1 2 2 0 0.9161 1 0 1 0.9198 0.6517
5 91.9709 124.1509 2 3 2 0 0.6373 0 0 1 1.3215 0.6556
5 39.4733 74.9602 1 1 1 1 1.8814 1 0 1 0.8685 0.6593
5 132.9753 98.2457 4 4 1 1 3.0644 0 0 1 1.0102 0.6630
5 94.4813 130.1834 2 2 2 1 1.4516 1 0 0 1.0201 0.6559
5 111.3216 66.9400 3 3 4 1 1.9895 0 0 1 1.4104 0.6596
5 127.8129 85.9738 4 4 3 1 3.0917 0 0 1 1.6631 0.6632
5 143.4742 104.9102 4 2 4 0 1.3358 0 0 1 0.5509 0.6667
5 105.5005 79.1120 3 1 4 0 0.5157 0 0 1 2.1716 0.6701
5 101.4158 66.0176 3 4 1 0 2.5303 0 0 0 0.6881 0.6633
5 91.9884 65.8295 3 2 4 0 1.6648 0 0 1 1.0003 0.6667
5 109.8880 115.3438 2 2 1 1 1.2331 0 0 1 1.1492 0.6700
6 89.3754 80.2530 3 3 1 1 1.6000 0 0 0 1.6359 0.6634
6 90.7604 118.0055 2 2 4 1 1.1632 0 0 1 0.7085 0.6667
6 113.3018 55.9921 3 3 1 1 0.9324 0 0 1 0.5047 0.6699
6 66.1666 70.6993 1 1 3 1 2.1001 0 0 1 1.2856 0.6731
6 129.4991 98.6783 4 4 4 1 1.8614 1 0 0 0.7699 0.6667
6 66.9476 106.2204 1 2 4 0 1.7480 0 0 1 1.2622 0.6698
6 116.4688 89.7162 4 1 2 0 2.4292 0 0 1 0.8413 0.6729
6 79.9215 80.1434 1 4 3 0 2.7196 0 0 1 1.3934 0.6759
6 84.9633 129.4892 2 2 1 1 1.4288 0 0 1 1.0309 0.6789
6 75.8624 81.3255 1 3 4 0 0.8976 0 0 0 1.0120 0.6727
6 125.4167 88.3572 4 1 3 0 1.1649 0 0 1 1.2075 0.6757
6 107.6510 124.9763 2 2 1 1 0.9688 0 0 1 0.7674 0.6786
6 86.3785 114.4504 1 4 1 0 1.0432 0 0 1 0.7145 0.6814
6 110.5923 67.3542 3 3 2 1 0.4597 0 0 1 0.9480 0.6842
6 104.5617 56.6949 3 2 3 0 0.2828 0 0 1 2.0946 0.6870
6 111.1747 126.9010 2 3 2 0 0.5153 0 0 1 0.6375 0.6897
6 126.7152 117.4950 4 2 1 0 1.0364 0 0 1 0.9638 0.6923
6 74.0738 99.6458 1 2 2 0 1.4507 1 0 0 1.1800 0.6864
6 70.1847 112.6640 1 2 4 0 0.9543 0 0 1 0.3671 0.6891
6 114.6830 141.2372 2 1 4 0 1.3830 0 0 1 0.6144 0.6917
6 77.0563 105.1720 1 1 2 1 1.7160 0 0 1 1.3243 0.6942
6 136.2692 109.1555 4 3 4 0 0.9094 0 0 1 0.5630 0.6967
6 95.0595 146.4255 2 1 4 0 1.0730 0 0 1 0.6970 0.6992
6 70.9801 97.4984 1 2 3 0 0.8412 0 0 1 2.1552 0.7016
6 92.0338 75.2069 3 3 1 1 1.1212 0 0 1 0.5392 0.7040
6 95.9064 128.1414 2 1 3 0 2.0726 0 0 1 0.5222 0.7063
6 73.3303 105.7902 1 4 3 0 0.9671 0 0 1 1.2126 0.7087
6 123.6157 140.5805 2 2 1 1 1.0027 0 0 1 1.1861 0.7109
6 96.4923 64.0008 3 4 3 0 0.8003 0 0 1 0.8649 0.7132
6 75.9152 124.9741 1 2 4 0 0.7422 0 0 1 0.4864 0.7154
6 105.3469 62.1127 3 3 3 1 1.0257 1 0 1 0.5205 0.7176
6 98.9164 142.1705 2 2 2 1 1.3157 1 0 1 0.6750 0.7197
6 127.3768 98.4144 4 1 2 0 1.7151 0 0 0 0.6037 0.7143
6 88.4604 132.3513 2 4 2 0 0.7784 0 0 1 0.7463 0.7164
6 72.5930 121.4012 1 2 3 0 1.2122 0 0 0 0.1678 0.7111
6 95.8101 77.8261 3 3 4 1 0.9392 0 0 1 0.6570 0.7132
6 78.5336 135.8575 2 4 4 0 0.8974 1 0 1 0.5957 0.7153
6 95.8491 76.6500 3 3 4 1 2.7538 0 0 1 0.5017 0.7174
6 120.9845 109.6560 4 2 2 0 0.4974 1 0 0 0.5727 0.7122
6 90.9566 126.3451 2 2 3 1 3.5303 0 0 0 0.5936 0.7071
6 107.7596 101.6084 4 1 3 0 0.6876 0 0 1 0.4299 0.7092
6 100.6883 64.5680 3 1 1 0 0.9367 1 0 0 0.5412 0.7042
6 136.6758 89.3931 4 4 1 1 0.7310 0 0 1 0.9843 0.7063
6 75.9614 119.5233 1 2 3 0 1.7140 0 0 1 0.9227 0.7083
6 61.1240 86.3064 1 3 4 0 1.1377 0 0 1 1.2457 0.7103
6 87.9524 84.3511 1 1 2 1 0.9248 0 0 0 1.0081 0.7055
6 108.8308 89.4585 3 4 3 0 0.3133 0 0 0 2.0134 0.7007
6 84.0640 104.1338 1 2 3 0 0.5457 0 0 0 0.7808 0.6959
6 101.1719 119.2859 2 2 3 1 1.1359 0 0 0 1.5138 0.6913
6 87.3270 119.1106 2 2 2 1 1.5676 1 0 0 0.4679 0.6867
6 108.8706 89.0201 4 4 4 1 0.4626 1 0 1 0.6636 0.6887
6 102.9579 73.3276 3 4 2 0 0.2806 0 0 1 0.2835 0.6908
6 60.5538 97.4907 1 1 1 1 0.3870 1 0 1 0.8255 0.6928
6 88.1573 69.8247 3 1 3 0 0.4138 0 0 1 1.0293 0.6948
6 106.6255 68.2164 3 2 2 0 0.2861 1 0 1 1.0102 0.6968
6 140.2754 107.0743 4 3 1 0 1.2913 0 0 1 0.4565 0.6987
6 143.6140 95.9601 4 1 3 0 0.7239 0 0 1 1.0933 0.7006
6 147.2658 83.1370 4 4 3 1 1.9360 0 0 1 0.7182 0.7025
6 71.8123 78.3524 1 1 1 1 0.5914 1 0 1 0.8300 0.7044
6 140.1412 112.9269 4 1 4 0 0.5784 0 0 0 0.6703 0.7000
6 93.8110 81.9111 3 4 2 0 0.3982 0 0 1 0.6767 0.7019
6 62.6681 107.7355 1 1 3 1 1.3821 0 0 1 0.6159 0.7037
6 84.6675 102.7472 1 3 2 0 1.6238 0 0 1 2.1430 0.7055
6 94.1668 86.3556 3 2 3 0 0.5497 0 0 0 1.4414 0.7012
6 89.6134 63.6083 3 3 3 1 0.6457 1 0 1 0.5157 0.7030
6 72.0866 111.0079 1 2 2 0 1.2480 1 0 0 0.5731 0.6988
6 89.6707 66.7162 3 1 2 0 2.5542 0 0 1 1.2400 0.7006
6 95.8447 83.3202 3 3 1 1 0.1670 0 0 1 1.2564 0.7024
6 122.0819 84.6832 4 4 3 1 0.6158 0 0 1 0.8993 0.7041
6 111.8528 115.5680 2 4 4 0 1.1773 1 0 1 0.5318 0.7059
6 137.3462 113.9915 4 2 4 0 0.4321 0 0 1 2.8567 0.7076
6 136.3717 93.2697 4 3 3 0 0.2097 1 0 1 0.7077 0.7093
6 124.0902 118.9130 4 2 2 0 0.6448 1 0 1 0.5142 0.7110
6 95.9106 133.0822 2 1 2 0 0.4144 0 0 1 1.9085 0.7126
6 109.0777 102.4331 4 4 1 1 0.5965 0 0 0 1.0398 0.7086
6 128.0954 100.7774 4 2 2 0 0.3975 1 0 1 0.5175 0.7102
6 98.0288 118.9963 2 2 1 1 2.3054 0 0 1 0.0077 0.7119
6 84.3642 77.5642 3 3 4 1 0.5675 0 0 1 0.4660 0.7135
6 125.3602 108.8345 4 1 4 0 0.4614 0 0 1 0.6927 0.7151
6 69.7773 107.5104 1 4 2 0 0.2618 0 0 1 0.6630 0.7167
6 109.5893 66.1443 3 2 1 0 0.2160 0 0 1 0.3622 0.7182
6 103.3680 147.2061 2 2 2 1 0.4194 1 0 0 0.5701 0.7143
6 106.7931 73.1952 3 3 3 1 0.8084 1 0 1 2.1840 0.7158
6 72.9761 91.8513 1 2 2 0 0.2544 1 0 0 0.4648 0.7120
6 148.4004 105.7397 4 2 4 0 1.2752 0 0 1 0.4571 0.7135
6 63.4358 97.9667 1 4 2 0 0.3406 0 0 1 2.6015 0.7151
6 108.7611 66.5369 3 3 4 1 0.6823 0 0 0 2.0558 0.7112
6 93.3562 125.6489 2 4 3 0 2.2042 0 0 1 1.1849 0.7128
6 90.9880 115.6455 2 1 4 0 0.7986 0 0 0 0.7349 0.7090
6 102.2557 91.8934 3 2 3 0 0.3525 0 0 1 2.3748 0.7105
6 145.5079 105.0925 4 3 1 0 0.6581 0 0 1 0.7993 0.7120
6 69.0852 87.0812 1 2 1 0 1.3307 0 0 1 0.6736 0.7135
6 99.5317 110.2907 2 1 4 0 0.6084 0 0 1 0.3643 0.7150
6 121.7999 103.9522 4 3 4 0 0.3722 0 0 1 1.4335 0.7165
6 107.7094 136.7320 2 4 3 0 0.3171 0 0 0 0.5787 0.7128
6 92.8701 115.4010 2 2 1 1 0.2874 0 0 1 0.4359 0.7143
6 110.8904 77.7991 3 3 2 1 2.8453 0 0 1 0.2421 0.7157
6 78.0881 134.8433 2 4 3 0 0.3578 0 0 1 0.8118 0.7172
6 97.8579 128.1863 2 2 1 1 0.3514 0 0 1 0.6142 0.7186
6 122.2716 97.8254 4 1 1 0 0.4692 1 0 1 0.5258 0.7200
7 91.9586 81.3687 3 3 1 1 1.5895 0 0 0 0.8896 0.7164
7 63.8100 110.5574 1 2 3 0 2.1418 0 0 1 0.4815 0.7178
7 121.4979 110.0468 4 4 2 1 0.7167 0 0 1 0.5724 0.7192
7 114.8966 101.9000 4 2 2 0 0.3781 1 0 1 0.3370 0.7206
7 125.7579 107.7674 4 4 3 1 0.9997 0 0 1 1.2142 0.7220
7 80.5237 83.7751 3 2 2 0 0.5888 1 0 1 0.5589 0.7233
7 103.5760 77.8437 3 1 1 0 0.9238 1 0 0 0.4636 0.7198
7 110.6129 128.7154 2 2 2 1 0.7621 1 0 1 0.2833 0.7212
7 110.6893 65.7843 3 1 1 0 0.5454 1 0 0 1.0837 0.7177
7 103.8216 160.6784 2 3 4 0 0.2143 0 0 1 0.7444 0.7190
7 103.7433 91.3476 4 4 1 1 1.9943 0 0 0 0.7472 0.7156
7 69.6821 91.3549 1 1 3 1 1.2772 0 0 1 1.5304 0.7170
7 133.9500 86.6055 4 1 1 0 1.1695 1 0 1 0.9732 0.7183
7 101.7707 60.4127 3 4 1 0 0.5338 0 0 1 0.7537 0.7196
7 99.2808 114.3206 2 3 4 0 1.7965 0 0 0 0.6393 0.7163
7 125.4987 91.7156 4 4 3 1 1.0384 0 0 1 0.9192 0.7176
7 109.2279 139.7944 2 2 3 1 0.3176 0 0 1 0.7069 0.7189
7 111.7206 105.1756 4 2 1 0 0.5803 0 0 1 0.7526 0.7202
7 131.9336 115.7457 4 1 1 0 0.3064 1 0 1 0.7584 0.7215
7 67.5129 120.7204 1 1 2 1 0.3279 0 0 1 0.4752 0.7227
7 95.5026 80.5391 3 3 4 1 1.8938 0 0 1 1.4754 0.7240
7 85.1726 84.3353 1 2 3 0 0.9362 0 0 1 0.5083 0.7252
7 92.9462 88.1557 3 1 4 0 0.3925 0 0 1 0.7498 0.7265
7 90.7955 75.5635 3 1 1 0 0.1926 1 0 1 0.4822 0.7277
7 80.1687 102.4136 1 1 4 1 0.9261 0 0 1 0.4341 0.7289
7 94.9160 127.7004 2 4 1 0 0.1408 0 0 0 1.1806 0.7257
7 90.4349 136.3736 2 2 2 1 0.0567 1 0 0 0.2798 0.7225
7 87.4036 103.1563 1 2 3 0 0.2376 0 0 1 0.4319 0.7237
7 104.6776 56.5007 3 3 1 1 0.3459 0 0 0 0.7819 0.7205
7 93.0651 64.7039 3 1 4 0 1.2971 0 0 1 0.4949 0.7217
7 87.6377 87.8999 1 4 2 0 0.5867 0 0 1 0.4076 0.7229
7 107.2683 82.1691 3 2 4 0 0.2421 0 0 1 0.6613 0.7241
7 65.4832 111.9926 1 2 1 0 0.1810 0 0 0 0.4070 0.7210
7 77.9959 133.3717 2 1 3 0 1.1672 0 0 1 0.4897 0.7222
7 73.7486 110.4400 1 2 4 0 1.1567 0 0 1 1.4397 0.7234
7 67.4598 105.3197 1 2 4 0 1.1725 0 0 0 0.5590 0.7203
7 98.0211 135.4689 2 2 2 1 0.9726 1 0 1 1.1711 0.7215
7 102.0303 55.2700 3 3 1 1 0.5124 0 0 1 0.6825 0.7227
7 94.5770 65.3457 3 4 4 0 0.3466 1 0 1 0.9451 0.7238
7 98.5767 125.9519 2 1 2 0 1.1263 0 0 1 1.5042 0.7250
7 75.7972 136.1125 2 2 3 1 1.8130 0 0 1 0.5921 0.7261
7 102.9168 122.0853 2 3 3 0 0.2701 1 0 1 0.9134 0.7273
7 75.2236 88.3775 1 2 2 0 2.1847 1 0 1 0.3982 0.7284
7 124.0074 108.1929 4 2 1 0 1.4621 0 0 1 0.4565 0.7295
7 109.0160 110.1222 4 4 1 1 0.2744 0 0 1 0.3584 0.7306
7 101.9013 52.5659 3 1 4 0 0.9100 0 0 1 0.7537 0.7317
7 85.6089 129.0267 2 2 4 1 1.9714 0 0 0 0.2591 0.7287
7 53.2597 97.6524 1 4 1 0 0.2974 0 0 1 0.7491 0.7298
7 106.3064 69.9625 3 1 3 0 0.3042 0 0 1 0.9323 0.7309
7 140.9303 83.2723 4 2 4 0 0.1378 0 0 1 0.4915 0.7320
7 146.6449 104.1139 4 3 3 0 1.2164 1 0 0 0.0000 0.7320
7 118.3561 111.6363 4 2 1 0 0.5519 0 0 0 0.0000 0.7320
7 134.8970 112.8241 4 3 3 0 0.4623 1 0 0 0.0000 0.7320
7 53.1331 82.5922 1 1 2 1 0.6578 0 0 0 0.0000 0.7320
7 104.7419 95.8541 4 1 3 0 0.3943 0 0 0 0.0000 0.7320
7 106.2040 62.1277 3 3 3 1 0.2538 1 0 0 0.0000 0.7320
7 89.4633 121.3259 2 2 1 1 0.4130 0 0 0 0.0000 0.7320
7 67.2599 96.2754 1 1 3 1 0.7678 0 0 0 0.0000 0.7320
7 123.7680 91.1913 4 4 4 1 0.3162 1 0 0 0.0000 0.7320
7 101.5544 85.0108 3 4 3 0 0.4445 0 0 0 0.0000 0.7320
7 96.1304 74.5303 3 3 2 1 0.6903 0 0 0 0.0000 0.7320
7 90.6607 114.7931 2 2 4 1 0.8442 0 0 0 0.0000 0.7320
7 106.8346 93.8795 4 1 2 0 0.5388 0 0 0 0.0000 0.7320
7 86.6962 51.7089 3 3 1 1 1.5690 0 0 0 0.0000 0.7320
7 92.6224 121.3498 2 2 1 1 0.7207 0 0 0 0.0000 0.7320
7 92.5923 132.0602 2 2 3 1 0.6355 0 0 0 0.0000 0.7320
7 94.3484 71.3368 3 1 4 0 0.6931 0 0 0 0.0000 0.7320
7 99.1364 69.9712 3 4 1 0 0.6250 0 0 0 0.0000 0.7320
7 104.8673 128.2429 2 2 1 1 0.9058 0 0 0 0.0000 0.7320
7 101.8314 70.9860 3 3 3 1 0.9405 1 0 0 0.0000 0.7320
7 103.3200 134.0606 2 2 1 1 1.1015 0 0 0 0.0000 0.7320
7 124.4834 113.4982 4 4 2 1 0.4997 0 0 0 0.0000 0.7320
7 64.6998 97.2169 1 4 4 0 0.3937 1 0 0 0.0000 0.7320
7 132.6607 101.5893 4 1 3 0 1.2617 0 0 0 0.0000 0.7320
7 136.6421 100.5962 4 2 2 0 0.5008 1 0 0 0.0000 0.7320
7 91.5153 109.5289 2 1 2 0 0.8908 0 0 0 0.0000 0.7320
7 101.5874 128.6738 2 2 3 1 0.9216 0 0 0 0.0000 0.7320
7 132.9668 97.6630 4 2 2 0 0.6640 1 0 0 0.0000 0.7320
7 64.2303 102.6138 1 4 2 0 0.4811 0 0 0 0.0000 0.7320
7 79.8331 109.3147 1 4 1 0 0.7420 0 0 0 0.0000 0.7320
7 75.2274 96.2135 1 1 3 1 0.3706 0 0 0 0.0000 0.7320
7 103.0445 133.7577 2 3 4 0 0.3561 0 0 0 0.0000 0.7320
7 114.9372 130.4124 2 3 1 0 0.3099 0 0 0 0.0000 0.7320
7 59.6690 94.7477 1 2 2 0 0.1011 1 0 0 0.0000 0.7320
7 69.9645 86.5683 1 2 3 0 0.6403 0 0 0 0.0000 0.7320
7 99.8400 81.4098 3 4 3 0 0.7783 0 0 0 0.0000 0.7320
7 79.3083 92.6669 1 1 2 1 1.1754 0 0 0 0.0000 0.7320
7 104.7563 75.8659 3 3 1 1 0.7342 0 0 0 0.0000 0.7320
7 103.5026 142.9016 2 2 4 1 1.6890 0 0 0 0.0000 0.7320
7 101.9112 68.7101 3 4 4 0 1.6942 1 0 0 0.0000 0.7320
7 68.4902 100.3769 1 3 2 0 0.9302 0 0 0 0.0000 0.7320
7 74.1195 99.1445 1 1 1 1 0.5625 1 0 0 0.0000 0.7320
7 127.2725 101.2891 4 2 1 0 0.6180 0 0 0 0.0000 0.7320
7 113.7347 110.0741 4 3 4 0 0.2578 0 0 0 0.0000 0.7320
7 129.2816 110.8507 4 4 2 1 0.5118 0 0 0 0.0000 0.7320
7 92.9046 122.1020 2 1 4 0 0.4056 0 0 0 0.0000 0.7320
7 64.0041 91.5645 1 1 4 1 0.1996 0 0 0 0.0000 0.7320
7 140.3759 105.7105 4 1 1 0 0.3717 1 0 0 0.0000 0.7320
7 54.5403 100.5869 1 2 2 0 1.0131 1 0 0 0.0000 0.7320
7 106.0402 131.1355 2 1 3 0 0.8233 0 0 0 0.0000 0.7320
8 93.6683 67.5234 3 3 0 1 1.8501 1 1 0 0.0000 0.7320
8 134.6237 92.0509 4 4 0 1 0.5641 1 1 0 0.0000 0.7320
8 106.9555 129.7324 2 3 0 0 0.6673 0 1 0 0.0000 0.7320
8 133.5203 113.6583 4 3 0 0 0.8689 0 1 0 0.0000 0.7320
8 64.8654 97.4523 1 1 0 1 0.8025 1 1 0 0.0000 0.7320
8 111.4199 105.7905 4 2 0 0 0.8950 0 1 0 0.0000 0.7320
8 131.2836 106.8547 4 3 0 0 0.7185 0 1 0 0.0000 0.7320
8 74.1058 102.7346 1 3 0 0 0.8094 0 1 0 0.0000 0.7320
8 129.6642 100.7962 4 3 0 0 0.5664 0 1 0 0.0000 0.7320
8 70.7976 95.5266 1 3 0 0 0.4452 0 1 0 0.0000 0.7320
8 95.0812 129.7580 2 1 0 0 0.3821 0 1 0 0.0000 0.7320
8 81.9795 108.6904 1 1 0 1 0.3028 1 1 0 0.0000 0.7320
8 113.3941 91.5610 4 2 0 0 0.7677 0 1 0 0.0000 0.7320
8 80.5136 110.9438 1 3 0 0 0.2843 0 1 0 0.0000 0.7320
8 94.4389 74.6188 3 4 0 0 0.6192 0 1 0 0.0000 0.7320
8 90.9948 70.2116 3 4 0 0 0.5153 0 1 0 0.0000 0.7320
8 131.2149 122.0328 4 3 0 0 0.7608 0 1 0 0.0000 0.7320
8 88.6888 98.2993 1 2 0 0 0.6601 0 1 0 0.0000 0.7320
8 66.1732 98.4152 1 1 0 1 0.7013 1 1 0 0.0000 0.7320
8 105.3890 122.3535 2 3 0 0 0.6797 0 1 0 0.0000 0.7320
8 95.9689 62.9362 3 2 0 0 0.5289 0 1 0 0.0000 0.7320
8 91.7822 124.1051 2 3 0 0 0.8233 0 1 0 0.0000 0.7320
8 94.3007 69.4132 3 2 0 0 0.2120 0 1 0 0.0000 0.7320
8 107.4212 77.5781 3 3 0 1 0.8812 1 1 0 0.0000 0.7320
8 76.3090 94.5660 1 1 0 1 0.8468 1 1 0 0.0000 0.7320
8 102.5889 83.5736 3 3 0 1 1.1008 1 1 0 0.0000 0.7320
8 86.8404 95.0285 3 3 0 1 0.5456 1 1 0 0.0000 0.7320
8 94.8067 71.0829 3 4 0 0 1.0156 0 1 0 0.0000 0.7320
8 96.2220 119.3550 2 4 0 0 0.7779 0 1 0 0.0000 0.7320
8 71.1379 121.6782 1 3 0 0 0.8872 0 1 0 0.0000 0.7320
8 143.8585 102.7132 4 2 0 0 0.7263 0 1 0 0.0000 0.7320
8 61.9010 110.7270 1 1 0 1 0.3219 1 1 0 0.0000 0.7320
8 107.7221 122.8525 2 3 0 0 0.7374 0 1 0 0.0000 0.7320
8 109.4239 76.8451 3 2 0 0 0.6678 0 1 0 0.0000 0.7320
8 111.1157 67.1623 3 4 0 0 0.3735 0 1 0 0.0000 0.7320
8 112.8966 126.8406 2 3 0 0 0.6471 0 1 0 0.0000 0.7320
8 71.7453 107.3721 1 4 0 0 0.3197 0 1 0 0.0000 0.7320
8 63.2691 104.2814 1 1 0 1 0.6553 1 1 0 0.0000 0.7320
8 129.3278 121.8224 4 4 0 1 0.6480 1 1 0 0.0000 0.7320
8 70.0570 97.8239 1 1 0 1 0.8653 1 1 0 0.0000 0.7320
8 64.7903 77.3709 1 1 0 1 0.6069 1 1 0 0.0000 0.7320
8 73.9319 114.8849 1 1 0 1 0.5988 1 1 0 0.0000 0.7320
8 73.2713 112.1859 1 1 0 1 0.4624 1 1 0 0.0000 0.7320
8 94.4599 89.8636 3 3 0 1 1.1220 1 1 0 0.0000 0.7320
8 103.5668 102.0057 2 3 0 0 0.6132 0 1 0 0.0000 0.7320
8 133.3841 95.1198 4 4 0 1 0.7647 1 1 0 0.0000 0.7320
8 108.8770 124.8040 2 2 0 1 0.7456 1 1 0 0.0000 0.7320
8 106.5451 94.5860 4 2 0 0 0.4851 0 1 0 0.0000 0.7320
8 141.1648 118.9442 4 4 0 1 0.6974 1 1 0 0.0000 0.7320
8 97.5037 109.7229 2 2 0 1 0.4363 1 1 0 0.0000 0.7320
8 83.8468 132.1807 2 2 0 1 0.7426 1 1 0 0.0000 0.7320
8 96.6394 63.9314 3 2 0 0 0.5778 0 1 0 0.0000 0.7320
8 85.2607 84.4604 1 3 0 0 0.6003 0 1 0 0.0000 0.7320
8 120.2365 105.3651 4 4 0 1 1.2626 1 1 0 0.0000 0.7320
8 112.9909 56.6666 3 4 0 0 0.6481 0 1 0 0.0000 0.7320
8 71.8706 91.0002 1 1 0 1 0.7846 1 1 0 0.0000 0.7320
8 103.7936 74.4077 3 4 0 0 0.7484 0 1 0 0.0000 0.7320
8 111.2919 71.9448 3 3 0 1 0.4394 1 1 0 0.0000 0.7320
8 126.1796 107.6207 4 3 0 0 0.4257 0 1 0 0.0000 0.7320
8 132.7261 92.5790 4 2 0 0 0.4272 0 1 0 0.0000 0.7320
8 114.5281 61.5265 3 1 0 0 0.0468 0 1 0 0.0000 0.7320
8 123.1753 102.4976 4 4 0 1 0.0395 1 1 0 0.0000 0.7320
8 95.0873 138.8186 2 1 0 0 0.8818 0 1 0 0.0000 0.7320
8 107.1687 132.0388 2 2 0 1 0.7514 1 1 0 0.0000 0.7320
8 83.5111 127.4984 2 1 0 0 0.5870 0 1 0 0.0000 0.7320
8 102.5619 50.8807 3 3 0 1 0.7698 1 1 0 0.0000 0.7320
8 105.9622 87.7261 3 2 0 0 0.7661 0 1 0 0.0000 0.7320
8 109.1853 138.0732 2 2 0 1 0.5858 1 1 0 0.0000 0.7320
8 86.3858 114.7453 1 3 0 0 1.3445 0 1 0 0.0000 0.7320
8 123.5975 102.7674 4 3 0 0 1.1778 0 1 0 0.0000 0.7320
8 80.0097 106.6956 1 2 0 0 0.7848 0 1 0 0.0000 0.7320
8 63.4817 91.5669 1 1 0 1 0.6693 1 1 0 0.0000 0.7320
8 106.9445 67.1810 3 2 0 0 0.4225 0 1 0 0.0000 0.7320
8 124.4760 113.3694 4 3 0 0 0.4090 0 1 0 0.0000 0.7320
8 92.5878 154.2830 2 4 0 0 0.4102 0 1 0 0.0000 0.7320
8 100.4068 124.7725 2 4 0 0 0.8448 0 1 0 0.0000 0.7320
8 105.9102 134.8433 2 3 0 0 0.8585 0 1 0 0.0000 0.7320
8 116.1249 104.1484 4 4 0 1 0.8879 1 1 0 0.0000 0.7320
8 154.9917 97.4097 4 4 0 1 0.9205 1 1 0 0.0000 0.7320
8 124.2482 90.8835 4 3 0 0 0.9198 0 1 0 0.0000 0.7320
8 129.2654 80.7698 4 2 0 0 2.6798 0 1 0 0.0000 0.7320
8 63.8999 101.5863 1 1 0 1 0.7086 1 1 0 0.0000 0.7320
8 120.2761 123.7163 2 4 0 0 0.5274 0 1 0 0.0000 0.7320
8 101.3003 118.2468 2 4 0 0 0.5485 0 1 0 0.0000 0.7320
8 98.6420 67.0848 3 3 0 1 0.4421 1 1 0 0.0000 0.7320
8 77.6529 103.1860 1 3 0 0 0.4780 0 1 0 0.0000 0.7320
8 137.4330 97.0950 4 3 0 0 0.8501 0 1 0 0.0000 0.7320
8 88.8389 138.9016 2 1 0 0 0.6229 0 1 0 0.0000 0.7320
8 108.8790 128.9527 2 3 0 0 0.5031 0 1 0 0.0000 0.7320
8 96.0057 70.3104 3 2 0 0 0.5872 0 1 0 0.0000 0.7320
8 118.0005 110.7687 4 2 0 0 0.5468 0 1 0 0.0000 0.7320
8 106.6803 75.3501 3 3 0 1 0.6803 1 1 0 0.0000 0.7320
8 81.4458 97.6135 1 1 0 1 0.7056 1 1 0 0.0000 0.7320
8 88.9937 55.4789 3 3 0 1 0.5892 1 1 0 0.0000 0.7320
8 113.9239 134.0780 2 4 0 0 0.5963 0 1 0 0.0000 0.7320
8 94.7207 105.7847 2 2 0 1 0.7486 1 1 0 0.0000 0.7320
8 125.8238 82.1636 4 3 0 0 0.7441 0 1 0 0.0000 0.7320
8 95.4788 69.3943 3 1 0 0 0.8994 0 1 0 0.0000 0.7320
8 110.4685 121.2093 2 3 0 0 0.6121 0 1 0 0.0000 0.7320
8 56.5795 97.8917 1 1 0 1 0.7467 1 1 0 0.0000 0.7320
9 103.8987 52.9844 3 3 0 1 2.1540 1 1 0 0.0000 0.7320
9 140.8232 100.9438 4 3 0 0 1.4373 0 1 0 0.0000 0.7320
9 103.6137 74.1008 3 3 0 1 0.6832 1 1 0 0.0000 0.7320
9 119.6989 106.1292 4 2 0 0 0.7085 0 1 0 0.0000 0.7320
9 68.9197 110.3770 1 1 0 1 0.7509 1 1 0 0.0000 0.7320
9 98.0313 85.9155 3 4 0 0 0.5213 0 1 0 0.0000 0.7320
9 129.2137 95.3005 4 4 0 1 0.8795 1 1 0 0.0000 0.7320
9 99.2293 138.8234 2 3 0 0 0.3989 0 1 0 0.0000 0.7320
9 64.3651 104.8376 1 1 0 1 1.1364 1 1 0 0.0000 0.7320
9 87.7432 121.7098 2 2 0 1 0.7437 1 1 0 0.0000 0.7320
9 116.0171 54.0204 3 3 0 1 0.8835 1 1 0 0.0000 0.7320
9 49.0672 104.1744 1 1 0 1 0.8664 1 1 0 0.0000 0.7320
9 81.6602 102.3989 1 3 0 0 0.5462 0 1 0 0.0000 0.7320
9 103.8039 134.0234 2 3 0 0 0.7275 0 1 0 0.0000 0.7320
9 136.8027 115.4470 4 4 0 1 0.9466 1 1 0 0.0000 0.7320
9 68.7974 98.9162 1 1 0 1 0.6610 1 1 0 0.0000 0.7320
9 80.0327 125.0308 2 2 0 1 0.8166 1 1 0 0.0000 0.7320
9 122.1071 98.6297 4 3 0 0 0.7658 0 1 0 0.0000 0.7320
9 54.7262 102.9481 1 1 0 1 0.6966 1 1 0 0.0000 0.7320
9 101.8316 65.4209 3 3 0 1 0.9170 1 1 0 0.0000 0.7320
9 104.3017 71.1701 3 3 0 1 0.5793 1 1 0 0.0000 0.7320
9 74.2690 85.7949 1 2 0 0 1.2257 0 1 0 0.0000 0.7320
9 92.7225 150.3744 2 3 0 0 1.2665 0 1 0 0.0000 0.7320
9 98.0162 72.5907 3 3 0 1 1.2744 1 1 0 0.0000 0.7320
9 96.2624 137.6255 2 3 0 0 1.9400 0 1 0 0.0000 0.7320
9 110.7196 116.0871 2 3 0 0 1.0216 0 1 0 0.0000 0.7320
9 67.3771 101.2090 1 1 0 1 0.8963 1 1 0 0.0000 0.7320
9 106.3990 126.8403 2 3 0 0 2.1626 0 1 0 0.0000 0.7320
9 130.3035 108.1081 4 4 0 1 0.8178 1 1 0 0.0000 0.7320
9 94.5523 61.3336 3 1 0 0 0.5275 0 1 0 0.0000 0.7320
9 91.4105 93.8808 3 3 0 1 0.8381 1 1 0 0.0000 0.7320
9 139.8791 103.1183 4 4 0 1 0.8345 1 1 0 0.0000 0.7320
9 107.7046 80.5418 3 2 0 0 0.5770 0 1 0 0.0000 0.7320
9 137.0804 110.1187 4 2 0 0 0.8557 0 1 0 0.0000 0.7320
9 104.7658 137.1957 2 1 0 0 0.5346 0 1 0 0.0000 0.7320
9 88.9518 121.9229 2 1 0 0 0.6372 0 1 0 0.0000 0.7320
9 103.4128 73.7752 3 2 0 0 2.4077 0 1 0 0.0000 0.7320
9 71.6742 104.6640 1 3 0 0 1.1032 0 1 0 0.0000 0.7320
9 63.0102 111.5537 1 1 0 1 0.7713 1 1 0 0.0000 0.7320
9 134.4524 99.3927 4 1 0 0 0.7676 0 1 0 0.0000 0.7320
9 82.9756 154.2510 2 1 0 0 0.6852 0 1 0 0.0000 0.7320
9 105.3527 58.0847 3 3 0 1 1.2570 1 1 0 0.0000 0.7320
9 120.2600 88.8269 4 3 0 0 1.7282 0 1 0 0.0000 0.7320
9 88.0723 90.5523 3 3 0 1 1.1709 1 1 0 0.0000 0.7320
9 55.9682 101.5119 1 1 0 1 0.7762 1 1 0 0.0000 0.7320
9 89.2050 134.1374 2 2 0 1 0.5015 1 1 0 0.0000 0.7320
9 126.2764 83.8192 4 4 0 1 0.7629 1 1 0 0.0000 0.7320
9 86.1985 132.7623 2 3 0 0 0.6468 0 1 0 0.0000 0.7320
9 66.9838 90.4158 1 2 0 0 1.1504 0 1 0 0.0000 0.7320
9 125.0165 87.0374 4 3 0 0 2.5493 0 1 0 0.0000 0.7320
