1 101.7032 60.1956 3 1 0 0 1.8997 0 1 0 0.0000 0.0000
1 80.3630 107.5832 1 2 0 0 2.7675 0 1 0 0.0000 0.0000
1 59.6690 94.7477 1 3 0 0 2.1193 0 1 0 0.0000 0.0000
1 97.5037 109.7229 2 4 0 0 3.4686 0 1 0 0.0000 0.0000
1 147.2658 83.1370 4 2 0 0 1.8780 0 1 0 0.0000 0.0000
1 96.6668 66.6565 3 4 0 0 1.2304 0 1 0 0.0000 0.0000
1 98.5767 125.9519 2 1 0 0 2.2703 0 1 0 0.0000 0.0000
1 133.5661 96.3853 4 2 0 0 1.2039 0 1 0 0.0000 0.0000
1 112.8350 144.2134 2 3 0 0 0.5231 0 1 0 0.0000 0.0000
1 109.0777 102.4331 4 4 0 1 0.7682 1 1 0 0.0000 0.0000
1 138.9301 102.8864 4 2 0 0 0.8607 0 1 0 0.0000 0.0000
1 75.2274 96.2135 1 3 0 0 1.4350 0 1 0 0.0000 0.0000
1 123.5975 102.7674 4 4 0 1 0.9666 1 1 0 0.0000 0.0000
1 75.5032 120.2016 1 1 0 1 0.6314 1 1 0 0.0000 0.0000
1 102.2557 91.8934 3 3 0 1 0.7700 1 1 0 0.0000 0.0000
1 66.1732 98.4152 1 2 0 0 0.6697 0 1 0 0.0000 0.0000
1 98.0184 84.3762 3 4 0 0 0.7897 0 1 0 0.0000 0.0000
1 103.8216 160.6784 2 1 0 0 0.6185 0 1 0 0.0000 0.0000
1 136.3717 93.2697 4 3 0 0 0.4028 0 1 0 0.0000 0.0000
1 98.9164 142.1705 2 4 0 0 0.3252 0 1 0 0.0000 0.0000
1 102.0303 55.2700 3 2 0 0 0.7335 0 1 0 0.0000 0.0000
1 76.5790 100.0855 1 4 0 0 0.3432 0 1 0 0.0000 0.0000
1 107.4894 67.7759 3 3 0 1 0.2723 1 1 0 0.0000 0.0000
1 99.8924 122.9074 2 1 0 0 0.2547 0 1 0 0.0000 0.0000
1 103.2879 70.9612 3 4 0 0 1.0975 0 1 0 0.0000 0.0000
1 82.4519 94.3090 1 4 0 0 0.8130 0 1 0 0.0000 0.0000
1 109.8880 115.3438 2 4 0 0 0.2978 0 1 0 0.0000 0.0000
1 90.3402 116.8999 1 4 0 0 0.2993 0 1 0 0.0000 0.0000
1 94.8067 71.0829 3 4 0 0 0.3150 0 1 0 0.0000 0.0000
1 95.9106 133.0822 2 4 0 0 0.3958 0 1 0 0.0000 0.0000
1 75.9152 124.9741 1 4 0 0 0.6622 0 1 0 0.0000 0.0000
1 112.0955 90.0869 4 4 0 1 0.6225 1 1 0 0.0000 0.0000
1 86.3785 114.4504 1 4 0 0 0.4701 0 1 0 0.0000 0.0000
1 73.7486 110.4400 1 4 0 0 0.2665 0 1 0 0.0000 0.0000
1 76.1655 80.2105 1 4 0 0 0.1056 0 1 0 0.0000 0.0000
1 104.8418 64.5808 3 4 0 0 2.1556 0 1 0 0.0000 0.0000
1 102.1152 59.2238 3 4 0 0 0.4348 0 1 0 0.0000 0.0000
1 134.5390 105.2827 4 4 0 1 0.3172 1 1 0 0.0000 0.0000
1 57.9441 87.1006 1 3 0 0 0.8931 0 1 0 0.0000 0.0000
1 114.1970 77.1463 3 3 0 1 0.2675 1 1 0 0.0000 0.0000
1 66.6809 92.0205 1 2 0 0 2.3783 0 1 0 0.0000 0.0000
1 76.4013 95.2955 1 1 0 1 1.1194 1 1 0 0.0000 0.0000
1 89.3754 80.2530 3 1 0 0 1.8548 0 1 0 0.0000 0.0000
1 103.7433 91.3476 4 4 0 1 0.9038 1 1 0 0.0000 0.0000
1 92.6224 121.3498 2 2 0 1 1.6617 1 1 0 0.0000 0.0000
1 121.1033 94.5771 4 3 0 0 1.2086 0 1 0 0.0000 0.0000
1 139.5657 102.7081 4 3 0 0 1.1669 0 1 0 0.0000 0.0000
1 102.6554 124.9706 2 4 0 0 0.3728 0 1 0 0.0000 0.0000
1 77.8577 103.2591 1 1 0 1 0.3181 1 1 0 0.0000 0.0000
1 111.4199 105.7905 4 2 0 0 1.8556 0 1 0 0.0000 0.0000
1 88.8389 138.9016 2 4 0 0 0.8616 0 1 0 0.0000 0.0000
1 113.0291 96.0229 4 3 0 0 0.3636 0 1 0 0.0000 0.0000
1 97.0720 123.3270 2 4 0 0 1.0774 0 1 0 0.0000 0.0000
1 79.1953 108.8968 1 4 0 0 0.7047 0 1 0 0.0000 0.0000
1 100.5722 59.0357 3 4 0 0 0.6915 0 1 0 0.0000 0.0000
1 95.5324 124.7046 2 1 0 0 0.4842 0 1 0 0.0000 0.0000
1 94.5580 127.3204 2 4 0 0 0.6107 0 1 0 0.0000 0.0000
1 124.2482 90.8835 4 4 0 1 0.6979 1 1 0 0.0000 0.0000
1 88.7273 138.5179 2 3 0 0 1.8034 0 1 0 0.0000 0.0000
1 103.7841 117.2437 2 4 0 0 0.7133 0 1 0 0.0000 0.0000
1 58.3275 73.3529 1 1 0 1 0.4274 1 1 0 0.0000 0.0000
1 90.6607 114.7931 2 4 0 0 1.1833 0 1 0 0.0000 0.0000
1 91.6309 131.5931 2 4 0 0 0.5969 0 1 0 0.0000 0.0000
1 91.9884 65.8295 3 3 0 1 0.9949 1 1 0 0.0000 0.0000
1 82.7853 71.5963 3 3 0 1 1.7640 1 1 0 0.0000 0.0000
1 106.2040 62.1277 3 2 0 0 2.0260 0 1 0 0.0000 0.0000
1 101.3815 73.0170 3 4 0 0 1.3179 0 1 0 0.0000 0.0000
1 108.6715 117.6680 2 3 0 0 0.4159 0 1 0 0.0000 0.0000
1 116.1249 104.1484 4 4 0 1 0.8503 1 1 0 0.0000 0.0000
1 136.1853 96.6623 4 2 0 0 1.3759 0 1 0 0.0000 0.0000
1 65.8822 90.4625 1 1 0 1 0.7947 1 1 0 0.0000 0.0000
1 104.1968 141.2735 2 4 0 0 1.1613 0 1 0 0.0000 0.0000
1 80.5237 83.7751 3 2 0 0 1.4705 0 1 0 0.0000 0.0000
1 142.5256 91.5844 4 3 0 0 1.1474 0 1 0 0.0000 0.0000
1 95.8447 83.3202 3 4 0 0 1.4969 0 1 0 0.0000 0.0000
1 99.0396 118.4244 2 4 0 0 1.1033 0 1 0 0.0000 0.0000
1 91.7822 124.1051 2 4 0 0 0.6989 0 1 0 0.0000 0.0000
1 118.5892 107.7876 2 4 0 0 0.7640 0 1 0 0.0000 0.0000
1 101.5544 85.0108 3 2 0 0 0.9193 0 1 0 0.0000 0.0000
1 131.9209 123.1288 4 3 0 0 0.8632 0 1 0 0.0000 0.0000
1 69.8300 103.9540 1 1 0 1 0.4136 1 1 0 0.0000 0.0000
1 121.8793 109.9178 4 4 0 1 1.0580 1 1 0 0.0000 0.0000
1 72.0866 111.0079 1 1 0 1 0.9331 1 1 0 0.0000 0.0000
1 111.1212 118.3085 4 4 0 1 0.5263 1 1 0 0.0000 0.0000
1 101.3003 118.2468 2 3 0 0 0.8995 0 1 0 0.0000 0.0000
1 130.3035 108.1081 4 4 0 1 0.8103 1 1 0 0.0000 0.0000
1 128.0394 100.6980 4 2 0 0 0.7835 0 1 0 0.0000 0.0000
1 94.1701 78.6328 3 3 0 1 1.0194 1 1 0 0.0000 0.0000
1 123.1753 102.4976 4 4 0 1 1.1417 1 1 0 0.0000 0.0000
1 101.4158 66.0176 3 3 0 1 0.8193 1 1 0 0.0000 0.0000
1 72.1357 96.4958 1 1 0 1 0.4242 1 1 0 0.0000 0.0000
1 77.6529 103.1860 1 1 0 1 1.0445 1 1 0 0.0000 0.0000
1 96.4990 80.8376 3 3 0 1 0.7201 1 1 0 0.0000 0.0000
1 81.7898 111.5385 2 1 0 0 0.9548 0 1 0 0.0000 0.0000
1 111.1157 67.1623 3 4 0 0 1.9400 0 1 0 0.0000 0.0000
1 105.3527 58.0847 3 3 0 1 0.8382 1 1 0 0.0000 0.0000
1 70.8464 89.2329 1 1 0 1 0.5959 1 1 0 0.0000 0.0000
1 85.2607 84.4604 1 1 0 1 1.4127 1 1 0 0.0000 0.0000
1 124.0902 118.9130 4 2 0 0 1.1779 0 1 0 0.0000 0.0000
1 116.9347 101.9188 4 4 0 1 0.5915 1 1 0 0.0000 0.0000
2 71.8123 78.3524 1 1 0 1 1.3704 1 1 0 0.0000 0.0000
2 115.6346 88.5311 3 4 0 0 0.3986 0 1 0 0.0000 0.0000
2 104.8871 113.3817 2 4 0 0 0.8250 0 1 0 0.0000 0.0000
2 85.1726 84.3353 1 1 0 1 0.7742 1 1 0 0.0000 0.0000
2 132.7079 98.4518 4 3 0 0 0.8413 0 1 0 0.0000 0.0000
2 125.8238 82.1636 4 4 0 1 0.6869 1 1 0 0.0000 0.0000
2 53.2597 97.6524 1 1 0 1 0.5768 1 1 0 0.0000 0.0000
2 113.0652 114.0933 2 4 0 0 0.4792 0 1 0 0.0000 0.0000
2 138.9077 109.0262 4 4 0 1 0.4276 1 1 0 0.0000 0.0000
2 98.2771 121.0598 2 2 0 1 0.9592 1 1 0 0.0000 0.0000
2 59.3703 85.0339 1 1 0 1 0.6324 1 1 0 0.0000 0.0000
2 96.0057 70.3104 3 3 0 1 0.7123 1 1 0 0.0000 0.0000
2 105.3632 117.7025 2 4 0 0 0.4588 0 1 0 0.0000 0.0000
2 103.3680 147.2061 2 4 0 0 0.4871 0 1 0 0.0000 0.0000
2 129.4991 98.6783 4 4 0 1 0.7314 1 1 0 0.0000 0.0000
2 53.1331 82.5922 1 1 0 1 0.7583 1 1 0 0.0000 0.0000
2 101.9270 124.9169 2 3 0 0 1.0014 0 1 0 0.0000 0.0000
2 93.9527 116.2486 2 4 0 0 0.5238 0 1 0 0.0000 0.0000
2 71.1848 108.2609 1 2 0 0 0.8978 0 1 0 0.0000 0.0000
2 95.0595 146.4255 2 3 0 0 1.0653 0 1 0 0.0000 0.0000
2 67.6983 96.7664 1 1 0 1 1.2781 1 1 0 0.0000 0.0000
2 127.7061 107.1893 4 4 0 1 1.2151 1 1 0 0.0000 0.0000
2 122.0819 84.6832 4 4 0 1 0.5661 1 1 0 0.0000 0.0000
2 110.5923 67.3542 3 3 0 1 0.8441 1 1 0 0.0000 0.0000
2 117.2242 127.3864 2 4 0 0 0.6504 0 1 0 0.0000 0.0000
2 93.0651 64.7039 3 2 0 0 2.4431 0 1 0 0.0000 0.0000
2 105.3690 62.3515 3 3 0 1 1.0182 1 1 0 0.0000 0.0000
2 108.9143 79.3603 3 3 0 1 1.1736 1 1 0 0.0000 0.0000
2 135.3313 94.3023 4 4 0 1 0.6523 1 1 0 0.0000 0.0000
2 91.5616 71.1302 3 2 0 0 2.6618 0 1 0 0.0000 0.0000
2 92.9046 122.1020 2 3 0 0 0.8018 0 1 0 0.0000 0.0000
2 94.9160 127.7004 2 3 0 0 1.1198 0 1 0 0.0000 0.0000
2 154.9917 97.4097 4 4 0 1 0.6065 1 1 0 0.0000 0.0000
2 136.0329 94.3559 4 4 0 1 1.1581 1 1 0 0.0000 0.0000
2 135.3254 107.9271 4 4 0 1 0.5309 1 1 0 0.0000 0.0000
2 124.7199 97.3623 4 4 0 1 0.6877 1 1 0 0.0000 0.0000
2 75.6848 119.7178 1 1 0 1 0.8573 1 1 0 0.0000 0.0000
2 93.4160 96.6826 1 1 0 1 0.5996 1 1 0 0.0000 0.0000
2 90.5905 64.5018 1 1 0 1 0.5036 1 1 0 0.0000 0.0000
2 117.5010 78.0190 3 4 0 0 0.4848 0 1 0 0.0000 0.0000
2 109.2279 139.7944 2 2 0 1 0.5132 1 1 0 0.0000 0.0000
2 97.8026 130.4800 2 2 0 1 0.5738 1 1 0 0.0000 0.0000
2 94.9933 68.5995 3 2 0 0 1.3314 0 1 0 0.0000 0.0000
2 92.5239 112.3685 2 3 0 0 0.3650 0 1 0 0.0000 0.0000
2 121.7999 103.9522 4 4 0 1 0.7675 1 1 0 0.0000 0.0000
2 64.3651 104.8376 1 1 0 1 0.4110 1 1 0 0.0000 0.0000
2 104.4554 125.8732 2 2 0 1 0.8546 1 1 0 0.0000 0.0000
2 101.1053 71.3264 3 3 0 1 0.8606 1 1 0 0.0000 0.0000
2 124.0074 108.1929 4 4 0 1 0.2917 1 1 0 0.0000 0.0000
2 56.6860 103.5982 1 1 0 1 0.4833 1 1 0 0.0000 0.0000
2 129.4118 107.4261 4 2 0 0 0.3121 0 1 0 0.0000 0.0000
2 61.8078 120.1106 1 1 0 1 1.1193 1 1 0 0.0000 0.0000
2 95.7718 76.3855 3 4 0 0 0.5000 0 1 0 0.0000 0.0000
2 55.6794 110.5232 1 3 0 0 0.3536 0 1 0 0.0000 0.0000
2 93.2724 118.2552 2 2 0 1 1.1548 1 1 0 0.0000 0.0000
2 84.3642 77.5642 3 3 0 1 0.4088 1 1 0 0.0000 0.0000
2 100.3058 142.8041 2 4 0 0 0.5399 0 1 0 0.0000 0.0000
2 79.5622 79.5091 3 3 0 1 0.5623 1 1 0 0.0000 0.0000
2 64.1784 95.8536 1 1 0 1 0.9619 1 1 0 0.0000 0.0000
2 69.0852 87.0812 1 1 0 1 0.7395 1 1 0 0.0000 0.0000
2 68.4902 100.3769 1 1 0 1 0.6875 1 1 0 0.0000 0.0000
2 119.9412 80.9812 3 4 0 0 0.8494 0 1 0 0.0000 0.0000
2 107.2509 127.7588 2 3 0 0 0.9686 0 1 0 0.0000 0.0000
2 66.1666 70.6993 1 1 0 1 0.7858 1 1 0 0.0000 0.0000
2 101.9112 68.7101 3 2 0 0 0.9177 0 1 0 0.0000 0.0000
2 121.8181 81.1996 4 4 0 1 0.6221 1 1 0 0.0000 0.0000
2 96.6394 63.9314 3 4 0 0 0.5581 0 1 0 0.0000 0.0000
2 137.3987 90.8951 4 4 0 1 0.6440 1 1 0 0.0000 0.0000
2 85.7585 122.9180 2 2 0 1 0.7805 1 1 0 0.0000 0.0000
2 107.5018 121.6098 2 3 0 0 0.9209 0 1 0 0.0000 0.0000
2 136.6758 89.3931 4 4 0 1 0.6496 1 1 0 0.0000 0.0000
2 139.8791 103.1183 4 4 0 1 0.6572 1 1 0 0.0000 0.0000
2 88.9518 121.9229 2 3 0 0 0.9059 0 1 0 0.0000 0.0000
2 125.4167 88.3572 4 4 0 1 0.8811 1 1 0 0.0000 0.0000
2 78.0881 134.8433 2 1 0 0 0.8470 0 1 0 0.0000 0.0000
2 72.9761 91.8513 1 1 0 1 1.7894 1 1 0 0.0000 0.0000
2 131.7155 99.7142 4 4 0 1 0.8198 1 1 0 0.0000 0.0000
2 136.2692 109.1555 4 4 0 1 0.7150 1 1 0 0.0000 0.0000
2 124.8026 92.4396 4 4 0 1 0.7574 1 1 0 0.0000 0.0000
2 71.1468 98.6645 1 3 0 0 0.7845 0 1 0 0.0000 0.0000
2 102.5889 83.5736 3 4 0 0 0.5409 0 1 0 0.0000 0.0000
2 105.3469 62.1127 3 4 0 0 0.7789 0 1 0 0.0000 0.0000
2 98.4734 67.9758 3 2 0 0 0.9024 0 1 0 0.0000 0.0000
2 108.8706 89.0201 4 4 0 1 0.4624 1 1 0 0.0000 0.0000
2 56.4131 94.2644 1 1 0 1 0.9228 1 1 0 0.0000 0.0000
2 64.0041 91.5645 1 1 0 1 8.0820 1 1 0 0.0000 0.0000
2 103.7936 74.4077 3 3 0 1 1.8167 1 1 0 0.0000 0.0000
2 105.5005 79.1120 3 3 0 1 1.5598 1 1 0 0.0000 0.0000
2 92.0338 75.2069 3 2 0 0 0.9038 0 1 0 0.0000 0.0000
2 70.7232 116.5256 1 1 0 1 0.6394 1 1 0 0.0000 0.0000
2 128.9701 121.7062 4 4 0 1 0.7046 1 1 0 0.0000 0.0000
2 98.2988 66.6219 3 3 0 1 0.5877 1 1 0 0.0000 0.0000
2 90.9880 115.6455 2 1 0 0 0.3317 0 1 0 0.0000 0.0000
2 63.4358 97.9667 1 1 0 1 0.6542 1 1 0 0.0000 0.0000
2 131.9336 115.7457 4 4 0 1 0.5753 1 1 0 0.0000 0.0000
2 84.9633 129.4892 2 2 0 1 0.8372 1 1 0 0.0000 0.0000
2 94.5770 65.3457 3 3 0 1 0.6100 1 1 0 0.0000 0.0000
2 85.6089 129.0267 2 3 0 0 1.1624 0 1 0 0.0000 0.0000
2 80.4441 103.3211 1 3 0 0 0.7928 0 1 0 0.0000 0.0000
2 104.3017 71.1701 3 3 0 1 0.3739 1 1 0 0.0000 0.0000
3 104.4290 118.4309 2 3 0 0 2.4025 0 1 0 0.0000 0.0000
3 109.0030 126.8378 2 3 0 0 0.4543 0 1 0 0.0000 0.0000
3 132.7261 92.5790 4 4 0 1 0.7782 1 1 0 0.0000 0.0000
3 63.8100 110.5574 1 1 0 1 0.6219 1 1 0 0.0000 0.0000
3 74.1213 97.4802 1 2 0 0 0.7423 0 1 0 0.0000 0.0000
3 134.4524 99.3927 4 4 0 1 0.8173 1 1 0 0.0000 0.0000
3 120.2600 88.8269 4 3 0 0 1.3422 0 1 0 0.0000 0.0000
3 39.4733 74.9602 1 1 0 1 0.4893 1 1 0 0.0000 0.0000
3 67.2599 96.2754 1 1 0 1 1.3181 1 1 0 0.0000 0.0000
3 66.8812 103.1281 1 1 0 1 0.7125 1 1 0 0.0000 0.0000
3 122.2716 97.8254 4 4 0 1 1.3231 1 1 0 0.0000 0.0000
3 92.5923 132.0602 2 3 0 0 0.9332 0 1 0 0.0000 0.0000
3 72.5890 103.3064 1 2 0 0 1.2775 0 1 0 0.0000 0.0000
3 87.4933 102.6541 1 3 0 0 0.7999 0 1 0 0.0000 0.0000
3 78.2270 104.3290 1 1 0 1 0.5256 1 1 0 0.0000 0.0000
3 133.6424 103.4671 4 4 0 1 0.7310 1 1 0 0.0000 0.0000
3 113.3941 91.5610 4 4 0 1 0.7342 1 1 0 0.0000 0.0000
3 63.8414 99.9808 1 1 0 1 1.2643 1 1 0 0.0000 0.0000
3 90.9210 64.4163 3 3 0 1 0.7774 1 1 0 0.0000 0.0000
3 103.3200 134.0606 2 2 0 1 1.6146 1 1 0 0.0000 0.0000
3 101.5459 83.4905 3 3 0 1 0.6566 1 1 0 0.0000 0.0000
3 91.8422 58.5898 3 3 0 1 0.6338 1 1 0 0.0000 0.0000
3 92.9179 131.8423 2 2 0 1 1.1464 1 1 0 0.0000 0.0000
3 114.8966 101.9000 4 3 0 0 0.7281 0 1 0 0.0000 0.0000
3 96.1414 112.7962 2 3 0 0 1.2672 0 1 0 0.0000 0.0000
3 76.5329 94.4930 1 1 0 1 1.5716 1 1 0 0.0000 0.0000
3 65.2252 109.4380 1 1 0 1 0.6844 1 1 0 0.0000 0.0000
3 93.3909 63.3240 3 1 0 0 0.8859 0 1 0 0.0000 0.0000
3 105.2905 110.1930 2 3 0 0 0.7800 0 1 0 0.0000 0.0000
3 91.9586 81.3687 3 2 0 0 0.4800 0 1 0 0.0000 0.0000
3 83.5111 127.4984 2 1 0 0 2.0918 0 1 0 0.0000 0.0000
3 103.3468 81.9164 3 3 0 1 0.7055 1 1 0 0.0000 0.0000
3 125.4987 91.7156 4 4 0 1 0.4842 1 1 0 0.0000 0.0000
3 116.9842 121.0366 4 4 0 1 1.0152 1 1 0 0.0000 0.0000
3 126.1289 115.0799 4 4 0 1 0.5382 1 1 0 0.0000 0.0000
3 64.2303 102.6138 1 1 0 1 0.9985 1 1 0 0.0000 0.0000
3 94.8763 128.9719 2 3 0 0 0.7046 0 1 0 0.0000 0.0000
3 97.6917 64.1212 3 3 0 1 1.5553 1 1 0 0.0000 0.0000
3 82.2037 101.0427 1 2 0 0 1.1796 0 1 0 0.0000 0.0000
3 118.3336 94.6428 4 4 0 1 0.6880 1 1 0 0.0000 0.0000
3 135.1553 91.0800 4 4 0 1 0.9475 1 1 0 0.0000 0.0000
3 105.2428 69.6735 3 3 0 1 0.9473 1 1 0 0.0000 0.0000
3 114.0260 71.2138 3 3 0 1 0.8451 1 1 0 0.0000 0.0000
3 64.4745 77.5333 1 1 0 1 0.8031 1 1 0 0.0000 0.0000
3 94.1610 140.3225 2 2 0 1 1.1043 1 1 0 0.0000 0.0000
3 83.8468 132.1807 2 2 0 1 0.7963 1 1 0 0.0000 0.0000
3 120.7779 94.1121 4 4 0 1 0.5838 1 1 0 0.0000 0.0000
3 98.4903 82.6266 3 3 0 1 0.4551 1 1 0 0.0000 0.0000
3 77.2926 99.9871 1 1 0 1 2.8669 1 1 0 0.0000 0.0000
3 68.8092 92.9212 1 1 0 1 1.0194 1 1 0 0.0000 0.0000
3 90.2632 82.8812 3 3 0 1 2.8029 1 1 1 3.2050 1.0000
3 110.4730 86.6673 3 3 0 1 5.3203 1 1 1 1.3090 1.0000
3 109.4130 86.6045 3 3 0 1 3.5480 1 1 0 0.6593 0.6667
3 93.1776 65.4764 3 3 0 1 5.2259 1 1 0 1.7964 0.5000
3 74.0931 102.4500 1 1 0 1 6.1045 1 1 0 2.8327 0.4000
3 105.0474 72.4231 3 3 0 1 3.5498 1 1 0 3.7721 0.3333
3 92.9690 69.1337 3 3 0 1 4.0669 1 1 1 1.5518 0.4286
3 111.8528 115.5680 2 4 0 0 4.9084 0 1 0 3.9584 0.3750
3 129.2654 80.7698 4 4 0 1 3.2007 1 1 1 1.6624 0.4444
3 86.0869 61.6301 3 3 0 1 4.7658 1 1 1 1.7147 0.5000
3 82.0931 84.7054 1 3 0 0 7.8519 0 1 1 1.8170 0.5455
3 130.4596 86.2393 4 4 0 1 3.5892 1 1 1 3.4208 0.5833
3 56.5795 97.8917 1 1 0 1 3.9703 1 1 1 1.4756 0.6154
3 119.7651 117.6533 2 4 0 0 3.1423 0 1 1 1.7531 0.6429
3 78.1628 109.6438 1 1 0 1 7.9712 1 1 1 1.3955 0.6667
3 122.3346 91.6734 4 4 0 1 2.4120 1 1 1 1.7334 0.6875
3 132.4728 91.2742 4 4 0 1 2.2637 1 1 1 1.0045 0.7059
3 109.2990 94.7243 4 4 0 1 5.1723 1 1 1 1.8760 0.7222
3 79.3083 92.6669 1 3 0 0 2.5059 0 1 1 1.6207 0.7368
3 98.0211 135.4689 2 4 0 0 3.6918 0 1 1 1.7567 0.7500
3 99.2808 114.3206 2 2 0 1 3.9825 1 1 1 1.5522 0.7619
3 97.0638 60.2841 3 3 0 1 2.0212 1 1 1 1.1474 0.7727
3 111.7206 105.1756 4 4 0 1 3.3824 1 1 1 1.4157 0.7826
3 105.8389 59.3266 3 3 0 1 1.6017 1 1 1 1.4052 0.7917
3 123.0373 92.7710 4 4 0 1 2.1417 1 1 1 1.5836 0.8000
3 85.5099 78.3823 3 3 0 1 1.9811 1 1 1 3.0579 0.8077
3 96.1304 74.5303 3 3 0 1 1.2458 1 1 1 0.9764 0.8148
3 74.1195 99.1445 1 1 0 1 5.9507 1 1 1 1.3794 0.8214
3 82.7276 60.7880 3 3 0 1 1.2925 1 1 1 0.6006 0.8276
3 108.8790 128.9527 2 2 0 1 3.6136 1 1 1 1.8292 0.8333
3 133.6930 86.1741 4 4 0 1 1.8572 1 1 1 1.3868 0.8387
3 107.4892 144.6437 2 2 0 1 3.2275 1 1 1 1.8087 0.8438
3 78.2750 98.0735 1 3 0 0 3.1877 0 1 1 1.9918 0.8485
3 103.5760 77.8437 3 3 0 1 1.5124 1 1 1 0.7461 0.8529
3 131.5554 93.7477 4 4 0 1 2.6196 1 1 1 1.4800 0.8571
3 101.5874 128.6738 2 2 0 1 1.9872 1 1 1 1.3044 0.8611
3 96.5532 70.7419 3 3 0 1 1.9346 1 1 1 1.0429 0.8649
3 97.8579 128.1863 2 2 0 1 1.7075 1 1 1 2.9223 0.8684
3 88.5755 154.7110 2 2 0 1 1.7943 1 1 1 0.8987 0.8718
3 88.1528 75.4018 3 3 0 1 1.5911 1 1 1 0.6663 0.8750
3 113.7347 110.0741 4 4 0 1 3.0884 1 1 1 1.5376 0.8780
3 132.9668 97.6630 4 3 0 0 1.3504 0 1 1 0.7241 0.8810
3 63.0102 111.5537 1 1 0 1 2.4207 1 1 1 0.9505 0.8837
3 110.4528 128.4331 2 4 0 0 2.2280 0 1 1 0.6788 0.8864
3 115.3325 116.7625 2 4 0 0 3.3570 0 1 1 1.1575 0.8889
3 90.7274 115.0446 2 2 0 1 4.8482 1 1 1 0.6066 0.8913
3 78.5336 135.8575 2 2 0 1 1.7713 1 1 1 1.7469 0.8936
3 123.6157 140.5805 2 2 0 1 2.1173 1 1 1 1.0616 0.8958
3 113.1897 81.5377 4 3 0 0 1.7432 0 1 1 0.5505 0.8980
3 81.7712 111.1103 1 3 0 0 3.8743 0 1 1 1.4247 0.9000
4 76.1449 86.4680 1 3 3 0 2.4467 1 0 1 0.7995 0.9020
4 94.4080 49.6970 3 3 4 1 1.3928 0 0 1 0.8070 0.9038
4 97.3481 129.1895 2 2 3 1 1.8729 0 0 1 0.8353 0.9057
4 64.0133 119.6554 1 2 2 0 2.6376 1 0 1 0.7901 0.9074
4 92.8701 115.4010 2 2 4 1 2.7517 0 0 1 0.8488 0.9091
4 100.4535 75.4099 3 3 4 1 2.9319 0 0 1 2.1867 0.9107
4 70.9591 107.6042 1 2 1 0 3.9931 0 0 1 3.4174 0.9123
4 140.8232 100.9438 4 4 3 1 2.0630 0 0 1 0.8059 0.9138
4 96.1417 70.8354 3 3 1 1 1.3354 0 0 1 3.6592 0.9153
4 124.8673 94.9131 4 3 4 0 2.5181 0 0 1 1.4809 0.9167
4 101.1555 128.3788 2 2 2 1 4.0839 1 0 1 2.2236 0.9180
4 100.7278 116.5772 2 2 4 1 2.5498 0 0 1 2.4739 0.9194
4 102.5619 50.8807 3 3 4 1 3.2551 0 0 1 2.4851 0.9206
4 133.5203 113.6583 4 4 4 1 3.2741 1 0 1 2.1045 0.9219
4 118.3561 111.6363 4 2 2 0 2.2525 1 0 1 1.2813 0.9231
4 97.4285 121.9249 2 1 4 0 3.0472 0 0 1 1.0473 0.9242
4 104.9284 74.3248 3 3 4 1 1.7272 0 0 1 3.7994 0.9254
4 58.2609 103.3889 1 1 2 1 2.4319 0 0 1 3.7774 0.9265
4 95.9689 62.9362 3 3 3 1 1.6718 1 0 1 0.6368 0.9275
4 63.4817 91.5669 1 1 2 1 2.1302 0 0 1 1.8385 0.9286
4 108.4486 68.6553 3 3 2 1 1.5881 0 0 1 1.5681 0.9296
4 146.6449 104.1139 4 4 3 1 2.6388 0 0 1 0.8614 0.9306
4 103.6137 74.1008 3 3 3 1 1.2724 1 0 1 1.1884 0.9315
4 99.2885 68.1986 3 3 3 1 2.1214 1 0 1 1.4428 0.9324
4 81.4458 97.6135 1 1 1 1 1.9330 1 0 1 0.6930 0.9333
4 97.7604 139.6673 2 2 1 1 1.8122 0 0 1 0.7894 0.9342
4 96.2624 137.6255 2 2 3 1 3.1911 0 0 1 1.0602 0.9351
4 101.8314 70.9860 3 3 4 1 1.5097 0 0 1 3.7428 0.9359
4 61.1240 86.3064 1 1 4 1 2.0605 0 0 1 0.5333 0.9367
4 124.1812 129.4869 4 2 1 0 7.4561 0 0 1 2.6267 0.9375
4 93.3553 104.9840 1 2 2 0 2.7559 1 0 1 2.1410 0.9383
4 101.7707 60.4127 3 3 4 1 1.4814 0 0 1 0.5141 0.9390
4 84.6467 111.4268 1 2 4 0 2.1573 0 0 1 0.4882 0.9398
4 60.9801 93.5680 1 1 3 1 1.9064 0 0 1 0.9522 0.9405
4 57.3956 106.8825 1 1 3 1 3.7178 0 0 1 1.2840 0.9412
4 84.2333 137.9453 2 2 1 1 1.3148 0 0 1 0.9756 0.9419
4 134.6526 106.7230 4 4 1 1 2.2707 0 0 0 0.6995 0.9310
4 119.8556 94.2118 4 2 3 0 5.7687 0 0 1 0.9130 0.9318
4 66.3930 108.7872 1 1 3 1 1.9742 0 0 1 0.5579 0.9326
4 91.5153 109.5289 2 2 4 1 3.0496 0 0 1 2.0912 0.9333
4 116.4688 89.7162 4 3 1 0 1.6153 0 0 0 3.3396 0.9231
4 67.3771 101.2090 1 2 3 0 2.5354 0 0 0 2.4267 0.9130
4 138.7935 110.5281 4 3 4 0 4.1477 0 0 0 1.3522 0.9032
4 106.9445 67.1810 3 3 1 1 0.0981 0 0 0 0.2726 0.8936
4 133.3841 95.1198 4 3 1 0 0.0694 0 0 1 1.1373 0.8947
4 105.6702 73.1600 3 3 1 1 0.5517 0 0 1 0.9845 0.8958
4 94.3007 69.4132 3 3 3 1 0.5437 1 0 1 1.1368 0.8969
4 99.5317 110.2907 2 3 1 0 0.0049 0 0 1 0.0885 0.8980
4 108.8770 124.8040 2 3 3 0 0.4960 1 0 0 0.9207 0.8889
4 64.7903 77.3709 1 2 3 0 0.1912 0 0 1 1.2796 0.8900
4 103.4156 75.8864 3 2 3 0 0.0281 0 0 0 0.0000 0.8900
4 135.8160 105.1594 4 2 3 0 2.1492 0 0 0 0.0000 0.8900
4 123.7680 91.1913 4 3 1 0 0.5203 0 0 0 0.0000 0.8900
4 79.8248 110.0313 1 2 4 0 0.5732 0 0 0 0.0000 0.8900
4 88.9286 109.5578 2 2 4 1 0.1872 0 0 0 0.0000 0.8900
4 137.0168 95.2159 4 2 2 0 0.1600 1 0 0 0.0000 0.8900
4 88.5654 90.1056 1 2 2 0 4.5530 1 0 0 0.0000 0.8900
4 106.3317 61.3886 3 2 2 0 4.7252 1 0 0 0.0000 0.8900
4 98.9094 143.2802 2 2 3 1 1.7751 0 0 0 0.0000 0.8900
4 95.3532 130.8562 2 2 4 1 0.4052 0 0 0 0.0000 0.8900
4 122.1147 103.2817 4 2 4 0 1.6553 0 0 0 0.0000 0.8900
4 117.0446 134.5159 2 2 2 1 4.0572 1 0 0 0.0000 0.8900
4 107.3375 146.0332 2 3 1 0 1.2961 0 0 0 0.0000 0.8900
4 97.1936 128.5897 2 2 2 1 1.1201 1 0 0 0.0000 0.8900
4 136.1951 109.8769 4 4 2 1 4.6914 0 0 0 0.0000 0.8900
4 84.0640 104.1338 1 1 2 1 1.4424 0 0 0 0.0000 0.8900
4 108.5905 150.0014 2 2 4 1 0.7832 0 0 0 0.0000 0.8900
4 126.2764 83.8192 4 2 2 0 0.7940 1 0 0 0.0000 0.8900
4 81.9811 122.2044 2 2 1 1 5.9159 0 0 0 0.0000 0.8900
4 106.8019 73.1424 3 3 1 1 0.7626 0 0 0 0.0000 0.8900
4 102.1490 115.6918 4 4 3 1 0.8786 0 0 0 0.0000 0.8900
4 99.1364 69.9712 3 3 4 1 0.8042 0 0 0 0.0000 0.8900
4 99.0352 89.4037 3 2 3 0 0.6890 0 0 0 0.0000 0.8900
4 52.2791 89.7587 1 1 4 1 0.6821 0 0 0 0.0000 0.8900
4 125.7579 107.7674 4 4 4 1 0.7401 1 0 0 0.0000 0.8900
4 66.9838 90.4158 1 1 1 1 1.5340 1 0 0 0.0000 0.8900
4 83.2440 87.2348 3 1 3 0 0.6365 0 0 0 0.0000 0.8900
4 122.1071 98.6297 4 3 4 0 0.7328 0 0 0 0.0000 0.8900
4 90.7772 75.4578 3 2 4 0 0.3437 0 0 0 0.0000 0.8900
4 121.3137 98.8788 4 3 3 0 0.6480 1 0 0 0.0000 0.8900
4 70.9801 97.4984 1 1 3 1 0.5364 0 0 0 0.0000 0.8900
4 104.7419 95.8541 4 3 3 0 0.9663 1 0 0 0.0000 0.8900
4 64.6998 97.2169 1 2 3 0 1.1258 0 0 0 0.0000 0.8900
4 107.5802 141.2795 2 4 1 0 2.2830 0 0 0 0.0000 0.8900
4 103.5842 78.5183 3 1 2 0 0.3006 0 0 0 0.0000 0.8900
4 77.0428 103.0216 1 2 1 0 0.4534 0 0 0 0.0000 0.8900
4 71.6742 104.6640 1 2 3 0 0.0094 0 0 0 0.0000 0.8900
4 102.3440 113.0387 2 3 2 0 0.3630 0 0 0 0.0000 0.8900
4 103.2945 76.8177 3 1 1 0 0.3330 1 0 0 0.0000 0.8900
4 121.2142 99.1859 4 4 4 1 0.1025 1 0 0 0.0000 0.8900
4 100.9880 121.5908 2 2 2 1 0.3053 1 0 0 0.0000 0.8900
4 132.9935 87.5063 4 4 1 1 0.8953 0 0 0 0.0000 0.8900
4 117.3649 99.6703 4 1 2 0 0.3676 0 0 0 0.0000 0.8900
4 108.7611 66.5369 3 2 2 0 0.3540 1 0 0 0.0000 0.8900
4 121.0435 119.9764 2 1 1 0 0.5384 1 0 0 0.0000 0.8900
4 100.6753 135.6078 2 2 4 1 0.3692 0 0 0 0.0000 0.8900
4 65.2718 109.8442 1 2 4 0 0.8891 0 0 0 0.0000 0.8900
4 75.8624 81.3255 1 4 3 0 0.5527 0 0 0 0.0000 0.8900
4 96.4923 64.0008 3 1 2 0 0.2790 0 0 0 0.0000 0.8900
4 89.8963 132.1882 2 3 3 0 0.3043 1 0 0 0.0000 0.8900
5 100.4068 124.7725 2 3 3 0 0.5546 1 0 0 0.0000 0.8900
5 63.4951 112.7103 1 1 2 1 0.6203 0 0 0 0.0000 0.8900
5 68.7974 98.9162 1 3 4 0 0.3890 0 0 0 0.0000 0.8900
5 105.5620 113.2681 2 4 4 0 0.2642 1 0 0 0.0000 0.8900
5 107.7221 122.8525 2 2 4 1 0.3986 0 0 0 0.0000 0.8900
5 106.5160 71.4494 3 2 3 0 0.4557 0 0 0 0.0000 0.8900
5 95.8491 76.6500 3 3 2 1 0.5293 0 0 0 0.0000 0.8900
5 62.6681 107.7355 1 3 2 0 0.3117 0 0 0 0.0000 0.8900
5 58.4333 101.9441 1 3 3 0 0.3505 1 0 0 0.0000 0.8900
5 93.3562 125.6489 2 3 3 0 1.9900 1 0 0 0.0000 0.8900
5 98.1891 128.3366 2 3 4 0 0.4416 0 0 0 0.0000 0.8900
5 87.1385 149.7429 2 3 3 0 0.4760 1 0 0 0.0000 0.8900
5 69.7773 107.5104 1 3 2 0 0.0096 0 0 0 0.0000 0.8900
5 127.5829 95.3633 4 3 4 0 0.4503 0 0 0 0.0000 0.8900
5 127.8129 85.9738 4 3 2 0 0.3819 0 0 0 0.0000 0.8900
5 92.7225 150.3744 2 3 4 0 0.4947 0 0 0 0.0000 0.8900
5 94.2845 48.6109 3 3 2 1 0.0599 0 0 0 0.0000 0.8900
5 128.3816 97.9748 4 3 2 0 0.5582 0 0 0 0.0000 0.8900
5 104.0930 67.8945 3 3 3 1 0.4050 1 0 0 0.0000 0.8900
5 107.6564 76.9826 3 3 2 1 0.0310 0 0 0 0.0000 0.8900
5 133.9920 82.4607 4 3 4 0 0.4966 0 0 0 0.0000 0.8900
5 138.1587 109.2010 4 3 1 0 0.6069 0 0 0 0.0000 0.8900
5 113.9239 134.0780 2 3 3 0 0.3178 1 0 0 0.0000 0.8900
5 127.0373 102.5313 4 3 3 0 0.2849 1 0 0 0.0000 0.8900
5 73.6712 95.8782 1 3 2 0 0.3076 0 0 0 0.0000 0.8900
5 95.9898 78.3730 3 3 4 1 0.6431 0 0 0 0.0000 0.8900
5 64.7926 86.6726 1 3 1 0 0.2829 0 0 0 0.0000 0.8900
5 95.4788 69.3943 3 3 4 1 0.3621 0 0 0 0.0000 0.8900
5 94.4813 130.1834 2 3 3 0 0.4664 1 0 0 0.0000 0.8900
5 71.1015 89.3096 1 3 4 0 0.7819 0 0 0 0.0000 0.8900
5 98.0162 72.5907 3 3 2 1 0.4667 0 0 0 0.0000 0.8900
5 71.0679 87.6457 1 3 1 0 1.3283 0 0 0 0.0000 0.8900
5 140.2754 107.0743 4 3 2 0 0.0506 0 0 0 0.0000 0.8900
5 120.1177 97.7777 4 3 4 0 0.3726 0 0 0 0.0000 0.8900
5 90.9948 70.2116 3 3 1 1 0.2853 0 0 0 0.0000 0.8900
5 116.6820 143.1406 2 3 1 0 0.4118 0 0 0 0.0000 0.8900
5 73.5563 72.2028 3 3 2 1 0.3899 0 0 0 0.0000 0.8900
5 110.6893 65.7843 3 3 1 1 1.7365 0 0 0 0.0000 0.8900
5 122.1670 87.2851 4 3 2 0 0.3569 0 0 0 0.0000 0.8900
5 82.9756 154.2510 2 3 1 0 0.3113 0 0 0 0.0000 0.8900
5 103.4128 73.7752 3 4 3 0 0.3841 0 0 0 0.0000 0.8900
5 99.3557 122.9250 2 4 3 0 0.4092 0 0 0 0.0000 0.8900
5 106.9555 129.7324 2 4 3 0 1.2612 0 0 0 0.0000 0.8900
5 135.8998 87.2633 4 4 3 1 0.4628 0 0 0 0.0000 0.8900
5 120.9845 109.6560 4 4 4 1 2.3415 1 0 0 0.0000 0.8900
5 80.0097 106.6956 1 4 3 0 0.5144 0 0 0 0.0000 0.8900
5 136.6421 100.5962 4 4 2 1 1.1684 0 0 0 0.0000 0.8900
5 129.3278 121.8224 4 4 3 1 0.0563 0 0 0 0.0000 0.8900
5 137.4330 97.0950 4 4 2 1 4.7060 0 0 0 0.0000 0.8900
5 87.3135 64.0285 3 4 2 0 0.2658 0 0 0 0.0000 0.8900
5 73.9319 114.8849 1 4 4 0 3.5124 1 0 0 0.0000 0.8900
5 84.3613 143.2540 2 4 4 0 0.7949 1 0 0 0.0000 0.8900
5 144.1202 106.3873 4 4 4 1 1.7749 1 0 0 0.0000 0.8900
5 67.7185 92.3521 1 4 2 0 2.7179 0 0 0 0.0000 0.8900
5 133.3195 99.7161 4 4 4 1 0.9797 1 0 0 0.0000 0.8900
5 86.6962 51.7089 3 4 2 0 0.7476 0 0 0 0.0000 0.8900
5 87.6885 64.6841 3 4 2 0 1.6087 0 0 0 0.0000 0.8900
5 119.7145 97.1257 4 4 2 1 2.0351 0 0 0 0.0000 0.8900
5 101.5083 136.7463 2 4 4 0 1.9515 1 0 0 0.0000 0.8900
5 100.2628 126.5816 2 4 4 0 1.3791 1 0 0 0.0000 0.8900
5 90.4904 90.7713 1 4 4 0 2.3677 1 0 0 0.0000 0.8900
5 70.5587 113.6624 1 4 2 0 5.5972 0 0 0 0.0000 0.8900
5 129.2816 110.8507 4 4 1 1 0.9485 0 0 0 0.0000 0.8900
5 77.5306 86.0670 1 4 3 0 1.8056 0 0 0 0.0000 0.8900
5 103.5668 102.0057 2 4 2 0 2.3716 0 0 0 0.0000 0.8900
5 79.9215 80.1434 1 4 1 0 0.6243 0 0 0 0.0000 0.8900
5 116.9702 92.0839 4 4 1 1 3.6562 0 0 0 0.0000 0.8900
5 106.9334 125.3360 2 4 1 0 2.9666 0 0 0 0.0000 0.8900
5 127.9187 108.3813 4 4 2 1 1.7626 0 0 0 0.0000 0.8900
5 118.4548 107.2515 4 4 1 1 1.0174 0 0 0 0.0000 0.8900
5 106.0402 131.1355 2 1 3 0 0.1235 0 0 0 0.0000 0.8900
5 87.5448 133.7851 2 1 4 0 3.2789 0 0 0 0.0000 0.8900
5 63.8999 101.5863 1 1 4 1 0.4030 0 0 0 0.0000 0.8900
5 86.3858 114.7453 1 1 1 1 1.3425 1 0 0 0.0000 0.8900
5 70.7976 95.5266 1 1 2 1 0.1532 0 0 0 0.0000 0.8900
5 126.1796 107.6207 4 1 1 0 2.2636 1 0 0 0.0000 0.8900
5 96.4913 75.5477 3 1 3 0 1.8012 0 0 0 0.0000 0.8900
5 119.2084 107.1740 4 1 4 0 2.6636 0 0 0 0.0000 0.8900
5 106.7931 73.1952 3 1 4 0 4.6138 0 0 0 0.0000 0.8900
5 88.9110 106.8961 1 1 4 1 1.8211 0 0 0 0.0000 0.8900
5 103.6479 80.3249 3 1 2 0 2.1803 0 0 0 0.0000 0.8900
5 112.2636 78.2404 3 1 2 0 2.0682 0 0 0 0.0000 0.8900
5 106.4592 68.8722 3 1 3 0 0.3219 0 0 0 0.0000 0.8900
5 111.3216 66.9400 3 1 1 0 0.3942 1 0 0 0.0000 0.8900
5 68.9197 110.3770 1 1 2 1 0.5805 0 0 0 0.0000 0.8900
5 126.4884 92.9181 4 1 2 0 0.3154 0 0 0 0.0000 0.8900
5 111.5165 115.1448 2 1 3 0 0.7802 0 0 0 0.0000 0.8900
5 91.4105 93.8808 3 1 2 0 1.0869 0 0 0 0.0000 0.8900
5 73.3303 105.7902 1 1 2 1 0.4437 0 0 0 0.0000 0.8900
5 95.0873 138.8186 2 1 4 0 1.1276 0 0 0 0.0000 0.8900
5 101.0772 80.8251 3 1 3 0 2.8679 0 0 0 0.0000 0.8900
5 54.7262 102.9481 1 1 4 1 0.8140 0 0 0 0.0000 0.8900
5 89.2490 78.6219 3 1 4 0 2.2986 0 0 0 0.0000 0.8900
5 99.5780 137.4124 2 1 1 0 2.3026 1 0 0 0.0000 0.8900
5 110.0655 62.6440 3 1 3 0 2.8586 0 0 0 0.0000 0.8900
5 69.4482 106.4665 1 1 1 1 0.3562 1 0 0 0.0000 0.8900
5 49.0672 104.1744 1 1 1 1 1.6862 1 0 0 0.0000 0.8900
5 109.1853 138.0732 2 1 1 0 0.3058 1 0 0 0.0000 0.8900
5 122.0531 99.8556 4 1 4 0 0.2498 0 0 0 0.0000 0.8900
5 100.6615 138.9520 2 1 4 0 0.2245 0 0 0 0.0000 0.8900
6 77.0563 105.1720 1 1 2 1 1.6024 0 0 0 0.0000 0.8900
6 133.2758 109.7255 4 1 3 0 0.1819 0 0 0 0.0000 0.8900
6 72.5930 121.4012 1 1 1 1 1.7387 1 0 0 0.0000 0.8900
6 103.5026 142.9016 2 1 3 0 0.2727 0 0 0 0.0000 0.8900
6 129.6425 91.9746 4 1 4 0 0.5450 0 0 0 0.0000 0.8900
6 65.7857 99.0509 1 1 2 1 1.6325 0 0 0 0.0000 0.8900
6 68.5902 111.2368 1 1 4 1 0.9706 0 0 0 0.0000 0.8900
6 75.9614 119.5233 1 1 3 1 1.8033 0 0 0 0.0000 0.8900
6 91.6975 118.6216 2 1 1 0 0.2750 1 0 0 0.0000 0.8900
6 94.8941 72.0194 3 1 1 0 2.1784 1 0 0 0.0000 0.8900
6 127.3768 98.4144 4 1 2 0 2.3544 0 0 0 0.0000 0.8900
6 136.6960 85.7850 4 1 2 0 0.4555 0 0 0 0.0000 0.8900
6 100.2872 72.8516 3 1 3 0 1.3564 0 0 0 0.0000 0.8900
6 109.8450 73.7830 3 1 2 0 2.2071 0 0 0 0.0000 0.8900
6 120.2761 123.7163 2 1 2 0 6.5840 0 0 0 0.0000 0.8900
6 111.2919 71.9448 3 1 4 0 1.0254 0 0 0 0.0000 0.8900
6 115.8688 77.2415 3 1 4 0 1.2598 0 0 0 0.0000 0.8900
6 78.4511 105.1860 1 1 1 1 0.6610 1 0 0 0.0000 0.8900
6 119.6669 98.9626 4 1 2 0 0.7816 0 0 0 0.0000 0.8900
6 131.2149 122.0328 4 1 1 0 0.2670 1 0 0 0.0000 0.8900
6 107.7046 80.5418 3 1 2 0 0.0670 0 0 0 0.0000 0.8900
6 139.6484 97.5681 4 1 4 0 0.0685 0 0 0 0.0000 0.8900
6 122.8224 101.7694 4 1 1 0 0.9188 1 0 0 0.0000 0.8900
6 73.2713 112.1859 1 1 1 1 1.2308 1 0 0 0.0000 0.8900
6 103.0627 66.6268 3 1 3 0 1.3344 0 0 0 0.0000 0.8900
6 79.5867 92.3888 1 1 4 1 0.1849 0 0 0 0.0000 0.8900
6 67.0555 109.5032 1 1 3 1 2.3655 0 0 0 0.0000 0.8900
6 109.9944 128.7132 2 1 4 0 1.4355 0 0 0 0.0000 0.8900
6 103.4926 123.8252 2 1 3 0 0.7455 0 0 0 0.0000 0.8900
6 104.3078 130.6184 2 1 2 0 1.2775 0 0 0 0.0000 0.8900
6 101.1719 119.2859 2 1 3 0 1.6790 0 0 0 0.0000 0.8900
6 98.5304 129.2492 2 1 2 0 0.9946 0 0 0 0.0000 0.8900
6 89.6134 63.6083 3 1 4 0 5.9875 0 0 0 0.0000 0.8900
6 74.2789 93.9803 1 1 2 1 0.2134 0 0 0 0.0000 0.8900
6 94.1668 86.3556 3 1 1 0 0.2277 1 0 0 0.0000 0.8900
6 97.3704 74.7911 3 1 1 0 3.3067 1 0 0 0.0000 0.8900
6 105.4858 142.3728 2 1 4 0 1.5280 0 0 0 0.0000 0.8900
6 132.5168 79.3665 4 1 3 0 0.1760 0 0 0 0.0000 0.8900
6 55.9682 101.5119 1 1 1 1 1.1591 1 0 0 0.0000 0.8900
6 131.2836 106.8547 4 1 1 0 0.7647 1 0 0 0.0000 0.8900
6 89.4633 121.3259 2 1 1 0 0.3612 1 0 0 0.0000 0.8900
6 100.6883 64.5680 3 1 2 0 0.7866 0 0 0 0.0000 0.8900
6 114.5281 61.5265 3 1 3 0 0.4162 0 0 0 0.0000 0.8900
6 101.7649 128.0355 2 1 2 0 0.7795 0 0 0 0.0000 0.8900
6 87.9524 84.3511 1 1 1 1 0.9042 1 0 0 0.0000 0.8900
6 86.9869 137.7303 2 1 3 0 1.5042 0 0 0 0.0000 0.8900
6 143.6517 112.9284 4 1 3 0 1.0065 0 0 0 0.0000 0.8900
6 136.6877 95.0447 4 1 1 0 1.7289 1 0 0 0.0000 0.8900
6 125.3602 108.8345 4 1 4 0 0.8869 0 0 0 0.0000 0.8900
6 95.9064 128.1414 2 1 3 0 0.7341 0 0 0 0.0000 0.8900
6 104.7658 137.1957 2 1 1 0 0.9299 1 0 0 0.0000 0.8900
6 143.4742 104.9102 4 1 2 0 1.1632 0 0 0 0.0000 0.8900
6 117.8498 104.5631 4 1 4 0 1.3060 0 0 0 0.0000 0.8900
6 131.6035 100.0489 4 1 3 0 0.3800 0 0 0 0.0000 0.8900
6 122.5304 84.5825 4 1 4 0 1.1262 0 0 0 0.0000 0.8900
6 91.6651 129.7944 2 1 2 0 0.7157 0 0 0 0.0000 0.8900
6 87.6377 87.8999 1 1 3 1 3.4942 0 0 0 0.0000 0.8900
6 111.1747 126.9010 2 1 4 0 0.2790 0 0 0 0.0000 0.8900
6 110.6129 128.7154 2 1 3 0 1.1350 0 0 0 0.0000 0.8900
6 87.4036 103.1563 1 1 2 1 1.7410 0 0 0 0.0000 0.8900
6 104.2406 138.9003 2 1 4 0 0.7373 0 0 0 0.0000 0.8900
6 135.9208 94.1744 4 1 2 0 1.2685 0 0 0 0.0000 0.8900
6 105.2155 124.7106 2 1 1 0 1.3972 1 0 0 0.0000 0.8900
6 95.0387 77.2566 3 1 1 0 1.7852 1 0 0 0.0000 0.8900
6 70.1847 112.6640 1 1 3 1 1.5924 0 0 0 0.0000 0.8900
6 129.6642 100.7962 4 1 4 0 0.0108 0 0 0 0.0000 0.8900
6 125.3780 93.6617 4 1 1 0 0.7960 1 0 0 0.0000 0.8900
6 114.5423 65.2524 3 1 1 0 0.2648 1 0 0 0.0000 0.8900
6 123.5941 102.7619 4 1 2 0 0.2551 0 0 0 0.0000 0.8900
6 102.9579 73.3276 3 1 1 0 0.2151 1 0 0 0.0000 0.8900
6 126.7152 117.4950 4 1 1 0 1.2498 1 0 0 0.0000 0.8900
6 97.6390 74.1439 3 1 3 0 0.1874 0 0 0 0.0000 0.8900
6 100.1946 133.4809 2 1 1 0 0.3131 1 0 0 0.0000 0.8900
6 71.3646 100.4742 1 2 1 0 1.1609 0 0 0 0.0000 0.8900
6 136.5479 103.7805 4 2 2 0 0.1030 1 0 0 0.0000 0.8900
6 88.0723 90.5523 3 2 1 0 0.0245 0 0 0 0.0000 0.8900
6 91.8763 91.1651 1 2 1 0 0.1369 0 0 0 0.0000 0.8900
6 94.9339 58.1167 3 2 1 0 0.1236 0 0 0 0.0000 0.8900
6 102.1550 55.7520 3 2 1 0 0.2165 0 0 0 0.0000 0.8900
6 116.8400 79.5157 3 2 2 0 1.0852 1 0 0 0.0000 0.8900
6 91.0872 110.3567 2 4 3 0 1.1356 0 0 0 0.0000 0.8900
6 113.3018 55.9921 3 4 4 0 0.0676 1 0 0 0.0000 0.8900
6 92.9462 88.1557 3 2 2 0 0.3091 1 0 0 0.0000 0.8900
6 83.0973 99.6898 1 4 4 0 0.2143 1 0 0 0.0000 0.8900
6 108.7283 146.0765 2 1 2 0 0.3795 0 0 0 0.0000 0.8900
6 65.5803 106.6743 1 2 4 0 0.0847 0 0 0 0.0000 0.8900
6 63.6886 99.3253 1 4 3 0 0.0299 0 0 0 0.0000 0.8900
6 104.7584 57.8152 3 1 1 0 0.3270 1 0 0 0.0000 0.8900
6 84.6675 102.7472 1 1 3 1 0.0966 0 0 0 0.0000 0.8900
6 126.8054 79.3947 4 1 1 0 0.0822 1 0 0 0.0000 0.8900
6 112.8966 126.8406 2 1 1 0 0.0230 1 0 0 0.0000 0.8900
6 79.3883 101.9495 1 2 2 0 0.0866 1 0 0 0.0000 0.8900
6 63.2691 104.2814 1 4 3 0 0.1749 0 0 0 0.0000 0.8900
6 91.9709 124.1509 2 1 1 0 0.0457 1 0 0 0.0000 0.8900
6 132.9753 98.2457 4 3 4 0 0.1121 0 0 0 0.0000 0.8900
6 69.6587 95.3935 1 1 3 1 0.0781 0 0 0 0.0000 0.8900
6 104.5539 75.9852 3 1 2 0 0.7941 0 0 0 0.0000 0.8900
6 80.1687 102.4136 1 3 2 0 1.6076 0 0 0 0.0000 0.8900
6 98.2208 65.4573 3 1 3 0 5.0174 0 0 0 0.0000 0.8900
6 110.4685 121.2093 2 3 4 0 0.0360 0 0 0 0.0000 0.8900
7 150.1976 102.3980 4 4 2 1 0.4666 0 0 0 0.0000 0.8900
7 149.8503 85.6629 4 4 1 1 0.0166 0 0 0 0.0000 0.8900
7 126.1778 99.7698 4 4 4 1 0.2781 1 0 0 0.0000 0.8900
7 68.0811 97.2900 1 1 2 1 1.8781 0 0 0 0.0000 0.8900
7 118.2760 134.3861 2 3 4 0 0.1446 0 0 0 0.0000 0.8900
7 110.0177 129.0274 2 1 1 0 3.0492 1 0 0 0.0000 0.8900
7 67.0568 102.8144 1 4 3 0 0.5449 0 0 0 0.0000 0.8900
7 84.9137 90.1487 3 2 1 0 2.6860 0 0 0 0.0000 0.8900
7 65.6183 91.4331 1 2 2 0 0.4117 1 0 0 0.0000 0.8900
7 93.6683 67.5234 3 3 3 1 0.2149 1 0 0 0.0000 0.8900
7 134.6237 92.0509 4 4 2 1 0.2441 0 0 0 0.0000 0.8900
7 58.3788 84.3613 1 1 3 1 0.2020 0 0 0 0.0000 0.8900
7 111.7934 125.1150 2 2 3 1 0.0328 0 0 0 0.0000 0.8900
7 94.5523 61.3336 3 4 1 0 0.0659 0 0 0 0.0000 0.8900
7 60.5538 97.4907 1 1 1 1 0.0675 1 0 0 0.0000 0.8900
7 87.3270 119.1106 2 3 1 0 0.1027 0 0 0 0.0000 0.8900
7 108.3587 74.9542 3 1 1 0 0.5695 1 0 0 0.0000 0.8900
7 100.4483 55.0481 3 1 3 0 0.1861 0 0 0 0.0000 0.8900
7 98.1793 69.0923 3 2 4 0 0.2406 0 0 0 0.0000 0.8900
7 77.9282 100.4959 1 4 1 0 0.3106 0 0 0 0.0000 0.8900
7 93.0298 127.9223 2 3 4 0 0.0555 0 0 0 0.0000 0.8900
7 85.6290 129.7241 2 3 3 0 0.2498 1 0 0 0.0000 0.8900
7 75.7972 136.1125 2 2 2 1 0.0961 1 0 0 0.0000 0.8900
7 141.1648 118.9442 4 1 3 0 0.2274 0 0 0 0.0000 0.8900
7 100.2263 73.7651 3 4 4 0 0.1284 1 0 0 0.0000 0.8900
7 90.7604 118.0055 2 2 2 1 0.2741 1 0 0 0.0000 0.8900
7 94.4389 74.6188 3 2 4 0 0.1277 0 0 0 0.0000 0.8900
7 42.7977 98.7857 1 1 2 1 0.5613 0 0 0 0.0000 0.8900
7 105.9622 87.7261 3 2 1 0 0.1348 0 0 0 0.0000 0.8900
7 67.4598 105.3197 1 2 4 0 0.5364 0 0 0 0.0000 0.8900
7 145.5079 105.0925 4 1 2 0 0.2048 0 0 0 0.0000 0.8900
7 103.0292 121.9929 2 2 2 1 0.2584 1 0 0 0.0000 0.8900
7 133.6609 106.8919 4 1 4 0 0.3596 0 0 0 0.0000 0.8900
7 63.6398 102.4741 1 3 1 0 0.6715 0 0 0 0.0000 0.8900
7 89.9558 64.8627 3 2 4 0 0.2875 0 0 0 0.0000 0.8900
7 61.9010 110.7270 1 4 1 0 0.3015 0 0 0 0.0000 0.8900
7 83.5518 92.8667 1 2 4 0 1.0203 0 0 0 0.0000 0.8900
7 134.8970 112.8241 4 1 3 0 0.4446 0 0 0 0.0000 0.8900
7 66.9476 106.2204 1 4 1 0 0.2875 0 0 0 0.0000 0.8900
7 69.9645 86.5683 1 2 2 0 0.2943 1 0 0 0.0000 0.8900
7 91.3367 66.3946 3 2 3 0 0.6514 0 0 0 0.0000 0.8900
7 105.4727 122.0417 2 1 2 0 0.2758 0 0 0 0.0000 0.8900
7 77.0293 88.6312 1 3 2 0 1.3781 0 0 0 0.0000 0.8900
7 103.8039 134.0234 2 4 3 0 0.3104 0 0 0 0.0000 0.8900
7 90.4349 136.3736 2 1 4 0 0.2777 0 0 0 0.0000 0.8900
7 116.8181 91.3350 3 2 4 0 0.2853 0 0 0 0.0000 0.8900
7 110.8904 77.7991 3 3 1 1 0.8268 0 0 0 0.0000 0.8900
7 100.1930 132.4558 2 3 1 0 1.5024 0 0 0 0.0000 0.8900
7 143.6140 95.9601 4 3 3 0 1.5799 1 0 0 0.0000 0.8900
7 102.7899 116.4195 2 3 1 0 0.8975 0 0 0 0.0000 0.8900
7 54.5403 100.5869 1 4 1 0 0.0963 0 0 0 0.0000 0.8900
7 110.7191 120.0225 2 4 3 0 0.6978 0 0 0 0.0000 0.8900
7 81.9795 108.6904 1 3 2 0 0.3403 0 0 0 0.0000 0.8900
7 103.0445 133.7577 2 4 3 0 1.0934 0 0 0 0.0000 0.8900
7 88.6888 98.2993 1 3 3 0 0.1226 1 0 0 0.0000 0.8900
7 129.0227 91.0200 4 3 2 0 0.1982 0 0 0 0.0000 0.8900
7 124.5032 78.1772 4 4 4 1 0.6345 1 0 0 0.0000 0.8900
7 132.4578 93.5496 4 3 2 0 0.6666 0 0 0 0.0000 0.8900
7 87.7027 99.6187 1 3 3 0 0.4529 1 0 0 0.0000 0.8900
7 71.9726 116.2312 1 3 3 0 0.4237 1 0 0 0.0000 0.8900
7 62.3993 88.2892 1 3 1 0 0.1784 0 0 0 0.0000 0.8900
7 94.4599 89.8636 3 4 2 0 0.3113 0 0 0 0.0000 0.8900
7 107.6510 124.9763 2 4 2 0 0.5356 0 0 0 0.0000 0.8900
7 76.3090 94.5660 1 4 4 0 0.5048 1 0 0 0.0000 0.8900
7 100.1202 137.3844 2 3 3 0 0.2376 1 0 0 0.0000 0.8900
7 93.9370 62.4624 3 3 1 1 0.2856 0 0 0 0.0000 0.8900
7 107.9754 122.2757 2 4 1 0 0.3344 0 0 0 0.0000 0.8900
7 108.9303 81.9381 4 4 2 1 0.7991 0 0 0 0.0000 0.8900
7 124.4760 113.3694 4 4 4 1 0.3975 1 0 0 0.0000 0.8900
7 79.8961 81.1035 3 4 1 0 0.3287 0 0 0 0.0000 0.8900
7 137.0833 98.5415 4 4 1 1 1.0414 0 0 0 0.0000 0.8900
7 136.8027 115.4470 4 4 3 1 0.2530 0 0 0 0.0000 0.8900
7 80.6127 64.8003 3 4 2 0 0.0670 0 0 0 0.0000 0.8900
7 94.3484 71.3368 3 3 1 1 0.4454 0 0 0 0.0000 0.8900
7 65.5740 101.7929 1 4 4 0 0.4513 1 0 0 0.0000 0.8900
7 114.2944 103.6657 4 3 2 0 0.0489 0 0 0 0.0000 0.8900
7 95.6192 81.2971 3 3 3 1 0.5497 1 0 0 0.0000 0.8900
7 88.9937 55.4789 3 4 3 0 0.2348 0 0 0 0.0000 0.8900
7 80.3229 104.6976 1 4 2 0 0.3156 0 0 0 0.0000 0.8900
7 149.0769 86.5169 4 3 4 0 0.4932 0 0 0 0.0000 0.8900
7 79.9510 141.1002 2 3 4 0 0.0520 0 0 0 0.0000 0.8900
7 106.5451 94.5860 4 3 3 0 0.1111 1 0 0 0.0000 0.8900
7 142.5410 96.0239 4 4 4 1 0.3555 1 0 0 0.0000 0.8900
7 96.4548 124.9745 2 4 4 0 0.1499 1 0 0 0.0000 0.8900
7 86.1985 132.7623 2 4 4 0 1.4179 1 0 0 0.0000 0.8900
7 95.1936 94.8259 3 4 3 0 0.6158 0 0 0 0.0000 0.8900
7 119.6989 106.1292 4 4 4 1 0.2807 1 0 0 0.0000 0.8900
7 96.9975 144.9041 2 4 2 0 0.1554 0 0 0 0.0000 0.8900
7 127.7091 94.5345 4 4 1 1 0.0246 0 0 0 0.0000 0.8900
7 80.0384 101.4079 1 4 1 0 0.4030 0 0 0 0.0000 0.8900
7 95.5026 80.5391 3 4 3 0 0.3438 0 0 0 0.0000 0.8900
7 99.7772 123.8030 2 4 2 0 0.1133 0 0 0 0.0000 0.8900
7 120.2365 105.3651 4 3 1 0 0.1105 0 0 0 0.0000 0.8900
7 103.8987 52.9844 3 3 1 1 0.4222 0 0 0 0.0000 0.8900
7 78.1565 106.1586 1 4 3 0 0.3379 0 0 0 0.0000 0.8900
7 124.5032 100.2541 4 3 2 0 0.0557 0 0 0 0.0000 0.8900
7 107.7596 101.6084 4 3 1 0 0.2665 0 0 0 0.0000 0.8900
7 87.3606 68.2106 3 4 1 0 0.6355 0 0 0 0.0000 0.8900
7 98.8722 73.9907 3 4 3 0 0.7004 0 0 0 0.0000 0.8900
7 103.3426 114.0996 2 3 4 0 1.1847 0 0 0 0.0000 0.8900
8 101.9040 83.9635 3 3 0 1 0.6665 1 1 0 0.0000 0.8900
8 73.6090 100.0768 1 3 0 0 0.4498 0 1 0 0.0000 0.8900
8 95.8101 77.8261 3 4 0 0 0.1427 0 1 0 0.0000 0.8900
8 73.1696 85.1931 1 4 0 0 0.3314 0 1 0 0.0000 0.8900
8 81.3311 81.8530 1 4 0 0 0.5728 0 1 0 0.0000 0.8900
8 99.2293 138.8234 2 4 0 0 1.2053 0 1 0 0.0000 0.8900
8 113.2000 100.1867 4 4 0 1 1.5813 1 1 0 0.0000 0.8900
8 94.9039 108.7768 2 3 0 0 0.5826 0 1 0 0.0000 0.8900
8 98.0313 85.9155 3 4 0 0 0.0464 0 1 0 0.0000 0.8900
8 74.2690 85.7949 1 4 0 0 0.2409 0 1 0 0.0000 0.8900
8 96.8514 93.5220 1 4 0 0 1.1832 0 1 0 0.0000 0.8900
8 88.1573 69.8247 3 3 0 1 0.5912 1 1 0 0.0000 0.8900
8 106.6803 75.3501 3 4 0 0 0.2956 0 1 0 0.0000 0.8900
8 109.2525 147.8820 2 4 0 0 0.4475 0 1 0 0.0000 0.8900
8 83.6900 97.7592 1 4 0 0 3.7226 0 1 0 0.0000 0.8900
8 87.7432 121.7098 2 4 0 0 3.4109 0 1 0 0.0000 0.8900
8 104.5617 56.6949 3 3 0 1 0.4834 1 1 0 0.0000 0.8900
8 136.6643 105.0332 4 4 0 1 0.1374 1 1 0 0.0000 0.8900
8 86.8404 95.0285 3 4 0 0 0.7485 0 1 0 0.0000 0.8900
8 99.8400 81.4098 3 3 0 1 0.0325 1 1 0 0.0000 0.8900
8 113.6511 134.4659 2 4 0 0 0.0261 0 1 0 0.0000 0.8900
8 82.9178 60.6965 3 4 0 0 0.2033 0 1 0 0.0000 0.8900
8 60.3511 114.3077 1 4 0 0 0.4011 0 1 0 0.0000 0.8900
8 80.5136 110.9438 1 3 0 0 0.3889 0 1 0 0.0000 0.8900
8 110.7196 116.0871 2 3 0 0 0.3452 0 1 0 0.0000 0.8900
8 75.4131 94.6944 1 3 0 0 0.1649 0 1 0 0.0000 0.8900
8 116.0171 54.0204 3 3 0 1 0.3456 1 1 0 0.0000 0.8900
8 106.8346 93.8795 4 4 0 1 0.2187 1 1 0 0.0000 0.8900
8 77.3297 102.7611 1 4 0 0 0.3040 0 1 0 0.0000 0.8900
8 135.2789 131.4748 4 4 0 1 0.2984 1 1 0 0.0000 0.8900
8 100.2814 82.6420 3 4 0 0 1.4187 0 1 0 0.0000 0.8900
8 107.7403 151.8154 2 3 0 0 0.2703 0 1 0 0.0000 0.8900
8 103.9174 117.3660 2 4 0 0 0.8458 0 1 0 0.0000 0.8900
8 125.0165 87.0374 4 3 0 0 0.1895 0 1 0 0.0000 0.8900
8 132.6607 101.5893 4 4 0 1 0.0834 1 1 0 0.0000 0.8900
8 90.9566 126.3451 2 4 0 0 0.4306 0 1 0 0.0000 0.8900
8 118.1874 104.7384 4 4 0 1 0.1226 1 1 0 0.0000 0.8900
8 88.9087 58.4290 3 4 0 0 0.5361 0 1 0 0.0000 0.8900
8 105.3467 81.1106 3 3 0 1 0.1737 1 1 0 0.0000 0.8900
8 129.5553 104.7185 4 4 0 1 1.2421 1 1 0 0.0000 0.8900
8 97.3913 130.7559 2 3 0 0 0.1709 0 1 0 0.0000 0.8900
8 71.0004 111.1560 1 3 0 0 0.2224 0 1 0 0.0000 0.8900
8 140.9303 83.2723 4 4 0 1 0.2980 1 1 0 0.0000 0.8900
8 91.3928 137.1108 2 4 0 0 0.6092 0 1 0 0.0000 0.8900
8 74.4528 101.6761 1 3 0 0 0.3676 0 1 0 0.0000 0.8900
8 90.7955 75.5635 3 4 0 0 1.5471 0 1 0 0.0000 0.8900
8 131.4001 98.8049 4 4 0 1 0.0575 1 1 0 0.0000 0.8900
8 71.7453 107.3721 1 4 0 0 0.0203 0 1 0 0.0000 0.8900
8 107.3234 140.2796 2 4 0 0 0.7971 0 1 0 0.0000 0.8900
8 69.8536 99.2167 1 4 0 0 4.9456 0 1 0 0.0000 0.8900
8 95.0812 129.7580 2 4 0 0 2.5193 0 1 0 0.0000 0.8900
8 56.7195 111.4643 1 4 0 0 0.0729 0 1 0 0.0000 0.8900
8 110.2706 135.7376 2 4 0 0 0.4181 0 1 0 0.0000 0.8900
8 99.8686 69.5788 3 4 0 0 3.4136 0 1 0 0.0000 0.8900
8 101.4667 116.3394 2 4 0 0 1.0437 0 1 0 0.0000 0.8900
8 137.3462 113.9915 4 4 0 1 0.8936 1 1 0 0.0000 0.8900
8 107.4919 124.2660 2 4 0 0 0.6360 0 1 0 0.0000 0.8900
8 101.8316 65.4209 3 4 0 0 1.9563 0 1 0 0.0000 0.8900
8 118.0005 110.7687 4 4 0 1 1.1659 1 1 0 0.0000 0.8900
8 106.3990 126.8403 2 4 0 0 0.2351 0 1 0 0.0000 0.8900
8 121.4979 110.0468 4 4 0 1 0.3047 1 1 0 0.0000 0.8900
8 143.8585 102.7132 4 4 0 1 0.1039 1 1 0 0.0000 0.8900
8 97.2248 74.9069 3 4 0 0 0.2018 0 1 0 0.0000 0.8900
8 115.0339 82.6380 3 4 0 0 1.4066 0 1 0 0.0000 0.8900
8 95.6356 122.0070 2 4 0 0 0.1382 0 1 0 0.0000 0.8900
8 98.2451 120.4918 2 4 0 0 0.5418 0 1 0 0.0000 0.8900
8 74.0738 99.6458 1 4 0 0 0.2662 0 1 0 0.0000 0.8900
8 127.1002 108.3619 4 4 0 1 0.0177 1 1 0 0.0000 0.8900
8 111.8529 106.1376 4 4 0 1 0.2333 1 1 0 0.0000 0.8900
8 137.7972 100.4247 4 4 0 1 0.0457 1 1 0 0.0000 0.8900
8 140.1412 112.9269 4 4 0 1 0.1489 1 1 0 0.0000 0.8900
8 64.8705 105.0281 1 4 0 0 0.2149 0 1 0 0.0000 0.8900
8 102.9168 122.0853 2 4 0 0 0.1784 0 1 0 0.0000 0.8900
8 109.0160 110.1222 4 4 0 1 0.0848 1 1 0 0.0000 0.8900
8 127.5453 108.7529 4 4 0 1 0.1176 1 1 0 0.0000 0.8900
8 94.5967 82.4114 3 4 0 0 0.1428 0 1 0 0.0000 0.8900
8 106.6255 68.2164 3 4 0 0 0.0488 0 1 0 0.0000 0.8900
8 75.8619 108.5506 1 4 0 0 0.0089 0 1 0 0.0000 0.8900
8 133.9500 86.6055 4 4 0 1 0.1128 1 1 0 0.0000 0.8900
8 64.4410 99.6203 1 4 0 0 0.1715 0 1 0 0.0000 0.8900
8 125.0520 99.4714 4 4 0 1 0.2875 1 1 0 0.0000 0.8900
8 123.1581 86.3214 3 4 0 0 0.1491 0 1 0 0.0000 0.8900
8 137.0804 110.1187 4 4 0 1 0.0310 1 1 0 0.0000 0.8900
8 113.7865 95.2948 3 4 0 0 0.2214 0 1 0 0.0000 0.8900
8 77.9959 133.3717 2 4 0 0 0.0494 0 1 0 0.0000 0.8900
8 88.4604 132.3513 2 1 0 0 0.1926 0 1 0 0.0000 0.8900
8 109.4239 76.8451 3 1 0 0 0.1014 0 1 0 0.0000 0.8900
8 67.5129 120.7204 1 1 0 1 0.1345 1 1 0 0.0000 0.8900
8 114.0655 154.3119 2 1 0 0 0.1282 0 1 0 0.0000 0.8900
8 116.2361 104.3239 4 1 0 0 0.1697 0 1 0 0.0000 0.8900
8 69.6821 91.3549 1 1 0 1 0.2441 1 1 0 0.0000 0.8900
8 100.5643 73.9713 3 1 0 0 0.1368 0 1 0 0.0000 0.8900
8 107.8802 133.4480 2 1 0 0 0.2908 0 1 0 0.0000 0.8900
8 95.7107 96.6214 1 1 0 1 0.3136 1 1 0 0.0000 0.8900
8 81.6602 102.3989 1 1 0 1 0.1052 1 1 0 0.0000 0.8900
8 85.6570 87.3307 1 1 0 1 0.0672 1 1 0 0.0000 0.8900
8 80.1447 103.8121 1 1 0 1 0.5308 1 1 0 0.0000 0.8900
8 98.0288 118.9963 2 1 0 0 0.4468 0 1 0 0.0000 0.8900
8 89.6707 66.7162 3 1 0 0 0.1216 0 1 0 0.0000 0.8900
8 116.6119 107.6445 4 1 0 0 0.1159 0 1 0 0.0000 0.8900
9 92.0560 65.2067 3 1 0 0 1.1946 0 1 0 0.0000 0.8900
9 108.8308 89.4585 3 1 0 0 0.0502 0 1 0 0.0000 0.8900
9 90.9195 50.3999 3 1 0 0 2.1298 0 1 0 0.0000 0.8900
9 124.6191 98.2480 4 1 0 0 1.0238 0 1 0 0.0000 0.8900
9 92.5878 154.2830 2 1 0 0 0.1285 0 1 0 0.0000 0.8900
9 69.1136 108.5233 1 1 0 1 0.1797 1 1 0 0.0000 0.8900
9 104.7563 75.8659 3 1 0 0 0.2465 0 1 0 0.0000 0.8900
9 104.6776 56.5007 3 1 0 0 0.0925 0 1 0 0.0000 0.8900
9 146.5705 88.5627 4 1 0 0 0.0377 0 1 0 0.0000 0.8900
9 110.4242 97.2032 4 1 0 0 0.1972 0 1 0 0.0000 0.8900
9 81.3666 54.0435 3 1 0 0 0.1056 0 1 0 0.0000 0.8900
9 76.8107 106.3702 1 1 0 1 0.2828 1 1 0 0.0000 0.8900
9 65.4832 111.9926 1 1 0 1 0.1284 1 1 0 0.0000 0.8900
9 126.2479 93.8255 4 1 0 0 0.8988 0 1 0 0.0000 0.8900
9 65.6660 89.5178 1 1 0 1 0.2072 1 1 0 0.0000 0.8900
9 75.2236 88.3775 1 1 0 1 0.3475 1 1 0 0.0000 0.8900
9 123.5472 93.8877 4 1 0 0 0.2675 0 1 0 0.0000 0.8900
9 131.8167 93.1313 4 1 0 0 0.3611 0 1 0 0.0000 0.8900
9 74.1058 102.7346 1 1 0 1 0.2575 1 1 0 0.0000 0.8900
9 77.5743 106.8028 1 1 0 1 0.0863 1 1 0 0.0000 0.8900
9 113.0986 110.6975 2 1 0 0 0.0795 0 1 0 0.0000 0.8900
9 71.1379 121.6782 1 1 0 1 1.8162 1 1 0 0.0000 0.8900
9 104.8673 128.2429 2 1 0 0 0.3009 0 1 0 0.0000 0.8900
9 107.4212 77.5781 3 1 0 0 0.0274 0 1 0 0.0000 0.8900
9 105.3890 122.3535 2 1 0 0 0.3866 0 1 0 0.0000 0.8900
9 90.2395 128.2253 2 1 0 0 0.3810 0 1 0 0.0000 0.8900
9 91.9341 128.1148 2 1 0 0 0.2769 0 1 0 0.0000 0.8900
9 62.8468 102.1042 1 1 0 1 1.5856 1 1 0 0.0000 0.8900
9 88.6969 141.3633 2 1 0 0 0.7056 0 1 0 0.0000 0.8900
9 81.1348 85.8898 1 1 0 1 0.3708 1 1 0 0.0000 0.8900
9 107.2683 82.1691 3 1 0 0 0.0828 0 1 0 0.0000 0.8900
9 106.3064 69.9625 3 1 0 0 0.2512 0 1 0 0.0000 0.8900
9 131.2137 109.6500 4 1 0 0 0.4167 0 1 0 0.0000 0.8900
9 135.4754 103.0953 4 1 0 0 0.1367 0 1 0 0.0000 0.8900
9 93.6008 125.3017 2 1 0 0 0.7230 0 1 0 0.0000 0.8900
9 105.9102 134.8433 2 1 0 0 0.0434 0 1 0 0.0000 0.8900
9 85.8959 100.2280 1 1 0 1 0.3964 1 1 0 0.0000 0.8900
9 80.0327 125.0308 2 1 0 0 0.1018 0 1 0 0.0000 0.8900
9 116.7106 100.2723 4 1 0 0 0.3110 0 1 0 0.0000 0.8900
9 114.9372 130.4124 2 1 0 0 0.0070 0 1 0 0.0000 0.8900
9 117.2038 70.5478 3 1 0 0 0.4374 0 1 0 0.0000 0.8900
9 99.2218 84.4636 3 1 0 0 0.4158 0 1 0 0.0000 0.8900
9 104.9786 107.9879 2 1 0 0 0.4649 0 1 0 0.0000 0.8900
9 112.3647 123.1131 2 1 0 0 0.9566 0 1 0 0.0000 0.8900
9 71.8706 91.0002 1 1 0 1 1.3320 1 1 0 0.0000 0.8900
9 131.3731 96.3049 4 1 0 0 0.0617 0 1 0 0.0000 0.8900
9 136.7401 101.5012 4 1 0 0 0.4541 0 1 0 0.0000 0.8900
9 123.5913 90.9964 3 1 0 0 0.6896 0 1 0 0.0000 0.8900
9 79.9131 104.8711 1 1 0 1 0.3312 1 1 0 0.0000 0.8900
9 112.9909 56.6666 3 1 0 0 0.4032 0 1 0 0.0000 0.8900
