1 88.0723 90.5523 3 2 0 0 3.3373 0 1 0 0.0000 0.0000
1 122.8224 101.7694 4 2 0 0 2.8811 0 1 0 0.0000 0.0000
1 133.3195 99.7161 4 1 0 0 6.0980 0 1 0 0.0000 0.0000
1 75.8624 81.3255 1 3 0 0 1.9271 0 1 0 0.0000 0.0000
1 113.7865 95.2948 3 4 0 0 1.9454 0 1 0 0.0000 0.0000
1 140.3759 105.7105 4 2 0 0 1.3385 0 1 0 0.0000 0.0000
1 75.7972 136.1125 2 3 0 0 1.7250 0 1 0 0.0000 0.0000
1 104.7584 57.8152 3 2 0 0 2.3314 0 1 0 0.0000 0.0000
1 99.2885 68.1986 3 3 0 1 0.4620 1 1 0 0.0000 0.0000
1 107.6564 76.9826 3 4 0 0 0.7805 0 1 0 0.0000 0.0000
1 94.5580 127.3204 2 2 0 1 1.2590 1 1 0 0.0000 0.0000
1 105.6745 113.8609 2 2 0 1 1.0996 1 1 0 0.0000 0.0000
1 110.4242 97.2032 4 3 0 0 1.3209 0 1 0 0.0000 0.0000
1 60.9801 93.5680 1 1 0 1 0.4601 1 1 0 0.0000 0.0000
1 54.5403 100.5869 1 3 0 0 1.6023 0 1 0 0.0000 0.0000
1 95.3532 130.8562 2 2 0 1 0.4599 1 1 0 0.0000 0.0000
1 79.8961 81.1035 3 1 0 0 1.6418 0 1 0 0.0000 0.0000
1 126.4884 92.9181 4 3 0 0 0.3798 0 1 0 0.0000 0.0000
1 90.7955 75.5635 3 4 0 0 1.3197 0 1 0 0.0000 0.0000
1 101.7649 128.0355 2 1 0 0 1.1077 0 1 0 0.0000 0.0000
1 79.5622 79.5091 3 1 0 0 2.0409 0 1 0 0.0000 0.0000
1 121.7999 103.9522 4 2 0 0 0.9803 0 1 0 0.0000 0.0000
1 72.0866 111.0079 1 3 0 0 1.3578 0 1 0 0.0000 0.0000
1 102.6554 124.9706 2 2 0 1 0.9854 1 1 0 0.0000 0.0000
1 93.9527 116.2486 2 2 0 1 0.9313 1 1 0 0.0000 0.0000
1 91.9709 124.1509 2 2 0 1 0.6679 1 1 0 0.0000 0.0000
1 85.6089 129.0267 2 2 0 1 0.6787 1 1 0 0.0000 0.0000
1 127.8129 85.9738 4 1 0 0 1.4094 0 1 0 0.0000 0.0000
1 101.7032 60.1956 3 3 0 1 1.0553 1 1 0 0.0000 0.0000
1 88.9937 55.4789 3 3 0 1 0.8041 1 1 0 0.0000 0.0000
1 109.0160 110.1222 4 2 0 0 0.9633 0 1 0 0.0000 0.0000
1 110.4685 121.2093 2 1 0 0 0.7427 0 1 0 0.0000 0.0000
1 104.1968 141.2735 2 3 0 0 0.3885 0 1 0 0.0000 0.0000
1 71.8706 91.0002 1 1 0 1 1.3615 1 1 0 0.0000 0.0000
1 84.9633 129.4892 2 2 0 1 0.8211 1 1 0 0.0000 0.0000
1 92.9179 131.8423 2 2 0 1 0.7240 1 1 0 0.0000 0.0000
1 76.2416 107.6445 1 3 0 0 1.7209 0 1 0 0.0000 0.0000
1 61.9010 110.7270 1 1 0 1 0.9103 1 1 0 0.0000 0.0000
1 66.3930 108.7872 1 1 0 1 1.0721 1 1 0 0.0000 0.0000
1 136.7401 101.5012 4 2 0 0 0.8450 0 1 0 0.0000 0.0000
1 112.4084 118.7632 4 3 0 0 0.4687 0 1 0 0.0000 0.0000
1 91.0872 110.3567 2 2 0 1 0.4437 1 1 0 0.0000 0.0000
1 78.2270 104.3290 1 3 0 0 2.5291 0 1 0 0.0000 0.0000
1 69.8300 103.9540 1 1 0 1 1.1623 1 1 0 0.0000 0.0000
1 132.9668 97.6630 4 3 0 0 0.8978 0 1 0 0.0000 0.0000
1 75.4131 94.6944 1 3 0 0 0.7789 0 1 0 0.0000 0.0000
1 77.0428 103.0216 1 1 0 1 0.3042 1 1 0 0.0000 0.0000
1 111.3216 66.9400 3 1 0 0 0.8998 0 1 0 0.0000 0.0000
1 73.7486 110.4400 1 3 0 0 0.9810 0 1 0 0.0000 0.0000
1 121.0435 119.9764 2 2 0 1 0.5911 1 1 0 0.0000 0.0000
1 84.6675 102.7472 1 3 0 0 0.8249 0 1 0 0.0000 0.0000
1 92.9046 122.1020 2 3 0 0 0.8241 0 1 0 0.0000 0.0000
1 65.6660 89.5178 1 1 0 1 0.5989 1 1 0 0.0000 0.0000
1 94.5523 61.3336 3 3 0 1 1.0657 1 1 0 0.0000 0.0000
1 108.5905 150.0014 2 3 0 0 1.7180 0 1 0 0.0000 0.0000
1 124.8026 92.4396 4 3 0 0 0.8019 0 1 0 0.0000 0.0000
1 110.8904 77.7991 3 1 0 0 1.2084 0 1 0 0.0000 0.0000
1 136.6421 100.5962 4 2 0 0 0.8570 0 1 0 0.0000 0.0000
1 71.8123 78.3524 1 1 0 1 0.7210 1 1 0 0.0000 0.0000
1 133.5661 96.3853 4 2 0 0 1.2536 0 1 0 0.0000 0.0000
1 119.6669 98.9626 4 3 0 0 0.7357 0 1 0 0.0000 0.0000
1 77.0293 88.6312 1 1 0 1 0.7887 1 1 0 0.0000 0.0000
1 121.4979 110.0468 4 2 0 0 0.6995 0 1 0 0.0000 0.0000
1 134.6526 106.7230 4 3 0 0 0.7438 0 1 0 0.0000 0.0000
1 71.6742 104.6640 1 1 0 1 0.7888 1 1 0 0.0000 0.0000
1 92.9690 69.1337 3 1 0 0 1.1468 0 1 0 0.0000 0.0000
1 125.3780 93.6617 4 3 0 0 1.6173 0 1 0 0.0000 0.0000
1 62.6681 107.7355 1 1 0 1 1.2207 1 1 0 0.0000 0.0000
1 90.6607 114.7931 2 3 0 0 0.7025 0 1 0 0.0000 0.0000
1 107.7046 80.5418 3 3 0 1 1.1067 1 1 0 0.0000 0.0000
1 72.5930 121.4012 1 1 0 1 0.6810 1 1 0 0.0000 0.0000
1 133.6609 106.8919 4 2 0 0 0.4289 0 1 0 0.0000 0.0000
1 95.9898 78.3730 3 4 0 0 0.0419 0 1 0 0.0000 0.0000
1 123.0373 92.7710 4 2 0 0 0.6945 0 1 0 0.0000 0.0000
1 72.5069 95.0757 1 2 0 0 0.7786 0 1 0 0.0000 0.0000
1 88.4604 132.3513 2 3 0 0 1.1037 0 1 0 0.0000 0.0000
1 96.0057 70.3104 3 3 0 1 0.7817 1 1 0 0.0000 0.0000
1 100.2263 73.7651 3 3 0 1 0.6125 1 1 0 0.0000 0.0000
1 111.1157 67.1623 3 3 0 1 0.5433 1 1 0 0.0000 0.0000
1 129.2654 80.7698 4 2 0 0 1.0001 0 1 0 0.0000 0.0000
1 108.8790 128.9527 2 3 0 0 0.7166 0 1 0 0.0000 0.0000
1 100.6753 135.6078 2 2 0 1 0.4015 1 1 0 0.0000 0.0000
1 106.8019 73.1424 3 2 0 0 2.2950 0 1 0 0.0000 0.0000
1 132.5168 79.3665 4 2 0 0 0.6975 0 1 0 0.0000 0.0000
1 95.0873 138.8186 2 3 0 0 0.6469 0 1 0 0.0000 0.0000
1 135.4754 103.0953 4 2 0 0 0.8347 0 1 0 0.0000 0.0000
1 82.7853 71.5963 3 1 0 0 1.6369 0 1 0 0.0000 0.0000
1 121.8793 109.9178 4 3 0 0 0.7908 0 1 0 0.0000 0.0000
1 79.8248 110.0313 1 1 0 1 0.7421 1 1 0 0.0000 0.0000
1 74.1213 97.4802 1 3 0 0 1.9879 0 1 0 0.0000 0.0000
1 108.1576 121.1709 2 3 0 0 1.2567 0 1 0 0.0000 0.0000
1 118.5892 107.7876 2 2 0 1 0.5240 1 1 0 0.0000 0.0000
1 71.1015 89.3096 1 2 0 0 0.3023 0 1 0 0.0000 0.0000
1 136.6877 95.0447 4 2 0 0 0.6608 0 1 0 0.0000 0.0000
1 72.5890 103.3064 1 1 0 1 0.7296 1 1 0 0.0000 0.0000
1 106.3317 61.3886 3 1 0 0 0.6393 0 1 0 0.0000 0.0000
1 103.0627 66.6268 3 3 0 1 0.7941 1 1 0 0.0000 0.0000
1 105.5620 113.2681 2 3 0 0 2.0811 0 1 0 0.0000 0.0000
1 104.3017 71.1701 3 3 0 1 1.3676 1 1 0 0.0000 0.0000
1 96.4990 80.8376 3 2 0 0 1.6747 0 1 0 0.0000 0.0000
2 86.6962 51.7089 3 4 0 0 1.2229 0 1 0 0.0000 0.0000
2 134.5390 105.2827 4 2 0 0 0.6673 0 1 0 0.0000 0.0000
2 94.7207 105.7847 2 3 0 0 0.8067 0 1 0 0.0000 0.0000
2 105.4858 142.3728 2 2 0 1 0.7587 1 1 0 0.0000 0.0000
2 71.3646 100.4742 1 1 0 1 0.5892 1 1 0 0.0000 0.0000
2 110.5923 67.3542 3 2 0 0 0.6708 0 1 0 0.0000 0.0000
2 124.5032 78.1772 4 2 0 0 1.3226 0 1 0 0.0000 0.0000
2 135.8160 105.1594 4 3 0 0 0.7815 0 1 0 0.0000 0.0000
2 114.0260 71.2138 3 2 0 0 0.4054 0 1 0 0.0000 0.0000
2 136.1853 96.6623 4 3 0 0 0.3145 0 1 0 0.0000 0.0000
2 103.8216 160.6784 2 2 0 1 0.5425 1 1 0 0.0000 0.0000
2 105.4727 122.0417 2 2 0 1 0.6954 1 1 0 0.0000 0.0000
2 137.0833 98.5415 4 2 0 0 0.5797 0 1 0 0.0000 0.0000
2 100.4483 55.0481 3 3 0 1 0.6296 1 1 0 0.0000 0.0000
2 99.3557 122.9250 2 3 0 0 0.9215 0 1 0 0.0000 0.0000
2 94.5967 82.4114 3 2 0 0 0.5560 0 1 0 0.0000 0.0000
2 69.4482 106.4665 1 1 0 1 0.7977 1 1 0 0.0000 0.0000
2 97.5037 109.7229 2 2 0 1 0.5565 1 1 0 0.0000 0.0000
2 109.8880 115.3438 2 3 0 0 0.3985 0 1 0 0.0000 0.0000
2 125.8238 82.1636 4 3 0 0 0.7488 0 1 0 0.0000 0.0000
2 104.2406 138.9003 2 2 0 1 0.7160 1 1 0 0.0000 0.0000
2 133.3841 95.1198 4 2 0 0 0.6015 0 1 0 0.0000 0.0000
2 112.9909 56.6666 3 1 0 0 0.6372 0 1 0 0.0000 0.0000
2 71.1468 98.6645 1 1 0 1 0.9511 1 1 0 0.0000 0.0000
2 150.1976 102.3980 4 3 0 0 0.6967 0 1 0 0.0000 0.0000
2 56.4131 94.2644 1 2 0 0 1.5336 0 1 0 0.0000 0.0000
2 136.6758 89.3931 4 4 0 1 0.2956 1 1 0 0.0000 0.0000
2 83.5111 127.4984 2 1 0 0 0.7149 0 1 0 0.0000 0.0000
2 75.2236 88.3775 1 1 0 1 1.1839 1 1 0 0.0000 0.0000
2 132.6607 101.5893 4 2 0 0 0.6640 0 1 0 0.0000 0.0000
2 96.6394 63.9314 3 1 0 0 0.8207 0 1 0 0.0000 0.0000
2 91.6651 129.7944 2 3 0 0 0.7643 0 1 0 0.0000 0.0000
2 92.6224 121.3498 2 1 0 0 0.7384 0 1 0 0.0000 0.0000
2 80.0097 106.6956 1 3 0 0 0.5670 0 1 0 0.0000 0.0000
2 85.5099 78.3823 3 1 0 0 0.4794 0 1 0 0.0000 0.0000
2 65.7857 99.0509 1 1 0 1 0.7440 1 1 0 0.0000 0.0000
2 64.0041 91.5645 1 1 0 1 0.4682 1 1 0 0.0000 0.0000
2 71.7453 107.3721 1 1 0 1 0.4177 1 1 0 0.0000 0.0000
2 83.5518 92.8667 1 3 0 0 0.7351 0 1 0 0.0000 0.0000
2 145.5079 105.0925 4 3 0 0 1.0380 0 1 0 0.0000 0.0000
2 56.7195 111.4643 1 1 0 1 0.8436 1 1 0 0.0000 0.0000
2 103.9174 117.3660 2 3 0 0 0.7971 0 1 0 0.0000 0.0000
2 116.6119 107.6445 4 2 0 0 0.4766 0 1 0 0.0000 0.0000
2 100.2628 126.5816 2 1 0 0 0.3873 0 1 0 0.0000 0.0000
2 105.3527 58.0847 3 1 0 0 0.4407 0 1 0 0.0000 0.0000
2 78.4511 105.1860 1 1 0 1 0.7270 1 1 0 0.0000 0.0000
2 74.4056 94.8732 1 1 0 1 0.5552 1 1 0 0.0000 0.0000
2 149.0769 86.5169 4 2 0 0 0.6197 0 1 0 0.0000 0.0000
2 51.4384 108.5347 1 1 0 1 1.3508 1 1 0 0.0000 0.0000
2 135.1553 91.0800 4 3 0 0 0.6344 0 1 0 0.0000 0.0000
2 103.2879 70.9612 3 3 0 1 0.3175 1 1 0 0.0000 0.0000
2 95.9064 128.1414 2 3 0 0 0.3039 0 1 0 0.0000 0.0000
2 107.2683 82.1691 3 1 0 0 0.6497 0 1 0 0.0000 0.0000
2 90.2395 128.2253 2 2 0 1 0.5172 1 1 0 0.0000 0.0000
2 91.3367 66.3946 3 2 0 0 0.5737 0 1 0 0.0000 0.0000
2 80.4441 103.3211 1 1 0 1 0.6965 1 1 0 0.0000 0.0000
2 112.2636 78.2404 3 3 0 1 0.9086 1 1 0 0.0000 0.0000
2 68.7974 98.9162 1 1 0 1 0.8793 1 1 0 0.0000 0.0000
2 91.8422 58.5898 3 1 0 0 0.8095 0 1 0 0.0000 0.0000
2 110.7196 116.0871 2 3 0 0 0.4571 0 1 0 0.0000 0.0000
2 121.2142 99.1859 4 2 0 0 0.2633 0 1 0 0.0000 0.0000
2 104.4554 125.8732 2 3 0 0 0.0265 0 1 0 0.0000 0.0000
2 122.1071 98.6297 4 2 0 0 0.7442 0 1 0 0.0000 0.0000
2 105.3469 62.1127 3 3 0 1 0.6867 1 1 0 0.0000 0.0000
2 113.2000 100.1867 4 2 0 0 0.6986 0 1 0 0.0000 0.0000
2 131.7155 99.7142 4 2 0 0 0.6151 0 1 0 0.0000 0.0000
2 81.3311 81.8530 1 1 0 1 0.7931 1 1 0 0.0000 0.0000
2 109.4239 76.8451 3 3 0 1 0.7843 1 1 0 0.0000 0.0000
2 137.3987 90.8951 4 3 0 0 0.9104 0 1 0 0.0000 0.0000
2 119.8556 94.2118 4 2 0 0 0.7119 0 1 0 0.0000 0.0000
2 120.2365 105.3651 4 3 0 0 0.7257 0 1 0 0.0000 0.0000
2 62.3993 88.2892 1 1 0 1 0.4743 1 1 0 0.0000 0.0000
2 106.7931 73.1952 3 1 0 0 0.8333 0 1 0 0.0000 0.0000
2 104.5539 75.9852 3 3 0 1 0.5445 1 1 0 0.0000 0.0000
2 104.7563 75.8659 3 2 0 0 1.6966 0 1 0 0.0000 0.0000
2 100.1202 137.3844 2 1 0 0 1.1408 0 1 0 0.0000 0.0000
2 104.8713 112.1152 2 3 0 0 0.4515 0 1 0 0.0000 0.0000
2 116.8400 79.5157 3 1 0 0 0.5214 0 1 0 0.0000 0.0000
2 87.7432 121.7098 2 1 0 0 0.6815 0 1 0 0.0000 0.0000
2 63.2691 104.2814 1 1 0 1 0.3501 1 1 0 0.0000 0.0000
2 73.9319 114.8849 1 4 0 0 0.1791 0 1 0 0.0000 0.0000
2 90.2632 82.8812 3 3 0 1 0.7486 1 1 0 0.0000 0.0000
2 113.0986 110.6975 2 3 0 0 1.0903 0 1 0 0.0000 0.0000
2 94.4389 74.6188 3 1 0 0 1.6327 0 1 0 0.0000 0.0000
2 114.6830 141.2372 2 2 0 1 0.6452 1 1 0 0.0000 0.0000
2 88.6888 98.2993 1 3 0 0 0.5942 0 1 0 0.0000 0.0000
2 107.9136 64.3814 3 2 0 0 0.7642 0 1 0 0.0000 0.0000
2 105.0474 72.4231 3 2 0 0 0.3086 0 1 0 0.0000 0.0000
2 113.0652 114.0933 2 2 0 1 0.0493 1 1 0 0.0000 0.0000
2 111.8528 115.5680 2 2 0 1 0.2957 1 1 0 0.0000 0.0000
2 101.9112 68.7101 3 2 0 0 0.1469 0 1 0 0.0000 0.0000
2 69.6587 95.3935 1 2 0 0 0.3140 0 1 0 0.0000 0.0000
2 138.9077 109.0262 4 2 0 0 0.3180 0 1 0 0.0000 0.0000
2 114.8966 101.9000 4 2 0 0 0.6652 0 1 0 0.0000 0.0000
2 140.5597 95.9058 4 2 0 0 0.3258 0 1 0 0.0000 0.0000
2 64.0133 119.6554 1 1 0 1 0.3930 1 1 0 0.0000 0.0000
2 109.2525 147.8820 2 2 0 1 0.9666 1 1 0 0.0000 0.0000
2 113.7347 110.0741 4 2 0 0 0.3292 0 1 0 0.0000 0.0000
2 77.5306 86.0670 1 1 0 1 0.4286 1 1 0 0.0000 0.0000
2 58.3275 73.3529 1 2 0 0 0.2738 0 1 0 0.0000 0.0000
3 136.2692 109.1555 4 2 0 0 3.2789 0 1 0 0.0000 0.0000
3 94.9339 58.1167 3 2 0 0 1.1580 0 1 0 0.0000 0.0000
3 108.9143 79.3603 3 2 0 0 0.5597 0 1 0 0.0000 0.0000
3 94.5770 65.3457 3 3 0 1 0.3529 1 1 0 0.0000 0.0000
3 119.2084 107.1740 4 3 0 0 0.3649 0 1 0 0.0000 0.0000
3 92.0338 75.2069 3 3 0 1 0.6496 1 1 0 0.0000 0.0000
3 65.8822 90.4625 1 1 0 1 0.5883 1 1 0 0.0000 0.0000
3 119.6989 106.1292 4 3 0 0 0.3100 0 1 0 0.0000 0.0000
3 124.0074 108.1929 4 2 0 0 0.5048 0 1 0 0.0000 0.0000
3 106.0402 131.1355 2 3 0 0 0.9610 0 1 0 0.0000 0.0000
3 119.9412 80.9812 3 2 0 0 0.7395 0 1 0 0.0000 0.0000
3 94.9160 127.7004 2 2 0 1 0.5212 1 1 0 0.0000 0.0000
3 81.6602 102.3989 1 1 0 1 0.4410 1 1 0 0.0000 0.0000
3 129.2816 110.8507 4 2 0 0 0.2872 0 1 0 0.0000 0.0000
3 129.6642 100.7962 4 2 0 0 0.3130 0 1 0 0.0000 0.0000
3 106.6803 75.3501 3 2 0 0 0.2850 0 1 0 0.0000 0.0000
3 138.1587 109.2010 4 2 0 0 0.5857 0 1 0 0.0000 0.0000
3 64.3651 104.8376 1 1 0 1 0.8113 1 1 0 0.0000 0.0000
3 141.1648 118.9442 4 3 0 0 1.0981 0 1 0 0.0000 0.0000
3 73.6090 100.0768 1 3 0 0 0.3456 0 1 0 0.0000 0.0000
3 83.2440 87.2348 3 3 0 1 0.6052 1 1 0 0.0000 0.0000
3 76.8107 106.3702 1 1 0 1 0.6382 1 1 0 0.0000 0.0000
3 99.0352 89.4037 3 2 0 0 0.2903 0 1 0 0.0000 0.0000
3 97.8026 130.4800 2 3 0 0 0.7107 0 1 0 0.0000 0.0000
3 134.4524 99.3927 4 2 0 0 0.6753 0 1 0 0.0000 0.0000
3 64.7903 77.3709 1 1 0 1 1.2494 1 1 0 0.0000 0.0000
3 91.4105 93.8808 3 2 0 0 0.5483 0 1 0 0.0000 0.0000
3 127.1002 108.3619 4 2 0 0 0.6299 0 1 0 0.0000 0.0000
3 86.3785 114.4504 1 1 0 1 0.5064 1 1 0 0.0000 0.0000
3 88.9087 58.4290 3 3 0 1 0.4105 1 1 0 0.0000 0.0000
3 57.3956 106.8825 1 1 0 1 0.7601 1 1 0 0.0000 0.0000
3 100.6615 138.9520 2 2 0 1 0.3665 1 1 0 0.0000 0.0000
3 63.8414 99.9808 1 1 0 1 0.7629 1 1 0 0.0000 0.0000
3 107.4894 67.7759 3 3 0 1 0.3218 1 1 0 0.0000 0.0000
3 120.2600 88.8269 4 2 0 0 0.6693 0 1 0 0.0000 0.0000
3 83.8468 132.1807 2 1 0 0 0.4747 0 1 0 0.0000 0.0000
3 89.2050 134.1374 2 3 0 0 0.3384 0 1 0 0.0000 0.0000
3 101.9013 52.5659 3 2 0 0 0.0300 0 1 0 0.0000 0.0000
3 101.5544 85.0108 3 3 0 1 0.0438 1 1 0 0.0000 0.0000
3 98.5767 125.9519 2 3 0 0 0.4104 0 1 0 0.0000 0.0000
3 70.9801 97.4984 1 3 0 0 0.5674 0 1 0 0.0000 0.0000
3 61.8078 120.1106 1 3 0 0 0.3832 0 1 0 0.0000 0.0000
3 107.7221 122.8525 2 2 0 1 0.0584 1 1 0 0.0000 0.0000
3 104.9284 74.3248 3 3 0 1 0.6165 1 1 0 0.0000 0.0000
3 67.4598 105.3197 1 1 0 1 1.5617 1 1 0 0.0000 0.0000
3 77.8577 103.2591 1 2 0 0 0.2605 0 1 0 0.0000 0.0000
3 139.6484 97.5681 4 2 0 0 1.8800 0 1 0 0.0000 0.0000
3 65.5803 106.6743 1 1 0 1 0.8091 1 1 0 0.0000 0.0000
3 94.3484 71.3368 3 2 0 0 0.6570 0 1 0 0.0000 0.0000
3 96.0948 76.7071 3 1 0 0 0.4842 0 1 0 0.0000 0.0000
3 100.5643 73.9713 3 3 0 1 0.8287 1 1 0 0.0000 0.0000
3 100.7278 116.5772 2 3 0 0 1.0695 0 1 0 0.0000 0.0000
3 126.8054 79.3947 4 2 0 0 0.6678 0 1 0 0.0000 0.0000
3 92.8701 115.4010 2 2 0 1 0.3211 1 1 0 0.0000 0.0000
3 104.8673 128.2429 2 2 0 1 0.2451 1 1 0 0.0000 0.0000
3 93.6683 67.5234 3 2 0 0 0.2567 0 1 0 0.0000 0.0000
3 104.8418 64.5808 3 3 0 1 0.3868 1 1 0 0.0000 0.0000
3 123.1581 86.3214 3 3 0 1 0.6628 1 1 0 0.0000 0.0000
3 79.1953 108.8968 1 3 0 0 0.6651 0 1 0 0.0000 0.0000
3 135.9208 94.1744 4 2 0 0 0.4203 0 1 0 0.0000 0.0000
3 110.2706 135.7376 2 2 0 1 0.2189 1 1 0 0.0000 0.0000
3 98.0211 135.4689 2 2 0 1 0.4126 1 1 0 0.0000 0.0000
3 102.5889 83.5736 3 2 0 0 0.6657 0 1 0 0.0000 0.0000
3 113.9239 134.0780 2 3 0 0 0.3176 0 1 0 0.0000 0.0000
3 99.2218 84.4636 3 3 0 1 1.5940 1 1 0 0.0000 0.0000
3 143.4742 104.9102 4 3 0 0 0.1874 0 1 0 0.0000 0.0000
3 109.1853 138.0732 2 3 0 0 2.3733 0 1 0 0.0000 0.0000
3 69.0852 87.0812 1 2 0 0 0.2755 0 1 0 0.0000 0.0000
3 93.0298 127.9223 2 2 0 1 1.5999 1 1 0 0.0000 0.0000
3 97.3481 129.1895 2 2 0 1 0.2895 1 1 0 0.0000 0.0000
3 86.9869 137.7303 2 2 0 1 0.4535 1 1 0 0.0000 0.0000
3 105.2155 124.7106 2 2 0 1 0.3244 1 1 0 0.0000 0.0000
3 109.0030 126.8378 2 2 0 1 0.3044 1 1 0 0.0000 0.0000
3 111.8529 106.1376 4 2 0 0 0.3309 0 1 0 0.0000 0.0000
3 69.7773 107.5104 1 2 0 0 0.2716 0 1 0 0.0000 0.0000
3 74.2690 85.7949 1 1 0 1 0.6574 1 1 0 0.0000 0.0000
3 78.2750 98.0735 1 1 0 1 0.4383 1 1 0 0.0000 0.0000
3 115.4950 102.4642 4 1 0 0 0.4453 0 1 0 0.0000 0.0000
3 138.9301 102.8864 4 3 0 0 0.3876 0 1 0 0.0000 0.0000
3 81.7712 111.1103 1 3 0 0 0.2567 0 1 0 0.0000 0.0000
3 96.1304 74.5303 3 3 0 1 0.1936 1 1 0 0.0000 0.0000
3 112.8350 144.2134 2 3 0 0 0.3066 0 1 0 0.0000 0.0000
3 123.5913 90.9964 3 2 0 0 0.4547 0 1 0 0.0000 0.0000
3 107.7403 151.8154 2 3 0 0 0.5260 0 1 0 0.0000 0.0000
3 135.2789 131.4748 4 2 0 0 0.3824 0 1 0 0.0000 0.0000
3 120.2761 123.7163 2 2 0 1 0.2443 1 1 0 0.0000 0.0000
3 131.4001 98.8049 4 2 0 0 0.3024 0 1 0 0.0000 0.0000
3 85.7585 122.9180 2 3 0 0 0.1941 0 1 0 0.0000 0.0000
3 105.3467 81.1106 3 2 0 0 0.0129 0 1 0 0.0000 0.0000
3 133.6424 103.4671 4 2 0 0 1.2258 0 1 0 0.0000 0.0000
3 112.8966 126.8406 2 2 0 1 1.4664 1 1 0 0.0000 0.0000
3 71.1379 121.6782 1 2 0 0 0.3450 0 1 0 0.0000 0.0000
3 118.3561 111.6363 4 3 0 0 0.5653 0 1 0 0.0000 0.0000
3 59.3703 85.0339 1 1 0 1 0.5037 1 1 0 0.0000 0.0000
3 133.9500 86.6055 4 2 0 0 0.3525 0 1 0 0.0000 0.0000
3 70.9591 107.6042 1 1 0 1 0.4202 1 1 0 0.0000 0.0000
3 79.8331 109.3147 1 1 0 1 0.8504 1 1 0 0.0000 0.0000
3 120.9845 109.6560 4 2 0 0 0.7308 0 1 0 0.0000 0.0000
3 108.9303 81.9381 4 3 0 0 0.4972 0 1 0 0.0000 0.0000
3 73.3303 105.7902 1 1 0 1 0.6981 1 1 0 0.0000 0.0000
4 67.0555 109.5032 1 1 1 1 1.2709 1 0 0 0.0000 0.0000
4 102.2557 91.8934 3 2 3 0 0.7503 0 0 0 0.0000 0.0000
4 95.9106 133.0822 2 3 1 0 0.7580 0 0 0 0.0000 0.0000
4 135.8998 87.2633 4 2 2 0 0.6939 1 0 0 0.0000 0.0000
4 97.0720 123.3270 2 3 1 0 0.6353 0 0 0 0.0000 0.0000
4 150.6347 101.2032 4 2 3 0 0.6552 0 0 0 0.0000 0.0000
4 143.6517 112.9284 4 3 1 0 0.5317 0 0 0 0.0000 0.0000
4 123.6157 140.5805 2 2 3 1 0.5871 0 0 0 0.0000 0.0000
4 95.5026 80.5391 3 3 2 1 0.5408 0 0 0 0.0000 0.0000
4 96.4923 64.0008 3 1 3 0 0.8932 0 0 0 0.0000 0.0000
4 132.7079 98.4518 4 2 3 0 0.5115 0 0 0 0.0000 0.0000
4 94.9039 108.7768 2 2 1 1 0.7352 0 0 0 0.0000 0.0000
4 137.7972 100.4247 4 2 4 0 0.5886 0 0 0 0.0000 0.0000
4 123.1753 102.4976 4 2 4 0 0.3989 0 0 0 0.0000 0.0000
4 131.2137 109.6500 4 2 1 0 0.0843 0 0 0 0.0000 0.0000
4 106.5160 71.4494 3 2 1 0 0.3063 0 0 0 0.0000 0.0000
4 58.3788 84.3613 1 3 2 0 0.3248 0 0 0 0.0000 0.0000
4 66.9838 90.4158 1 1 1 1 0.4969 1 0 0 0.0000 0.0000
4 115.3325 116.7625 2 3 3 0 0.5137 1 0 0 0.0000 0.0000
4 118.4548 107.2515 4 3 2 0 0.5618 0 0 0 0.0000 0.0000
4 115.6346 88.5311 3 2 2 0 0.5318 1 0 0 0.0000 0.0000
4 104.9014 118.6219 2 2 4 1 0.4274 0 0 0 0.0000 0.0000
4 85.8959 100.2280 1 1 4 1 0.4098 0 0 0 0.0000 0.0000
4 111.1747 126.9010 2 3 3 0 0.1687 1 0 0 0.0000 0.0000
4 101.7707 60.4127 3 2 1 0 0.1217 0 0 0 0.0000 0.0000
4 103.0445 133.7577 2 3 1 0 0.6892 0 0 0 0.0000 0.0000
4 80.3630 107.5832 1 1 2 1 0.6694 0 0 0 0.0000 0.0000
4 76.5329 94.4930 1 2 4 0 0.4503 0 0 0 0.0000 0.0000
4 133.2758 109.7255 4 3 3 0 0.0661 1 0 0 0.0000 0.0000
4 90.4904 90.7713 1 1 2 1 0.4416 0 0 0 0.0000 0.0000
4 90.4349 136.3736 2 2 3 1 0.0413 0 0 0 0.0000 0.0000
4 127.2725 101.2891 4 2 2 0 0.4234 1 0 0 0.0000 0.0000
4 74.1058 102.7346 1 1 3 1 0.9016 0 0 0 0.0000 0.0000
4 123.5472 93.8877 4 3 2 0 1.5831 0 0 0 0.0000 0.0000
4 110.0177 129.0274 2 2 3 1 0.3043 0 0 0 0.0000 0.0000
4 59.6690 94.7477 1 4 3 0 0.8538 0 0 0 0.0000 0.0000
4 116.2361 104.3239 4 2 3 0 2.4632 0 0 0 0.0000 0.0000
4 124.7199 97.3623 4 4 1 1 0.4001 0 0 0 0.0000 0.0000
4 87.7027 99.6187 1 2 1 0 0.3035 0 0 0 0.0000 0.0000
4 98.0162 72.5907 3 3 4 1 1.2274 0 0 0 0.0000 0.0000
4 94.3007 69.4132 3 3 1 1 0.6455 0 0 0 0.0000 0.0000
4 98.2771 121.0598 2 3 4 0 1.1310 0 0 0 0.0000 0.0000
4 93.3553 104.9840 1 3 2 0 0.2435 0 0 0 0.0000 0.0000
4 76.3090 94.5660 1 1 4 1 0.7671 0 0 0 0.0000 0.0000
4 93.9370 62.4624 3 2 4 0 0.2951 0 0 0 0.0000 0.0000
4 80.0384 101.4079 1 2 1 0 0.2023 0 0 0 0.0000 0.0000
4 122.2716 97.8254 4 2 4 0 0.1633 0 0 0 0.0000 0.0000
4 68.5902 111.2368 1 2 3 0 0.2836 0 0 0 0.0000 0.0000
4 103.3426 114.0996 2 2 1 1 0.0221 0 0 0 0.0000 0.0000
4 90.7772 75.4578 3 2 4 0 0.4593 0 0 0 0.0000 0.0000
4 87.3606 68.2106 3 4 1 0 0.9614 0 0 0 0.0000 0.0000
4 63.6398 102.4741 1 3 3 0 0.8620 1 0 0 0.0000 0.0000
4 53.1331 82.5922 1 2 2 0 0.4794 1 0 0 0.0000 0.0000
4 107.5802 141.2795 2 3 1 0 0.5359 0 0 0 0.0000 0.0000
4 88.1573 69.8247 3 2 3 0 0.5698 0 0 0 0.0000 0.0000
4 89.8963 132.1882 2 4 4 0 0.9567 1 0 0 0.0000 0.0000
4 103.5668 102.0057 2 4 2 0 1.0316 0 0 0 0.0000 0.0000
4 104.5617 56.6949 3 1 3 0 1.2201 0 0 0 0.0000 0.0000
4 93.8110 81.9111 3 4 2 0 3.8080 0 0 0 0.0000 0.0000
4 125.0520 99.4714 4 4 2 1 6.9119 0 0 0 0.0000 0.0000
4 98.6420 67.0848 3 4 3 0 2.0971 0 0 0 0.0000 0.0000
4 106.3990 126.8403 2 2 1 1 1.1507 0 0 0 0.0000 0.0000
4 95.6192 81.2971 3 4 2 0 1.2138 0 0 0 0.0000 0.0000
4 133.9920 82.4607 4 3 4 0 0.7976 0 0 0 0.0000 0.0000
4 149.8503 85.6629 4 3 1 0 0.8521 0 0 0 0.0000 0.0000
4 129.2137 95.3005 4 4 2 1 1.0921 0 0 0 0.0000 0.0000
4 66.8812 103.1281 1 1 1 1 0.8418 1 0 0 0.0000 0.0000
4 90.3402 116.8999 1 4 3 0 0.5217 0 0 0 0.0000 0.0000
4 91.5153 109.5289 2 1 2 0 0.9699 0 0 0 0.0000 0.0000
4 99.8741 116.0471 2 3 3 0 0.6136 1 0 0 0.0000 0.0000
4 97.3913 130.7559 2 2 4 1 0.7199 0 0 0 0.0000 0.0000
4 112.0955 90.0869 4 3 2 0 1.8449 0 0 0 0.0000 0.0000
4 114.9372 130.4124 2 2 3 1 0.7813 0 0 0 0.0000 0.0000
4 68.2180 104.2906 1 3 1 0 0.6125 0 0 0 0.0000 0.0000
4 91.9586 81.3687 3 3 2 1 0.6632 0 0 0 0.0000 0.0000
4 131.3731 96.3049 4 4 2 1 0.2681 0 0 0 0.0000 0.0000
4 84.3642 77.5642 3 3 4 1 0.3624 0 0 0 0.0000 0.0000
4 94.8941 72.0194 3 2 2 0 0.6566 1 0 0 0.0000 0.0000
4 39.4733 74.9602 1 1 3 1 1.1191 0 0 0 0.0000 0.0000
4 79.9510 141.1002 2 4 4 0 0.5757 1 0 0 0.0000 0.0000
4 132.9753 98.2457 4 3 3 0 0.7385 1 0 0 0.0000 0.0000
4 86.8404 95.0285 3 2 2 0 1.0327 1 0 0 0.0000 0.0000
4 54.7262 102.9481 1 1 1 1 0.7985 1 0 0 0.0000 0.0000
4 95.4788 69.3943 3 4 2 0 0.8145 0 0 0 0.0000 0.0000
4 88.9286 109.5578 2 3 4 0 0.6633 0 0 0 0.0000 0.0000
4 124.6191 98.2480 4 4 1 1 0.6842 0 0 0 0.0000 0.0000
4 58.2609 103.3889 1 2 1 0 0.5936 0 0 0 0.0000 0.0000
4 91.3928 137.1108 2 4 2 0 0.4192 0 0 0 0.0000 0.0000
4 77.5743 106.8028 1 3 2 0 0.2742 0 0 0 0.0000 0.0000
4 81.9795 108.6904 1 2 3 0 0.6447 0 0 0 0.0000 0.0000
4 109.2990 94.7243 4 4 3 1 0.6886 0 0 0 0.0000 0.0000
4 98.9094 143.2802 2 3 1 0 0.7579 0 0 0 0.0000 0.0000
4 65.2252 109.4380 1 1 4 1 0.4910 0 0 0 0.0000 0.0000
4 97.0638 60.2841 3 1 4 0 0.5782 0 0 0 0.0000 0.0000
4 89.3754 80.2530 3 1 4 0 0.3885 0 0 0 0.0000 0.0000
4 125.4167 88.3572 4 1 1 0 0.4744 1 0 0 0.0000 0.0000
4 110.4730 86.6673 3 4 3 0 0.2990 0 0 0 0.0000 0.0000
4 101.0772 80.8251 3 3 3 1 0.0793 1 0 0 0.0000 0.0000
4 127.0373 102.5313 4 2 3 0 0.3493 0 0 0 0.0000 0.0000
4 100.1930 132.4558 2 4 2 0 0.6093 0 0 0 0.0000 0.0000
5 117.8498 104.5631 4 1 3 0 5.6798 0 0 0 9.3796 0.0000
5 100.2814 82.6420 3 3 2 1 4.8669 0 0 1 1.6572 0.5000
5 101.4158 66.0176 3 3 3 1 3.2733 1 0 1 1.4247 0.6667
5 100.9880 121.5908 2 4 4 0 3.2271 1 0 1 1.9720 0.7500
5 68.0811 97.2900 1 1 3 1 3.1159 0 0 0 1.5930 0.6000
5 100.3058 142.8041 2 3 1 0 1.1594 0 0 1 0.9480 0.6667
5 68.9197 110.3770 1 2 1 0 3.6115 0 0 1 1.1712 0.7143
5 81.9811 122.2044 2 4 2 0 1.4316 0 0 1 0.7715 0.7500
5 89.9558 64.8627 3 2 3 0 4.0298 0 0 1 2.7203 0.7778
5 96.1414 112.7962 2 3 3 0 0.9135 1 0 1 1.4323 0.8000
5 126.1289 115.0799 4 3 1 0 1.2272 0 0 1 0.8811 0.8182
5 84.6467 111.4268 1 3 1 0 0.7268 0 0 1 0.9535 0.8333
5 131.2149 122.0328 4 2 1 0 3.9045 0 0 1 1.3932 0.8462
5 129.4991 98.6783 4 4 4 1 2.0033 1 0 1 1.4725 0.8571
5 88.8389 138.9016 2 3 4 0 1.5240 0 0 1 0.9770 0.8667
5 97.6390 74.1439 3 2 2 0 3.8966 1 0 1 0.9761 0.8750
5 85.2607 84.4604 1 4 1 0 1.5512 0 0 1 1.4382 0.8824
5 103.6479 80.3249 3 3 3 1 1.3046 1 0 1 2.2404 0.8889
5 108.7283 146.0765 2 2 2 1 1.7656 1 0 1 1.0810 0.8947
5 103.4926 123.8252 2 3 1 0 0.4271 0 0 1 1.0063 0.9000
5 139.5657 102.7081 4 2 4 0 0.6541 0 0 1 0.8630 0.9048
5 90.5905 64.5018 1 3 3 0 0.8912 1 0 1 0.8969 0.9091
5 64.4745 77.5333 1 4 4 0 1.2777 1 0 1 0.7900 0.9130
5 102.9579 73.3276 3 3 3 1 0.6563 1 0 0 2.1523 0.8750
5 97.4285 121.9249 2 3 1 0 0.5716 0 0 1 0.8090 0.8800
5 78.0756 96.2654 1 2 2 0 1.1400 1 0 0 0.8561 0.8462
5 98.2988 66.6219 3 3 3 1 0.8530 1 0 1 0.6579 0.8519
5 103.8987 52.9844 3 2 1 0 0.1773 0 0 1 0.7020 0.8571
5 74.8396 110.4062 1 4 4 0 2.2068 1 0 1 0.5402 0.8621
5 104.0930 67.8945 3 3 1 1 0.8730 0 0 1 0.8144 0.8667
5 67.2599 96.2754 1 3 2 0 1.4254 0 0 0 0.7958 0.8387
5 96.6668 66.6565 3 3 1 1 0.3668 0 0 1 0.4797 0.8438
5 67.3771 101.2090 1 1 4 1 1.1470 0 0 1 0.7670 0.8485
5 66.1732 98.4152 1 3 2 0 0.9689 0 0 1 1.0325 0.8529
5 63.0102 111.5537 1 3 3 0 1.0171 1 0 1 1.0342 0.8571
5 104.3078 130.6184 2 3 2 0 0.6349 0 0 1 0.7073 0.8611
5 121.3137 98.8788 4 3 4 0 0.1405 0 0 1 0.7038 0.8649
5 105.3690 62.3515 3 3 4 1 0.1362 0 0 1 2.7886 0.8684
5 113.0291 96.0229 4 4 2 1 0.6549 0 0 1 0.8074 0.8718
5 95.6356 122.0070 2 3 2 0 1.0824 0 0 1 0.6765 0.8750
5 110.7191 120.0225 2 2 1 1 0.0525 0 0 1 1.4544 0.8780
5 120.1177 97.7777 4 3 1 0 1.0012 0 0 1 0.7862 0.8810
5 63.8100 110.5574 1 3 2 0 0.6933 0 0 1 1.1104 0.8837
5 140.9303 83.2723 4 2 1 0 0.4323 0 0 1 1.4194 0.8864
5 110.6129 128.7154 2 3 1 0 0.6374 0 0 1 0.8291 0.8889
5 108.8706 89.0201 4 2 1 0 1.8806 0 0 1 1.8546 0.8913
5 97.8579 128.1863 2 3 1 0 0.4355 0 0 1 0.9514 0.8936
5 62.8468 102.1042 1 3 2 0 0.0779 0 0 0 2.2323 0.8750
5 117.2038 70.5478 3 3 1 1 0.5425 0 0 1 0.9640 0.8776
5 49.0672 104.1744 1 3 4 0 0.3080 0 0 0 1.7733 0.8600
5 84.3613 143.2540 2 1 1 0 2.4123 1 0 0 1.3837 0.8431
5 134.8970 112.8241 4 3 3 0 1.1050 1 0 1 2.0211 0.8462
5 65.6183 91.4331 1 3 1 0 0.8146 0 0 1 1.3402 0.8491
5 121.9180 85.3120 4 2 4 0 3.1628 0 0 1 1.4397 0.8519
5 103.3468 81.9164 3 3 1 1 0.7861 0 0 1 1.0778 0.8545
5 117.2242 127.3864 2 4 3 0 1.5592 0 0 1 0.3338 0.8571
5 109.9944 128.7132 2 3 2 0 1.2460 0 0 1 1.3006 0.8596
5 77.3297 102.7611 1 4 4 0 2.2597 1 0 1 0.9144 0.8621
5 67.6983 96.7664 1 3 3 0 0.9357 1 0 1 0.9904 0.8644
5 127.7061 107.1893 4 2 1 0 0.8699 0 0 1 0.2753 0.8667
5 79.3083 92.6669 1 3 4 0 0.4584 0 0 1 1.4458 0.8689
5 106.9555 129.7324 2 3 1 0 0.2170 0 0 1 0.9205 0.8710
5 94.1701 78.6328 3 3 3 1 0.5269 1 0 0 0.9010 0.8571
5 132.9935 87.5063 4 3 1 0 0.4668 0 0 1 1.1446 0.8594
5 70.0570 97.8239 1 3 2 0 0.4530 0 0 1 1.1544 0.8615
5 107.2509 127.7588 2 3 4 0 0.5584 0 0 0 1.3421 0.8485
5 127.5829 95.3633 4 3 4 0 0.9514 0 0 1 0.9196 0.8507
5 108.3587 74.9542 3 3 2 1 0.1660 0 0 1 1.7000 0.8529
5 112.3647 123.1131 2 3 2 0 0.3176 0 0 1 1.1854 0.8551
5 130.4596 86.2393 4 3 1 0 0.1423 0 0 1 1.7086 0.8571
5 87.3270 119.1106 2 3 3 0 0.1745 1 0 1 0.7271 0.8592
5 91.9341 128.1148 2 3 4 0 1.0889 0 0 1 0.5973 0.8611
5 55.9682 101.5119 1 3 4 0 0.1727 0 0 1 1.2106 0.8630
5 90.7604 118.0055 2 3 3 0 0.6721 1 0 0 0.8108 0.8514
5 136.6960 85.7850 4 3 4 0 1.0075 0 0 1 0.7059 0.8533
5 136.8027 115.4470 4 3 2 0 0.0911 0 0 1 1.3035 0.8553
5 116.9347 101.9188 4 3 3 0 0.9360 1 0 1 0.4822 0.8571
5 123.7680 91.1913 4 3 4 0 0.1192 0 0 1 1.4219 0.8590
5 102.7899 116.4195 2 3 4 0 0.1695 0 0 1 1.4573 0.8608
5 126.2764 83.8192 4 3 1 0 1.6059 0 0 1 0.6472 0.8625
5 101.1719 119.2859 2 3 3 0 0.4151 1 0 1 0.5075 0.8642
5 87.4036 103.1563 1 3 1 0 0.7452 0 0 1 1.1091 0.8659
5 80.5136 110.9438 1 3 2 0 0.2172 0 0 1 1.1289 0.8675
5 109.5893 66.1443 3 3 1 1 0.7901 0 0 1 0.6430 0.8690
5 114.2944 103.6657 4 3 3 0 0.2678 1 0 1 0.9597 0.8706
5 68.8092 92.9212 1 3 1 0 0.4408 0 0 1 0.5346 0.8721
5 70.7232 116.5256 1 3 2 0 0.1247 0 0 1 0.5950 0.8736
5 111.2919 71.9448 3 3 4 1 1.0602 0 0 1 0.8247 0.8750
5 93.1776 65.4764 3 3 4 1 0.7667 0 0 1 0.7665 0.8764
5 110.6893 65.7843 3 3 4 1 0.8031 0 0 0 0.7783 0.8667
5 116.0171 54.0204 3 3 4 1 0.2061 0 0 1 0.4969 0.8681
5 110.0655 62.6440 3 3 1 1 0.7351 0 0 1 0.8508 0.8696
5 116.9702 92.0839 4 3 2 0 0.8009 0 0 1 0.4149 0.8710
5 118.2760 134.3861 2 3 2 0 0.5153 0 0 1 0.6741 0.8723
5 103.4128 73.7752 3 3 2 1 0.3248 0 0 1 0.4408 0.8737
5 90.9210 64.4163 3 3 4 1 0.3967 0 0 1 0.4014 0.8750
5 101.3815 73.0170 3 3 3 1 1.3169 1 0 1 0.4953 0.8763
5 125.4987 91.7156 4 3 2 0 0.6847 0 0 1 0.3766 0.8776
5 131.8167 93.1313 4 3 3 0 0.3809 1 0 1 0.4495 0.8788
5 87.6885 64.6841 3 3 4 1 0.1506 0 0 1 0.3915 0.8800
6 86.1985 132.7623 2 3 4 0 1.4302 0 0 0 0.4436 0.8713
6 85.1726 84.3353 1 3 4 0 0.4166 0 0 1 0.5329 0.8725
6 127.3768 98.4144 4 3 4 0 0.4588 0 0 1 0.3703 0.8738
6 128.9701 121.7062 4 3 1 0 0.1732 0 0 1 0.5566 0.8750
6 91.7822 124.1051 2 3 4 0 0.6352 0 0 1 0.3658 0.8762
6 102.3440 113.0387 2 2 4 1 0.8087 0 0 1 0.8485 0.8774
6 127.7091 94.5345 4 3 2 0 0.2231 0 0 1 0.6163 0.8785
6 87.4933 102.6541 1 3 4 0 1.0164 0 0 1 0.8654 0.8796
6 73.1696 85.1931 1 3 4 0 0.5118 0 0 1 0.3450 0.8807
6 95.7107 96.6214 1 3 4 0 0.5950 0 0 1 0.4209 0.8818
6 94.1610 140.3225 2 3 4 0 0.5445 0 0 1 0.3522 0.8829
6 146.6449 104.1139 4 3 3 0 0.4349 1 0 1 0.3923 0.8839
6 77.2926 99.9871 1 3 4 0 0.8360 0 0 1 0.4678 0.8850
6 121.8181 81.1996 4 3 3 0 0.2649 1 0 1 0.4185 0.8860
6 106.3064 69.9625 3 3 1 1 0.3493 0 0 1 0.7861 0.8870
6 97.2248 74.9069 3 3 3 1 0.0945 1 0 1 0.4109 0.8879
6 109.8450 73.7830 3 3 1 1 0.5112 0 0 1 0.6390 0.8889
6 99.1364 69.9712 3 3 3 1 0.3121 1 0 1 0.5320 0.8898
6 99.2808 114.3206 2 3 2 0 0.5703 0 0 1 0.5306 0.8908
6 136.1951 109.8769 4 3 1 0 0.8727 0 0 1 0.5516 0.8917
6 83.0973 99.6898 1 3 4 0 0.6462 0 0 1 0.9289 0.8926
6 122.0819 84.6832 4 3 1 0 0.8247 0 0 1 0.5127 0.8934
6 102.0468 85.1780 3 3 1 1 0.6946 0 0 1 0.5379 0.8943
6 82.0931 84.7054 1 3 1 0 0.5281 0 0 1 0.5990 0.8952
6 103.6137 74.1008 3 3 2 1 0.4310 0 0 1 0.5557 0.8960
6 124.0902 118.9130 4 3 2 0 0.2907 0 0 1 0.7487 0.8968
6 133.5203 113.6583 4 3 4 0 0.4398 0 0 1 0.9964 0.8976
6 88.9110 106.8961 1 3 2 0 1.9345 0 0 1 0.8971 0.8984
6 98.4089 50.5345 3 3 2 1 1.6167 0 0 1 0.5546 0.8992
6 104.9786 107.9879 2 3 1 0 0.5055 0 0 1 0.9528 0.9000
6 76.1449 86.4680 1 3 4 0 0.7364 0 0 0 2.3805 0.8931
6 70.8464 89.2329 1 3 2 0 0.6797 0 0 0 0.6663 0.8864
6 84.2333 137.9453 2 3 3 0 0.6356 1 0 1 0.5182 0.8872
6 63.8999 101.5863 1 3 4 0 0.5559 0 0 1 1.2193 0.8881
6 140.1412 112.9269 4 3 1 0 1.2328 0 0 1 0.7683 0.8889
6 102.5619 50.8807 3 3 2 1 0.4357 0 0 1 0.5131 0.8897
6 114.5281 61.5265 3 3 4 1 0.9593 0 0 1 0.5523 0.8905
6 123.5941 102.7619 4 3 3 0 0.7101 1 0 1 0.6895 0.8913
6 96.4548 124.9745 2 3 1 0 0.7631 0 0 1 0.7904 0.8921
6 105.2905 110.1930 2 3 3 0 0.5299 1 0 1 0.6092 0.8929
6 80.0327 125.0308 2 3 1 0 0.9605 0 0 1 0.6511 0.8936
6 107.1687 132.0388 2 3 2 0 0.5636 0 0 1 1.6836 0.8944
6 124.4760 113.3694 4 3 1 0 0.5167 0 0 1 0.8836 0.8951
6 105.9102 134.8433 2 3 4 0 0.4832 0 0 1 0.8813 0.8958
6 104.4290 118.4309 2 3 3 0 0.8866 1 0 1 0.9029 0.8966
6 79.3883 101.9495 1 3 2 0 0.3658 0 0 1 0.5701 0.8973
6 63.6886 99.3253 1 3 3 0 0.6329 1 0 1 0.6589 0.8980
6 90.7274 115.0446 2 3 3 0 0.8034 1 0 1 0.2569 0.8986
6 81.4458 97.6135 1 3 4 0 0.1614 0 0 1 0.7834 0.8993
6 116.7106 100.2723 4 3 4 0 0.3080 0 0 1 0.5980 0.9000
6 91.9884 65.8295 3 3 3 1 0.6618 1 0 1 0.7440 0.9007
6 94.9933 68.5995 3 3 4 1 0.7385 0 0 1 0.5428 0.9013
6 95.1936 94.8259 3 3 3 1 0.7799 1 0 1 0.6568 0.9020
6 73.5563 72.2028 3 3 2 1 0.4180 0 0 1 1.1503 0.9026
6 94.4599 89.8636 3 3 2 1 0.8126 0 0 1 0.6586 0.9032
6 102.1550 55.7520 3 3 3 1 0.4279 1 0 1 0.4252 0.9038
6 60.3511 114.3077 1 3 3 0 0.4616 1 0 0 0.6117 0.8981
6 103.3200 134.0606 2 3 3 0 1.9728 1 0 1 0.7826 0.8987
6 138.1050 78.6352 4 3 2 0 0.4036 0 0 1 2.3195 0.8994
6 96.2220 119.3550 2 3 2 0 1.4255 0 0 0 0.4546 0.8938
6 84.0640 104.1338 1 3 1 0 0.2116 0 0 1 1.9395 0.8944
6 144.1202 106.3873 4 3 4 0 0.4448 0 0 1 0.5706 0.8951
6 75.6848 119.7178 1 3 2 0 1.5623 0 0 1 0.5376 0.8957
6 113.1897 81.5377 4 3 4 0 0.6412 0 0 1 3.0195 0.8963
6 137.4330 97.0950 4 3 4 0 0.1334 0 0 1 0.5633 0.8970
6 124.5032 100.2541 4 3 2 0 0.6265 0 0 1 0.9961 0.8976
6 88.7273 138.5179 2 3 4 0 0.5095 0 0 1 2.3484 0.8982
6 94.4813 130.1834 2 3 2 0 0.2461 0 0 1 0.2070 0.8988
6 102.0303 55.2700 3 3 4 1 1.4225 0 0 1 0.6023 0.8994
6 60.5538 97.4907 1 3 1 0 0.4188 0 0 1 0.5602 0.9000
6 81.3666 54.0435 3 3 1 1 0.1351 0 0 1 1.1255 0.9006
6 111.7206 105.1756 4 3 1 0 0.2102 0 0 0 0.4653 0.8953
6 61.1240 86.3064 1 3 3 0 0.1005 1 0 1 0.8322 0.8960
6 95.0595 146.4255 2 3 1 0 0.3254 0 0 1 0.8398 0.8966
6 129.6425 91.9746 4 3 1 0 1.2219 0 0 1 0.6049 0.8971
6 132.4728 91.2742 4 3 3 0 0.1730 1 0 1 2.2932 0.8977
6 108.8770 124.8040 2 3 4 0 0.3752 0 0 1 2.7951 0.8983
6 100.6883 64.5680 3 3 2 1 0.4161 0 0 1 1.1251 0.8989
6 98.2208 65.4573 3 3 1 1 0.6823 0 0 1 0.9256 0.8994
6 67.5129 120.7204 1 3 3 0 0.9168 1 0 1 0.4383 0.9000
6 88.5654 90.1056 1 3 2 0 0.8014 0 0 1 0.8007 0.9006
6 102.1152 59.2238 3 3 2 1 0.5267 0 0 1 0.5427 0.9011
6 98.0313 85.9155 3 3 1 1 0.6125 0 0 1 0.5748 0.9016
6 113.3018 55.9921 3 3 2 1 0.4301 0 0 1 0.9075 0.9022
6 87.6377 87.8999 1 3 4 0 0.4902 0 0 1 0.9289 0.9027
6 120.7779 94.1121 4 3 1 0 0.3597 0 0 1 1.1872 0.9032
6 64.1784 95.8536 1 3 2 0 2.0561 0 0 1 2.0117 0.9037
6 154.9917 97.4097 4 3 2 0 1.9325 0 0 1 1.8138 0.9043
6 130.1129 92.5924 4 3 3 0 0.6979 1 0 1 1.5497 0.9048
6 96.8514 93.5220 1 3 1 0 1.0454 0 0 1 0.4098 0.9053
6 95.0812 129.7580 2 3 4 0 1.1094 0 0 1 0.5953 0.9058
6 87.3135 64.0285 3 3 1 1 0.9466 0 0 1 0.7797 0.9063
6 90.9948 70.2116 3 3 4 1 0.7280 0 0 1 0.7010 0.9067
6 103.5026 142.9016 2 3 1 0 0.6793 0 0 1 1.4344 0.9072
6 91.6975 118.6216 2 3 4 0 0.7026 0 0 1 2.3861 0.9077
6 116.8181 91.3350 3 3 3 1 1.7245 1 0 1 1.7923 0.9082
6 78.5336 135.8575 2 3 3 0 1.2532 1 0 1 1.0542 0.9086
6 139.8791 103.1183 4 3 1 0 1.1049 0 0 1 0.8634 0.9091
6 87.9524 84.3511 1 3 4 0 0.9258 0 0 1 0.8312 0.9095
6 96.9975 144.9041 2 3 2 0 1.0373 0 0 1 0.7129 0.9100
7 97.3704 74.7911 3 3 1 1 1.6540 0 0 1 0.7036 0.9104
7 75.8619 108.5506 1 3 2 0 1.0980 0 0 1 0.5118 0.9109
7 90.9880 115.6455 2 3 3 0 1.3973 1 0 0 0.9612 0.9064
7 107.4892 144.6437 2 3 2 0 0.8091 0 0 1 0.4707 0.9069
7 77.0563 105.1720 1 3 1 0 0.9391 0 0 1 0.7641 0.9073
7 107.7094 136.7320 2 3 1 0 0.4079 0 0 1 0.9158 0.9078
7 83.6900 97.7592 1 3 3 0 0.2757 1 0 1 0.4134 0.9082
7 92.0560 65.2067 3 3 4 1 0.9610 0 0 1 0.4976 0.9087
7 57.9441 87.1006 1 3 4 0 0.0867 0 0 1 0.5319 0.9091
7 105.6702 73.1600 3 3 3 1 0.8257 1 0 1 0.8728 0.9095
7 89.6707 66.7162 3 3 3 1 0.5037 1 0 1 0.3985 0.9100
7 131.9209 123.1288 4 3 1 0 0.1533 0 0 1 0.6008 0.9104
7 103.7433 91.3476 4 3 2 0 0.7049 0 0 1 0.6290 0.9108
7 122.1670 87.2851 4 3 3 0 0.7418 1 0 1 0.7139 0.9112
7 103.3680 147.2061 2 3 1 0 1.1806 0 0 1 0.7069 0.9116
7 100.1946 133.4809 2 3 4 0 0.4768 0 0 1 0.4514 0.9120
7 136.0329 94.3559 4 3 3 0 0.3192 1 0 1 0.4196 0.9124
7 87.5448 133.7851 2 3 2 0 0.4628 0 0 1 0.5959 0.9128
7 94.8067 71.0829 3 3 2 1 0.4507 0 0 0 1.6653 0.9087
7 133.6930 86.1741 4 3 1 0 0.2101 0 0 1 0.7947 0.9091
7 76.5790 100.0855 1 3 2 0 0.4068 0 0 1 1.1316 0.9095
7 104.6776 56.5007 3 3 4 1 0.2326 0 0 1 1.0976 0.9099
7 92.5923 132.0602 2 3 1 0 0.1904 0 0 1 0.5986 0.9103
7 74.4528 101.6761 1 3 1 0 0.0066 0 0 1 0.8499 0.9107
7 105.5005 79.1120 3 3 2 1 1.9676 0 0 1 0.7206 0.9111
7 116.6820 143.1406 2 3 4 0 0.1782 0 0 1 0.9201 0.9115
7 102.1490 115.6918 4 3 2 0 0.0793 0 0 1 0.9393 0.9119
7 73.6712 95.8782 1 3 1 0 0.0504 0 0 1 0.8850 0.9123
7 70.7976 95.5266 1 3 2 0 1.1239 0 0 1 0.7275 0.9127
7 107.3234 140.2796 2 3 3 0 0.7854 1 0 1 1.0860 0.9130
7 142.5410 96.0239 4 3 4 0 0.0572 0 0 1 0.8209 0.9134
7 98.9164 142.1705 2 3 2 0 0.1869 0 0 1 1.0417 0.9138
7 137.0168 95.2159 4 3 1 0 0.1402 0 0 1 1.0018 0.9142
7 100.4535 75.4099 3 3 1 1 0.0669 0 0 1 0.8876 0.9145
7 131.2836 106.8547 4 3 4 0 0.2613 0 0 1 0.6305 0.9149
7 92.7225 150.3744 2 3 3 0 0.3346 1 0 1 0.5694 0.9153
7 124.4834 113.4982 4 3 2 0 0.0564 0 0 1 0.7731 0.9156
7 93.3562 125.6489 2 3 1 0 0.0478 0 0 1 0.6438 0.9160
7 82.4519 94.3090 1 3 4 0 0.5971 0 0 1 0.8536 0.9163
7 108.8308 89.4585 3 3 4 1 0.0988 0 0 1 0.6887 0.9167
7 124.2482 90.8835 4 3 2 0 0.0747 0 0 1 0.7297 0.9170
7 64.7926 86.6726 1 3 4 0 0.6291 0 0 1 1.0858 0.9174
7 90.9566 126.3451 2 3 1 0 0.0266 0 0 1 0.5583 0.9177
7 104.7057 119.4283 2 3 3 0 0.0216 1 0 0 0.6991 0.9139
7 129.0227 91.0200 4 3 4 0 0.1483 0 0 1 0.6849 0.9143
7 74.2789 93.9803 1 3 3 0 0.0697 1 0 1 0.6345 0.9146
7 118.3336 94.6428 4 3 2 0 0.0345 0 0 1 1.1745 0.9150
7 104.7658 137.1957 2 3 2 0 1.0662 0 0 1 0.7419 0.9153
7 106.5451 94.5860 4 3 4 0 0.1370 0 0 1 0.4556 0.9157
7 70.5587 113.6624 1 3 4 0 0.0359 0 0 1 0.5924 0.9160
7 117.5010 78.0190 3 3 3 1 0.5143 1 0 0 0.0000 0.9160
7 95.7718 76.3855 3 3 3 1 4.8816 1 0 0 0.0000 0.9160
7 64.2303 102.6138 1 3 3 0 0.7624 1 0 0 0.0000 0.9160
7 56.5795 97.8917 1 3 4 0 0.6322 0 0 0 0.0000 0.9160
7 98.4734 67.9758 3 2 2 0 0.4916 1 0 0 0.0000 0.9160
7 99.5780 137.4124 2 1 4 0 0.9786 0 0 0 0.0000 0.9160
7 69.8536 99.2167 1 4 3 0 0.5895 0 0 0 0.0000 0.9160
7 92.5878 154.2830 2 3 1 0 0.4082 0 0 0 0.0000 0.9160
7 75.2274 96.2135 1 2 2 0 0.8069 1 0 0 0.0000 0.9160
7 93.0651 64.7039 3 1 1 0 0.3475 1 0 0 0.0000 0.9160
7 140.2754 107.0743 4 4 3 1 0.3674 0 0 0 0.0000 0.9160
7 128.0954 100.7774 4 3 3 0 0.0686 1 0 0 0.0000 0.9160
7 134.6237 92.0509 4 2 1 0 0.3725 0 0 0 0.0000 0.9160
7 113.3941 91.5610 4 1 3 0 0.4027 0 0 0 0.0000 0.9160
7 143.6140 95.9601 4 4 3 1 0.1201 0 0 0 0.0000 0.9160
7 106.9334 125.3360 2 2 4 1 1.4659 0 0 0 0.0000 0.9160
7 101.6947 71.4132 3 1 2 0 3.5868 0 0 0 0.0000 0.9160
7 85.6290 129.7241 2 4 4 0 0.2770 1 0 0 0.0000 0.9160
7 108.6715 117.6680 2 3 2 0 0.6800 0 0 0 0.0000 0.9160
7 64.8654 97.4523 1 2 4 0 0.5481 0 0 0 0.0000 0.9160
7 90.9195 50.3999 3 2 2 0 0.2785 1 0 0 0.0000 0.9160
7 95.9689 62.9362 3 2 2 0 0.4810 1 0 0 0.0000 0.9160
7 125.7579 107.7674 4 3 2 0 0.6015 0 0 0 0.0000 0.9160
7 122.5304 84.5825 4 3 2 0 0.4057 0 0 0 0.0000 0.9160
7 105.8389 59.3266 3 2 3 0 0.3331 0 0 0 0.0000 0.9160
7 67.0568 102.8144 1 4 3 0 0.3454 0 0 0 0.0000 0.9160
7 89.4633 121.3259 2 4 3 0 0.4011 0 0 0 0.0000 0.9160
7 77.6529 103.1860 1 3 2 0 0.2314 0 0 0 0.0000 0.9160
7 91.6309 131.5931 2 2 4 1 0.1307 0 0 0 0.0000 0.9160
7 119.7145 97.1257 4 4 3 1 0.5472 0 0 0 0.0000 0.9160
7 123.3151 82.9203 3 3 4 1 0.2852 0 0 0 0.0000 0.9160
7 80.5237 83.7751 3 1 1 0 0.6562 1 0 0 0.0000 0.9160
7 80.6127 64.8003 3 1 3 0 0.9243 0 0 0 0.0000 0.9160
7 96.4913 75.5477 3 3 2 1 0.4466 0 0 0 0.0000 0.9160
7 147.2658 83.1370 4 2 3 0 0.3095 0 0 0 0.0000 0.9160
7 116.1249 104.1484 4 4 3 1 0.3158 0 0 0 0.0000 0.9160
7 103.4156 75.8864 3 1 4 0 0.5159 0 0 0 0.0000 0.9160
7 105.9622 87.7261 3 3 3 1 0.1167 1 0 0 0.0000 0.9160
7 98.1793 69.0923 3 2 4 0 0.1371 0 0 0 0.0000 0.9160
7 87.1385 149.7429 2 1 4 0 0.3529 0 0 0 0.0000 0.9160
7 103.2945 76.8177 3 4 1 0 0.0467 0 0 0 0.0000 0.9160
7 69.1136 108.5233 1 3 4 0 0.1583 0 0 0 0.0000 0.9160
7 81.1348 85.8898 1 2 3 0 0.5113 0 0 0 0.0000 0.9160
7 85.6570 87.3307 1 1 3 1 0.6168 0 0 0 0.0000 0.9160
7 91.8763 91.1651 1 4 3 0 1.2516 0 0 0 0.0000 0.9160
7 58.4333 101.9441 1 1 2 1 0.5050 0 0 0 0.0000 0.9160
7 109.0777 102.4331 4 3 2 0 0.4911 0 0 0 0.0000 0.9160
7 113.6511 134.4659 2 2 1 1 0.3083 0 0 0 0.0000 0.9160
7 79.9215 80.1434 1 4 2 0 0.0817 0 0 0 0.0000 0.9160
7 94.8763 128.9719 2 1 3 0 0.3799 0 0 0 0.0000 0.9160
8 125.3602 108.8345 4 2 0 0 1.6627 0 1 0 0.0000 0.9160
8 124.1812 129.4869 4 3 0 0 0.3412 0 1 0 0.0000 0.9160
8 95.8491 76.6500 3 4 0 0 1.8111 0 1 0 0.0000 0.9160
8 64.8705 105.0281 1 4 0 0 0.6019 0 1 0 0.0000 0.9160
8 72.1357 96.4958 1 4 0 0 0.7966 0 1 0 0.0000 0.9160
8 103.7936 74.4077 3 4 0 0 1.0286 0 1 0 0.0000 0.9160
8 74.0738 99.6458 1 4 0 0 0.8048 0 1 0 0.0000 0.9160
8 69.9645 86.5683 1 3 0 0 0.4616 0 1 0 0.0000 0.9160
8 55.6794 110.5232 1 2 0 0 0.1579 0 1 0 0.0000 0.9160
8 93.6008 125.3017 2 4 0 0 1.8645 0 1 0 0.0000 0.9160
8 116.7455 95.2483 4 2 0 0 0.4196 0 1 0 0.0000 0.9160
8 107.4212 77.5781 3 3 0 1 0.3461 1 1 0 0.0000 0.9160
8 64.6998 97.2169 1 3 0 0 0.4621 0 1 0 0.0000 0.9160
8 136.3717 93.2697 4 3 0 0 4.8486 0 1 0 0.0000 0.9160
8 94.4080 49.6970 3 2 0 0 0.4176 0 1 0 0.0000 0.9160
8 125.0165 87.0374 4 1 0 0 0.4647 0 1 0 0.0000 0.9160
8 128.0394 100.6980 4 4 0 1 0.4712 1 1 0 0.0000 0.9160
8 42.7977 98.7857 1 4 0 0 0.0873 0 1 0 0.0000 0.9160
8 97.1936 128.5897 2 3 0 0 4.5660 0 1 0 0.0000 0.9160
8 98.1891 128.3366 2 2 0 1 0.1128 1 1 0 0.0000 0.9160
8 106.6255 68.2164 3 2 0 0 0.0114 0 1 0 0.0000 0.9160
8 135.3313 94.3023 4 1 0 0 0.0890 0 1 0 0.0000 0.9160
8 103.5760 77.8437 3 4 0 0 0.0313 0 1 0 0.0000 0.9160
8 101.1555 128.3788 2 3 0 0 0.1578 0 1 0 0.0000 0.9160
8 146.5705 88.5627 4 1 0 0 2.8121 0 1 0 0.0000 0.9160
8 122.1147 103.2817 4 4 0 1 0.1001 1 1 0 0.0000 0.9160
8 143.8585 102.7132 4 3 0 0 0.0344 0 1 0 0.0000 0.9160
8 99.2293 138.8234 2 2 0 1 0.0709 1 1 0 0.0000 0.9160
8 128.3816 97.9748 4 1 0 0 0.0216 0 1 0 0.0000 0.9160
8 110.4528 128.4331 2 4 0 0 0.3462 0 1 0 0.0000 0.9160
8 69.5087 113.4943 1 3 0 0 0.5261 0 1 0 0.0000 0.9160
8 103.5842 78.5183 3 2 0 0 1.6081 0 1 0 0.0000 0.9160
8 106.4592 68.8722 3 4 0 0 0.4782 0 1 0 0.0000 0.9160
8 80.1687 102.4136 1 3 0 0 0.1343 0 1 0 0.0000 0.9160
8 99.8686 69.5788 3 2 0 0 0.1330 0 1 0 0.0000 0.9160
8 126.1796 107.6207 4 1 0 0 0.4467 0 1 0 0.0000 0.9160
8 103.0292 121.9929 2 2 0 1 0.6789 1 1 0 0.0000 0.9160
8 107.8462 71.1292 3 3 0 1 0.3148 1 1 0 0.0000 0.9160
8 114.0655 154.3119 2 4 0 0 0.1979 0 1 0 0.0000 0.9160
8 115.0339 82.6380 3 3 0 1 0.3037 1 1 0 0.0000 0.9160
8 119.7651 117.6533 2 2 0 1 0.7000 1 1 0 0.0000 0.9160
8 132.4578 93.5496 4 3 0 0 0.4357 0 1 0 0.0000 0.9160
8 101.5083 136.7463 2 2 0 1 0.3082 1 1 0 0.0000 0.9160
8 107.3375 146.0332 2 3 0 0 2.5068 0 1 0 0.0000 0.9160
8 117.0446 134.5159 2 4 0 0 2.1424 0 1 0 0.0000 0.9160
8 106.8346 93.8795 4 3 0 0 0.8324 0 1 0 0.0000 0.9160
8 118.1874 104.7384 4 3 0 0 1.8978 0 1 0 0.0000 0.9160
8 115.8688 77.2415 3 4 0 0 0.9800 0 1 0 0.0000 0.9160
8 126.1778 99.7698 4 3 0 0 0.1757 0 1 0 0.0000 0.9160
8 98.8722 73.9907 3 3 0 1 0.1817 1 1 0 0.0000 0.9160
8 71.0004 111.1560 1 2 0 0 0.3638 0 1 0 0.0000 0.9160
8 107.7596 101.6084 4 4 0 1 0.6222 1 1 0 0.0000 0.9160
8 116.9842 121.0366 4 4 0 1 0.6626 1 1 0 0.0000 0.9160
8 100.5722 59.0357 3 1 0 0 0.6677 0 1 0 0.0000 0.9160
8 99.8400 81.4098 3 4 0 0 0.3364 0 1 0 0.0000 0.9160
8 135.3254 107.9271 4 1 0 0 0.3826 0 1 0 0.0000 0.9160
8 121.1033 94.5771 4 4 0 1 0.2284 1 1 0 0.0000 0.9160
8 114.5423 65.2524 3 4 0 0 0.2126 0 1 0 0.0000 0.9160
8 94.1668 86.3556 3 4 0 0 2.2387 0 1 0 0.0000 0.9160
8 77.9959 133.3717 2 1 0 0 0.3597 0 1 0 0.0000 0.9160
8 76.1655 80.2105 1 4 0 0 0.5088 0 1 0 0.0000 0.9160
8 76.4013 95.2955 1 1 0 1 0.3245 1 1 0 0.0000 0.9160
8 77.9282 100.4959 1 4 0 0 3.1944 0 1 0 0.0000 0.9160
8 111.5165 115.1448 2 4 0 0 2.0399 0 1 0 0.0000 0.9160
8 89.2490 78.6219 3 1 0 0 0.0878 0 1 0 0.0000 0.9160
8 98.4903 82.6266 3 4 0 0 0.0545 0 1 0 0.0000 0.9160
8 131.9336 115.7457 4 1 0 0 0.3623 0 1 0 0.0000 0.9160
8 129.3278 121.8224 4 4 0 1 0.4386 1 1 0 0.0000 0.9160
8 95.5324 124.7046 2 1 0 0 0.0102 0 1 0 0.0000 0.9160
8 71.9726 116.2312 1 3 0 0 2.5442 0 1 0 0.0000 0.9160
8 98.0288 118.9963 2 4 0 0 3.8950 0 1 0 0.0000 0.9160
8 89.6134 63.6083 3 2 0 0 0.0234 0 1 0 0.0000 0.9160
8 101.5874 128.6738 2 2 0 1 0.1137 1 1 0 0.0000 0.9160
8 63.4951 112.7103 1 2 0 0 0.0145 0 1 0 0.0000 0.9160
8 72.9761 91.8513 1 2 0 0 0.0648 0 1 0 0.0000 0.9160
8 93.4160 96.6826 1 2 0 0 0.3191 0 1 0 0.0000 0.9160
8 73.2713 112.1859 1 2 0 0 0.0853 0 1 0 0.0000 0.9160
8 80.1447 103.8121 1 2 0 0 0.1387 0 1 0 0.0000 0.9160
8 101.8316 65.4209 3 2 0 0 0.0416 0 1 0 0.0000 0.9160
8 52.2791 89.7587 1 2 0 0 0.2073 0 1 0 0.0000 0.9160
8 124.8673 94.9131 4 1 0 0 0.2079 0 1 0 0.0000 0.9160
8 107.9754 122.2757 2 1 0 0 0.2893 0 1 0 0.0000 0.9160
8 65.4832 111.9926 1 4 0 0 0.3562 0 1 0 0.0000 0.9160
8 68.4902 100.3769 1 4 0 0 0.4393 0 1 0 0.0000 0.9160
8 109.4130 86.6045 3 4 0 0 0.4445 0 1 0 0.0000 0.9160
8 70.1847 112.6640 1 4 0 0 0.1067 0 1 0 0.0000 0.9160
8 103.7841 117.2437 2 4 0 0 0.9047 0 1 0 0.0000 0.9160
8 129.5553 104.7185 4 1 0 0 0.0841 0 1 0 0.0000 0.9160
8 114.1970 77.1463 3 4 0 0 0.2511 0 1 0 0.0000 0.9160
8 99.5317 110.2907 2 4 0 0 0.1028 0 1 0 0.0000 0.9160
8 99.8924 122.9074 2 1 0 0 0.1155 0 1 0 0.0000 0.9160
8 105.3632 117.7025 2 1 0 0 0.2983 0 1 0 0.0000 0.9160
8 77.5715 109.9897 1 1 0 1 0.7670 1 1 0 0.0000 0.9160
8 82.9756 154.2510 2 4 0 0 2.0952 0 1 0 0.0000 0.9160
8 101.9270 124.9169 2 4 0 0 0.0547 0 1 0 0.0000 0.9160
8 86.0869 61.6301 3 1 0 0 0.5407 0 1 0 0.0000 0.9160
8 127.9187 108.3813 4 4 0 1 0.0312 1 1 0 0.0000 0.9160
8 101.1053 71.3264 3 4 0 0 0.2515 0 1 0 0.0000 0.9160
8 105.3890 122.3535 2 4 0 0 0.2524 0 1 0 0.0000 0.9160
8 71.0679 87.6457 1 4 0 0 0.0455 0 1 0 0.0000 0.9160
9 78.1565 106.1586 1 3 0 0 0.7268 0 1 0 0.0000 0.9160
9 107.8802 133.4480 2 2 0 1 1.6288 1 1 0 0.0000 0.9160
9 66.1666 70.6993 1 1 0 1 0.3000 1 1 0 0.0000 0.9160
9 78.0881 134.8433 2 4 0 0 0.4560 0 1 0 0.0000 0.9160
9 75.5032 120.2016 1 3 0 0 2.4619 0 1 0 0.0000 0.9160
9 102.9168 122.0853 2 2 0 1 0.0688 1 1 0 0.0000 0.9160
9 104.8871 113.3817 2 2 0 1 0.1472 1 1 0 0.0000 0.9160
9 66.9476 106.2204 1 2 0 0 2.2987 0 1 0 0.0000 0.9160
9 82.9178 60.6965 3 2 0 0 1.6478 0 1 0 0.0000 0.9160
9 88.9518 121.9229 2 2 0 1 1.0669 1 1 0 0.0000 0.9160
9 88.5755 154.7110 2 2 0 1 1.0187 1 1 0 0.0000 0.9160
9 108.7611 66.5369 3 2 0 0 0.4968 0 1 0 0.0000 0.9160
9 140.8232 100.9438 4 2 0 0 0.2267 0 1 0 0.0000 0.9160
9 111.4199 105.7905 4 2 0 0 1.6870 0 1 0 0.0000 0.9160
9 78.1628 109.6438 1 2 0 0 0.0124 0 1 0 0.0000 0.9160
9 63.4817 91.5669 1 2 0 0 0.7560 0 1 0 0.0000 0.9160
9 69.6821 91.3549 1 2 0 0 0.6903 0 1 0 0.0000 0.9160
9 75.9152 124.9741 1 2 0 0 0.8321 0 1 0 0.0000 0.9160
9 97.7604 139.6673 2 2 0 1 0.3568 1 1 0 0.0000 0.9160
9 123.5975 102.7674 4 2 0 0 0.7769 0 1 0 0.0000 0.9160
9 99.0396 118.4244 2 2 0 1 8.6030 1 1 0 0.0000 0.9160
9 122.3346 91.6734 4 2 0 0 3.3413 0 1 0 0.0000 0.9160
9 142.5256 91.5844 4 4 0 1 0.7365 1 1 0 0.0000 0.9160
9 82.2037 101.0427 1 4 0 0 0.2847 0 1 0 0.0000 0.9160
9 64.4410 99.6203 1 3 0 0 0.3899 0 1 0 0.0000 0.9160
9 106.2040 62.1277 3 2 0 0 0.6095 0 1 0 0.0000 0.9160
9 136.5479 103.7805 4 4 0 1 0.8678 1 1 0 0.0000 0.9160
9 101.4667 116.3394 2 3 0 0 1.1714 0 1 0 0.0000 0.9160
9 74.1195 99.1445 1 2 0 0 0.5782 0 1 0 0.0000 0.9160
9 108.4486 68.6553 3 1 0 0 0.4102 0 1 0 0.0000 0.9160
9 100.2864 72.4270 3 2 0 0 2.7661 0 1 0 0.0000 0.9160
9 86.3858 114.7453 1 1 0 1 0.1636 1 1 0 0.0000 0.9160
9 94.2845 48.6109 3 3 0 1 0.1211 1 1 0 0.0000 0.9160
9 98.2451 120.4918 2 4 0 0 0.2855 0 1 0 0.0000 0.9160
9 100.2872 72.8516 3 2 0 0 0.3827 0 1 0 0.0000 0.9160
9 137.0804 110.1187 4 1 0 0 0.2902 0 1 0 0.0000 0.9160
9 84.9137 90.1487 3 3 0 1 0.1068 1 1 0 0.0000 0.9160
9 97.6917 64.1212 3 4 0 0 0.0147 0 1 0 0.0000 0.9160
9 99.7772 123.8030 2 2 0 1 0.2092 1 1 0 0.0000 0.9160
9 129.4118 107.4261 4 3 0 0 1.8727 0 1 0 0.0000 0.9160
9 104.7419 95.8541 4 4 0 1 0.0715 1 1 0 0.0000 0.9160
9 137.3462 113.9915 4 2 0 0 0.7952 0 1 0 0.0000 0.9160
9 101.9040 83.9635 3 1 0 0 0.5288 0 1 0 0.0000 0.9160
9 88.1528 75.4018 3 3 0 1 0.5905 1 1 0 0.0000 0.9160
9 95.0387 77.2566 3 4 0 0 0.3040 0 1 0 0.0000 0.9160
9 92.5239 112.3685 2 2 0 1 0.2421 1 1 0 0.0000 0.9160
9 66.6809 92.0205 1 1 0 1 0.9784 1 1 0 0.0000 0.9160
9 107.4919 124.2660 2 3 0 0 0.6998 0 1 0 0.0000 0.9160
9 130.3035 108.1081 4 4 0 1 0.5914 1 1 0 0.0000 0.9160
9 136.6643 105.0332 4 2 0 0 0.4799 0 1 0 0.0000 0.9160
