1 75.2274 96.2135 1 1 0 1 2.7632 1 1 0 0.0000 0.0000
1 110.4730 86.6673 3 2 0 0 1.0164 0 1 0 0.0000 0.0000
1 94.1668 86.3556 3 3 0 1 1.1255 1 1 0 0.0000 0.0000
1 100.4068 124.7725 2 3 0 0 0.1571 0 1 0 0.0000 0.0000
1 103.8987 52.9844 3 3 0 1 0.0790 1 1 0 0.0000 0.0000
1 134.8970 112.8241 4 1 0 0 1.5318 0 1 0 0.0000 0.0000
1 97.1936 128.5897 2 2 0 1 2.6569 1 1 0 0.0000 0.0000
1 131.4001 98.8049 4 3 0 0 0.3137 0 1 0 0.0000 0.0000
1 119.7145 97.1257 4 1 0 0 1.0792 0 1 0 0.0000 0.0000
1 128.3816 97.9748 4 2 0 0 0.9855 0 1 0 0.0000 0.0000
1 101.3815 73.0170 3 3 0 1 0.1102 1 1 0 0.0000 0.0000
1 113.3018 55.9921 3 2 0 0 4.2040 0 1 0 0.0000 0.0000
1 79.9215 80.1434 1 1 0 1 1.4382 1 1 0 0.0000 0.0000
1 142.5256 91.5844 4 1 0 0 1.0163 0 1 0 0.0000 0.0000
1 94.9339 58.1167 3 2 0 0 1.4539 0 1 0 0.0000 0.0000
1 64.7903 77.3709 1 1 0 1 1.3445 1 1 0 0.0000 0.0000
1 75.8624 81.3255 1 1 0 1 1.8758 1 1 0 0.0000 0.0000
1 116.4688 89.7162 4 1 0 0 1.7038 0 1 0 0.0000 0.0000
1 102.1550 55.7520 3 2 0 0 0.8600 0 1 0 0.0000 0.0000
1 94.5580 127.3204 2 1 0 0 1.6569 0 1 0 0.0000 0.0000
1 105.5620 113.2681 2 2 0 1 0.8757 1 1 0 0.0000 0.0000
1 86.3785 114.4504 1 2 0 0 2.8756 0 1 0 0.0000 0.0000
1 63.8999 101.5863 1 1 0 1 1.1257 1 1 0 0.0000 0.0000
1 126.4884 92.9181 4 2 0 0 1.2040 0 1 0 0.0000 0.0000
1 63.6398 102.4741 1 1 0 1 1.7975 1 1 0 0.0000 0.0000
1 118.1874 104.7384 4 2 0 0 0.9227 0 1 0 0.0000 0.0000
1 113.2000 100.1867 4 3 0 0 0.7043 0 1 0 0.0000 0.0000
1 63.6886 99.3253 1 1 0 1 2.5006 1 1 0 0.0000 0.0000
1 103.4128 73.7752 3 4 0 0 1.6881 0 1 0 0.0000 0.0000
1 109.0160 110.1222 4 2 0 0 1.2350 0 1 0 0.0000 0.0000
1 94.5967 82.4114 3 1 0 0 2.2194 0 1 0 0.0000 0.0000
1 109.2990 94.7243 4 4 0 1 1.3446 1 1 0 0.0000 0.0000
1 110.6129 128.7154 2 4 0 0 0.7194 0 1 0 0.0000 0.0000
1 84.9633 129.4892 2 4 0 0 1.6101 0 1 0 0.0000 0.0000
1 93.3562 125.6489 2 2 0 1 1.0321 1 1 0 0.0000 0.0000
1 132.6607 101.5893 4 4 0 1 1.0318 1 1 0 0.0000 0.0000
1 100.1202 137.3844 2 2 0 1 1.1257 1 1 0 0.0000 0.0000
1 77.3297 102.7611 1 1 0 1 1.2509 1 1 0 0.0000 0.0000
1 103.5026 142.9016 2 2 0 1 1.2507 1 1 0 0.0000 0.0000
1 80.1687 102.4136 1 3 0 0 3.5791 0 1 0 0.0000 0.0000
1 69.5087 113.4943 1 1 0 1 0.9539 1 1 0 0.0000 0.0000
1 97.4285 121.9249 2 2 0 1 1.2665 1 1 0 0.0000 0.0000
1 91.9341 128.1148 2 2 0 1 0.9852 1 1 0 0.0000 0.0000
1 70.8464 89.2329 1 4 0 0 1.3444 0 1 0 0.0000 0.0000
1 124.0074 108.1929 4 4 0 1 0.9071 1 1 0 0.0000 0.0000
1 102.9168 122.0853 2 2 0 1 1.1102 1 1 0 0.0000 0.0000
1 107.9136 64.3814 3 4 0 0 1.4069 0 1 0 0.0000 0.0000
1 111.2919 71.9448 3 2 0 0 1.8445 0 1 0 0.0000 0.0000
1 79.3883 101.9495 1 2 0 0 0.7195 0 1 0 0.0000 0.0000
1 109.4239 76.8451 3 4 0 0 0.6256 0 1 0 0.0000 0.0000
1 71.0679 87.6457 1 2 0 0 1.0312 0 1 0 0.0000 0.0000
1 57.3956 106.8825 1 1 0 1 0.6259 1 1 0 0.0000 0.0000
1 86.1985 132.7623 2 3 0 0 1.7975 0 1 0 0.0000 0.0000
1 92.9046 122.1020 2 2 0 1 1.1412 1 1 0 0.0000 0.0000
1 107.3234 140.2796 2 4 0 0 2.1101 0 1 0 0.0000 0.0000
1 100.1946 133.4809 2 3 0 0 1.2350 0 1 0 0.0000 0.0000
1 84.6467 111.4268 1 2 0 0 1.1726 0 1 0 0.0000 0.0000
1 121.8793 109.9178 4 4 0 1 1.2657 1 1 0 0.0000 0.0000
1 114.5281 61.5265 3 4 0 0 1.4069 0 1 0 0.0000 0.0000
1 103.8216 160.6784 2 3 0 0 1.6415 0 1 0 0.0000 0.0000
1 101.6947 71.4132 3 2 0 0 1.1100 0 1 0 0.0000 0.0000
1 126.1796 107.6207 4 4 0 1 2.5943 1 1 0 0.0000 0.0000
1 98.5767 125.9519 2 2 0 1 5.7975 1 1 0 0.0000 0.0000
1 75.9152 124.9741 1 2 0 0 1.0476 0 1 0 0.0000 0.0000
1 129.5553 104.7185 4 4 0 1 0.7819 1 1 0 0.0000 0.0000
1 124.8026 92.4396 4 4 0 1 0.8133 1 1 0 0.0000 0.0000
1 96.0948 76.7071 3 2 0 0 1.1102 0 1 0 0.0000 0.0000
1 75.6848 119.7178 1 1 0 1 1.5632 1 1 0 0.0000 0.0000
1 80.4441 103.3211 1 1 0 1 1.0167 1 1 0 0.0000 0.0000
1 87.3606 68.2106 3 1 0 0 1.0477 0 1 0 0.0000 0.0000
1 68.5902 111.2368 1 1 0 1 1.3291 1 1 0 0.0000 0.0000
1 71.7453 107.3721 1 1 0 1 0.7194 1 1 0 0.0000 0.0000
1 111.1157 67.1623 3 2 0 0 2.0320 0 1 0 0.0000 0.0000
1 116.6119 107.6445 4 4 0 1 0.6100 1 1 0 0.0000 0.0000
1 66.1732 98.4152 1 1 0 1 1.1100 1 1 0 0.0000 0.0000
1 122.8224 101.7694 4 4 0 1 1.0322 1 1 0 0.0000 0.0000
1 96.0057 70.3104 3 2 0 0 1.5009 0 1 0 0.0000 0.0000
1 124.6191 98.2480 4 4 0 1 0.7350 1 1 0 0.0000 0.0000
1 128.9701 121.7062 4 4 0 1 0.9225 1 1 0 0.0000 0.0000
1 94.8941 72.0194 3 3 0 1 1.5165 1 1 0 0.0000 0.0000
1 94.5770 65.3457 3 3 0 1 1.0786 1 1 0 0.0000 0.0000
1 138.9301 102.8864 4 4 0 1 0.7975 1 1 0 0.0000 0.0000
1 106.7931 73.1952 3 3 0 1 1.2350 1 1 0 0.0000 0.0000
1 87.5448 133.7851 2 2 0 1 1.4071 1 1 0 0.0000 0.0000
1 95.0873 138.8186 2 3 0 0 1.2976 0 1 0 0.0000 0.0000
1 113.0652 114.0933 2 4 0 0 2.3754 0 1 0 0.0000 0.0000
1 122.1670 87.2851 4 4 0 1 0.5945 1 1 0 0.0000 0.0000
1 94.1610 140.3225 2 3 0 0 2.0008 0 1 0 0.0000 0.0000
1 71.1848 108.2609 1 1 0 1 1.0942 1 1 0 0.0000 0.0000
1 105.3467 81.1106 3 2 0 0 1.2349 0 1 0 0.0000 0.0000
1 116.6820 143.1406 2 4 0 0 1.4071 0 1 0 0.0000 0.0000
1 105.4858 142.3728 2 4 0 0 0.5477 0 1 0 0.0000 0.0000
1 107.4894 67.7759 3 3 0 1 1.0011 1 1 0 0.0000 0.0000
1 101.5459 83.4905 3 3 0 1 0.9231 1 1 0 0.0000 0.0000
1 79.8248 110.0313 1 2 0 0 1.0633 0 1 0 0.0000 0.0000
1 107.2509 127.7588 2 3 0 0 1.3289 0 1 0 0.0000 0.0000
1 56.7195 111.4643 1 1 0 1 1.0163 1 1 0 0.0000 0.0000
1 129.4118 107.4261 4 4 0 1 1.8445 1 1 0 0.0000 0.0000
1 99.8400 81.4098 3 3 0 1 1.9694 1 1 0 0.0000 0.0000
1 127.5453 108.7529 4 4 0 1 0.7657 1 1 0 0.0000 0.0000
2 111.1747 126.9010 2 4 0 0 1.6879 0 1 0 0.0000 0.0000
2 100.2628 126.5816 2 3 0 0 1.5946 0 1 0 0.0000 0.0000
2 104.8418 64.5808 3 1 0 0 2.7666 0 1 0 0.0000 0.0000
2 70.7976 95.5266 1 1 0 1 1.1881 1 1 0 0.0000 0.0000
2 127.2725 101.2891 4 4 0 1 1.2350 1 1 0 0.0000 0.0000
2 95.9106 133.0822 2 3 0 0 1.4690 0 1 0 0.0000 0.0000
2 73.2713 112.1859 1 2 0 0 1.2352 0 1 0 0.0000 0.0000
2 99.0352 89.4037 3 2 0 0 1.0946 0 1 0 0.0000 0.0000
2 84.2333 137.9453 2 2 0 1 1.0943 1 1 0 0.0000 0.0000
2 124.0902 118.9130 4 4 0 1 0.9851 1 1 0 0.0000 0.0000
2 110.7191 120.0225 2 4 0 0 1.4850 0 1 0 0.0000 0.0000
2 125.7579 107.7674 4 4 0 1 0.6726 1 1 0 0.0000 0.0000
2 90.7955 75.5635 3 2 0 0 1.2353 0 1 0 0.0000 0.0000
2 105.2155 124.7106 2 3 0 0 1.0633 0 1 0 0.0000 0.0000
2 122.2716 97.8254 4 4 0 1 0.7351 1 1 0 0.0000 0.0000
2 77.0563 105.1720 1 2 0 0 2.3445 0 1 0 0.0000 0.0000
2 78.2270 104.3290 1 1 0 1 0.5478 1 1 0 0.0000 0.0000
2 101.0772 80.8251 3 2 0 0 0.6259 0 1 0 0.0000 0.0000
2 86.9869 137.7303 2 2 0 1 0.9071 1 1 0 0.0000 0.0000
2 115.0339 82.6380 3 3 0 1 1.0321 1 1 0 0.0000 0.0000
2 93.0651 64.7039 3 2 0 0 1.1099 0 1 0 0.0000 0.0000
2 64.4745 77.5333 1 1 0 1 0.9226 1 1 0 0.0000 0.0000
2 104.5617 56.6949 3 3 0 1 1.2976 1 1 0 0.0000 0.0000
2 98.2451 120.4918 2 2 0 1 2.6257 1 1 0 0.0000 0.0000
2 121.4979 110.0468 4 3 0 0 1.5632 0 1 0 0.0000 0.0000
2 145.5079 105.0925 4 4 0 1 0.6571 1 1 0 0.0000 0.0000
2 98.1793 69.0923 3 2 0 0 1.1257 0 1 0 0.0000 0.0000
2 118.2760 134.3861 2 3 0 0 1.3447 0 1 0 0.0000 0.0000
2 77.9959 133.3717 2 2 0 1 1.5944 1 1 0 0.0000 0.0000
2 116.9347 101.9188 4 3 0 0 1.4228 0 1 0 0.0000 0.0000
2 87.4933 102.6541 1 2 0 0 1.0374 0 1 0 0.0000 0.0000
2 79.3083 92.6669 1 1 0 1 0.5633 1 1 0 0.0000 0.0000
2 103.0627 66.6268 3 2 0 0 1.2509 0 1 0 0.0000 0.0000
2 105.9622 87.7261 3 2 0 0 1.2820 0 1 0 0.0000 0.0000
2 93.0298 127.9223 2 3 0 0 1.1569 0 1 0 0.0000 0.0000
2 90.5905 64.5018 1 1 0 1 0.6257 1 1 0 0.0000 0.0000
2 77.6529 103.1860 1 1 0 1 0.7508 1 1 0 0.0000 0.0000
2 134.4524 99.3927 4 2 0 0 1.0632 0 1 0 0.0000 0.0000
2 114.9372 130.4124 2 3 0 0 0.9695 0 1 0 0.0000 0.0000
2 128.0394 100.6980 4 4 0 1 0.4696 1 1 0 0.0000 0.0000
2 70.9591 107.6042 1 1 0 1 1.0319 1 1 0 0.0000 0.0000
2 81.4458 97.6135 1 2 0 0 1.8601 0 1 0 0.0000 0.0000
2 143.4742 104.9102 4 4 0 1 1.9695 1 1 0 0.0000 0.0000
2 62.6681 107.7355 1 1 0 1 0.9226 1 1 0 0.0000 0.0000
2 125.0520 99.4714 4 4 0 1 1.1569 1 1 0 0.0000 0.0000
2 69.8536 99.2167 1 1 0 1 1.0632 1 1 0 0.0000 0.0000
2 81.1348 85.8898 1 1 0 1 1.2664 1 1 0 0.0000 0.0000
2 91.9884 65.8295 3 1 0 0 0.8757 0 1 0 0.0000 0.0000
2 68.2180 104.2906 1 1 0 1 0.6727 1 1 0 0.0000 0.0000
2 136.1951 109.8769 4 4 0 1 1.8756 1 1 0 0.0000 0.0000
2 71.1468 98.6645 1 1 0 1 1.6102 1 1 0 0.0000 0.0000
2 73.9319 114.8849 1 1 0 1 0.6415 1 1 0 0.0000 0.0000
2 77.5743 106.8028 1 1 0 1 0.8914 1 1 0 0.0000 0.0000
2 115.3325 116.7625 2 2 0 1 2.0319 1 1 0 0.0000 0.0000
2 135.1553 91.0800 4 2 0 0 1.5630 0 1 0 0.0000 0.0000
2 112.9909 56.6666 3 3 0 1 1.5476 1 1 0 0.0000 0.0000
2 132.9668 97.6630 4 3 0 0 1.0320 0 1 0 0.0000 0.0000
2 105.2428 69.6735 3 2 0 0 1.2975 0 1 0 0.0000 0.0000
2 92.5923 132.0602 2 2 0 1 1.4696 1 1 0 0.0000 0.0000
2 127.1002 108.3619 4 3 0 0 3.9383 0 1 0 0.0000 0.0000
2 103.3426 114.0996 2 2 0 1 0.6725 1 1 0 0.0000 0.0000
2 103.6479 80.3249 3 2 0 0 0.7353 0 1 0 0.0000 0.0000
2 63.4358 97.9667 1 1 0 1 0.7508 1 1 0 0.0000 0.0000
2 113.7347 110.0741 4 2 0 0 2.1417 0 1 0 0.0000 0.0000
2 64.3651 104.8376 1 1 0 1 2.9379 1 1 0 0.0000 0.0000
2 107.1687 132.0388 2 3 0 0 1.5007 0 1 0 0.0000 0.0000
2 129.6425 91.9746 4 3 0 0 19.4848 0 1 0 0.0000 0.0000
2 90.9210 64.4163 3 2 0 0 1.0009 0 1 0 0.0000 0.0000
2 105.3890 122.3535 2 2 0 1 1.9540 1 1 0 0.0000 0.0000
2 91.5153 109.5289 2 1 0 0 1.4852 0 1 0 0.0000 0.0000
2 105.5005 79.1120 3 2 0 0 0.8291 0 1 0 0.0000 0.0000
2 103.0445 133.7577 2 3 0 0 1.2038 0 1 0 0.0000 0.0000
2 117.3649 99.6703 4 4 0 1 0.5789 1 1 0 0.0000 0.0000
2 109.5893 66.1443 3 4 0 0 0.5163 0 1 0 0.0000 0.0000
2 77.8577 103.2591 1 2 0 0 0.8289 0 1 0 0.0000 0.0000
2 65.6660 89.5178 1 1 0 1 0.4539 1 1 0 0.0000 0.0000
2 127.5829 95.3633 4 4 0 1 2.0006 1 1 0 0.0000 0.0000
2 83.2440 87.2348 3 3 0 1 1.3131 1 1 0 0.0000 0.0000
2 107.9754 122.2757 2 3 0 0 1.6101 0 1 0 0.0000 0.0000
2 76.5329 94.4930 1 1 0 1 1.0477 1 1 0 0.0000 0.0000
2 67.2599 96.2754 1 1 0 1 0.5783 1 1 0 0.0000 0.0000
2 88.9286 109.5578 2 2 0 1 0.8912 1 1 0 0.0000 0.0000
2 129.0227 91.0200 4 4 0 1 0.7662 1 1 0 0.0000 0.0000
2 136.6960 85.7850 4 4 0 1 0.7507 1 1 0 0.0000 0.0000
2 77.0428 103.0216 1 1 0 1 0.7351 1 1 0 0.0000 0.0000
2 127.8129 85.9738 4 3 0 0 1.3131 0 1 0 0.0000 0.0000
2 112.8966 126.8406 2 2 0 1 1.3135 1 1 0 0.0000 0.0000
2 96.1417 70.8354 3 2 0 0 1.8290 0 1 0 0.0000 0.0000
2 120.1177 97.7777 4 3 0 0 0.7509 0 1 0 0.0000 0.0000
2 100.2872 72.8516 3 3 0 1 1.8752 1 1 0 0.0000 0.0000
2 73.5563 72.2028 3 1 0 0 1.4224 0 1 0 0.0000 0.0000
2 101.1053 71.3264 3 3 0 1 1.1568 1 1 0 0.0000 0.0000
2 106.8019 73.1424 3 3 0 1 0.6725 1 1 0 0.0000 0.0000
2 99.0396 118.4244 2 3 0 0 1.1256 0 1 0 0.0000 0.0000
2 110.5923 67.3542 3 4 0 0 1.8287 0 1 0 0.0000 0.0000
2 133.6424 103.4671 4 4 0 1 0.6877 1 1 0 0.0000 0.0000
2 101.7649 128.0355 2 3 0 0 0.8601 0 1 0 0.0000 0.0000
2 94.1701 78.6328 3 3 0 1 1.4385 1 1 0 0.0000 0.0000
2 117.0446 134.5159 2 4 0 0 0.9070 0 1 0 0.0000 0.0000
2 116.7455 95.2483 4 3 0 0 0.6570 0 1 0 0.0000 0.0000
3 103.4156 75.8864 3 4 0 0 1.5314 0 1 0 0.0000 0.0000
3 102.1490 115.6918 4 3 0 0 1.2038 0 1 0 0.0000 0.0000
3 82.7276 60.7880 3 1 0 0 1.3132 0 1 0 0.0000 0.0000
3 110.7196 116.0871 2 2 0 1 1.2195 1 1 0 0.0000 0.0000
3 133.6930 86.1741 4 4 0 1 0.6102 1 1 0 0.0000 0.0000
3 95.9898 78.3730 3 2 0 0 1.1726 0 1 0 0.0000 0.0000
3 110.0177 129.0274 2 2 0 1 1.3757 1 1 0 0.0000 0.0000
3 123.3151 82.9203 3 2 0 0 0.8132 0 1 0 0.0000 0.0000
3 76.1449 86.4680 1 1 0 1 0.7037 1 1 0 0.0000 0.0000
3 90.7604 118.0055 2 1 0 0 0.8287 0 1 0 0.0000 0.0000
3 132.7079 98.4518 4 4 0 1 0.6258 1 1 0 0.0000 0.0000
3 63.8100 110.5574 1 1 0 1 0.7665 1 1 0 0.0000 0.0000
3 82.7853 71.5963 3 2 0 0 0.8914 0 1 0 0.0000 0.0000
3 67.0568 102.8144 1 1 0 1 0.6413 1 1 0 0.0000 0.0000
3 95.0812 129.7580 2 2 0 1 1.0789 1 1 0 0.0000 0.0000
3 138.1587 109.2010 4 4 0 1 0.5789 1 1 0 0.0000 0.0000
3 97.0638 60.2841 3 2 0 0 0.7976 0 1 0 0.0000 0.0000
3 122.1071 98.6297 4 3 0 0 1.7194 0 1 0 0.0000 0.0000
3 67.4598 105.3197 1 1 0 1 0.7351 1 1 0 0.0000 0.0000
3 147.2658 83.1370 4 4 0 1 0.7507 1 1 0 0.0000 0.0000
3 116.8181 91.3350 3 3 0 1 1.2508 1 1 0 0.0000 0.0000
3 102.7899 116.4195 2 2 0 1 0.8131 1 1 0 0.0000 0.0000
3 95.0595 146.4255 2 3 0 0 1.2350 0 1 0 0.0000 0.0000
3 71.1015 89.3096 1 2 0 0 0.8914 0 1 0 0.0000 0.0000
3 69.8300 103.9540 1 1 0 1 0.5790 1 1 0 0.0000 0.0000
3 126.1778 99.7698 4 3 0 0 1.2977 0 1 0 0.0000 0.0000
3 97.5037 109.7229 2 2 0 1 1.1726 1 1 0 0.0000 0.0000
3 98.0211 135.4689 2 3 0 0 1.0635 0 1 0 0.0000 0.0000
3 93.6683 67.5234 3 2 0 0 1.0474 0 1 0 0.0000 0.0000
3 100.3058 142.8041 2 2 0 1 2.6571 1 1 0 0.0000 0.0000
3 96.9975 144.9041 2 3 0 0 1.1883 0 1 0 0.0000 0.0000
3 116.7106 100.2723 4 3 0 0 0.6096 0 1 0 0.0000 0.0000
3 123.5472 93.8877 4 4 0 1 0.9850 1 1 0 0.0000 0.0000
3 85.7585 122.9180 2 2 0 1 1.0316 1 1 0 0.0000 0.0000
3 105.8389 59.3266 3 2 0 0 1.0633 0 1 0 0.0000 0.0000
3 69.7773 107.5104 1 1 0 1 0.6884 1 1 0 0.0000 0.0000
3 85.5099 78.3823 3 2 0 0 0.8443 0 1 0 0.0000 0.0000
3 64.8705 105.0281 1 1 0 1 0.7507 1 1 0 0.0000 0.0000
3 69.9645 86.5683 1 1 0 1 0.9224 1 1 0 0.0000 0.0000
3 124.8673 94.9131 4 4 0 1 0.8914 1 1 0 0.0000 0.0000
3 83.8468 132.1807 2 2 0 1 1.1414 1 1 0 0.0000 0.0000
3 88.6969 141.3633 2 3 0 0 1.1257 0 1 0 0.0000 0.0000
3 133.5203 113.6583 4 4 0 1 0.7818 1 1 0 0.0000 0.0000
3 67.3771 101.2090 1 1 0 1 1.3923 1 1 0 0.0000 0.0000
3 105.9102 134.8433 2 2 0 1 0.9383 1 1 0 0.0000 0.0000
3 94.5523 61.3336 3 2 0 0 0.8288 0 1 0 0.0000 0.0000
3 126.8054 79.3947 4 4 0 1 0.7039 1 1 0 0.0000 0.0000
3 109.2279 139.7944 2 3 0 0 1.7507 0 1 0 0.0000 0.0000
3 87.6377 87.8999 1 2 0 0 1.5790 0 1 0 0.0000 0.0000
3 66.6809 92.0205 1 2 0 0 3.1720 0 1 1 2.1233 1.0000
3 127.7061 107.1893 4 4 0 1 2.0327 1 1 0 3.9842 0.5000
3 137.0833 98.5415 4 4 0 1 1.9851 1 1 1 1.4849 0.6667
3 104.9284 74.3248 3 2 0 0 2.2352 0 1 1 3.8599 0.7500
3 98.9164 142.1705 2 3 0 0 2.6726 0 1 1 1.4221 0.8000
3 66.9476 106.2204 1 1 0 1 2.9071 1 1 1 2.0008 0.8333
3 64.4410 99.6203 1 1 0 1 2.3289 1 1 1 2.1885 0.8571
3 101.7707 60.4127 3 3 0 1 2.0636 1 1 1 2.1566 0.8750
3 146.6449 104.1139 4 4 0 1 2.0634 1 1 1 1.7662 0.8889
3 63.4951 112.7103 1 1 0 1 2.2978 1 1 1 1.6883 0.9000
3 140.5597 95.9058 4 4 0 1 2.3602 1 1 1 1.3914 0.9091
3 107.7596 101.6084 4 3 0 0 2.4538 0 1 1 1.5788 0.9167
3 86.0869 61.6301 3 2 0 0 1.7978 0 1 1 4.3280 0.9231
3 101.8314 70.9860 3 2 0 0 3.3133 0 1 0 1.5005 0.8571
3 65.8822 90.4625 1 1 0 1 3.1882 1 1 1 1.3757 0.8667
3 73.6090 100.0768 1 1 0 1 6.8600 1 1 1 3.7818 0.8750
3 108.3587 74.9542 3 3 0 1 2.6727 1 1 1 1.2814 0.8824
3 100.4483 55.0481 3 2 0 0 3.0320 0 1 0 1.3445 0.8333
3 56.4131 94.2644 1 1 0 1 1.6883 1 1 1 1.1725 0.8421
3 107.6564 76.9826 3 4 0 0 3.1411 0 1 1 1.8755 0.8500
3 117.2242 127.3864 2 4 0 0 2.2818 0 1 1 1.2818 0.8571
3 79.9131 104.8711 1 2 0 0 1.4382 0 1 1 1.3445 0.8636
3 99.5317 110.2907 2 2 0 1 1.8602 1 1 1 1.6413 0.8696
3 100.5722 59.0357 3 2 0 0 2.0162 0 1 1 1.1570 0.8750
3 133.5661 96.3853 4 3 0 0 1.5791 0 1 1 1.0161 0.8800
3 85.8959 100.2280 1 2 0 0 1.7507 0 1 1 1.3288 0.8846
3 58.3788 84.3613 1 1 0 1 2.0789 1 1 1 1.2663 0.8889
3 73.1696 85.1931 1 1 0 1 2.4541 1 1 1 1.2349 0.8929
3 149.0769 86.5169 4 4 0 1 1.6727 1 1 1 0.9689 0.8966
3 109.0030 126.8378 2 3 0 0 3.8446 0 1 1 2.0943 0.9000
3 137.3987 90.8951 4 4 0 1 2.6259 1 1 1 0.9535 0.9032
3 132.9935 87.5063 4 3 0 0 2.1258 0 1 1 1.4067 0.9063
3 109.8450 73.7830 3 2 0 0 2.3444 0 1 1 1.1099 0.9091
3 97.6917 64.1212 3 2 0 0 2.0008 0 1 1 1.6255 0.9118
3 124.5032 78.1772 4 3 0 0 3.6256 0 1 0 0.8760 0.8857
3 80.0097 106.6956 1 2 0 0 1.6569 0 1 1 1.1567 0.8889
3 96.4923 64.0008 3 1 0 0 2.5788 0 1 0 1.2038 0.8649
3 110.8904 77.7991 3 2 0 0 4.1102 0 1 1 1.5941 0.8684
3 121.2142 99.1859 4 3 0 0 7.1415 0 1 1 1.8914 0.8718
3 87.3270 119.1106 2 2 0 1 3.2508 1 1 1 1.7349 0.8750
3 42.7977 98.7857 1 1 0 1 4.2352 1 1 0 1.9691 0.8537
3 87.7027 99.6187 1 2 0 0 2.7350 0 1 1 1.3283 0.8571
3 101.8316 65.4209 3 3 0 1 3.3446 1 1 1 1.0004 0.8605
3 122.3346 91.6734 4 4 0 1 2.7350 1 1 1 0.8756 0.8636
3 103.4926 123.8252 2 3 0 0 5.8133 0 1 1 1.2036 0.8667
3 121.0435 119.9764 2 3 0 0 5.7195 0 1 1 2.1257 0.8696
3 96.1414 112.7962 2 2 0 1 1.2039 1 1 1 0.9536 0.8723
3 104.5539 75.9852 3 2 0 0 1.1728 0 1 0 1.6724 0.8542
3 130.3035 108.1081 4 4 0 1 2.3290 1 1 1 0.7660 0.8571
3 92.5878 154.2830 2 3 0 0 3.3134 0 1 1 1.0317 0.8600
3 85.6089 129.0267 2 2 0 1 3.2195 1 1 1 1.8445 0.8627
4 91.8422 58.5898 3 2 4 0 2.2195 0 0 0 1.3285 0.8462
4 100.1930 132.4558 2 2 4 1 3.2037 0 0 1 1.5788 0.8491
4 133.6609 106.8919 4 4 4 1 2.6407 1 0 1 1.5326 0.8519
4 131.3731 96.3049 4 4 4 1 2.3133 1 0 1 0.9225 0.8545
4 55.6794 110.5232 1 1 4 1 2.2507 0 0 0 4.0941 0.8393
4 114.6830 141.2372 2 3 4 0 1.5320 0 0 1 1.1884 0.8421
4 74.0931 102.4500 1 1 2 1 2.7664 0 0 0 2.3598 0.8276
4 101.9112 68.7101 3 2 1 0 5.5320 0 0 1 1.0319 0.8305
4 88.9110 106.8961 1 2 3 0 3.1882 0 0 0 1.0786 0.8167
4 60.3511 114.3077 1 1 3 1 3.5164 0 0 1 2.2982 0.8197
4 136.6758 89.3931 4 4 2 1 3.3446 0 0 1 2.7349 0.8226
4 125.4987 91.7156 4 3 3 0 2.8758 1 0 1 1.4848 0.8254
4 103.2879 70.9612 3 2 3 0 3.4069 0 0 1 1.0631 0.8281
4 69.1136 108.5233 1 1 3 1 1.9070 0 0 0 1.4538 0.8154
4 118.4548 107.2515 4 3 2 0 2.8291 0 0 1 2.0787 0.8182
4 106.2040 62.1277 3 2 2 0 2.2978 1 0 1 2.2035 0.8209
4 65.7857 99.0509 1 1 1 1 2.1415 1 0 1 2.9850 0.8235
4 96.2220 119.3550 2 2 2 1 3.1102 1 0 1 1.1091 0.8261
4 60.9801 93.5680 1 1 2 1 1.5476 0 0 1 2.4380 0.8286
4 132.7261 92.5790 4 4 1 1 2.4538 0 0 1 1.6571 0.8310
4 90.4904 90.7713 1 2 1 0 2.6883 0 0 1 2.3444 0.8333
4 109.0777 102.4331 4 3 1 0 1.9070 0 0 1 1.8294 0.8356
4 99.1364 69.9712 3 2 1 0 2.9851 0 0 1 1.6257 0.8378
4 134.6237 92.0509 4 4 3 1 2.7354 0 0 1 3.3600 0.8400
4 70.5587 113.6624 1 1 4 1 2.0009 0 0 1 2.2504 0.8421
4 104.9786 107.9879 2 2 3 1 2.9384 0 0 0 4.1256 0.8312
4 110.4685 121.2093 2 3 1 0 2.2196 0 0 1 2.2192 0.8333
4 100.6753 135.6078 2 3 2 0 4.3758 0 0 1 2.9857 0.8354
4 81.3666 54.0435 3 2 1 0 7.5008 0 0 1 1.2973 0.8375
4 57.9441 87.1006 1 1 3 1 11.0318 0 0 0 7.0160 0.8272
4 112.2636 78.2404 3 3 3 1 2.2820 1 0 1 1.7971 0.8293
4 81.6602 102.3989 1 2 2 0 3.8917 1 0 1 1.0632 0.8313
4 101.3003 118.2468 2 2 3 1 1.5947 0 0 0 1.0632 0.8214
4 90.9195 50.3999 3 2 1 0 1.1883 0 0 0 1.1412 0.8118
4 94.4080 49.6970 3 3 3 1 5.0946 1 0 1 0.9377 0.8140
4 74.1213 97.4802 1 2 4 0 1.9227 0 0 1 2.7193 0.8161
4 123.0373 92.7710 4 3 1 0 1.8914 0 0 1 0.8291 0.8182
4 106.0402 131.1355 2 2 4 1 2.6417 0 0 1 1.4069 0.8202
4 71.8123 78.3524 1 1 1 1 3.0008 1 0 1 1.6411 0.8222
4 101.5874 128.6738 2 3 4 0 3.1100 0 0 1 1.4067 0.8242
4 98.0288 118.9963 2 2 1 1 3.4069 0 0 1 1.4224 0.8261
4 138.9077 109.0262 4 3 3 0 1.9227 1 0 1 1.4381 0.8280
4 92.6224 121.3498 2 1 3 0 3.1258 0 0 1 1.3599 0.8298
4 95.4788 69.3943 3 2 4 0 1.8289 0 0 1 1.8441 0.8316
4 103.0292 121.9929 2 1 2 0 3.3132 0 0 1 1.5946 0.8333
4 103.9174 117.3660 2 2 4 1 2.1257 0 0 1 2.9225 0.8351
4 69.4482 106.4665 1 1 1 1 2.1570 1 0 1 1.3768 0.8367
4 110.6893 65.7843 3 2 2 0 2.3914 1 0 1 1.2034 0.8384
4 116.1249 104.1484 4 3 3 0 2.4228 1 0 1 0.8132 0.8400
4 104.3078 130.6184 2 2 3 1 3.4382 0 0 1 0.9849 0.8416
4 100.2263 73.7651 3 1 3 0 4.7508 0 0 0 1.4226 0.8333
4 106.5451 94.5860 4 2 3 0 1.8761 0 0 0 2.6725 0.8252
4 79.5867 92.3888 1 1 1 1 6.0790 1 0 1 1.1256 0.8269
4 59.6690 94.7477 1 1 3 1 1.6882 0 0 1 1.7193 0.8286
4 82.9178 60.6965 3 3 4 1 5.3600 0 0 0 1.0319 0.8208
4 123.5975 102.7674 4 3 4 0 3.6724 0 0 1 1.5316 0.8224
4 113.7865 95.2948 3 4 4 0 5.9069 1 0 1 1.0325 0.8241
4 58.2609 103.3889 1 1 4 1 2.0167 0 0 1 0.9695 0.8257
4 108.8790 128.9527 2 3 1 0 3.5790 0 0 0 1.2819 0.8182
4 106.6255 68.2164 3 3 4 1 3.7040 0 0 1 1.1724 0.8198
4 91.3928 137.1108 2 2 3 1 3.1884 0 0 0 1.6570 0.8125
4 88.5654 90.1056 1 1 2 1 4.2195 0 0 1 2.2664 0.8142
4 90.2632 82.8812 3 3 3 1 5.2977 1 0 1 1.2350 0.8158
4 74.2789 93.9803 1 1 3 1 2.5479 0 0 1 1.0006 0.8174
4 71.6742 104.6640 1 2 2 0 2.2195 1 0 1 3.9069 0.8190
4 125.3602 108.8345 4 3 2 0 3.1570 0 0 1 1.1568 0.8205
4 108.4486 68.6553 3 3 4 1 6.5788 0 0 1 0.7819 0.8220
4 113.6511 134.4659 2 4 3 0 4.3289 0 0 1 0.9849 0.8235
4 97.3481 129.1895 2 2 4 1 4.0009 0 0 0 1.2811 0.8167
4 108.9303 81.9381 4 2 3 0 3.5008 0 0 1 1.6257 0.8182
4 140.8232 100.9438 4 4 3 1 1.6729 0 0 1 1.3913 0.8197
4 114.0260 71.2138 3 3 1 1 6.0320 0 0 1 0.9538 0.8211
4 98.2771 121.0598 2 2 2 1 2.7196 1 0 1 0.9224 0.8226
4 118.0005 110.7687 4 3 2 0 3.1883 0 0 1 1.2039 0.8240
4 70.1847 112.6640 1 1 4 1 3.1571 0 0 1 0.8598 0.8254
4 124.1812 129.4869 4 4 3 1 2.2822 0 0 1 1.1725 0.8268
4 139.8791 103.1183 4 3 4 0 1.5010 0 0 1 0.4382 0.8281
4 104.4554 125.8732 2 3 4 0 2.4226 0 0 1 1.5318 0.8295
4 94.4599 89.8636 3 2 1 0 3.2352 0 0 1 0.6568 0.8308
4 88.8389 138.9016 2 2 1 1 0.7351 0 0 1 0.0944 0.8321
4 80.1447 103.8121 1 1 3 1 3.0165 0 0 1 1.5944 0.8333
4 95.8447 83.3202 3 2 4 0 1.9542 0 0 1 1.1256 0.8346
4 101.9270 124.9169 2 3 4 0 2.3601 0 0 1 5.4537 0.8358
4 105.0474 72.4231 3 2 4 0 2.3915 0 0 1 0.9695 0.8370
4 83.0973 99.6898 1 1 2 1 4.6258 0 0 1 1.0943 0.8382
4 92.9462 88.1557 3 3 2 1 6.5947 0 0 0 104.6081 0.8321
4 108.8308 89.4585 3 2 4 0 3.5633 0 0 1 1.3598 0.8333
4 123.7680 91.1913 4 3 1 0 4.5320 0 0 1 1.3287 0.8345
4 107.7094 136.7320 2 2 2 1 2.7039 1 0 1 2.1257 0.8357
4 102.5889 83.5736 3 2 3 0 3.6103 0 0 1 0.8446 0.8369
4 92.5239 112.3685 2 2 1 1 2.4069 0 0 1 0.9694 0.8380
4 131.6035 100.0489 4 3 2 0 1.5164 0 0 1 2.3600 0.8392
4 111.7206 105.1756 4 1 4 0 2.8444 0 0 1 0.9539 0.8403
4 72.5069 95.0757 1 1 3 1 1.8132 0 0 1 2.5005 0.8414
4 94.2845 48.6109 3 3 4 1 6.7347 0 0 1 0.7660 0.8425
4 91.0872 110.3567 2 1 1 0 2.2977 1 0 1 0.9382 0.8435
4 135.2789 131.4748 4 4 1 1 1.2664 0 0 0 1.0319 0.8378
4 131.7155 99.7142 4 3 3 0 2.7353 1 0 1 2.0163 0.8389
4 140.9303 83.2723 4 4 3 1 2.9070 0 0 1 1.1257 0.8400
4 74.1195 99.1445 1 1 4 1 2.3915 0 0 1 1.5787 0.8411
5 88.6888 98.2993 1 1 2 1 4.3132 0 0 1 0.7347 0.8421
5 89.6134 63.6083 3 1 2 0 5.7819 0 0 1 2.2661 0.8431
5 103.3468 81.9164 3 2 4 0 1.7977 0 0 1 1.3295 0.8442
5 97.0720 123.3270 2 1 2 0 2.9228 0 0 1 0.8289 0.8452
5 104.9014 118.6219 2 3 4 0 1.1410 0 0 1 0.5006 0.8462
5 85.6570 87.3307 1 2 3 0 3.7197 0 0 0 1.1412 0.8408
5 90.2395 128.2253 2 2 1 1 1.9853 0 0 1 1.5317 0.8418
5 107.4212 77.5781 3 3 4 1 1.7349 0 0 1 0.7505 0.8428
5 112.0955 90.0869 4 4 2 1 1.6415 0 0 0 0.5476 0.8375
5 114.5423 65.2524 3 2 4 0 2.8287 0 0 1 0.8287 0.8385
5 123.1753 102.4976 4 3 3 0 1.8917 1 0 1 1.3760 0.8395
5 114.0655 154.3119 2 2 3 1 1.3758 0 0 1 1.1566 0.8405
5 94.9933 68.5995 3 1 2 0 1.9070 0 0 1 1.0317 0.8415
5 96.5532 70.7419 3 2 1 0 2.4071 0 0 1 0.9692 0.8424
5 104.7584 57.8152 3 4 2 0 7.7505 0 0 1 2.0160 0.8434
5 95.8491 76.6500 3 3 3 1 8.5163 1 0 0 1.5163 0.8383
5 124.4834 113.4982 4 4 1 1 4.8601 0 0 1 1.3287 0.8393
5 113.0986 110.6975 2 3 2 0 2.1726 0 0 1 2.6881 0.8402
5 129.4991 98.6783 4 3 3 0 2.9380 1 0 1 1.4379 0.8412
5 68.7974 98.9162 1 1 3 1 2.8602 0 0 1 1.7351 0.8421
5 98.0313 85.9155 3 2 2 0 2.2514 1 0 1 1.3443 0.8430
5 95.1936 94.8259 3 2 2 0 2.0946 1 0 1 1.2351 0.8439
5 93.9527 116.2486 2 2 3 1 4.0473 0 0 0 0.8290 0.8391
5 138.7935 110.5281 4 4 2 1 1.9541 0 0 1 1.0006 0.8400
5 108.5905 150.0014 2 3 3 0 0.9384 1 0 1 1.1884 0.8409
5 130.1129 92.5924 4 4 1 1 1.4228 0 0 1 1.1725 0.8418
5 103.5760 77.8437 3 2 3 0 2.4696 0 0 1 0.9068 0.8427
5 107.4892 144.6437 2 3 3 0 2.9225 1 0 1 1.2662 0.8436
5 83.6900 97.7592 1 1 3 1 3.7509 0 0 1 1.1881 0.8444
5 96.4548 124.9745 2 2 3 1 1.8132 0 0 1 0.9381 0.8453
5 131.2149 122.0328 4 3 4 0 1.4383 0 0 1 0.8443 0.8462
5 53.1331 82.5922 1 1 2 1 2.5164 0 0 1 1.3132 0.8470
5 131.9209 123.1288 4 4 2 1 3.5476 0 0 1 0.8758 0.8478
5 84.3642 77.5642 3 1 4 0 2.7352 0 0 1 1.4222 0.8486
5 130.4596 86.2393 4 3 3 0 1.0947 1 0 0 0.7974 0.8441
5 63.4817 91.5669 1 1 1 1 1.5165 1 0 1 1.2819 0.8449
5 108.1576 121.1709 2 2 4 1 1.5320 0 0 1 1.1253 0.8457
5 120.2761 123.7163 2 3 3 0 2.4856 1 0 1 1.9224 0.8466
5 88.9087 58.4290 3 1 4 0 2.4538 0 0 1 0.8444 0.8474
5 87.3135 64.0285 3 2 3 0 2.3291 0 0 1 3.2817 0.8482
5 92.0338 75.2069 3 2 3 0 2.4070 0 0 1 1.0789 0.8490
5 73.7486 110.4400 1 2 4 0 1.5633 0 0 1 0.7352 0.8497
5 75.5032 120.2016 1 3 4 0 2.2353 0 0 1 1.7976 0.8505
5 66.8812 103.1281 1 2 4 0 2.0322 0 0 1 0.7818 0.8513
5 65.6183 91.4331 1 1 3 1 2.7193 0 0 1 1.1724 0.8520
5 106.9555 129.7324 2 3 3 0 2.1569 1 0 1 1.1721 0.8528
5 78.0756 96.2654 1 2 1 0 1.0632 0 0 0 0.7661 0.8485
5 68.0811 97.2900 1 1 4 1 3.5631 0 0 0 4.5629 0.8442
5 97.6390 74.1439 3 3 4 1 2.2508 0 0 1 1.0161 0.8450
5 79.5622 79.5091 3 2 2 0 2.1567 1 0 1 0.7819 0.8458
5 136.5479 103.7805 4 4 1 1 1.0945 0 0 1 0.9378 0.8465
5 61.9010 110.7270 1 1 2 1 1.3603 0 0 1 2.2037 0.8473
5 100.2864 72.4270 3 3 1 1 4.7664 0 0 1 0.8287 0.8480
5 72.1357 96.4958 1 2 2 0 8.4071 1 0 1 2.8913 0.8488
5 136.6643 105.0332 4 4 2 1 3.2039 0 0 1 0.8600 0.8495
5 39.4733 74.9602 1 1 2 1 1.8602 0 0 0 2.2662 0.8454
5 66.1666 70.6993 1 3 3 0 2.8289 1 0 0 5.0944 0.8413
5 122.1147 103.2817 4 3 4 0 2.7507 0 0 1 1.1100 0.8421
5 65.5803 106.6743 1 3 1 0 1.6885 0 0 1 0.9223 0.8429
5 103.5668 102.0057 2 3 4 0 2.6103 0 0 1 1.2193 0.8436
5 131.8167 93.1313 4 3 1 0 2.0628 0 0 1 1.0631 0.8443
5 78.4511 105.1860 1 2 1 0 1.8290 0 0 1 3.2507 0.8451
5 103.7433 91.3476 4 2 1 0 1.4538 0 0 1 0.4696 0.8458
5 116.2361 104.3239 4 4 1 1 2.7351 0 0 1 0.5006 0.8465
5 76.4013 95.2955 1 1 1 1 2.5163 1 0 0 1.0788 0.8426
5 81.7898 111.5385 2 2 2 1 1.0477 1 0 1 0.7975 0.8433
5 102.6554 124.9706 2 2 2 1 2.0008 1 0 1 1.1419 0.8440
5 63.0102 111.5537 1 1 4 1 7.0475 0 0 1 1.0163 0.8447
5 102.0468 85.1780 3 2 1 0 3.4390 0 0 1 0.9381 0.8455
5 138.1050 78.6352 4 3 4 0 1.3602 0 0 1 1.2818 0.8462
5 118.3561 111.6363 4 4 4 1 2.1569 1 0 0 1.4074 0.8423
5 118.5892 107.7876 2 3 1 0 2.1572 0 0 1 0.9847 0.8430
5 98.0184 84.3762 3 1 1 0 2.5007 1 0 1 0.9850 0.8438
5 101.5544 85.0108 3 1 3 0 1.8759 0 0 1 1.0159 0.8444
5 107.2683 82.1691 3 2 4 0 1.8290 0 0 1 1.0004 0.8451
5 143.6517 112.9284 4 4 4 1 4.2352 1 0 1 0.8757 0.8458
5 89.3754 80.2530 3 2 3 0 1.2350 0 0 1 1.1568 0.8465
5 124.7199 97.3623 4 3 3 0 1.8914 1 0 1 1.5943 0.8472
5 64.7926 86.6726 1 1 4 1 5.0790 0 0 1 1.6571 0.8478
5 70.7232 116.5256 1 2 3 0 4.3291 0 0 1 1.0631 0.8485
5 122.0819 84.6832 4 4 1 1 0.7976 0 0 1 0.9068 0.8491
5 91.6651 129.7944 2 1 2 0 2.9694 0 0 1 0.9536 0.8498
5 105.2905 110.1930 2 2 2 1 2.2511 1 0 0 0.9692 0.8462
5 135.8998 87.2633 4 4 3 1 3.6414 0 0 1 0.9384 0.8468
5 136.7401 101.5012 4 3 1 0 2.5008 0 0 1 1.3442 0.8475
5 143.8585 102.7132 4 4 2 1 3.7976 0 0 1 1.7351 0.8481
5 72.5930 121.4012 1 1 4 1 2.0322 0 0 1 2.0164 0.8487
5 100.7278 116.5772 2 3 2 0 1.4380 0 0 1 0.8287 0.8494
5 107.7221 122.8525 2 2 1 1 2.4069 0 0 1 1.0165 0.8500
5 102.9579 73.3276 3 3 3 1 2.6570 1 0 1 0.8914 0.8506
5 90.6607 114.7931 2 3 1 0 1.0944 0 0 1 1.3912 0.8512
5 69.0852 87.0812 1 1 1 1 1.6259 1 0 1 0.8758 0.8519
5 69.6821 91.3549 1 2 1 0 1.2663 0 0 1 0.8289 0.8525
5 111.3216 66.9400 3 3 2 1 1.1101 0 0 1 1.0161 0.8531
5 98.5304 129.2492 2 2 2 1 2.3602 1 0 1 1.7194 0.8537
5 98.1891 128.3366 2 2 3 1 1.2976 0 0 0 0.5008 0.8502
5 94.9039 108.7768 2 3 2 0 1.7509 0 0 1 0.8443 0.8508
5 119.6669 98.9626 4 3 1 0 1.7352 0 0 1 0.7038 0.8514
5 87.1385 149.7429 2 3 1 0 7.6570 0 0 0 2.5629 0.8480
5 121.1033 94.5771 4 2 1 0 2.3133 0 0 0 1.7194 0.8446
6 135.3254 107.9271 4 4 3 1 5.0478 0 0 1 1.8601 0.8452
6 80.6127 64.8003 3 2 1 0 6.9850 0 0 0 0.9694 0.8419
6 78.1628 109.6438 1 1 2 1 3.7352 0 0 1 0.9849 0.8425
6 94.3484 71.3368 3 2 1 0 1.9695 0 0 1 1.1568 0.8431
6 98.4903 82.6266 3 3 2 1 1.2042 0 0 0 1.2506 0.8398
6 106.9334 125.3360 2 3 2 0 2.4381 0 0 1 1.1570 0.8405
6 133.9500 86.6055 4 4 4 1 2.3447 1 0 1 0.8756 0.8411
6 112.8350 144.2134 2 3 1 0 0.8601 0 0 1 1.0164 0.8417
6 127.3768 98.4144 4 3 3 0 1.3446 1 0 0 1.2353 0.8385
6 110.2706 135.7376 2 3 1 0 0.9853 0 0 1 1.7194 0.8391
6 95.9689 62.9362 3 2 4 0 3.0561 0 0 1 1.1255 0.8397
6 94.4813 130.1834 2 1 1 0 2.4855 1 0 0 1.9693 0.8365
6 144.1202 106.3873 4 3 4 0 4.1415 0 0 1 1.2192 0.8371
6 64.0041 91.5645 1 1 4 1 3.9538 0 0 0 1.5630 0.8340
6 77.2926 99.9871 1 2 1 0 4.2195 0 0 1 1.2038 0.8346
6 113.0291 96.0229 4 3 1 0 2.8601 0 0 1 0.7819 0.8352
6 86.6962 51.7089 3 2 2 0 1.0634 1 0 1 1.1254 0.8358
6 92.0560 65.2067 3 3 4 1 1.2509 0 0 1 0.8600 0.8364
6 65.2718 109.8442 1 1 4 1 0.7197 0 0 1 1.6412 0.8370
6 96.8514 93.5220 1 2 3 0 1.8915 0 0 1 0.8288 0.8376
6 89.4633 121.3259 2 3 2 0 2.6725 0 0 1 1.5475 0.8382
6 97.8026 130.4800 2 3 3 0 3.4231 1 0 1 1.1569 0.8388
6 79.8961 81.1035 3 2 3 0 0.8602 0 0 0 0.8445 0.8358
6 99.8741 116.0471 2 1 2 0 2.7820 0 0 1 1.1099 0.8364
6 87.7432 121.7098 2 2 1 1 1.1725 0 0 1 0.8912 0.8370
6 123.1581 86.3214 3 3 2 1 1.9540 0 0 1 2.5009 0.8375
6 100.5643 73.9713 3 2 2 0 1.8766 1 0 1 1.2506 0.8381
6 95.7107 96.6214 1 2 2 0 0.9069 1 0 1 0.9693 0.8387
6 109.2525 147.8820 2 3 2 0 0.9071 0 0 0 1.5632 0.8357
6 87.9524 84.3511 1 1 3 1 2.3628 0 0 1 0.7973 0.8363
6 115.8688 77.2415 3 4 4 0 1.9691 1 0 1 1.3598 0.8369
6 133.3195 99.7161 4 4 1 1 0.2821 0 0 1 1.1099 0.8375
6 72.0866 111.0079 1 2 3 0 1.0167 0 0 0 0.9224 0.8345
6 85.2607 84.4604 1 2 2 0 1.0008 1 0 1 1.0006 0.8351
6 74.0738 99.6458 1 1 3 1 3.3133 0 0 1 0.7975 0.8357
6 91.9586 81.3687 3 1 1 0 2.2352 1 0 1 2.2506 0.8362
6 104.2406 138.9003 2 3 1 0 1.5477 0 0 1 0.7505 0.8368
6 75.7972 136.1125 2 1 3 0 1.7820 0 0 0 1.6411 0.8339
6 105.3527 58.0847 3 2 4 0 2.3603 0 0 0 1.6100 0.8310
6 137.4330 97.0950 4 4 1 1 2.0322 0 0 1 0.8600 0.8316
6 93.4160 96.6826 1 2 3 0 1.8290 0 0 1 0.8595 0.8322
6 129.2816 110.8507 4 3 4 0 8.1882 0 0 1 1.5319 0.8328
6 68.9197 110.3770 1 1 1 1 2.5632 1 0 1 1.0476 0.8333
6 137.7972 100.4247 4 4 2 1 2.5635 0 0 1 0.9379 0.8339
6 58.3275 73.3529 1 1 1 1 2.6258 1 0 1 1.0629 0.8345
6 89.9558 64.8627 3 2 4 0 2.6570 0 0 1 1.0160 0.8350
6 96.2624 137.6255 2 3 2 0 1.6883 0 0 1 1.0476 0.8356
6 90.7772 75.4578 3 3 2 1 2.8603 0 0 1 1.0943 0.8361
6 68.4902 100.3769 1 2 2 0 2.4852 1 0 1 1.7193 0.8367
6 90.9566 126.3451 2 2 1 1 1.0944 0 0 0 0.0000 0.8367
6 139.5657 102.7081 4 4 2 1 5.2036 0 0 0 0.0000 0.8367
6 101.9013 52.5659 3 3 3 1 3.0476 1 0 0 0.0000 0.8367
6 133.2758 109.7255 4 4 2 1 0.8599 0 0 0 0.0000 0.8367
6 71.1379 121.6782 1 2 1 0 1.1725 0 0 0 0.0000 0.8367
6 91.5616 71.1302 3 3 1 1 0.9069 0 0 0 0.0000 0.8367
6 54.5403 100.5869 1 1 4 1 0.5162 0 0 0 0.0000 0.8367
6 113.9239 134.0780 2 3 3 0 1.1413 1 0 0 0.0000 0.8367
6 119.2084 107.1740 4 3 3 0 0.7039 1 0 0 0.0000 0.8367
6 137.0168 95.2159 4 4 2 1 0.7818 0 0 0 0.0000 0.8367
6 137.0804 110.1187 4 2 2 0 0.6725 1 0 0 0.0000 0.8367
6 90.9880 115.6455 2 3 4 0 1.2975 0 0 0 0.0000 0.8367
6 95.8101 77.8261 3 1 4 0 1.6881 0 0 0 0.0000 0.8367
6 101.1719 119.2859 2 2 4 1 0.5944 0 0 0 0.0000 0.8367
6 76.8107 106.3702 1 4 2 0 0.7351 0 0 0 0.0000 0.8367
6 114.2944 103.6657 4 3 1 0 0.7039 0 0 0 0.0000 0.8367
6 112.3647 123.1131 2 2 3 1 1.5319 0 0 0 0.0000 0.8367
6 120.9845 109.6560 4 3 1 0 0.5789 0 0 0 0.0000 0.8367
6 126.1289 115.0799 4 4 2 1 0.7352 0 0 0 0.0000 0.8367
6 60.5538 97.4907 1 1 2 1 0.6258 0 0 0 0.0000 0.8367
6 117.5010 78.0190 3 2 1 0 1.6727 0 0 0 0.0000 0.8367
6 107.5802 141.2795 2 2 1 1 1.5165 0 0 0 0.0000 0.8367
6 129.6642 100.7962 4 4 2 1 1.1726 0 0 0 0.0000 0.8367
6 104.4290 118.4309 2 3 2 0 0.5321 0 0 0 0.0000 0.8367
6 116.9702 92.0839 4 3 4 0 1.3914 0 0 0 0.0000 0.8367
6 102.0303 55.2700 3 1 3 0 0.6100 0 0 0 0.0000 0.8367
6 84.6675 102.7472 1 1 4 1 0.8915 0 0 0 0.0000 0.8367
6 131.5554 93.7477 4 4 1 1 1.3139 0 0 0 0.0000 0.8367
6 79.9510 141.1002 2 2 2 1 1.2508 1 0 0 0.0000 0.8367
6 96.1304 74.5303 3 3 3 1 1.1101 1 0 0 0.0000 0.8367
6 71.9726 116.2312 1 1 1 1 1.1571 1 0 0 0.0000 0.8367
6 49.0672 104.1744 1 1 1 1 0.6258 1 0 0 0.0000 0.8367
6 109.1853 138.0732 2 3 4 0 0.8601 0 0 0 0.0000 0.8367
6 93.1776 65.4764 3 3 4 1 1.1568 0 0 0 0.0000 0.8367
6 129.3278 121.8224 4 4 4 1 0.4382 1 0 0 0.0000 0.8367
6 90.4349 136.3736 2 3 4 0 0.8761 0 0 0 0.0000 0.8367
6 54.7262 102.9481 1 1 2 1 1.0319 0 0 0 0.0000 0.8367
6 103.6137 74.1008 3 2 2 0 1.8289 1 0 0 0.0000 0.8367
6 62.3993 88.2892 1 1 1 1 0.7038 1 0 0 0.0000 0.8367
6 88.0723 90.5523 3 2 2 0 0.9225 1 0 0 0.0000 0.8367
6 103.8039 134.0234 2 3 2 0 0.9850 0 0 0 0.0000 0.8367
6 67.0555 109.5032 1 2 2 0 1.1886 1 0 0 0.0000 0.8367
6 73.3303 105.7902 1 2 1 0 0.8755 0 0 0 0.0000 0.8367
6 136.1853 96.6623 4 4 4 1 0.8757 1 0 0 0.0000 0.8367
6 114.1970 77.1463 3 3 1 1 0.7352 0 0 0 0.0000 0.8367
6 136.0329 94.3559 4 4 3 1 0.4384 0 0 0 0.0000 0.8367
6 136.3717 93.2697 4 4 4 1 0.5639 1 0 0 0.0000 0.8367
6 96.6394 63.9314 3 3 4 1 1.0477 0 0 0 0.0000 0.8367
6 114.8966 101.9000 4 3 3 0 0.7975 1 0 0 0.0000 0.8367
6 91.9709 124.1509 2 2 3 1 0.9224 0 0 0 0.0000 0.8367
6 101.1555 128.3788 2 3 4 0 0.6726 0 0 0 0.0000 0.8367
7 75.8619 108.5506 1 1 0 1 1.3755 1 1 0 0.0000 0.8367
7 105.3632 117.7025 2 3 0 0 0.7978 0 1 0 0.0000 0.8367
7 107.7403 151.8154 2 2 0 1 0.7821 1 1 0 0.0000 0.8367
7 91.6309 131.5931 2 2 0 1 0.9070 1 1 0 0.0000 0.8367
7 80.5136 110.9438 1 2 0 0 0.8601 0 1 0 0.0000 0.8367
7 107.5018 121.6098 2 3 0 0 0.9696 0 1 0 0.0000 0.8367
7 102.1152 59.2238 3 4 0 0 0.7821 0 1 0 0.0000 0.8367
7 72.5890 103.3064 1 1 0 1 1.3288 1 1 0 0.0000 0.8367
7 92.7225 150.3744 2 3 0 0 1.2195 0 1 0 0.0000 0.8367
7 67.5129 120.7204 1 1 0 1 0.9538 1 1 0 0.0000 0.8367
7 143.6140 95.9601 4 4 0 1 1.1265 1 1 0 0.0000 0.8367
7 98.4734 67.9758 3 3 0 1 1.1103 1 1 0 0.0000 0.8367
7 66.9838 90.4158 1 1 0 1 0.7820 1 1 0 0.0000 0.8367
7 98.4089 50.5345 3 2 0 0 1.2039 0 1 0 0.0000 0.8367
7 91.4105 93.8808 3 3 0 1 0.8442 1 1 0 0.0000 0.8367
7 125.0165 87.0374 4 4 0 1 1.0163 1 1 0 0.0000 0.8367
7 103.7936 74.4077 3 3 0 1 0.7039 1 1 0 0.0000 0.8367
7 86.3858 114.7453 1 4 0 0 0.7195 0 1 0 0.0000 0.8367
7 102.2557 91.8934 3 2 0 0 0.9537 0 1 0 0.0000 0.8367
7 109.4130 86.6045 3 1 0 0 1.3444 0 1 0 0.0000 0.8367
7 106.9445 67.1810 3 3 0 1 0.7039 1 1 0 0.0000 0.8367
7 101.5083 136.7463 2 3 0 0 0.5946 0 1 0 0.0000 0.8367
7 108.8706 89.0201 4 3 0 0 0.5476 0 1 0 0.0000 0.8367
7 106.8346 93.8795 4 4 0 1 0.2506 1 1 0 0.0000 0.8367
7 93.8110 81.9111 3 2 0 0 1.8910 0 1 0 0.0000 0.8367
7 136.6421 100.5962 4 3 0 0 0.6572 0 1 0 0.0000 0.8367
7 121.9180 85.3120 4 4 0 1 0.4225 1 1 0 0.0000 0.8367
7 91.8763 91.1651 1 2 0 0 1.1257 0 1 0 0.0000 0.8367
7 106.5160 71.4494 3 1 0 0 0.7910 0 1 0 0.0000 0.8367
7 99.3557 122.9250 2 3 0 0 0.3131 0 1 0 0.0000 0.8367
7 132.9753 98.2457 4 4 0 1 0.8131 1 1 0 0.0000 0.8367
7 88.5755 154.7110 2 2 0 1 1.5788 1 1 0 0.0000 0.8367
7 126.2479 93.8255 4 3 0 0 0.5945 0 1 0 0.0000 0.8367
7 61.1240 86.3064 1 1 0 1 0.7195 1 1 0 0.0000 0.8367
7 87.6885 64.6841 3 2 0 0 0.7351 0 1 0 0.0000 0.8367
7 104.0930 67.8945 3 3 0 1 1.0787 1 1 0 0.0000 0.8367
7 97.3704 74.7911 3 3 0 1 0.9539 1 1 0 0.0000 0.8367
7 73.6712 95.8782 1 1 0 1 1.4226 1 1 0 0.0000 0.8367
7 107.8802 133.4480 2 2 0 1 1.0164 1 1 0 0.0000 0.8367
7 84.9137 90.1487 3 1 0 0 0.8131 0 1 0 0.0000 0.8367
7 110.4242 97.2032 4 3 0 0 0.7507 0 1 0 0.0000 0.8367
7 119.7651 117.6533 2 2 0 1 0.7195 1 1 0 0.0000 0.8367
7 65.2252 109.4380 1 1 0 1 0.6725 1 1 0 0.0000 0.8367
7 137.3462 113.9915 4 4 0 1 0.7509 1 1 0 0.0000 0.8367
7 92.9690 69.1337 3 2 0 0 0.7816 0 1 0 0.0000 0.8367
7 64.8654 97.4523 1 1 0 1 0.6100 1 1 0 0.0000 0.8367
7 102.3440 113.0387 2 3 0 0 0.7822 0 1 0 0.0000 0.8367
7 105.6702 73.1600 3 2 0 0 0.8914 0 1 0 0.0000 0.8367
7 135.4754 103.0953 4 3 0 0 0.4849 0 1 0 0.0000 0.8367
7 123.5913 90.9964 3 2 0 0 1.0790 0 1 0 0.0000 0.8367
7 72.9761 91.8513 1 1 0 1 0.5789 1 1 0 0.0000 0.8367
7 150.6347 101.2032 4 4 0 1 0.7661 1 1 0 0.0000 0.8367
7 101.4667 116.3394 2 2 0 1 1.3289 1 1 0 0.0000 0.8367
7 111.5165 115.1448 2 3 0 0 1.8604 0 1 0 0.0000 0.8367
7 56.6860 103.5982 1 1 0 1 0.5477 1 1 0 0.0000 0.8367
7 80.3630 107.5832 1 2 0 0 0.8446 0 1 0 0.0000 0.8367
7 91.7822 124.1051 2 2 0 1 0.7508 1 1 0 0.0000 0.8367
7 95.9064 128.1414 2 2 0 1 0.9225 1 1 0 0.0000 0.8367
7 111.8528 115.5680 2 3 0 0 0.7197 0 1 0 0.0000 0.8367
7 122.0531 99.8556 4 4 0 1 0.8913 1 1 0 0.0000 0.8367
7 120.7779 94.1121 4 4 0 1 0.5475 1 1 0 0.0000 0.8367
7 85.6290 129.7241 2 2 0 1 1.1882 1 1 0 0.0000 0.8367
7 116.9842 121.0366 4 4 0 1 1.1257 1 1 0 0.0000 0.8367
7 128.0954 100.7774 4 4 0 1 1.0476 1 1 0 0.0000 0.8367
7 99.2293 138.8234 2 4 0 0 0.8597 0 1 0 0.0000 0.8367
7 100.4535 75.4099 3 3 0 1 0.9229 1 1 0 0.0000 0.8367
7 77.5306 86.0670 1 1 0 1 0.9695 1 1 0 0.0000 0.8367
7 74.8396 110.4062 1 1 0 1 0.7039 1 1 0 0.0000 0.8367
7 136.8027 115.4470 4 4 0 1 1.0480 1 1 0 0.0000 0.8367
7 84.0640 104.1338 1 1 0 1 1.0005 1 1 0 0.0000 0.8367
7 127.9187 108.3813 4 4 0 1 0.9539 1 1 0 0.0000 0.8367
7 92.8701 115.4010 2 2 0 1 1.5164 1 1 0 0.0000 0.8367
7 97.3913 130.7559 2 2 0 1 0.7507 1 1 0 0.0000 0.8367
7 121.7999 103.9522 4 3 0 0 0.9696 0 1 0 0.0000 0.8367
7 88.7273 138.5179 2 2 0 1 0.9070 1 1 0 0.0000 0.8367
7 69.6587 95.3935 1 1 0 1 0.7506 1 1 0 0.0000 0.8367
7 121.3137 98.8788 4 3 0 0 1.4072 0 1 0 0.0000 0.8367
7 82.4519 94.3090 1 2 0 0 0.9225 0 1 0 0.0000 0.8367
7 103.2945 76.8177 3 3 0 1 0.5787 1 1 0 0.0000 0.8367
7 140.1412 112.9269 4 4 0 1 0.7972 1 1 0 0.0000 0.8367
7 93.9370 62.4624 3 2 0 0 0.9699 0 1 0 0.0000 0.8367
7 62.8468 102.1042 1 1 0 1 0.4383 1 1 0 0.0000 0.8367
7 99.5780 137.4124 2 3 0 0 1.4385 0 1 0 0.0000 0.8367
7 88.9937 55.4789 3 2 0 0 0.8914 0 1 0 0.0000 0.8367
7 63.2691 104.2814 1 1 0 1 0.7192 1 1 0 0.0000 0.8367
7 101.7032 60.1956 3 4 0 0 1.1259 0 1 0 0.0000 0.8367
7 63.8414 99.9808 1 1 0 1 0.6258 1 1 0 0.0000 0.8367
7 81.9795 108.6904 1 2 0 0 0.8132 0 1 0 0.0000 0.8367
7 148.4004 105.7397 4 4 0 1 0.6261 1 1 0 0.0000 0.8367
7 135.8160 105.1594 4 4 0 1 0.7043 1 1 0 0.0000 0.8367
7 115.6346 88.5311 3 3 0 1 1.1099 1 1 0 0.0000 0.8367
7 53.2597 97.6524 1 1 0 1 0.6726 1 1 0 0.0000 0.8367
7 119.8556 94.2118 4 4 0 1 1.0790 1 1 0 0.0000 0.8367
7 136.6877 95.0447 4 4 0 1 0.5631 1 1 0 0.0000 0.8367
7 91.3367 66.3946 3 2 0 0 0.8445 0 1 0 0.0000 0.8367
7 111.7934 125.1150 2 4 0 0 0.6101 0 1 0 0.0000 0.8367
7 95.5026 80.5391 3 3 0 1 0.9850 1 1 0 0.0000 0.8367
7 80.0327 125.0308 2 2 0 1 1.3916 1 1 0 0.0000 0.8367
7 61.8078 120.1106 1 1 0 1 0.6572 1 1 0 0.0000 0.8367
7 90.7274 115.0446 2 1 0 0 0.5318 0 1 0 0.0000 0.8367
8 99.8924 122.9074 2 3 0 0 0.8288 0 1 0 0.0000 0.8367
8 133.3841 95.1198 4 3 0 0 0.6259 0 1 0 0.0000 0.8367
8 80.0384 101.4079 1 2 0 0 0.8601 0 1 0 0.0000 0.8367
8 88.1528 75.4018 3 2 0 0 0.6415 0 1 0 0.0000 0.8367
8 105.4727 122.0417 2 3 0 0 0.7349 0 1 0 0.0000 0.8367
8 107.3375 146.0332 2 2 0 1 0.8601 1 1 0 0.0000 0.8367
8 154.9917 97.4097 4 4 0 1 1.0007 1 1 0 0.0000 0.8367
8 126.7152 117.4950 4 3 0 0 0.9381 0 1 0 0.0000 0.8367
8 88.1573 69.8247 3 2 0 0 31.9219 0 1 0 0.0000 0.8367
8 70.0570 97.8239 1 3 0 0 0.4694 0 1 0 0.0000 0.8367
8 95.6192 81.2971 3 2 0 0 1.3288 0 1 0 0.0000 0.8367
8 116.8400 79.5157 3 3 0 1 0.8133 1 1 0 0.0000 0.8367
8 76.3090 94.5660 1 2 0 0 0.7663 0 1 0 0.0000 0.8367
8 149.8503 85.6629 4 4 0 1 0.5944 1 1 0 0.0000 0.8367
8 58.4333 101.9441 1 1 0 1 0.6414 1 1 0 0.0000 0.8367
8 119.6989 106.1292 4 3 0 0 0.7975 0 1 0 0.0000 0.8367
8 134.5390 105.2827 4 4 0 1 0.5946 1 1 0 0.0000 0.8367
8 105.3469 62.1127 3 2 0 0 0.7035 0 1 0 0.0000 0.8367
8 108.6715 117.6680 2 3 0 0 0.9694 0 1 0 0.0000 0.8367
8 115.4950 102.4642 4 3 0 0 0.7976 0 1 0 0.0000 0.8367
8 98.2988 66.6219 3 4 0 0 0.4381 0 1 0 0.0000 0.8367
8 89.2490 78.6219 3 3 0 1 0.3759 1 1 0 0.0000 0.8367
8 94.4389 74.6188 3 3 0 1 0.5789 1 1 0 0.0000 0.8367
8 104.7658 137.1957 2 3 0 0 0.7974 0 1 0 0.0000 0.8367
8 104.6776 56.5007 3 4 0 0 0.4538 0 1 0 0.0000 0.8367
8 135.9208 94.1744 4 4 0 1 0.5944 1 1 0 0.0000 0.8367
8 66.3930 108.7872 1 1 0 1 0.8759 1 1 0 0.0000 0.8367
8 94.8763 128.9719 2 2 0 1 0.5787 1 1 0 0.0000 0.8367
8 142.5410 96.0239 4 4 0 1 0.8133 1 1 0 0.0000 0.8367
8 100.6615 138.9520 2 3 0 0 0.6258 0 1 0 0.0000 0.8367
8 93.3909 63.3240 3 2 0 0 0.6258 0 1 0 0.0000 0.8367
8 140.2754 107.0743 4 4 0 1 0.6726 1 1 0 0.0000 0.8367
8 98.9094 143.2802 2 3 0 0 0.6256 0 1 0 0.0000 0.8367
8 88.9518 121.9229 2 2 0 1 0.6256 1 1 0 0.0000 0.8367
8 106.3990 126.8403 2 4 0 0 0.9227 0 1 0 0.0000 0.8367
8 107.7046 80.5418 3 3 0 1 0.6101 1 1 0 0.0000 0.8367
8 79.1953 108.8968 1 2 0 0 0.6415 0 1 0 0.0000 0.8367
8 113.1897 81.5377 4 4 0 1 0.6259 1 1 0 0.0000 0.8367
8 99.2808 114.3206 2 3 0 0 0.8913 0 1 0 0.0000 0.8367
8 104.3017 71.1701 3 2 0 0 0.6890 0 1 0 0.0000 0.8367
8 77.5715 109.9897 1 4 0 0 0.6102 0 1 0 0.0000 0.8367
8 95.3532 130.8562 2 3 0 0 0.4226 0 1 0 0.0000 0.8367
8 125.4167 88.3572 4 4 0 1 0.6413 1 1 0 0.0000 0.8367
8 107.6510 124.9763 2 2 0 1 0.5791 1 1 0 0.0000 0.8367
8 70.9801 97.4984 1 1 0 1 0.7664 1 1 0 0.0000 0.8367
8 124.2482 90.8835 4 4 0 1 0.8913 1 1 0 0.0000 0.8367
8 117.8498 104.5631 4 2 0 0 0.8135 0 1 0 0.0000 0.8367
8 109.8880 115.3438 2 4 0 0 0.5007 0 1 0 0.0000 0.8367
8 68.8092 92.9212 1 3 0 0 0.4382 0 1 0 0.0000 0.8367
8 99.8686 69.5788 3 2 0 0 1.2349 0 1 0 0.0000 0.8367
8 64.1784 95.8536 1 1 0 1 0.7822 1 1 0 0.0000 0.8367
8 89.8963 132.1882 2 2 0 1 0.8600 1 1 0 0.0000 0.8367
8 110.4528 128.4331 2 2 0 1 1.2194 1 1 0 0.0000 0.8367
8 109.9944 128.7132 2 4 0 0 1.0478 0 1 0 0.0000 0.8367
8 81.7712 111.1103 1 2 0 0 1.6257 0 1 0 0.0000 0.8367
8 96.4990 80.8376 3 4 0 0 0.8132 0 1 0 0.0000 0.8367
8 104.1968 141.2735 2 2 0 1 0.9068 1 1 0 0.0000 0.8367
8 67.6983 96.7664 1 1 0 1 0.7040 1 1 0 0.0000 0.8367
8 77.9282 100.4959 1 2 0 0 0.8444 0 1 0 0.0000 0.8367
8 139.6484 97.5681 4 4 0 1 0.8445 1 1 0 0.0000 0.8367
8 132.4578 93.5496 4 4 0 1 0.5008 1 1 0 0.0000 0.8367
8 134.6526 106.7230 4 4 0 1 0.4228 1 1 0 0.0000 0.8367
8 97.2248 74.9069 3 2 0 0 0.9695 0 1 0 0.0000 0.8367
8 100.9880 121.5908 2 3 0 0 1.0791 0 1 0 0.0000 0.8367
8 94.8067 71.0829 3 3 0 1 0.5631 1 1 0 0.0000 0.8367
8 129.2654 80.7698 4 4 0 1 0.7820 1 1 0 0.0000 0.8367
8 103.5842 78.5183 3 4 0 0 0.3911 0 1 0 0.0000 0.8367
8 83.5518 92.8667 1 2 0 0 0.2818 0 1 0 0.0000 0.8367
8 78.5336 135.8575 2 4 0 0 0.1725 0 1 0 0.0000 0.8367
8 104.8871 113.3817 2 1 0 0 0.5163 0 1 0 0.0000 0.8367
8 106.4592 68.8722 3 3 0 1 0.2663 1 1 0 0.0000 0.8367
8 65.5740 101.7929 1 2 0 0 0.6882 0 1 0 0.0000 0.8367
8 82.0931 84.7054 1 1 0 1 0.3598 1 1 0 0.0000 0.8367
8 101.9040 83.9635 3 2 0 0 0.7820 0 1 0 0.0000 0.8367
8 100.2814 82.6420 3 4 0 0 0.6883 0 1 0 0.0000 0.8367
8 94.7207 105.7847 2 3 0 0 0.2666 0 1 0 0.0000 0.8367
8 146.5705 88.5627 4 2 0 0 0.3440 0 1 0 0.0000 0.8367
8 83.5111 127.4984 2 2 0 1 1.0319 1 1 0 0.0000 0.8367
8 71.8706 91.0002 1 2 0 0 1.9850 0 1 0 0.0000 0.8367
8 104.7419 95.8541 4 1 0 0 0.8290 0 1 0 0.0000 0.8367
8 120.2365 105.3651 4 4 0 1 1.6414 1 1 0 0.0000 0.8367
8 90.9948 70.2116 3 3 0 1 1.3756 1 1 0 0.0000 0.8367
8 124.5032 100.2541 4 4 0 1 0.6881 1 1 0 0.0000 0.8367
8 105.3690 62.3515 3 2 0 0 0.9851 0 1 0 0.0000 0.8367
8 87.4036 103.1563 1 1 0 1 0.7350 1 1 0 0.0000 0.8367
8 121.8181 81.1996 4 2 0 0 0.9069 0 1 0 0.0000 0.8367
8 64.2303 102.6138 1 1 0 1 0.7353 1 1 0 0.0000 0.8367
8 85.1726 84.3353 1 3 0 0 0.4225 0 1 0 0.0000 0.8367
8 64.6998 97.2169 1 1 0 1 0.7507 1 1 0 0.0000 0.8367
8 117.2038 70.5478 3 2 0 0 0.9381 0 1 0 0.0000 0.8367
8 111.4199 105.7905 4 3 0 0 1.5315 0 1 0 0.0000 0.8367
8 119.9412 80.9812 3 2 0 0 2.0008 0 1 0 0.0000 0.8367
8 80.3229 104.6976 1 2 0 0 0.9695 0 1 0 0.0000 0.8367
8 103.7841 117.2437 2 3 0 0 41.4971 0 1 0 0.0000 0.8367
8 77.0293 88.6312 1 2 0 0 2.5319 0 1 0 0.0000 0.8367
8 55.9682 101.5119 1 1 0 1 0.7206 1 1 0 0.0000 0.8367
8 59.3703 85.0339 1 1 0 1 0.6569 1 1 0 0.0000 0.8367
8 80.5237 83.7751 3 2 0 0 1.1103 0 1 0 0.0000 0.8367
8 97.8579 128.1863 2 3 0 0 2.2821 0 1 0 0.0000 0.8367
8 125.3780 93.6617 4 4 0 1 1.5944 1 1 0 0.0000 0.8367
9 95.6356 122.0070 2 4 0 0 5.4847 0 1 0 0.0000 0.8367
9 131.2836 106.8547 4 4 0 1 0.6256 1 1 0 0.0000 0.8367
9 89.2050 134.1374 2 3 0 0 0.6415 0 1 0 0.0000 0.8367
9 75.9614 119.5233 1 2 0 0 0.6100 0 1 0 0.0000 0.8367
9 104.8673 128.2429 2 2 0 1 0.6726 1 1 0 0.0000 0.8367
9 103.3200 134.0606 2 3 0 0 0.7038 0 1 0 0.0000 0.8367
9 108.8770 124.8040 2 3 0 0 0.6572 0 1 0 0.0000 0.8367
9 79.8331 109.3147 1 2 0 0 0.2509 0 1 0 0.0000 0.8367
9 84.3613 143.2540 2 4 0 0 0.5944 0 1 0 0.0000 0.8367
9 132.4728 91.2742 4 3 0 0 1.4693 0 1 0 0.0000 0.8367
9 107.4919 124.2660 2 4 0 0 0.7039 0 1 0 0.0000 0.8367
9 132.5168 79.3665 4 2 0 0 0.5944 0 1 0 0.0000 0.8367
9 136.2692 109.1555 4 3 0 0 0.7039 0 1 0 0.0000 0.8367
9 123.5941 102.7619 4 4 0 1 1.6883 1 1 0 0.0000 0.8367
9 86.8404 95.0285 3 2 0 0 1.7977 0 1 0 0.0000 0.8367
9 94.3007 69.4132 3 3 0 1 0.6569 1 1 0 0.0000 0.8367
9 82.2037 101.0427 1 2 0 0 1.5165 0 1 0 0.0000 0.8367
9 93.6008 125.3017 2 3 0 0 0.9070 0 1 0 0.0000 0.8367
9 76.1655 80.2105 1 1 0 1 1.3134 1 1 0 0.0000 0.8367
9 106.3064 69.9625 3 2 0 0 1.0632 0 1 0 0.0000 0.8367
9 104.7057 119.4283 2 4 0 0 0.5945 0 1 0 0.0000 0.8367
9 93.3553 104.9840 1 2 0 0 0.9382 0 1 0 0.0000 0.8367
9 75.4131 94.6944 1 2 0 0 1.2817 0 1 0 0.0000 0.8367
9 95.0387 77.2566 3 1 0 0 0.8444 0 1 0 0.0000 0.8367
9 96.6668 66.6565 3 3 0 1 0.6570 1 1 0 0.0000 0.8367
9 150.1976 102.3980 4 4 0 1 0.9067 1 1 0 0.0000 0.8367
9 89.6707 66.7162 3 3 0 1 0.8133 1 1 0 0.0000 0.8367
9 141.1648 118.9442 4 4 0 1 0.6570 1 1 0 0.0000 0.8367
9 126.2764 83.8192 4 3 0 0 0.8289 0 1 0 0.0000 0.8367
9 110.0655 62.6440 3 2 0 0 0.6884 0 1 0 0.0000 0.8367
9 127.7091 94.5345 4 4 0 1 0.7505 1 1 0 0.0000 0.8367
9 93.2724 118.2552 2 3 0 0 0.7040 0 1 0 0.0000 0.8367
9 71.0004 111.1560 1 1 0 1 0.9071 1 1 0 0.0000 0.8367
9 75.2236 88.3775 1 1 0 1 0.8757 1 1 0 0.0000 0.8367
9 81.3311 81.8530 1 1 0 1 1.3756 1 1 0 0.0000 0.8367
9 104.7563 75.8659 3 2 0 0 1.0639 0 1 0 0.0000 0.8367
9 122.5304 84.5825 4 4 0 1 0.5632 1 1 0 0.0000 0.8367
9 113.3941 91.5610 4 3 0 0 0.7037 0 1 0 0.0000 0.8367
9 112.4084 118.7632 4 4 0 1 0.6257 1 1 0 0.0000 0.8367
9 90.3402 116.8999 1 2 0 0 1.0164 0 1 0 0.0000 0.8367
9 98.6420 67.0848 3 3 0 1 0.5946 1 1 0 0.0000 0.8367
9 101.4158 66.0176 3 3 0 1 0.5321 1 1 0 0.0000 0.8367
9 51.4384 108.5347 1 1 0 1 0.9539 1 1 0 0.0000 0.8367
9 91.6975 118.6216 2 2 0 1 0.9851 1 1 0 0.0000 0.8367
9 111.8529 106.1376 4 3 0 0 1.0317 0 1 0 0.0000 0.8367
9 96.4913 75.5477 3 4 0 0 0.4696 0 1 0 0.0000 0.8367
9 78.2750 98.0735 1 2 0 0 0.2508 0 1 0 0.0000 0.8367
9 95.5324 124.7046 2 3 0 0 0.3133 0 1 0 0.0000 0.8367
9 98.2208 65.4573 3 4 0 0 0.2197 0 1 0 0.0000 0.8367
9 64.0133 119.6554 1 1 0 1 0.9224 1 1 0 0.0000 0.8367
