1 155.5389 116.8019 1 1 2 1 7.3368 1 1
1 50.0269 64.8463 2 1 1 0 7.9340 0 1
1 91.4495 69.8409 1 1 1 1 3.5518 1 1
1 92.6794 83.2302 1 1 1 1 4.7220 1 1
1 130.2437 142.5202 2 2 2 1 22.9440 1 1
1 81.9902 66.8139 1 2 1 0 9.4757 0 1
1 72.8497 56.4468 1 2 1 0 1.3890 0 1
1 68.5700 75.8278 2 2 1 1 2.9986 1 1
1 129.3946 123.1748 1 1 2 1 4.2503 1 1
1 78.2081 102.1261 2 2 1 1 12.5723 1 1
1 91.0478 121.4502 2 1 2 0 1.9257 0 1
1 62.8931 123.9767 2 1 1 0 10.8280 0 1
1 55.9254 156.3077 2 2 2 1 5.1603 1 1
1 130.8378 105.7531 1 1 2 1 1.4435 1 1
1 78.8090 115.0609 2 2 1 1 6.6384 1 1
1 55.0699 118.2936 2 2 1 1 1.8558 1 1
1 150.0733 137.6302 1 2 2 0 1.6533 0 1
1 120.6041 54.2528 1 1 1 1 7.2697 1 1
1 81.8650 151.6372 2 2 2 1 7.3663 1 1
1 55.1132 77.7340 2 2 1 1 10.6164 1 1
1 129.2852 142.1917 2 1 2 0 3.6474 0 1
1 66.5570 82.9287 2 2 1 1 25.8251 1 1
1 67.8954 138.4359 2 1 2 0 6.4310 0 1
1 100.9524 140.2154 2 1 2 0 1.4827 0 1
1 90.2033 41.2139 1 1 1 1 2.6792 1 1
1 138.4237 50.7798 1 1 1 1 1.3942 1 1
1 157.3669 113.2932 1 1 2 1 2.3489 1 1
1 91.4992 114.5174 2 2 2 1 3.0244 1 1
1 94.9566 137.1110 2 2 2 1 2.3725 1 1
1 97.1740 43.4145 1 1 1 1 2.3758 1 1
1 111.2725 81.2967 1 1 1 1 1.8668 1 1
1 40.5335 106.1738 2 2 1 1 4.3530 1 1
1 106.7389 62.1632 1 1 1 1 2.0555 1 1
1 116.3059 91.3305 1 1 2 1 1.7466 1 1
1 120.6292 109.8593 1 1 2 1 3.5101 1 1
1 96.7211 41.0608 1 1 1 1 2.1822 1 1
1 138.0413 110.2306 1 1 2 1 3.1080 1 1
1 78.8596 146.0343 2 2 2 1 1.4019 1 1
1 117.3625 155.1623 2 2 2 1 1.3167 1 1
1 94.0184 132.9230 2 2 2 1 2.6208 1 1
1 125.3511 101.5916 1 1 2 1 1.5590 1 1
1 85.2172 122.5391 2 2 2 1 2.1169 1 1
1 105.9276 67.4116 1 1 1 1 1.5860 1 1
1 143.1539 82.8685 1 1 2 1 1.3767 1 1
1 43.4508 125.5902 2 2 1 1 1.7864 1 1
1 112.6410 158.8326 2 2 2 1 1.4222 1 1
1 155.4121 123.6722 1 1 2 1 2.0568 1 1
1 99.0416 73.3106 1 1 1 1 3.2672 1 1
1 138.7294 50.3176 1 1 1 1 1.3262 1 1
1 60.0714 101.4182 2 2 1 1 1.0461 1 1
1 155.4236 107.6300 1 1 2 1 3.2717 1 1
1 41.5248 102.8565 2 2 1 1 1.6500 1 1
1 98.3521 155.1625 2 2 2 1 1.1554 1 1
1 159.5600 95.5646 1 1 2 1 2.3267 1 1
1 44.3447 145.7072 2 2 1 1 1.0164 1 1
1 55.0286 100.7746 2 2 1 1 1.9921 1 1
1 158.2053 104.7547 1 1 2 1 1.3940 1 1
1 93.8334 69.9058 1 1 1 1 1.1311 1 1
1 97.8503 127.1806 2 2 2 1 3.2778 1 1
1 71.7315 59.0649 1 1 1 1 2.5683 1 1
1 158.7379 91.7028 1 1 2 1 1.0725 1 1
1 135.8549 119.5628 1 1 2 1 5.3463 1 1
1 145.3512 48.1385 1 1 1 1 1.0897 1 1
1 116.8480 88.3819 1 1 2 1 2.2596 1 1
1 113.0146 152.7416 2 2 2 1 0.9164 1 1
1 77.8162 142.0763 2 2 2 1 0.6901 1 1
1 154.0862 61.5085 1 1 2 1 0.7939 1 1
1 42.1861 145.9710 2 2 1 1 0.7400 1 1
1 86.8619 80.2007 1 1 1 1 2.8290 1 1
1 68.3891 58.7421 1 1 1 1 3.8201 1 1
1 41.9337 119.2670 2 2 1 1 1.2366 1 1
1 85.1135 144.5516 2 2 2 1 0.8107 1 1
1 75.5890 132.5360 2 2 2 1 2.5664 1 1
1 158.5669 90.9004 1 1 2 1 1.1341 1 1
1 76.3794 84.7955 2 2 1 1 5.0891 1 1
1 52.7966 131.6272 2 2 1 1 1.1299 1 1
1 115.9653 106.2664 1 1 2 1 1.6940 1 1
1 74.6760 62.1369 1 1 1 1 4.5590 1 1
1 94.8536 67.0747 1 1 1 1 1.2415 1 1
1 153.8238 142.5727 1 2 2 0 2.8164 0 1
1 115.4241 158.2307 2 2 2 1 1.2469 1 1
1 45.0105 92.1576 2 2 1 1 5.2376 1 1
1 62.5096 73.8873 2 2 1 1 5.5219 1 1
1 55.9739 108.4483 2 2 1 1 3.2535 1 1
1 84.9465 78.3613 1 2 1 0 11.2787 0 1
1 141.7627 131.8047 1 1 2 1 9.8140 1 1
1 73.6859 159.7993 2 2 2 1 1.0322 1 1
1 140.3501 146.6553 2 1 2 0 3.1292 0 1
1 157.5632 87.9117 1 1 2 1 0.9597 1 1
1 130.6403 41.1028 1 1 1 1 1.4075 1 1
1 88.9956 151.1414 2 2 2 1 1.2738 1 1
1 99.3774 61.0888 1 1 1 1 0.7374 1 1
1 63.1572 119.1604 2 2 1 1 0.9056 1 1
1 109.0841 62.4238 1 1 1 1 1.0153 1 1
1 157.3413 100.8563 1 1 2 1 0.8391 1 1
1 41.4875 144.1547 2 2 1 1 0.9461 1 1
1 56.7528 62.1956 2 2 1 1 1.5842 1 1
1 126.6227 147.1530 2 1 2 0 3.3438 0 1
1 125.7831 96.4275 1 1 2 1 1.4839 1 1
1 53.8804 101.6800 2 2 1 1 1.8637 1 1
2 156.7575 79.6427 1 1 2 1 1.0820 1 1
2 45.6308 50.6552 2 2 1 1 3.8335 1 1
2 133.5718 103.4367 1 1 2 1 1.3302 1 1
2 128.1032 113.6922 1 1 2 1 2.1867 1 1
2 59.5426 42.7868 1 2 1 0 2.1847 0 1
2 66.7448 142.3706 2 2 2 1 1.3199 1 1
2 154.2846 101.0284 1 1 2 1 1.1523 1 1
2 156.6482 76.1549 1 1 2 1 2.8362 1 1
2 124.1404 136.5222 2 2 2 1 1.8602 1 1
2 86.1763 75.0140 1 1 1 1 7.0976 1 1
2 62.4765 120.0549 2 2 1 1 2.7900 1 1
2 77.9670 109.1201 2 2 1 1 6.3883 1 1
2 125.0713 110.7889 1 1 2 1 0.9588 1 1
2 82.8968 52.2655 1 2 1 0 5.1969 0 1
2 134.1692 150.5781 2 2 2 1 5.7691 1 1
2 117.4994 148.2233 2 2 2 1 4.2428 1 1
2 86.6746 156.1027 2 2 2 1 3.1420 1 1
2 87.3105 43.4883 1 1 1 1 1.5494 1 1
2 68.6209 100.0413 2 2 1 1 2.1068 1 1
2 92.6925 70.2997 1 1 1 1 1.0001 1 1
2 46.1395 59.6881 2 2 1 1 1.2713 1 1
2 79.5776 58.8439 1 1 1 1 1.9822 1 1
2 89.8121 40.0280 1 1 1 1 1.1109 1 1
2 141.3568 127.5347 1 1 2 1 2.0251 1 1
2 132.0929 57.6251 1 1 1 1 0.8351 1 1
2 84.5716 76.6673 1 1 1 1 2.8787 1 1
2 82.7662 49.9921 1 1 1 1 0.8630 1 1
2 143.7457 110.7362 1 1 2 1 1.1471 1 1
2 80.8539 128.0196 2 2 2 1 2.0786 1 1
2 94.9232 158.2614 2 2 2 1 1.1143 1 1
2 127.2992 64.9701 1 1 1 1 0.9569 1 1
2 150.1124 138.2651 1 1 2 1 4.9870 1 1
2 140.7545 107.8321 1 1 2 1 2.0336 1 1
2 50.0884 68.6565 2 2 1 1 1.0200 1 1
2 45.8844 98.0391 2 2 1 1 1.1967 1 1
2 44.6302 131.8081 2 2 1 1 1.1065 1 1
2 57.4298 149.9127 2 2 2 1 1.3814 1 1
2 114.9470 109.5395 1 1 2 1 1.1516 1 1
2 72.0918 94.9954 2 1 1 0 3.2830 0 1
2 140.7455 75.7059 1 1 2 1 2.1571 1 1
2 40.1500 105.6004 2 2 1 1 0.7146 1 1
2 89.3017 53.6628 1 1 1 1 1.0593 1 1
2 64.4409 88.2882 2 2 1 1 3.2524 1 1
2 122.4050 89.9898 1 1 2 1 0.7821 1 1
2 85.3176 137.4845 2 2 2 1 3.8487 1 1
2 139.2824 93.5272 1 1 2 1 0.7540 1 1
2 107.5730 102.0041 1 1 2 1 1.8200 1 1
2 82.7276 108.1737 2 1 1 0 3.2656 0 1
2 75.8134 62.9932 1 1 1 1 1.5319 1 1
2 66.2965 83.6110 2 2 1 1 3.8485 1 1
2 113.9442 156.3022 2 2 2 1 0.8654 1 1
2 81.8723 71.0242 1 1 1 1 4.4946 1 1
2 62.2660 85.9957 2 2 1 1 1.1280 1 1
2 98.2107 124.2214 2 1 2 0 2.3002 0 1
2 54.6733 68.2219 2 2 1 1 0.8297 1 1
2 113.9497 72.6801 1 1 1 1 1.0649 1 1
2 88.0799 67.5857 1 1 1 1 1.8986 1 1
2 151.3950 86.5348 1 1 2 1 0.7376 1 1
2 131.9884 157.6976 2 2 2 1 0.8423 1 1
2 68.7487 146.0241 2 2 2 1 8.1181 1 1
2 159.7748 79.3374 1 1 2 1 0.8607 1 1
2 106.9217 46.5080 1 1 1 1 1.1609 1 1
2 101.5146 157.9467 2 2 2 1 0.7818 1 1
2 148.9082 127.0563 1 1 2 1 1.2889 1 1
2 58.2673 48.1015 1 1 1 1 2.9284 1 1
2 71.9705 111.7483 2 2 1 1 0.9782 1 1
2 99.1875 139.0785 2 2 2 1 1.0732 1 1
2 95.4834 143.7144 2 2 2 1 0.7390 1 1
2 147.6350 107.6114 1 1 2 1 0.9240 1 1
2 152.0834 40.4585 1 1 1 1 0.8258 1 1
2 125.8449 83.9156 1 1 2 1 0.6772 1 1
2 71.3499 76.4088 2 1 1 0 8.7324 0 1
2 47.1112 57.2206 2 2 1 1 1.5867 1 1
2 53.4493 63.1466 2 2 1 1 1.2980 1 1
2 149.7605 158.0192 2 2 2 1 0.9690 1 1
2 43.4711 146.7089 2 2 1 1 0.9522 1 1
2 150.7770 114.6828 1 1 2 1 0.9349 1 1
2 64.8280 90.7921 2 2 1 1 2.5327 1 1
2 64.5300 109.8281 2 2 1 1 1.0210 1 1
2 158.9636 67.2312 1 1 2 1 0.6536 1 1
2 116.7866 142.5154 2 2 2 1 1.2687 1 1
2 41.8292 134.0973 2 2 1 1 0.6204 1 1
2 138.2250 40.1925 1 1 1 1 0.7404 1 1
2 101.0831 76.4254 1 1 1 1 1.1495 1 1
2 87.0479 137.2926 2 2 2 1 0.8491 1 1
2 127.2986 42.9464 1 1 1 1 0.6855 1 1
2 88.6582 52.2853 1 1 1 1 1.3490 1 1
2 80.3064 54.2200 1 1 1 1 1.7574 1 1
2 75.0854 60.8158 1 2 1 0 1.8882 0 1
2 104.6631 112.2426 2 2 2 1 1.4461 1 1
2 121.2717 157.4667 2 2 2 1 0.7377 1 1
2 152.7014 137.4161 1 1 2 1 1.7864 1 1
2 108.7002 152.6548 2 2 2 1 0.8140 1 1
2 57.5741 108.2041 2 2 1 1 2.0091 1 1
2 95.4036 118.6405 2 2 2 1 1.7311 1 1
2 104.9799 129.6599 2 2 2 1 1.8939 1 1
2 132.3217 148.2793 2 2 2 1 3.3407 1 1
2 58.1642 69.1130 2 2 1 1 2.1526 1 1
2 145.1338 93.5104 1 1 2 1 1.0302 1 1
2 122.4034 87.4736 1 1 2 1 1.7352 1 1
3 122.5734 57.6265 1 1 1 1 1.3219 1 1
3 116.2296 155.6521 2 2 2 1 0.6519 1 1
3 108.9156 156.5111 2 2 2 1 0.7227 1 1
3 99.9571 53.5981 1 1 1 1 0.8120 1 1
3 54.1363 130.1684 2 2 1 1 0.8706 1 1
3 55.5557 138.7941 2 2 1 1 0.6919 1 1
3 138.4082 144.5668 2 2 2 1 5.6436 1 1
3 88.2464 156.3766 2 2 2 1 1.0584 1 1
3 125.6209 145.7349 2 2 2 1 1.3317 1 1
3 61.4044 93.3766 2 2 1 1 7.6273 1 1
3 74.2365 141.1309 2 2 2 1 1.1252 1 1
3 112.3714 117.4711 2 1 2 0 1.3041 0 1
3 140.0737 54.4442 1 1 1 1 0.6559 1 1
3 86.1614 141.6035 2 2 2 1 0.8385 1 1
3 94.6295 112.9145 2 1 2 0 4.3061 0 1
3 54.2837 69.4407 2 2 1 1 5.3024 1 1
3 105.1025 55.4890 1 1 1 1 0.8209 1 1
3 75.4517 46.3932 1 1 1 1 1.2651 1 1
3 91.6441 70.0882 1 1 1 1 1.0792 1 1
3 65.5398 53.5777 1 1 1 1 2.3134 1 1
3 147.8376 119.5859 1 1 2 1 1.0825 1 1
3 158.4577 51.8873 1 1 2 1 0.6053 1 1
3 129.5017 139.1408 2 2 2 1 1.5712 1 1
3 68.7986 107.2396 2 2 1 1 2.5938 1 1
3 99.3276 141.9627 2 2 2 1 0.9552 1 1
3 49.9047 67.8237 2 2 1 1 2.8742 1 1
3 152.3903 134.4572 1 2 2 0 1.4346 0 1
3 147.8905 42.9702 1 1 1 1 0.6614 1 1
3 88.3221 75.5460 1 1 1 1 3.0528 1 1
3 126.7697 41.0928 1 1 1 1 0.7221 1 1
3 157.9441 134.0421 1 2 2 0 1.1785 0 1
3 68.9421 118.4266 2 2 1 1 3.0556 1 1
3 138.8513 54.5923 1 1 1 1 1.1236 1 1
3 90.7915 133.0787 2 2 2 1 0.9184 1 1
3 103.2993 64.2301 1 1 1 1 0.9484 1 1
3 123.4381 83.5437 1 1 2 1 0.8995 1 1
3 67.7874 83.3483 2 2 1 1 3.2490 1 1
3 150.2580 119.9929 1 1 2 1 2.2506 1 1
3 61.6058 77.1496 2 2 1 1 7.2261 1 1
3 116.7996 110.4756 1 1 2 1 3.1781 1 1
3 66.5928 40.9989 1 1 1 1 1.1698 1 1
3 73.7350 41.2795 1 1 1 1 1.1256 1 1
3 106.4773 116.3314 2 2 2 1 7.0966 1 1
3 76.3635 118.4299 2 2 1 1 1.2849 1 1
3 60.0365 50.4493 1 1 1 1 6.3476 1 1
3 99.2383 69.5705 1 1 1 1 1.5087 1 1
3 76.2791 157.8067 2 2 2 1 0.7855 1 1
3 41.7364 86.3963 2 2 1 1 1.6917 1 1
3 96.5264 76.5425 1 1 1 1 1.8217 1 1
3 45.0152 60.4434 2 2 1 1 2.3231 1 1
3 134.2938 155.2594 2 2 2 1 2.0530 1 1
3 67.4057 54.0493 1 1 1 1 1.6481 1 1
3 57.8319 147.2606 2 2 2 1 0.6095 1 1
3 125.5527 118.5839 1 1 2 1 5.5435 1 1
3 155.3411 136.0304 1 2 2 0 4.8600 0 1
3 88.2468 40.6729 1 1 1 1 0.9589 1 1
3 93.8518 112.8126 2 1 2 0 2.7175 0 1
3 101.0653 151.8126 2 2 2 1 0.7456 1 1
3 153.6135 95.8856 1 1 2 1 0.9156 1 1
3 59.0790 66.7497 2 1 1 0 4.1294 0 1
3 136.0818 73.8396 1 1 2 1 1.7453 1 1
3 83.5930 130.1769 2 2 2 1 1.0440 1 1
3 83.1020 133.7359 2 2 2 1 1.0773 1 1
3 145.9291 118.0888 1 1 2 1 8.1505 1 1
3 106.6767 98.5179 1 1 2 1 1.5184 1 1
3 151.0174 80.9197 1 1 2 1 0.7959 1 1
3 49.6480 119.4008 2 2 1 1 1.0473 1 1
3 98.2772 66.1956 1 1 1 1 0.9678 1 1
3 144.4554 127.0628 1 1 2 1 1.9754 1 1
3 42.3552 106.0796 2 2 1 1 1.3285 1 1
3 134.1845 125.5812 1 1 2 1 3.7049 1 1
3 140.7698 128.3419 1 1 2 1 1.5497 1 1
3 128.3978 156.5528 2 2 2 1 1.2925 1 1
3 54.6524 60.5511 2 2 1 1 5.6998 1 1
3 151.5130 69.1622 1 1 2 1 1.0047 1 1
3 47.7069 62.8335 2 2 1 1 8.7327 1 1
3 75.4803 84.6467 2 1 1 0 5.3000 0 1
3 159.8871 88.6864 1 1 2 1 1.5863 1 1
3 151.6182 116.1625 1 1 2 1 3.4413 1 1
3 101.4038 45.9020 1 1 1 1 0.8645 1 1
3 41.3811 137.1095 2 2 1 1 0.7174 1 1
3 105.7243 130.6237 2 2 2 1 3.1106 1 1
3 78.3597 108.5793 2 2 1 1 2.3968 1 1
3 114.8698 63.8471 1 1 1 1 0.7848 1 1
3 108.3085 61.2400 1 1 1 1 1.5472 1 1
3 41.1516 150.0599 2 2 1 1 0.6334 1 1
3 144.9103 127.4652 1 1 2 1 2.0323 1 1
3 146.6422 74.0274 1 1 2 1 0.5539 1 1
3 60.1661 117.5131 2 2 1 1 1.6143 1 1
3 115.6532 136.7356 2 2 2 1 0.8622 1 1
3 146.3955 67.6803 1 1 2 1 0.5866 1 1
3 44.5250 72.8516 2 2 1 1 1.4246 1 1
3 71.0283 79.2888 2 2 1 1 7.9154 1 1
3 150.3622 97.8601 1 1 2 1 1.1649 1 1
3 88.5763 140.5005 2 2 2 1 1.2816 1 1
3 80.0228 44.4312 1 1 1 1 1.4171 1 1
3 68.2184 117.7752 2 2 1 1 0.7404 1 1
3 68.6439 58.4014 1 1 1 1 0.6063 1 1
3 137.1870 69.1599 1 1 2 1 0.9799 1 1
3 104.0662 140.7403 2 2 2 1 0.9314 1 1
4 135.0846 49.8591 1 1 1 1 1.1141 1 1
4 87.1006 54.1746 1 1 1 1 0.5231 1 1
4 145.9509 99.5445 1 1 2 1 1.1514 1 1
4 56.3395 85.5683 2 2 1 1 2.2593 1 1
4 146.7087 139.4415 1 2 2 0 0.7882 0 1
4 75.4193 110.2042 2 2 1 1 0.8798 1 1
4 133.8736 80.1313 1 1 2 1 0.7489 1 1
4 80.0165 54.6773 1 1 1 1 0.6633 1 1
4 114.6539 60.9571 1 1 1 1 0.4801 1 1
4 56.3920 103.8838 2 2 1 1 0.7229 1 1
4 158.7264 113.2215 1 1 2 1 0.9068 1 1
4 48.4909 140.2278 2 2 1 1 0.6008 1 1
4 69.8773 158.9432 2 2 2 1 0.5904 1 1
4 142.9530 122.1567 1 1 2 1 0.9142 1 1
4 110.4008 40.3614 1 1 1 1 0.8321 1 1
4 99.6331 135.4028 2 2 2 1 5.0832 1 1
4 67.6550 103.7754 2 2 1 1 1.3167 1 1
4 149.9422 70.1977 1 1 2 1 0.6207 1 1
4 53.6528 130.1047 2 2 1 1 0.6595 1 1
4 52.4675 44.0501 1 1 1 1 1.3225 1 1
4 103.9436 128.1151 2 2 2 1 6.7869 1 1
4 150.0102 66.1431 1 1 2 1 0.6636 1 1
4 56.9401 119.2781 2 2 1 1 0.6394 1 1
4 87.0767 129.8684 2 2 2 1 0.6460 1 1
4 124.3013 58.7751 1 1 1 1 0.4932 1 1
4 104.3085 130.3335 2 2 2 1 0.6559 1 1
4 60.3331 150.6106 2 2 2 1 0.6303 1 1
4 51.9230 46.5196 1 1 1 1 1.5801 1 1
4 107.2132 141.3327 2 2 2 1 1.8185 1 1
4 88.6579 123.6076 2 2 2 1 1.9034 1 1
4 143.1162 97.0352 1 1 2 1 0.6466 1 1
4 144.9810 137.3260 1 1 2 1 1.9342 1 1
4 43.2235 129.5645 2 2 1 1 1.2705 1 1
4 114.6344 44.3772 1 1 1 1 0.7493 1 1
4 103.5504 134.9735 2 2 2 1 1.3030 1 1
4 83.1756 130.0687 2 1 2 0 3.2627 0 1
4 153.2870 68.5402 1 1 2 1 0.6337 1 1
4 122.0193 41.7967 1 1 1 1 0.7043 1 1
4 50.5356 41.7408 1 1 1 1 1.0495 1 1
4 110.7384 54.5458 1 1 1 1 0.6511 1 1
4 100.8246 80.3733 1 1 1 1 0.6739 1 1
4 61.6635 88.4297 2 2 1 1 3.6262 1 1
4 124.7287 159.5565 2 2 2 1 0.7175 1 1
4 90.6256 48.1533 1 1 1 1 1.1103 1 1
4 127.9196 142.8193 2 2 2 1 0.8257 1 1
4 131.7263 91.7039 1 1 2 1 0.8530 1 1
4 159.2680 95.1175 1 1 2 1 0.7373 1 1
4 121.5949 106.7017 1 1 2 1 1.0670 1 1
4 62.3853 112.7103 2 2 1 1 1.0852 1 1
4 123.1170 91.3019 1 1 2 1 0.7514 1 1
4 132.6242 106.6330 1 1 2 1 0.6004 1 1
4 142.6012 41.7811 1 1 1 1 0.5425 1 1
4 98.3978 61.3570 1 1 1 1 0.6589 1 1
4 85.7895 124.6897 2 2 2 1 0.7935 1 1
4 74.1678 108.9962 2 2 1 1 1.8920 1 1
4 94.2570 137.6597 2 2 2 1 0.8904 1 1
4 46.8446 134.3643 2 2 1 1 0.8074 1 1
4 50.0967 132.8867 2 2 1 1 0.7864 1 1
4 105.1908 50.9755 1 1 1 1 0.5722 1 1
4 44.0976 104.1516 2 2 1 1 0.7694 1 1
4 135.0743 112.6122 1 1 2 1 0.8920 1 1
4 125.9444 133.3268 2 1 2 0 3.4171 0 1
4 51.6405 109.1481 2 2 1 1 1.8316 1 1
4 125.8004 152.4131 2 2 2 1 0.8772 1 1
4 123.1581 145.3501 2 2 2 1 1.7213 1 1
4 58.9938 151.1785 2 2 2 1 0.7648 1 1
4 47.2826 93.2939 2 2 1 1 0.8383 1 1
4 72.5187 107.0204 2 2 1 1 1.3623 1 1
4 105.8575 157.5294 2 2 2 1 1.0679 1 1
4 71.6321 91.5444 2 2 1 1 4.0133 1 1
4 84.6034 147.9342 2 2 2 1 1.0180 1 1
4 92.0726 153.9494 2 2 2 1 0.6185 1 1
4 42.7862 51.4184 2 2 1 1 4.3533 1 1
4 62.3621 68.9283 2 1 1 0 1.5268 0 1
4 71.4189 62.6138 1 1 1 1 2.5649 1 1
4 119.6716 106.2349 1 1 2 1 1.0700 1 1
4 79.6212 48.6097 1 1 1 1 0.7692 1 1
4 147.7012 44.8292 1 1 1 1 0.6836 1 1
4 78.9023 68.6137 1 1 1 1 0.6116 1 1
4 59.1139 86.4403 2 2 1 1 4.5054 1 1
4 65.1613 99.4843 2 2 1 1 2.0035 1 1
4 133.0076 109.0802 1 1 2 1 0.9574 1 1
4 73.4667 47.8468 1 1 1 1 1.1499 1 1
4 135.6700 117.5467 1 1 2 1 1.5706 1 1
4 67.9847 54.6557 1 1 1 1 2.0977 1 1
4 55.8243 72.1268 2 2 1 1 1.4861 1 1
4 100.7374 113.7467 2 1 2 0 1.9308 0 1
4 156.8461 78.6603 1 1 2 1 0.8992 1 1
4 86.5153 121.3365 2 2 2 1 3.1691 1 1
4 68.1507 113.8555 2 2 1 1 0.9696 1 1
4 135.0555 72.5040 1 1 2 1 0.6809 1 1
4 105.7114 82.1857 1 1 1 1 0.6891 1 1
4 80.2234 41.9274 1 1 1 1 0.5208 1 1
4 158.5334 135.0686 1 1 2 1 2.1890 1 1
4 139.1661 89.3175 1 1 2 1 0.6198 1 1
4 73.4123 144.4979 2 2 2 1 1.3618 1 1
4 77.3673 111.4647 2 2 1 1 0.9078 1 1
4 114.9115 153.6758 2 2 2 1 0.7134 1 1
4 145.6145 97.7626 1 1 2 1 1.0101 1 1
4 142.1178 72.2248 1 1 2 1 0.5313 1 1
5 142.1191 64.4167 1 1 2 1 2.1380 1 1
5 71.4834 149.6872 2 2 2 1 0.4863 1 1
5 132.0161 117.7142 1 1 2 1 0.9214 1 1
5 84.7553 133.8705 2 2 2 1 0.7119 1 1
5 137.8173 49.4714 1 1 1 1 0.4807 1 1
5 91.8039 147.6780 2 2 2 1 1.0115 1 1
5 97.9856 41.2874 1 1 1 1 0.4522 1 1
5 69.9755 85.0073 2 2 1 1 7.8943 1 1
5 87.8666 99.4981 2 1 1 0 6.6470 0 1
5 75.8110 108.4723 2 2 1 1 0.8716 1 1
5 46.3998 96.1666 2 2 1 1 0.8692 1 1
5 155.1598 77.5421 1 1 2 1 0.6744 1 1
5 70.1172 101.7291 2 2 1 1 1.3219 1 1
5 132.8222 43.2953 1 1 1 1 0.6268 1 1
5 114.7656 61.7208 1 1 1 1 0.6655 1 1
5 158.5196 100.2529 1 1 2 1 0.5455 1 1
5 57.3676 84.3649 2 2 1 1 1.3337 1 1
5 90.9792 56.8546 1 1 1 1 1.0388 1 1
5 141.7750 104.8690 1 1 2 1 1.1518 1 1
5 45.3873 51.5368 2 2 1 1 3.4597 1 1
5 82.7668 144.0577 2 2 2 1 0.8513 1 1
5 132.6185 78.7564 1 1 2 1 2.0156 1 1
5 101.1708 68.1636 1 1 1 1 1.0328 1 1
5 87.9708 155.7575 2 2 2 1 0.6022 1 1
5 138.1489 107.9040 1 1 2 1 0.8963 1 1
5 143.5612 109.7337 1 1 2 1 1.4699 1 1
5 155.6696 74.4111 1 1 2 1 0.6015 1 1
5 101.9923 151.1864 2 2 2 1 0.5594 1 1
5 117.5404 65.9834 1 1 1 1 0.6918 1 1
5 51.9225 82.1292 2 2 1 1 0.7328 1 1
5 143.0813 153.1522 2 1 2 0 4.2145 0 1
5 111.9540 99.7608 1 1 2 1 1.1613 1 1
5 126.8866 139.1436 2 2 2 1 2.4302 1 1
5 120.0906 56.9048 1 1 1 1 0.9316 1 1
5 155.4115 108.6066 1 1 2 1 1.0422 1 1
5 101.2273 78.8873 1 1 1 1 2.3404 1 1
5 138.9458 72.6390 1 1 2 1 0.6632 1 1
5 122.3281 68.0663 1 1 1 1 0.7514 1 1
5 89.4974 128.3113 2 2 2 1 0.6487 1 1
5 101.5211 113.8867 2 2 2 1 1.8569 1 1
5 139.1032 147.7880 2 2 2 1 0.7757 1 1
5 110.3961 95.8373 1 2 2 0 3.9853 0 1
5 156.6404 66.5302 1 1 2 1 0.7662 1 1
5 109.8045 147.9983 2 2 2 1 0.9357 1 1
5 125.0357 144.3685 2 2 2 1 0.9665 1 1
5 97.0751 125.9109 2 2 2 1 2.5182 1 1
5 93.2698 120.5994 2 2 2 1 2.1098 1 1
5 84.8566 47.3598 1 1 1 1 0.6027 1 1
5 123.3632 62.3587 1 1 1 1 0.5452 1 1
5 150.2496 125.1203 1 1 2 1 2.4696 1 1
5 126.7853 146.7435 2 2 2 1 1.1481 1 1
5 128.8219 140.1613 2 2 2 1 2.8175 1 1
5 117.0200 42.8806 1 1 1 1 0.5603 1 1
5 41.6540 60.2130 2 2 1 1 0.9811 1 1
5 88.7821 155.5424 2 2 2 1 1.0455 1 1
5 72.5849 92.0999 2 2 1 1 1.4631 1 1
5 101.6496 72.9310 1 1 1 1 1.1553 1 1
5 63.8189 92.6964 2 2 1 1 0.8235 1 1
5 49.5344 111.0266 2 2 1 1 1.2997 1 1
5 43.9884 117.1413 2 2 1 1 0.6676 1 1
5 44.0932 120.5125 2 2 1 1 0.5798 1 1
5 46.0704 69.0408 2 2 1 1 1.3525 1 1
5 110.7395 125.7235 2 1 2 0 3.3305 0 1
5 140.9997 118.4676 1 1 2 1 1.0063 1 1
5 60.9115 80.0521 2 2 1 1 2.3515 1 1
5 49.8058 75.2519 2 2 1 1 1.1223 1 1
5 138.5586 52.4714 1 1 1 1 0.6447 1 1
5 48.0044 85.9030 2 2 1 1 0.6679 1 1
5 129.8687 99.2407 1 1 2 1 1.0282 1 1
5 111.3246 47.4126 1 1 1 1 0.5810 1 1
5 62.4240 105.8398 2 2 1 1 0.7145 1 1
5 117.7266 148.9933 2 2 2 1 1.0275 1 1
5 76.6794 105.8330 2 2 1 1 5.3959 1 1
5 120.5534 85.0839 1 1 2 1 1.0608 1 1
5 131.1357 156.5571 2 2 2 1 0.8545 1 1
5 119.0966 59.5880 1 1 1 1 1.0272 1 1
5 145.9285 79.1716 1 1 2 1 0.6921 1 1
5 50.5686 87.7803 2 2 1 1 0.7805 1 1
5 152.0149 68.3564 1 1 2 1 0.6627 1 1
5 119.2578 74.6209 1 1 1 1 0.5579 1 1
5 55.6627 40.7676 1 1 1 1 3.6657 1 1
5 50.3278 60.3653 2 2 1 1 1.0782 1 1
5 69.4648 157.3406 2 2 2 1 0.8883 1 1
5 94.8327 49.5130 1 1 1 1 0.5966 1 1
5 144.4994 89.4446 1 1 2 1 1.0340 1 1
5 132.6564 94.7660 1 1 2 1 0.6989 1 1
5 135.0089 75.3895 1 1 2 1 0.6438 1 1
5 49.6626 117.3199 2 2 1 1 0.7147 1 1
5 125.1246 48.6645 1 1 1 1 0.5312 1 1
5 157.8331 56.2036 1 1 2 1 0.4717 1 1
5 119.9741 93.8686 1 1 2 1 1.1144 1 1
5 88.0664 144.7519 2 2 2 1 0.5905 1 1
5 97.3953 68.5804 1 1 1 1 0.5167 1 1
5 103.8906 41.2864 1 1 1 1 0.5203 1 1
5 117.5066 155.9473 2 2 2 1 0.6848 1 1
5 123.5933 154.2349 2 2 2 1 0.5650 1 1
5 63.4651 110.5747 2 2 1 1 1.0018 1 1
5 96.4982 80.2958 1 1 1 1 0.6823 1 1
5 59.1614 73.1469 2 2 1 1 3.6665 1 1
5 64.0031 56.4290 1 1 1 1 1.7669 1 1
6 72.4131 113.3112 2 1 1 0 4.9702 0 1
6 59.3233 67.7116 2 1 1 0 0.6860 0 1
6 65.0003 88.7454 2 2 1 1 2.9339 1 1
6 60.4203 118.6589 2 2 1 1 0.8239 1 1
6 68.3175 42.6067 1 1 1 1 0.7719 1 1
6 109.8185 70.8067 1 1 1 1 1.1991 1 1
6 144.5408 95.8993 1 1 2 1 1.0445 1 1
6 93.9788 49.0692 1 1 1 1 0.5507 1 1
6 111.0456 131.5431 2 2 2 1 0.6191 1 1
6 139.6337 93.4593 1 1 2 1 0.6418 1 1
6 110.6281 83.1959 1 1 1 1 0.7611 1 1
6 65.8907 84.7850 2 2 1 1 1.9709 1 1
6 105.2517 151.0010 2 2 2 1 1.4841 1 1
6 149.6947 79.6301 1 1 2 1 0.4725 1 1
6 95.1467 142.2487 2 2 2 1 0.4592 1 1
6 124.0336 92.5202 1 1 2 1 0.8932 1 1
6 114.2022 135.7858 2 2 2 1 0.9716 1 1
6 52.1959 62.5851 2 2 1 1 1.2109 1 1
6 128.8869 114.4584 1 1 2 1 1.6007 1 1
6 109.7862 79.6878 1 1 1 1 0.8963 1 1
6 105.2336 116.3992 2 2 2 1 4.3825 1 1
6 93.4541 121.3172 2 2 2 1 0.9015 1 1
6 62.6984 72.3501 2 2 1 1 1.9551 1 1
6 157.5676 99.3654 1 1 2 1 1.1962 1 1
6 96.9363 41.9897 1 1 1 1 0.7693 1 1
6 68.8678 145.2549 2 2 2 1 0.5562 1 1
6 157.1489 147.7641 1 1 2 1 2.8329 1 1
6 84.6967 133.9801 2 2 2 1 0.9924 1 1
6 83.4667 50.1928 1 1 1 1 1.0404 1 1
6 102.6153 128.5269 2 2 2 1 0.8664 1 1
6 104.1144 153.6928 2 2 2 1 4.0787 1 1
6 65.3960 152.2672 2 2 2 1 0.8944 1 1
6 73.4088 108.6096 2 2 1 1 1.8363 1 1
6 90.9562 102.6984 2 2 1 1 6.7215 1 1
6 145.7173 46.1568 1 1 1 1 0.5650 1 1
6 148.5947 71.2499 1 1 2 1 0.7133 1 1
6 121.7628 128.6522 2 2 2 1 0.9457 1 1
6 64.4610 73.8508 2 2 1 1 1.3925 1 1
6 41.1574 151.7187 2 2 1 1 0.6669 1 1
6 41.8069 101.6926 2 2 1 1 0.9142 1 1
6 111.6005 53.0278 1 1 1 1 1.0888 1 1
6 140.8180 43.9209 1 1 1 1 0.6267 1 1
6 52.8297 81.5413 2 2 1 1 1.4816 1 1
6 89.6628 70.3869 1 1 1 1 3.8140 1 1
6 132.1854 122.8742 1 1 2 1 5.7900 1 1
6 124.2668 151.2964 2 2 2 1 0.7618 1 1
6 50.4727 116.7877 2 2 1 1 0.8521 1 1
6 145.5908 77.0272 1 1 2 1 0.6402 1 1
6 122.5832 67.8876 1 1 1 1 0.4871 1 1
6 47.1082 79.1255 2 2 1 1 0.8101 1 1
6 145.0963 90.4676 1 1 2 1 0.7577 1 1
6 67.7605 101.1045 2 2 1 1 1.7768 1 1
6 51.1529 67.2665 2 2 1 1 0.8845 1 1
6 88.2931 139.4067 2 2 2 1 1.5060 1 1
6 155.3213 83.0578 1 1 2 1 0.6403 1 1
6 93.3630 81.6188 1 1 1 1 1.7830 1 1
6 107.9325 52.6945 1 1 1 1 0.7000 1 1
6 75.1312 53.2120 1 1 1 1 3.2041 1 1
6 80.8073 112.8680 2 2 1 1 2.1578 1 1
6 143.7616 84.9357 1 1 2 1 0.9238 1 1
6 46.0213 88.7409 2 2 1 1 0.9065 1 1
6 48.6589 64.4809 2 2 1 1 2.8244 1 1
6 108.0795 76.2134 1 1 1 1 0.6793 1 1
6 103.8887 61.2740 1 1 1 1 0.9273 1 1
6 83.8741 129.4002 2 2 2 1 0.6541 1 1
6 73.0110 93.3880 2 2 1 1 7.1734 1 1
6 77.6865 136.0491 2 2 2 1 0.6759 1 1
6 98.0755 87.4567 1 1 1 1 0.8440 1 1
6 92.7244 147.9098 2 2 2 1 0.8079 1 1
6 151.9646 94.0315 1 1 2 1 0.7391 1 1
6 54.3169 122.1260 2 2 1 1 0.8764 1 1
6 124.1882 112.6163 1 1 2 1 1.7686 1 1
6 131.3605 81.0572 1 1 2 1 0.7645 1 1
6 96.4420 148.4470 2 2 2 1 0.6947 1 1
6 117.4693 105.4157 1 1 2 1 1.3745 1 1
6 146.3135 116.5850 1 1 2 1 0.7117 1 1
6 141.2085 46.9431 1 1 1 1 0.5285 1 1
6 158.7861 109.4422 1 1 2 1 0.6766 1 1
6 142.9284 132.4983 1 2 2 0 8.6045 0 1
6 145.9341 72.4331 1 1 2 1 0.6408 1 1
6 155.5359 128.5288 1 1 2 1 1.5439 1 1
6 104.5655 146.7323 2 2 2 1 0.7892 1 1
6 109.2319 131.6136 2 2 2 1 2.5754 1 1
6 109.7612 81.7045 1 1 1 1 1.1446 1 1
6 115.6292 141.6687 2 2 2 1 0.6838 1 1
6 127.4597 93.8511 1 1 2 1 1.5074 1 1
6 78.7610 150.6997 2 2 2 1 1.3442 1 1
6 65.7361 106.2521 2 2 1 1 1.8641 1 1
6 124.9932 41.2034 1 1 1 1 0.4942 1 1
6 71.9422 48.3270 1 1 1 1 1.5689 1 1
6 78.8118 135.7842 2 2 2 1 0.6069 1 1
6 139.7645 127.3493 1 1 2 1 1.4287 1 1
6 136.2834 80.1071 1 1 2 1 0.6391 1 1
6 83.6585 103.6192 2 2 1 1 4.3894 1 1
6 80.5699 135.9663 2 2 2 1 1.5170 1 1
6 126.5107 54.4189 1 1 1 1 0.5386 1 1
6 117.8343 48.6199 1 1 1 1 0.5271 1 1
6 73.0850 148.1041 2 2 2 1 0.6429 1 1
6 89.5896 65.3757 1 1 1 1 0.4570 1 1
6 53.0638 98.7779 2 2 1 1 0.7799 1 1
7 67.0488 51.1461 1 1 1 1 1.5620 1 2
7 122.4423 45.6488 1 1 1 1 0.9142 1 2
7 103.4748 151.3573 2 2 2 1 1.2970 1 2
7 47.6412 121.4340 2 2 1 1 1.4651 0 2
7 61.3488 103.2732 2 1 1 0 1.4457 1 2
7 89.2061 72.5166 1 1 1 1 3.4096 1 2
7 62.3645 145.7651 2 1 2 0 3.4395 0 2
7 78.5795 47.2657 1 1 1 1 0.9272 1 2
7 140.9472 49.9986 1 1 1 1 0.8303 1 2
7 52.7563 99.7959 2 1 1 0 3.0499 1 2
7 111.5193 69.6985 1 1 1 1 1.3911 1 2
7 78.3145 55.9313 1 1 1 1 1.3694 1 2
7 56.6124 95.5569 2 1 1 0 1.1559 1 2
7 144.2493 127.9387 1 1 2 1 2.4558 0 2
7 43.7856 69.6520 2 1 1 0 0.6698 1 2
7 75.0587 153.4635 2 2 2 1 1.1250 1 2
7 103.2637 137.4956 2 2 2 1 3.4161 1 2
7 156.7398 147.4961 1 2 2 0 2.5506 1 2
7 106.9815 100.8245 1 1 2 1 1.0864 0 2
7 63.6050 149.7469 2 2 2 1 1.1199 1 2
7 112.4878 107.2586 1 1 2 1 1.7639 0 2
7 156.5301 123.5552 1 2 2 0 1.7836 1 2
7 101.1182 141.0858 2 2 2 1 0.9083 1 2
7 116.9341 51.9955 1 1 1 1 0.6669 1 2
7 140.9286 82.9108 1 1 2 1 1.1223 0 2
7 97.2716 125.5774 2 2 2 1 0.6624 1 2
7 132.9747 116.8767 1 2 2 0 1.3902 1 2
7 45.7454 109.8126 2 2 1 1 2.7758 0 2
7 141.9945 158.3104 2 2 2 1 0.9493 1 2
7 105.5072 150.4315 2 2 2 1 0.7086 1 2
7 154.2854 84.7431 1 1 2 1 1.4373 0 2
7 96.9990 124.1791 2 2 2 1 5.1119 1 2
7 112.6281 124.6048 2 2 2 1 1.5540 1 2
7 85.4967 132.8153 2 2 2 1 1.0736 1 2
7 147.1874 85.0343 1 1 2 1 1.2684 0 2
7 81.5762 102.0574 2 2 1 1 1.3712 0 2
7 125.2597 97.0610 1 2 2 0 1.7330 1 2
7 50.4488 121.8704 2 1 1 0 6.2320 1 2
7 122.6458 117.1118 1 2 2 0 1.9986 1 2
7 88.8776 150.9616 2 2 2 1 1.6885 1 2
7 146.5748 70.7909 1 2 2 0 5.2742 1 2
7 50.6152 107.4100 2 1 1 0 1.0484 1 2
7 113.0952 73.0173 1 2 1 0 2.6975 0 2
7 55.0392 137.1121 2 1 1 0 2.2447 1 2
7 149.0806 93.3600 1 2 2 0 2.2611 1 2
7 108.4449 126.9974 2 2 2 1 5.0777 1 2
7 121.1628 114.0089 1 2 2 0 4.5908 1 2
7 113.4758 152.0527 2 2 2 1 1.2123 1 2
7 111.1018 42.7534 1 1 1 1 3.2020 1 2
7 128.2814 40.1933 1 1 1 1 1.3389 1 2
7 99.0324 113.6613 2 1 2 0 4.7082 0 2
7 116.2965 64.1712 1 1 1 1 1.4915 1 2
7 55.5883 130.3213 2 1 1 0 1.0725 1 2
7 65.3996 94.4479 2 1 1 0 0.9947 1 2
7 120.5267 44.1807 1 1 1 1 0.8513 1 2
7 113.6863 53.6243 1 1 1 1 0.9760 1 2
7 46.7971 73.9966 2 1 1 0 1.9990 1 2
7 79.5987 66.0459 1 1 1 1 1.2458 1 2
7 78.0583 98.4508 2 2 1 1 3.0231 0 2
7 83.0398 95.9586 2 1 1 0 3.2836 1 2
7 59.0076 78.4717 2 1 1 0 0.6393 1 2
7 99.2221 77.5481 1 2 1 0 1.4141 0 2
7 113.8483 42.4968 1 1 1 1 0.5613 1 2
7 158.8412 147.9034 1 2 2 0 0.9664 1 2
7 48.3343 103.5787 2 1 1 0 1.0948 1 2
7 159.3573 134.0215 1 2 2 0 1.3855 1 2
7 95.2412 137.1374 2 2 2 1 0.9003 1 2
7 48.8342 99.3364 2 1 1 0 0.9793 1 2
7 113.7301 128.6347 2 2 2 1 0.8823 1 2
7 116.9761 74.2972 1 1 1 1 2.1598 1 2
7 118.1594 97.4631 1 1 2 1 3.0227 0 2
7 60.8749 91.2274 2 1 1 0 0.7714 1 2
7 158.6103 88.4343 1 2 2 0 1.2138 1 2
7 73.2007 57.3800 1 1 1 1 0.9485 1 2
7 150.5321 63.7916 1 1 2 1 5.8591 0 2
7 157.1165 50.1446 1 2 2 0 1.2328 1 2
7 60.9995 151.2932 2 1 2 0 1.6877 0 2
7 82.2845 147.0232 2 2 2 1 7.4653 1 2
7 150.5461 70.8069 1 2 2 0 2.5922 1 2
7 70.6173 42.1150 1 1 1 1 1.0020 1 2
7 95.5777 42.2537 1 1 1 1 0.9542 1 2
7 51.0429 81.4003 2 1 1 0 0.9543 1 2
7 148.9422 97.6525 1 2 2 0 1.2093 1 2
7 88.5321 154.4558 2 2 2 1 1.6001 1 2
7 111.7517 144.1468 2 2 2 1 1.0245 1 2
7 132.3788 125.4796 1 2 2 0 7.8737 1 2
7 61.1499 50.0698 1 1 1 1 1.0748 1 2
7 126.3237 63.9173 1 1 1 1 2.9962 1 2
7 95.4956 144.7126 2 2 2 1 3.3199 1 2
7 145.5417 46.9142 1 1 1 1 1.7169 1 2
7 117.6525 137.7507 2 2 2 1 1.0316 1 2
7 75.8034 144.4428 2 1 2 0 2.9852 0 2
7 45.9617 111.9801 2 1 1 0 0.7018 1 2
7 42.0666 141.2142 2 1 1 0 0.9978 1 2
7 132.7652 61.0455 1 1 1 1 1.1737 1 2
7 159.8734 139.1420 1 2 2 0 3.8504 1 2
7 47.7033 127.3088 2 1 1 0 0.8839 1 2
7 69.0843 89.4913 2 1 1 0 1.7292 1 2
7 67.8483 93.0130 2 1 1 0 0.9321 1 2
7 147.4646 103.0744 1 2 2 0 1.9710 1 2
8 157.6416 135.2275 1 2 2 0 9.0977 1 2
8 120.4894 135.0978 2 2 2 1 1.1325 1 2
8 147.4742 58.6036 1 1 2 1 2.4810 0 2
8 66.0858 88.9293 2 1 1 0 0.9515 1 2
8 112.8858 138.1472 2 2 2 1 0.9663 1 2
8 103.5897 109.9077 2 2 2 1 3.6540 1 2
8 86.0058 125.4077 2 2 2 1 1.6741 1 2
8 42.1834 124.4338 2 1 1 0 0.8114 1 2
8 92.6313 146.2212 2 2 2 1 3.3833 1 2
8 40.6285 67.9314 2 1 1 0 0.5653 1 2
8 150.2215 126.3041 1 2 2 0 3.1297 1 2
8 68.8824 124.3405 2 1 1 0 2.3843 1 2
8 100.6833 84.7321 1 1 1 1 5.5564 1 2
8 158.9563 149.4563 1 2 2 0 0.8576 1 2
8 72.0209 155.4860 2 2 2 1 1.4461 1 2
8 66.4639 122.8390 2 1 1 0 2.2102 1 2
8 139.1337 100.7993 1 2 2 0 1.2816 1 2
8 41.5416 64.0849 2 1 1 0 0.6330 1 2
8 98.6146 48.3159 1 1 1 1 1.5195 1 2
8 88.7053 104.5676 2 2 1 1 3.7416 0 2
8 95.9349 83.3350 1 1 1 1 1.0917 1 2
8 122.1870 48.3368 1 1 1 1 0.7259 1 2
8 133.1583 116.7334 1 2 2 0 0.7351 1 2
8 123.4058 70.3819 1 1 1 1 2.6326 1 2
8 114.3942 91.1422 1 2 2 0 3.6029 1 2
8 61.8547 147.9843 2 2 2 1 2.8372 1 2
8 47.2527 111.5806 2 1 1 0 4.1173 1 2
8 147.2001 96.2797 1 2 2 0 1.9583 1 2
8 114.9210 103.9283 1 2 2 0 5.8545 1 2
8 107.8516 135.1576 2 2 2 1 0.9071 1 2
8 112.8867 69.3629 1 2 1 0 3.2886 0 2
8 143.5725 80.9502 1 2 2 0 1.2038 1 2
8 117.6862 130.1020 2 2 2 1 0.9687 1 2
8 137.5266 53.7175 1 1 1 1 0.9681 1 2
8 129.6617 122.9695 1 2 2 0 0.9676 1 2
8 145.6411 96.7757 1 2 2 0 1.8622 1 2
8 51.3506 45.8765 1 1 1 1 0.7325 1 2
8 152.0464 91.9002 1 2 2 0 1.3334 1 2
8 102.0515 46.2466 1 1 1 1 0.7021 1 2
8 145.4558 108.5636 1 2 2 0 0.9508 1 2
8 83.9855 75.3939 1 1 1 1 1.3652 1 2
8 115.3163 42.0173 1 1 1 1 0.8472 1 2
8 61.6422 155.0775 2 2 2 1 0.7633 1 2
8 54.9653 151.0336 2 2 2 1 3.9734 1 2
8 79.0339 151.3285 2 2 2 1 0.7534 1 2
8 159.9035 98.4694 1 2 2 0 2.0270 1 2
8 151.6175 83.7643 1 2 2 0 2.3091 1 2
8 122.0350 70.9445 1 1 1 1 1.0468 1 2
8 58.3108 122.8494 2 1 1 0 2.7118 1 2
8 41.3548 103.7405 2 1 1 0 0.7079 1 2
8 60.3520 55.2836 1 1 1 1 0.5247 1 2
8 62.3955 121.6639 2 1 1 0 0.8807 1 2
8 42.8299 72.2970 2 1 1 0 0.6698 1 2
8 115.4574 50.9094 1 1 1 1 1.5738 1 2
8 61.3789 42.1693 1 1 1 1 0.6291 1 2
8 77.4955 108.9327 2 1 1 0 2.5562 1 2
8 135.2920 117.9323 1 2 2 0 0.9327 1 2
8 86.8080 51.9411 1 1 1 1 1.6347 1 2
8 106.2113 131.2678 2 2 2 1 0.9151 1 2
8 51.1315 56.5982 2 1 1 0 1.3454 1 2
8 73.6735 57.9127 1 1 1 1 0.8588 1 2
8 91.0395 149.7494 2 2 2 1 2.2953 1 2
8 52.7303 134.2878 2 1 1 0 1.3680 1 2
8 142.1602 68.1267 1 1 2 1 3.6020 0 2
8 137.3442 99.4458 1 2 2 0 0.9650 1 2
8 95.5471 43.0889 1 1 1 1 0.8690 1 2
8 117.3302 41.9983 1 1 1 1 0.9945 1 2
8 109.0816 77.2059 1 1 1 1 2.4355 1 2
8 44.8131 85.2518 2 1 1 0 0.8406 1 2
8 103.1131 153.0886 2 2 2 1 0.6613 1 2
8 112.2898 142.9981 2 2 2 1 0.8137 1 2
8 70.4890 55.9826 1 1 1 1 0.9688 1 2
8 118.8767 150.9775 2 2 2 1 0.6004 1 2
8 52.9548 105.2206 2 1 1 0 3.0222 1 2
8 107.0250 130.5991 2 2 2 1 0.6271 1 2
8 93.3279 133.6807 2 2 2 1 1.2249 1 2
8 54.9555 96.2444 2 1 1 0 0.9116 1 2
8 102.2375 137.6109 2 2 2 1 1.1656 1 2
8 136.1442 144.9779 2 2 2 1 1.3450 1 2
8 136.8730 124.8113 1 2 2 0 0.7615 1 2
8 46.7706 110.3316 2 1 1 0 0.5473 1 2
8 157.0011 139.3601 1 2 2 0 0.5672 1 2
8 61.8193 143.2256 2 1 2 0 2.3165 0 2
8 136.9665 86.9321 1 2 2 0 2.6224 1 2
8 41.5605 143.0987 2 2 1 1 1.2564 0 2
8 48.9348 91.9012 2 1 1 0 0.7519 1 2
8 53.5691 86.8009 2 1 1 0 0.6166 1 2
8 46.2311 131.6987 2 1 1 0 1.0863 1 2
8 154.0950 90.7652 1 2 2 0 1.5522 1 2
8 91.6183 103.0544 2 2 1 1 4.1589 0 2
8 50.0836 107.5340 2 1 1 0 0.7202 1 2
8 132.5806 53.8617 1 1 1 1 0.6963 1 2
8 94.0532 47.1965 1 1 1 1 0.8166 1 2
8 104.2529 51.2608 1 1 1 1 0.5409 1 2
8 127.1991 99.8890 1 2 2 0 0.8809 1 2
8 89.7984 44.2934 1 1 1 1 0.6548 1 2
8 140.8513 155.6840 2 2 2 1 0.9324 1 2
8 138.8693 153.3888 2 2 2 1 0.5151 1 2
8 118.7462 140.5295 2 2 2 1 0.8867 1 2
8 144.9811 128.0356 1 2 2 0 1.5236 1 2
