1 77.4955 108.9327 2 1 1 0 21.7189 1 2
1 110.4008 40.3614 1 1 1 1 3.9613 1 2
1 138.7294 50.3176 1 1 1 1 4.2934 1 2
1 100.8246 80.3733 1 1 1 1 6.5540 1 2
1 66.0858 88.9293 2 1 1 0 2.7922 1 2
1 126.6227 147.1530 2 2 2 1 0.9982 1 2
1 66.4639 122.8390 2 1 1 0 1.2390 1 2
1 157.1489 147.7641 1 2 2 0 1.6767 1 2
1 105.1908 50.9755 1 1 1 1 2.4628 1 2
1 125.6209 145.7349 2 2 2 1 1.4917 1 2
1 99.6331 135.4028 2 2 2 1 1.3124 1 2
1 118.7462 140.5295 2 2 2 1 0.8560 1 2
1 50.6152 107.4100 2 1 1 0 1.1240 1 2
1 128.8219 140.1613 2 2 2 1 0.9188 1 2
1 122.0193 41.7967 1 1 1 1 1.1248 1 2
1 138.8693 153.3888 2 2 2 1 1.5438 1 2
1 40.1500 105.6004 2 1 1 0 1.2380 1 2
1 151.0174 80.9197 1 2 2 0 5.8360 1 2
1 113.7301 128.6347 2 2 2 1 1.1925 1 2
1 47.6412 121.4340 2 1 1 0 0.8141 1 2
1 153.2870 68.5402 1 2 2 0 10.1852 1 2
1 122.5734 57.6265 1 1 1 1 1.7979 1 2
1 105.7114 82.1857 1 1 1 1 3.2098 1 2
1 95.1547 89.7943 1 1 1 1 2.4179 1 2
1 41.3548 103.7405 2 1 1 0 0.9495 1 2
1 94.6295 112.9145 2 2 2 1 4.6756 1 2
1 41.1516 150.0599 2 1 1 0 12.6740 1 2
1 139.1661 89.3175 1 2 2 0 3.9495 1 2
1 158.4577 51.8873 1 1 2 1 3.3211 0 2
1 111.1018 42.7534 1 1 1 1 5.5245 1 2
1 136.5707 92.8062 1 2 2 0 1.4807 1 2
1 76.6794 105.8330 2 1 1 0 1.3806 1 2
1 140.9412 85.9795 1 2 2 0 1.5344 1 2
1 86.1614 141.6035 2 2 2 1 1.2598 1 2
1 60.8749 91.2274 2 1 1 0 1.0589 1 2
1 72.5187 107.0204 2 1 1 0 1.4129 1 2
1 120.5534 85.0839 1 2 2 0 3.8716 1 2
1 52.7563 99.7959 2 1 1 0 0.9052 1 2
1 40.6285 67.9314 2 1 1 0 0.7588 1 2
1 63.9664 157.3766 2 2 2 1 1.2484 1 2
1 116.9761 74.2972 1 2 1 0 9.0311 0 2
1 137.5266 53.7175 1 1 1 1 4.0210 1 2
1 125.4211 155.8790 2 2 2 1 1.0586 1 2
1 41.5416 64.0849 2 1 1 0 0.8685 1 2
1 157.3669 113.2932 1 2 2 0 1.2498 1 2
1 43.4711 146.7089 2 1 1 0 7.7690 1 2
1 82.7276 108.1737 2 1 1 0 6.4708 1 2
1 97.1740 43.4145 1 1 1 1 1.2673 1 2
1 97.3953 68.5804 1 1 1 1 2.6824 1 2
1 145.9285 79.1716 1 2 2 0 0.9340 1 2
1 146.5748 70.7909 1 2 2 0 1.3647 1 2
1 152.7014 137.4161 1 2 2 0 0.7503 1 2
1 125.8449 83.9156 1 2 2 0 1.5764 1 2
1 148.9082 127.0563 1 2 2 0 0.8710 1 2
1 68.6439 58.4014 1 1 1 1 1.0117 1 2
1 154.2846 101.0284 1 2 2 0 0.9161 1 2
1 133.1583 116.7334 1 2 2 0 1.3620 1 2
1 140.9997 118.4676 1 2 2 0 0.7316 1 2
1 101.0653 151.8126 2 2 2 1 1.6848 1 2
1 50.5356 41.7408 1 1 1 1 0.6788 1 2
1 132.6564 94.7660 1 2 2 0 0.9273 1 2
1 140.9286 82.9108 1 2 2 0 0.5893 1 2
1 63.9661 81.4234 2 1 1 0 0.8028 1 2
1 89.6628 70.3869 1 1 1 1 3.4054 1 2
1 143.7616 84.9357 1 2 2 0 0.8746 1 2
1 95.4956 144.7126 2 2 2 1 0.6633 1 2
1 87.9708 155.7575 2 2 2 1 0.8310 1 2
1 88.2464 156.3766 2 2 2 1 1.0513 1 2
1 107.8516 135.1576 2 2 2 1 3.0363 1 2
1 47.2527 111.5806 2 1 1 0 1.0888 1 2
1 105.5584 144.4002 2 2 2 1 0.6748 1 2
1 103.8887 61.2740 1 1 1 1 1.9623 1 2
1 51.9225 82.1292 2 1 1 0 0.6906 1 2
1 103.2993 64.2301 1 1 1 1 1.8664 1 2
1 74.2365 141.1309 2 2 2 1 0.6408 1 2
1 93.8518 112.8126 2 2 2 1 2.2472 1 2
1 122.6458 117.1118 1 2 2 0 3.0148 1 2
1 52.4675 44.0501 1 1 1 1 0.8910 1 2
1 99.0416 73.3106 1 1 1 1 1.9435 1 2
1 68.5700 75.8278 2 1 1 0 0.8799 1 2
1 125.0357 144.3685 2 2 2 1 0.6851 1 2
1 48.8342 99.3364 2 1 1 0 0.9966 1 2
1 143.0813 153.1522 2 2 2 1 0.9322 1 2
1 93.3279 133.6807 2 2 2 1 1.0582 1 2
1 131.0217 79.6017 1 2 2 0 3.5081 1 2
1 51.1315 56.5982 2 1 1 0 0.6605 1 2
1 136.0818 73.8396 1 2 2 0 2.4280 1 2
1 122.4423 45.6488 1 1 1 1 1.3768 1 2
1 109.0841 62.4238 1 1 1 1 1.5469 1 2
1 64.5300 109.8281 2 1 1 0 1.5136 1 2
1 127.2986 42.9464 1 1 1 1 1.6547 1 2
1 86.8080 51.9411 1 1 1 1 1.1919 1 2
1 89.7984 44.2934 1 1 1 1 0.6539 1 2
1 113.4758 152.0527 2 2 2 1 0.6778 1 2
1 103.2637 137.4956 2 2 2 1 0.5102 1 2
1 77.1234 138.0964 2 2 2 1 0.6262 1 2
1 78.8090 115.0609 2 2 1 1 6.1844 0 2
1 41.7364 86.3963 2 1 1 0 0.7981 1 2
1 145.9509 99.5445 1 2 2 0 1.1927 1 2
1 135.0089 75.3895 1 2 2 0 3.0214 1 2
2 124.1882 112.6163 1 2 2 0 2.9063 1 2
2 111.7517 144.1468 2 2 2 1 0.7967 1 2
2 45.0152 60.4434 2 1 1 0 0.6474 1 2
2 128.1032 113.6922 1 2 2 0 0.8142 1 2
2 127.9196 142.8193 2 2 2 1 0.5850 1 2
2 112.8858 138.1472 2 2 2 1 0.7829 1 2
2 58.3108 122.8494 2 1 1 0 3.7047 1 2
2 143.1162 97.0352 1 2 2 0 1.9188 1 2
2 103.5897 109.9077 2 2 2 1 5.4136 1 2
2 95.9349 83.3350 1 1 1 1 2.1668 1 2
2 125.1246 48.6645 1 1 1 1 0.9007 1 2
2 68.8678 145.2549 2 1 2 0 5.0901 0 2
2 75.4803 84.6467 2 1 1 0 0.9546 1 2
2 111.0456 131.5431 2 2 2 1 1.2250 1 2
2 115.4574 50.9094 1 1 1 1 1.2630 1 2
2 80.0228 44.4312 1 1 1 1 1.1573 1 2
2 43.2235 129.5645 2 1 1 0 0.9857 1 2
2 113.0952 73.0173 1 1 1 1 5.3371 1 2
2 136.1442 144.9779 2 2 2 1 0.7441 1 2
2 146.3955 67.6803 1 2 2 0 3.4895 1 2
2 64.4409 88.2882 2 1 1 0 0.7535 1 2
2 62.3955 121.6639 2 1 1 0 1.3391 1 2
2 129.7630 47.6697 1 1 1 1 1.5879 1 2
2 139.2824 93.5272 1 2 2 0 1.2993 1 2
2 96.3608 149.6598 2 2 2 1 1.2738 1 2
2 72.0918 94.9954 2 1 1 0 0.8490 1 2
2 96.4420 148.4470 2 2 2 1 1.1494 1 2
2 42.7862 51.4184 2 1 1 0 0.6574 1 2
2 155.6696 74.4111 1 2 2 0 1.3361 1 2
2 75.0854 60.8158 1 1 1 1 1.1206 1 2
2 147.7012 44.8292 1 1 1 1 6.9638 1 2
2 59.1614 73.1469 2 1 1 0 0.7809 1 2
2 46.0213 88.7409 2 1 1 0 0.8548 1 2
2 99.9571 53.5981 1 1 1 1 1.6832 1 2
2 72.5849 92.0999 2 1 1 0 1.0284 1 2
2 89.4974 128.3113 2 2 2 1 3.0287 1 2
2 121.2717 157.4667 2 2 2 1 1.1123 1 2
2 132.6185 78.7564 1 2 2 0 3.0830 1 2
2 50.4488 121.8704 2 1 1 0 1.0087 1 2
2 145.0963 90.4676 1 2 2 0 3.1846 1 2
2 99.2383 69.5705 1 1 1 1 1.6243 1 2
2 124.1404 136.5222 2 2 2 1 1.7194 1 2
2 66.2965 83.6110 2 1 1 0 2.5861 1 2
2 81.9591 44.2989 1 1 1 1 0.8181 1 2
2 78.3145 55.9313 1 1 1 1 0.7018 1 2
2 107.7350 71.2652 1 1 1 1 1.4938 1 2
2 123.4058 70.3819 1 2 1 0 4.4180 0 2
2 55.9254 156.3077 2 1 2 0 1.8334 0 2
2 142.6012 41.7811 1 1 1 1 2.7190 1 2
2 81.9902 66.8139 1 1 1 1 0.9386 1 2
2 119.9741 93.8686 1 2 2 0 4.5520 1 2
2 148.5947 71.2499 1 2 2 0 2.2273 1 2
2 45.3873 51.5368 2 1 1 0 0.6264 1 2
2 157.1165 50.1446 1 1 2 1 2.9843 0 2
2 76.3794 84.7955 2 1 1 0 0.8427 1 2
2 152.1102 144.5343 1 2 2 0 1.1899 1 2
2 64.4610 73.8508 2 1 1 0 0.8263 1 2
2 138.8513 54.5923 1 2 1 0 1.5411 0 2
2 124.3013 58.7751 1 1 1 1 3.7309 1 2
2 158.7379 91.7028 1 2 2 0 1.2089 1 2
2 78.7610 150.6997 2 2 2 1 4.9580 1 2
2 52.1959 62.5851 2 1 1 0 0.6761 1 2
2 79.2493 68.9792 1 1 1 1 1.1468 1 2
2 129.6920 140.1755 2 2 2 1 0.9902 1 2
2 116.3059 91.3305 1 2 2 0 2.7984 1 2
2 119.4077 102.6068 1 2 2 0 2.5893 1 2
2 147.8905 42.9702 1 1 1 1 2.2300 1 2
2 92.6313 146.2212 2 2 2 1 1.2696 1 2
2 45.7454 109.8126 2 1 1 0 0.7337 1 2
2 57.8319 147.2606 2 2 2 1 7.0305 1 2
2 93.3630 81.6188 1 1 1 1 4.1930 1 2
2 127.2992 64.9701 1 1 1 1 4.9952 1 2
2 131.7263 91.7039 1 1 2 1 4.9535 0 2
2 68.6209 100.0413 2 1 1 0 0.7832 1 2
2 51.6405 109.1481 2 1 1 0 0.6012 1 2
2 158.8412 147.9034 1 2 2 0 0.9108 1 2
2 144.9810 137.3260 1 2 2 0 0.8599 1 2
2 123.4381 83.5437 1 2 2 0 4.4240 1 2
2 144.2493 127.9387 1 2 2 0 0.6560 1 2
2 149.7605 158.0192 2 2 2 1 0.7431 1 2
2 91.8039 147.6780 2 2 2 1 0.6881 1 2
2 133.0076 109.0802 1 2 2 0 0.5685 1 2
2 140.8180 43.9209 1 1 1 1 2.8941 1 2
2 80.2234 41.9274 1 1 1 1 0.6716 1 2
2 122.4050 89.9898 1 2 2 0 6.3902 1 2
2 156.5301 123.5552 1 2 2 0 0.7680 1 2
2 104.5655 146.7323 2 2 2 1 0.6176 1 2
2 68.8824 124.3405 2 2 1 1 5.8397 0 2
2 60.0714 101.4182 2 1 1 0 0.7639 1 2
2 95.4834 143.7144 2 2 2 1 1.1090 1 2
2 67.6550 103.7754 2 1 1 0 0.7286 1 2
2 71.4834 149.6872 2 2 2 1 1.3301 1 2
2 138.4082 144.5668 2 2 2 1 0.6985 1 2
2 145.5908 77.0272 1 2 2 0 3.1224 1 2
2 158.6103 88.4343 1 2 2 0 1.2416 1 2
2 48.9348 91.9012 2 1 1 0 0.8007 1 2
2 139.1032 147.7880 2 2 2 1 1.1635 1 2
2 63.9128 69.5971 2 1 1 0 1.3921 1 2
2 113.0146 152.7416 2 2 2 1 1.0024 1 2
2 80.0165 54.6773 1 1 1 1 1.1308 1 2
3 127.4597 93.8511 1 2 2 0 2.7941 1 2
3 61.6058 77.1496 2 1 1 0 0.8822 1 2
3 68.9421 118.4266 2 1 1 0 3.8393 1 2
3 88.0664 144.7519 2 2 2 1 0.8564 1 2
3 150.2580 119.9929 1 2 2 0 1.0775 1 2
3 129.5017 139.1408 2 2 2 1 0.5995 1 2
3 102.0515 46.2466 1 1 1 1 0.8138 1 2
3 55.0699 118.2936 2 1 1 0 0.8253 1 2
3 126.7853 146.7435 2 2 2 1 0.8859 1 2
3 47.1082 79.1255 2 1 1 0 0.7713 1 2
3 62.2660 85.9957 2 1 1 0 0.6546 1 2
3 150.2496 125.1203 1 2 2 0 1.2543 1 2
3 117.5404 65.9834 1 1 1 1 2.3494 1 2
3 152.3903 134.4572 1 2 2 0 0.7372 1 2
3 139.6337 93.4593 1 2 2 0 2.1391 1 2
3 94.0532 47.1965 1 1 1 1 0.8727 1 2
3 74.2408 120.6567 2 1 1 0 3.0941 1 2
3 103.1131 153.0886 2 2 2 1 1.6127 1 2
3 97.2716 125.5774 2 2 2 1 1.9655 1 2
3 114.9470 109.5395 1 2 2 0 2.2626 1 2
3 88.5763 140.5005 2 2 2 1 1.3195 1 2
3 145.1338 93.5104 1 2 2 0 1.8720 1 2
3 62.3645 145.7651 2 2 2 1 6.6629 1 2
3 46.7706 110.3316 2 1 1 0 0.7605 1 2
3 48.4909 140.2278 2 1 1 0 9.3306 1 2
3 105.7243 130.6237 2 2 2 1 1.1289 1 2
3 145.6145 97.7626 1 2 2 0 1.1641 1 2
3 141.7627 131.8047 1 2 2 0 0.8005 1 2
3 96.9990 124.1791 2 2 2 1 2.9552 1 2
3 90.7480 157.8659 2 2 2 1 0.8616 1 2
3 118.1594 97.4631 1 2 2 0 1.6260 1 2
3 139.4697 84.2858 1 2 2 0 2.6335 1 2
3 54.9653 151.0336 2 2 2 1 4.8838 1 2
3 87.3105 43.4883 1 1 1 1 0.7279 1 2
3 124.7287 159.5565 2 2 2 1 0.7370 1 2
3 63.8189 92.6964 2 1 1 0 1.0502 1 2
3 132.5806 53.8617 1 1 1 1 3.0993 1 2
3 91.4495 69.8409 1 1 1 1 1.3297 1 2
3 93.8334 69.9058 1 1 1 1 0.8749 1 2
3 129.6617 122.9695 1 2 2 0 2.3441 1 2
3 117.5066 155.9473 2 2 2 1 0.7949 1 2
3 62.4240 105.8398 2 1 1 0 1.0940 1 2
3 61.8193 143.2256 2 1 2 0 4.7126 0 2
3 109.2319 131.6136 2 2 2 1 1.4797 1 2
3 54.2837 69.4407 2 1 1 0 0.9171 1 2
3 114.3942 91.1422 1 2 2 0 6.2121 1 2
3 155.4236 107.6300 1 2 2 0 0.8422 1 2
3 113.6863 53.6243 1 1 1 1 1.4945 1 2
3 105.9276 67.4116 1 1 1 1 0.6601 1 2
3 115.4241 158.2307 2 2 2 1 0.7326 1 2
3 145.5417 46.9142 1 1 1 1 1.0188 1 2
3 55.5557 138.7941 2 1 1 0 3.3195 1 2
3 61.3488 103.2732 2 1 1 0 0.6742 1 2
3 118.0018 48.5440 1 1 1 1 1.0188 1 2
3 116.9341 51.9955 1 1 1 1 0.6504 1 2
3 44.5135 82.1432 2 1 1 0 0.7532 1 2
3 157.9441 134.0421 1 2 2 0 1.3863 1 2
3 65.8907 84.7850 2 1 1 0 0.8668 1 2
3 81.8723 71.0242 1 1 1 1 1.4882 1 2
3 70.4890 55.9826 1 1 1 1 0.5234 1 2
3 42.0666 141.2142 2 1 1 0 1.0229 1 2
3 58.2673 48.1015 1 1 1 1 0.6237 1 2
3 142.9530 122.1567 1 2 2 0 0.8058 1 2
3 127.1991 99.8890 1 2 2 0 1.6815 1 2
3 93.4541 121.3172 2 2 2 1 1.6348 1 2
3 138.5586 52.4714 1 1 1 1 2.5480 1 2
3 75.4193 110.2042 2 1 1 0 1.8201 1 2
3 136.2834 80.1071 1 2 2 0 2.1932 1 2
3 71.6321 91.5444 2 1 1 0 0.9279 1 2
3 107.9325 52.6945 1 1 1 1 1.3580 1 2
3 49.8058 75.2519 2 1 1 0 0.5667 1 2
3 90.9562 102.6984 2 2 1 1 7.2425 0 2
3 158.5669 90.9004 1 2 2 0 1.0182 1 2
3 138.9458 72.6390 1 2 2 0 2.0748 1 2
3 67.7874 83.3483 2 1 1 0 2.5825 1 2
3 117.3302 41.9983 1 1 1 1 1.2636 1 2
3 104.9799 129.6599 2 2 2 1 1.2229 1 2
3 71.9705 111.7483 2 1 1 0 7.6596 1 2
3 75.8034 144.4428 2 2 2 1 0.9667 1 2
3 50.0884 68.6565 2 1 1 0 0.6776 1 2
3 114.6539 60.9571 1 1 1 1 3.5338 1 2
3 86.8619 80.2007 1 1 1 1 1.5510 1 2
3 48.9598 74.7558 2 1 1 0 0.7966 1 2
3 141.7750 104.8690 1 2 2 0 1.5914 1 2
3 156.6482 76.1549 1 2 2 0 0.6147 1 2
3 126.5107 54.4189 1 1 1 1 7.5642 1 2
3 84.8566 47.3598 1 1 1 1 0.7088 1 2
3 94.9232 158.2614 2 2 2 1 0.6372 1 2
3 142.9284 132.4983 1 2 2 0 0.8044 1 2
3 158.2053 104.7547 1 2 2 0 0.8629 1 2
3 61.8547 147.9843 2 1 2 0 12.7626 0 2
3 81.8650 151.6372 2 2 2 1 1.0646 1 2
3 129.2852 142.1917 2 2 2 1 0.5703 1 2
3 150.0733 137.6302 1 2 2 0 0.6555 1 2
3 100.9524 140.2154 2 2 2 1 0.9503 1 2
3 50.0967 132.8867 2 1 1 0 0.9650 1 2
3 111.5193 69.6985 1 1 1 1 2.4525 1 2
3 117.8343 48.6199 1 1 1 1 0.5533 1 2
3 75.1312 53.2120 1 1 1 1 0.6225 1 2
3 61.6422 155.0775 2 2 2 1 1.0602 1 2
4 116.7996 110.4756 1 2 2 0 4.5859 1 2
4 41.5248 102.8565 2 1 1 0 0.6404 1 2
4 61.4044 93.3766 2 1 1 0 0.8876 1 2
4 126.8866 139.1436 2 2 2 1 0.7887 1 2
4 91.6441 70.0882 1 1 1 1 1.6955 1 2
4 56.3395 85.5683 2 1 1 0 0.8015 1 2
4 80.8073 112.8680 2 1 1 0 8.7646 1 2
4 101.5146 157.9467 2 2 2 1 0.7556 1 2
4 65.3960 152.2672 2 2 2 1 1.7101 1 2
4 86.9384 51.5444 1 1 1 1 0.7533 1 2
4 46.3998 96.1666 2 1 1 0 0.6664 1 2
4 68.3175 42.6067 1 1 1 1 0.7701 1 2
4 146.3135 116.5850 1 2 2 0 1.1482 1 2
4 142.1178 72.2248 1 2 2 0 0.8486 1 2
4 83.1020 133.7359 2 2 2 1 1.1976 1 2
4 55.6627 40.7676 1 1 1 1 0.6276 1 2
4 155.5359 128.5288 1 2 2 0 0.7303 1 2
4 78.9023 68.6137 1 1 1 1 1.1559 1 2
4 114.8698 63.8471 1 1 1 1 7.2391 1 2
4 134.1845 125.5812 1 2 2 0 0.6634 1 2
4 154.2854 84.7431 1 2 2 0 0.9909 1 2
4 146.7087 139.4415 1 2 2 0 0.5594 1 2
4 44.6302 131.8081 2 1 1 0 0.8841 1 2
4 85.1135 144.5516 2 2 2 1 1.5053 1 2
4 60.4615 48.0853 1 1 1 1 0.9584 1 2
4 67.4057 54.0493 1 1 1 1 0.5572 1 2
4 67.8954 138.4359 2 2 2 1 0.8175 1 2
4 157.3413 100.8563 1 2 2 0 0.9416 1 2
4 148.5479 67.2980 1 2 2 0 0.8122 1 2
4 107.2132 141.3327 2 2 2 1 0.8238 1 2
4 65.3996 94.4479 2 1 1 0 0.9472 1 2
4 114.6344 44.3772 1 1 1 1 1.2181 1 2
4 98.3521 155.1625 2 2 2 1 0.9515 1 2
4 66.7448 142.3706 2 2 2 1 8.5984 1 2
4 132.8222 43.2953 1 1 1 1 1.0170 1 2
4 152.0834 40.4585 1 1 1 1 1.0170 1 2
4 157.8331 56.2036 1 2 2 0 4.2492 1 2
4 134.2938 155.2594 2 2 2 1 1.0210 1 2
4 94.0184 132.9230 2 2 2 1 1.1182 1 2
4 42.1861 145.9710 2 1 1 0 1.4254 1 2
4 151.9646 94.0315 1 2 2 0 1.1965 1 2
4 62.6984 72.3501 2 1 1 0 0.6898 1 2
4 84.6967 133.9801 2 2 2 1 0.8422 1 2
4 71.0283 79.2888 2 1 1 0 1.1901 1 2
4 65.1613 99.4843 2 1 1 0 0.7468 1 2
4 155.1598 77.5421 1 2 2 0 1.1876 1 2
4 128.2814 40.1933 1 1 1 1 1.3208 1 2
4 88.2931 139.4067 2 2 2 1 0.7211 1 2
4 54.6524 60.5511 2 1 1 0 0.7779 1 2
4 47.7069 62.8335 2 1 1 0 0.5811 1 2
4 108.9156 156.5111 2 2 2 1 0.6984 1 2
4 62.5096 73.8873 2 1 1 0 0.8350 1 2
4 97.8503 127.1806 2 2 2 1 3.2794 1 2
4 51.0429 81.4003 2 1 1 0 0.7773 1 2
4 45.9617 111.9801 2 1 1 0 0.5962 1 2
4 147.4646 103.0744 1 2 2 0 0.7292 1 2
4 137.8173 49.4714 1 1 1 1 0.6105 1 2
4 149.0806 93.3600 1 2 2 0 1.7526 1 2
4 108.3085 61.2400 1 1 1 1 4.6519 1 2
4 120.4776 113.0618 1 2 2 0 1.6095 1 2
4 68.1507 113.8555 2 1 1 0 1.3369 1 2
4 155.3411 136.0304 1 2 2 0 0.6739 1 2
4 121.5949 106.7017 1 2 2 0 1.0011 1 2
4 131.1357 156.5571 2 2 2 1 1.3530 1 2
4 82.2845 147.0232 2 2 2 1 2.2098 1 2
4 83.5896 127.3529 2 2 2 1 11.4401 1 2
4 97.0751 125.9109 2 2 2 1 1.3557 1 2
4 111.6005 53.0278 1 1 1 1 0.9809 1 2
4 118.8767 150.9775 2 2 2 1 0.9165 1 2
4 45.6308 50.6552 2 1 1 0 0.6745 1 2
4 73.8126 94.5981 2 1 1 0 0.8740 1 2
4 132.0929 57.6251 1 1 1 1 1.9900 1 2
4 110.7384 54.5458 1 1 1 1 0.8315 1 2
4 138.1662 77.3687 1 2 2 0 2.2670 1 2
4 158.7264 113.2215 1 2 2 0 0.7151 1 2
4 129.3946 123.1748 1 2 2 0 0.7882 1 2
4 79.5987 66.0459 1 1 1 1 1.3746 1 2
4 155.4115 108.6066 1 2 2 0 0.6482 1 2
4 123.3632 62.3587 1 1 1 1 2.7357 1 2
4 119.0966 59.5880 1 1 1 1 2.1717 1 2
4 104.2529 51.2608 1 1 1 1 0.7137 1 2
4 67.0488 51.1461 1 1 1 1 0.4501 1 2
4 88.7821 155.5424 2 2 2 1 0.6760 1 2
4 66.5928 40.9989 1 1 1 1 0.6352 1 2
4 71.7179 106.3278 2 1 1 0 1.6970 1 2
4 145.9341 72.4331 1 2 2 0 0.7074 1 2
4 142.6037 67.6716 1 2 2 0 0.8925 1 2
4 140.0737 54.4442 1 1 1 1 1.7696 1 2
4 106.3905 143.3786 2 2 2 1 0.7175 1 2
4 95.2412 137.1374 2 2 2 1 1.0146 1 2
4 52.4158 101.9874 2 1 1 0 0.7750 1 2
4 65.0003 88.7454 2 1 1 0 0.7845 1 2
4 151.3950 86.5348 1 2 2 0 0.8110 1 2
4 156.6404 66.5302 1 2 2 0 3.2220 1 2
4 123.5933 154.2349 2 2 2 1 0.6710 1 2
4 82.7668 144.0577 2 2 2 1 1.9117 1 2
4 83.6585 103.6192 2 1 1 0 1.0864 1 2
4 56.3920 103.8838 2 1 1 0 0.5615 1 2
4 58.1642 69.1130 2 1 1 0 0.6944 1 2
4 103.8906 41.2864 1 1 1 1 1.1027 1 2
5 145.9291 118.0888 1 1 2 1 6.6656 1 3
5 95.5777 42.2537 1 1 1 1 1.3612 1 3
5 78.8596 146.0343 2 2 2 1 1.0721 1 3
5 154.0862 61.5085 1 1 2 1 1.0644 1 3
5 65.5398 53.5777 1 1 1 1 1.4405 1 3
5 60.3520 55.2836 1 1 1 1 0.8182 1 3
5 71.8890 56.1736 1 1 1 1 2.1800 1 3
5 41.1574 151.7187 2 2 1 1 1.2726 1 3
5 68.3891 58.7421 1 1 1 1 1.1257 1 3
5 88.6579 123.6076 2 1 2 0 5.0872 0 3
5 112.8867 69.3629 1 1 1 1 1.1825 1 3
5 92.6925 70.2997 1 1 1 1 1.1772 1 3
5 64.8280 90.7921 2 2 1 1 4.0200 1 3
5 88.0994 154.8623 2 2 2 1 1.7521 1 3
5 112.2898 142.9981 2 1 2 0 3.1699 0 3
5 77.3673 111.4647 2 2 1 1 6.8317 1 3
5 87.1006 54.1746 1 1 1 1 15.4828 1 3
5 126.7697 41.0928 1 1 1 1 0.9492 1 3
5 114.2022 135.7858 2 1 2 0 3.2575 0 3
5 140.7545 107.8321 1 1 2 1 1.0173 1 3
5 153.6135 95.8856 1 1 2 1 0.8322 1 3
5 108.7002 152.6548 2 2 2 1 1.5699 1 3
5 104.0662 140.7403 2 2 2 1 1.6232 1 3
5 147.1874 85.0343 1 1 2 1 1.0531 1 3
5 78.2081 102.1261 2 2 1 1 2.4212 1 3
5 51.9230 46.5196 1 1 1 1 1.4883 1 3
5 156.8461 78.6603 1 1 2 1 7.2201 1 3
5 80.8539 128.0196 2 2 2 1 1.0013 1 3
5 122.4034 87.4736 1 1 2 1 3.9517 1 3
5 143.1539 82.8685 1 1 2 1 0.9301 1 3
5 103.5504 134.9735 2 2 2 1 1.4309 1 3
5 95.4036 118.6405 2 2 2 1 2.1201 1 3
5 150.7770 114.6828 1 1 2 1 1.5950 1 3
5 135.8549 119.5628 1 1 2 1 0.9605 1 3
5 106.9815 100.8245 1 1 2 1 1.5579 1 3
5 145.3512 48.1385 1 1 1 1 0.8584 1 3
5 64.8105 58.4546 1 1 1 1 0.7817 1 3
5 88.3221 75.5460 1 1 1 1 0.8941 1 3
5 79.8976 70.2515 1 1 1 1 4.4658 1 3
5 40.5335 106.1738 2 2 1 1 1.2488 1 3
5 83.8741 129.4002 2 2 2 1 0.9731 1 3
5 124.9932 41.2034 1 1 1 1 0.8992 1 3
5 152.6851 132.2438 1 1 2 1 2.1031 1 3
5 80.2108 89.7050 2 1 1 0 3.0653 0 3
5 46.1395 59.6881 2 1 1 0 4.3564 0 3
5 81.1578 145.7189 2 2 2 1 0.9143 1 3
5 91.4992 114.5174 2 2 2 1 3.3346 1 3
5 69.9755 85.0073 2 1 1 0 7.7198 0 3
5 82.8968 52.2655 1 1 1 1 0.8434 1 3
5 86.5153 121.3365 2 2 2 1 6.9583 1 3
5 55.8243 72.1268 2 2 1 1 2.3015 1 3
5 122.1870 48.3368 1 1 1 1 0.8207 1 3
5 62.7451 99.6618 2 2 1 1 1.1423 1 3
5 121.1628 114.0089 1 1 2 1 1.8239 1 3
5 53.8804 101.6800 2 2 1 1 3.3079 1 3
5 47.1112 57.2206 2 1 1 0 2.3810 0 3
5 86.0058 125.4077 2 2 2 1 2.3902 1 3
5 117.0200 42.8806 1 1 1 1 0.6082 1 3
5 147.2001 96.2797 1 1 2 1 5.3078 1 3
5 152.0149 68.3564 1 1 2 1 0.9765 1 3
5 131.6880 51.7299 1 1 1 1 0.6142 1 3
5 150.3622 97.8601 1 1 2 1 0.6900 1 3
5 130.6403 41.1028 1 1 1 1 0.6558 1 3
5 62.8931 123.9767 2 2 1 1 0.7489 1 3
5 42.1834 124.4338 2 2 1 1 0.7973 1 3
5 111.3246 47.4126 1 1 1 1 2.0788 1 3
5 151.6182 116.1625 1 1 2 1 1.3444 1 3
5 41.3811 137.1095 2 2 1 1 0.6718 1 3
5 59.5426 42.7868 1 1 1 1 2.3015 1 3
5 95.1467 142.2487 2 2 2 1 0.9659 1 3
5 88.2468 40.6729 1 1 1 1 0.8596 1 3
5 73.1098 135.5985 2 2 2 1 1.3418 1 3
5 140.3501 146.6553 2 1 2 0 14.2206 0 3
5 83.0398 95.9586 2 2 1 1 10.0376 1 3
5 150.7356 128.0485 1 1 2 1 1.1408 1 3
5 41.6540 60.2130 2 1 1 0 5.0706 0 3
5 109.7612 81.7045 1 1 1 1 1.2940 1 3
5 59.1139 86.4403 2 2 1 1 2.7646 1 3
5 60.3331 150.6106 2 2 2 1 0.7840 1 3
5 117.6862 130.1020 2 2 2 1 7.7286 1 3
5 88.7053 104.5676 2 1 1 0 2.6114 0 3
5 112.4878 107.2586 1 1 2 1 2.9316 1 3
5 66.5570 82.9287 2 2 1 1 1.4517 1 3
5 141.1908 124.2667 1 1 2 1 1.0701 1 3
5 67.7605 101.1045 2 2 1 1 1.3024 1 3
5 132.1854 122.8742 1 1 2 1 1.7012 1 3
5 110.3961 95.8373 1 1 2 1 0.9740 1 3
5 84.7553 133.8705 2 2 2 1 1.0444 1 3
5 57.1112 148.9935 2 2 2 1 0.9400 1 3
5 114.9115 153.6758 2 2 2 1 2.7532 1 3
5 65.4360 96.6540 2 2 1 1 2.5167 1 3
5 48.0044 85.9030 2 2 1 1 1.2343 1 3
5 126.3237 63.9173 1 1 1 1 1.2316 1 3
5 52.9548 105.2206 2 2 1 1 0.8120 1 3
5 117.4693 105.4157 1 1 2 1 2.6689 1 3
5 50.5686 87.7803 2 2 1 1 0.9427 1 3
5 159.2680 95.1175 1 1 2 1 1.0440 1 3
5 87.5443 157.2843 2 2 2 1 3.7873 1 3
5 76.2791 157.8067 2 2 2 1 0.6657 1 3
5 157.0011 139.3601 1 1 2 1 5.1595 1 3
6 105.2336 116.3992 2 1 2 0 13.3693 0 3
6 45.0105 92.1576 2 2 1 1 2.5333 1 3
6 120.4894 135.0978 2 2 2 1 7.8910 1 3
6 40.0525 84.1745 2 2 1 1 1.4025 1 3
6 156.7398 147.4961 1 1 2 1 0.9389 1 3
6 88.9956 151.1414 2 2 2 1 1.3284 1 3
6 139.8592 115.8643 1 1 2 1 1.1357 1 3
6 74.1678 108.9962 2 2 1 1 1.1624 1 3
6 108.0795 76.2134 1 1 1 1 1.9423 1 3
6 95.5471 43.0889 1 1 1 1 0.8540 1 3
6 60.1661 117.5131 2 2 1 1 0.6979 1 3
6 44.8131 85.2518 2 2 1 1 0.8576 1 3
6 67.9847 54.6557 1 1 1 1 1.0687 1 3
6 136.8730 124.8113 1 1 2 1 6.2776 1 3
6 54.9555 96.2444 2 2 1 1 1.4286 1 3
6 78.5795 47.2657 1 1 1 1 0.8230 1 3
6 133.8736 80.1313 1 1 2 1 1.1133 1 3
6 147.8376 119.5859 1 1 2 1 0.8189 1 3
6 44.3447 145.7072 2 2 1 1 0.9342 1 3
6 63.8119 147.9128 2 2 2 1 0.6353 1 3
6 116.8480 88.3819 1 1 2 1 0.8885 1 3
6 117.7266 148.9933 2 2 2 1 2.9564 1 3
6 101.5211 113.8867 2 1 2 0 1.3177 0 3
6 98.2107 124.2214 2 1 2 0 0.9165 0 3
6 116.2018 90.6375 1 1 2 1 0.8249 1 3
6 97.8774 124.0683 2 1 2 0 3.8191 0 3
6 129.8687 99.2407 1 1 2 1 0.8423 1 3
6 95.7399 114.6233 2 2 2 1 2.2212 1 3
6 130.2437 142.5202 2 1 2 0 2.9478 0 3
6 146.3382 93.8833 1 1 2 1 0.7808 1 3
6 139.1337 100.7993 1 1 2 1 0.7339 1 3
6 70.0612 81.3524 2 2 1 1 4.8937 1 3
6 63.4651 110.5747 2 2 1 1 0.6326 1 3
6 104.3085 130.3335 2 1 2 0 27.5733 0 3
6 134.1692 150.5781 2 1 2 0 2.1347 0 3
6 41.9337 119.2670 2 2 1 1 0.9071 1 3
6 139.7645 127.3493 1 1 2 1 0.8475 1 3
6 47.7033 127.3088 2 2 1 1 0.8187 1 3
6 155.3213 83.0578 1 1 2 1 1.2206 1 3
6 150.5321 63.7916 1 1 2 1 0.7697 1 3
6 68.7986 107.2396 2 2 1 1 1.0746 1 3
6 106.7389 62.1632 1 1 1 1 1.0672 1 3
6 115.9653 106.2664 1 1 2 1 0.7881 1 3
6 89.3017 53.6628 1 1 1 1 1.2220 1 3
6 73.6735 57.9127 1 1 1 1 0.8832 1 3
6 69.8773 158.9432 2 2 2 1 0.5836 1 3
6 143.5612 109.7337 1 1 2 1 0.8200 1 3
6 119.6716 106.2349 1 1 2 1 0.9348 1 3
6 52.0736 59.9661 2 1 1 0 4.0430 0 3
6 55.1132 77.7340 2 1 1 0 3.4875 0 3
6 114.7656 61.7208 1 1 1 1 1.0460 1 3
6 90.2033 41.2139 1 1 1 1 0.8620 1 3
6 149.9922 84.9678 1 1 2 1 1.4564 1 3
6 53.5691 86.8009 2 2 1 1 0.7390 1 3
6 71.9422 48.3270 1 1 1 1 0.8829 1 3
6 87.8666 99.4981 2 2 1 1 1.2549 1 3
6 84.9465 78.3613 1 1 1 1 1.1730 1 3
6 50.3278 60.3653 2 2 1 1 4.4319 1 3
6 133.5718 103.4367 1 1 2 1 0.9586 1 3
6 96.9363 41.9897 1 1 1 1 1.1726 1 3
6 132.3788 125.4796 1 1 2 1 0.8474 1 3
6 59.0076 78.4717 2 2 1 1 2.2737 1 3
6 46.8446 134.3643 2 2 1 1 0.7447 1 3
6 61.3789 42.1693 1 1 1 1 2.6965 1 3
6 157.5632 87.9117 1 1 2 1 1.0507 1 3
6 152.0464 91.9002 1 1 2 1 0.4987 1 3
6 97.9856 41.2874 1 1 1 1 1.6767 1 3
6 84.6034 147.9342 2 2 2 1 1.7330 1 3
6 71.4189 62.6138 1 1 1 1 1.3902 1 3
6 116.2296 155.6521 2 2 2 1 1.2311 1 3
6 48.6589 64.4809 2 2 1 1 1.2278 1 3
6 132.0161 117.7142 1 1 2 1 2.8408 1 3
6 123.1581 145.3501 2 1 2 0 5.0550 0 3
6 90.6480 155.2189 2 2 2 1 0.7180 1 3
6 87.0479 137.2926 2 2 2 1 1.2615 1 3
6 56.7528 62.1956 2 2 1 1 1.3875 1 3
6 43.7856 69.6520 2 2 1 1 0.8603 1 3
6 74.6760 62.1369 1 1 1 1 1.0558 1 3
6 85.3176 137.4845 2 2 2 1 1.0163 1 3
6 98.0755 87.4567 1 1 1 1 1.1514 1 3
6 103.4748 151.3573 2 2 2 1 1.0338 1 3
6 79.6212 48.6097 1 1 1 1 1.3778 1 3
6 125.3511 101.5916 1 1 2 1 0.8498 1 3
6 99.2221 77.5481 1 1 1 1 1.1088 1 3
6 58.5901 82.6395 2 2 1 1 0.7348 1 3
6 73.0110 93.3880 2 2 1 1 0.8627 1 3
6 94.8536 67.0747 1 1 1 1 0.9629 1 3
6 105.8575 157.5294 2 2 2 1 2.2812 1 3
6 83.5930 130.1769 2 2 2 1 1.0720 1 3
6 96.5264 76.5425 1 1 1 1 3.0479 1 3
6 90.9792 56.8546 1 1 1 1 0.7387 1 3
6 112.3714 117.4711 2 1 2 0 0.8668 0 3
6 72.4131 113.3112 2 2 1 1 1.7178 1 3
6 119.2578 74.6209 1 1 1 1 0.7986 1 3
6 79.5776 58.8439 1 1 1 1 2.0798 1 3
6 153.8238 142.5727 1 1 2 1 0.8010 1 3
6 94.8327 49.5130 1 1 1 1 2.0029 1 3
6 117.6525 137.7507 2 1 2 0 2.0672 0 3
6 60.9995 151.2932 2 2 2 1 0.5654 1 3
6 144.9811 128.0356 1 1 2 1 1.0088 1 3
7 49.7190 66.1046 2 1 1 0 2.2018 1 4
7 106.4773 116.3314 2 2 2 1 2.6670 1 4
7 89.5896 65.3757 1 1 1 1 11.8997 1 4
7 137.3442 99.4458 1 2 2 0 1.3057 1 4
7 120.6041 54.2528 1 1 1 1 6.0400 1 4
7 46.7971 73.9966 2 1 1 0 1.2318 1 4
7 49.9047 67.8237 2 1 1 0 0.6512 1 4
7 125.9444 133.3268 2 2 2 1 0.8724 1 4
7 67.8483 93.0130 2 1 1 0 1.3075 1 4
7 103.9436 128.1151 2 2 2 1 1.5139 1 4
7 73.4667 47.8468 1 1 1 1 0.8936 1 4
7 96.4982 80.2958 1 2 1 0 2.4171 0 4
7 44.0932 120.5125 2 1 1 0 0.8451 1 4
7 145.6411 96.7757 1 2 2 0 0.8150 1 4
7 92.7244 147.9098 2 2 2 1 0.6727 1 4
7 112.6281 124.6048 2 2 2 1 1.1026 1 4
7 120.6292 109.8593 1 2 2 0 0.8722 1 4
7 123.1170 91.3019 1 2 2 0 1.3234 1 4
7 116.7866 142.5154 2 2 2 1 0.7146 1 4
7 92.6794 83.2302 1 1 1 1 3.8505 1 4
7 108.6240 156.7818 2 2 2 1 0.8578 1 4
7 119.9801 61.7282 1 1 1 1 5.0366 1 4
7 77.6865 136.0491 2 1 2 0 1.2584 0 4
7 128.8869 114.4584 1 2 2 0 1.9912 1 4
7 159.5600 95.5646 1 2 2 0 1.6073 1 4
7 112.2669 45.2325 1 1 1 1 1.4055 1 4
7 62.4765 120.0549 2 1 1 0 0.4948 1 4
7 95.2872 59.4175 1 1 1 1 0.7599 1 4
7 57.3676 84.3649 2 1 1 0 0.6000 1 4
7 90.6256 48.1533 1 1 1 1 0.7728 1 4
7 98.3978 61.3570 1 1 1 1 2.2135 1 4
7 155.4121 123.6722 1 2 2 0 0.6996 1 4
7 91.0395 149.7494 2 2 2 1 0.7788 1 4
7 121.7628 128.6522 2 2 2 1 0.6671 1 4
7 107.0250 130.5991 2 2 2 1 0.6008 1 4
7 157.6416 135.2275 1 2 2 0 0.7737 1 4
7 79.0339 151.3285 2 2 2 1 2.4867 1 4
7 72.8497 56.4468 1 1 1 1 0.6436 1 4
7 78.3597 108.5793 2 1 1 0 2.3684 1 4
7 101.9923 151.1864 2 2 2 1 3.5934 1 4
7 146.6772 136.3871 1 2 2 0 0.7866 1 4
7 154.0950 90.7652 1 2 2 0 1.5238 1 4
7 54.3169 122.1260 2 1 1 0 0.6327 1 4
7 73.7350 41.2795 1 1 1 1 0.7410 1 4
7 120.5267 44.1807 1 1 1 1 1.9406 1 4
7 117.4994 148.2233 2 2 2 1 0.7230 1 4
7 137.1870 69.1599 1 2 2 0 1.8262 1 4
7 65.7361 106.2521 2 1 1 0 0.7337 1 4
7 73.4088 108.6096 2 1 1 0 1.0053 1 4
7 145.4558 108.5636 1 2 2 0 0.9309 1 4
7 111.9540 99.7608 1 2 2 0 4.3750 1 4
7 113.9497 72.6801 1 1 1 1 1.3003 1 4
7 113.9442 156.3022 2 2 2 1 1.2187 1 4
7 59.3233 67.7116 2 1 1 0 0.8316 1 4
7 105.5072 150.4315 2 2 2 1 0.8175 1 4
7 45.8844 98.0391 2 1 1 0 0.6274 1 4
7 40.3812 55.2665 2 1 1 0 0.4639 1 4
7 115.6292 141.6687 2 2 2 1 0.9523 1 4
7 93.9788 49.0692 1 1 1 1 1.0378 1 4
7 108.4449 126.9974 2 2 2 1 0.7728 1 4
7 91.6183 103.0544 2 1 1 0 3.7499 1 4
7 135.0846 49.8591 1 1 1 1 2.0189 1 4
7 78.0583 98.4508 2 1 1 0 1.1400 1 4
7 47.2826 93.2939 2 1 1 0 0.5254 1 4
7 70.4295 62.4214 1 1 1 1 0.5834 1 4
7 143.8352 46.2156 1 1 1 1 1.6030 1 4
7 78.2321 94.6510 2 1 1 0 0.8417 1 4
7 149.6947 79.6301 1 2 2 0 1.7240 1 4
7 77.8162 142.0763 2 2 2 1 1.6372 1 4
7 101.2273 78.8873 1 1 1 1 1.6600 1 4
7 96.7211 41.0608 1 1 1 1 1.7318 1 4
7 146.6422 74.0274 1 2 2 0 0.9086 1 4
7 88.5321 154.4558 2 2 2 1 0.7528 1 4
7 55.5883 130.3213 2 1 1 0 1.6170 1 4
7 88.8776 150.9616 2 2 2 1 0.9195 1 4
7 101.1182 141.0858 2 2 2 1 0.8127 1 4
7 70.1172 101.7291 2 1 1 0 0.6702 1 4
7 159.8734 139.1420 1 2 2 0 0.6845 1 4
7 101.1708 68.1636 1 1 1 1 3.8673 1 4
7 85.4967 132.8153 2 2 2 1 4.9395 1 4
7 93.2698 120.5994 2 2 2 1 1.5753 1 4
7 42.8299 72.2970 2 1 1 0 0.8125 1 4
7 147.6350 107.6114 1 2 2 0 0.7983 1 4
7 106.0622 100.7807 1 2 2 0 3.8718 1 4
7 158.9563 149.4563 1 2 2 0 0.6880 1 4
7 101.0831 76.4254 1 1 1 1 7.0861 1 4
7 150.0102 66.1431 1 2 2 0 1.9996 1 4
7 137.6180 103.8914 1 2 2 0 2.6564 1 4
7 51.3506 45.8765 1 1 1 1 0.7061 1 4
7 62.3853 112.7103 2 1 1 0 0.8341 1 4
7 41.4875 144.1547 2 1 1 0 0.6606 1 4
7 147.3957 129.1104 1 2 2 0 0.7544 1 4
7 53.4493 63.1466 2 1 1 0 0.6431 1 4
7 64.0031 56.4290 1 1 1 1 0.7363 1 4
7 88.0799 67.5857 1 1 1 1 1.7278 1 4
7 100.7374 113.7467 2 2 2 1 0.8242 1 4
7 148.9422 97.6525 1 2 2 0 3.8181 1 4
7 135.2920 117.9323 1 2 2 0 4.4090 1 4
7 136.9665 86.9321 1 2 2 0 0.8073 1 4
7 56.9401 119.2781 2 1 1 0 0.4411 1 4
8 50.0836 107.5340 2 1 1 0 0.7460 1 4
8 83.9855 75.3939 1 1 1 1 1.3703 1 4
8 144.4994 89.4446 1 2 2 0 0.9053 1 4
8 113.8483 42.4968 1 1 1 1 0.7655 1 4
8 109.7862 79.6878 1 2 1 0 2.1573 0 4
8 98.2978 119.8202 2 2 2 1 0.8343 1 4
8 62.3621 68.9283 2 1 1 0 0.5978 1 4
8 135.0743 112.6122 1 2 2 0 0.6250 1 4
8 63.6050 149.7469 2 1 2 0 3.9975 0 4
8 53.6528 130.1047 2 1 1 0 0.8641 1 4
8 94.9566 137.1110 2 2 2 1 3.2185 1 4
8 50.4115 83.2457 2 1 1 0 0.5946 1 4
8 89.2061 72.5166 1 1 1 1 1.1819 1 4
8 49.4547 144.3548 2 2 1 1 0.8243 0 4
8 117.3625 155.1623 2 2 2 1 2.3140 1 4
8 50.4727 116.7877 2 1 1 0 0.6908 1 4
8 41.8292 134.0973 2 1 1 0 0.5284 1 4
8 99.1875 139.0785 2 2 2 1 1.8502 1 4
8 54.1363 130.1684 2 1 1 0 0.7272 1 4
8 42.3552 106.0796 2 1 1 0 0.5029 1 4
8 80.3064 54.2200 1 1 1 1 1.6316 1 4
8 116.2965 64.1712 1 1 1 1 8.1657 1 4
8 49.6626 117.3199 2 1 1 0 0.9317 1 4
8 83.1438 139.6095 2 2 2 1 1.1601 1 4
8 125.7831 96.4275 1 2 2 0 1.0425 1 4
8 140.7698 128.3419 1 2 2 0 0.6021 1 4
8 115.2807 73.6070 1 2 1 0 7.1423 0 4
8 48.3343 103.5787 2 1 1 0 0.9873 1 4
8 143.7457 110.7362 1 2 2 0 0.7051 1 4
8 131.9884 157.6976 2 2 2 1 0.9278 1 4
8 49.5344 111.0266 2 1 1 0 0.6769 1 4
8 158.5196 100.2529 1 2 2 0 1.1554 1 4
8 61.6635 88.4297 2 1 1 0 0.6541 1 4
8 112.6410 158.8326 2 2 2 1 2.2679 1 4
8 44.5250 72.8516 2 1 1 0 1.0596 1 4
8 73.0850 148.1041 2 2 2 1 8.8108 1 4
8 122.3281 68.0663 1 2 1 0 2.3781 0 4
8 125.0713 110.7889 1 2 2 0 0.7404 1 4
8 130.8378 105.7531 1 2 2 0 6.7239 1 4
8 99.3774 61.0888 1 1 1 1 1.4380 1 4
8 151.5130 69.1622 1 2 2 0 0.7192 1 4
8 114.9210 103.9283 1 2 2 0 0.7353 1 4
8 51.1529 67.2665 2 1 1 0 0.6068 1 4
8 138.1489 107.9040 1 2 2 0 0.7632 1 4
8 60.9115 80.0521 2 1 1 0 0.4916 1 4
8 136.0662 43.7954 1 1 1 1 1.2687 1 4
8 146.2849 112.5983 1 2 2 0 0.7376 1 4
8 60.5825 150.3459 2 1 2 0 2.1603 0 4
8 91.1878 69.6002 1 1 1 1 2.8846 1 4
8 151.6175 83.7643 1 2 2 0 0.5867 1 4
8 99.3276 141.9627 2 2 2 1 0.8071 1 4
8 44.0976 104.1516 2 1 1 0 0.9206 1 4
8 107.5730 102.0041 1 2 2 0 2.9405 1 4
8 89.5470 43.9808 1 1 1 1 0.6774 1 4
8 70.6173 42.1150 1 1 1 1 0.6278 1 4
8 159.8871 88.6864 1 2 2 0 4.1119 1 4
8 106.2113 131.2678 2 1 2 0 10.3584 0 4
8 111.2725 81.2967 1 1 1 1 0.7652 1 4
8 145.7173 46.1568 1 1 1 1 0.6060 1 4
8 110.7395 125.7235 2 2 2 1 0.8260 1 4
8 107.7219 52.2286 1 1 1 1 1.0203 1 4
8 57.5741 108.2041 2 1 1 0 0.6759 1 4
8 60.4203 118.6589 2 1 1 0 0.5776 1 4
8 122.0350 70.9445 1 1 1 1 3.7406 1 4
8 131.3605 81.0572 1 2 2 0 1.1142 1 4
8 89.8121 40.0280 1 1 1 1 0.9646 1 4
8 78.8118 135.7842 2 1 2 0 1.2102 0 4
8 141.9945 158.3104 2 2 2 1 0.8222 1 4
8 99.0324 113.6613 2 2 2 1 6.7759 1 4
8 115.6532 136.7356 2 2 2 1 0.8825 1 4
8 138.4237 50.7798 1 1 1 1 4.1023 1 4
8 125.5527 118.5839 1 2 2 0 0.7959 1 4
8 134.2795 149.9461 2 2 2 1 0.7648 1 4
8 158.7861 109.4422 1 2 2 0 0.5891 1 4
8 73.6859 159.7993 2 2 2 1 1.9616 1 4
8 106.6767 98.5179 1 1 2 1 3.0168 0 4
8 72.0209 155.4860 2 2 2 1 3.0434 1 4
8 69.0843 89.4913 2 1 1 0 0.7189 1 4
8 45.9085 58.5854 2 1 1 0 0.4625 1 4
8 158.5334 135.0686 1 2 2 0 1.2871 1 4
8 83.4667 50.1928 1 1 1 1 1.4298 1 4
8 45.2654 145.6781 2 1 1 0 0.9518 1 4
8 132.6242 106.6330 1 2 2 0 0.7970 1 4
8 86.6746 156.1027 2 2 2 1 3.3425 1 4
8 155.6948 84.1666 1 2 2 0 1.3453 1 4
8 75.4517 46.3932 1 1 1 1 1.0249 1 4
8 41.5605 143.0987 2 1 1 0 0.7286 1 4
8 150.2215 126.3041 1 2 2 0 1.0325 1 4
8 76.3635 118.4299 2 1 1 0 2.0482 1 4
8 125.8004 152.4131 2 2 2 1 0.6581 1 4
8 84.5716 76.6673 1 1 1 1 1.6320 1 4
8 159.9035 98.4694 1 2 2 0 0.7593 1 4
8 92.0726 153.9494 2 2 2 1 1.6720 1 4
8 77.9670 109.1201 2 1 1 0 1.0719 1 4
8 101.4038 45.9020 1 1 1 1 0.7604 1 4
8 159.3573 134.0215 1 2 2 0 2.2483 1 4
8 75.5890 132.5360 2 1 2 0 1.1507 0 4
8 75.8134 62.9932 1 1 1 1 4.4889 1 4
8 88.6582 52.2853 1 1 1 1 3.0490 1 4
8 91.0478 121.4502 2 1 2 0 3.0121 0 4
