1 101.55 85.011 3 2 0 37.086 2 1 1 0
1 94.894 72.019 3 1 0 2.1212 2 1 1 0
1 63.482 91.567 1 4 0 1.3058 2 1 1 0
1 113.79 95.295 3 1 0 24.889 2 1 1 0
1 143.61 95.96 4 4 1 5.9295 2 1 1 0
1 130.3 108.11 4 4 1 2.4576 2 1 1 0
1 98.473 67.976 3 4 0 2.3776 2 1 1 0
1 125.05 99.471 4 4 1 0.98555 2 1 1 0
1 106.31 69.963 3 1 0 2.2335 2 1 1 0
1 106.52 71.449 3 4 0 1.8014 2 1 1 0
1 139.57 102.71 4 4 1 1.1775 2 1 1 0
1 96.262 137.63 2 2 1 4.8416 2 1 1 0
1 84.963 129.49 2 3 0 11.577 2 1 1 0
1 108.73 146.08 2 4 0 1.7857 2 1 1 0
1 91.562 71.13 3 2 0 2.8415 2 1 1 0
1 82.093 84.705 1 1 1 1.1295 2 1 1 0
1 64.013 119.66 1 1 1 4.1055 2 1 1 0
1 98.49 82.627 3 2 0 3.1456 2 1 1 0
1 105.37 62.352 3 3 1 6.2654 2 1 1 0
1 107.25 127.76 2 4 0 1.7217 2 1 1 0
1 113.07 114.09 2 2 1 4.5696 2 1 1 0
1 87.545 133.79 2 1 0 6.2656 2 1 1 0
1 105.36 117.7 2 4 0 3.5615 2 1 1 0
1 69.114 108.52 1 1 1 2.8415 2 1 1 0
1 89.463 121.33 2 2 1 5.9456 2 1 1 0
1 137.02 95.216 4 4 1 1.6256 2 1 1 0
1 95.81 77.826 3 3 1 3.0814 2 1 1 0
1 110.45 128.43 2 4 0 6.4736 2 1 1 0
1 70.559 113.66 1 1 1 1.1136 2 1 1 0
1 72.589 103.31 1 1 1 1.3057 2 1 1 0
1 122.08 84.683 4 4 1 3.0656 2 1 1 0
1 108.93 81.938 4 2 0 2.2656 2 1 1 0
1 109.3 94.724 4 3 0 0.53736 2 1 1 0
1 88.153 75.402 3 1 0 1.2257 2 1 1 0
1 90.34 116.9 1 3 0 3.6732 2 1 1 0
1 76.145 86.468 1 1 1 1.0015 2 1 1 0
1 116.98 121.04 4 4 1 2.6015 2 1 1 0
1 110.02 129.03 2 2 1 3.7696 2 1 1 0
1 119.77 117.65 2 4 0 2.4415 2 1 1 0
1 127.71 94.534 4 3 0 1.2736 2 1 1 0
1 64.004 91.564 1 1 1 1.2576 2 1 1 0
1 127.92 108.38 4 4 1 5.0337 2 1 1 0
1 104.87 128.24 2 2 1 2.8415 2 1 1 0
1 131.21 122.03 4 3 0 3.0495 2 1 1 0
1 79.562 79.509 3 1 0 3.8016 2 1 1 0
1 125.02 87.037 4 4 1 2.5054 2 1 1 0
1 64.7 97.217 1 1 1 1.3055 2 1 1 0
1 78.227 104.33 1 2 0 4.8736 2 1 1 0
1 90.921 64.416 3 3 1 1.0974 2 1 1 0
1 131.4 98.805 4 4 1 1.2576 2 1 1 0
1 112.1 90.087 4 2 0 4.2017 2 1 1 0
1 98.53 129.25 2 3 0 1.2095 2 1 1 0
1 80.524 83.775 3 1 0 1.0977 2 1 1 0
1 124.5 78.177 4 1 0 9.3376 2 1 1 0
1 73.17 85.193 1 1 1 0.76141 2 1 1 0
1 104.77 137.2 2 2 1 0.96962 2 1 1 0
1 129.28 110.85 4 4 1 0.52148 2 1 1 0
1 69.854 99.217 1 3 0 0.98562 2 1 1 0
1 124.09 118.91 4 3 0 2.1372 2 1 1 0
1 135.33 107.93 4 3 0 1.2736 2 1 1 0
1 81.981 122.2 2 3 0 0.84159 2 1 1 0
1 122.11 98.63 4 3 0 0.31352 2 1 1 0
1 68.49 100.38 1 3 0 0.68163 2 1 1 0
1 116.82 91.335 3 1 0 0.42576 2 1 1 0
1 70.98 97.498 1 1 1 1.1935 2 1 1 0
1 55.968 101.51 1 2 0 2.3616 2 1 1 0
1 101.69 71.413 3 1 0 0.58553 2 1 1 0
1 94.807 71.083 3 1 0 1.0177 2 1 1 0
1 103.34 114.1 2 4 0 1.4495 2 1 1 0
1 104.24 138.9 2 3 0 0.50563 2 1 1 0
1 85.609 129.03 2 1 0 0.84148 2 1 1 0
1 114.03 71.214 3 2 0 0.39345 2 1 1 0
1 94.876 128.97 2 2 1 1.3055 2 1 1 0
1 80.145 103.81 1 1 1 3.1135 2 1 1 0
1 71.674 104.66 1 1 1 2.7935 2 1 1 0
1 137.8 100.42 4 3 0 4.1056 2 1 1 0
1 64.865 97.452 1 1 1 1.3215 2 1 1 0
1 101.08 80.825 3 4 0 2.1857 2 1 1 0
1 103.9 52.984 3 2 0 1.2417 2 1 1 0
1 129.02 91.02 4 1 0 0.58554 2 1 1 0
1 122.82 101.77 4 2 0 1.3216 2 1 1 0
1 115.03 82.638 3 4 0 1.7215 2 1 1 0
1 132.73 92.579 4 2 0 2.5537 2 1 1 0
1 107.72 122.85 2 4 0 6.2975 2 1 1 0
1 91.665 129.79 2 3 0 1.4975 2 1 1 0
1 97.064 60.284 3 3 1 1.1936 2 1 1 0
1 90.49 90.771 1 3 0 1.0015 2 1 1 0
1 74.121 97.48 1 4 0 1.3698 2 1 1 0
1 95.906 128.14 2 2 1 0.37751 2 1 1 0
1 77.996 133.37 2 1 0 2.6656 2 1 1 0
1 140.93 83.272 4 4 1 1.6256 2 1 1 0
1 94.916 127.7 2 2 1 3.1775 2 1 1 0
1 81.79 111.54 2 1 0 1.4336 2 1 1 0
1 70.798 95.527 1 1 1 1.1296 2 1 1 0
1 73.671 95.878 1 3 0 3.1615 2 1 1 0
1 100.29 72.852 3 2 0 1.1136 2 1 1 0
1 95.845 83.32 3 2 0 0.95356 2 1 1 0
1 59.37 85.034 1 1 1 1.3055 2 1 1 0
1 88.909 58.429 3 4 0 1.5296 2 1 1 0
1 74.074 99.646 1 1 1 1.1936 2 1 1 0
2 101.55 85.011 3 2 0 7.9503 2 1 1 0
2 94.894 72.019 3 2 0 2.1915 2 1 1 0
2 63.482 91.567 1 1 1 1.2734 2 1 1 0
2 113.79 95.295 3 4 0 10.57 2 1 1 0
2 143.61 95.96 4 4 1 1.3535 2 1 1 0
2 130.3 108.11 4 3 0 5.0175 2 1 1 0
2 98.473 67.976 3 2 0 1.5936 2 1 1 0
2 125.05 99.471 4 4 1 1.4495 2 1 1 0
2 106.31 69.963 3 2 0 1.4657 2 1 1 0
2 106.52 71.449 3 3 1 1.0657 2 1 1 0
2 139.57 102.71 4 4 1 1.2097 2 1 1 0
2 96.262 137.63 2 2 1 1.5455 2 1 1 0
2 84.963 129.49 2 2 1 2.8416 2 1 1 0
2 108.73 146.08 2 2 1 3.7854 2 1 1 0
2 91.562 71.13 3 1 0 6.6495 2 1 1 0
2 82.093 84.705 1 1 1 1.1456 2 1 1 0
2 64.013 119.66 1 1 1 1.1296 2 1 1 0
2 98.49 82.627 3 3 1 6.2336 2 1 1 0
2 105.37 62.352 3 3 1 5.4976 2 1 1 0
2 107.25 127.76 2 4 0 2.6337 2 1 1 0
2 113.07 114.09 2 4 0 1.1616 2 1 1 0
2 87.545 133.79 2 2 1 2.4256 2 1 1 0
2 105.36 117.7 2 3 0 11.098 2 1 1 0
2 69.114 108.52 1 1 1 2.2657 2 1 1 0
2 89.463 121.33 2 1 0 1.4177 2 1 1 0
2 137.02 95.216 4 4 1 2.7136 2 1 1 0
2 95.81 77.826 3 1 0 3.1775 2 1 1 0
2 110.45 128.43 2 3 0 1.8336 2 1 1 0
2 70.559 113.66 1 1 1 4.1855 2 1 1 0
2 72.589 103.31 1 1 1 1.9137 2 1 1 0
2 122.08 84.683 4 4 1 1.7216 2 1 1 0
2 108.93 81.938 4 3 0 5.9136 2 1 1 0
2 109.3 94.724 4 3 0 5.0815 2 1 1 0
2 88.153 75.402 3 1 0 1.5776 2 1 1 0
2 90.34 116.9 1 1 1 1.9936 2 1 1 0
2 76.145 86.468 1 2 0 3.7534 2 1 1 0
2 116.98 121.04 4 4 1 4.9056 2 1 1 0
2 110.02 129.03 2 2 1 14.041 2 1 1 0
2 119.77 117.65 2 3 0 6.1216 2 1 1 0
2 127.71 94.534 4 3 0 1.0816 2 1 1 0
2 64.004 91.564 1 1 1 1.4337 2 1 1 0
2 127.92 108.38 4 2 0 4.2976 2 1 1 0
2 104.87 128.24 2 3 0 1.2095 2 1 1 0
2 131.21 122.03 4 3 0 0.64952 2 1 1 0
2 79.562 79.509 3 1 0 1.1136 2 1 1 0
2 125.02 87.037 4 4 1 1.7377 2 1 1 0
2 64.7 97.217 1 2 0 13.657 2 1 1 0
2 78.227 104.33 1 2 0 3.0176 2 1 1 0
2 90.921 64.416 3 2 0 2.6024 2 1 1 0
2 131.4 98.805 4 4 1 5.0016 2 1 1 0
2 112.1 90.087 4 2 0 2.5696 2 1 1 0
2 98.53 129.25 2 2 1 1.9936 2 1 1 0
2 80.524 83.775 3 3 1 1.8657 2 1 1 0
2 124.5 78.177 4 4 1 3.3697 2 1 1 0
2 73.17 85.193 1 2 0 3.6896 2 1 1 0
2 104.77 137.2 2 3 0 1.5456 2 1 1 0
2 129.28 110.85 4 4 1 4.6336 2 1 1 0
2 69.854 99.217 1 4 0 1.3856 2 1 1 0
2 124.09 118.91 4 4 1 1.2096 2 1 1 0
2 135.33 107.93 4 4 1 1.0815 2 1 1 0
2 81.981 122.2 2 1 0 1.4817 2 1 1 0
2 122.11 98.63 4 4 1 1.0175 2 1 1 0
2 68.49 100.38 1 4 0 1.1296 2 1 1 0
2 116.82 91.335 3 3 1 2.1535 2 1 1 0
2 70.98 97.498 1 1 1 5.0654 2 1 1 0
2 55.968 101.51 1 4 0 3.4976 2 1 1 0
2 101.69 71.413 3 1 0 0.96963 2 1 1 0
2 94.807 71.083 3 4 0 1.9294 2 1 1 0
2 103.34 114.1 2 1 0 1.1934 2 1 1 0
2 104.24 138.9 2 2 1 1.8816 2 1 1 0
2 85.609 129.03 2 2 1 1.6416 2 1 1 0
2 114.03 71.214 3 4 0 3.3056 2 1 1 0
2 94.876 128.97 2 2 1 1.2415 2 1 1 0
2 80.145 103.81 1 1 1 1.6254 2 1 1 0
2 71.674 104.66 1 1 1 1.4817 2 1 1 0
2 137.8 100.42 4 4 1 1.6417 2 1 1 0
2 64.865 97.452 1 2 0 4.2654 2 1 1 0
2 101.08 80.825 3 4 0 4.9213 2 1 1 0
2 103.9 52.984 3 4 0 1.5131 2 1 1 0
2 129.02 91.02 4 3 0 2.4415 2 1 1 0
2 122.82 101.77 4 1 0 1.6417 2 1 1 0
2 115.03 82.638 3 3 1 3.1775 2 1 1 0
2 132.73 92.579 4 2 0 3.7696 2 1 1 0
2 107.72 122.85 2 1 0 2.2335 2 1 1 0
2 91.665 129.79 2 3 0 5.6413 2 1 1 0
2 97.064 60.284 3 4 0 2.7776 2 1 1 0
2 90.49 90.771 1 4 0 3.9936 2 1 1 0
2 74.121 97.48 1 1 1 1.8816 2 1 1 0
2 95.906 128.14 2 3 0 4.5055 2 1 1 0
2 77.996 133.37 2 3 0 1.2256 2 1 1 0
2 140.93 83.272 4 2 0 0.8256 2 1 1 0
2 94.916 127.7 2 3 0 0.82548 2 1 1 0
2 81.79 111.54 2 2 1 0.29752 2 1 1 0
2 70.798 95.527 1 2 0 1.0497 2 1 1 0
2 73.671 95.878 1 2 0 1.1615 2 1 1 0
2 100.29 72.852 3 3 1 0.60145 2 1 1 0
2 95.845 83.32 3 3 1 0.66559 2 1 1 0
2 59.37 85.034 1 3 0 3.0977 2 1 1 0
2 88.909 58.429 3 4 0 1.4655 2 1 1 0
2 74.074 99.646 1 4 0 2.8415 2 1 1 0
3 101.55 85.011 3 4 0 16.432 2 1 1 0
3 94.894 72.019 3 4 0 2.5134 2 1 1 0
3 63.482 91.567 1 1 1 0.96958 2 1 1 0
3 113.79 95.295 3 4 0 1.8016 2 1 1 0
3 143.61 95.96 4 4 1 1.7215 2 1 1 0
3 130.3 108.11 4 4 1 1.0334 2 1 1 0
3 98.473 67.976 3 1 0 1.8336 2 1 1 0
3 125.05 99.471 4 4 1 2.6016 2 1 1 0
3 106.31 69.963 3 4 0 1.2509 2 1 1 0
3 106.52 71.449 3 4 0 1.2256 2 1 1 0
3 139.57 102.71 4 4 1 0.71359 2 1 1 0
3 96.262 137.63 2 1 0 0.79351 2 1 1 0
3 84.963 129.49 2 4 0 1.8335 2 1 1 0
3 108.73 146.08 2 3 0 1.9615 2 1 1 0
3 91.562 71.13 3 4 0 0.8256 2 1 1 0
3 82.093 84.705 1 1 1 0.66539 2 1 1 0
3 64.013 119.66 1 1 1 1.8655 2 1 1 0
3 98.49 82.627 3 2 0 5.8174 2 1 1 0
3 105.37 62.352 3 4 0 0.95365 2 1 1 0
3 107.25 127.76 2 4 0 1.0817 2 1 1 0
3 113.07 114.09 2 4 0 0.79362 2 1 1 0
3 87.545 133.79 2 2 1 1.0495 2 1 1 0
3 105.36 117.7 2 4 0 1.0017 2 1 1 0
3 69.114 108.52 1 1 1 0.63351 2 1 1 0
3 89.463 121.33 2 1 0 1.3697 2 1 1 0
3 137.02 95.216 4 3 0 0.71364 2 1 1 0
3 95.81 77.826 3 4 0 0.31358 2 1 1 0
3 110.45 128.43 2 4 0 0.3934 2 1 1 0
3 70.559 113.66 1 2 0 0.24958 2 1 1 0
3 72.589 103.31 1 1 1 1.0016 2 1 1 0
3 122.08 84.683 4 2 0 1.8816 2 1 1 0
3 108.93 81.938 4 2 0 1.0495 2 1 1 0
3 109.3 94.724 4 4 1 0.32949 2 1 1 0
3 88.153 75.402 3 3 1 7.4973 2 1 1 0
3 90.34 116.9 1 1 1 2.9696 2 1 1 0
3 76.145 86.468 1 2 0 0.98558 2 1 1 0
3 116.98 121.04 4 2 0 0.53749 2 1 1 0
3 110.02 129.03 2 4 0 0.68161 2 1 1 0
3 119.77 117.65 2 3 0 0.68155 2 1 1 0
3 127.71 94.534 4 4 1 0.40951 2 1 1 0
3 64.004 91.564 1 1 1 2.6815 2 1 1 0
3 127.92 108.38 4 2 0 0.61749 2 1 1 0
3 104.87 128.24 2 2 1 3.6415 2 1 1 0
3 131.21 122.03 4 1 0 5.3855 2 1 1 0
3 79.562 79.509 3 3 1 0.31254 2 1 1 0
3 125.02 87.037 4 1 0 5.5775 2 1 1 0
3 64.7 97.217 1 1 1 0.45751 2 1 1 0
3 78.227 104.33 1 3 0 1.1775 2 1 1 0
3 90.921 64.416 3 3 1 1.5776 2 1 1 0
3 131.4 98.805 4 1 0 5.6735 2 1 1 0
3 112.1 90.087 4 1 0 0.2494 2 1 1 0
3 98.53 129.25 2 1 0 0.12159 2 1 1 0
3 80.524 83.775 3 1 0 0.26552 2 1 1 0
3 124.5 78.177 4 1 0 0.21757 2 1 1 0
3 73.17 85.193 1 1 1 0.3135 2 1 1 0
3 104.77 137.2 2 3 0 0.44159 2 1 1 0
3 129.28 110.85 4 1 0 0.66556 2 1 1 0
3 69.854 99.217 1 2 0 1.0017 2 1 1 0
3 124.09 118.91 4 4 1 0.69752 2 1 1 0
3 135.33 107.93 4 1 0 0.66585 2 1 1 0
3 81.981 122.2 2 1 0 1.2097 2 1 1 0
3 122.11 98.63 4 1 0 0.96956 2 1 1 0
3 68.49 100.38 1 2 0 0.98547 2 1 1 0
3 116.82 91.335 3 2 0 7.7055 2 1 1 0
3 70.98 97.498 1 1 1 1.9616 2 1 1 0
3 55.968 101.51 1 1 1 1.4656 2 1 1 0
3 101.69 71.413 3 3 1 6.1054 2 1 1 0
3 94.807 71.083 3 4 0 8.2976 2 1 1 0
3 103.34 114.1 2 4 0 1.4014 2 1 1 0
3 104.24 138.9 2 2 1 2.2816 2 1 1 0
3 85.609 129.03 2 4 0 9.9936 2 1 1 0
3 114.03 71.214 3 4 0 14.282 2 1 1 0
3 94.876 128.97 2 2 1 1.6576 2 1 1 0
3 80.145 103.81 1 2 0 1.7056 2 1 1 0
3 71.674 104.66 1 4 0 1.2417 2 1 1 0
3 137.8 100.42 4 2 0 0.48939 2 1 1 0
3 64.865 97.452 1 4 0 1.0336 2 1 1 0
3 101.08 80.825 3 2 0 1.1455 2 1 1 0
3 103.9 52.984 3 4 0 2.7776 2 1 1 0
3 129.02 91.02 4 3 0 2.8895 2 1 1 0
3 122.82 101.77 4 1 0 2.1695 2 1 1 0
3 115.03 82.638 3 2 0 1.7375 2 1 1 0
3 132.73 92.579 4 3 0 2.0256 2 1 1 0
3 107.72 122.85 2 4 0 2.3457 2 1 1 0
3 91.665 129.79 2 4 0 2.5856 2 1 1 0
3 97.064 60.284 3 4 0 2.5695 2 1 1 0
3 90.49 90.771 1 4 0 9.2255 2 1 1 0
3 74.121 97.48 1 1 1 3.2255 2 1 1 0
3 95.906 128.14 2 4 0 5.1936 2 1 1 0
3 77.996 133.37 2 2 1 2.0096 2 1 1 0
3 140.93 83.272 4 2 0 1.9457 2 1 1 0
3 94.916 127.7 2 2 1 1.8976 2 1 1 0
3 81.79 111.54 2 3 0 2.1534 2 1 1 0
3 70.798 95.527 1 3 0 1.7536 2 1 1 0
3 73.671 95.878 1 2 0 1.4016 2 1 1 0
3 100.29 72.852 3 4 0 2.5536 2 1 1 0
3 95.845 83.32 3 4 0 27.961 2 1 1 0
3 59.37 85.034 1 2 0 4.1695 2 1 1 0
3 88.909 58.429 3 3 1 9.1934 2 1 1 0
3 74.074 99.646 1 1 1 6.9535 2 1 1 0
4 101.55 85.011 3 2 0 4.5596 0 2 1 0
4 94.894 72.019 3 4 0 6.1618 1 2 1 0
4 63.482 91.567 1 3 0 2.3772 1 2 1 0
4 113.79 95.295 3 4 0 1.5136 0 2 1 0
4 143.61 95.96 4 4 1 2.8895 1 2 1 0
4 130.3 108.11 4 4 1 10.554 0 2 1 0
4 98.473 67.976 3 3 1 3.9934 0 2 1 0
4 125.05 99.471 4 3 0 1.6254 1 2 1 0
4 106.31 69.963 3 3 1 1.0814 0 2 1 0
4 106.52 71.449 3 3 1 1.6095 0 2 1 0
4 139.57 102.71 4 4 1 1.0658 0 2 1 0
4 96.262 137.63 2 2 1 1.0816 0 2 1 0
4 84.963 129.49 2 2 1 0.93755 0 2 1 0
4 108.73 146.08 2 2 1 1.7055 0 2 1 0
4 91.562 71.13 3 4 0 2.5856 1 2 1 0
4 82.093 84.705 1 2 0 1.4497 0 2 1 0
4 64.013 119.66 1 3 0 1.8976 0 2 1 0
4 98.49 82.627 3 2 0 1.3377 0 2 1 0
4 105.37 62.352 3 4 0 1.6576 1 2 1 0
4 107.25 127.76 2 4 0 2.0415 0 2 1 0
4 113.07 114.09 2 3 0 0.8256 0 2 1 0
4 87.545 133.79 2 2 1 1.0336 0 2 1 0
4 105.36 117.7 2 4 0 1.0015 0 2 1 0
4 69.114 108.52 1 4 0 1.3856 0 2 1 0
4 89.463 121.33 2 3 0 0.88954 0 2 1 0
4 137.02 95.216 4 4 1 2.8735 0 2 1 0
4 95.81 77.826 3 3 1 1.5615 0 2 1 0
4 110.45 128.43 2 4 0 2.9537 1 2 1 0
4 70.559 113.66 1 3 0 1.2094 0 2 1 0
4 72.589 103.31 1 3 0 1.0976 0 2 1 0
4 122.08 84.683 4 4 1 1.0656 1 2 1 0
4 108.93 81.938 4 3 0 0.82539 1 2 1 0
4 109.3 94.724 4 4 1 1.9297 0 2 1 0
4 88.153 75.402 3 3 1 1.0656 1 2 1 0
4 90.34 116.9 1 1 1 2.9055 0 2 1 0
4 76.145 86.468 1 2 0 1.3375 1 2 1 0
4 116.98 121.04 4 4 1 2.1536 1 2 1 0
4 110.02 129.03 2 4 0 1.0656 1 2 1 0
4 119.77 117.65 2 3 0 1.0015 0 2 1 0
4 127.71 94.534 4 4 1 1.2255 0 2 1 0
4 64.004 91.564 1 1 1 1.3697 1 2 1 0
4 127.92 108.38 4 4 1 1.6096 1 2 1 0
4 104.87 128.24 2 3 0 1.3054 1 2 1 0
4 131.21 122.03 4 2 0 0.84168 0 2 1 0
4 79.562 79.509 3 1 0 6.6335 0 2 1 0
4 125.02 87.037 4 2 0 2.1376 0 2 1 0
4 64.7 97.217 1 4 0 1.7856 1 2 1 0
4 78.227 104.33 1 4 0 1.2895 0 2 1 0
4 90.921 64.416 3 4 0 0.90559 0 2 1 0
4 131.4 98.805 4 4 1 1.6735 0 2 1 0
4 112.1 90.087 4 2 0 1.3696 1 2 1 0
4 98.53 129.25 2 2 1 1.0496 0 2 1 0
4 80.524 83.775 3 3 1 1.0175 0 2 1 0
4 124.5 78.177 4 4 1 2.0737 0 2 1 0
4 73.17 85.193 1 2 0 3.6415 1 2 1 0
4 104.77 137.2 2 2 1 0.96962 1 2 1 0
4 129.28 110.85 4 1 0 2.7296 1 2 1 0
4 69.854 99.217 1 1 1 1.3215 0 2 1 0
4 124.09 118.91 4 3 0 1.4495 0 2 1 0
4 135.33 107.93 4 3 0 2.5695 1 2 1 0
4 81.981 122.2 2 4 0 1.7216 1 2 1 0
4 122.11 98.63 4 3 0 1.4335 1 2 1 0
4 68.49 100.38 1 4 0 1.7057 0 2 1 0
4 116.82 91.335 3 3 1 2.9215 0 2 1 0
4 70.98 97.498 1 4 0 1.3375 1 2 1 0
4 55.968 101.51 1 4 0 1.3696 1 2 1 0
4 101.69 71.413 3 4 0 1.2256 1 2 1 0
4 94.807 71.083 3 1 0 0.88948 1 2 1 0
4 103.34 114.1 2 1 0 2.4894 1 2 1 0
4 104.24 138.9 2 2 1 1.0816 0 2 1 0
4 85.609 129.03 2 2 1 1.3856 0 2 1 0
4 114.03 71.214 3 3 1 1.8976 0 2 1 0
4 94.876 128.97 2 4 0 2.7776 0 2 1 0
4 80.145 103.81 1 1 1 1.9776 1 2 1 0
4 71.674 104.66 1 3 0 1.0175 1 2 1 0
4 137.8 100.42 4 3 0 1.6575 0 2 1 0
4 64.865 97.452 1 1 1 0.79351 1 2 1 0
4 101.08 80.825 3 3 1 1.1297 0 2 1 0
4 103.9 52.984 3 1 0 1.3376 0 2 1 0
4 129.02 91.02 4 4 1 1.1776 0 2 1 0
4 122.82 101.77 4 3 0 3.0816 0 2 1 0
4 115.03 82.638 3 4 0 5.4976 0 2 1 0
4 132.73 92.579 4 4 1 0.82543 0 2 1 0
4 107.72 122.85 2 3 0 2.1376 1 2 1 0
4 91.665 129.79 2 4 0 0.95366 0 2 1 0
4 97.064 60.284 3 4 0 2.5056 1 2 1 0
4 90.49 90.771 1 3 0 0.64955 0 2 1 0
4 74.121 97.48 1 1 1 1.4334 0 2 1 0
4 95.906 128.14 2 2 1 0.85765 0 2 1 0
4 77.996 133.37 2 2 1 0.90558 0 2 1 0
4 140.93 83.272 4 4 1 2.3456 1 2 1 0
4 94.916 127.7 2 2 1 1.0493 0 2 1 0
4 81.79 111.54 2 1 0 1.2896 0 2 1 0
4 70.798 95.527 1 2 0 1.3536 0 2 1 0
4 73.671 95.878 1 4 0 1.7055 0 2 1 0
4 100.29 72.852 3 4 0 2.0257 0 2 1 0
4 95.845 83.32 3 4 0 1.5615 0 2 1 0
4 59.37 85.034 1 4 0 1.7376 0 2 1 0
4 88.909 58.429 3 1 0 1.3056 1 2 1 0
4 74.074 99.646 1 1 1 1.9457 1 2 1 0
5 101.55 85.011 3 2 0 19.616 1 2 1 0
5 94.894 72.019 3 1 0 3.2505 0 2 1 0
5 63.482 91.567 1 1 1 7.5614 1 2 1 0
5 113.79 95.295 3 3 1 2.4897 1 2 1 0
5 143.61 95.96 4 4 1 1.4016 0 2 1 0
5 130.3 108.11 4 3 0 2.1536 1 2 1 0
5 98.473 67.976 3 4 0 1.7056 0 2 1 0
5 125.05 99.471 4 4 1 3.6576 0 2 1 0
5 106.31 69.963 3 4 0 3.4336 0 2 1 0
5 106.52 71.449 3 4 0 4.3296 0 2 1 0
5 139.57 102.71 4 4 1 1.8656 1 2 1 0
5 96.262 137.63 2 2 1 4.1216 0 2 1 0
5 84.963 129.49 2 2 1 1.3536 0 2 1 0
5 108.73 146.08 2 2 1 2.0736 0 2 1 0
5 91.562 71.13 3 1 0 2.9055 0 2 1 0
5 82.093 84.705 1 2 0 2.1056 0 2 1 0
5 64.013 119.66 1 1 1 1.6736 0 2 1 0
5 98.49 82.627 3 4 0 2.5535 0 2 1 0
5 105.37 62.352 3 3 1 3.1616 1 2 1 0
5 107.25 127.76 2 4 0 1.5936 0 2 1 0
5 113.07 114.09 2 4 0 1.3375 0 2 1 0
5 87.545 133.79 2 4 0 0.36141 0 2 1 0
5 105.36 117.7 2 4 0 0.79358 0 2 1 0
5 69.114 108.52 1 4 0 1.4336 0 2 1 0
5 89.463 121.33 2 4 0 0.95353 1 2 1 0
5 137.02 95.216 4 4 1 6.3775 0 2 1 0
5 95.81 77.826 3 4 0 1.5937 0 2 1 0
5 110.45 128.43 2 4 0 1.1616 0 2 1 0
5 70.559 113.66 1 4 0 1.1775 1 2 1 0
5 72.589 103.31 1 4 0 1.1776 0 2 1 0
5 122.08 84.683 4 4 1 1.3856 0 2 1 0
5 108.93 81.938 4 4 1 0.8735 0 2 1 0
5 109.3 94.724 4 4 1 0.95359 0 2 1 0
5 88.153 75.402 3 4 0 0.95357 0 2 1 0
5 90.34 116.9 1 4 0 1.0016 1 2 1 0
5 76.145 86.468 1 2 0 2.5695 0 2 1 0
5 116.98 121.04 4 4 1 1.6896 0 2 1 0
5 110.02 129.03 2 4 0 0.93747 1 2 1 0
5 119.77 117.65 2 4 0 1.2415 0 2 1 0
5 127.71 94.534 4 4 1 0.92161 1 2 1 0
5 64.004 91.564 1 1 1 2.0896 1 2 1 0
5 127.92 108.38 4 1 0 2.4255 0 2 1 0
5 104.87 128.24 2 1 0 1.2096 1 2 1 0
5 131.21 122.03 4 1 0 0.68149 0 2 1 0
5 79.562 79.509 3 1 0 1.3056 1 2 1 0
5 125.02 87.037 4 1 0 0.47351 1 2 1 0
5 64.7 97.217 1 1 1 1.6895 0 2 1 0
5 78.227 104.33 1 1 1 1.3855 0 2 1 0
5 90.921 64.416 3 1 0 23.945 0 2 1 0
5 131.4 98.805 4 4 1 2.7932 1 2 1 0
5 112.1 90.087 4 2 0 1.9613 0 2 1 0
5 98.53 129.25 2 4 0 3.4334 0 2 1 0
5 80.524 83.775 3 3 1 3.401 0 2 1 0
5 124.5 78.177 4 4 1 5.2256 1 2 1 0
5 73.17 85.193 1 2 0 1.9456 1 2 1 0
5 104.77 137.2 2 2 1 1.5616 0 2 1 0
5 129.28 110.85 4 2 0 12.073 0 2 1 0
5 69.854 99.217 1 1 1 1.4655 1 2 1 0
5 124.09 118.91 4 4 1 5.3376 0 2 1 0
5 135.33 107.93 4 4 1 1.7855 0 2 1 0
5 81.981 122.2 2 1 0 3.0815 0 2 1 0
5 122.11 98.63 4 4 1 1.4656 0 2 1 0
5 68.49 100.38 1 1 1 3.2736 1 2 1 0
5 116.82 91.335 3 2 0 2.5056 0 2 1 0
5 70.98 97.498 1 3 0 2.1214 1 2 1 0
5 55.968 101.51 1 3 0 1.1934 0 2 1 0
5 101.69 71.413 3 2 0 3.0336 1 2 1 0
5 94.807 71.083 3 1 0 1.6895 1 2 1 0
5 103.34 114.1 2 1 0 1.7376 0 2 1 0
5 104.24 138.9 2 2 1 1.5616 1 2 1 0
5 85.609 129.03 2 4 0 1.9137 1 2 1 0
5 114.03 71.214 3 4 0 13.066 0 2 1 0
5 94.876 128.97 2 4 0 1.5135 0 2 1 0
5 80.145 103.81 1 4 0 1.0017 0 2 1 0
5 71.674 104.66 1 4 0 0.48972 0 2 1 0
5 137.8 100.42 4 4 1 0.90566 0 2 1 0
5 64.865 97.452 1 2 0 0.98545 0 2 1 0
5 101.08 80.825 3 2 0 1.8335 0 2 1 0
5 103.9 52.984 3 2 0 1.4016 0 2 1 0
5 129.02 91.02 4 2 0 0.92155 0 2 1 0
5 122.82 101.77 4 2 0 0.80946 1 2 1 0
5 115.03 82.638 3 1 0 3.1136 1 2 1 0
5 132.73 92.579 4 2 0 1.8335 1 2 1 0
5 107.72 122.85 2 1 0 0.66555 1 2 1 0
5 91.665 129.79 2 4 0 0.84153 1 2 1 0
5 97.064 60.284 3 3 1 0.77747 1 2 1 0
5 90.49 90.771 1 1 1 0.37756 0 2 1 0
5 74.121 97.48 1 3 0 0.92171 1 2 1 0
5 95.906 128.14 2 4 0 0.58554 1 2 1 0
5 77.996 133.37 2 3 0 0.68163 1 2 1 0
5 140.93 83.272 4 2 0 1.0496 0 2 1 0
5 94.916 127.7 2 2 1 0.68155 1 2 1 0
5 81.79 111.54 2 4 0 0.98558 0 2 1 0
5 70.798 95.527 1 2 0 0.93765 0 2 1 0
5 73.671 95.878 1 2 0 0.77762 0 2 1 0
5 100.29 72.852 3 4 0 0.79358 1 2 1 0
5 95.845 83.32 3 2 0 12.825 0 2 1 0
5 59.37 85.034 1 1 1 1.4816 0 2 1 0
5 88.909 58.429 3 2 0 0.63353 1 2 1 0
5 74.074 99.646 1 1 1 0.55357 0 2 1 0
6 101.55 85.011 3 4 0 1.0879 0 2 1 0
6 94.894 72.019 3 2 0 0.48213 0 2 1 0
6 63.482 91.567 1 2 0 0.53768 1 2 1 0
6 113.79 95.295 3 3 1 0.48942 1 2 1 0
6 143.61 95.96 4 1 0 0.26554 0 2 1 0
6 130.3 108.11 4 1 0 0.6017 0 2 1 0
6 98.473 67.976 3 1 0 0.47341 1 2 1 0
6 125.05 99.471 4 1 0 0.58565 0 2 1 0
6 106.31 69.963 3 4 0 0.34563 1 2 1 0
6 106.52 71.449 3 1 0 0.36135 1 2 1 0
6 139.57 102.71 4 1 0 0.36161 0 2 1 0
6 96.262 137.63 2 1 0 0.48968 0 2 1 0
6 84.963 129.49 2 1 0 0.36175 1 2 1 0
6 108.73 146.08 2 3 0 0.72949 1 2 1 0
6 91.562 71.13 3 3 1 0.34538 0 2 1 0
6 82.093 84.705 1 3 0 0.45773 0 2 1 0
6 64.013 119.66 1 4 0 0.31344 1 2 1 0
6 98.49 82.627 3 2 0 0.24963 0 2 1 0
6 105.37 62.352 3 1 0 0.39358 1 2 1 0
6 107.25 127.76 2 2 1 0.089307 1 2 1 0
6 113.07 114.09 2 4 0 0.23344 1 2 1 0
6 87.545 133.79 2 3 0 0.28153 0 2 1 0
6 105.36 117.7 2 1 0 0.16969 1 2 1 0
6 69.114 108.52 1 2 0 0.58562 1 2 1 0
6 89.463 121.33 2 4 0 0.3136 0 2 1 0
6 137.02 95.216 4 3 0 0.47344 1 2 1 0
6 95.81 77.826 3 4 0 0.10554 0 2 1 0
6 110.45 128.43 2 3 0 0.36154 1 2 1 0
6 70.559 113.66 1 1 1 0.2496 0 2 1 0
6 72.589 103.31 1 2 0 0.31363 0 2 1 0
6 122.08 84.683 4 4 1 0.28156 0 2 1 0
6 108.93 81.938 4 3 0 2.1375 0 2 1 0
6 109.3 94.724 4 1 0 0.40974 1 2 1 0
6 88.153 75.402 3 2 0 0.45751 1 2 1 0
6 90.34 116.9 1 1 1 0.31354 1 2 1 0
6 76.145 86.468 1 3 0 0.52165 0 2 1 0
6 116.98 121.04 4 1 0 0.40932 0 2 1 0
6 110.02 129.03 2 2 1 0.36156 0 2 1 0
6 119.77 117.65 2 4 0 0.45757 1 2 1 0
6 127.71 94.534 4 2 0 0.48941 0 2 1 0
6 64.004 91.564 1 4 0 0.31343 0 2 1 0
6 127.92 108.38 4 3 0 0.24947 0 2 1 0
6 104.87 128.24 2 1 0 0.37769 1 2 1 0
6 131.21 122.03 4 3 0 0.39339 0 2 1 0
6 79.562 79.509 3 1 0 0.37762 0 2 1 0
6 125.02 87.037 4 2 0 0.34568 1 2 1 0
6 64.7 97.217 1 1 1 0.36164 0 2 1 0
6 78.227 104.33 1 2 0 0.34542 0 2 1 0
6 90.921 64.416 3 3 1 0.76149 0 2 1 0
6 131.4 98.805 4 4 1 0.29763 0 2 1 0
6 112.1 90.087 4 3 0 0.47341 1 2 1 0
6 98.53 129.25 2 4 0 0.28169 0 2 1 0
6 80.524 83.775 3 1 0 0.56949 1 2 1 0
6 124.5 78.177 4 3 0 0.20128 0 2 1 0
6 73.17 85.193 1 2 0 0.26544 0 2 1 0
6 104.77 137.2 2 1 0 0.26553 0 2 1 0
6 129.28 110.85 4 4 1 0.6016 0 2 1 0
6 69.854 99.217 1 2 0 0.31353 0 2 1 0
6 124.09 118.91 4 3 0 0.28145 1 2 1 0
6 135.33 107.93 4 4 1 0.31368 1 2 1 0
6 81.981 122.2 2 1 0 0.29742 1 2 1 0
6 122.11 98.63 4 3 0 0.36143 0 2 1 0
6 68.49 100.38 1 2 0 0.32967 0 2 1 0
6 116.82 91.335 3 1 0 0.58568 0 2 1 0
6 70.98 97.498 1 4 0 0.88971 0 2 1 0
6 55.968 101.51 1 2 0 0.9535 0 2 1 0
6 101.69 71.413 3 3 1 0.37761 1 2 1 0
6 94.807 71.083 3 4 0 0.16946 1 2 1 0
6 103.34 114.1 2 1 0 0.28152 0 2 1 0
6 104.24 138.9 2 2 1 0.37758 1 2 1 0
6 85.609 129.03 2 4 0 0.32964 0 2 1 0
6 114.03 71.214 3 1 0 0.61764 0 2 1 0
6 94.876 128.97 2 3 0 0.34554 0 2 1 0
6 80.145 103.81 1 2 0 0.2175 0 2 1 0
6 71.674 104.66 1 1 1 0.34547 1 2 1 0
6 137.8 100.42 4 2 0 0.60163 1 2 1 0
6 64.865 97.452 1 3 0 0.041422 1 2 1 0
6 101.08 80.825 3 4 0 0.073361 1 2 1 0
6 103.9 52.984 3 2 0 0.56967 0 2 1 0
6 129.02 91.02 4 1 0 0.34545 0 2 1 0
6 122.82 101.77 4 4 1 0.42558 0 2 1 0
6 115.03 82.638 3 2 0 0.31342 0 2 1 0
6 132.73 92.579 4 3 0 0.39353 0 2 1 0
6 107.72 122.85 2 4 0 0.32952 1 2 1 0
6 91.665 129.79 2 1 0 0.36155 1 2 1 0
6 97.064 60.284 3 4 0 0.23341 0 2 1 0
6 90.49 90.771 1 1 1 0.16938 0 2 1 0
6 74.121 97.48 1 3 0 0.23356 1 2 1 0
6 95.906 128.14 2 1 0 0.34547 0 2 1 0
6 77.996 133.37 2 2 1 0.29754 1 2 1 0
6 140.93 83.272 4 3 0 0.15353 0 2 1 0
6 94.916 127.7 2 2 1 0.32949 0 2 1 0
6 81.79 111.54 2 1 0 0.2337 0 2 1 0
6 70.798 95.527 1 4 0 0.31356 0 2 1 0
6 73.671 95.878 1 3 0 0.53736 0 2 1 0
6 100.29 72.852 3 1 0 0.31354 0 2 1 0
6 95.845 83.32 3 2 0 0.36152 0 2 1 0
6 59.37 85.034 1 4 0 0.32969 0 2 1 0
6 88.909 58.429 3 3 1 0.31366 0 2 1 0
6 74.074 99.646 1 1 1 0.31357 0 2 1 0
7 101.55 85.011 3 2 0 0.89585 2 1 1 0
7 94.894 72.019 3 4 0 0.38694 2 1 1 0
7 63.482 91.567 1 3 0 0.10536 2 1 1 0
7 113.79 95.295 3 4 0 0.073446 2 1 1 0
7 143.61 95.96 4 2 0 0.073356 2 1 1 0
7 130.3 108.11 4 1 0 0.26546 2 1 1 0
7 98.473 67.976 3 3 1 0.55362 2 1 1 0
7 125.05 99.471 4 4 1 0.13764 2 1 1 0
7 106.31 69.963 3 2 0 0.12149 2 1 1 0
7 106.52 71.449 3 1 0 0.36166 2 1 1 0
7 139.57 102.71 4 2 0 0.31348 2 1 1 0
7 96.262 137.63 2 4 0 0.2015 2 1 1 0
7 84.963 129.49 2 2 1 0.8629 2 1 1 0
7 108.73 146.08 2 1 0 0.32948 2 1 1 0
7 91.562 71.13 3 3 1 0.52145 2 1 1 0
7 82.093 84.705 1 2 0 0.34562 2 1 1 0
7 64.013 119.66 1 4 0 0.26566 2 1 1 0
7 98.49 82.627 3 2 0 0.089321 2 1 1 0
7 105.37 62.352 3 3 1 0.81484 2 1 1 0
7 107.25 127.76 2 2 1 0.15353 2 1 1 0
7 113.07 114.09 2 1 0 1.0975 2 1 1 0
7 87.545 133.79 2 4 0 0.39362 2 1 1 0
7 105.36 117.7 2 3 0 0.26569 2 1 1 0
7 69.114 108.52 1 2 0 0.28155 2 1 1 0
7 89.463 121.33 2 3 0 0.70281 2 1 1 0
7 137.02 95.216 4 4 1 0.28153 2 1 1 0
7 95.81 77.826 3 2 0 1.0494 2 1 1 0
7 110.45 128.43 2 4 0 0.32947 2 1 1 0
7 70.559 113.66 1 1 1 0.47361 2 1 1 0
7 72.589 103.31 1 4 0 0.26546 2 1 1 0
7 122.08 84.683 4 2 0 0.52175 2 1 1 0
7 108.93 81.938 4 3 0 2.4575 2 1 1 0
7 109.3 94.724 4 2 0 0.29767 2 1 1 0
7 88.153 75.402 3 3 1 0.29749 2 1 1 0
7 90.34 116.9 1 1 1 0.34544 2 1 1 0
7 76.145 86.468 1 2 0 0.23332 2 1 1 0
7 116.98 121.04 4 1 0 0.60161 2 1 1 0
7 110.02 129.03 2 3 0 2.1696 2 1 1 0
7 119.77 117.65 2 4 0 0.28156 2 1 1 0
7 127.71 94.534 4 4 1 0.29753 2 1 1 0
7 64.004 91.564 1 4 0 0.2015 2 1 1 0
7 127.92 108.38 4 4 1 0.26541 2 1 1 0
7 104.87 128.24 2 4 0 0.34556 2 1 1 0
7 131.21 122.03 4 4 1 0.29745 2 1 1 0
7 79.562 79.509 3 4 0 0.28145 2 1 1 0
7 125.02 87.037 4 4 1 0.26563 2 1 1 0
7 64.7 97.217 1 4 0 0.31355 2 1 1 0
7 78.227 104.33 1 4 0 0.26564 2 1 1 0
7 90.921 64.416 3 4 0 0.49476 2 1 1 0
7 131.4 98.805 4 4 1 0.28167 2 1 1 0
7 112.1 90.087 4 4 1 0.36142 2 1 1 0
7 98.53 129.25 2 4 0 0.28156 2 1 1 0
7 80.524 83.775 3 4 0 0.88956 2 1 1 0
7 124.5 78.177 4 2 0 0.34552 2 1 1 0
7 73.17 85.193 1 1 1 0.44148 2 1 1 0
7 104.77 137.2 2 4 0 0.90551 2 1 1 0
7 129.28 110.85 4 2 0 0.36133 2 1 1 0
7 69.854 99.217 1 4 0 0.39364 2 1 1 0
7 124.09 118.91 4 4 1 0.37743 2 1 1 0
7 135.33 107.93 4 4 1 0.45752 2 1 1 0
7 81.981 122.2 2 1 0 6.4097 2 1 1 0
7 122.11 98.63 4 3 0 1.0975 2 1 1 0
7 68.49 100.38 1 2 0 0.20145 2 1 1 0
7 116.82 91.335 3 4 0 0.057607 2 1 1 0
7 70.98 97.498 1 1 1 0.26564 2 1 1 0
7 55.968 101.51 1 1 1 0.48953 2 1 1 0
7 101.69 71.413 3 1 0 0.42553 2 1 1 0
7 94.807 71.083 3 2 0 0.31359 2 1 1 0
7 103.34 114.1 2 1 0 0.29737 2 1 1 0
7 104.24 138.9 2 1 0 0.29761 2 1 1 0
7 85.609 129.03 2 3 0 0.44152 2 1 1 0
7 114.03 71.214 3 3 1 0.28153 2 1 1 0
7 94.876 128.97 2 3 0 0.45747 2 1 1 0
7 80.145 103.81 1 1 1 0.39354 2 1 1 0
7 71.674 104.66 1 4 0 1.2736 2 1 1 0
7 137.8 100.42 4 1 0 0.31343 2 1 1 0
7 64.865 97.452 1 2 0 0.31349 2 1 1 0
7 101.08 80.825 3 3 1 0.37766 2 1 1 0
7 103.9 52.984 3 2 0 0.45758 2 1 1 0
7 129.02 91.02 4 1 0 0.28151 2 1 1 0
7 122.82 101.77 4 3 0 0.31338 2 1 1 0
7 115.03 82.638 3 1 0 0.32968 2 1 1 0
7 132.73 92.579 4 4 1 0.34564 2 1 1 0
7 107.72 122.85 2 1 0 1.0014 2 1 1 0
7 91.665 129.79 2 4 0 0.28135 2 1 1 0
7 97.064 60.284 3 3 1 0.48964 2 1 1 0
7 90.49 90.771 1 3 0 0.60154 2 1 1 0
7 74.121 97.48 1 4 0 0.36153 2 1 1 0
7 95.906 128.14 2 1 0 0.39353 2 1 1 0
7 77.996 133.37 2 4 0 0.31343 2 1 1 0
7 140.93 83.272 4 2 0 0.23353 2 1 1 0
7 94.916 127.7 2 4 0 0.23333 2 1 1 0
7 81.79 111.54 2 4 0 1.0017 2 1 1 0
7 70.798 95.527 1 1 1 0.66553 2 1 1 0
7 73.671 95.878 1 4 0 0.31363 2 1 1 0
7 100.29 72.852 3 1 0 0.6174 2 1 1 0
7 95.845 83.32 3 1 0 0.37766 2 1 1 0
7 59.37 85.034 1 1 1 0.26546 2 1 1 0
7 88.909 58.429 3 4 0 0.90548 2 1 1 0
7 74.074 99.646 1 4 0 0.47357 2 1 1 0
8 101.55 85.011 3 4 0 7.8238 2 1 1 0
8 94.894 72.019 3 3 1 1.2182 2 1 1 0
8 63.482 91.567 1 1 1 0.32955 2 1 1 0
8 113.79 95.295 3 3 1 0.56945 2 1 1 0
8 143.61 95.96 4 1 0 0.28161 2 1 1 0
8 130.3 108.11 4 1 0 0.52162 2 1 1 0
8 98.473 67.976 3 3 1 0.24942 2 1 1 0
8 125.05 99.471 4 1 0 0.61751 2 1 1 0
8 106.31 69.963 3 3 1 0.71362 2 1 1 0
8 106.52 71.449 3 3 1 0.5852 2 1 1 0
8 139.57 102.71 4 3 0 0.52146 2 1 1 0
8 96.262 137.63 2 3 0 0.64957 2 1 1 0
8 84.963 129.49 2 3 0 1.4335 2 1 1 0
8 108.73 146.08 2 3 0 1.4016 2 1 1 0
8 91.562 71.13 3 1 0 1.0336 2 1 1 0
8 82.093 84.705 1 3 0 1.4014 2 1 1 0
8 64.013 119.66 1 1 1 0.9374 2 1 1 0
8 98.49 82.627 3 1 0 1.2096 2 1 1 0
8 105.37 62.352 3 1 0 0.4895 2 1 1 0
8 107.25 127.76 2 4 0 1.0495 2 1 1 0
8 113.07 114.09 2 4 0 0.4256 2 1 1 0
8 87.545 133.79 2 3 0 0.28141 2 1 1 0
8 105.36 117.7 2 2 1 0.3617 2 1 1 0
8 69.114 108.52 1 2 0 0.34558 2 1 1 0
8 89.463 121.33 2 4 0 0.39355 2 1 1 0
8 137.02 95.216 4 2 0 0.34553 2 1 1 0
8 95.81 77.826 3 4 0 0.3616 2 1 1 0
8 110.45 128.43 2 4 0 0.31358 2 1 1 0
8 70.559 113.66 1 3 0 0.26545 2 1 1 0
8 72.589 103.31 1 3 0 0.32936 2 1 1 0
8 122.08 84.683 4 1 0 0.28149 2 1 1 0
8 108.93 81.938 4 4 1 0.32959 2 1 1 0
8 109.3 94.724 4 4 1 0.50566 2 1 1 0
8 88.153 75.402 3 4 0 0.48952 2 1 1 0
8 90.34 116.9 1 4 0 0.76167 2 1 1 0
8 76.145 86.468 1 3 0 0.3614 2 1 1 0
8 116.98 121.04 4 2 0 0.36162 2 1 1 0
8 110.02 129.03 2 2 1 0.63358 2 1 1 0
8 119.77 117.65 2 4 0 4.4577 2 1 1 0
8 127.71 94.534 4 1 0 0.76162 2 1 1 0
8 64.004 91.564 1 2 0 0.85765 2 1 1 0
8 127.92 108.38 4 3 0 0.26553 2 1 1 0
8 104.87 128.24 2 4 0 0.5856 2 1 1 0
8 131.21 122.03 4 3 0 0.24952 2 1 1 0
8 79.562 79.509 3 3 1 0.31348 2 1 1 0
8 125.02 87.037 4 3 0 0.55339 2 1 1 0
8 64.7 97.217 1 3 0 0.29752 2 1 1 0
8 78.227 104.33 1 3 0 0.24933 2 1 1 0
8 90.921 64.416 3 3 1 0.29749 2 1 1 0
8 131.4 98.805 4 4 1 0.93759 2 1 1 0
8 112.1 90.087 4 2 0 1.3056 2 1 1 0
8 98.53 129.25 2 4 0 1.5456 2 1 1 0
8 80.524 83.775 3 1 0 1.0657 2 1 1 0
8 124.5 78.177 4 3 0 0.32959 2 1 1 0
8 73.17 85.193 1 4 0 0.31347 2 1 1 0
8 104.77 137.2 2 2 1 0.80963 2 1 1 0
8 129.28 110.85 4 4 1 0.31358 2 1 1 0
8 69.854 99.217 1 3 0 0.71349 2 1 1 0
8 124.09 118.91 4 1 0 0.37727 2 1 1 0
8 135.33 107.93 4 2 0 0.21754 2 1 1 0
8 81.981 122.2 2 4 0 0.44152 2 1 1 0
8 122.11 98.63 4 4 1 0.24963 2 1 1 0
8 68.49 100.38 1 1 1 1.4657 2 1 1 0
8 116.82 91.335 3 4 0 0.96967 2 1 1 0
8 70.98 97.498 1 2 0 1.1296 2 1 1 0
8 55.968 101.51 1 3 0 0.32933 2 1 1 0
8 101.69 71.413 3 4 0 0.3936 2 1 1 0
8 94.807 71.083 3 2 0 0.29745 2 1 1 0
8 103.34 114.1 2 1 0 0.55891 2 1 1 0
8 104.24 138.9 2 1 0 0.26536 2 1 1 0
8 85.609 129.03 2 4 0 0.21756 2 1 1 0
8 114.03 71.214 3 2 0 0.29745 2 1 1 0
8 94.876 128.97 2 3 0 0.31353 2 1 1 0
8 80.145 103.81 1 3 0 0.34555 2 1 1 0
8 71.674 104.66 1 3 0 0.52151 2 1 1 0
8 137.8 100.42 4 4 1 0.36116 2 1 1 0
8 64.865 97.452 1 4 0 0.58543 2 1 1 0
8 101.08 80.825 3 2 0 0.42568 2 1 1 0
8 103.9 52.984 3 2 0 0.089622 2 1 1 0
8 129.02 91.02 4 1 0 0.53756 2 1 1 0
8 122.82 101.77 4 4 1 0.32935 2 1 1 0
8 115.03 82.638 3 4 0 0.39364 2 1 1 0
8 132.73 92.579 4 4 1 0.45763 2 1 1 0
8 107.72 122.85 2 4 0 0.53759 2 1 1 0
8 91.665 129.79 2 3 0 0.37752 2 1 1 0
8 97.064 60.284 3 4 0 2.2817 2 1 1 0
8 90.49 90.771 1 4 0 4.4895 2 1 1 0
8 74.121 97.48 1 2 0 0.29744 2 1 1 0
8 95.906 128.14 2 1 0 0.3135 2 1 1 0
8 77.996 133.37 2 1 0 0.26558 2 1 1 0
8 140.93 83.272 4 1 0 0.21753 2 1 1 0
8 94.916 127.7 2 4 0 0.32959 2 1 1 0
8 81.79 111.54 2 3 0 0.3134 2 1 1 0
8 70.798 95.527 1 4 0 0.26553 2 1 1 0
8 73.671 95.878 1 4 0 0.37767 2 1 1 0
8 100.29 72.852 3 2 0 0.31348 2 1 1 0
8 95.845 83.32 3 4 0 0.23343 2 1 1 0
8 59.37 85.034 1 4 0 0.71341 2 1 1 0
8 88.909 58.429 3 4 0 0.82575 2 1 1 0
8 74.074 99.646 1 1 1 0.5855 2 1 1 0
9 101.55 85.011 3 4 0 0.95986 2 1 1 0
9 94.894 72.019 3 3 1 0.29126 2 1 1 0
9 63.482 91.567 1 2 0 0.37756 2 1 1 0
9 113.79 95.295 3 4 0 0.31362 2 1 1 0
9 143.61 95.96 4 3 0 0.31345 2 1 1 0
9 130.3 108.11 4 1 0 0.29753 2 1 1 0
9 98.473 67.976 3 4 0 0.47363 2 1 1 0
9 125.05 99.471 4 1 0 0.29759 2 1 1 0
9 106.31 69.963 3 4 0 0.40951 2 1 1 0
9 106.52 71.449 3 3 1 0.55344 2 1 1 0
9 139.57 102.71 4 1 0 0.44163 2 1 1 0
9 96.262 137.63 2 3 0 0.39335 2 1 1 0
9 84.963 129.49 2 4 0 0.52172 2 1 1 0
9 108.73 146.08 2 1 0 0.32947 2 1 1 0
9 91.562 71.13 3 2 0 0.28147 2 1 1 0
9 82.093 84.705 1 2 0 0.52158 2 1 1 0
9 64.013 119.66 1 2 0 0.34541 2 1 1 0
9 98.49 82.627 3 2 0 0.39868 2 1 1 0
9 105.37 62.352 3 3 1 0.39362 2 1 1 0
9 107.25 127.76 2 4 0 0.47356 2 1 1 0
9 113.07 114.09 2 3 0 0.39331 2 1 1 0
9 87.545 133.79 2 4 0 0.36147 2 1 1 0
9 105.36 117.7 2 3 0 0.29738 2 1 1 0
9 69.114 108.52 1 3 0 0.34555 2 1 1 0
9 89.463 121.33 2 3 0 0.47347 2 1 1 0
9 137.02 95.216 4 3 0 0.47357 2 1 1 0
9 95.81 77.826 3 4 0 0.37766 2 1 1 0
9 110.45 128.43 2 4 0 0.16945 2 1 1 0
9 70.559 113.66 1 1 1 0.26537 2 1 1 0
9 72.589 103.31 1 1 1 0.47366 2 1 1 0
9 122.08 84.683 4 1 0 0.39349 2 1 1 0
9 108.93 81.938 4 4 1 0.45748 2 1 1 0
9 109.3 94.724 4 4 1 0.69757 2 1 1 0
9 88.153 75.402 3 2 0 0.55358 2 1 1 0
9 90.34 116.9 1 2 0 0.36138 2 1 1 0
9 76.145 86.468 1 3 0 0.39349 2 1 1 0
9 116.98 121.04 4 3 0 0.39357 2 1 1 0
9 110.02 129.03 2 4 0 0.58558 2 1 1 0
9 119.77 117.65 2 4 0 0.32948 2 1 1 0
9 127.71 94.534 4 4 1 0.3616 2 1 1 0
9 64.004 91.564 1 4 0 0.39348 2 1 1 0
9 127.92 108.38 4 3 0 0.32949 2 1 1 0
9 104.87 128.24 2 2 1 0.44126 2 1 1 0
9 131.21 122.03 4 1 0 0.36168 2 1 1 0
9 79.562 79.509 3 1 0 0.28138 2 1 1 0
9 125.02 87.037 4 2 0 0.36159 2 1 1 0
9 64.7 97.217 1 3 0 0.26527 2 1 1 0
9 78.227 104.33 1 1 1 0.45763 2 1 1 0
9 90.921 64.416 3 1 0 0.6495 2 1 1 0
9 131.4 98.805 4 4 1 0.85753 2 1 1 0
9 112.1 90.087 4 2 0 0.82562 2 1 1 0
9 98.53 129.25 2 2 1 0.92146 2 1 1 0
9 80.524 83.775 3 3 1 0.64953 2 1 1 0
9 124.5 78.177 4 4 1 0.95366 2 1 1 0
9 73.17 85.193 1 3 0 1.2096 2 1 1 0
9 104.77 137.2 2 3 0 0.68161 2 1 1 0
9 129.28 110.85 4 3 0 0.76162 2 1 1 0
9 69.854 99.217 1 1 1 0.90563 2 1 1 0
9 124.09 118.91 4 4 1 0.6977 2 1 1 0
9 135.33 107.93 4 4 1 0.82544 2 1 1 0
9 81.981 122.2 2 1 0 1.0816 2 1 1 0
9 122.11 98.63 4 4 1 0.82556 2 1 1 0
9 68.49 100.38 1 2 0 1.6577 2 1 1 0
9 116.82 91.335 3 4 0 0.96964 2 1 1 0
9 70.98 97.498 1 1 1 0.95346 2 1 1 0
9 55.968 101.51 1 1 1 0.79364 2 1 1 0
9 101.69 71.413 3 3 1 0.58547 2 1 1 0
9 94.807 71.083 3 2 0 0.82576 2 1 1 0
9 103.34 114.1 2 3 0 0.45768 2 1 1 0
9 104.24 138.9 2 1 0 0.6495 2 1 1 0
9 85.609 129.03 2 1 0 0.60151 2 1 1 0
9 114.03 71.214 3 4 0 1.2256 2 1 1 0
9 94.876 128.97 2 3 0 0.66552 2 1 1 0
9 80.145 103.81 1 4 0 0.45748 2 1 1 0
9 71.674 104.66 1 2 0 0.44159 2 1 1 0
9 137.8 100.42 4 4 1 0.6176 2 1 1 0
9 64.865 97.452 1 4 0 0.69748 2 1 1 0
9 101.08 80.825 3 3 1 0.45758 2 1 1 0
9 103.9 52.984 3 2 0 0.84162 2 1 1 0
9 129.02 91.02 4 2 0 0.40965 2 1 1 0
9 122.82 101.77 4 2 0 0.55356 2 1 1 0
9 115.03 82.638 3 4 0 0.63349 2 1 1 0
9 132.73 92.579 4 3 0 0.50553 2 1 1 0
9 107.72 122.85 2 4 0 0.40965 2 1 1 0
9 91.665 129.79 2 3 0 0.50541 2 1 1 0
9 97.064 60.284 3 4 0 0.31361 2 1 1 0
9 90.49 90.771 1 3 0 0.2656 2 1 1 0
9 74.121 97.48 1 3 0 0.37764 2 1 1 0
9 95.906 128.14 2 4 0 0.32949 2 1 1 0
9 77.996 133.37 2 3 0 0.39354 2 1 1 0
9 140.93 83.272 4 4 1 0.31365 2 1 1 0
9 94.916 127.7 2 4 0 0.63367 2 1 1 0
9 81.79 111.54 2 4 0 0.39346 2 1 1 0
9 70.798 95.527 1 2 0 0.32962 2 1 1 0
9 73.671 95.878 1 1 1 0.16943 2 1 1 0
9 100.29 72.852 3 2 0 0.29765 2 1 1 0
9 95.845 83.32 3 2 0 0.2655 2 1 1 0
9 59.37 85.034 1 1 1 0.34567 2 1 1 0
9 88.909 58.429 3 3 1 0.37755 2 1 1 0
9 74.074 99.646 1 4 0 0.34552 2 1 1 0
