1 70.057 97.824 4 1 3 1 0 4.8159 6
1 135.48 103.1 2 4 3 1 0 3.9773 6
1 111.32 66.94 4 3 4 1 0 2.8894 6
1 138.16 109.2 2 4 2 1 0 8.8733 6
1 100.26 126.58 1 2 1 1 0 1.0494 6
1 111.42 105.79 2 4 3 1 0 1.5293 6
1 103.04 133.76 1 2 4 1 0 1.1773 6
1 107.66 76.983 2 3 1 1 0 1.1294 6
1 95.087 138.82 1 2 2 1 1 0.3613 6
1 100.28 82.642 1 3 2 1 0 3.4174 6
1 105.29 110.19 4 2 3 1 0 5.865 6
1 92.034 75.207 1 3 4 1 0 0.4414 6
1 136.37 93.27 3 4 2 1 0 1.5773 6
1 81.331 81.853 1 1 1 1 1 1.7214 6
1 77.043 103.02 3 1 4 1 0 1.5773 6
1 88.727 138.52 4 2 3 1 0 1.8972 6
1 126.81 79.395 3 4 2 1 0 1.1293 6
1 138.1 78.635 1 4 1 1 0 1.0813 6
1 101.93 124.92 1 2 2 1 1 1.7533 6
1 123.59 90.996 3 3 4 1 0 0.96944 6
1 88.46 132.35 3 2 1 1 0 2.1373 6
1 84.668 102.75 2 1 3 1 0 0.77737 6
1 80.514 110.94 3 1 1 1 1 1.0174 6
1 95.503 80.539 4 3 3 1 1 1.1454 6
1 78.156 106.16 1 1 4 1 0 1.9614 6
1 56.719 111.46 2 1 4 1 0 1.2254 6
1 143.47 104.91 4 4 2 1 0 1.0654 6
1 103.8 134.02 2 2 2 1 1 0.95348 6
1 135.92 94.174 2 4 3 1 0 1.1134 6
1 78.451 105.19 2 1 3 1 0 1.7533 6
1 100.23 73.765 2 3 1 1 0 1.7054 6
1 96.006 70.31 1 3 4 1 0 2.4095 6
1 125.42 88.357 2 4 1 1 0 14.297 6
1 83.097 99.69 1 1 1 1 1 3.4974 6
1 108.16 121.17 2 2 4 1 0 7.1773 6
1 96.222 119.36 4 2 1 1 0 6.7134 6
1 108.59 150 2 2 4 1 0 5.9294 6
1 74.406 94.873 4 1 1 1 1 7.2732 6
1 124.62 98.248 2 4 2 1 0 4.4414 6
1 105.35 62.113 4 3 2 1 0 5.4973 6
1 96.639 63.931 2 3 4 1 0 5.3374 6
1 114.2 77.146 1 3 2 1 0 4.0893 6
1 150.2 102.4 2 4 2 1 0 4.1533 6
1 91.842 58.59 1 3 4 1 0 6.9853 6
1 105.84 59.327 2 3 4 1 0 5.4973 6
1 100.66 138.95 2 2 2 1 1 6.3772 6
1 85.51 78.382 4 3 1 1 0 1.6732 6
1 84.233 137.95 4 2 1 1 0 0.92143 6
1 110.47 86.667 3 3 4 1 0 5.7373 6
1 79.921 80.143 1 1 1 1 1 3.7054 6
1 97.504 109.72 2 2 4 1 0 6.5053 6
1 118.36 111.64 2 4 2 1 0 2.8094 6
1 108.36 74.954 1 3 1 1 0 5.8653 6
1 67.055 109.5 1 1 1 1 1 1.2254 6
1 64.441 99.62 4 1 3 1 0 1.9453 6
1 96.095 76.707 3 3 4 1 0 4.2493 6
1 95.081 129.76 3 2 2 1 1 7.8494 6
1 124.8 92.44 4 4 4 1 1 8.3294 6
1 113.19 81.538 4 4 4 1 1 8.2813 6
1 73.271 112.19 2 1 3 1 0 42.233 6
1 79.388 101.95 4 1 1 1 1 14.217 6
1 131.82 93.131 4 4 2 1 0 16.889 6
1 94.439 74.619 4 3 2 1 0 13.849 6
1 100.19 132.46 1 2 4 1 0 26.041 6
1 101.3 118.25 3 2 4 1 0 14.169 6
1 97.37 74.791 1 3 1 1 0 13.369 6
1 65.483 111.99 3 1 1 1 1 8.0413 6
1 67.377 101.21 1 1 3 1 0 11.337 6
1 111.85 115.57 2 2 2 1 1 21.353 6
1 97.803 130.48 4 2 3 1 0 7.8013 6
1 138.91 109.03 1 4 4 1 1 11.257 6
1 109.19 138.07 2 2 2 1 1 7.9613 6
1 67.719 92.352 1 1 4 1 0 16.729 6
1 129.64 91.975 2 4 4 1 1 12.793 6
1 135.9 87.263 3 4 4 1 1 7.2253 6
1 49.067 104.17 1 1 1 1 1 6.5532 6
1 75.224 88.377 1 1 1 1 1 5.5294 6
1 58.433 101.94 2 1 1 1 1 4.4733 6
1 99.874 116.05 1 2 1 1 0 11.993 6
1 130.11 92.592 2 4 4 1 1 10.873 6
1 137.08 110.12 4 4 2 1 0 5.2254 6
1 103.49 123.83 4 2 4 1 0 20.921 6
1 82.728 60.788 1 3 4 1 0 13.881 6
1 87.493 102.65 2 1 1 1 1 6.2334 6
1 100.45 75.41 2 3 1 1 0 8.7613 6
1 79.896 81.103 2 3 1 1 0 6.6813 6
1 132.97 97.663 3 4 4 1 1 12.713 6
1 99.777 123.8 2 2 4 1 0 17.545 6
1 68.92 110.38 4 1 1 1 1 6.0893 6
1 94.17 78.633 4 3 4 1 0 8.3134 6
1 105.39 122.35 2 2 2 1 1 7.8013 6
1 102.03 55.27 4 3 2 1 0 20.505 6
1 130.46 86.239 3 4 4 1 1 12.265 6
1 114.29 103.67 3 4 2 1 0 7.9773 6
1 137.35 113.99 3 4 4 1 1 19.097 6
1 95.636 122.01 3 2 3 1 0 13.945 6
1 103.29 76.818 3 3 1 1 0 35.209 6
1 132.47 91.274 3 4 4 1 1 6.5374 6
1 78.076 96.265 2 1 1 1 1 5.7853 6
1 71.147 98.665 2 1 1 1 1 3.4813 6
2 100.99 121.59 3 2 3 1 0 29.712 6
2 73.749 110.44 1 1 1 1 1 4.5535 6
2 134.45 99.393 3 4 4 1 1 9.0013 6
2 70.846 89.233 2 1 1 1 1 7.6733 6
2 114.53 61.526 3 3 3 1 1 18.521 6
2 104.56 56.695 3 3 3 1 1 25.721 6
2 140.56 95.906 1 4 4 1 1 10.297 6
2 78.088 134.84 3 2 2 1 1 6.1853 6
2 133.57 96.385 4 4 4 1 1 19.001 6
2 82.452 94.309 1 1 1 1 1 3.6574 6
2 106.96 129.73 3 2 2 1 1 9.5933 6
2 135.16 91.08 2 4 3 1 0 10.249 6
2 86.087 61.63 2 3 1 1 0 19.897 6
2 136.2 109.88 4 4 4 1 1 12.089 6
2 104.55 75.985 2 3 3 1 1 12.537 6
2 72.136 96.496 1 1 1 1 1 5.4014 6
2 77.572 109.99 2 1 1 1 1 10.281 6
2 100.29 72.427 3 3 4 1 0 8.8094 6
2 147.27 83.137 3 4 4 1 1 8.1534 6
2 62.399 88.289 2 1 1 1 1 4.3453 6
2 113.1 110.7 4 2 3 1 0 25.209 6
2 80.038 101.41 3 1 1 1 1 7.6574 6
2 104.2 141.27 1 2 2 1 1 10.681 6
2 109.99 128.71 3 2 3 1 0 18.457 6
2 128.1 100.78 1 4 4 1 1 7.7053 6
2 79.195 108.9 1 1 1 1 1 4.4893 6
2 136.8 115.45 4 4 4 1 1 21.865 6
2 86.386 114.75 3 1 2 1 0 13.145 6
2 90.76 118.01 1 2 2 1 1 19.129 6
2 64.365 104.84 3 1 1 1 1 3.4493 6
2 79.308 92.667 4 1 3 1 0 8.2653 6
2 132.99 87.506 4 4 4 1 1 9.8333 6
2 95.619 81.297 4 3 1 1 0 20.185 6
2 121.31 98.879 1 4 4 1 1 7.9454 6
2 125.36 108.83 4 4 4 1 1 7.5934 6
2 111.52 115.14 4 2 4 1 0 8.2973 6
2 88.576 154.71 3 2 2 1 1 8.6653 6
2 105.24 69.674 3 3 3 1 1 23.177 6
2 89.249 78.622 2 3 1 1 0 5.8654 6
2 71.102 89.31 1 1 1 1 1 3.0173 6
2 97.194 128.59 3 2 2 1 1 7.2733 6
2 82.976 154.25 4 2 2 1 1 10.889 6
2 98.409 50.535 4 3 3 1 1 18.169 6
2 126.49 92.918 4 4 4 1 1 18.217 6
2 80.363 107.58 4 1 1 1 1 3.9134 6
2 127.81 85.974 1 4 4 1 1 14.649 6
2 81.98 108.69 2 1 1 1 1 4.0573 6
2 101.9 83.963 4 3 4 1 0 39.785 6
2 112.83 144.21 4 2 2 1 1 7.5613 6
2 85.657 87.331 3 1 1 1 1 5.2572 6
2 91.087 110.36 2 2 1 1 0 4.6973 6
2 126.18 107.62 3 4 4 1 1 23.449 6
2 114.07 154.31 3 2 2 1 1 5.0013 6
2 75.227 96.213 2 1 1 1 1 3.8334 6
2 86.84 95.028 1 3 2 1 0 38.857 6
2 98.245 120.49 4 2 2 1 1 18.105 6
2 103.79 74.408 2 3 3 1 1 10.345 6
2 101.83 65.421 2 3 3 1 1 9.7693 6
2 87.314 64.028 3 3 2 1 0 9.4334 6
2 83.847 132.18 3 2 2 1 1 6.5853 6
2 96.491 75.548 4 3 3 1 1 10.681 6
2 120.24 105.37 4 4 4 1 1 8.2652 6
2 107.65 124.98 2 2 2 1 1 15.305 6
2 92.056 65.207 4 3 3 1 1 7.1132 6
2 96.851 93.522 1 1 1 1 1 15.289 6
2 106.46 68.872 2 3 1 1 0 12.537 6
2 73.556 72.203 2 3 1 1 0 2.1213 6
2 112.41 118.76 3 4 2 1 0 9.7854 6
2 105.56 113.27 4 2 2 1 1 26.649 6
2 73.932 114.88 2 1 1 1 1 8.7453 6
2 101.16 128.38 4 2 2 1 1 19.945 6
2 102.34 113.04 3 2 2 1 1 4.8894 6
2 116.97 92.084 3 4 4 1 1 16.937 6
2 88.839 138.9 2 2 2 1 1 5.7534 6
2 102.96 73.328 3 3 3 1 1 13.481 6
2 131.6 100.05 3 4 4 1 1 11.257 6
2 84.364 77.564 1 3 1 1 0 15.081 6
2 111.79 125.11 2 2 1 1 0 14.313 6
2 99.136 69.971 4 3 3 1 1 9.0173 6
2 70.723 116.53 4 1 1 1 1 3.5455 6
2 127.04 102.53 2 4 4 1 1 12.121 6
2 123.77 91.191 2 4 4 1 1 6.3133 6
2 135.82 105.16 1 4 4 1 1 4.9373 6
2 77.928 100.5 3 1 2 1 0 19.625 6
2 121.92 85.312 1 4 1 1 0 9.0653 6
2 101.11 71.326 2 3 1 1 0 8.4254 6
2 137.4 90.895 4 4 4 1 1 6.0092 6
2 109.08 102.43 4 4 1 1 0 9.5292 6
2 92.918 131.84 1 2 2 1 1 8.2173 6
2 109.85 73.783 1 3 3 1 1 6.6012 6
2 105.35 58.085 2 3 3 1 1 33.977 6
2 124.87 94.913 2 4 4 1 1 11.577 6
2 104.9 118.62 3 2 2 1 1 15.609 6
2 96.141 112.8 3 2 2 1 1 8.6493 6
2 61.124 86.306 1 1 1 1 1 1.1293 6
2 84.647 111.43 2 1 2 1 0 5.4653 6
2 74.453 101.68 3 1 1 1 1 8.3453 6
2 69.448 106.47 4 1 1 1 1 2.2974 6
2 102.16 55.752 3 3 3 1 1 6.3932 6
2 76.242 107.64 1 1 1 1 1 4.9854 6
3 133.69 86.174 4 4 4 1 1 8 6
3 78.534 135.86 1 2 2 1 1 5.2253 6
3 129.27 80.77 4 4 1 1 0 11.833 6
3 112.99 56.667 1 3 3 1 1 28.201 6
3 96.455 124.97 3 2 2 1 1 5.4012 6
3 127.58 95.363 3 4 4 1 1 10.105 6
3 125.5 91.716 2 4 4 1 1 17.417 6
3 121.8 103.95 1 4 4 1 1 5.6253 6
3 90.727 115.04 2 2 2 1 1 23.785 6
3 59.669 94.748 1 1 1 1 1 3.2734 6
3 76.579 100.09 1 1 2 1 0 6.3772 6
3 77.33 102.76 2 1 2 1 0 16.569 6
3 103.58 77.844 2 3 3 1 1 17.257 6
3 96.553 70.742 3 3 3 1 1 9.2893 6
3 105.22 124.71 4 2 2 1 1 8.1211 6
3 93.416 96.683 1 1 2 1 0 8.5214 6
3 94.284 48.611 4 3 3 1 1 17.097 6
3 64.23 102.61 4 1 1 1 1 4.8254 6
3 109.89 115.34 2 2 1 1 0 9.4651 6
3 112.26 78.24 1 3 1 1 0 19.001 6
3 113.03 96.023 1 4 4 1 1 8.1694 6
3 101.9 52.566 2 3 2 1 0 17.321 6
3 119.21 107.17 3 4 4 1 1 26.361 6
3 94.993 68.6 4 3 3 1 1 12.713 6
3 94.934 58.117 4 3 3 1 1 4.5533 6
3 99.281 114.32 3 2 2 1 1 5.7694 6
3 104.09 67.894 4 3 3 1 1 8.9533 6
3 127.38 98.414 3 4 4 1 1 13.257 6
3 110.61 128.72 1 2 2 1 1 7.2893 6
3 63.9 101.59 1 1 1 1 1 1.2413 6
3 96.13 74.53 1 3 4 1 0 9.1293 6
3 105.91 134.84 4 2 2 1 1 2.6493 6
3 98.221 65.457 2 3 3 1 1 2.889 6
3 91.876 91.165 2 1 2 1 0 43.865 6
3 94.597 82.411 1 3 1 1 0 9.6732 6
3 97.429 121.92 1 2 2 1 1 5.7692 6
3 134.9 112.82 4 4 4 1 1 14.937 6
3 110.72 120.02 4 2 2 1 1 12.537 6
3 142.54 96.024 3 4 4 1 1 11.209 6
3 112.9 126.84 4 2 2 1 1 6.7774 6
3 107.42 77.578 3 3 1 1 0 11.833 6
3 95.194 94.826 2 3 3 1 1 14.137 6
3 74.279 93.98 4 1 1 1 1 4.9693 6
3 87.743 121.71 4 2 1 1 0 6.5374 6
3 102.12 59.224 3 3 3 1 1 4.9053 6
3 93.355 104.98 1 1 3 1 0 6.1214 6
3 103.82 160.68 1 2 2 1 1 1.7694 6
3 143.65 112.93 1 4 4 1 1 8.5692 6
3 133.32 99.716 1 4 4 1 1 5.4973 6
3 104.31 130.62 2 2 2 1 1 7.8493 6
3 80.323 104.7 1 1 1 1 1 26.825 6
3 136.7 85.785 2 4 4 1 1 6.6813 6
3 51.438 108.53 2 1 1 1 1 1.4813 6
3 124.72 97.362 1 4 4 1 1 16.073 6
3 57.396 106.88 4 1 1 1 1 2.3613 6
3 67.26 96.275 2 1 1 1 1 2.0414 6
3 107.34 146.03 2 2 2 1 1 2.4413 6
3 85.173 84.335 2 1 1 1 1 3.3533 6
3 120.78 94.112 3 4 1 1 0 7.1612 6
3 58.379 84.361 1 1 1 1 1 1.8494 6
3 134.54 105.28 3 4 4 1 1 10.985 6
3 110.07 62.644 4 3 3 1 1 2.1693 6
3 85.758 122.92 1 2 2 1 1 2.3294 6
3 92.592 132.06 1 2 2 1 1 2.0252 6
3 100.31 142.8 1 2 2 1 1 1.4974 6
3 90.263 82.881 3 3 3 1 1 9.2093 6
3 117.36 99.67 4 4 4 1 1 23.401 6
3 99.356 122.93 4 2 2 1 1 3.6253 6
3 68.797 98.916 3 1 1 1 1 1.2894 6
3 87.361 68.211 3 3 3 1 1 2.3773 6
3 116.75 95.248 1 4 4 1 1 5.0494 6
3 58.328 73.353 4 1 1 1 1 1.5133 6
3 66.393 108.79 1 1 1 1 1 1.8173 6
3 88.911 106.9 4 1 2 1 0 6.4893 6
3 149.08 86.517 4 4 4 1 1 6.9693 6
3 62.847 102.1 3 1 1 1 1 1.8493 6
3 94.167 86.356 1 3 3 1 1 6.3453 6
3 71.185 108.26 3 1 1 1 1 2.2654 6
3 79.951 141.1 1 2 2 1 1 1.9774 6
3 98.189 128.34 4 2 2 1 1 2.4413 6
3 145.51 105.09 2 4 4 1 1 8.0413 6
3 90.995 70.212 4 3 3 1 1 5.0012 6
3 126.25 93.826 4 4 4 1 1 5.8013 6
3 132.71 98.452 2 4 4 1 1 6.9373 6
3 68.081 97.29 3 1 1 1 1 1.5612 6
3 122.11 103.28 2 4 4 1 1 5.2253 6
3 116.68 143.14 2 2 2 1 1 3.4653 6
3 113.73 110.07 3 4 3 1 0 7.7211 6
3 123.62 140.58 2 2 2 1 1 2.9694 6
3 90.796 75.564 4 3 3 1 1 2.8091 6
3 79.587 92.389 4 1 1 1 1 1.7533 6
3 52.279 89.759 1 1 1 1 1 1.0013 6
3 110.59 67.354 3 3 3 1 1 6.9053 6
3 89.896 132.19 4 2 2 1 1 2.2174 6
3 105.67 73.16 3 3 3 1 1 2.6333 6
3 78.275 98.073 2 1 3 1 0 7.9294 6
3 117.22 127.39 1 2 2 1 1 2.4413 6
3 106.94 67.181 3 3 3 1 1 2.2013 6
3 136.68 89.393 4 4 3 1 0 2.3773 6
3 91.41 93.881 4 3 3 1 1 7.2733 6
4 88.697 141.36 4 2 2 1 1 3.0397 3
4 106.63 68.216 1 3 3 0 0 4.3609 3
4 116.12 104.15 2 4 3 0 0 3.8333 3
4 91.515 109.53 3 2 1 1 0 3.2893 3
4 110.72 116.09 2 2 3 1 0 8.4412 3
4 92.87 115.4 1 2 4 0 0 14.041 3
4 91.393 137.11 3 2 2 1 1 3.1293 3
4 116.93 101.92 2 4 4 1 1 8.2012 3
4 108.83 89.459 3 3 3 0 1 11.401 3
4 63.269 104.28 3 1 1 1 1 1.6574 3
4 87.404 103.16 4 1 1 0 0 3.2094 3
4 69.509 113.49 2 1 1 0 0 3.2733 3
4 115.63 88.531 3 3 4 1 0 6.0733 3
4 106.83 93.879 1 4 4 1 1 7.6734 3
4 84.064 104.13 1 1 1 0 1 2.3293 3
4 63.01 111.55 1 1 1 0 1 1.2254 3
4 148.4 105.74 2 4 4 0 0 6.7452 3
4 94.721 105.78 3 2 1 1 0 29.945 3
4 95.772 76.385 3 3 3 1 1 1.6734 3
4 79.913 104.87 1 1 1 0 1 6.7452 3
4 96.142 70.835 4 3 3 1 1 2.1052 3
4 104.87 112.12 1 2 2 0 0 2.0253 3
4 108.45 68.655 4 3 3 0 0 3.0973 3
4 107.58 141.28 4 2 2 0 0 3.6574 3
4 99.229 138.82 1 2 2 0 0 5.5933 3
4 77.293 99.987 2 1 1 0 0 3.2254 3
4 107.27 82.169 3 3 3 0 1 4.297 3
4 103.74 91.348 2 4 4 0 0 14.985 3
4 75.915 124.97 3 1 1 0 0 1.5933 3
4 110.89 77.799 1 3 3 0 0 13.001 3
4 116.84 79.516 2 3 3 0 0 14.457 3
4 66.173 98.415 1 1 1 0 1 6.3454 3
4 80.444 103.32 1 1 1 0 1 3.1453 3
4 65.666 89.518 3 1 1 0 0 1.0654 3
4 114.94 130.41 3 2 2 0 0 3.4652 3
4 102.92 122.09 4 2 1 0 0 23.865 3
4 115.5 102.46 4 4 4 0 1 11.353 3
4 136.55 103.78 3 4 4 0 0 3.6573 3
4 107.5 121.61 4 2 3 0 0 13.273 3
4 90.591 64.502 2 1 3 0 0 2.4892 3
4 81.135 85.89 4 1 1 0 0 2.2333 3
4 120.12 97.778 2 4 4 1 1 7.5613 3
4 134.65 106.72 3 4 4 0 0 9.2413 3
4 77.029 88.631 4 1 1 1 1 2.0573 3
4 114.54 65.252 1 3 3 0 0 3.4333 3
4 108.91 79.36 3 3 3 1 1 15.785 3
4 95.06 146.43 2 2 2 0 1 3.6574 3
4 116.02 54.02 1 3 3 1 1 2.3133 3
4 89.671 66.716 4 3 3 0 0 2.4895 3
4 143.86 102.71 4 4 4 1 1 14.809 3
4 99.04 118.42 3 2 3 1 0 9.9451 3
4 101.91 68.71 3 3 3 0 1 3.4813 3
4 123.16 86.321 4 3 4 0 1 11.801 3
4 118 110.77 4 4 4 0 1 3.3374 3
4 98.299 66.622 3 3 3 0 1 10.009 3
4 65.58 106.67 2 1 1 0 0 1.7373 3
4 129.66 100.8 3 4 4 0 0 7.5132 3
4 133.99 82.461 1 4 4 0 0 20.569 3
4 111.29 71.945 2 3 3 0 0 16.281 3
4 121.82 81.2 1 4 3 0 0 3.3373 3
4 140.28 107.07 4 4 4 0 1 26.329 3
4 98.021 135.47 1 2 2 0 0 3.3852 3
4 73.33 105.79 4 1 1 1 1 2.0893 3
4 93.272 118.26 4 2 3 0 0 17.289 3
4 137.43 97.095 2 4 4 0 0 6.4733 3
4 129.33 121.82 4 4 3 0 0 15.465 3
4 95.911 133.08 1 2 2 0 0 3.3534 3
4 72.976 91.851 3 1 1 0 0 1.0173 3
4 74.106 102.73 1 1 1 0 1 10.793 3
4 104.3 71.17 2 3 3 1 1 10.729 3
4 129.21 95.301 4 4 4 0 1 26.777 3
4 110.47 121.21 3 2 2 0 0 2.9533 3
4 108.88 128.95 4 2 2 0 0 12.473 3
4 100.68 135.61 3 2 2 0 0 2.217 3
4 105.96 87.726 3 3 4 1 0 6.0733 3
4 75.961 119.52 3 1 2 1 0 6.3451 3
4 104.68 56.501 2 3 3 0 0 10.121 3
4 101.77 60.413 3 3 3 0 1 4.3772 3
4 132.66 101.59 1 4 4 1 1 9.9133 3
4 119.7 106.13 2 4 4 0 0 8.5212 3
4 107.49 124.27 4 2 2 0 0 7.3053 3
4 93.391 63.324 1 3 3 0 0 2.4573 3
4 126.72 117.5 3 4 4 0 0 6.4252 3
4 85.261 84.46 2 1 1 1 1 10.233 3
4 74.269 85.795 3 1 1 0 0 0.96926 3
4 69.777 107.51 2 1 1 1 1 10.201 3
4 92.524 112.37 2 2 1 0 0 5.8013 3
4 63.841 99.981 2 1 1 0 0 1.8013 3
4 99.892 122.91 1 2 3 0 0 20.633 3
4 88.994 55.479 2 3 3 0 0 14.985 3
4 109.25 147.88 3 2 2 0 0 1.7532 3
4 107.49 144.64 3 2 4 0 0 4.8413 3
4 103.58 78.518 4 3 3 0 0 7.2893 3
4 107.76 101.61 2 4 4 0 0 7.6572 3
4 81.367 54.044 4 3 4 1 0 7.6092 3
4 126.18 99.77 2 4 4 0 0 11.625 3
4 75.862 108.55 1 1 1 0 1 9.5612 3
4 141.16 118.94 4 4 3 0 0 12.089 3
4 67.46 105.32 4 1 1 0 0 6.8733 3
4 129.41 107.43 3 4 3 0 1 32.617 3
5 91.698 118.62 3 2 1 1 0 9.0879 3
5 64.178 95.854 2 1 1 0 0 15.433 3
5 132.52 79.367 4 4 4 0 1 12.345 3
5 116.24 104.32 1 4 4 0 0 9.2893 3
5 126.13 115.08 2 4 4 0 0 8.0413 3
5 83.244 87.235 2 3 2 0 1 8.7133 3
5 131.21 109.65 2 4 4 0 0 9.3213 3
5 76.309 94.566 4 1 2 0 0 6.6172 3
5 119.94 80.981 2 3 4 0 0 10.681 3
5 94.904 108.78 1 2 3 1 0 14.505 3
5 123.59 102.76 2 4 4 0 0 40.393 3
5 122.05 99.856 4 4 3 0 0 2.5053 3
5 144.12 106.39 3 4 2 0 0 2.7774 3
5 83.511 127.5 1 2 2 1 1 2.0733 3
5 77.056 105.17 3 1 2 0 0 14.345 3
5 79.825 110.03 3 1 2 0 0 4.2654 3
5 80.033 125.03 1 2 2 0 0 10.889 3
5 99.532 110.29 4 2 4 0 1 17.497 3
5 80.169 102.41 1 1 2 0 0 13.193 3
5 94.552 61.334 1 3 1 0 1 6.5212 3
5 98.018 84.376 4 3 1 1 0 11.129 3
5 92.622 121.35 3 2 4 0 0 5.0492 3
5 63.64 102.47 3 1 3 0 1 2.4572 3
5 68.59 111.24 1 1 3 0 0 4.5052 3
5 110.42 97.203 1 4 3 0 0 12.649 3
5 111.12 67.162 1 3 1 1 0 12.889 3
5 55.679 110.52 1 1 3 0 0 5.2092 3
5 103.35 81.916 4 3 1 0 0 6.5373 3
5 96.667 66.656 1 3 4 0 0 5.7533 3
5 95.711 96.621 3 1 1 0 0 2.9853 3
5 74.12 99.144 3 1 2 0 0 2.9213 3
5 90.661 114.79 2 2 4 0 0 1.3214 3
5 136.66 105.03 2 4 1 0 0 4.4253 3
5 53.26 97.652 2 1 3 0 0 4.7453 3
5 118.59 107.79 4 2 2 0 0 3.9453 3
5 101.17 119.29 3 2 4 0 0 19.817 3
5 105.05 72.423 3 3 4 1 0 5.8973 3
5 104.46 125.87 2 2 4 0 0 11.193 3
5 120.26 88.827 3 4 3 0 1 2.3932 3
5 96.492 64.001 2 3 2 0 1 3.7052 3
5 92.722 150.37 4 2 1 0 0 6.7293 3
5 110.27 135.74 1 2 1 0 1 4.2813 3
5 109 126.84 2 2 1 1 0 2.7133 3
5 63.436 97.967 4 1 4 0 1 6.6653 3
5 78.163 109.64 3 1 1 0 0 3.2892 3
5 106.2 62.128 1 3 2 1 0 2.4732 3
5 60.351 114.31 4 1 4 1 0 1.7212 3
5 119.67 98.963 1 4 3 1 0 2.9532 3
5 93.811 81.911 4 3 4 0 1 1.1773 3
5 101.42 66.018 3 3 1 0 0 0.8572 3
5 65.574 101.79 1 1 2 0 0 0.24922 3
5 106.04 131.14 1 2 4 0 0 9.1773 3
5 103.78 117.24 2 2 3 0 0 4.0254 3
5 107.88 133.45 3 2 2 1 1 1.5933 3
5 100.45 55.048 1 3 2 0 0 2.2971 3
5 123.32 82.92 2 3 2 0 1 3.0652 3
5 125.38 93.662 2 4 2 0 1 1.4492 3
5 98.872 73.991 3 3 4 0 0 3.6253 3
5 90.435 136.37 2 2 2 1 1 0.58531 3
5 69.682 91.355 3 1 1 0 0 1.2093 3
5 86.379 114.45 4 1 2 0 0 0.87346 3
5 133.28 109.73 3 4 4 1 1 3.2893 3
5 122.17 87.285 3 4 2 0 0 4.2972 3
5 90.777 75.458 4 3 3 0 0 1.2252 3
5 84.914 90.149 2 3 1 0 0 1.5932 3
5 117.04 134.52 4 2 2 1 1 0.21671 3
5 100.57 59.036 3 3 3 1 1 12.121 3
5 103.42 75.886 4 3 2 1 0 3.0813 3
5 126.28 83.819 1 4 2 0 0 4.5693 3
5 116.61 107.64 3 4 4 1 1 0.56932 3
5 133.38 95.12 2 4 2 1 0 0.90534 3
5 103.92 117.37 2 2 1 0 0 5.1932 3
5 94.577 65.346 1 3 3 0 0 3.0493 3
5 89.375 80.253 1 3 2 0 0 2.8093 3
5 118.33 94.643 1 4 4 0 0 1.8012 3
5 138.93 102.89 2 4 4 0 0 1.7372 3
5 99.578 137.41 2 2 4 0 0 0.3613 3
5 146.64 104.11 4 4 4 0 1 0.29724 3
5 95.969 62.936 4 3 3 0 0 7.3052 3
5 42.798 98.786 3 1 3 1 0 0.60121 3
5 127.1 108.36 4 4 3 1 0 0.26526 3
5 131.72 99.714 2 4 3 0 0 0.073272 3
5 63.495 112.71 4 1 3 0 0 0.28134 3
5 75.862 81.326 4 1 3 0 0 0.29731 3
5 142.53 91.584 2 4 3 0 0 0.28126 3
5 81.66 102.4 1 1 3 1 0 0.48925 3
5 102.66 124.97 1 2 3 0 0 0.26522 3
5 93.03 127.92 1 2 3 0 0 0.69729 3
5 97.225 74.907 1 3 3 0 0 1.0973 3
5 150.63 101.2 1 4 4 1 1 0.26529 3
5 95.532 124.7 1 2 4 0 0 2.7133 3
5 103.06 66.627 1 3 2 0 0 0.3933 3
5 68.809 92.921 2 1 2 0 1 0.18527 3
5 71.745 107.37 2 1 3 0 0 1.7372 3
5 98.029 119 2 2 2 0 1 0.3932 3
5 101.47 116.34 1 2 1 0 1 1.8173 3
5 79.833 109.31 3 1 2 0 0 0.58522 3
5 109.41 86.605 2 3 1 1 0 1.6254 3
5 135.28 131.47 3 4 4 1 1 0.48927 3
5 60.554 97.491 3 1 2 1 0 5.3052 3
6 108.87 89.02 1 4 3 0 0 0.99182 3
6 123.04 92.771 2 4 4 0 0 0.0092331 3
6 94.481 130.18 4 2 4 0 1 1.8492 3
6 111.12 118.31 4 4 4 0 1 0.3132 3
6 133.66 106.89 2 4 4 0 0 0.5531 3
6 105.67 113.86 2 2 2 0 1 0.34518 3
6 123.55 93.888 3 4 3 0 1 0.85729 3
6 86.987 137.73 4 2 1 0 0 0.26524 3
6 120.28 123.72 4 2 1 0 0 1.2893 3
6 65.882 90.463 1 1 1 0 1 0.18541 3
6 98.909 143.28 4 2 1 0 0 5.0012 3
6 94.558 127.32 1 2 4 0 0 26.969 3
6 104.76 75.866 3 3 4 0 0 4.3453 3
6 90.957 126.35 4 2 4 0 1 1.0333 3
6 103.41 73.775 2 3 2 0 1 3.7693 3
6 90.988 115.65 4 2 1 0 0 4.5372 3
6 116.47 89.716 2 4 1 1 0 0.34525 3
6 94.161 140.32 3 2 1 0 0 0.31335 3
6 64.79 77.371 4 1 4 0 1 0.32911 3
6 127.55 108.75 1 4 2 0 0 6.8412 3
6 61.901 110.73 1 1 2 0 0 1.7853 3
6 93.668 67.523 1 3 2 0 0 0.95321 3
6 125.82 82.164 4 4 2 0 0 0.36131 3
6 87.952 84.351 1 1 4 0 0 0.60123 3
6 65.618 91.433 1 1 4 0 0 0.29725 3
6 61.808 120.11 4 1 4 1 0 0.26531 3
6 119.71 97.126 1 4 1 1 0 1.6093 3
6 131.92 123.13 1 4 2 1 0 0.79336 3
6 76.533 94.493 3 1 2 1 0 0.69722 3
6 107.32 140.28 3 2 4 1 0 0.32919 3
6 98.031 85.915 2 3 3 0 0 0.63311 3
6 129.5 98.678 4 4 3 0 0 3.1133 3
6 97.639 74.144 3 3 3 1 1 0.53724 3
6 115.87 77.242 3 3 2 0 0 0.31324 3
6 111.72 105.18 3 4 1 0 0 0.63333 3
6 86.198 132.76 1 2 2 1 1 1.8171 3
6 81.771 111.11 4 1 4 1 0 0.61727 3
6 91.988 65.829 2 3 2 0 1 8.0092 3
6 85.629 129.72 3 2 1 0 0 0.36127 3
6 82.918 60.697 3 3 2 0 0 0.39338 3
6 100.73 116.58 1 2 3 1 0 0.80921 3
6 76.165 80.21 1 1 4 1 0 0.29729 3
6 65.225 109.44 4 1 3 0 0 0.47325 3
6 72.087 111.01 1 1 1 0 1 0.34523 3
6 98.916 142.17 4 2 1 0 0 0.69732 3
6 80.01 106.7 2 1 2 1 0 0.34516 3
6 69.83 103.95 2 1 2 0 1 0.12128 3
6 131.93 115.75 1 4 2 0 0 0.58499 3
6 104.43 118.43 1 2 2 0 0 0.87335 3
6 99.288 68.199 4 3 2 0 0 0.44123 3
6 76.811 106.37 2 1 4 0 0 0.24928 3
6 90.919 50.4 3 3 1 0 0 0.24931 3
6 136.69 95.045 4 4 1 0 0 0.96929 3
6 133.64 103.47 2 4 2 0 1 0.13721 3
6 68.218 104.29 2 1 2 0 1 0.53732 3
6 124.48 113.37 3 4 2 0 0 0.39325 3
6 104.74 95.854 1 4 1 0 1 0.36127 3
6 70.959 107.6 3 1 4 0 0 0.66535 3
6 131.28 106.85 3 4 4 0 0 0.74528 3
6 113.3 55.992 3 3 4 0 0 0.2972 3
6 138.79 110.53 1 4 3 0 0 0.42519 3
6 102.05 85.178 2 3 1 0 0 0.36133 3
6 97.76 139.67 3 2 2 0 0 0.15329 3
6 106.33 61.389 3 3 2 1 0 0.057279 3
6 110.69 65.784 1 3 2 1 0 0.48927 3
6 107.7 80.542 1 3 4 0 0 0.18534 3
6 87.689 64.684 3 3 3 0 1 0.18521 3
6 54.54 100.59 2 1 1 1 1 0.28125 3
6 132.46 93.55 1 4 3 0 0 6.1852 3
6 77.858 103.26 3 1 1 1 1 0.69734 3
6 107.49 67.776 4 3 2 1 0 0.32893 3
6 71.068 87.646 4 1 2 0 0 0.21731 3
6 91.934 128.11 3 2 1 0 0 0.55338 3
6 73.609 100.08 1 1 2 1 0 0.28125 3
6 103.65 80.325 4 3 4 0 1 0.21734 3
6 99.035 89.404 4 3 4 0 1 1.5932 3
6 91.782 124.11 3 2 3 0 1 0.84127 3
6 91.959 81.369 2 3 4 0 0 0.34529 3
6 106.68 75.35 4 3 3 0 0 0.26516 3
6 93.953 116.25 2 2 2 1 1 0.089333 3
6 100.56 73.971 3 3 1 0 0 0.58519 3
6 139.88 103.12 2 4 4 0 0 0.28126 3
6 107.98 122.28 4 2 3 0 0 0.26526 3
6 98.642 67.085 1 3 2 0 0 0.31336 3
6 105.49 142.37 3 2 1 0 0 0.32929 3
6 133.95 86.606 2 4 2 1 0 0.26528 3
6 122.27 97.825 3 4 3 0 1 0.26521 3
6 129.56 104.72 2 4 4 0 0 0.29718 3
6 101.76 128.04 3 2 3 1 0 0.39307 3
6 56.58 97.892 4 1 1 0 0 0.24932 3
6 89.205 134.14 2 2 2 0 1 0.28126 3
6 81.446 97.614 1 1 4 0 0 1.0333 3
6 88.565 90.106 4 1 4 0 1 2.0894 3
6 119.86 94.212 2 4 4 1 1 0.40928 3
6 97.391 130.76 1 2 4 1 0 0.34526 3
6 121.04 119.98 3 2 3 1 0 0.21688 3
6 99.84 81.41 2 3 1 0 0 0.20138 3
6 71.973 116.23 2 1 2 1 0 0.26532 3
6 71.365 100.47 3 1 4 0 0 0.48927 3
6 89.613 63.608 3 3 4 0 0 22.697 3
7 92.969 69.134 4 3 2 1 0 1.056 6
7 137.08 98.541 1 4 1 1 0 0.80924 6
7 103.5 142.9 2 2 3 1 0 0.24912 6
7 64.793 86.673 3 1 4 1 0 0.31341 6
7 75.797 136.11 3 2 4 1 0 1.4333 6
7 69.085 87.081 4 1 4 1 0 0.37725 6
7 98.179 69.092 4 3 3 1 1 3.0493 6
7 105.5 79.112 2 3 3 1 1 1.3213 6
7 95.353 130.86 4 2 2 1 1 1.3213 6
7 106.55 94.586 3 4 2 1 0 2.4253 6
7 82.204 101.04 3 1 4 1 0 0.3933 6
7 77.531 86.067 3 1 1 1 1 0.29734 6
7 149.85 85.663 1 4 4 1 1 0.79329 6
7 93.356 125.65 3 2 3 1 0 0.88926 6
7 123.18 102.5 3 4 2 1 0 0.26532 6
7 109.42 76.845 3 3 1 1 0 0.32928 6
7 107.71 136.73 1 2 4 1 0 0.4892 6
7 100.69 64.568 4 3 3 1 1 0.28125 6
7 121.1 94.577 4 4 2 1 0 0.87343 6
7 107.17 132.04 4 2 1 1 0 0.3934 6
7 72.593 121.4 2 1 4 1 0 0.089294 6
7 105.35 81.111 3 3 3 1 1 0.18516 6
7 94.301 69.413 3 3 3 1 1 0.37729 6
7 114.9 101.9 1 4 4 1 1 0.48934 6
7 97.692 64.121 2 3 4 1 0 0.80936 6
7 99.222 84.464 1 3 4 1 0 2.1694 6
7 93.601 125.3 3 2 2 1 1 2.1053 6
7 103.61 74.101 2 3 1 1 0 7.8172 6
7 60.98 93.568 2 1 1 1 1 5.0653 6
7 101.55 83.49 2 3 3 1 1 0.98529 6
7 102.79 116.42 4 2 3 1 0 0.29724 6
7 101.83 70.986 2 3 4 1 0 1.8014 6
7 116.71 100.27 1 4 1 1 0 0.6972 6
7 100.19 133.48 3 2 4 1 0 0.26525 6
7 83.552 92.867 2 1 3 1 0 0.29704 6
7 67.513 120.72 1 1 2 1 0 0.23329 6
7 121.5 110.05 3 4 3 1 0 0.057238 6
7 136.74 101.5 4 4 4 1 1 0.05747 6
7 127.27 101.29 3 4 2 1 0 0.36137 6
7 77.653 103.19 4 1 3 1 0 0.42533 6
7 114.68 141.24 3 2 3 1 0 0.1853 6
7 76.401 95.296 1 1 4 1 0 0.2973 6
7 65.272 109.84 2 1 1 1 1 0.87326 6
7 97.348 129.19 2 2 2 1 1 0.26492 6
7 109.59 66.144 3 3 2 1 0 0.56916 6
7 92.905 122.1 4 2 3 1 0 0.76111 6
7 94.408 49.697 2 3 3 1 1 0.44136 6
7 140.38 105.71 1 4 4 1 1 0.13721 6
7 134.62 92.051 1 4 1 1 0 0.80922 6
7 117.5 78.019 2 3 2 1 0 0.29721 6
7 66.681 92.02 2 1 3 1 0 0.24924 6
7 113.65 134.47 3 2 4 1 0 0.21732 6
7 101.7 60.196 4 3 1 1 0 0.20135 6
7 66.984 90.416 3 1 3 1 0 0.041135 6
7 71.138 121.68 2 1 2 1 0 0.55327 6
7 115.33 116.76 3 2 3 1 0 0.29729 6
7 139.65 97.568 4 4 4 1 1 0.47331 6
7 63.689 99.325 1 1 3 1 0 0.28135 6
7 136.64 100.6 1 4 2 1 0 0.28116 6
7 121.21 99.186 3 4 2 1 0 0.34532 6
7 100.12 137.38 3 2 1 1 0 0.13724 6
7 65.786 99.051 1 1 2 1 0 0.15329 6
7 104.76 57.815 3 3 4 1 0 0.31319 6
7 91.337 66.395 3 3 3 1 1 0.36118 6
7 58.261 103.39 1 1 4 1 0 0.44143 6
7 154.99 97.41 1 4 3 1 0 0.29732 6
7 64.475 77.533 2 1 1 1 1 0.28133 6
7 124.48 113.5 4 4 2 1 0 2.2013 6
7 118.45 107.25 3 4 2 1 0 0.32932 6
7 106.4 126.84 4 2 1 1 0 0.28118 6
7 106.8 73.142 3 3 4 1 0 0.24936 6
7 98.577 125.95 4 2 3 1 0 0.68126 6
7 118.19 104.74 1 4 4 1 1 0.28125 6
7 69.965 86.568 3 1 2 1 0 0.76135 6
7 66.948 106.22 1 1 2 1 0 0.10524 6
7 62.668 107.74 2 1 3 1 0 2.4091 6
7 91.971 124.15 3 2 4 1 0 0.29706 6
7 96.499 80.838 1 3 1 1 0 0.34516 6
7 109.02 110.12 1 4 2 1 0 0.0091381 6
7 107.85 71.129 3 3 2 1 0 0.26531 6
7 67.057 102.81 4 1 1 1 1 0.18519 6
7 80.613 64.8 2 3 4 1 0 0.36127 6
7 124.18 129.49 1 4 3 1 0 0.2972 6
7 84.361 143.25 2 2 2 1 1 2.5053 6
7 105.47 122.04 3 2 2 1 1 0.40918 6
7 104.89 113.38 2 2 4 1 0 1.8493 6
7 104.84 64.581 1 3 3 1 1 1.0811 6
7 103.57 102.01 1 2 4 1 0 2.3293 6
7 56.686 103.6 4 1 2 1 0 0.39321 6
7 136.03 94.356 4 4 4 1 1 0.84132 6
7 71.871 91 3 1 2 1 0 0.36133 6
7 75.413 94.694 3 1 1 1 1 0.089135 6
7 95.99 78.373 4 3 2 1 0 0.26506 6
7 112.36 123.11 4 2 2 1 1 0.58531 6
7 109.23 139.79 4 2 2 1 1 0.76098 6
7 103.03 121.99 1 2 4 1 0 1.097 6
7 107.91 64.381 2 3 4 1 0 1.0813 6
7 136.19 96.662 2 4 4 1 1 1.0172 6
7 146.57 88.563 1 4 4 1 1 0.64927 6
7 122.53 84.582 4 4 4 1 1 0.69718 6
8 56.413 94.264 4 1 3 1 0 1.0719 6
8 136.27 109.16 4 4 1 1 0 0.37741 6
8 104.71 119.43 2 2 2 1 1 0.29728 6
8 131.37 96.305 3 4 4 1 1 0.2653 6
8 101.38 73.017 3 3 4 1 0 0.05723 6
8 103.37 147.21 4 2 4 1 0 0.60115 6
8 101.51 136.75 2 2 2 1 1 0.74528 6
8 140.14 112.93 4 4 4 1 1 1.0495 6
8 96.998 144.9 3 2 2 1 1 0.64927 6
8 128.04 100.7 3 4 4 1 1 0.489 6
8 67.698 96.766 2 1 4 1 0 0.9373 6
8 103.32 134.06 3 2 2 1 1 1.9451 6
8 88.952 121.92 2 2 4 1 0 0.92124 6
8 87.327 119.11 2 2 3 1 0 0.76123 6
8 82.785 71.596 3 3 1 1 0 0.68111 6
8 88.072 90.552 4 3 4 1 0 0.45739 6
8 117.85 104.56 3 4 3 1 0 0.26531 6
8 108.67 117.67 2 2 1 1 0 0.025232 6
8 102.59 83.574 4 3 2 1 0 0.26523 6
8 94.348 71.337 2 3 4 1 0 0.32922 6
8 102.56 50.881 3 3 3 1 1 0.16923 6
8 102.26 91.893 4 3 1 1 0 0.025253 6
8 106.93 125.34 2 2 2 1 1 0.31327 6
8 87.638 87.9 4 1 2 1 0 0.10518 6
8 69.659 95.394 1 1 3 1 0 0.025181 6
8 87.138 149.74 3 2 4 1 0 1.6732 6
8 104.93 74.325 3 3 1 1 0 0.12119 6
8 90.24 128.23 4 2 2 1 1 0.20115 6
8 120.98 109.66 1 4 3 1 0 0.2652 6
8 72.507 95.076 2 1 4 1 0 0.28133 6
8 39.473 74.96 3 1 2 1 0 0.34498 6
8 83.69 97.759 1 1 1 1 1 0.31324 6
8 97.072 123.33 4 2 1 1 0 0.12111 6
8 113.92 134.08 2 2 4 1 0 0.20129 6
8 54.726 102.95 2 1 3 1 0 1.1452 6
8 111.85 106.14 4 4 2 1 0 0.74523 6
8 121.88 109.92 1 4 2 1 0 0.87291 6
8 104.98 107.99 3 2 1 1 0 0.23296 6
8 86.696 51.709 4 3 4 1 0 0.24932 6
8 91.631 131.59 1 2 3 1 0 0.29724 6
8 100.41 124.77 4 2 2 1 1 0.5052 6
8 94.46 89.864 1 3 1 1 0 0.36127 6
8 124.01 108.19 4 4 2 1 0 0.68124 6
8 71 111.16 3 1 2 1 0 0.37715 6
8 98.277 121.06 4 2 3 1 0 0.041111 6
8 128.38 97.975 3 4 4 1 1 0.18523 6
8 89.956 64.863 2 3 4 1 0 0.5692 6
8 71.812 78.352 2 1 1 1 1 0.29682 6
8 88.157 69.825 4 3 3 1 1 0.32923 6
8 101.59 128.67 3 2 1 1 0 0.0092544 6
8 95.479 69.394 2 3 2 1 0 0.025172 6
8 75.503 120.2 4 1 4 1 0 0.23315 6
8 57.944 87.101 1 1 3 1 0 0.089273 6
8 128.97 121.71 3 4 2 1 0 0.40928 6
8 95.039 77.257 1 3 1 1 0 0.47321 6
8 122.33 91.673 2 4 3 1 0 0.21735 6
8 124.25 90.883 1 4 4 1 1 0.50518 6
8 106.79 73.195 2 3 4 1 0 0.31317 6
8 85.896 100.23 3 1 1 1 1 0.31333 6
8 118.28 134.39 3 2 2 1 1 0.40921 6
8 63.81 110.56 3 1 4 1 0 0.28134 6
8 88.929 109.56 2 2 1 1 0 0.089313 6
8 93.937 62.462 4 3 1 1 0 0.21714 6
8 117.2 70.548 2 3 2 1 0 0.36118 6
8 124.5 100.25 3 4 3 1 0 0.24917 6
8 133.52 113.66 3 4 4 1 1 0.36119 6
8 123.6 102.77 1 4 4 1 1 0.29741 6
8 102.15 115.69 2 4 4 1 1 0.3292 6
8 93.178 65.476 4 3 3 1 1 0.057218 6
8 140.82 100.94 1 4 1 1 0 0.23331 6
8 99.869 69.579 2 3 2 1 0 0.29717 6
8 108.76 66.537 4 3 3 1 1 0.36123 6
8 113.39 91.561 4 4 1 1 0 0.041279 6
8 74.84 110.41 2 1 3 1 0 0.31313 6
8 92.946 88.156 2 3 4 1 0 0.2652 6
8 131.56 93.748 4 4 2 1 0 0.26528 6
8 127.71 107.19 1 4 3 1 0 0.073155 6
8 64.871 105.03 4 1 4 1 0 0.089202 6
8 70.185 112.66 3 1 1 1 1 0.21714 6
8 77.574 106.8 2 1 1 1 1 0.36128 6
8 66.881 103.13 2 1 1 1 1 0.31319 6
8 88.689 98.299 4 1 1 1 1 0.29685 6
8 74.093 102.45 3 1 1 1 1 0.31324 6
8 132.98 98.246 2 4 1 1 0 0.26523 6
8 135.33 94.302 1 4 2 1 0 0.3132 6
8 75.685 119.72 2 1 4 1 0 0.32919 6
8 97.858 128.19 4 2 4 1 0 0.37717 6
8 87.703 99.619 3 1 1 1 1 0.60128 6
8 113.2 100.19 4 4 3 1 0 0.69712 6
8 107.74 151.82 2 2 2 1 1 0.66536 6
8 66.167 70.699 3 1 1 1 1 0.45727 6
8 125.76 107.77 1 4 2 1 0 0.31323 6
8 92.588 154.28 4 2 1 1 0 0.29712 6
8 95.849 76.65 1 3 3 1 1 0.48925 6
8 103.29 70.961 1 3 4 1 0 0.025248 6
8 108.88 124.8 3 2 2 1 1 0.089159 6
8 111.17 126.9 2 2 1 1 0 0.057248 6
8 53.133 82.592 2 1 3 1 0 0.48917 6
8 93.065 64.704 2 3 4 1 0 0.40926 6
8 98.016 72.591 3 3 1 1 0 0.057215 6
9 108.73 146.08 2 2 4 1 0 1.104 6
9 135.33 107.93 3 4 1 1 0 0.39322 6
9 125.05 99.471 4 4 2 1 0 0.47321 6
9 80.524 83.775 4 3 3 1 1 1.4332 6
9 90.34 116.9 1 1 4 1 0 0.56929 6
9 85.609 129.03 3 2 3 1 0 0.28111 6
9 107.72 122.85 1 2 1 1 0 0.29726 6
9 124.09 118.91 3 4 2 1 0 0.18531 6
9 125.02 87.037 1 4 1 1 0 0.24918 6
9 137.8 100.42 1 4 4 1 1 0.31311 6
9 90.921 64.416 4 3 3 1 1 0.15297 6
9 82.093 84.705 3 1 3 1 0 0.089263 6
9 97.064 60.284 3 3 1 1 0 0.36121 6
9 64.004 91.564 1 1 1 1 1 6.2173 6
9 84.963 129.49 2 2 2 1 1 3.9132 6
9 74.121 97.48 3 1 1 1 1 0.26531 6
9 69.114 108.52 4 1 1 1 1 0.32917 6
9 88.909 58.429 2 3 1 1 0 0.5692 6
9 113.07 114.09 3 2 3 1 0 0.48918 6
9 122.82 101.77 1 4 4 1 1 0.28125 6
9 132.73 92.579 1 4 3 1 0 0.37723 6
9 105.37 62.352 4 3 1 1 0 0.29721 6
9 106.31 69.963 1 3 2 1 0 0.37714 6
9 131.21 122.03 1 4 2 1 0 0.20125 6
9 89.463 121.33 3 2 3 1 0 0.34518 6
9 122.08 84.683 4 4 4 1 1 0.29726 6
9 113.79 95.295 4 3 4 1 0 0.42511 6
9 94.916 127.7 1 2 2 1 1 0.24923 6
9 59.37 85.034 1 1 1 1 1 0.47318 6
9 98.53 129.25 4 2 1 1 0 0.36124 6
9 94.807 71.083 2 3 2 1 0 0.31283 6
9 98.49 82.627 2 3 4 1 0 0.40922 6
9 114.03 71.214 2 3 4 1 0 0.025181 6
9 69.854 99.217 2 1 3 1 0 0.34527 6
9 105.36 117.7 2 2 1 1 0 0.24935 6
9 98.473 67.976 4 3 2 1 0 0.40925 6
9 90.49 90.771 3 1 2 1 0 0.47325 6
9 124.5 78.177 3 4 1 1 0 0.2973 6
9 101.08 80.825 2 3 4 1 0 0.24941 6
9 77.996 133.37 2 2 3 1 0 0.0891 6
9 137.02 95.216 4 4 4 1 1 0.36123 6
9 94.876 128.97 4 2 1 1 0 0.88925 6
9 143.61 95.96 2 4 4 1 1 0.28118 6
9 80.145 103.81 4 1 2 1 0 2.1213 6
9 101.55 85.011 1 3 4 1 0 0.34508 6
9 73.17 85.193 4 1 3 1 0 0.36105 6
9 63.482 91.567 4 1 4 1 0 0.39334 6
9 76.145 86.468 1 1 2 1 0 0.56921 6
9 116.98 121.04 3 4 4 1 1 0.28122 6
9 108.93 81.938 3 4 3 1 0 0.60111 6
9 81.79 111.54 4 2 1 1 0 0.041255 6
9 110.45 128.43 1 2 4 1 0 0.55314 6
9 70.98 97.498 1 1 2 1 0 0.32917 6
9 104.87 128.24 2 2 1 1 0 0.26531 6
9 139.57 102.71 2 4 3 1 0 0.0091792 6
9 91.562 71.13 1 3 3 1 1 0.31324 6
9 91.665 129.79 2 2 4 1 0 2.0892 6
9 74.074 99.646 1 1 1 1 1 0.53715 6
9 140.93 83.272 1 4 2 1 0 0.85729 6
9 73.671 95.878 1 1 1 1 1 0.4091 6
9 115.03 82.638 4 3 1 1 0 0.92117 6
9 101.69 71.413 4 3 2 1 0 0.3131 6
9 127.71 94.534 4 4 3 1 0 0.23325 6
9 100.29 72.852 4 3 4 1 0 0.089361 6
9 103.34 114.1 3 2 2 1 1 0.72929 6
9 112.1 90.087 3 4 1 1 0 0.39313 6
9 72.589 103.31 3 1 2 1 0 0.34511 6
9 110.02 129.03 3 2 4 1 0 1.5771 6
9 71.674 104.66 4 1 3 1 0 0.26525 6
9 116.82 91.335 4 3 2 1 0 0.37725 6
9 119.77 117.65 1 2 1 1 0 0.29724 6
9 107.25 127.76 1 2 4 1 0 0.29701 6
9 104.77 137.2 4 2 3 1 0 0.24913 6
9 81.981 122.2 1 2 4 1 0 0.16929 6
9 95.81 77.826 1 3 1 1 0 0.34519 6
9 64.865 97.452 2 1 3 1 0 0.37711 6
9 64.013 119.66 1 1 2 1 0 0.2332 6
9 79.562 79.509 4 3 4 1 0 0.057197 6
9 103.9 52.984 3 3 1 1 0 0.057167 6
9 94.894 72.019 2 3 2 1 0 0.025135 6
9 88.153 75.402 2 3 3 1 1 0.20102 6
9 64.7 97.217 2 1 4 1 0 0.68171 6
9 95.906 128.14 3 2 3 1 0 0.88909 6
9 70.798 95.527 3 1 1 1 1 0.29732 6
9 96.262 137.63 2 2 1 1 0 1.5932 6
9 68.49 100.38 3 1 2 1 0 0.24932 6
9 129.28 110.85 2 4 4 1 1 0.26505 6
9 129.02 91.02 3 4 3 1 0 1.8011 6
9 78.227 104.33 3 1 4 1 0 0.45742 6
9 55.968 101.51 1 1 2 1 0 0.47326 6
9 122.11 98.63 3 4 1 1 0 1.0011 6
9 70.559 113.66 2 1 2 1 0 0.64888 6
9 109.3 94.724 3 4 4 1 1 0.34526 6
9 87.545 133.79 1 2 3 1 0 2.0091 6
9 106.52 71.449 4 3 3 1 1 0.36132 6
9 130.3 108.11 2 4 4 1 1 0.72916 6
9 95.845 83.32 2 3 3 1 1 0.98515 6
9 131.4 98.805 3 4 4 1 1 0.36117 6
9 127.92 108.38 4 4 3 1 0 0.95317 6
9 104.24 138.9 3 2 1 1 0 1.1772 6
