1 90.34 116.9 1 1 1 2.4145 2 1 2 0
1 98.53 129.25 2 1 0 1.7409 2 1 2 0
1 81.79 111.54 2 1 0 1.6597 2 1 2 0
1 131.21 122.03 4 4 1 0.77976 2 1 2 0
1 114.03 71.214 3 1 0 0.89186 2 1 2 0
1 108.73 146.08 2 1 0 1.4197 2 1 2 0
1 94.807 71.083 3 1 0 1.0837 2 1 2 0
1 96.262 137.63 2 1 0 0.79575 2 1 2 0
1 79.562 79.509 3 2 0 1.8517 2 1 2 0
1 70.798 95.527 1 3 0 1.1155 2 1 2 0
1 63.482 91.567 1 4 0 0.41176 2 1 2 0
1 64.7 97.217 1 3 0 2.1718 2 1 2 0
1 88.909 58.429 3 1 0 2.5878 2 1 2 0
1 94.876 128.97 2 1 0 1.3557 2 1 2 0
1 103.9 52.984 3 1 0 0.90762 2 1 2 0
1 135.33 107.93 4 4 1 1.5317 2 1 2 0
1 77.996 133.37 2 1 0 0.79573 2 1 2 0
1 80.145 103.81 1 1 1 0.92366 2 1 2 0
1 70.559 113.66 1 1 1 0.74766 2 1 2 0
1 69.854 99.217 1 2 0 1.0677 2 1 2 0
1 69.114 108.52 1 1 1 0.92368 2 1 2 0
1 132.73 92.579 4 4 1 0.63568 2 1 2 0
1 143.61 95.96 4 4 1 0.6838 2 1 2 0
1 131.4 98.805 4 4 1 0.63565 2 1 2 0
1 64.865 97.452 1 1 1 1.3877 2 1 2 0
1 78.227 104.33 1 1 1 0.85962 2 1 2 0
1 137.02 95.216 4 4 1 1.0038 2 1 2 0
1 90.49 90.771 1 2 0 1.5316 2 1 2 0
1 101.69 71.413 3 3 1 0.89255 2 1 2 0
1 104.24 138.9 2 2 1 0.94001 2 1 2 0
1 127.71 94.534 4 4 1 0.98769 2 1 2 0
1 95.906 128.14 2 3 0 1.3076 2 1 2 0
1 90.921 64.416 3 1 0 0.65166 2 1 2 0
1 76.145 86.468 1 1 1 0.82764 2 1 2 0
1 108.93 81.938 4 4 1 4.0438 2 1 2 0
1 103.34 114.1 2 4 0 1.4197 2 1 2 0
1 101.55 85.011 3 4 0 0.87559 2 1 2 0
1 130.3 108.11 4 4 1 0.60362 2 1 2 0
1 73.17 85.193 1 1 1 0.71565 2 1 2 0
1 81.981 122.2 2 2 1 1.0517 2 1 2 0
1 82.093 84.705 1 1 1 0.87564 2 1 2 0
1 72.589 103.31 1 2 0 0.65159 2 1 2 0
1 84.963 129.49 2 1 0 1.4997 2 1 2 0
1 104.87 128.24 2 3 0 3.2598 2 1 2 0
1 87.545 133.79 2 2 1 7.5955 2 1 2 0
1 116.82 91.335 3 3 1 1.2116 2 1 2 0
1 98.473 67.976 3 2 0 1.3075 2 1 2 0
1 97.064 60.284 3 2 0 1.0998 2 1 2 0
1 113.79 95.295 3 3 1 1.2594 2 1 2 0
1 106.31 69.963 3 3 1 0.79577 2 1 2 0
1 129.28 110.85 4 4 1 0.68367 2 1 2 0
1 91.665 129.79 2 2 1 1.3397 2 1 2 0
1 107.72 122.85 2 3 0 1.0836 2 1 2 0
1 113.07 114.09 2 4 0 1.0519 2 1 2 0
1 95.845 83.32 3 2 0 1.1156 2 1 2 0
1 124.5 78.177 4 4 1 3.9636 2 1 2 0
1 127.92 108.38 4 4 1 2.0598 2 1 2 0
1 125.05 99.471 4 4 1 0.49162 2 1 2 0
1 64.004 91.564 1 1 1 1.3076 2 1 2 0
1 74.074 99.646 1 1 1 0.95587 2 1 2 0
1 101.08 80.825 3 3 1 1.5957 2 1 2 0
1 122.11 98.63 4 3 0 0.65156 2 1 2 0
1 95.81 77.826 3 2 0 3.3557 2 1 2 0
1 110.45 128.43 2 3 0 4.2836 2 1 2 0
1 80.524 83.775 3 1 0 2.0117 2 1 2 0
1 73.671 95.878 1 1 1 0.87557 2 1 2 0
1 64.013 119.66 1 1 1 0.77982 2 1 2 0
1 112.1 90.087 4 3 0 2.0437 2 1 2 0
1 119.77 117.65 2 4 0 0.62003 2 1 2 0
1 104.77 137.2 2 3 0 1.2916 2 1 2 0
1 140.93 83.272 4 4 1 0.79569 2 1 2 0
1 59.37 85.034 1 1 1 0.71574 2 1 2 0
1 74.121 97.48 1 1 1 1.0837 2 1 2 0
1 91.562 71.13 3 2 0 1.7077 2 1 2 0
1 85.609 129.03 2 1 0 2.4597 2 1 2 0
1 71.674 104.66 1 1 1 0.74741 2 1 2 0
1 105.36 117.7 2 3 0 2.2835 2 1 2 0
1 98.49 82.627 3 3 1 0.7797 2 1 2 0
1 122.08 84.683 4 4 1 0.84371 2 1 2 0
1 106.52 71.449 3 3 1 0.82756 2 1 2 0
1 110.02 129.03 2 2 1 2.4597 2 1 2 0
1 70.98 97.498 1 1 1 0.73188 2 1 2 0
1 100.29 72.852 3 2 0 0.76363 2 1 2 0
1 137.8 100.42 4 4 1 0.95593 2 1 2 0
1 139.57 102.71 4 4 1 0.55583 2 1 2 0
1 115.03 82.638 3 4 0 0.57171 2 1 2 0
1 94.916 127.7 2 2 1 1.2756 2 1 2 0
1 129.02 91.02 4 4 1 0.84368 2 1 2 0
1 124.09 118.91 4 4 1 0.44358 2 1 2 0
1 88.153 75.402 3 3 1 3.9474 2 1 2 0
1 116.98 121.04 4 2 0 1.0836 2 1 2 0
1 105.37 62.352 3 2 0 1.0354 2 1 2 0
1 109.3 94.724 4 3 0 2.5238 2 1 2 0
1 107.25 127.76 2 2 1 0.79576 2 1 2 0
1 122.82 101.77 4 2 0 3.6274 2 1 2 0
1 68.49 100.38 1 1 1 0.66766 2 1 2 0
1 125.02 87.037 4 4 1 0.7319 2 1 2 0
1 94.894 72.019 3 3 1 1.1637 2 1 2 0
1 55.968 101.51 1 1 1 0.85977 2 1 2 0
1 89.463 121.33 2 2 1 1.4198 2 1 2 0
2 90.34 116.9 1 1 1 2.1593 2 1 2 0
2 98.53 129.25 2 2 1 3.4146 2 1 2 0
2 81.79 111.54 2 1 0 0.85939 2 1 2 0
2 131.21 122.03 4 4 1 1.0998 2 1 2 0
2 114.03 71.214 3 3 1 0.97172 2 1 2 0
2 108.73 146.08 2 2 1 0.63566 2 1 2 0
2 94.807 71.083 3 3 1 0.69978 2 1 2 0
2 96.262 137.63 2 2 1 0.55572 2 1 2 0
2 79.562 79.509 3 1 0 1.3238 2 1 2 0
2 70.798 95.527 1 2 0 1.0357 2 1 2 0
2 63.482 91.567 1 1 1 0.60365 2 1 2 0
2 64.7 97.217 1 1 1 0.66776 2 1 2 0
2 88.909 58.429 3 2 0 0.92384 2 1 2 0
2 94.876 128.97 2 3 0 1.1636 2 1 2 0
2 103.9 52.984 3 3 1 0.87569 2 1 2 0
2 135.33 107.93 4 2 0 1.0357 2 1 2 0
2 77.996 133.37 2 1 0 1.1317 2 1 2 0
2 80.145 103.81 1 4 0 0.63572 2 1 2 0
2 70.559 113.66 1 1 1 0.76365 2 1 2 0
2 69.854 99.217 1 1 1 0.71561 2 1 2 0
2 69.114 108.52 1 1 1 0.66783 2 1 2 0
2 132.73 92.579 4 4 1 0.92375 2 1 2 0
2 143.61 95.96 4 4 1 0.55561 2 1 2 0
2 131.4 98.805 4 4 1 0.71572 2 1 2 0
2 64.865 97.452 1 1 1 0.68371 2 1 2 0
2 78.227 104.33 1 1 1 0.63581 2 1 2 0
2 137.02 95.216 4 4 1 0.57173 2 1 2 0
2 90.49 90.771 1 3 0 2.0437 2 1 2 0
2 101.69 71.413 3 2 0 1.9957 2 1 2 0
2 104.24 138.9 2 3 0 0.95554 2 1 2 0
2 127.71 94.534 4 3 0 0.71561 2 1 2 0
2 95.906 128.14 2 3 0 1.0837 2 1 2 0
2 90.921 64.416 3 2 0 0.66771 2 1 2 0
2 76.145 86.468 1 2 0 0.66776 2 1 2 0
2 108.93 81.938 4 3 0 3.3397 2 1 2 0
2 103.34 114.1 2 3 0 1.1956 2 1 2 0
2 101.55 85.011 3 2 0 0.84367 2 1 2 0
2 130.3 108.11 4 4 1 0.60363 2 1 2 0
2 73.17 85.193 1 1 1 0.37967 2 1 2 0
2 81.981 122.2 2 1 0 0.69973 2 1 2 0
2 82.093 84.705 1 3 0 2.4276 2 1 2 0
2 72.589 103.31 1 1 1 0.50763 2 1 2 0
2 84.963 129.49 2 3 0 0.76356 2 1 2 0
2 104.87 128.24 2 3 0 1.9477 2 1 2 0
2 87.545 133.79 2 2 1 1.0035 2 1 2 0
2 116.82 91.335 3 2 0 0.97154 2 1 2 0
2 98.473 67.976 3 2 0 1.7716 2 1 2 0
2 97.064 60.284 3 2 0 0.6678 2 1 2 0
2 113.79 95.295 3 4 0 1.7558 2 1 2 0
2 106.31 69.963 3 3 1 2.0276 2 1 2 0
2 129.28 110.85 4 3 0 0.39572 2 1 2 0
2 91.665 129.79 2 3 0 0.63572 2 1 2 0
2 107.72 122.85 2 3 0 1.2118 2 1 2 0
2 113.07 114.09 2 2 1 0.36355 2 1 2 0
2 95.845 83.32 3 2 0 0.90758 2 1 2 0
2 124.5 78.177 4 2 0 0.92387 2 1 2 0
2 127.92 108.38 4 3 0 0.66755 2 1 2 0
2 125.05 99.471 4 4 1 0.60385 2 1 2 0
2 64.004 91.564 1 1 1 0.74776 2 1 2 0
2 74.074 99.646 1 1 1 0.73149 2 1 2 0
2 101.08 80.825 3 2 0 3.6596 2 1 2 0
2 122.11 98.63 4 4 1 0.71575 2 1 2 0
2 95.81 77.826 3 3 1 1.9156 2 1 2 0
2 110.45 128.43 2 2 1 1.0517 2 1 2 0
2 80.524 83.775 3 1 0 1.5317 2 1 2 0
2 73.671 95.878 1 2 0 0.69967 2 1 2 0
2 64.013 119.66 1 3 0 0.29967 2 1 2 0
2 112.1 90.087 4 3 0 1.8036 2 1 2 0
2 119.77 117.65 2 4 0 1.0676 2 1 2 0
2 104.77 137.2 2 4 0 0.8277 2 1 2 0
2 140.93 83.272 4 4 1 0.97171 2 1 2 0
2 59.37 85.034 1 1 1 0.73174 2 1 2 0
2 74.121 97.48 1 1 1 0.74763 2 1 2 0
2 91.562 71.13 3 3 1 2.9718 2 1 2 0
2 85.609 129.03 2 2 1 0.74769 2 1 2 0
2 71.674 104.66 1 3 0 1.1157 2 1 2 0
2 105.36 117.7 2 2 1 0.98739 2 1 2 0
2 98.49 82.627 3 2 0 0.49162 2 1 2 0
2 122.08 84.683 4 4 1 0.81171 2 1 2 0
2 106.52 71.449 3 4 0 0.65175 2 1 2 0
2 110.02 129.03 2 3 0 2.0597 2 1 2 0
2 70.98 97.498 1 1 1 0.71561 2 1 2 0
2 100.29 72.852 3 3 1 2.3476 2 1 2 0
2 137.8 100.42 4 3 0 0.76383 2 1 2 0
2 139.57 102.71 4 4 1 0.57182 2 1 2 0
2 115.03 82.638 3 3 1 1.2436 2 1 2 0
2 94.916 127.7 2 3 0 1.0517 2 1 2 0
2 129.02 91.02 4 2 0 1.9798 2 1 2 0
2 124.09 118.91 4 4 1 1.3557 2 1 2 0
2 88.153 75.402 3 3 1 2.1875 2 1 2 0
2 116.98 121.04 4 3 0 0.66773 2 1 2 0
2 105.37 62.352 3 3 1 1.1317 2 1 2 0
2 109.3 94.724 4 3 0 0.44366 2 1 2 0
2 107.25 127.76 2 3 0 0.5078 2 1 2 0
2 122.82 101.77 4 2 0 0.57155 2 1 2 0
2 68.49 100.38 1 1 1 0.85973 2 1 2 0
2 125.02 87.037 4 4 1 1.3397 2 1 2 0
2 94.894 72.019 3 3 1 1.1317 2 1 2 0
2 55.968 101.51 1 1 1 0.55581 2 1 2 0
2 89.463 121.33 2 3 0 1.5636 2 1 2 0
3 90.34 116.9 1 3 0 4.737 2 1 2 0
3 98.53 129.25 2 2 1 1.6228 2 1 2 0
3 81.79 111.54 2 1 0 0.79559 2 1 2 0
3 131.21 122.03 4 4 1 1.2596 2 1 2 0
3 114.03 71.214 3 3 1 3.0355 2 1 2 0
3 108.73 146.08 2 2 1 1.7397 2 1 2 0
3 94.807 71.083 3 3 1 1.0677 2 1 2 0
3 96.262 137.63 2 2 1 0.58765 2 1 2 0
3 79.562 79.509 3 3 1 0.44348 2 1 2 0
3 70.798 95.527 1 3 0 0.81172 2 1 2 0
3 63.482 91.567 1 3 0 0.39543 2 1 2 0
3 64.7 97.217 1 1 1 0.47578 2 1 2 0
3 88.909 58.429 3 3 1 0.58783 2 1 2 0
3 94.876 128.97 2 2 1 0.45957 2 1 2 0
3 103.9 52.984 3 3 1 0.82759 2 1 2 0
3 135.33 107.93 4 2 0 0.49174 2 1 2 0
3 77.996 133.37 2 1 0 0.89166 2 1 2 0
3 80.145 103.81 1 1 1 1.9799 2 1 2 0
3 70.559 113.66 1 1 1 0.74769 2 1 2 0
3 69.854 99.217 1 1 1 0.57166 2 1 2 0
3 69.114 108.52 1 1 1 0.58769 2 1 2 0
3 132.73 92.579 4 3 0 2.4276 2 1 2 0
3 143.61 95.96 4 4 1 0.66767 2 1 2 0
3 131.4 98.805 4 4 1 0.7317 2 1 2 0
3 64.865 97.452 1 1 1 0.81175 2 1 2 0
3 78.227 104.33 1 1 1 0.79552 2 1 2 0
3 137.02 95.216 4 4 1 0.82778 2 1 2 0
3 90.49 90.771 1 1 1 0.55557 2 1 2 0
3 101.69 71.413 3 1 0 0.82782 2 1 2 0
3 104.24 138.9 2 2 1 0.77946 2 1 2 0
3 127.71 94.534 4 3 0 1.2595 2 1 2 0
3 95.906 128.14 2 2 1 0.68359 2 1 2 0
3 90.921 64.416 3 3 1 1.4837 2 1 2 0
3 76.145 86.468 1 3 0 0.90765 2 1 2 0
3 108.93 81.938 4 3 0 1.7717 2 1 2 0
3 103.34 114.1 2 2 1 0.95549 2 1 2 0
3 101.55 85.011 3 3 1 1.1635 2 1 2 0
3 130.3 108.11 4 2 0 1.2436 2 1 2 0
3 73.17 85.193 1 1 1 0.74785 2 1 2 0
3 81.981 122.2 2 3 0 1.0516 2 1 2 0
3 82.093 84.705 1 1 1 0.76363 2 1 2 0
3 72.589 103.31 1 1 1 0.5237 2 1 2 0
3 84.963 129.49 2 3 0 2.2036 2 1 2 0
3 104.87 128.24 2 2 1 1.3078 2 1 2 0
3 87.545 133.79 2 2 1 0.79559 2 1 2 0
3 116.82 91.335 3 2 0 1.6117 2 1 2 0
3 98.473 67.976 3 3 1 0.69969 2 1 2 0
3 97.064 60.284 3 3 1 0.50757 2 1 2 0
3 113.79 95.295 3 3 1 0.81165 2 1 2 0
3 106.31 69.963 3 3 1 0.49169 2 1 2 0
3 129.28 110.85 4 3 0 0.42767 2 1 2 0
3 91.665 129.79 2 2 1 0.63578 2 1 2 0
3 107.72 122.85 2 2 1 0.92375 2 1 2 0
3 113.07 114.09 2 2 1 0.33154 2 1 2 0
3 95.845 83.32 3 2 0 0.5877 2 1 2 0
3 124.5 78.177 4 3 0 0.60365 2 1 2 0
3 127.92 108.38 4 2 0 0.92375 2 1 2 0
3 125.05 99.471 4 2 0 0.63556 2 1 2 0
3 64.004 91.564 1 1 1 0.85962 2 1 2 0
3 74.074 99.646 1 1 1 0.49163 2 1 2 0
3 101.08 80.825 3 3 1 0.57135 2 1 2 0
3 122.11 98.63 4 2 0 0.61967 2 1 2 0
3 95.81 77.826 3 3 1 0.85968 2 1 2 0
3 110.45 128.43 2 2 1 0.66773 2 1 2 0
3 80.524 83.775 3 1 0 1.3877 2 1 2 0
3 73.671 95.878 1 3 0 0.41158 2 1 2 0
3 64.013 119.66 1 1 1 0.93981 2 1 2 0
3 112.1 90.087 4 3 0 0.52356 2 1 2 0
3 119.77 117.65 2 2 1 0.52359 2 1 2 0
3 104.77 137.2 2 2 1 2.4118 2 1 2 0
3 140.93 83.272 4 3 0 1.7396 2 1 2 0
3 59.37 85.034 1 1 1 0.55576 2 1 2 0
3 74.121 97.48 1 1 1 0.61962 2 1 2 0
3 91.562 71.13 3 1 0 0.42776 2 1 2 0
3 85.609 129.03 2 2 1 3.8358 2 1 2 0
3 71.674 104.66 1 1 1 0.71573 2 1 2 0
3 105.36 117.7 2 3 0 1.7556 2 1 2 0
3 98.49 82.627 3 3 1 0.073977 2 1 2 0
3 122.08 84.683 4 3 0 0.01205 2 1 2 0
3 106.52 71.449 3 3 1 0.095898 2 1 2 0
3 110.02 129.03 2 3 0 0.089876 2 1 2 0
3 70.98 97.498 1 3 0 0.10595 2 1 2 0
3 100.29 72.852 3 3 1 0.027929 2 1 2 0
3 137.8 100.42 4 4 1 0.15419 2 1 2 0
3 139.57 102.71 4 4 1 1.0196 2 1 2 0
3 115.03 82.638 3 3 1 2.1077 2 1 2 0
3 94.916 127.7 2 2 1 1.0998 2 1 2 0
3 129.02 91.02 4 3 0 1.3717 2 1 2 0
3 124.09 118.91 4 4 1 0.50761 2 1 2 0
3 88.153 75.402 3 3 1 1.4036 2 1 2 0
3 116.98 121.04 4 2 0 0.60362 2 1 2 0
3 105.37 62.352 3 3 1 1.4355 2 1 2 0
3 109.3 94.724 4 3 0 0.5875 2 1 2 0
3 107.25 127.76 2 3 0 0.075789 2 1 2 0
3 122.82 101.77 4 3 0 0.11168 2 1 2 0
3 68.49 100.38 1 1 1 0.71601 2 1 2 0
3 125.02 87.037 4 2 0 0.74773 2 1 2 0
3 94.894 72.019 3 3 1 0.92371 2 1 2 0
3 55.968 101.51 1 1 1 0.63573 2 1 2 0
3 89.463 121.33 2 3 0 1.1317 2 1 2 0
4 90.34 116.9 1 3 0 7.0087 0 2 2 0
4 98.53 129.25 2 3 0 0.40534 1 2 2 0
4 81.79 111.54 2 3 0 0.71525 0 2 2 0
4 131.21 122.03 4 4 1 0.66774 0 2 2 0
4 114.03 71.214 3 3 1 2.0755 1 2 2 0
4 108.73 146.08 2 4 0 0.60372 0 2 2 0
4 94.807 71.083 3 3 1 1.8356 1 2 2 0
4 96.262 137.63 2 2 1 0.7637 0 2 2 0
4 79.562 79.509 3 3 1 0.63561 1 2 2 0
4 70.798 95.527 1 1 1 0.58754 1 2 2 0
4 63.482 91.567 1 1 1 1.2915 1 2 2 0
4 64.7 97.217 1 1 1 0.61957 0 2 2 0
4 88.909 58.429 3 3 1 1.0197 0 2 2 0
4 94.876 128.97 2 2 1 0.42768 1 2 2 0
4 103.9 52.984 3 3 1 0.87565 1 2 2 0
4 135.33 107.93 4 2 0 0.043793 0 2 2 0
4 77.996 133.37 2 1 0 0.047759 1 2 2 0
4 80.145 103.81 1 4 0 0.11161 1 2 2 0
4 70.559 113.66 1 3 0 0.048001 1 2 2 0
4 69.854 99.217 1 1 1 0.057822 0 2 2 0
4 69.114 108.52 1 2 0 0.073849 0 2 2 0
4 132.73 92.579 4 2 0 0.095613 1 2 2 0
4 143.61 95.96 4 3 0 0.059799 0 2 2 0
4 131.4 98.805 4 4 1 0.031445 1 2 2 0
4 64.865 97.452 1 4 0 0.047899 0 2 2 0
4 78.227 104.33 1 4 0 0.025857 1 2 2 0
4 137.02 95.216 4 4 1 0.85768 0 2 2 0
4 90.49 90.771 1 3 0 2.2837 1 2 2 0
4 101.69 71.413 3 2 0 0.95565 1 2 2 0
4 104.24 138.9 2 2 1 1.3077 1 2 2 0
4 127.71 94.534 4 4 1 0.50755 0 2 2 0
4 95.906 128.14 2 2 1 1.3397 0 2 2 0
4 90.921 64.416 3 3 1 0.44353 0 2 2 0
4 76.145 86.468 1 1 1 0.39574 0 2 2 0
4 108.93 81.938 4 3 0 0.41166 1 2 2 0
4 103.34 114.1 2 2 1 0.73164 1 2 2 0
4 101.55 85.011 3 2 0 0.1117 1 2 2 0
4 130.3 108.11 4 4 1 2.7799 0 2 2 0
4 73.17 85.193 1 1 1 1.1957 0 2 2 0
4 81.981 122.2 2 1 0 0.89172 0 2 2 0
4 82.093 84.705 1 1 1 0.82771 0 2 2 0
4 72.589 103.31 1 1 1 0.81182 0 2 2 0
4 84.963 129.49 2 2 1 1.3556 1 2 2 0
4 104.87 128.24 2 1 0 1.9156 0 2 2 0
4 87.545 133.79 2 1 0 0.68361 0 2 2 0
4 116.82 91.335 3 3 1 4.1236 0 2 2 0
4 98.473 67.976 3 3 1 1.5157 0 2 2 0
4 97.064 60.284 3 3 1 1.4675 0 2 2 0
4 113.79 95.295 3 3 1 0.82764 0 2 2 0
4 106.31 69.963 3 3 1 0.93959 0 2 2 0
4 129.28 110.85 4 2 0 1.0356 1 2 2 0
4 91.665 129.79 2 2 1 1.6438 1 2 2 0
4 107.72 122.85 2 2 1 1.2436 0 2 2 0
4 113.07 114.09 2 2 1 0.77979 0 2 2 0
4 95.845 83.32 3 3 1 1.2436 0 2 2 0
4 124.5 78.177 4 4 1 3.4357 0 2 2 0
4 127.92 108.38 4 4 1 0.84366 0 2 2 0
4 125.05 99.471 4 4 1 0.76362 0 2 2 0
4 64.004 91.564 1 1 1 1.0037 0 2 2 0
4 74.074 99.646 1 1 1 1.2117 0 2 2 0
4 101.08 80.825 3 3 1 1.4516 1 2 2 0
4 122.11 98.63 4 2 0 1.6917 0 2 2 0
4 95.81 77.826 3 3 1 2.3475 0 2 2 0
4 110.45 128.43 2 2 1 1.6918 0 2 2 0
4 80.524 83.775 3 3 1 2.4276 1 2 2 0
4 73.671 95.878 1 1 1 2.6356 1 2 2 0
4 64.013 119.66 1 1 1 1.0997 0 2 2 0
4 112.1 90.087 4 3 0 1.1795 0 2 2 0
4 119.77 117.65 2 2 1 1.1958 0 2 2 0
4 104.77 137.2 2 2 1 1.1957 0 2 2 0
4 140.93 83.272 4 3 0 1.3397 0 2 2 0
4 59.37 85.034 1 1 1 1.2436 1 2 2 0
4 74.121 97.48 1 1 1 1.1957 0 2 2 0
4 91.562 71.13 3 3 1 2.8435 0 2 2 0
4 85.609 129.03 2 2 1 1.1478 1 2 2 0
4 71.674 104.66 1 1 1 2.1396 1 2 2 0
4 105.36 117.7 2 2 1 1.9956 0 2 2 0
4 98.49 82.627 3 2 0 0.5555 1 2 2 0
4 122.08 84.683 4 4 1 0.82775 0 2 2 0
4 106.52 71.449 3 4 0 0.79564 1 2 2 0
4 110.02 129.03 2 4 0 1.1636 0 2 2 0
4 70.98 97.498 1 1 1 1.2756 1 2 2 0
4 100.29 72.852 3 1 0 5.2595 0 2 2 0
4 137.8 100.42 4 1 0 0.12762 0 2 2 0
4 139.57 102.71 4 1 0 2.8475 0 2 2 0
4 115.03 82.638 3 1 0 0.75194 1 2 2 0
4 94.916 127.7 2 1 0 0.20376 1 2 2 0
4 129.02 91.02 4 4 1 0.063882 0 2 2 0
4 124.09 118.91 4 4 1 2.0011 0 2 2 0
4 88.153 75.402 3 3 1 9.6419 0 2 2 0
4 116.98 121.04 4 4 1 3.8355 0 2 2 0
4 105.37 62.352 3 2 0 0.87584 1 2 2 0
4 109.3 94.724 4 2 0 0.22343 0 2 2 0
4 107.25 127.76 2 2 1 0.15547 1 2 2 0
4 122.82 101.77 4 3 0 0.38377 0 2 2 0
4 68.49 100.38 1 2 0 0.17167 0 2 2 0
4 125.02 87.037 4 3 0 2.4439 0 2 2 0
4 94.894 72.019 3 2 0 0.075672 0 2 2 0
4 55.968 101.51 1 2 0 0.14377 0 2 2 0
4 89.463 121.33 2 2 1 0.20372 1 2 2 0
5 90.34 116.9 1 2 0 1.0091 1 2 2 0
5 98.53 129.25 2 2 1 0.48995 0 2 2 0
5 81.79 111.54 2 2 1 0.2819 0 2 2 0
5 131.21 122.03 4 2 0 0.34784 0 2 2 0
5 114.03 71.214 3 2 0 0.76201 1 2 2 0
5 108.73 146.08 2 2 1 0.073801 0 2 2 0
5 94.807 71.083 3 2 0 0.55589 0 2 2 0
5 96.262 137.63 2 2 1 10.794 0 2 2 0
5 79.562 79.509 3 2 0 0.36751 0 2 2 0
5 70.798 95.527 1 3 0 0.33007 1 2 2 0
5 63.482 91.567 1 1 1 0.76376 0 2 2 0
5 64.7 97.217 1 2 0 1.164 0 2 2 0
5 88.909 58.429 3 2 0 1.5317 0 2 2 0
5 94.876 128.97 2 2 1 0.69793 0 2 2 0
5 103.9 52.984 3 4 0 0.252 0 2 2 0
5 135.33 107.93 4 2 0 0.02785 1 2 2 0
5 77.996 133.37 2 2 1 5.0359 1 2 2 0
5 80.145 103.81 1 2 0 0.075605 0 2 2 0
5 70.559 113.66 1 2 0 0.027695 0 2 2 0
5 69.854 99.217 1 3 0 0.059686 1 2 2 0
5 69.114 108.52 1 2 0 0.011886 0 2 2 0
5 132.73 92.579 4 2 0 0.12763 1 2 2 0
5 143.61 95.96 4 2 0 0.14362 0 2 2 0
5 131.4 98.805 4 2 0 0.011789 0 2 2 0
5 64.865 97.452 1 2 0 0.027953 0 2 2 0
5 78.227 104.33 1 2 0 0.027923 0 2 2 0
5 137.02 95.216 4 2 0 0.043901 0 2 2 0
5 90.49 90.771 1 2 0 0.26598 1 2 2 0
5 101.69 71.413 3 4 0 0.041906 0 2 2 0
5 104.24 138.9 2 2 1 0.45983 1 2 2 0
5 127.71 94.534 4 2 0 0.027724 1 2 2 0
5 95.906 128.14 2 4 0 0.12191 1 2 2 0
5 90.921 64.416 3 3 1 2.1077 0 2 2 0
5 76.145 86.468 1 1 1 1.0198 0 2 2 0
5 108.93 81.938 4 3 0 0.55544 0 2 2 0
5 103.34 114.1 2 2 1 0.61953 0 2 2 0
5 101.55 85.011 3 2 0 0.47573 1 2 2 0
5 130.3 108.11 4 4 1 0.61973 1 2 2 0
5 73.17 85.193 1 2 0 0.33159 1 2 2 0
5 81.981 122.2 2 2 1 0.081782 0 2 2 0
5 82.093 84.705 1 2 0 0.079802 0 2 2 0
5 72.589 103.31 1 3 0 0.28751 0 2 2 0
5 84.963 129.49 2 3 0 1.8995 1 2 2 0
5 104.87 128.24 2 1 0 1.9199 0 2 2 0
5 87.545 133.79 2 1 0 0.095969 1 2 2 0
5 116.82 91.335 3 4 0 0.063989 0 2 2 0
5 98.473 67.976 3 4 0 0.13996 1 2 2 0
5 97.064 60.284 3 1 0 0.52806 0 2 2 0
5 113.79 95.295 3 3 1 0.29957 0 2 2 0
5 106.31 69.963 3 3 1 0.86348 1 2 2 0
5 129.28 110.85 4 1 0 0.61962 0 2 2 0
5 91.665 129.79 2 4 0 0.49173 0 2 2 0
5 107.72 122.85 2 4 0 1.4678 0 2 2 0
5 113.07 114.09 2 4 0 1.3876 0 2 2 0
5 95.845 83.32 3 2 0 0.58767 1 2 2 0
5 124.5 78.177 4 3 0 0.45951 1 2 2 0
5 127.92 108.38 4 2 0 0.52371 1 2 2 0
5 125.05 99.471 4 4 1 1.6637 0 2 2 0
5 64.004 91.564 1 3 0 1.5637 1 2 2 0
5 74.074 99.646 1 3 0 1.3558 0 2 2 0
5 101.08 80.825 3 3 1 1.3877 0 2 2 0
5 122.11 98.63 4 3 0 1.3397 1 2 2 0
5 95.81 77.826 3 3 1 0.45981 0 2 2 0
5 110.45 128.43 2 2 1 0.5717 1 2 2 0
5 80.524 83.775 3 4 0 0.50766 0 2 2 0
5 73.671 95.878 1 4 0 1.3878 0 2 2 0
5 64.013 119.66 1 3 0 1.4197 0 2 2 0
5 112.1 90.087 4 2 0 0.50767 0 2 2 0
5 119.77 117.65 2 3 0 0.57157 0 2 2 0
5 104.77 137.2 2 3 0 1.3877 0 2 2 0
5 140.93 83.272 4 4 1 1.3077 0 2 2 0
5 59.37 85.034 1 3 0 1.3874 1 2 2 0
5 74.121 97.48 1 2 0 0.58775 0 2 2 0
5 91.562 71.13 3 3 1 0.45958 1 2 2 0
5 85.609 129.03 2 3 0 1.3238 0 2 2 0
5 71.674 104.66 1 4 0 1.3077 1 2 2 0
5 105.36 117.7 2 3 0 1.2755 0 2 2 0
5 98.49 82.627 3 2 0 0.53989 0 2 2 0
5 122.08 84.683 4 4 1 0.50777 0 2 2 0
5 106.52 71.449 3 4 0 1.3878 1 2 2 0
5 110.02 129.03 2 3 0 1.3557 1 2 2 0
5 70.98 97.498 1 4 0 1.3078 0 2 2 0
5 100.29 72.852 3 2 0 0.49147 1 2 2 0
5 137.8 100.42 4 3 0 0.45963 1 2 2 0
5 139.57 102.71 4 4 1 0.45971 1 2 2 0
5 115.03 82.638 3 2 0 0.4918 0 2 2 0
5 94.916 127.7 2 2 1 0.45964 1 2 2 0
5 129.02 91.02 4 3 0 2.1556 0 2 2 0
5 124.09 118.91 4 3 0 1.3077 0 2 2 0
5 88.153 75.402 3 2 0 0.50783 1 2 2 0
5 116.98 121.04 4 4 1 0.5078 1 2 2 0
5 105.37 62.352 3 4 0 1.2757 1 2 2 0
5 109.3 94.724 4 4 1 1.3716 0 2 2 0
5 107.25 127.76 2 3 0 0.4917 0 2 2 0
5 122.82 101.77 4 2 0 0.41172 0 2 2 0
5 68.49 100.38 1 4 0 0.043571 0 2 2 0
5 125.02 87.037 4 3 0 0.095568 0 2 2 0
5 94.894 72.019 3 4 0 0.15955 0 2 2 0
5 55.968 101.51 1 2 0 0.031935 1 2 2 0
5 89.463 121.33 2 2 1 0.063626 0 2 2 0
6 90.34 116.9 1 2 0 6.161 0 2 2 0
6 98.53 129.25 2 2 1 1.2865 0 2 2 0
6 81.79 111.54 2 3 0 2.0277 0 2 2 0
6 131.21 122.03 4 4 1 1.2117 1 2 2 0
6 114.03 71.214 3 3 1 1.8996 0 2 2 0
6 108.73 146.08 2 2 1 1.1478 1 2 2 0
6 94.807 71.083 3 2 0 1.3396 0 2 2 0
6 96.262 137.63 2 4 0 1.3716 1 2 2 0
6 79.562 79.509 3 3 1 2.0119 0 2 2 0
6 70.798 95.527 1 1 1 1.5476 0 2 2 0
6 63.482 91.567 1 1 1 1.7876 0 2 2 0
6 64.7 97.217 1 1 1 0.9077 1 2 2 0
6 88.909 58.429 3 3 1 1.5315 1 2 2 0
6 94.876 128.97 2 2 1 2.4918 1 2 2 0
6 103.9 52.984 3 1 0 5.3235 1 2 2 0
6 135.33 107.93 4 3 0 1.8837 0 2 2 0
6 77.996 133.37 2 2 1 8.7157 1 2 2 0
6 80.145 103.81 1 3 0 2.4277 0 2 2 0
6 70.559 113.66 1 1 1 1.1478 1 2 2 0
6 69.854 99.217 1 3 0 0.77952 0 2 2 0
6 69.114 108.52 1 2 0 2.6835 1 2 2 0
6 132.73 92.579 4 4 1 1.2756 1 2 2 0
6 143.61 95.96 4 3 0 1.8516 0 2 2 0
6 131.4 98.805 4 3 0 0.4917 1 2 2 0
6 64.865 97.452 1 1 1 2.4117 0 2 2 0
6 78.227 104.33 1 1 1 1.2277 1 2 2 0
6 137.02 95.216 4 3 0 5.0356 0 2 2 0
6 90.49 90.771 1 2 0 5.5477 0 2 2 0
6 101.69 71.413 3 2 0 1.6277 1 2 2 0
6 104.24 138.9 2 3 0 2.2996 1 2 2 0
6 127.71 94.534 4 3 0 3.0355 0 2 2 0
6 95.906 128.14 2 2 1 1.2118 1 2 2 0
6 90.921 64.416 3 3 1 1.2597 0 2 2 0
6 76.145 86.468 1 3 0 1.3078 0 2 2 0
6 108.93 81.938 4 3 0 0.92361 1 2 2 0
6 103.34 114.1 2 2 1 2.3638 0 2 2 0
6 101.55 85.011 3 3 1 2.9877 0 2 2 0
6 130.3 108.11 4 3 0 5.1474 1 2 2 0
6 73.17 85.193 1 1 1 0.95575 1 2 2 0
6 81.981 122.2 2 1 0 0.9236 0 2 2 0
6 82.093 84.705 1 1 1 0.97182 0 2 2 0
6 72.589 103.31 1 1 1 0.92362 1 2 2 0
6 84.963 129.49 2 1 0 1.2597 1 2 2 0
6 104.87 128.24 2 2 1 1.2597 0 2 2 0
6 87.545 133.79 2 2 1 1.2437 0 2 2 0
6 116.82 91.335 3 2 0 1.9157 0 2 2 0
6 98.473 67.976 3 2 0 0.79563 0 2 2 0
6 97.064 60.284 3 3 1 3.4675 0 2 2 0
6 113.79 95.295 3 3 1 1.1795 0 2 2 0
6 106.31 69.963 3 2 0 2.1237 0 2 2 0
6 129.28 110.85 4 4 1 1.8037 0 2 2 0
6 91.665 129.79 2 2 1 1.3718 0 2 2 0
6 107.72 122.85 2 2 1 1.0677 0 2 2 0
6 113.07 114.09 2 2 1 0.98773 1 2 2 0
6 95.845 83.32 3 2 0 1.7878 0 2 2 0
6 124.5 78.177 4 2 0 1.0997 0 2 2 0
6 127.92 108.38 4 4 1 1.3236 1 2 2 0
6 125.05 99.471 4 2 0 1.1157 1 2 2 0
6 64.004 91.564 1 1 1 1.4356 0 2 2 0
6 74.074 99.646 1 3 0 2.3795 1 2 2 0
6 101.08 80.825 3 3 1 1.0035 0 2 2 0
6 122.11 98.63 4 2 0 1.1157 1 2 2 0
6 95.81 77.826 3 3 1 0.66782 0 2 2 0
6 110.45 128.43 2 2 1 0.71565 0 2 2 0
6 80.524 83.775 3 3 1 0.79564 0 2 2 0
6 73.671 95.878 1 3 0 0.57157 1 2 2 0
6 64.013 119.66 1 1 1 0.69969 0 2 2 0
6 112.1 90.087 4 3 0 0.81179 1 2 2 0
6 119.77 117.65 2 2 1 10.479 0 2 2 0
6 104.77 137.2 2 2 1 1.9475 1 2 2 0
6 140.93 83.272 4 4 1 1.7876 0 2 2 0
6 59.37 85.034 1 1 1 1.3876 0 2 2 0
6 74.121 97.48 1 1 1 0.65164 0 2 2 0
6 91.562 71.13 3 1 0 1.1956 0 2 2 0
6 85.609 129.03 2 1 0 2.1716 0 2 2 0
6 71.674 104.66 1 1 1 0.73157 0 2 2 0
6 105.36 117.7 2 2 1 5.9796 1 2 2 0
6 98.49 82.627 3 3 1 7.4355 0 2 2 0
6 122.08 84.683 4 3 0 0.87568 0 2 2 0
6 106.52 71.449 3 3 1 0.33162 1 2 2 0
6 110.02 129.03 2 2 1 1.1479 0 2 2 0
6 70.98 97.498 1 1 1 1.6756 1 2 2 0
6 100.29 72.852 3 3 1 1.9316 0 2 2 0
6 137.8 100.42 4 2 0 1.2598 1 2 2 0
6 139.57 102.71 4 3 0 56.042 0 2 2 0
6 115.03 82.638 3 3 1 1.0196 0 2 2 0
6 94.916 127.7 2 2 1 1.0998 0 2 2 0
6 129.02 91.02 4 3 0 1.0835 1 2 2 0
6 124.09 118.91 4 2 0 1.0197 0 2 2 0
6 88.153 75.402 3 3 1 4.4435 0 2 2 0
6 116.98 121.04 4 2 0 1.8836 1 2 2 0
6 105.37 62.352 3 3 1 1.5635 0 2 2 0
6 109.3 94.724 4 2 0 1.3877 0 2 2 0
6 107.25 127.76 2 2 1 2.4597 0 2 2 0
6 122.82 101.77 4 2 0 1.0836 0 2 2 0
6 68.49 100.38 1 1 1 1.2437 0 2 2 0
6 125.02 87.037 4 3 0 3.3397 1 2 2 0
6 94.894 72.019 3 3 1 3.8356 1 2 2 0
6 55.968 101.51 1 2 0 2.0436 0 2 2 0
6 89.463 121.33 2 2 1 1.3234 0 2 2 0
7 90.34 116.9 2 2 1 5.0411 2 1 2 1
7 98.53 129.25 1 2 0 0.99826 2 1 2 1
7 81.79 111.54 1 2 0 2.6355 2 1 2 1
7 131.21 122.03 3 2 0 1.6756 2 1 2 1
7 114.03 71.214 4 2 0 0.82772 2 1 2 1
7 108.73 146.08 1 2 0 1.0357 2 1 2 1
7 94.807 71.083 4 3 0 8.4914 2 1 2 1
7 96.262 137.63 1 2 0 1.7077 2 1 2 1
7 79.562 79.509 4 1 0 1.5638 2 1 2 1
7 70.798 95.527 2 1 0 2.9716 2 1 2 1
7 63.482 91.567 2 1 0 5.3877 2 1 2 1
7 64.7 97.217 2 2 1 5.1794 2 1 2 1
7 88.909 58.429 4 3 0 5.0515 2 1 2 1
7 94.876 128.97 1 4 0 3.5516 2 1 2 1
7 103.9 52.984 4 3 0 8.7635 2 1 2 1
7 135.33 107.93 3 1 0 0.85955 2 1 2 1
7 77.996 133.37 1 4 0 4.4597 2 1 2 1
7 80.145 103.81 2 2 1 0.29997 2 1 2 1
7 70.559 113.66 2 2 1 0.027707 2 1 2 1
7 69.854 99.217 2 3 0 0.073964 2 1 2 1
7 69.114 108.52 2 1 0 0.059791 2 1 2 1
7 132.73 92.579 3 1 0 0.55971 2 1 2 1
7 143.61 95.96 3 2 0 1.3078 2 1 2 1
7 131.4 98.805 3 2 0 0.041941 2 1 2 1
7 64.865 97.452 2 2 1 0.22378 2 1 2 1
7 78.227 104.33 2 3 0 0.58791 2 1 2 1
7 137.02 95.216 3 4 0 0.26768 2 1 2 1
7 90.49 90.771 2 3 0 0.684 2 1 2 1
7 101.69 71.413 4 2 0 4.1554 2 1 2 1
7 104.24 138.9 1 3 0 0.34775 2 1 2 1
7 127.71 94.534 3 4 0 0.53982 2 1 2 1
7 95.906 128.14 1 1 1 0.041824 2 1 2 1
7 90.921 64.416 4 3 0 0.11144 2 1 2 1
7 76.145 86.468 2 1 0 0.060147 2 1 2 1
7 108.93 81.938 3 3 1 0.11167 2 1 2 1
7 103.34 114.1 1 3 0 0.027874 2 1 2 1
7 101.55 85.011 4 2 0 0.076132 2 1 2 1
7 130.3 108.11 3 3 1 6.5438 2 1 2 1
7 73.17 85.193 2 2 1 1.3719 2 1 2 1
7 81.981 122.2 1 2 0 1.0517 2 1 2 1
7 82.093 84.705 2 3 0 2.8276 2 1 2 1
7 72.589 103.31 2 2 1 4.2036 2 1 2 1
7 84.963 129.49 1 2 0 1.0516 2 1 2 1
7 104.87 128.24 1 1 1 12.555 2 1 2 1
7 87.545 133.79 1 1 1 0.027701 2 1 2 1
7 116.82 91.335 4 1 0 0.043955 2 1 2 1
7 98.473 67.976 4 1 0 0.20776 2 1 2 1
7 97.064 60.284 4 1 0 0.0098472 2 1 2 1
7 113.79 95.295 4 1 0 0.16007 2 1 2 1
7 106.31 69.963 4 3 0 0.20762 2 1 2 1
7 129.28 110.85 3 3 1 0.16018 2 1 2 1
7 91.665 129.79 1 3 0 0.11203 2 1 2 1
7 107.72 122.85 1 4 0 0.032118 2 1 2 1
7 113.07 114.09 1 2 0 0.027354 2 1 2 1
7 95.845 83.32 4 2 0 0.20378 2 1 2 1
7 124.5 78.177 3 2 0 0.50591 2 1 2 1
7 127.92 108.38 3 2 0 1.168 2 1 2 1
7 125.05 99.471 3 2 0 0.13786 2 1 2 1
7 64.004 91.564 2 2 1 0.14345 2 1 2 1
7 74.074 99.646 2 2 1 0.05962 2 1 2 1
7 101.08 80.825 4 2 0 0.075988 2 1 2 1
7 122.11 98.63 3 2 0 0.043782 2 1 2 1
7 95.81 77.826 4 2 0 0.043701 2 1 2 1
7 110.45 128.43 1 2 0 0.043739 2 1 2 1
7 80.524 83.775 4 2 0 0.015944 2 1 2 1
7 73.671 95.878 2 2 1 0.47599 2 1 2 1
7 64.013 119.66 2 2 1 0.031798 2 1 2 1
7 112.1 90.087 3 2 0 1.072 2 1 2 1
7 119.77 117.65 1 2 0 0.10579 2 1 2 1
7 104.77 137.2 1 2 0 0.74566 2 1 2 1
7 140.93 83.272 3 2 0 0.28754 2 1 2 1
7 59.37 85.034 2 3 0 2.2998 2 1 2 1
7 74.121 97.48 2 1 0 1.1157 2 1 2 1
7 91.562 71.13 4 2 0 1.1637 2 1 2 1
7 85.609 129.03 1 4 0 0.97169 2 1 2 1
7 71.674 104.66 2 3 0 1.3556 2 1 2 1
7 105.36 117.7 1 2 0 1.4996 2 1 2 1
7 98.49 82.627 4 4 1 13.531 2 1 2 1
7 122.08 84.683 3 2 0 0.92182 2 1 2 1
7 106.52 71.449 4 3 0 8.0437 2 1 2 1
7 110.02 129.03 1 4 0 0.23563 2 1 2 1
7 70.98 97.498 2 4 0 0.075691 2 1 2 1
7 100.29 72.852 4 4 1 0.10797 2 1 2 1
7 137.8 100.42 3 4 0 0.28814 2 1 2 1
7 139.57 102.71 3 4 0 1.4017 2 1 2 1
7 115.03 82.638 4 4 1 0.10804 2 1 2 1
7 94.916 127.7 1 2 0 0.1238 2 1 2 1
7 129.02 91.02 3 2 0 0.075828 2 1 2 1
7 124.09 118.91 3 4 0 0.025785 2 1 2 1
7 88.153 75.402 4 4 1 3.4338 2 1 2 1
7 116.98 121.04 3 4 0 0.2882 2 1 2 1
7 105.37 62.352 4 3 0 0.27172 2 1 2 1
7 109.3 94.724 3 2 0 0.18596 2 1 2 1
7 107.25 127.76 1 3 0 0.16974 2 1 2 1
7 122.82 101.77 3 3 1 0.69981 2 1 2 1
7 68.49 100.38 2 3 0 0.77965 2 1 2 1
7 125.02 87.037 3 2 0 1.0197 2 1 2 1
7 94.894 72.019 4 3 0 0.66763 2 1 2 1
7 55.968 101.51 2 4 0 0.79572 2 1 2 1
7 89.463 121.33 1 3 0 2.8917 2 1 2 1
8 90.34 116.9 2 3 0 1.4572 2 1 2 1
8 98.53 129.25 1 2 0 1.5734 2 1 2 1
8 81.79 111.54 1 4 0 3.5797 2 1 2 1
8 131.21 122.03 3 3 1 25.019 2 1 2 1
8 114.03 71.214 4 3 0 1.0517 2 1 2 1
8 108.73 146.08 1 2 0 1.1636 2 1 2 1
8 94.807 71.083 4 3 0 1.0677 2 1 2 1
8 96.262 137.63 1 2 0 3.7556 2 1 2 1
8 79.562 79.509 4 3 0 1.6435 2 1 2 1
8 70.798 95.527 2 3 0 0.059578 2 1 2 1
8 63.482 91.567 2 3 0 0.28757 2 1 2 1
8 64.7 97.217 2 3 0 0.2839 2 1 2 1
8 88.909 58.429 4 3 0 4.5557 2 1 2 1
8 94.876 128.97 1 3 0 0.97154 2 1 2 1
8 103.9 52.984 4 3 0 3.4357 2 1 2 1
8 135.33 107.93 3 4 0 2.4437 2 1 2 1
8 77.996 133.37 1 4 0 1.7877 2 1 2 1
8 80.145 103.81 2 2 1 2.0758 2 1 2 1
8 70.559 113.66 2 2 1 1.1636 2 1 2 1
8 69.854 99.217 2 3 0 1.1795 2 1 2 1
8 69.114 108.52 2 3 0 1.2278 2 1 2 1
8 132.73 92.579 3 4 0 3.1318 2 1 2 1
8 143.61 95.96 3 4 0 1.3237 2 1 2 1
8 131.4 98.805 3 2 0 0.29958 2 1 2 1
8 64.865 97.452 2 1 0 1.2758 2 1 2 1
8 78.227 104.33 2 1 0 0.92372 2 1 2 1
8 137.02 95.216 3 4 0 3.2596 2 1 2 1
8 90.49 90.771 2 3 0 0.36382 2 1 2 1
8 101.69 71.413 4 3 0 7.2435 2 1 2 1
8 104.24 138.9 1 2 0 14.507 2 1 2 1
8 127.71 94.534 3 3 1 1.6436 2 1 2 1
8 95.906 128.14 1 2 0 1.2437 2 1 2 1
8 90.921 64.416 4 2 0 1.3876 2 1 2 1
8 76.145 86.468 2 1 0 1.7878 2 1 2 1
8 108.93 81.938 3 3 1 1.7555 2 1 2 1
8 103.34 114.1 1 3 0 1.8835 2 1 2 1
8 101.55 85.011 4 3 0 1.0195 2 1 2 1
8 130.3 108.11 3 4 0 0.98775 2 1 2 1
8 73.17 85.193 2 1 0 2.3795 2 1 2 1
8 81.981 122.2 1 3 0 32.187 2 1 2 1
8 82.093 84.705 2 3 0 1.2117 2 1 2 1
8 72.589 103.31 2 3 0 0.3796 2 1 2 1
8 84.963 129.49 1 3 0 10.187 2 1 2 1
8 104.87 128.24 1 3 0 2.7958 2 1 2 1
8 87.545 133.79 1 3 0 0.50561 2 1 2 1
8 116.82 91.335 4 3 0 1.1796 2 1 2 1
8 98.473 67.976 4 3 0 20.347 2 1 2 1
8 97.064 60.284 4 3 0 15.611 2 1 2 1
8 113.79 95.295 4 2 0 7.8995 2 1 2 1
8 106.31 69.963 4 3 0 2.7796 2 1 2 1
8 129.28 110.85 3 3 1 0.84371 2 1 2 1
8 91.665 129.79 1 3 0 1.0997 2 1 2 1
8 107.72 122.85 1 2 0 0.9079 2 1 2 1
8 113.07 114.09 1 3 0 0.45967 2 1 2 1
8 95.845 83.32 4 1 0 0.63571 2 1 2 1
8 124.5 78.177 3 4 0 0.36346 2 1 2 1
8 127.92 108.38 3 3 1 54.266 2 1 2 1
8 125.05 99.471 3 3 1 0.45955 2 1 2 1
8 64.004 91.564 2 1 0 1.1957 2 1 2 1
8 74.074 99.646 2 1 0 0.71553 2 1 2 1
8 101.08 80.825 4 3 0 0.60358 2 1 2 1
8 122.11 98.63 3 1 0 1.1156 2 1 2 1
8 95.81 77.826 4 3 0 1.2117 2 1 2 1
8 110.45 128.43 1 3 0 1.4676 2 1 2 1
8 80.524 83.775 4 1 0 1.9795 2 1 2 1
8 73.671 95.878 2 3 0 12.107 2 1 2 1
8 64.013 119.66 2 3 0 4.5715 2 1 2 1
8 112.1 90.087 3 2 0 4.6358 2 1 2 1
8 119.77 117.65 1 3 0 0.66746 2 1 2 1
8 104.77 137.2 1 4 0 0.55551 2 1 2 1
8 140.93 83.272 3 3 1 0.66756 2 1 2 1
8 59.37 85.034 2 1 0 0.69966 2 1 2 1
8 74.121 97.48 2 3 0 1.1458 2 1 2 1
8 91.562 71.13 4 2 0 0.52378 2 1 2 1
8 85.609 129.03 1 3 0 16.011 2 1 2 1
8 71.674 104.66 2 3 0 1.0517 2 1 2 1
8 105.36 117.7 1 4 0 1.1797 2 1 2 1
8 98.49 82.627 4 2 0 0.29964 2 1 2 1
8 122.08 84.683 3 1 0 0.10753 2 1 2 1
8 106.52 71.449 4 2 0 2.5076 2 1 2 1
8 110.02 129.03 1 3 0 3.2596 2 1 2 1
8 70.98 97.498 2 1 0 1.0679 2 1 2 1
8 100.29 72.852 4 3 0 1.1637 2 1 2 1
8 137.8 100.42 3 4 0 1.0838 2 1 2 1
8 139.57 102.71 3 4 0 0.90773 2 1 2 1
8 115.03 82.638 4 2 0 1.3238 2 1 2 1
8 94.916 127.7 1 3 0 6.5876 2 1 2 1
8 129.02 91.02 3 3 1 2.9717 2 1 2 1
8 124.09 118.91 3 1 0 3.5797 2 1 2 1
8 88.153 75.402 4 3 0 2.8596 2 1 2 1
8 116.98 121.04 3 2 0 3.2277 2 1 2 1
8 105.37 62.352 4 3 0 1.8676 2 1 2 1
8 109.3 94.724 3 3 1 0.9717 2 1 2 1
8 107.25 127.76 1 3 0 0.95581 2 1 2 1
8 122.82 101.77 3 3 1 0.73147 2 1 2 1
8 68.49 100.38 2 3 0 1.4197 2 1 2 1
8 125.02 87.037 3 3 1 0.65169 2 1 2 1
8 94.894 72.019 4 3 0 0.55552 2 1 2 1
8 55.968 101.51 2 1 0 4.5396 2 1 2 1
8 89.463 121.33 1 3 0 8.2834 2 1 2 1
9 90.34 116.9 2 3 0 1.8891 2 1 2 1
9 98.53 129.25 1 1 1 1.2054 2 1 2 1
9 81.79 111.54 1 1 1 1.0517 2 1 2 1
9 131.21 122.03 3 1 0 0.68359 2 1 2 1
9 114.03 71.214 4 3 0 3.7395 2 1 2 1
9 108.73 146.08 1 2 0 2.0438 2 1 2 1
9 94.807 71.083 4 3 0 3.3395 2 1 2 1
9 96.262 137.63 1 4 0 2.0116 2 1 2 1
9 79.562 79.509 4 3 0 12.219 2 1 2 1
9 70.798 95.527 2 3 0 90.649 2 1 2 1
9 63.482 91.567 2 1 0 2.8437 2 1 2 1
9 64.7 97.217 2 1 0 1.1638 2 1 2 1
9 88.909 58.429 4 2 0 1.8517 2 1 2 1
9 94.876 128.97 1 2 0 1.9796 2 1 2 1
9 103.9 52.984 4 4 1 1.8997 2 1 2 1
9 135.33 107.93 3 3 1 2.1076 2 1 2 1
9 77.996 133.37 1 2 0 1.3717 2 1 2 1
9 80.145 103.81 2 4 0 5.1795 2 1 2 1
9 70.559 113.66 2 3 0 0.33151 2 1 2 1
9 69.854 99.217 2 3 0 0.39568 2 1 2 1
9 69.114 108.52 2 1 0 2.4276 2 1 2 1
9 132.73 92.579 3 4 0 117.58 2 1 2 1
9 143.61 95.96 3 3 1 1.7715 2 1 2 1
9 131.4 98.805 3 3 1 1.3397 2 1 2 1
9 64.865 97.452 2 1 0 1.1637 2 1 2 1
9 78.227 104.33 2 1 0 1.1957 2 1 2 1
9 137.02 95.216 3 4 0 4.7955 2 1 2 1
9 90.49 90.771 2 4 0 2.2676 2 1 2 1
9 101.69 71.413 4 3 0 1.1155 2 1 2 1
9 104.24 138.9 1 3 0 3.0517 2 1 2 1
9 127.71 94.534 3 4 0 2.4916 2 1 2 1
9 95.906 128.14 1 2 0 1.2597 2 1 2 1
9 90.921 64.416 4 3 0 2.5396 2 1 2 1
9 76.145 86.468 2 1 0 1.3716 2 1 2 1
9 108.93 81.938 3 3 1 1.8357 2 1 2 1
9 103.34 114.1 1 2 0 0.84369 2 1 2 1
9 101.55 85.011 4 3 0 0.68372 2 1 2 1
9 130.3 108.11 3 1 0 0.66777 2 1 2 1
9 73.17 85.193 2 2 1 0.66765 2 1 2 1
9 81.981 122.2 1 3 0 0.49164 2 1 2 1
9 82.093 84.705 2 1 0 0.57172 2 1 2 1
9 72.589 103.31 2 4 0 0.45972 2 1 2 1
9 84.963 129.49 1 2 0 0.39586 2 1 2 1
9 104.87 128.24 1 3 0 0.57178 2 1 2 1
9 87.545 133.79 1 1 1 0.77969 2 1 2 1
9 116.82 91.335 4 3 0 1.2916 2 1 2 1
9 98.473 67.976 4 1 0 0.76385 2 1 2 1
9 97.064 60.284 4 2 0 1.0195 2 1 2 1
9 113.79 95.295 4 4 1 0.37956 2 1 2 1
9 106.31 69.963 4 4 1 0.45963 2 1 2 1
9 129.28 110.85 3 4 0 0.84359 2 1 2 1
9 91.665 129.79 1 4 0 0.73174 2 1 2 1
9 107.72 122.85 1 4 0 1.1636 2 1 2 1
9 113.07 114.09 1 4 0 6.0436 2 1 2 1
9 95.845 83.32 4 3 0 0.25142 2 1 2 1
9 124.5 78.177 3 2 0 0.53971 2 1 2 1
9 127.92 108.38 3 4 0 61.93 2 1 2 1
9 125.05 99.471 3 3 1 2.3957 2 1 2 1
9 64.004 91.564 2 3 0 3.3716 2 1 2 1
9 74.074 99.646 2 1 0 1.5478 2 1 2 1
9 101.08 80.825 4 3 0 1.6437 2 1 2 1
9 122.11 98.63 3 2 0 0.13966 2 1 2 1
9 95.81 77.826 4 3 0 0.34566 2 1 2 1
9 110.45 128.43 1 3 0 0.29944 2 1 2 1
9 80.524 83.775 4 4 1 3.4518 2 1 2 1
9 73.671 95.878 2 4 0 1.2275 2 1 2 1
9 64.013 119.66 2 4 0 0.68368 2 1 2 1
9 112.1 90.087 3 3 1 1.4997 2 1 2 1
9 119.77 117.65 1 3 0 0.98773 2 1 2 1
9 104.77 137.2 1 2 0 2.9876 2 1 2 1
9 140.93 83.272 3 3 1 7.0518 2 1 2 1
9 59.37 85.034 2 1 0 1.1797 2 1 2 1
9 74.121 97.48 2 3 0 1.2597 2 1 2 1
9 91.562 71.13 4 3 0 4.0756 2 1 2 1
9 85.609 129.03 1 3 0 1.5957 2 1 2 1
9 71.674 104.66 2 3 0 1.4036 2 1 2 1
9 105.36 117.7 1 3 0 0.81179 2 1 2 1
9 98.49 82.627 4 3 0 0.85958 2 1 2 1
9 122.08 84.683 3 3 1 1.8677 2 1 2 1
9 106.52 71.449 4 4 1 2.5558 2 1 2 1
9 110.02 129.03 1 2 0 2.5878 2 1 2 1
9 70.98 97.498 2 2 1 0.71562 2 1 2 1
9 100.29 72.852 4 3 0 2.1236 2 1 2 1
9 137.8 100.42 3 4 0 1.1157 2 1 2 1
9 139.57 102.71 3 3 1 3.1316 2 1 2 1
9 115.03 82.638 4 4 1 1.0356 2 1 2 1
9 94.916 127.7 1 1 1 1.4678 2 1 2 1
9 129.02 91.02 3 4 0 2.0597 2 1 2 1
9 124.09 118.91 3 4 0 1.8996 2 1 2 1
9 88.153 75.402 4 2 0 2.9877 2 1 2 1
9 116.98 121.04 3 3 1 1.3238 2 1 2 1
9 105.37 62.352 4 2 0 1.9796 2 1 2 1
9 109.3 94.724 3 3 1 1.2115 2 1 2 1
9 107.25 127.76 1 4 0 1.5158 2 1 2 1
9 122.82 101.77 3 4 0 2.0918 2 1 2 1
9 68.49 100.38 2 4 0 2.5878 2 1 2 1
9 125.02 87.037 3 3 1 1.5154 2 1 2 1
9 94.894 72.019 4 1 0 1.5317 2 1 2 1
9 55.968 101.51 2 2 1 0.95563 2 1 2 1
9 89.463 121.33 1 3 0 13.755 2 1 2 1
