1 91.0872 110.3567 2 1 0 0 4.0668 0 1 0 0.0000 0.0000
1 83.5111 127.4984 2 3 0 0 4.3247 0 1 0 0.0000 0.0000
1 79.8331 109.3147 1 4 0 0 3.0828 0 1 0 0.0000 0.0000
1 99.8924 122.9074 2 2 0 1 0.6716 1 1 0 0.0000 0.0000
1 93.4160 96.6826 1 2 0 0 1.5913 0 1 0 0.0000 0.0000
1 76.1449 86.4680 1 1 0 1 2.1830 1 1 0 0.0000 0.0000
1 75.7972 136.1125 2 3 0 0 3.8146 0 1 0 0.0000 0.0000
1 114.0260 71.2138 3 2 0 0 2.7690 0 1 0 0.0000 0.0000
1 93.9370 62.4624 3 2 0 0 1.1199 0 1 0 0.0000 0.0000
1 87.3606 68.2106 3 1 0 0 1.3626 0 1 0 0.0000 0.0000
1 93.6008 125.3017 2 4 0 0 4.2673 0 1 0 0.0000 0.0000
1 77.8577 103.2591 1 2 0 0 3.2625 0 1 0 0.0000 0.0000
1 94.8763 128.9719 2 1 0 0 3.5316 0 1 0 0.0000 0.0000
1 134.8970 112.8241 4 4 0 1 4.9731 1 1 0 0.0000 0.0000
1 93.0298 127.9223 2 1 0 0 1.4743 0 1 0 0.0000 0.0000
1 94.4599 89.8636 3 1 0 0 1.2149 0 1 0 0.0000 0.0000
1 65.7857 99.0509 1 2 0 0 1.4467 0 1 0 0.0000 0.0000
1 87.1385 149.7429 2 1 0 0 1.9390 0 1 0 0.0000 0.0000
1 101.0772 80.8251 3 1 0 0 1.5971 0 1 0 0.0000 0.0000
1 69.7773 107.5104 1 2 0 0 2.1558 0 1 0 0.0000 0.0000
1 71.1848 108.2609 1 3 0 0 1.4018 0 1 0 0.0000 0.0000
1 104.7584 57.8152 3 2 0 0 1.2674 0 1 0 0.0000 0.0000
1 109.9944 128.7132 2 4 0 0 2.9545 0 1 0 0.0000 0.0000
1 72.1357 96.4958 1 1 0 1 1.3565 1 1 0 0.0000 0.0000
1 85.8959 100.2280 1 1 0 1 1.1737 1 1 0 0.0000 0.0000
1 117.2038 70.5478 3 2 0 0 1.8837 0 1 0 0.0000 0.0000
1 94.3007 69.4132 3 2 0 0 1.0439 0 1 0 0.0000 0.0000
1 92.5239 112.3685 2 1 0 0 1.4779 0 1 0 0.0000 0.0000
1 90.7772 75.4578 3 1 0 0 1.0599 0 1 0 0.0000 0.0000
1 77.9282 100.4959 1 1 0 1 0.7751 1 1 0 0.0000 0.0000
1 122.3346 91.6734 4 1 0 0 2.7857 0 1 0 0.0000 0.0000
1 103.3426 114.0996 2 1 0 0 1.6191 0 1 0 0.0000 0.0000
1 90.9195 50.3999 3 3 0 1 2.0045 1 1 0 0.0000 0.0000
1 102.9168 122.0853 2 2 0 1 3.3122 1 1 0 0.0000 0.0000
1 67.7185 92.3521 1 1 0 1 1.0533 1 1 0 0.0000 0.0000
1 102.2557 91.8934 3 3 0 1 0.8321 1 1 0 0.0000 0.0000
1 96.4990 80.8376 3 4 0 0 3.2775 0 1 0 0.0000 0.0000
1 95.9106 133.0822 2 4 0 0 2.5360 0 1 0 0.0000 0.0000
1 66.3930 108.7872 1 1 0 1 0.9907 1 1 0 0.0000 0.0000
1 71.1379 121.6782 1 1 0 1 0.7864 1 1 0 0.0000 0.0000
1 104.7419 95.8541 4 2 0 0 1.0403 0 1 0 0.0000 0.0000
1 117.8498 104.5631 4 3 0 0 1.8639 0 1 0 0.0000 0.0000
1 124.7199 97.3623 4 4 0 1 1.3130 1 1 0 0.0000 0.0000
1 74.1195 99.1445 1 3 0 0 1.7054 0 1 0 0.0000 0.0000
1 117.3649 99.6703 4 4 0 1 1.2430 1 1 0 0.0000 0.0000
1 53.1331 82.5922 1 2 0 0 0.8526 0 1 0 0.0000 0.0000
1 72.5069 95.0757 1 1 0 1 0.9477 1 1 0 0.0000 0.0000
1 80.0097 106.6956 1 1 0 1 0.5957 1 1 0 0.0000 0.0000
1 111.4199 105.7905 4 2 0 0 1.4029 0 1 0 0.0000 0.0000
1 88.9937 55.4789 3 2 0 0 0.9353 0 1 0 0.0000 0.0000
1 96.1304 74.5303 3 3 0 1 1.0789 1 1 0 0.0000 0.0000
1 124.5032 78.1772 4 2 0 0 1.1300 0 1 0 0.0000 0.0000
1 101.5459 83.4905 3 3 0 1 1.1364 1 1 0 0.0000 0.0000
1 77.9959 133.3717 2 2 0 1 1.3499 1 1 0 0.0000 0.0000
1 126.4884 92.9181 4 3 0 0 1.0259 0 1 0 0.0000 0.0000
1 133.6930 86.1741 4 4 0 1 0.7575 1 1 0 0.0000 0.0000
1 84.3642 77.5642 3 3 0 1 2.4806 1 1 0 0.0000 0.0000
1 130.3035 108.1081 4 4 0 1 0.7290 1 1 0 0.0000 0.0000
1 122.1071 98.6297 4 3 0 0 0.9970 0 1 0 0.0000 0.0000
1 111.1212 118.3085 4 4 0 1 0.6769 1 1 0 0.0000 0.0000
1 96.4913 75.5477 3 2 0 0 1.5346 0 1 0 0.0000 0.0000
1 95.6356 122.0070 2 3 0 0 1.3086 0 1 0 0.0000 0.0000
1 81.6602 102.3989 1 3 0 0 2.6476 0 1 0 0.0000 0.0000
1 65.2252 109.4380 1 2 0 0 1.2024 0 1 0 0.0000 0.0000
1 97.3704 74.7911 3 4 0 0 1.3204 0 1 0 0.0000 0.0000
1 98.1891 128.3366 2 1 0 0 0.8497 0 1 0 0.0000 0.0000
1 103.2879 70.9612 3 3 0 1 1.7451 1 1 0 0.0000 0.0000
1 129.6425 91.9746 4 4 0 1 0.8871 1 1 0 0.0000 0.0000
1 124.2482 90.8835 4 4 0 1 0.6778 1 1 0 0.0000 0.0000
1 136.7401 101.5012 4 4 0 1 0.3991 1 1 0 0.0000 0.0000
1 68.7974 98.9162 1 1 0 1 1.5371 1 1 0 0.0000 0.0000
1 106.6803 75.3501 3 3 0 1 1.2506 1 1 0 0.0000 0.0000
1 90.4904 90.7713 1 3 0 0 1.1466 0 1 0 0.0000 0.0000
1 90.6607 114.7931 2 2 0 1 0.7042 1 1 0 0.0000 0.0000
1 124.1812 129.4869 4 4 0 1 0.9546 1 1 0 0.0000 0.0000
1 118.5892 107.7876 2 4 0 0 0.5068 0 1 0 0.0000 0.0000
1 136.6960 85.7850 4 4 0 1 0.6233 1 1 0 0.0000 0.0000
1 116.7455 95.2483 4 3 0 0 0.7901 0 1 0 0.0000 0.0000
1 97.3913 130.7559 2 3 0 0 0.8168 0 1 0 0.0000 0.0000
1 136.1951 109.8769 4 4 0 1 0.7160 1 1 0 0.0000 0.0000
1 104.1968 141.2735 2 4 0 0 0.7088 0 1 0 0.0000 0.0000
1 64.2303 102.6138 1 1 0 1 0.7976 1 1 0 0.0000 0.0000
1 127.5829 95.3633 4 4 0 1 0.5859 1 1 0 0.0000 0.0000
1 92.6224 121.3498 2 2 0 1 1.2631 1 1 0 0.0000 0.0000
1 136.3717 93.2697 4 4 0 1 0.5179 1 1 0 0.0000 0.0000
1 101.1555 128.3788 2 2 0 1 0.7930 1 1 0 0.0000 0.0000
1 105.2428 69.6735 3 2 0 0 0.8674 0 1 0 0.0000 0.0000
1 65.5740 101.7929 1 1 0 1 0.7366 1 1 0 0.0000 0.0000
1 136.0329 94.3559 4 4 0 1 0.4578 1 1 0 0.0000 0.0000
1 132.7079 98.4518 4 4 0 1 0.5086 1 1 0 0.0000 0.0000
1 108.3587 74.9542 3 2 0 0 1.6477 0 1 0 0.0000 0.0000
1 94.3484 71.3368 3 3 0 1 0.7681 1 1 0 0.0000 0.0000
1 103.8039 134.0234 2 3 0 0 0.8893 0 1 0 0.0000 0.0000
1 100.3058 142.8041 2 2 0 1 0.7424 1 1 0 0.0000 0.0000
1 78.1565 106.1586 1 3 0 0 1.2657 0 1 0 0.0000 0.0000
1 103.4156 75.8864 3 2 0 0 0.8412 0 1 0 0.0000 0.0000
1 58.4333 101.9441 1 1 0 1 0.9499 1 1 0 0.0000 0.0000
1 104.5617 56.6949 3 2 0 0 1.6379 0 1 0 0.0000 0.0000
1 135.8160 105.1594 4 4 0 1 0.5359 1 1 0 0.0000 0.0000
1 99.2808 114.3206 2 2 0 1 3.3410 1 1 0 0.0000 0.0000
2 100.6883 64.5680 3 2 0 0 3.2902 0 1 0 0.0000 0.0000
2 121.3137 98.8788 4 4 0 1 0.8654 1 1 0 0.0000 0.0000
2 88.0723 90.5523 3 3 0 1 1.1674 1 1 0 0.0000 0.0000
2 109.8880 115.3438 2 2 0 1 1.5248 1 1 0 0.0000 0.0000
2 96.9975 144.9041 2 3 0 0 1.2357 0 1 0 0.0000 0.0000
2 103.7841 117.2437 2 2 0 1 0.7305 1 1 0 0.0000 0.0000
2 85.5099 78.3823 3 3 0 1 0.9477 1 1 0 0.0000 0.0000
2 104.8673 128.2429 2 2 0 1 0.8036 1 1 0 0.0000 0.0000
2 132.6607 101.5893 4 4 0 1 0.6868 1 1 0 0.0000 0.0000
2 53.2597 97.6524 1 1 0 1 0.6003 1 1 0 0.0000 0.0000
2 64.4745 77.5333 1 1 0 1 0.5587 1 1 0 0.0000 0.0000
2 106.2040 62.1277 3 2 0 0 2.5326 0 1 0 0.0000 0.0000
2 110.4685 121.2093 2 3 0 0 1.1311 0 1 0 0.0000 0.0000
2 136.6758 89.3931 4 4 0 1 0.3979 1 1 0 0.0000 0.0000
2 100.1930 132.4558 2 2 0 1 3.5505 1 1 0 0.0000 0.0000
2 101.1719 119.2859 2 2 0 1 0.8161 1 1 0 0.0000 0.0000
2 103.8987 52.9844 3 3 0 1 1.0837 1 1 0 0.0000 0.0000
2 71.6742 104.6640 1 1 0 1 0.9429 1 1 0 0.0000 0.0000
2 115.4950 102.4642 4 2 0 0 1.3905 0 1 0 0.0000 0.0000
2 114.0655 154.3119 2 2 0 1 1.9452 1 1 0 0.0000 0.0000
2 92.9179 131.8423 2 3 0 0 0.6589 0 1 0 0.0000 0.0000
2 62.8468 102.1042 1 1 0 1 0.7948 1 1 0 0.0000 0.0000
2 121.2142 99.1859 4 4 0 1 1.2704 1 1 0 0.0000 0.0000
2 104.7658 137.1957 2 2 0 1 1.8575 1 1 0 0.0000 0.0000
2 91.3928 137.1108 2 3 0 0 0.8599 0 1 0 0.0000 0.0000
2 119.8556 94.2118 4 4 0 1 0.8883 1 1 0 0.0000 0.0000
2 63.6886 99.3253 1 1 0 1 0.8551 1 1 0 0.0000 0.0000
2 97.4285 121.9249 2 3 0 0 2.0050 0 1 0 0.0000 0.0000
2 93.3909 63.3240 3 2 0 0 1.0393 0 1 0 0.0000 0.0000
2 79.8961 81.1035 3 3 0 1 1.6169 1 1 0 0.0000 0.0000
2 138.9301 102.8864 4 4 0 1 0.8333 1 1 0 0.0000 0.0000
2 110.4730 86.6673 3 4 0 0 0.4629 0 1 0 0.0000 0.0000
2 127.0373 102.5313 4 4 0 1 0.4829 1 1 0 0.0000 0.0000
2 62.3993 88.2892 1 1 0 1 1.1583 1 1 0 0.0000 0.0000
2 98.2771 121.0598 2 2 0 1 1.1649 1 1 0 0.0000 0.0000
2 113.0652 114.0933 2 4 0 0 1.0572 0 1 0 0.0000 0.0000
2 86.6962 51.7089 3 3 0 1 2.0211 1 1 0 0.0000 0.0000
2 56.6860 103.5982 1 1 0 1 0.4951 1 1 0 0.0000 0.0000
2 138.1050 78.6352 4 4 0 1 0.8512 1 1 0 0.0000 0.0000
2 57.3956 106.8825 1 1 0 1 0.7510 1 1 0 0.0000 0.0000
2 137.7972 100.4247 4 4 0 1 0.6170 1 1 0 0.0000 0.0000
2 63.4817 91.5669 1 1 0 1 1.0882 1 1 0 0.0000 0.0000
2 69.6821 91.3549 1 1 0 1 0.7378 1 1 0 0.0000 0.0000
2 74.4528 101.6761 1 1 0 1 0.6826 1 1 0 0.0000 0.0000
2 64.1784 95.8536 1 1 0 1 0.7705 1 1 0 0.0000 0.0000
2 89.3754 80.2530 3 3 0 1 1.6933 1 1 0 0.0000 0.0000
2 109.2525 147.8820 2 2 0 1 1.0241 1 1 0 0.0000 0.0000
2 135.9208 94.1744 4 4 0 1 0.6112 1 1 0 0.0000 0.0000
2 103.5842 78.5183 3 2 0 0 1.6752 0 1 0 0.0000 0.0000
2 121.7999 103.9522 4 4 0 1 0.6060 1 1 0 0.0000 0.0000
2 131.6035 100.0489 4 4 0 1 0.5176 1 1 0 0.0000 0.0000
2 63.0102 111.5537 1 1 0 1 0.7940 1 1 0 0.0000 0.0000
2 67.0555 109.5032 1 1 0 1 0.5172 1 1 0 0.0000 0.0000
2 110.8904 77.7991 3 2 0 0 2.2802 0 1 0 0.0000 0.0000
2 87.5448 133.7851 2 3 0 0 1.2258 0 1 0 0.0000 0.0000
2 95.6192 81.2971 3 2 0 0 0.8471 0 1 0 0.0000 0.0000
2 116.9702 92.0839 4 2 0 0 1.4030 0 1 0 0.0000 0.0000
2 135.3313 94.3023 4 4 0 1 0.9981 1 1 0 0.0000 0.0000
2 105.8389 59.3266 3 2 0 0 2.1513 0 1 0 0.0000 0.0000
2 118.2760 134.3861 2 4 0 0 0.7753 0 1 0 0.0000 0.0000
2 70.9801 97.4984 1 1 0 1 0.8680 1 1 0 0.0000 0.0000
2 99.8400 81.4098 3 3 0 1 1.6352 1 1 0 0.0000 0.0000
2 125.7579 107.7674 4 4 0 1 0.9332 1 1 0 0.0000 0.0000
2 74.0738 99.6458 1 1 0 1 0.8524 1 1 0 0.0000 0.0000
2 98.2988 66.6219 3 3 0 1 1.3004 1 1 0 0.0000 0.0000
2 129.4118 107.4261 4 4 0 1 0.6063 1 1 0 0.0000 0.0000
2 82.4519 94.3090 1 3 0 0 0.9804 0 1 0 0.0000 0.0000
2 124.4760 113.3694 4 4 0 1 0.7867 1 1 0 0.0000 0.0000
2 131.4001 98.8049 4 4 0 1 0.9430 1 1 0 0.0000 0.0000
2 67.3771 101.2090 1 1 0 1 0.8150 1 1 0 0.0000 0.0000
2 105.2155 124.7106 2 2 0 1 1.9629 1 1 0 0.0000 0.0000
2 98.0313 85.9155 3 3 0 1 1.2414 1 1 0 0.0000 0.0000
2 136.1853 96.6623 4 4 0 1 0.7057 1 1 0 0.0000 0.0000
2 91.6651 129.7944 2 3 0 0 2.1069 0 1 0 0.0000 0.0000
2 98.4734 67.9758 3 2 0 0 1.1597 0 1 0 0.0000 0.0000
2 124.0074 108.1929 4 4 0 1 0.7009 1 1 0 0.0000 0.0000
2 93.0651 64.7039 3 2 0 0 1.3180 0 1 0 0.0000 0.0000
2 92.9046 122.1020 2 2 0 1 1.1852 1 1 0 0.0000 0.0000
2 142.5256 91.5844 4 4 0 1 0.6959 1 1 0 0.0000 0.0000
2 64.3651 104.8376 1 1 0 1 0.6427 1 1 0 0.0000 0.0000
2 91.8422 58.5898 3 1 0 0 1.2103 0 1 0 0.0000 0.0000
2 128.9701 121.7062 4 4 0 1 0.9759 1 1 0 0.0000 0.0000
2 69.9645 86.5683 1 2 0 0 1.8554 0 1 0 0.0000 0.0000
2 95.1936 94.8259 3 3 0 1 1.8459 1 1 0 0.0000 0.0000
2 129.2654 80.7698 4 4 0 1 0.7658 1 1 0 0.0000 0.0000
2 105.2905 110.1930 2 4 0 0 1.0326 0 1 0 0.0000 0.0000
2 120.2600 88.8269 4 4 0 1 0.6689 1 1 0 0.0000 0.0000
2 77.0428 103.0216 1 3 0 0 2.1172 0 1 0 0.0000 0.0000
2 102.0303 55.2700 3 2 0 0 1.9868 0 1 0 0.0000 0.0000
2 74.1213 97.4802 1 3 0 0 7.7821 0 1 0 0.0000 0.0000
2 65.2718 109.8442 1 1 0 1 1.7491 1 1 0 0.0000 0.0000
2 116.6820 143.1406 2 4 0 0 1.2431 0 1 0 0.0000 0.0000
2 66.9838 90.4158 1 3 0 0 1.8650 0 1 0 0.0000 0.0000
2 101.3815 73.0170 3 4 0 0 0.9125 0 1 0 0.0000 0.0000
2 91.9341 128.1148 2 2 0 1 1.6322 1 1 0 0.0000 0.0000
2 64.7903 77.3709 1 1 0 1 0.8182 1 1 0 0.0000 0.0000
2 95.9064 128.1414 2 2 0 1 1.0705 1 1 0 0.0000 0.0000
2 83.8468 132.1807 2 2 0 1 1.2169 1 1 0 0.0000 0.0000
2 103.0627 66.6268 3 3 0 1 1.1417 1 1 0 0.0000 0.0000
2 113.3018 55.9921 3 3 0 1 1.0001 1 1 0 0.0000 0.0000
3 80.1687 102.4136 1 3 0 0 2.0263 0 1 0 0.0000 0.0000
3 90.7274 115.0446 2 2 0 1 1.3147 1 1 0 0.0000 0.0000
3 73.9319 114.8849 1 1 0 1 1.3691 1 1 0 0.0000 0.0000
3 134.4524 99.3927 4 4 0 1 2.2094 1 1 0 0.0000 0.0000
3 92.0560 65.2067 3 3 0 1 2.8798 1 1 0 0.0000 0.0000
3 127.7061 107.1893 4 4 0 1 1.5026 1 1 0 0.0000 0.0000
3 95.0812 129.7580 2 2 0 1 1.5945 1 1 0 0.0000 0.0000
3 102.1550 55.7520 3 3 0 1 1.2889 1 1 0 0.0000 0.0000
3 76.2416 107.6445 1 1 0 1 1.3433 1 1 0 0.0000 0.0000
3 140.9303 83.2723 4 4 0 1 1.0789 1 1 0 0.0000 0.0000
3 75.4131 94.6944 1 1 0 1 1.2237 1 1 0 0.0000 0.0000
3 111.8528 115.5680 2 2 0 1 1.2596 1 1 0 0.0000 0.0000
3 60.5538 97.4907 1 1 0 1 1.0097 1 1 0 0.0000 0.0000
3 66.1666 70.6993 1 1 0 1 1.0088 1 1 0 0.0000 0.0000
3 105.9622 87.7261 3 3 0 1 1.3760 1 1 0 0.0000 0.0000
3 111.3216 66.9400 3 3 0 1 1.7203 1 1 0 0.0000 0.0000
3 105.3690 62.3515 3 3 0 1 1.3372 1 1 0 0.0000 0.0000
3 145.5079 105.0925 4 4 0 1 1.2007 1 1 0 0.0000 0.0000
3 90.9210 64.4163 3 3 0 1 1.0762 1 1 0 0.0000 0.0000
3 140.8232 100.9438 4 4 0 1 1.0611 1 1 0 0.0000 0.0000
3 63.8999 101.5863 1 1 0 1 1.1094 1 1 0 0.0000 0.0000
3 59.3703 85.0339 1 1 0 1 1.0794 1 1 0 0.0000 0.0000
3 80.4441 103.3211 1 1 0 1 1.1442 1 1 0 0.0000 0.0000
3 109.0777 102.4331 4 2 0 0 2.7464 0 1 0 0.0000 0.0000
3 101.9112 68.7101 3 3 0 1 1.1429 1 1 0 0.0000 0.0000
3 108.4486 68.6553 3 3 0 1 1.0816 1 1 0 0.0000 0.0000
3 117.5010 78.0190 3 3 0 1 1.1460 1 1 0 0.0000 0.0000
3 126.8054 79.3947 4 4 0 1 1.0048 1 1 0 0.0000 0.0000
3 129.6642 100.7962 4 4 0 1 0.8755 1 1 0 0.0000 0.0000
3 83.5518 92.8667 1 1 0 1 2.1994 1 1 0 0.0000 0.0000
3 91.6975 118.6216 2 2 0 1 1.6538 1 1 0 0.0000 0.0000
3 113.9239 134.0780 2 2 0 1 1.2374 1 1 0 0.0000 0.0000
3 109.2279 139.7944 2 2 0 1 0.9543 1 1 0 0.0000 0.0000
3 121.9180 85.3120 4 2 0 0 1.1274 0 1 0 0.0000 0.0000
3 94.5770 65.3457 3 3 0 1 1.4337 1 1 0 0.0000 0.0000
3 65.6660 89.5178 1 1 0 1 0.9317 1 1 0 0.0000 0.0000
3 95.5324 124.7046 2 2 0 1 1.1537 1 1 0 0.0000 0.0000
3 77.0293 88.6312 1 1 0 1 1.0765 1 1 0 0.0000 0.0000
3 114.2944 103.6657 4 3 0 0 2.5492 0 1 0 0.0000 0.0000
3 146.5705 88.5627 4 4 0 1 1.3168 1 1 0 0.0000 0.0000
3 126.7152 117.4950 4 3 0 0 5.1154 0 1 0 0.0000 0.0000
3 90.2632 82.8812 3 3 0 1 1.8067 1 1 0 0.0000 0.0000
3 107.2683 82.1691 3 3 0 1 2.0506 1 1 0 0.0000 0.0000
3 109.8450 73.7830 3 3 0 1 1.0210 1 1 0 0.0000 0.0000
3 80.5136 110.9438 1 1 0 1 1.5810 1 1 0 0.0000 0.0000
3 116.6119 107.6445 4 4 0 1 4.3317 1 1 0 0.0000 0.0000
3 128.0954 100.7774 4 4 0 1 1.2969 1 1 0 0.0000 0.0000
3 100.6753 135.6078 2 2 0 1 1.4949 1 1 0 0.0000 0.0000
3 120.2761 123.7163 2 4 0 0 1.0421 0 1 0 0.0000 0.0000
3 118.4548 107.2515 4 4 0 1 1.3456 1 1 0 0.0000 0.0000
3 81.3311 81.8530 1 1 0 1 1.0648 1 1 0 0.0000 0.0000
3 90.9566 126.3451 2 2 0 1 1.7695 1 1 0 0.0000 0.0000
3 112.2636 78.2404 3 3 0 1 1.1007 1 1 0 0.0000 0.0000
3 95.8491 76.6500 3 3 0 1 1.2618 1 1 0 0.0000 0.0000
3 101.5083 136.7463 2 2 0 1 1.0271 1 1 0 0.0000 0.0000
3 82.7853 71.5963 3 1 0 0 1.0907 0 1 0 0.0000 0.0000
3 93.2724 118.2552 2 2 0 1 1.4922 1 1 0 0.0000 0.0000
3 85.7585 122.9180 2 2 0 1 1.1849 1 1 0 0.0000 0.0000
3 91.6309 131.5931 2 2 0 1 0.9334 1 1 0 0.0000 0.0000
3 92.9462 88.1557 3 3 0 1 1.2025 1 1 0 0.0000 0.0000
3 140.3759 105.7105 4 4 0 1 1.3841 1 1 0 0.0000 0.0000
3 135.3254 107.9271 4 4 0 1 1.0248 1 1 0 0.0000 0.0000
3 100.4068 124.7725 2 2 0 1 2.4344 1 1 0 0.0000 0.0000
3 106.3317 61.3886 3 3 0 1 1.0629 1 1 0 0.0000 0.0000
3 104.8418 64.5808 3 3 0 1 1.5912 1 1 0 0.0000 0.0000
3 99.3557 122.9250 2 2 0 1 1.1419 1 1 0 0.0000 0.0000
3 91.9709 124.1509 2 2 0 1 0.8888 1 1 0 0.0000 0.0000
3 126.1796 107.6207 4 4 0 1 1.1882 1 1 0 0.0000 0.0000
3 67.6983 96.7664 1 1 0 1 0.9368 1 1 0 0.0000 0.0000
3 113.1897 81.5377 4 3 0 0 1.1583 0 1 0 0.0000 0.0000
3 77.3297 102.7611 1 1 0 1 1.7066 1 1 0 0.0000 0.0000
3 115.3325 116.7625 2 2 0 1 1.5318 1 1 0 0.0000 0.0000
3 71.1015 89.3096 1 1 0 1 1.4645 1 1 0 0.0000 0.0000
3 101.9270 124.9169 2 2 0 1 1.2033 1 1 0 0.0000 0.0000
3 131.5554 93.7477 4 4 0 1 1.2709 1 1 0 0.0000 0.0000
3 143.6517 112.9284 4 4 0 1 1.0361 1 1 0 0.0000 0.0000
3 100.5643 73.9713 3 3 0 1 1.2448 1 1 0 0.0000 0.0000
3 102.5619 50.8807 3 3 0 1 1.3780 1 1 0 0.0000 0.0000
3 70.7232 116.5256 1 1 0 1 1.1944 1 1 0 0.0000 0.0000
3 92.0338 75.2069 3 3 0 1 1.7903 1 1 0 0.0000 0.0000
3 144.1202 106.3873 4 4 0 1 0.9611 1 1 0 0.0000 0.0000
3 96.5532 70.7419 3 3 0 1 1.2151 1 1 0 0.0000 0.0000
3 95.0387 77.2566 3 3 0 1 0.9955 1 1 0 0.0000 0.0000
3 73.3303 105.7902 1 1 0 1 1.1062 1 1 0 0.0000 0.0000
3 64.6998 97.2169 1 1 0 1 1.0282 1 1 0 0.0000 0.0000
3 82.0931 84.7054 1 3 0 0 1.6838 0 1 0 0.0000 0.0000
3 127.9187 108.3813 4 4 0 1 1.0921 1 1 0 0.0000 0.0000
3 96.8514 93.5220 1 3 0 0 1.3661 0 1 0 0.0000 0.0000
3 86.3858 114.7453 1 2 0 0 1.3101 0 1 0 0.0000 0.0000
3 87.3270 119.1106 2 2 0 1 1.3009 1 1 0 0.0000 0.0000
3 111.5165 115.1448 2 4 0 0 1.1792 0 1 0 0.0000 0.0000
3 79.9215 80.1434 1 1 0 1 1.7591 1 1 0 0.0000 0.0000
3 87.7432 121.7098 2 1 0 0 1.0735 0 1 0 0.0000 0.0000
3 108.1576 121.1709 2 2 0 1 1.5543 1 1 0 0.0000 0.0000
3 64.7926 86.6726 1 1 0 1 1.8071 1 1 0 0.0000 0.0000
3 123.1753 102.4976 4 4 0 1 0.8986 1 1 0 0.0000 0.0000
3 125.0165 87.0374 4 4 0 1 0.8475 1 1 0 0.0000 0.0000
3 102.7899 116.4195 2 3 0 0 2.0586 0 1 0 0.0000 0.0000
3 108.6715 117.6680 2 2 0 1 2.3089 1 1 0 0.0000 0.0000
3 95.9689 62.9362 3 3 0 1 1.3174 1 1 0 0.0000 0.0000
4 99.2885 68.1986 3 3 3 1 1.8824 1 0 0 0.0000 0.0000
4 97.3481 129.1895 2 2 4 1 1.2816 0 0 0 0.0000 0.0000
4 114.6830 141.2372 2 2 2 1 2.2316 1 0 0 0.0000 0.0000
4 92.5878 154.2830 2 2 4 1 0.9559 0 0 0 0.0000 0.0000
4 124.8026 92.4396 4 4 2 1 1.6255 0 0 0 0.0000 0.0000
4 110.5923 67.3542 3 3 4 1 1.0007 0 0 0 0.0000 0.0000
4 104.2406 138.9003 2 2 4 1 1.3511 0 0 0 0.0000 0.0000
4 123.0373 92.7710 4 4 1 1 1.4398 0 0 0 0.0000 0.0000
4 88.9110 106.8961 1 3 2 0 1.3226 0 0 0 0.0000 0.0000
4 112.8350 144.2134 2 3 1 0 1.9065 0 0 0 0.0000 0.0000
4 113.6511 134.4659 2 4 4 0 1.9769 1 0 0 0.0000 0.0000
4 98.0211 135.4689 2 4 1 0 1.0801 0 0 0 0.0000 0.0000
4 74.0931 102.4500 1 1 1 1 1.0861 1 0 0 0.0000 0.0000
4 109.0160 110.1222 4 4 2 1 0.8565 0 0 0 0.0000 0.0000
4 71.0679 87.6457 1 1 4 1 0.6928 0 0 0 0.0000 0.0000
4 91.9586 81.3687 3 1 4 0 2.1896 0 0 0 0.0000 0.0000
4 101.1053 71.3264 3 3 1 1 1.0436 0 0 0 0.0000 0.0000
4 111.1157 67.1623 3 4 4 0 0.9799 1 0 0 0.0000 0.0000
4 113.7347 110.0741 4 4 2 1 0.9795 0 0 0 0.0000 0.0000
4 73.5563 72.2028 3 1 4 0 1.3467 0 0 0 0.0000 0.0000
4 98.2208 65.4573 3 3 3 1 2.6029 1 0 0 0.0000 0.0000
4 93.3562 125.6489 2 2 3 1 1.2522 0 0 0 0.0000 0.0000
4 77.5715 109.9897 1 1 2 1 0.8582 0 0 0 0.0000 0.0000
4 105.4858 142.3728 2 3 3 0 1.4154 1 0 0 0.0000 0.0000
4 70.1847 112.6640 1 2 1 0 1.9849 0 0 0 0.0000 0.0000
4 114.9372 130.4124 2 4 4 0 1.1617 1 0 0 0.0000 0.0000
4 99.5317 110.2907 2 3 3 0 1.5696 1 0 0 0.0000 0.0000
4 51.4384 108.5347 1 1 1 1 0.8548 1 0 0 0.0000 0.0000
4 105.3527 58.0847 3 3 1 1 0.8825 0 0 0 0.0000 0.0000
4 132.4578 93.5496 4 4 2 1 1.0067 0 0 0 0.0000 0.0000
4 65.6183 91.4331 1 1 3 1 0.7368 0 0 0 0.0000 0.0000
4 68.5902 111.2368 1 1 4 1 0.5871 0 0 0 0.0000 0.0000
4 110.2706 135.7376 2 2 2 1 8.8004 1 0 0 0.0000 0.0000
4 107.3375 146.0332 2 2 2 1 1.4634 1 0 0 0.0000 0.0000
4 94.4813 130.1834 2 3 4 0 1.3946 0 0 0 0.0000 0.0000
4 106.7931 73.1952 3 3 3 1 0.9714 1 0 0 0.0000 0.0000
4 149.8503 85.6629 4 4 2 1 0.7129 0 0 0 0.0000 0.0000
4 122.1670 87.2851 4 4 2 1 1.2489 0 0 0 0.0000 0.0000
4 105.3467 81.1106 3 4 4 0 0.4233 1 0 0 0.0000 0.0000
4 92.5923 132.0602 2 4 3 0 0.5196 0 0 0 0.0000 0.0000
4 90.7604 118.0055 2 4 1 0 0.6348 0 0 0 0.0000 0.0000
4 126.2479 93.8255 4 4 2 1 0.5777 0 0 0 0.0000 0.0000
4 102.0468 85.1780 3 4 1 0 0.8708 0 0 0 0.0000 0.0000
4 79.8248 110.0313 1 2 3 0 2.8994 0 0 0 0.0000 0.0000
4 143.4742 104.9102 4 4 4 1 0.8043 1 0 0 0.0000 0.0000
4 101.4158 66.0176 3 3 2 1 1.0711 0 0 0 0.0000 0.0000
4 108.8790 128.9527 2 2 1 1 0.9442 0 0 0 0.0000 0.0000
4 120.2365 105.3651 4 4 4 1 0.5131 1 0 0 0.0000 0.0000
4 76.3090 94.5660 1 3 3 0 2.2762 1 0 0 0.0000 0.0000
4 90.7955 75.5635 3 3 3 1 1.0769 1 0 0 0.0000 0.0000
4 116.9842 121.0366 4 4 4 1 0.5653 1 0 0 0.0000 0.0000
4 149.0769 86.5169 4 4 1 1 0.6021 0 0 0 0.0000 0.0000
4 106.5160 71.4494 3 4 3 0 1.1525 0 0 0 0.0000 0.0000
4 126.2764 83.8192 4 4 4 1 0.8524 1 0 0 0.0000 0.0000
4 111.2919 71.9448 3 4 1 0 0.7853 0 0 0 0.0000 0.0000
4 119.6669 98.9626 4 4 2 1 0.6836 0 0 0 0.0000 0.0000
4 82.9756 154.2510 2 2 4 1 1.1720 0 0 0 0.0000 0.0000
4 127.2725 101.2891 4 4 1 1 1.0163 0 0 0 0.0000 0.0000
4 87.6885 64.6841 3 3 3 1 1.9635 1 0 0 0.0000 0.0000
4 79.9131 104.8711 1 3 3 0 1.7311 1 0 0 0.0000 0.0000
4 94.1701 78.6328 3 3 2 1 0.9011 0 0 0 0.0000 0.0000
4 49.0672 104.1744 1 1 1 1 1.2018 1 0 0 0.0000 0.0000
4 87.6377 87.8999 1 2 2 0 1.7662 1 0 0 0.0000 0.0000
4 88.9518 121.9229 2 2 3 1 0.6503 0 0 0 0.0000 0.0000
4 131.2836 106.8547 4 4 2 1 0.8969 0 0 0 0.0000 0.0000
4 73.1696 85.1931 1 2 1 0 2.0785 0 0 0 0.0000 0.0000
4 64.4410 99.6203 1 1 2 1 1.0773 0 0 0 0.0000 0.0000
4 127.7091 94.5345 4 4 1 1 0.7264 0 0 0 0.0000 0.0000
4 100.2864 72.4270 3 3 1 1 1.5192 0 0 0 0.0000 0.0000
4 91.3367 66.3946 3 3 4 1 1.1488 0 0 0 0.0000 0.0000
4 124.6191 98.2480 4 4 3 1 0.8316 0 0 0 0.0000 0.0000
4 99.8741 116.0471 2 3 1 0 1.5788 0 0 0 0.0000 0.0000
4 55.9682 101.5119 1 1 3 1 1.2895 0 0 0 0.0000 0.0000
4 143.6140 95.9601 4 4 4 1 0.6567 1 0 0 0.0000 0.0000
4 107.1687 132.0388 2 2 4 1 1.1282 0 0 0 0.0000 0.0000
4 100.4483 55.0481 3 3 3 1 0.9870 1 0 0 0.0000 0.0000
4 117.0446 134.5159 2 2 1 1 1.6414 0 0 0 0.0000 0.0000
4 87.9524 84.3511 1 1 2 1 0.0730 0 0 0 0.0000 0.0000
4 99.0352 89.4037 3 3 4 1 1.3930 0 0 0 0.0000 0.0000
4 82.7276 60.7880 3 3 3 1 1.1153 1 0 0 0.0000 0.0000
4 94.9933 68.5995 3 3 4 1 0.9924 0 0 0 0.0000 0.0000
4 88.6888 98.2993 1 3 3 0 0.9596 1 0 0 0.0000 0.0000
4 67.4598 105.3197 1 3 3 0 1.5828 1 0 0 0.0000 0.0000
4 107.8462 71.1292 3 2 3 0 1.0690 0 0 0 0.0000 0.0000
4 100.2628 126.5816 2 2 4 1 1.2003 0 0 0 0.0000 0.0000
4 107.7094 136.7320 2 2 4 1 0.8071 0 0 0 0.0000 0.0000
4 105.5620 113.2681 2 4 4 0 0.4176 1 0 0 0.0000 0.0000
4 141.1648 118.9442 4 4 3 1 0.4839 0 0 0 0.0000 0.0000
4 75.5032 120.2016 1 3 1 0 3.1574 0 0 0 0.0000 0.0000
4 116.7106 100.2723 4 3 3 0 1.2454 1 0 0 0.0000 0.0000
4 146.6449 104.1139 4 4 2 1 1.0273 0 0 0 0.0000 0.0000
4 69.8300 103.9540 1 3 3 0 2.0681 1 0 0 0.0000 0.0000
4 71.8123 78.3524 1 3 2 0 1.0545 0 0 0 0.0000 0.0000
4 66.9476 106.2204 1 1 4 1 0.7670 0 0 0 0.0000 0.0000
4 81.7712 111.1103 1 4 3 0 1.8968 0 0 0 0.0000 0.0000
4 138.9077 109.0262 4 4 1 1 0.8796 0 0 0 0.0000 0.0000
4 63.2691 104.2814 1 3 2 0 1.5637 0 0 0 0.0000 0.0000
4 142.5410 96.0239 4 4 3 1 0.6220 0 0 0 0.0000 0.0000
4 94.2845 48.6109 3 3 4 1 3.0442 0 0 0 0.0000 0.0000
4 132.9935 87.5063 4 4 3 1 1.2871 0 0 0 0.0000 0.0000
5 121.4979 110.0468 4 3 2 0 1.4504 0 0 0 0.0000 0.0000
5 125.4987 91.7156 4 4 3 1 4.2020 0 0 0 0.0000 0.0000
5 88.5654 90.1056 1 3 1 0 1.0677 0 0 0 0.0000 0.0000
5 91.9884 65.8295 3 3 2 1 1.4357 0 0 0 0.0000 0.0000
5 113.0291 96.0229 4 3 2 0 1.6693 0 0 0 0.0000 0.0000
5 87.4036 103.1563 1 2 3 0 1.4453 0 0 0 0.0000 0.0000
5 103.3680 147.2061 2 2 2 1 1.0240 1 0 0 0.0000 0.0000
5 98.1793 69.0923 3 3 2 1 0.8480 0 0 0 0.0000 0.0000
5 137.3987 90.8951 4 4 4 1 0.6667 1 0 0 0.0000 0.0000
5 95.4788 69.3943 3 3 3 1 0.9144 1 0 0 0.0000 0.0000
5 133.6609 106.8919 4 4 3 1 0.5432 0 0 0 0.0000 0.0000
5 80.5237 83.7751 3 3 2 1 0.8835 0 0 0 0.0000 0.0000
5 54.7262 102.9481 1 1 4 1 1.0074 0 0 0 0.0000 0.0000
5 97.8026 130.4800 2 2 1 1 1.3906 0 0 0 0.0000 0.0000
5 81.9811 122.2044 2 3 4 0 0.9666 0 0 0 0.0000 0.0000
5 140.5597 95.9058 4 4 4 1 0.7886 1 0 0 0.0000 0.0000
5 85.6089 129.0267 2 3 3 0 0.9426 1 0 0 0.0000 0.0000
5 108.5905 150.0014 2 2 4 1 1.4357 0 0 0 0.0000 0.0000
5 107.2509 127.7588 2 2 3 1 1.3025 0 0 0 0.0000 0.0000
5 73.6712 95.8782 1 1 2 1 1.1820 0 0 0 0.0000 0.0000
5 106.8346 93.8795 4 3 3 0 1.0600 1 0 0 0.0000 0.0000
5 97.5037 109.7229 2 3 4 0 0.9331 0 0 0 0.0000 0.0000
5 103.7433 91.3476 4 3 1 0 1.2675 0 0 0 0.0000 0.0000
5 105.4727 122.0417 2 2 2 1 0.9887 1 0 0 0.0000 0.0000
5 97.7604 139.6673 2 2 4 1 0.8903 0 0 0 0.0000 0.0000
5 96.0057 70.3104 3 3 1 1 1.0635 0 0 0 0.0000 0.0000
5 133.5203 113.6583 4 4 2 1 0.8239 0 0 0 0.0000 0.0000
5 89.6707 66.7162 3 3 4 1 1.2834 0 0 0 0.0000 0.0000
5 98.4089 50.5345 3 1 4 0 1.0338 0 0 0 0.0000 0.0000
5 70.7976 95.5266 1 1 2 1 0.6343 0 0 0 0.0000 0.0000
5 90.2395 128.2253 2 1 2 0 0.7077 0 0 0 0.0000 0.0000
5 92.9690 69.1337 3 1 1 0 0.5714 1 0 0 0.0000 0.0000
5 74.2690 85.7949 1 1 4 1 0.6733 0 0 0 0.0000 0.0000
5 102.1490 115.6918 4 1 1 0 0.6169 1 0 0 0.0000 0.0000
5 103.2945 76.8177 3 3 1 1 1.0089 0 0 0 0.0000 0.0000
5 90.4349 136.3736 2 2 3 1 1.0880 0 0 0 0.0000 0.0000
5 116.1249 104.1484 4 3 1 0 0.9620 0 0 0 0.0000 0.0000
5 98.8722 73.9907 3 4 3 0 0.5599 0 0 0 0.0000 0.0000
5 88.6969 141.3633 2 2 2 1 1.1435 1 0 0 0.0000 0.0000
5 101.7032 60.1956 3 3 2 1 0.7463 0 0 0 0.0000 0.0000
5 137.4330 97.0950 4 4 4 1 0.5311 1 0 0 0.0000 0.0000
5 136.6877 95.0447 4 4 1 1 0.6479 0 0 0 0.0000 0.0000
5 58.3275 73.3529 1 1 1 1 0.8307 1 0 0 0.0000 0.0000
5 129.5553 104.7185 4 3 3 0 1.5786 1 0 0 0.0000 0.0000
5 68.4902 100.3769 1 1 1 1 0.6494 1 0 0 0.0000 0.0000
5 124.4834 113.4982 4 3 2 0 1.3965 0 0 0 0.0000 0.0000
5 98.9164 142.1705 2 2 2 1 0.9590 1 0 0 0.0000 0.0000
5 129.4991 98.6783 4 3 1 0 0.8449 0 0 0 0.0000 0.0000
5 65.5803 106.6743 1 1 4 1 0.9037 0 0 0 0.0000 0.0000
5 103.5668 102.0057 2 3 4 0 1.2216 0 0 0 0.0000 0.0000
5 140.2754 107.0743 4 4 1 1 0.6348 0 0 0 0.0000 0.0000
5 89.9558 64.8627 3 3 3 1 1.1871 1 0 0 0.0000 0.0000
5 98.0184 84.3762 3 3 1 1 1.0632 0 0 0 0.0000 0.0000
5 79.3083 92.6669 1 3 3 0 1.1300 1 0 0 0.0000 0.0000
5 150.1976 102.3980 4 4 2 1 1.1331 0 0 0 0.0000 0.0000
5 103.6137 74.1008 3 3 2 1 1.1675 0 0 0 0.0000 0.0000
5 86.0869 61.6301 3 3 4 1 1.4907 0 0 0 0.0000 0.0000
5 81.3666 54.0435 3 3 2 1 1.0222 0 0 0 0.0000 0.0000
5 77.5306 86.0670 1 2 2 0 1.6293 1 0 0 0.0000 0.0000
5 85.2607 84.4604 1 2 1 0 1.0846 0 0 0 0.0000 0.0000
5 72.5930 121.4012 1 2 2 0 0.8937 1 0 0 0.0000 0.0000
5 80.0327 125.0308 2 2 3 1 0.8417 0 0 0 0.0000 0.0000
5 107.5018 121.6098 2 3 3 0 0.9961 1 0 0 0.0000 0.0000
5 112.4084 118.7632 4 3 3 0 1.1065 1 0 0 0.0000 0.0000
5 104.3078 130.6184 2 3 3 0 0.8684 1 0 0 0.0000 0.0000
5 106.8019 73.1424 3 3 4 1 1.7280 0 0 0 0.0000 0.0000
5 93.9527 116.2486 2 2 1 1 1.0096 0 0 0 0.0000 0.0000
5 115.0339 82.6380 3 3 2 1 0.8324 0 0 0 0.0000 0.0000
5 124.0902 118.9130 4 3 2 0 1.0820 0 0 0 0.0000 0.0000
5 103.0445 133.7577 2 3 3 0 0.9067 1 0 0 0.0000 0.0000
5 75.2236 88.3775 1 2 4 0 2.5034 0 0 0 0.0000 0.0000
5 116.8400 79.5157 3 3 2 1 0.9730 0 0 0 0.0000 0.0000
5 86.8404 95.0285 3 3 3 1 1.3226 1 0 0 0.0000 0.0000
5 136.6643 105.0332 4 4 1 1 1.7293 0 0 0 0.0000 0.0000
5 99.8686 69.5788 3 3 1 1 1.2358 0 0 0 0.0000 0.0000
5 129.2816 110.8507 4 4 1 1 1.0650 0 0 0 0.0000 0.0000
5 124.8673 94.9131 4 2 4 0 1.3233 0 0 0 0.0000 0.0000
5 106.6255 68.2164 3 3 4 1 1.0425 0 0 0 0.0000 0.0000
5 133.9920 82.4607 4 2 2 0 12.9792 1 0 0 0.0000 0.0000
5 72.5890 103.3064 1 1 2 1 1.1291 0 0 0 0.0000 0.0000
5 78.0881 134.8433 2 2 4 1 6.5926 0 0 0 0.0000 0.0000
5 83.2440 87.2348 3 3 1 1 0.8739 0 0 0 0.0000 0.0000
5 116.8181 91.3350 3 3 2 1 1.2371 0 0 0 0.0000 0.0000
5 68.9197 110.3770 1 1 3 1 0.9851 0 0 0 0.0000 0.0000
5 75.9614 119.5233 1 3 4 0 1.0953 0 0 0 0.0000 0.0000
5 104.9014 118.6219 2 3 4 0 0.9845 0 0 0 0.0000 0.0000
5 73.2713 112.1859 1 3 2 0 2.9844 0 0 0 0.0000 0.0000
5 103.0292 121.9929 2 3 3 0 0.8108 1 0 0 0.0000 0.0000
5 64.0133 119.6554 1 1 3 1 0.9168 0 0 0 0.0000 0.0000
5 76.4013 95.2955 1 3 3 0 0.9291 1 0 0 0.0000 0.0000
5 57.9441 87.1006 1 3 4 0 0.8788 0 0 0 0.0000 0.0000
5 73.6090 100.0768 1 3 2 0 0.7467 0 0 0 0.0000 0.0000
5 76.1655 80.2105 1 2 1 0 1.5067 0 0 0 0.0000 0.0000
5 97.1936 128.5897 2 2 2 1 1.1179 1 0 0 0.0000 0.0000
5 111.1747 126.9010 2 2 3 1 0.9278 0 0 0 0.0000 0.0000
5 84.3613 143.2540 2 2 3 1 1.5006 0 0 0 0.0000 0.0000
5 128.3816 97.9748 4 3 1 0 1.0490 0 0 0 0.0000 0.0000
5 81.9795 108.6904 1 3 4 0 0.9209 0 0 0 0.0000 0.0000
5 56.7195 111.4643 1 1 2 1 1.1737 0 0 0 0.0000 0.0000
5 97.0638 60.2841 3 3 4 1 1.1773 0 0 0 0.0000 0.0000
6 119.9412 80.9812 3 3 2 1 1.1303 0 0 0 0.0000 0.0000
6 101.7707 60.4127 3 3 3 1 1.1067 1 0 0 0.0000 0.0000
6 99.5780 137.4124 2 2 3 1 1.5239 0 0 0 0.0000 0.0000
6 123.5472 93.8877 4 4 2 1 1.2482 0 0 0 0.0000 0.0000
6 101.3003 118.2468 2 2 1 1 1.0303 0 0 0 0.0000 0.0000
6 116.0171 54.0204 3 3 1 1 0.9495 0 0 0 0.0000 0.0000
6 133.3841 95.1198 4 4 2 1 0.9786 0 0 0 0.0000 0.0000
6 93.8110 81.9111 3 3 4 1 0.9774 0 0 0 0.0000 0.0000
6 63.4951 112.7103 1 1 3 1 0.9109 0 0 0 0.0000 0.0000
6 102.1152 59.2238 3 3 3 1 1.0034 1 0 0 0.0000 0.0000
6 118.0005 110.7687 4 2 4 0 1.3217 0 0 0 0.0000 0.0000
6 113.2000 100.1867 4 3 1 0 2.0641 0 0 0 0.0000 0.0000
6 111.7934 125.1150 2 2 2 1 1.9304 1 0 0 0.0000 0.0000
6 105.3469 62.1127 3 3 2 1 0.9765 0 0 0 0.0000 0.0000
6 71.1468 98.6645 1 1 1 1 1.3428 1 0 0 0.0000 0.0000
6 94.4389 74.6188 3 3 4 1 0.8700 0 0 0 0.0000 0.0000
6 77.5743 106.8028 1 2 1 0 1.1064 0 0 0 0.0000 0.0000
6 99.0396 118.4244 2 3 2 0 0.8515 0 0 0 0.0000 0.0000
6 126.1289 115.0799 4 4 3 1 1.3923 0 0 0 0.0000 0.0000
6 133.6424 103.4671 4 2 1 0 1.9950 0 0 0 0.0000 0.0000
6 116.9347 101.9188 4 3 1 0 8.2748 0 0 0 0.0000 0.0000
6 80.3630 107.5832 1 1 4 1 1.1797 0 0 0 0.0000 0.0000
6 74.8396 110.4062 1 2 2 0 1.3273 1 0 0 0.0000 0.0000
6 127.5453 108.7529 4 4 4 1 1.5420 1 0 0 0.0000 0.0000
6 79.5867 92.3888 1 2 4 0 1.3149 0 0 0 0.0000 0.0000
6 132.5168 79.3665 4 4 1 1 1.1776 0 0 0 0.0000 0.0000
6 89.2050 134.1374 2 2 1 1 1.2295 0 0 0 0.0000 0.0000
6 107.7596 101.6084 4 3 2 0 1.3144 0 0 0 0.0000 0.0000
6 64.8705 105.0281 1 1 2 1 4.0570 0 0 0 0.0000 0.0000
6 125.8238 82.1636 4 3 1 0 7.9904 0 0 0 0.0000 0.0000
6 84.9633 129.4892 2 2 2 1 1.1618 1 0 0 0.0000 0.0000
6 119.7651 117.6533 2 3 4 0 1.1797 0 0 0 0.0000 0.0000
6 84.6467 111.4268 1 2 3 0 1.2801 0 0 0 0.0000 0.0000
6 91.4105 93.8808 3 3 1 1 1.2381 0 0 0 0.0000 0.0000
6 110.0655 62.6440 3 3 1 1 1.6272 0 0 0 0.0000 0.0000
6 112.9909 56.6666 3 3 4 1 1.7540 0 0 0 0.0000 0.0000
6 125.3780 93.6617 4 2 4 0 1.2136 0 0 0 0.0000 0.0000
6 132.7261 92.5790 4 3 2 0 0.8976 0 0 0 0.0000 0.0000
6 133.9500 86.6055 4 2 2 0 0.9259 1 0 0 0.0000 0.0000
6 78.2750 98.0735 1 1 2 1 1.0347 0 0 0 0.0000 0.0000
6 94.9039 108.7768 2 3 4 0 1.0986 0 0 0 0.0000 0.0000
6 127.8129 85.9738 4 2 1 0 0.9711 0 0 0 0.0000 0.0000
6 70.0570 97.8239 1 1 3 1 0.8566 0 0 0 0.0000 0.0000
6 107.9754 122.2757 2 3 1 0 0.8039 0 0 0 0.0000 0.0000
6 107.7046 80.5418 3 2 4 0 0.7341 0 0 0 0.0000 0.0000
6 69.5087 113.4943 1 1 2 1 0.8537 0 0 0 0.0000 0.0000
6 134.6526 106.7230 4 4 2 1 1.2173 0 0 0 0.0000 0.0000
6 139.6484 97.5681 4 3 1 0 1.2550 0 0 0 0.0000 0.0000
6 91.5153 109.5289 2 2 3 1 1.0513 0 0 0 0.0000 0.0000
6 102.9579 73.3276 3 3 4 1 0.8749 0 0 0 0.0000 0.0000
6 131.3731 96.3049 4 4 1 1 1.5260 0 0 0 0.0000 0.0000
6 88.9286 109.5578 2 2 1 1 1.2028 0 0 0 0.0000 0.0000
6 68.2180 104.2906 1 1 1 1 0.9836 1 0 0 0.0000 0.0000
6 103.7936 74.4077 3 3 1 1 0.9504 0 0 0 0.0000 0.0000
6 72.0866 111.0079 1 2 3 0 0.9168 0 0 0 0.0000 0.0000
6 71.8706 91.0002 1 1 1 1 1.2334 1 0 0 0.0000 0.0000
6 79.5622 79.5091 3 1 3 0 0.7751 0 0 0 0.0000 0.0000
6 108.9143 79.3603 3 3 3 1 1.0566 1 0 0 0.0000 0.0000
6 114.5423 65.2524 3 2 4 0 1.0263 0 0 0 0.0000 0.0000
6 65.4832 111.9926 1 1 2 1 1.2340 0 0 0 0.0000 0.0000
6 105.3890 122.3535 2 3 2 0 1.6393 0 0 0 0.0000 0.0000
6 78.0756 96.2654 1 1 3 1 0.8073 0 0 0 0.0000 0.0000
6 93.1776 65.4764 3 1 1 0 2.7864 1 0 0 0.0000 0.0000
6 77.6529 103.1860 1 2 2 0 4.3027 1 0 0 0.0000 0.0000
6 78.1628 109.6438 1 1 3 1 2.1547 0 0 0 0.0000 0.0000
6 114.5281 61.5265 3 3 3 1 1.1748 1 0 0 0.0000 0.0000
6 100.4535 75.4099 3 2 4 0 1.4823 0 0 0 0.0000 0.0000
6 62.6681 107.7355 1 1 1 1 1.0939 1 0 0 0.0000 0.0000
6 100.1202 137.3844 2 3 1 0 1.5275 0 0 0 0.0000 0.0000
6 86.1985 132.7623 2 2 2 1 1.2202 1 0 0 0.0000 0.0000
6 133.3195 99.7161 4 4 4 1 1.4010 1 0 0 0.0000 0.0000
6 103.8216 160.6784 2 2 3 1 1.9557 0 0 0 0.0000 0.0000
6 97.0720 123.3270 2 2 1 1 1.4989 0 0 0 0.0000 0.0000
6 107.8802 133.4480 2 2 3 1 1.0944 0 0 0 0.0000 0.0000
6 108.7611 66.5369 3 3 4 1 0.9677 0 0 0 0.0000 0.0000
6 98.4903 82.6266 3 3 1 1 1.0312 0 0 0 0.0000 0.0000
6 101.8314 70.9860 3 3 2 1 3.2563 0 0 0 0.0000 0.0000
6 84.0640 104.1338 1 3 4 0 1.2344 0 0 0 0.0000 0.0000
6 91.8763 91.1651 1 2 1 0 0.8552 0 0 0 0.0000 0.0000
6 109.2990 94.7243 4 2 1 0 1.0268 0 0 0 0.0000 0.0000
6 92.8701 115.4010 2 2 1 1 1.2502 0 0 0 0.0000 0.0000
6 134.5390 105.2827 4 4 3 1 1.0150 0 0 0 0.0000 0.0000
6 110.7196 116.0871 2 3 4 0 0.9822 0 0 0 0.0000 0.0000
6 107.6510 124.9763 2 2 1 1 1.2681 0 0 0 0.0000 0.0000
6 75.9152 124.9741 1 1 4 1 0.8738 0 0 0 0.0000 0.0000
6 64.0041 91.5645 1 1 2 1 1.2369 0 0 0 0.0000 0.0000
6 69.1136 108.5233 1 3 3 0 2.1031 1 0 0 0.0000 0.0000
6 131.7155 99.7142 4 1 1 0 14.2119 1 0 0 0.0000 0.0000
6 139.5657 102.7081 4 3 3 0 1.0099 1 0 0 0.0000 0.0000
6 110.4528 128.4331 2 4 3 0 0.8335 0 0 0 0.0000 0.0000
6 89.4633 121.3259 2 2 4 1 0.6194 0 0 0 0.0000 0.0000
6 106.3990 126.8403 2 3 2 0 2.6586 0 0 0 0.0000 0.0000
6 110.4242 97.2032 4 1 1 0 1.0570 1 0 0 0.0000 0.0000
6 61.1240 86.3064 1 1 3 1 0.7461 0 0 0 0.0000 0.0000
6 104.7057 119.4283 2 1 3 0 1.0845 0 0 0 0.0000 0.0000
6 80.6127 64.8003 3 1 4 0 0.7201 0 0 0 0.0000 0.0000
6 103.6479 80.3249 3 1 3 0 0.4909 0 0 0 0.0000 0.0000
6 106.9555 129.7324 2 1 4 0 0.4301 0 0 0 0.0000 0.0000
6 109.4239 76.8451 3 1 2 0 0.2561 0 0 0 0.0000 0.0000
6 148.4004 105.7397 4 1 4 0 0.3648 0 0 0 0.0000 0.0000
7 80.1447 103.8121 1 3 0 0 1.8663 0 1 0 0.0000 0.0000
7 121.1033 94.5771 4 2 0 0 1.1899 0 1 0 0.0000 0.0000
7 98.6420 67.0848 3 1 0 0 0.5691 0 1 0 0.0000 0.0000
7 63.8414 99.9808 1 1 0 1 0.9267 1 1 0 0.0000 0.0000
7 107.4894 67.7759 3 3 0 1 0.8974 1 1 0 0.0000 0.0000
7 136.2692 109.1555 4 4 0 1 0.5798 1 1 0 0.0000 0.0000
7 101.5874 128.6738 2 2 0 1 1.0034 1 1 0 0.0000 0.0000
7 122.0819 84.6832 4 3 0 0 0.8746 0 1 0 0.0000 0.0000
7 89.2490 78.6219 3 3 0 1 1.6857 1 1 0 0.0000 0.0000
7 112.8966 126.8406 2 2 0 1 0.9501 1 1 0 0.0000 0.0000
7 92.7225 150.3744 2 2 0 1 1.0277 1 1 0 0.0000 0.0000
7 75.6848 119.7178 1 1 0 1 1.2032 1 1 0 0.0000 0.0000
7 83.6900 97.7592 1 3 0 0 2.3123 0 1 0 0.0000 0.0000
7 82.9178 60.6965 3 3 0 1 1.2571 1 1 0 0.0000 0.0000
7 84.6675 102.7472 1 2 0 0 1.1507 0 1 0 0.0000 0.0000
7 71.0004 111.1560 1 1 0 1 1.1375 1 1 0 0.0000 0.0000
7 120.7779 94.1121 4 4 0 1 0.6599 1 1 0 0.0000 0.0000
7 154.9917 97.4097 4 4 0 1 0.4430 1 1 0 0.0000 0.0000
7 150.6347 101.2032 4 4 0 1 0.4118 1 1 0 0.0000 0.0000
7 115.6346 88.5311 3 3 0 1 1.6439 1 1 0 0.0000 0.0000
7 100.1946 133.4809 2 2 0 1 0.9389 1 1 0 0.0000 0.0000
7 105.0474 72.4231 3 3 0 1 0.9201 1 1 0 0.0000 0.0000
7 81.7898 111.5385 2 2 0 1 1.8285 1 1 0 0.0000 0.0000
7 104.5539 75.9852 3 3 0 1 1.1298 1 1 0 0.0000 0.0000
7 96.2624 137.6255 2 2 0 1 0.8624 1 1 0 0.0000 0.0000
7 88.8389 138.9016 2 2 0 1 0.7937 1 1 0 0.0000 0.0000
7 104.4290 118.4309 2 3 0 0 1.5068 0 1 0 0.0000 0.0000
7 113.0986 110.6975 2 2 0 1 1.2948 1 1 0 0.0000 0.0000
7 96.2220 119.3550 2 2 0 1 0.8552 1 1 0 0.0000 0.0000
7 39.4733 74.9602 1 1 0 1 0.7543 1 1 0 0.0000 0.0000
7 84.2333 137.9453 2 2 0 1 0.8279 1 1 0 0.0000 0.0000
7 132.9668 97.6630 4 4 0 1 0.8547 1 1 0 0.0000 0.0000
7 130.1129 92.5924 4 4 0 1 1.2214 1 1 0 0.0000 0.0000
7 111.7206 105.1756 4 3 0 0 0.8806 0 1 0 0.0000 0.0000
7 97.2248 74.9069 3 3 0 1 1.4706 1 1 0 0.0000 0.0000
7 89.8963 132.1882 2 2 0 1 0.9374 1 1 0 0.0000 0.0000
7 131.2149 122.0328 4 4 0 1 0.8866 1 1 0 0.0000 0.0000
7 131.9336 115.7457 4 4 0 1 0.5489 1 1 0 0.0000 0.0000
7 131.2137 109.6500 4 4 0 1 0.4417 1 1 0 0.0000 0.0000
7 70.5587 113.6624 1 3 0 0 1.1301 0 1 0 0.0000 0.0000
7 117.2242 127.3864 2 4 0 0 0.7960 0 1 0 0.0000 0.0000
7 52.2791 89.7587 1 1 0 1 0.6820 1 1 0 0.0000 0.0000
7 133.2758 109.7255 4 4 0 1 0.5624 1 1 0 0.0000 0.0000
7 101.7649 128.0355 2 2 0 1 1.0784 1 1 0 0.0000 0.0000
7 90.5905 64.5018 1 3 0 0 0.9675 0 1 0 0.0000 0.0000
7 109.5893 66.1443 3 3 0 1 1.1576 1 1 0 0.0000 0.0000
7 96.0948 76.7071 3 2 0 0 1.7995 0 1 0 0.0000 0.0000
7 61.8078 120.1106 1 1 0 1 0.6663 1 1 0 0.0000 0.0000
7 110.7191 120.0225 2 3 0 0 0.8667 0 1 0 0.0000 0.0000
7 104.0930 67.8945 3 3 0 1 0.7658 1 1 0 0.0000 0.0000
7 131.8167 93.1313 4 4 0 1 1.0470 1 1 0 0.0000 0.0000
7 101.9040 83.9635 3 3 0 1 1.4013 1 1 0 0.0000 0.0000
7 115.8688 77.2415 3 3 0 1 1.0105 1 1 0 0.0000 0.0000
7 66.6809 92.0205 1 1 0 1 0.9133 1 1 0 0.0000 0.0000
7 109.4130 86.6045 3 3 0 1 0.9101 1 1 0 0.0000 0.0000
7 85.6570 87.3307 1 3 0 0 2.4900 0 1 0 0.0000 0.0000
7 143.8585 102.7132 4 4 0 1 0.9072 1 1 0 0.0000 0.0000
7 101.9013 52.5659 3 3 0 1 0.9676 1 1 0 0.0000 0.0000
7 147.2658 83.1370 4 4 0 1 0.9007 1 1 0 0.0000 0.0000
7 55.6794 110.5232 1 1 0 1 0.8175 1 1 0 0.0000 0.0000
7 110.6893 65.7843 3 3 0 1 0.9235 1 1 0 0.0000 0.0000
7 54.5403 100.5869 1 1 0 1 0.8398 1 1 0 0.0000 0.0000
7 94.1668 86.3556 3 3 0 1 1.2346 1 1 0 0.0000 0.0000
7 98.5767 125.9519 2 2 0 1 0.9670 1 1 0 0.0000 0.0000
7 85.6290 129.7241 2 2 0 1 0.8210 1 1 0 0.0000 0.0000
7 99.2293 138.8234 2 2 0 1 1.6636 1 1 0 0.0000 0.0000
7 75.2274 96.2135 1 1 0 1 2.9921 1 1 0 0.0000 0.0000
7 66.1732 98.4152 1 1 0 1 0.9941 1 1 0 0.0000 0.0000
7 129.3278 121.8224 4 4 0 1 1.0728 1 1 0 0.0000 0.0000
7 94.7207 105.7847 2 3 0 0 1.0093 0 1 0 0.0000 0.0000
7 96.6668 66.6565 3 3 0 1 1.0876 1 1 0 0.0000 0.0000
7 107.7403 151.8154 2 2 0 1 1.0403 1 1 0 0.0000 0.0000
7 116.4688 89.7162 4 2 0 0 2.0159 0 1 0 0.0000 0.0000
7 61.9010 110.7270 1 1 0 1 1.1288 1 1 0 0.0000 0.0000
7 58.3788 84.3613 1 1 0 1 0.8267 1 1 0 0.0000 0.0000
7 67.0568 102.8144 1 1 0 1 0.7886 1 1 0 0.0000 0.0000
7 108.8706 89.0201 4 3 0 0 0.8458 0 1 0 0.0000 0.0000
7 84.9137 90.1487 3 2 0 0 1.3522 0 1 0 0.0000 0.0000
7 106.0402 131.1355 2 2 0 1 0.8798 1 1 0 0.0000 0.0000
7 122.2716 97.8254 4 4 0 1 1.1470 1 1 0 0.0000 0.0000
7 78.4511 105.1860 1 2 0 0 0.8621 0 1 0 0.0000 0.0000
7 86.9869 137.7303 2 2 0 1 1.1134 1 1 0 0.0000 0.0000
7 63.6398 102.4741 1 1 0 1 1.9947 1 1 0 0.0000 0.0000
7 119.2084 107.1740 4 4 0 1 1.4428 1 1 0 0.0000 0.0000
7 96.1417 70.8354 3 3 0 1 1.6300 1 1 0 0.0000 0.0000
7 95.7107 96.6214 1 3 0 0 1.1668 0 1 0 0.0000 0.0000
7 88.1528 75.4018 3 3 0 1 1.7299 1 1 0 0.0000 0.0000
7 125.0520 99.4714 4 2 0 0 1.2359 0 1 0 0.0000 0.0000
7 103.9174 117.3660 2 2 0 1 1.4807 1 1 0 0.0000 0.0000
7 103.3468 81.9164 3 3 0 1 1.1074 1 1 0 0.0000 0.0000
7 137.0833 98.5415 4 4 0 1 1.1406 1 1 0 0.0000 0.0000
7 138.7935 110.5281 4 4 0 1 0.8709 1 1 0 0.0000 0.0000
7 102.6554 124.9706 2 2 0 1 0.8822 1 1 0 0.0000 0.0000
7 85.1726 84.3353 1 3 0 0 0.8946 0 1 0 0.0000 0.0000
7 82.2037 101.0427 1 1 0 1 0.8265 1 1 0 0.0000 0.0000
7 110.6129 128.7154 2 3 0 0 0.8529 0 1 0 0.0000 0.0000
7 135.2789 131.4748 4 4 0 1 0.9280 1 1 0 0.0000 0.0000
7 90.9948 70.2116 3 3 0 1 0.9737 1 1 0 0.0000 0.0000
7 96.4923 64.0008 3 3 0 1 0.7476 1 1 0 0.0000 0.0000
7 94.5967 82.4114 3 3 0 1 0.7084 1 1 0 0.0000 0.0000
8 95.8101 77.8261 3 3 0 1 0.9864 1 1 0 0.0000 0.0000
8 95.0873 138.8186 2 2 0 1 1.0188 1 1 0 0.0000 0.0000
8 86.3785 114.4504 1 2 0 0 1.0819 0 1 0 0.0000 0.0000
8 80.3229 104.6976 1 1 0 1 1.0988 1 1 0 0.0000 0.0000
8 67.2599 96.2754 1 1 0 1 2.0758 1 1 0 0.0000 0.0000
8 94.5580 127.3204 2 2 0 1 1.3674 1 1 0 0.0000 0.0000
8 123.5913 90.9964 3 4 0 0 1.0870 0 1 0 0.0000 0.0000
8 89.6134 63.6083 3 3 0 1 1.0411 1 1 0 0.0000 0.0000
8 112.0955 90.0869 4 2 0 0 1.1529 0 1 0 0.0000 0.0000
8 122.0531 99.8556 4 3 0 0 1.7321 0 1 0 0.0000 0.0000
8 88.7273 138.5179 2 2 0 1 1.5897 1 1 0 0.0000 0.0000
8 107.9136 64.3814 3 3 0 1 0.9957 1 1 0 0.0000 0.0000
8 125.3602 108.8345 4 4 0 1 0.9788 1 1 0 0.0000 0.0000
8 90.9880 115.6455 2 2 0 1 1.5851 1 1 0 0.0000 0.0000
8 77.2926 99.9871 1 1 0 1 1.5679 1 1 0 0.0000 0.0000
8 118.3561 111.6363 4 2 0 0 1.4855 0 1 0 0.0000 0.0000
8 131.9209 123.1288 4 4 0 1 0.9367 1 1 0 0.0000 0.0000
8 96.6394 63.9314 3 3 0 1 0.8543 1 1 0 0.0000 0.0000
8 95.9898 78.3730 3 3 0 1 1.0735 1 1 0 0.0000 0.0000
8 100.7278 116.5772 2 2 0 1 1.1230 1 1 0 0.0000 0.0000
8 107.4919 124.2660 2 2 0 1 1.2530 1 1 0 0.0000 0.0000
8 106.9445 67.1810 3 3 0 1 1.0822 1 1 0 0.0000 0.0000
8 123.3151 82.9203 3 4 0 0 0.8265 0 1 0 0.0000 0.0000
8 81.1348 85.8898 1 1 0 1 1.1410 1 1 0 0.0000 0.0000
8 98.2451 120.4918 2 2 0 1 1.2872 1 1 0 0.0000 0.0000
8 95.5026 80.5391 3 3 0 1 0.8137 1 1 0 0.0000 0.0000
8 103.4128 73.7752 3 3 0 1 0.9356 1 1 0 0.0000 0.0000
8 108.7283 146.0765 2 2 0 1 1.0131 1 1 0 0.0000 0.0000
8 109.1853 138.0732 2 2 0 1 0.9000 1 1 0 0.0000 0.0000
8 94.1610 140.3225 2 2 0 1 0.8639 1 1 0 0.0000 0.0000
8 136.6421 100.5962 4 4 0 1 2.6510 1 1 0 0.0000 0.0000
8 87.4933 102.6541 1 2 0 0 1.6203 0 1 0 0.0000 0.0000
8 79.3883 101.9495 1 1 0 1 0.9291 1 1 0 0.0000 0.0000
8 102.3440 113.0387 2 3 0 0 1.0386 0 1 0 0.0000 0.0000
8 123.1581 86.3214 3 4 0 0 1.3429 0 1 0 0.0000 0.0000
8 88.9087 58.4290 3 3 0 1 1.2382 1 1 0 0.0000 0.0000
8 113.7865 95.2948 3 4 0 0 1.2918 0 1 0 0.0000 0.0000
8 75.8624 81.3255 1 1 0 1 1.2025 1 1 0 0.0000 0.0000
8 69.0852 87.0812 1 1 0 1 0.8389 1 1 0 0.0000 0.0000
8 126.1778 99.7698 4 4 0 1 0.9456 1 1 0 0.0000 0.0000
8 95.3532 130.8562 2 2 0 1 0.9912 1 1 0 0.0000 0.0000
8 88.5755 154.7110 2 2 0 1 1.0059 1 1 0 0.0000 0.0000
8 108.8308 89.4585 3 3 0 1 1.9007 1 1 0 0.0000 0.0000
8 73.7486 110.4400 1 1 0 1 1.1791 1 1 0 0.0000 0.0000
8 107.6564 76.9826 3 3 0 1 1.3911 1 1 0 0.0000 0.0000
8 81.4458 97.6135 1 1 0 1 1.3378 1 1 0 0.0000 0.0000
8 123.7680 91.1913 4 4 0 1 1.0734 1 1 0 0.0000 0.0000
8 91.7822 124.1051 2 2 0 1 1.9386 1 1 0 0.0000 0.0000
8 106.5451 94.5860 4 3 0 0 0.9854 0 1 0 0.0000 0.0000
8 100.2814 82.6420 3 3 0 1 1.3846 1 1 0 0.0000 0.0000
8 90.3402 116.8999 1 2 0 0 0.9453 0 1 0 0.0000 0.0000
8 135.8998 87.2633 4 4 0 1 1.0873 1 1 0 0.0000 0.0000
8 132.4728 91.2742 4 4 0 1 0.8492 1 1 0 0.0000 0.0000
8 79.1953 108.8968 1 1 0 1 0.9729 1 1 0 0.0000 0.0000
8 69.8536 99.2167 1 1 0 1 0.8588 1 1 0 0.0000 0.0000
8 127.1002 108.3619 4 4 0 1 0.9980 1 1 0 0.0000 0.0000
8 56.5795 97.8917 1 1 0 1 0.8687 1 1 0 0.0000 0.0000
8 78.2270 104.3290 1 3 0 0 1.2011 0 1 0 0.0000 0.0000
8 100.6615 138.9520 2 2 0 1 1.0542 1 1 0 0.0000 0.0000
8 99.1364 69.9712 3 3 0 1 1.0067 1 1 0 0.0000 0.0000
8 95.8447 83.3202 3 2 0 0 1.2142 0 1 0 0.0000 0.0000
8 103.4926 123.8252 2 2 0 1 1.6825 1 1 0 0.0000 0.0000
8 71.7453 107.3721 1 1 0 1 1.1869 1 1 0 0.0000 0.0000
8 118.3336 94.6428 4 4 0 1 2.5025 1 1 0 0.0000 0.0000
8 108.9303 81.9381 4 3 0 0 1.0837 0 1 0 0.0000 0.0000
8 63.8100 110.5574 1 1 0 1 1.9168 1 1 0 0.0000 0.0000
8 119.7145 97.1257 4 4 0 1 0.9844 1 1 0 0.0000 0.0000
8 121.8181 81.1996 4 3 0 0 0.9992 0 1 0 0.0000 0.0000
8 130.4596 86.2393 4 4 0 1 0.9496 1 1 0 0.0000 0.0000
8 74.1058 102.7346 1 1 0 1 1.3315 1 1 0 0.0000 0.0000
8 104.8871 113.3817 2 2 0 1 1.2752 1 1 0 0.0000 0.0000
8 107.7221 122.8525 2 3 0 0 0.8495 0 1 0 0.0000 0.0000
8 63.4358 97.9667 1 1 0 1 0.8931 1 1 0 0.0000 0.0000
8 134.6237 92.0509 4 4 0 1 1.0018 1 1 0 0.0000 0.0000
8 137.3462 113.9915 4 4 0 1 0.9046 1 1 0 0.0000 0.0000
8 71.9726 116.2312 1 1 0 1 0.8850 1 1 0 0.0000 0.0000
8 105.6745 113.8609 2 3 0 0 1.1214 0 1 0 0.0000 0.0000
8 124.5032 100.2541 4 4 0 1 1.3149 1 1 0 0.0000 0.0000
8 101.6947 71.4132 3 3 0 1 1.8341 1 1 0 0.0000 0.0000
8 123.5941 102.7619 4 4 0 1 0.8948 1 1 0 0.0000 0.0000
8 98.0288 118.9963 2 2 0 1 1.3716 1 1 0 0.0000 0.0000
8 97.6390 74.1439 3 3 0 1 0.8524 1 1 0 0.0000 0.0000
8 114.1970 77.1463 3 3 0 1 1.1684 1 1 0 0.0000 0.0000
8 122.8224 101.7694 4 2 0 0 1.2204 0 1 0 0.0000 0.0000
8 104.6776 56.5007 3 3 0 1 1.2087 1 1 0 0.0000 0.0000
8 106.9334 125.3360 2 2 0 1 1.1012 1 1 0 0.0000 0.0000
8 76.8107 106.3702 1 1 0 1 24.8460 1 1 0 0.0000 0.0000
8 69.6587 95.3935 1 1 0 1 0.8665 1 1 0 0.0000 0.0000
8 103.3200 134.0606 2 2 0 1 1.2456 1 1 0 0.0000 0.0000
8 104.3017 71.1701 3 3 0 1 0.8833 1 1 0 0.0000 0.0000
8 121.8793 109.9178 4 4 0 1 1.4713 1 1 0 0.0000 0.0000
8 98.5304 129.2492 2 2 0 1 1.0347 1 1 0 0.0000 0.0000
8 93.6683 67.5234 3 3 0 1 0.8423 1 1 0 0.0000 0.0000
8 122.1147 103.2817 4 4 0 1 0.9659 1 1 0 0.0000 0.0000
8 101.5544 85.0108 3 2 0 0 1.2203 0 1 0 0.0000 0.0000
8 113.3941 91.5610 4 2 0 0 2.4405 0 1 0 0.0000 0.0000
8 95.0595 146.4255 2 2 0 1 1.0846 1 1 0 0.0000 0.0000
8 104.9786 107.9879 2 3 0 0 0.8613 0 1 0 0.0000 0.0000
8 67.5129 120.7204 1 1 0 1 0.9213 1 1 0 0.0000 0.0000
8 69.4482 106.4665 1 1 0 1 0.8697 1 1 0 0.0000 0.0000
9 105.9102 134.8433 2 2 0 1 10.2020 1 1 0 0.0000 0.0000
9 102.5889 83.5736 3 3 0 1 0.5199 1 1 0 0.0000 0.0000
9 93.3553 104.9840 1 3 0 0 0.6183 0 1 0 0.0000 0.0000
9 94.9339 58.1167 3 3 0 1 2.5913 1 1 0 0.0000 0.0000
9 138.1587 109.2010 4 4 0 1 0.8867 1 1 0 0.0000 0.0000
9 94.8941 72.0194 3 3 0 1 0.6899 1 1 0 0.0000 0.0000
9 112.3647 123.1131 2 2 0 1 1.0482 1 1 0 0.0000 0.0000
9 71.3646 100.4742 1 1 0 1 0.5362 1 1 0 0.0000 0.0000
9 95.7718 76.3855 3 3 0 1 1.5650 1 1 0 0.0000 0.0000
9 121.0435 119.9764 2 4 0 0 0.4741 0 1 0 0.0000 0.0000
9 99.7772 123.8030 2 2 0 1 0.8289 1 1 0 0.0000 0.0000
9 97.6917 64.1212 3 3 0 1 1.4321 1 1 0 0.0000 0.0000
9 122.5304 84.5825 4 4 0 1 1.9864 1 1 0 0.0000 0.0000
9 105.6702 73.1600 3 3 0 1 0.7656 1 1 0 0.0000 0.0000
9 88.4604 132.3513 2 2 0 1 1.1592 1 1 0 0.0000 0.0000
9 128.0394 100.6980 4 4 0 1 1.0024 1 1 0 0.0000 0.0000
9 135.4754 103.0953 4 4 0 1 0.5387 1 1 0 0.0000 0.0000
9 74.4056 94.8732 1 1 0 1 1.3912 1 1 0 0.0000 0.0000
9 105.3632 117.7025 2 2 0 1 2.0258 1 1 0 0.0000 0.0000
9 58.2609 103.3889 1 1 0 1 1.0770 1 1 0 0.0000 0.0000
9 137.0168 95.2159 4 4 0 1 0.9985 1 1 0 0.0000 0.0000
9 94.4080 49.6970 3 3 0 1 1.3173 1 1 0 0.0000 0.0000
9 104.8713 112.1152 2 2 0 1 1.1797 1 1 0 0.0000 0.0000
9 74.2789 93.9803 1 1 0 1 0.9594 1 1 0 0.0000 0.0000
9 140.1412 112.9269 4 4 0 1 0.9092 1 1 0 0.0000 0.0000
9 101.4667 116.3394 2 2 0 1 1.3048 1 1 0 0.0000 0.0000
9 136.5479 103.7805 4 4 0 1 1.0412 1 1 0 0.0000 0.0000
9 56.4131 94.2644 1 1 0 1 0.6576 1 1 0 0.0000 0.0000
9 120.9845 109.6560 4 3 0 0 1.6896 0 1 0 0.0000 0.0000
9 83.0973 99.6898 1 2 0 0 1.0211 0 1 0 0.0000 0.0000
9 129.0227 91.0200 4 4 0 1 1.2707 1 1 0 0.0000 0.0000
9 100.9880 121.5908 2 2 0 1 1.5675 1 1 0 0.0000 0.0000
9 107.5802 141.2795 2 2 0 1 1.0699 1 1 0 0.0000 0.0000
9 136.8027 115.4470 4 4 0 1 1.2790 1 1 0 0.0000 0.0000
9 125.4167 88.3572 4 3 0 0 1.3169 0 1 0 0.0000 0.0000
9 94.5523 61.3336 3 3 0 1 11.1153 1 1 0 0.0000 0.0000
9 70.8464 89.2329 1 1 0 1 1.0860 1 1 0 0.0000 0.0000
9 110.0177 129.0274 2 2 0 1 1.1523 1 1 0 0.0000 0.0000
9 129.2137 95.3005 4 4 0 1 1.2672 1 1 0 0.0000 0.0000
9 60.9801 93.5680 1 1 0 1 0.9533 1 1 0 0.0000 0.0000
9 123.5975 102.7674 4 3 0 0 1.1587 0 1 0 0.0000 0.0000
9 96.1414 112.7962 2 2 0 1 0.8736 1 1 0 0.0000 0.0000
9 87.3135 64.0285 3 3 0 1 1.0455 1 1 0 0.0000 0.0000
9 103.5026 142.9016 2 2 0 1 0.8055 1 1 0 0.0000 0.0000
9 72.9761 91.8513 1 1 0 1 0.8795 1 1 0 0.0000 0.0000
9 68.0811 97.2900 1 1 0 1 1.4835 1 1 0 0.0000 0.0000
9 103.5760 77.8437 3 3 0 1 1.1274 1 1 0 0.0000 0.0000
9 66.8812 103.1281 1 1 0 1 1.1142 1 1 0 0.0000 0.0000
9 104.7563 75.8659 3 3 0 1 0.8129 1 1 0 0.0000 0.0000
9 106.4592 68.8722 3 3 0 1 0.7269 1 1 0 0.0000 0.0000
