-1.519100992309336845e-06
-1.212225434216389890e-05
-1.351958119425913732e-05
-3.584940647796254099e-06
3.547365862832907142e-05
-8.330804320647001385e-06
-1.237552322800717470e-05
-3.524108638898088594e-05
-5.397107271892930290e-05
-9.670098833036833001e-05
-1.326825460278267821e-04
4.747386797846945118e-05
8.190636019999434129e-05
1.488746136620477565e-04
3.372738741602720764e-04
3.403499018896160395e-04
2.713395791242392309e-04
1.818326356110254991e-04
4.921082252190625821e-04
4.855244070442681732e-04
3.231748464386015752e-04
3.813175194806411698e-04
7.657219609397689693e-05
1.621184145876499588e-04
2.161690250102656649e-04
2.134520396443557663e-04
5.230939105636267517e-04
4.759850019899360520e-04
2.311395060113547763e-04
-4.904748711066580190e-05
-7.888074119445859581e-05
-6.102125516331460137e-05
4.630100614836686612e-05
9.949217869565664916e-05
7.975642105033616588e-04
1.182351597041693750e-03
7.107804792908585696e-04
4.158552208704431596e-04
3.072631516936644679e-04
5.006701015061384985e-05
7.652024099364636636e-04
6.004151426863757121e-04
4.908351146663525975e-04
1.105053257074347425e-03
1.533806326920336260e-03
1.262407339466138905e-03
1.586880101113668801e-03
8.630170089846526428e-04
4.665242495569899353e-04
-5.377336162582825596e-05
6.269518226154147458e-04
1.628302042438320961e-03
2.769268379640945493e-03
2.587376807641667692e-03
3.045481539678116488e-03
3.175772374222372157e-03
3.038373212891841771e-03
2.961416000726591231e-03
3.279308098747983624e-03
3.127783053139518259e-03
2.286201522446332582e-03
1.864895339813701577e-03
1.554074133806213412e-03
2.139543240825145243e-03
1.993642748511510049e-03
1.703329312319788909e-03
1.671474998375667778e-03
1.643973427394480012e-03
2.400667133452315596e-03
2.991925171356470126e-03
2.914137117743961954e-03
3.340865595360203132e-03
3.078983731741057051e-03
3.434821491769940102e-03
3.934247017246881098e-03
3.564869729864310506e-03
4.071277725913215705e-03
5.071244054054656510e-03
5.086711695773226197e-03
4.972595172108028143e-03
4.560264672773918677e-03
4.763111944511929166e-03
4.682189814672087398e-03
5.957530349196615144e-03
5.831105494882497450e-03
5.237025115725579480e-03
4.608140367334402632e-03
4.570506143835300662e-03
5.391713791399722899e-03
5.383916267540683927e-03
6.257973398204249096e-03
6.725426510491129030e-03
6.346130789246581458e-03
6.539537731494586038e-03
5.960150274795111142e-03
5.283405437294887499e-03
5.561437713226579163e-03
5.785360886647604103e-03
5.707276189727073304e-03
8.955705078520861256e-03
7.725171694044357870e-03
8.586088964738702520e-03
1.014542511544739949e-02
1.063618107218220095e-02
1.127792144462020502e-02
1.291494453331997090e-02
1.323300507847310903e-02
1.262531337522922875e-02
1.134696235832264102e-02
1.157106299456357040e-02
1.290343599723720210e-02
1.315188231813920437e-02
1.301993380080431265e-02
1.048372223112924509e-02
9.783355337869545365e-03
1.069816502260725714e-02
1.290620222744430327e-02
1.643782356806421097e-02
1.731848790961004747e-02
1.731839721636576138e-02
1.836441998703444711e-02
2.114087566165585505e-02
2.540541480579427969e-02
2.616724272629773751e-02
2.523781014003231848e-02
2.686313020584116251e-02
2.637261788809683663e-02
2.756978581646735149e-02
2.737054417807541912e-02
2.765794851561898318e-02
2.762541543169775432e-02
2.946907401164368043e-02
2.981414208992259895e-02
3.094068242330091228e-02
3.173612411420130563e-02
3.145457959742081755e-02
3.087672589995241884e-02
3.352280390283662870e-02
3.736788028277174267e-02
3.709968160163816531e-02
3.560570549066212342e-02
3.585358863585105804e-02
3.533028278263563443e-02
3.564173259953447304e-02
3.689487058500864197e-02
3.562333590064500205e-02
3.536108491586952701e-02
3.732269673565952878e-02
3.891529891728729568e-02
3.828414229715558503e-02
3.577340753888849645e-02
3.595095733748674555e-02
3.912062728512086252e-02
3.890221321062461990e-02
3.779558958613665060e-02
4.220845205074802431e-02
4.152190025855677369e-02
4.114687656612846939e-02
4.241576375544350852e-02
4.183735466055877456e-02
4.044294550590461085e-02
3.868995697948240942e-02
4.136409431124071778e-02
3.963455610200533608e-02
4.259225007066522184e-02
4.174650711237082312e-02
4.104284352354348187e-02
4.372408428679133707e-02
4.705609785678376011e-02
4.492425444916951088e-02
4.425077654936062505e-02
4.575222466832698509e-02
4.899348604427533616e-02
4.724190574594404335e-02
4.732733172098120555e-02
5.065098561767675256e-02
4.937282342980854610e-02
5.117704207976295216e-02
5.068873118147605716e-02
4.921253555432152094e-02
4.949725719349008790e-02
5.204226520772375908e-02
5.301636114428003033e-02
5.670764619719354666e-02
5.539381463175262199e-02
5.874894960922382586e-02
5.915311950512806144e-02
6.355017924739878032e-02
6.235204584679791134e-02
5.977318395655426692e-02
5.874341249940551873e-02
5.986974778908737277e-02
6.331310291689520864e-02
6.403444036576232123e-02
6.669293241294084462e-02
6.585287280703644441e-02
6.993735990100556632e-02
7.188815764906857086e-02
7.105694991197257504e-02
7.074613037140412009e-02
7.002756894230412199e-02
6.789541331382674405e-02
6.918884103004277475e-02
7.099100053278992184e-02
7.130135987774603723e-02
7.326351493696982298e-02
6.983103916130213584e-02
7.332903932135255431e-02
7.188204576834353321e-02
7.679073750230093476e-02
7.515574847444607409e-02
7.305295068573716688e-02
7.609999660139724065e-02
7.402170824412274142e-02
7.271322292316588498e-02
7.764210412074121215e-02
7.653613180357643486e-02
7.813014190338411769e-02
7.234142090846119866e-02
7.100089595908759543e-02
6.790368466988179474e-02
7.242738793648548223e-02
7.126485429780066161e-02
6.988737152840474032e-02
7.533700907967511018e-02
7.796982524601579756e-02
7.796906857739317742e-02
7.599440774127572129e-02
8.120176253743777162e-02
7.932581395310769889e-02
8.336012295079417433e-02
8.199060714526358595e-02
7.967013159731518857e-02
7.864048424497216416e-02
8.354673066497984857e-02
7.999139523272841279e-02
7.837987617654093575e-02
8.207835494991717884e-02
7.989500193965662356e-02
7.649586635538445367e-02
7.932113683226638123e-02
7.761098773073232815e-02
7.567148794724720684e-02
7.948771683942748578e-02
7.850960408927144807e-02
7.649477629274571699e-02
8.304132017041061797e-02
8.816632811080862830e-02
8.644442926008029382e-02
8.445814054123101933e-02
8.875253874723557090e-02
8.659146618678956187e-02
8.420490142335057548e-02
8.280842955982420373e-02
8.520732564323832414e-02
8.789030386272006501e-02
8.574044651141178586e-02
9.108938310006886585e-02
9.683164527004500810e-02
9.987614487889130699e-02
1.002757828847472832e-01
9.777502405551395659e-02
9.330543046564344911e-02
9.160996413857568077e-02
9.499683737773501058e-02
9.700348659305944865e-02
9.556608457020390746e-02
9.123693608234463570e-02
9.623502421441225418e-02
9.423475075155586522e-02
8.945108970084250655e-02
8.767283541465428764e-02
8.653021005046958314e-02
8.481119498491952735e-02
8.145358303879800255e-02
7.960239485654777014e-02
7.737750390858877392e-02
7.899115932851895339e-02
8.645547087379010232e-02
8.267855799046680554e-02
7.843029273438066606e-02
7.682959140766770778e-02
7.482940542616368929e-02
7.441871638530542232e-02
7.223654307618440629e-02
6.973297724473179193e-02
6.866482427273026823e-02
7.010406989938774980e-02
7.032740190125003066e-02
6.810749826759855685e-02
7.440772145295063145e-02
7.914984201650736295e-02
7.692522909495552730e-02
7.995693046707702534e-02
8.553242883871645108e-02
8.332592219395748567e-02
8.883438555520459246e-02
8.625656225001987476e-02
8.331567542601242549e-02
8.076371005730929864e-02
7.802579489621591646e-02
8.403990855038584451e-02
7.949816971924837661e-02
7.650382924662821327e-02
7.900317514002659636e-02
7.624701507725556437e-02
8.080920399742402838e-02
7.830198267235735643e-02
7.532725352706781674e-02
7.315403753613940185e-02
7.854439871180872446e-02
8.514086076208497722e-02
8.761812381677627770e-02
9.699855804771440049e-02
9.355587007418657286e-02
9.036080603643355247e-02
8.411578415939782727e-02
8.096064928198382082e-02
7.882905181179737653e-02
7.648831862377317159e-02
7.178283978925775743e-02
7.845204214697495959e-02
7.461960905907447095e-02
7.172095528237518169e-02
7.874785595906076685e-02
7.571180727105464303e-02
7.167696168966780634e-02
6.633113387238592784e-02
6.197896079622028376e-02
7.154557632803312806e-02
7.776641543539007662e-02
7.443592512502243685e-02
8.368238910896746985e-02
7.996588587178493635e-02
8.679681816274915918e-02
9.186016955150694274e-02
8.498721687202001607e-02
9.407586056600622526e-02
9.868377002256126240e-02
9.497973755387049966e-02
9.943661063473539785e-02
9.538274246523428812e-02
8.774781963850902811e-02
8.756306636291338874e-02
8.388106666631059416e-02
7.675544798257584456e-02
7.452969453667307453e-02
6.941836768741818653e-02
6.848882560825905741e-02
7.022822692463333294e-02
7.053899370487738685e-02
6.524961202808521321e-02
6.203021990976181205e-02
5.892966377031993996e-02
5.638326952536389103e-02
5.357838047393111147e-02
5.087323699780179481e-02
4.805943555279767326e-02
4.527288342665882620e-02
4.776880883441066844e-02
4.252101972752920372e-02
3.907637602035227836e-02
3.490774003294294658e-02
3.266400056319056916e-02
3.444880397305150749e-02
2.937456911908192803e-02
2.799037985658091310e-02
2.596958438437645816e-02
3.416832428765040341e-02
3.363561809114190559e-02
2.935196272335407336e-02
2.586710893604393657e-02
2.506743371346476651e-02
2.457575456035817479e-02
2.237729160118428345e-02
2.681644534318867318e-02
2.459984543045777572e-02
2.223656182056280017e-02
1.992158568112298300e-02
1.827778029934819248e-02
1.753985319749730432e-02
1.391650595401625057e-02
1.076255405034738655e-02
9.136864532535614314e-03
3.673846772383131121e-03
8.251087065254368580e-03
6.349796005898224183e-03
1.533395929366347665e-03
8.064105574409966004e-04
2.994959177343804735e-03
1.363716269441104384e-02
1.462806071090357735e-02
2.070685559227905537e-02
1.878190401700070844e-02
1.816333811538971971e-02
1.617704329528391050e-02
2.267475247822602069e-02
2.132253714028205238e-02
1.902546069944991564e-02
2.939076361549732008e-02
3.993517277313683722e-02
3.657798679652228546e-02
3.449763173674845473e-02
3.027659474756732444e-02
2.785651219234824144e-02
3.594498553782108502e-02
3.048023041178128667e-02
4.154731290764435842e-02
3.877358310700857597e-02
3.547447459732241265e-02
3.009100624165612220e-02
2.827692989836418092e-02
2.602734253612223880e-02
2.363978777902384781e-02
2.114669326481496969e-02
3.060742724400103421e-02
3.076014502436609510e-02
2.895177141537208509e-02
2.314427515712617206e-02
2.678220691951056776e-02
2.463865723751411385e-02
2.185901747832076636e-02
1.648307514580672761e-02
1.418927681453320544e-02
1.421717463496698780e-02
1.285792949089990811e-02
1.125109684481055694e-02
2.071739209546444999e-02
1.437664078842035981e-02
1.522915339496075382e-02
2.425694074189669452e-02
2.193885902672084581e-02
1.815813892937953589e-02
1.586257409016654518e-02
1.051990439851262921e-02
1.040267119431284581e-02
7.998206796720835898e-03
5.804999742111849326e-03
5.339930498129814851e-03
5.029914818728074832e-03
3.199712186194254848e-03
1.343192310806386180e-02
1.241712286846116675e-02
1.568595256883226208e-02
1.297272017793327931e-02
1.083706746309513053e-02
7.035504703061516707e-03
1.274949523674025892e-02
2.149303222009481956e-02
1.982083285586321020e-02
1.859451939271909021e-02
1.641919037326619590e-02
1.214863638522378081e-02
1.191364171449180859e-02
7.633059882790990680e-03
5.200102792061275792e-03
3.198683721965092652e-03
1.103596659143548514e-02
2.040072623215450492e-02
2.162541338102881572e-02
2.056757803571471199e-02
1.804175055760880164e-02
1.592773351409131066e-02
2.132526208606117663e-02
1.815496660209558327e-02
2.771672468053626437e-02
2.474032469393350198e-02
2.377069725141384843e-02
2.152643330852682668e-02
1.890482631621990400e-02
1.318703684233986373e-02
9.102923470606046064e-03
6.837925678223957804e-03
2.076924501979944548e-03
-2.660858856488423907e-03
-2.904212534114034017e-03
2.589585513738758282e-03
5.539812540064567581e-04
-1.640632951478294965e-03
-3.455350039547826213e-03
-5.162225201639558669e-03
-7.209178195580007165e-03
-9.635640805600434455e-03
-1.100667326433975995e-02
-1.254357531744629967e-02
-1.467439222959852907e-03
1.220415214150947364e-02
8.670508372282836884e-03
2.142541422670671963e-02
1.761119733745558635e-02
2.247461998554608348e-02
1.673690948721721916e-02
1.189089255192819078e-02
1.286431460163465351e-02
1.222516750556656984e-02
9.190350284092839439e-03
2.507024977907574420e-02
2.129649151464818591e-02
1.633323500937096384e-02
1.417475132462354959e-02
2.178759310150061440e-02
1.813937899827773592e-02
1.498161438362299175e-02
1.314771144071361086e-02
1.042886078062813665e-02
1.181876016444705080e-02
7.026669542541941205e-03
1.108977870368608315e-02
1.001355925982089223e-02
4.272458717893862223e-03
8.324054839580166676e-03
7.278617309185136941e-03
1.675504616707126915e-02
1.425866091205519465e-02
1.300771151998246500e-02
1.022941636896447515e-02
5.178638544991329140e-03
2.477272108192610234e-04
-1.986880395967491331e-03
-4.499463129602455924e-03
-6.705575168890427762e-03
-7.777611667843173371e-03
-8.798838708882539272e-03
-1.070870072616670471e-02
3.772456028408220641e-03
1.008490337378216417e-03
-4.994847109282184172e-03
-6.804765404427363940e-03
7.665771777815411081e-03
2.238540520820360424e-02
1.864750120413522644e-02
1.342415363185019139e-02
1.019375114166179430e-02
7.374275147137190900e-03
1.680536529067351570e-02
1.282502707034416378e-02
2.394115316290622297e-02
1.778317838806348083e-02
1.418889837406149546e-02
2.269487786836327931e-02
1.877049388949672548e-02
1.681592420395993520e-02
1.453676012678150470e-02
1.679432380403583780e-02
2.766978068921631395e-02
2.183276187702751225e-02
2.058582003157419932e-02
1.593253766991382936e-02
1.279989286047447661e-02
9.261088908362462291e-03
6.050720696476045990e-03
2.855545028939560082e-04
7.411594358176093467e-04
-1.981505249592077633e-03
9.805515902582682963e-03
7.703791402398740829e-03
4.873656123224996695e-03
5.354330997969627970e-03
3.641664502994697294e-03
-2.917448411849744849e-03
-2.216308541052064429e-03
-6.408648605954955779e-03
-8.876605895293730730e-03
-1.388950332279002137e-02
-1.585611961589569741e-02
-1.588039995796657750e-02
-8.397958891690815442e-03
-1.114571993826585922e-02
-1.606839654589665989e-02
-2.068140000442585114e-02
-2.240249114709086387e-02
-2.706155249559317327e-02
-3.119911198664947899e-02
-3.519319733710601916e-02
-3.559984989658596805e-02
-3.677650981467030233e-02
-4.025369536274177318e-02
-4.146666926612401632e-02
-4.562268715742207742e-02
-4.475656889448310916e-02
-4.315854226130963478e-02
-4.437869863572683343e-02
-3.251943497592543753e-02
-3.396072545621179467e-02
-3.520645824021651632e-02
-1.919119182048527328e-02
-2.435943830275690697e-02
-2.908427352097821966e-02
-3.002059472529487738e-02
-3.137317963662560050e-02
-3.579947593534408418e-02
-3.744587692923107697e-02
-3.700721886824761414e-02
-3.826580548374828444e-02
-4.200152100557617146e-02
-2.685492924048868413e-02
-2.542850480643070454e-02
-1.134492254138737277e-02
-1.534451712042198684e-02
-9.054538981752222049e-03
-1.226735873928450765e-02
-1.629533353863187733e-02
-1.913992700054124169e-02
-2.144196167296669869e-02
-2.624690189094913001e-02
-2.863204425753865245e-02
-3.070112419794705089e-02
-3.266124750992076969e-02
-3.678923849800177365e-02
-3.513572800183111661e-02
-2.665583460804891308e-02
-3.210883148923132646e-02
-3.304021557909746915e-02
-3.510206994997972646e-02
-3.939469087790827689e-02
-2.212437888493702653e-02
-2.448972932928770996e-02
-2.719921770178958947e-02
-3.142627037823605279e-02
-3.329689236578743661e-02
-3.500487789756168144e-02
-4.003310924230101681e-02
-4.420279191001250801e-02
-4.282962513406542854e-02
-4.411068105973845604e-02
-4.695311998637916040e-02
-3.370217455858796896e-02
-3.180510888814549325e-02
-3.633379749158709149e-02
-3.847747209158161596e-02
-3.364751495178639612e-02
-3.557094408785899803e-02
-3.752509540632294194e-02
-3.904533271230118535e-02
-4.421358615340499620e-02
-4.810919606317044794e-02
-5.161498226474725559e-02
-5.274759154973716890e-02
-5.283566835062342149e-02
-5.349528841963339942e-02
-5.782173199360606669e-02
-5.881232999452352950e-02
-6.022213619508454130e-02
-6.351637583470433335e-02
-6.534218706244383779e-02
-6.475045856516083165e-02
-6.558071888533847926e-02
-5.471364543449149659e-02
-5.316640912633893712e-02
-5.124275789404403314e-02
-5.363734273666607294e-02
-4.084483902226018759e-02
-4.468993460384664690e-02
-4.594002333697326523e-02
-4.759599119937273776e-02
-4.835442469642810270e-02
-4.818479372198210958e-02
-4.727736939037260194e-02
-3.152270589556559199e-02
-1.421497480706350458e-02
-6.122417894764697888e-04
-4.756856659241914809e-03
-8.515069821391274552e-03
6.430601155751475284e-04
3.278423063416080474e-03
1.835800447473408259e-02
1.736101026463073016e-02
1.214650295588803885e-02
2.020856638624424217e-02
1.660241886577638881e-02
1.182623843669516894e-02
2.858918221165461515e-02
2.429204806892736046e-02
1.900717119891047469e-02
1.062504595345248326e-02
6.090318063608823884e-03
2.674452492541293247e-03
1.345333974304505076e-02
8.126198407924251077e-03
3.793245559298899505e-03
2.562534542916578006e-03
1.240192529060324400e-04
8.489047307554675736e-04
1.953755221391094421e-02
1.542579562541637750e-02
9.914922783955906760e-03
1.339052547544769545e-02
1.061062470473389530e-02
2.793069751427530722e-02
2.771294033853413663e-02
4.442675782322619976e-02
5.009688748088991783e-02
4.236132437047156890e-02
3.706187660029497399e-02
3.028786501335142822e-02
3.871576487248697129e-02
3.349107849969696488e-02
2.924391118187803090e-02
2.455480555856669883e-02
4.537240393950116996e-02
3.782937618635995314e-02
5.057577252970586745e-02
6.756842268692883624e-02
6.021580202447228414e-02
5.298534395088874693e-02
5.379394380893367383e-02
4.753449550534644824e-02
4.099835767888198451e-02
3.181253684726946529e-02
2.708499536680166603e-02
3.640851390337532939e-02
3.363143792687142697e-02
2.840606452604360621e-02
2.028677339161218812e-02
1.680489026202319075e-02
1.414573404018239916e-02
3.007120171697823946e-02
4.966561970854283664e-02
6.024340284517792909e-02
5.341292440507544592e-02
4.892385055465114235e-02
5.890643544153481570e-02
8.217622890162835925e-02
7.564474035479003267e-02
6.871629753443989075e-02
7.525955907352424590e-02
6.924416461938176504e-02
8.068640730982479248e-02
7.266864346787427209e-02
6.552095296670648605e-02
5.800243180188813241e-02
6.378613348694694984e-02
5.766942331144721268e-02
7.096740011380289759e-02
6.954832852834380574e-02
6.397535169001236643e-02
5.673953315978141204e-02
7.454090988588027433e-02
9.266404884740561676e-02
8.509863237715220574e-02
7.629518985325386971e-02
7.306110745804972328e-02
6.585399585654141963e-02
7.253966517148488502e-02
7.979411679294842741e-02
7.118653091161614155e-02
6.726181947442486098e-02
8.267973696056157840e-02
9.709690897704811863e-02
8.904672759222707901e-02
7.814180967775741227e-02
8.020631358172609915e-02
9.705936892539115957e-02
8.624319719644249482e-02
7.708743232383465094e-02
9.914555853405490615e-02
9.408271449956348564e-02
8.752465722069988074e-02
9.719142969728913894e-02
8.722522099082216651e-02
9.587422079018242949e-02
9.115674712324237094e-02
9.810349528722625556e-02
9.069576273768756303e-02
1.030078486278828698e-01
9.345033141052749848e-02
8.477103559961141066e-02
9.347408261348121028e-02
1.110727024728295209e-01
1.189807654208761001e-01
1.091112631311543790e-01
1.128781298413991663e-01
1.298387453069938802e-01
1.279649853383968972e-01
1.197632227578826480e-01
1.290218927584741437e-01
1.177948514279843761e-01
1.295472450156486821e-01
1.186709175379642295e-01
1.076725718066320753e-01
1.066884867063757902e-01
1.186219227112142588e-01
1.184186463944465334e-01
1.356243051600686533e-01
1.237791106050519230e-01
1.342317463831441682e-01
1.362602083659363861e-01
1.518888213992683478e-01
1.408503707724361176e-01
1.274001283817006447e-01
1.172029815632578686e-01
1.228019701059017560e-01
1.423671072547119110e-01
1.279789857733156233e-01
1.358902721970931260e-01
1.241300969393246273e-01
1.401660909584474535e-01
1.496602870621973058e-01
1.404915151135856244e-01
1.288697196713725346e-01
1.206784270147369109e-01
1.094059472357092333e-01
1.178330512819716486e-01
1.222599542460540145e-01
1.104665091876063376e-01
1.246062219366684404e-01
1.110907852670723617e-01
1.324982520529338903e-01
1.208169402601229347e-01
1.416489361685916992e-01
1.322722572064421176e-01
1.223501208984505984e-01
1.320239545315149143e-01
1.199104798718765991e-01
1.123421278477390733e-01
1.289976101281393728e-01
1.191985643480505813e-01
1.331136358904170258e-01
1.161316967712368725e-01
1.067385331861367553e-01
1.044101726016501142e-01
1.189096872151866324e-01
1.084842401229588749e-01
9.807909110733978308e-02
1.239725039470891133e-01
1.422299473053133811e-01
1.341651682203089391e-01
1.267120538281256981e-01
1.436116266865988533e-01
1.335080262694401387e-01
1.550267735497339039e-01
1.424165468739937157e-01
1.302733511676611444e-01
1.213271844783024300e-01
1.427760171335490380e-01
1.467116293135085903e-01
1.353481677108228642e-01
1.535475853307712302e-01
1.396765834736275746e-01
1.264833785556076784e-01
1.403415685730581564e-01
1.273883004902634508e-01
1.172482827744359968e-01
1.291368411476842837e-01
1.205392716869278513e-01
1.093827126722621695e-01
1.351782443175345849e-01
1.508124743836044002e-01
1.423013937116281991e-01
1.312954034494909217e-01
1.443706361236286595e-01
1.325696980623740917e-01
1.238058586650463561e-01
1.148631639414276068e-01
1.282742199404652006e-01
1.404503390030641397e-01
1.327759070392741103e-01
1.507669606585417266e-01
1.682071415650105706e-01
1.741630619266055779e-01
1.574671457248063289e-01
1.449340693524215906e-01
1.374439122300620264e-01
1.266948883814140447e-01
1.329828551164871919e-01
1.429693368775834528e-01
1.329872948532234977e-01
1.194195476931724509e-01
1.348600570255985287e-01
1.232126800344959666e-01
1.094556476145676638e-01
1.012863048436713487e-01
9.085105034479726283e-02
8.573768802666635602e-02
8.084410516147982895e-02
7.780028747329449657e-02
7.192524710966392842e-02
7.823094951173148459e-02
1.029718961191586346e-01
9.217244908848448715e-02
8.103903804523923671e-02
7.433123016725878829e-02
6.688110173563671657e-02
6.422531307903153741e-02
5.811482526487815603e-02
5.117456916736362604e-02
4.701866189622150305e-02
5.523945655992892195e-02
5.484107536086902518e-02
5.535248791855174044e-02
8.008481749240141390e-02
9.796077718829665493e-02
9.000386416916524024e-02
1.040207886075184274e-01
1.235567598827760072e-01
1.121775797445095924e-01
1.367697266676957957e-01
1.251992562854148117e-01
1.129747411701717552e-01
1.034832888380219362e-01
9.305779682711806666e-02
8.008627083004760117e-02
6.909933503569822000e-02
6.059122657520429889e-02
5.144166313314689487e-02
4.444225166227913637e-02
3.585335933650275059e-02
3.004157317244415815e-02
2.508102033237138984e-02
1.997572124029400181e-02
4.295713279615641367e-02
3.344469574086814112e-02
2.564562232890052473e-02
1.626666569802652507e-02
1.159155065055094552e-02
7.599542312288216916e-03
3.861711247055295282e-02
3.213268124896998673e-02
2.635506914281478957e-02
2.097179229541264178e-02
1.411843484148050248e-02
5.352865041444207495e-03
1.080837609821673484e-03
-2.845644976742882359e-03
1.836512360722289405e-02
1.266503163761310141e-02
2.096241866666424813e-02
1.266041169798835103e-02
5.915644100888288459e-03
-3.342389030233455793e-03
-1.029955129750236009e-02
-1.376142338854337288e-02
-2.158287535285915298e-02
-2.431520814093988264e-02
-3.054256586920388317e-02
-3.558708351972650341e-02
-4.137671962535190151e-02
-4.831849311933469893e-02
-5.403518662973755271e-02
-5.522133482587723852e-02
-5.837844461301262139e-02
-5.942803547539995956e-02
-6.440641550278938809e-02
-6.581825857199484486e-02
-6.634948300112321340e-02
-7.094391674054485730e-02
-7.153626271797310088e-02
-7.366159796603376220e-02
-7.442365993841239258e-02
-7.620507020134484333e-02
-6.794543052142308637e-02
-5.652732695784068451e-02
-5.756360285057444959e-02
-5.475527061390735029e-02
-5.425082679918079992e-02
-5.579663860276015686e-02
-5.721213222866708414e-02
-5.847119624258238085e-02
-5.973056748417982648e-02
-6.222799998391480292e-02
-6.683578710130268219e-02
-6.828555381359921461e-02
-4.930652544271597187e-02
-4.760573914000183759e-02
-4.113150842611577179e-02
-1.869399801000273809e-03
-8.378771229716891478e-03
-1.385350390439823998e-02
-2.189441939036306656e-02
-2.674052787803984227e-02
-9.013298518797077663e-03
-4.250759486696217837e-03
-1.045998095841228770e-02
-9.273745107144223954e-03
-1.148866935667859634e-02
-1.813508374729959349e-02
-2.277580778202779183e-02
-2.708167237961410512e-02
-3.087281075018679516e-02
-3.430924277617793811e-02
-3.590242105785764609e-02
-4.099491904345230892e-02
-4.499473582717927050e-02
-4.683435765560522990e-02
-5.435273155375064391e-02
-5.757912996416280488e-02
-5.989713164201393436e-02
-6.462538059215719444e-02
-6.562439608822073778e-02
-6.697028583878461561e-02
-3.281261678306929969e-02
-3.704509413402542334e-02
-1.718485196704495899e-02
-2.230658336062373015e-02
-2.340539389863592612e-02
-2.836791218491016564e-02
-3.649225981578748529e-02
-3.996290448274882751e-02
-4.306729850076015942e-02
-4.931779027950558558e-02
-5.549997569505708828e-02
-5.804380080715079715e-02
-5.648520524567497703e-02
-6.018696212199260709e-02
-6.268279566015930171e-02
-6.700932754096891597e-02
-7.116229852008243428e-02
-7.730166706024588219e-02
-7.835614924993859753e-02
-7.955185363384396913e-02
-8.286835590602070756e-02
-8.351007454646268424e-02
-8.385661797013026220e-02
-8.408190494478047505e-02
-8.414603549541646577e-02
-8.738606862958273047e-02
-8.538690911799354244e-02
-8.557093046820486715e-02
-5.160368310100657552e-02
-5.611559734861396032e-02
-5.929116743801864792e-02
-6.254743329029976984e-02
-6.780191091204990084e-02
-6.741587784227930091e-02
-6.955464115066560538e-02
-7.098350277767070948e-02
-7.313921212419491336e-02
-7.731998288494176808e-02
-8.325983965356990868e-02
-8.435440578879022100e-02
-5.726635975695694436e-02
-6.027304109857933856e-02
-6.423158280633478601e-02
-6.651241121018124092e-02
-7.175863756549655248e-02
-7.090731422488691371e-02
-7.257831193678875026e-02
-7.408347954516408818e-02
-7.581538124462458561e-02
-7.537564378081908212e-02
-7.636572061652723009e-02
-8.041953528815749819e-02
-8.127859521235346330e-02
-8.300301353018887940e-02
-8.342974262129668195e-02
-8.165161701997544763e-02
-8.442035658688089306e-02
-8.655071777741248085e-02
-9.000641211820652188e-02
-8.798640569154511648e-02
-8.853170167166002358e-02
-8.888675575481817803e-02
-7.482808491088858982e-02
-7.606279738177665339e-02
-7.921467199774494261e-02
-8.041596019107337401e-02
-7.304889431895800200e-02
-5.781866281007033703e-02
-3.318535813354907271e-02
-3.848066030451287312e-02
-4.281819486638067246e-02
-4.466471370712499916e-02
-4.858402777046231386e-02
-3.266155552447824739e-02
-3.729691521263478471e-02
-4.405390649945994247e-02
-4.774488306364670087e-02
-5.208771062341206043e-02
-5.504433916361016477e-02
-5.774130074189298689e-02
-6.340609882324893531e-02
-6.741776902347786093e-02
-6.915220148518172461e-02
-7.328181005356995681e-02
-4.526939347020866866e-02
-4.610553892137178589e-02
-5.109053961526099918e-02
-5.423055029153565215e-02
-5.703493042426759085e-02
-5.990131625118116920e-02
-6.283509376310664196e-02
-6.465155974324041099e-02
-6.714262230172726720e-02
-6.884744358934583031e-02
-7.018202461426276129e-02
-7.406190122738429138e-02
-7.838527649168375300e-02
-7.967086801216530234e-02
-8.320412705977014989e-02
-8.487227322898735493e-02
-7.141062535456299543e-02
-4.304812249010225161e-02
-5.016370611696425313e-02
-4.401375928905258000e-02
-4.831694232159825658e-02
-4.710003287419516071e-02
-5.511992366673851285e-02
-5.895524495495668010e-02
-6.348893188430627943e-02
-6.607138704463202949e-02
-7.124468825509439052e-02
-7.355740725713266759e-02
-7.609204563642425756e-02
-7.760635408543062330e-02
-7.601845105575560924e-02
-7.800888277469342214e-02
-8.095832261554071485e-02
-8.327722924139435712e-02
-8.497216316368071121e-02
-3.346020659932427699e-02
-3.988162641138300740e-02
-4.498644668876117247e-02
-5.181356616993231662e-02
-5.096993253304759469e-02
-5.496208653399841521e-02
-5.874921754385270534e-02
-4.242459287735255574e-02
-5.002965158418735264e-02
-5.404313488741959576e-02
-5.793319901413152700e-02
-5.964256722896124630e-02
-6.255169722061856841e-02
-6.504180437267327586e-02
-5.584776258584374375e-02
-6.227752657854351837e-02
-6.490106592397879015e-02
-7.158913324023874480e-02
-7.360958212796464561e-02
-3.141725411688625624e-02
-4.151858677442941958e-02
-4.708478701807027739e-02
-2.932954172628240985e-02
-3.580994991042424358e-02
-3.964405410485581649e-02
-2.291473575193818391e-02
-3.039836763955230947e-02
-4.020035470785933429e-02
-4.825461599910847027e-02
-5.230381136010839316e-02
-5.842909139353617831e-02
-5.798616981793888736e-02
-6.186065439440590480e-02
-6.493271996128827106e-02
-6.813544459784832974e-02
-7.309846848939495489e-02
-4.134288873685897092e-02
-4.491010114605236553e-02
-5.087762495277440428e-02
-4.820330991636199991e-02
-5.298741247732043080e-02
-5.674100802962150220e-02
-6.443117294923465799e-02
-6.739653959316183052e-02
-7.022583075593555324e-02
-7.480434694305911070e-02
-7.656089613152620987e-02
-7.828008195839056271e-02
-7.968885306612563668e-02
-7.798105587420818552e-02
-8.426725680478293345e-02
-8.546448119587102266e-02
-6.374419893609589716e-02
-6.798690604346152577e-02
-7.385809014510819059e-02
-7.606612245857960475e-02
-7.808752531114673823e-02
-8.154371761452680611e-02
-8.321704990585776507e-02
-5.040890244973102174e-02
-5.766318963398062158e-02
-6.207206109316875525e-02
-2.975498010868721233e-02
-3.888924670354594604e-02
-4.851223659938320304e-02
-5.355260419238384861e-02
-5.797124768140868994e-02
-6.431976457140457792e-02
-6.808907061160138219e-02
-7.444532544010956654e-02
-7.689470830497982523e-02
-7.537225941920658312e-02
-7.810925885760544585e-02
-8.224671381539352955e-02
-8.398958053765552545e-02
-8.035078064425907329e-02
-8.503997065182873627e-02
-9.067040644449333997e-02
-9.538341362681378166e-02
-9.631237386945455670e-02
-9.706609309244103312e-02
-1.016312606397550417e-01
-1.018177670245529187e-01
-9.782588230288181974e-02
-9.854926569302917272e-02
-6.662883196757114768e-02
-7.350847306558838667e-02
-7.701728347369438121e-02
-8.368121381610320320e-02
-7.088826413030777096e-02
-7.564332137208717999e-02
