-1.000000000000000000e+00
-9.899999999999999911e-01
-9.800999999999999712e-01
-9.702990000000000226e-01
-9.605960099999999446e-01
1.049009950100000088e+00
-9.614801494010000171e-01
-9.518653479069899559e-01
-9.423466944279200730e-01
-9.329232274836408711e-01
-9.235939952088044747e-01
1.085641944743283460e+00
-9.252144747041493034e-01
1.084037670042892199e+00
-9.268027066575367234e-01
1.082465320409038645e+00
-9.283593327950516727e-01
-9.190757394671011937e-01
1.090115017927569818e+00
1.079213867748294087e+00
1.068421729070811121e+00
-9.422624882198969987e-01
1.067160136662302028e+00
-9.435114647043210123e-01
1.065923649942722262e+00
1.055264413443294913e+00
-9.552882306911379962e-01
-9.457353483842265707e-01
1.063722005099615675e+00
-9.469152149513804240e-01
-9.374460628018667085e-01
-9.280716021738479871e-01
-9.187908861521095760e-01
-9.096029772905884769e-01
1.099493052482317434e+00
-9.115018780425057088e-01
-9.023868592620806206e-01
1.106637009330540211e+00
-9.044293607627652554e-01
1.104614932844862452e+00
1.093568783516413845e+00
1.082633095681249547e+00
1.071806764724437144e+00
1.061088697077192666e+00
-9.495221898935791716e-01
1.059973032005356641e+00
-9.506266983146969274e-01
-9.411204313315499892e-01
1.068290772981765446e+00
1.057607865251947832e+00
1.047031786599428305e+00
-9.634385312665658674e-01
1.046195854046099827e+00
1.035733895505638769e+00
-9.746234434494176480e-01
1.035122790985076646e+00
1.024771563075225878e+00
-9.854761525555264523e-01
1.024378608970028859e+00
-9.858651771196714764e-01
-9.760065253484747627e-01
1.033753539905009955e+00
1.023416004505959931e+00
-9.868181555390996840e-01
-9.769499739837087526e-01
-9.671804742438716573e-01
1.042491330498567015e+00
-9.679335828064186131e-01
-9.582542469783543737e-01
-9.486717045085708566e-01
-9.391849874634852213e-01
1.070206862411149595e+00
-9.404952062129617874e-01
-9.310902541508321306e-01
-9.217793516093238937e-01
1.087438441906769304e+00
1.076564057487701564e+00
1.065798416912824731e+00
-9.448595672563036008e-01
1.064589028416259353e+00
-9.460568618679031649e-01
-9.365962932492241100e-01
1.072769669683268035e+00
1.062041972986435434e+00
1.051421553256571162e+00
1.040907337724005455e+00
-9.695017356532347197e-01
-9.598067182967022770e-01
-9.502086511137353142e-01
1.059293435397401950e+00
1.048700501043428046e+00
1.038213496032993843e+00
1.027831361072663707e+00
1.017553047461937199e+00
1.007377516987317811e+00
9.973037418174446334e-01
9.873307043992701759e-01
-1.022542602644722631e+00
9.876828233817247504e-01
9.778059951479074474e-01
9.680279351964283796e-01
9.583476558444641302e-01
9.487641792860194156e-01
9.392765374931593136e-01
-1.070116227881772408e+00
-1.059415065602954620e+00
9.511790850530749131e-01
-1.058332705797455864e+00
9.522506212605187370e-01
-1.057271884952086349e+00
9.533008338974344742e-01
-1.056232174441539939e+00
-1.045669852697124425e+00
9.647868458298467509e-01
9.551389773715482923e-01
9.455875875978327905e-01
9.361317117218544981e-01
-1.073229605395364050e+00
9.375026906585895992e-01
9.281276637520036177e-01
9.188463871144836315e-01
-1.090342076756661172e+00
9.205613440109053913e-01
9.113557305707963296e-01
9.022421732650883763e-01
8.932197515324374892e-01
8.842875540171131199e-01
-1.124555321523057927e+00
-1.113309768307827463e+00
-1.102176670624749111e+00
-1.091154903918501784e+00
9.197566451206833360e-01
9.105590786694764960e-01
-1.098546512117218210e+00
9.124389530039539453e-01
-1.096685436526085633e+00
9.142814178391752700e-01
9.051386036607834695e-01
8.960872176241756470e-01
-1.112873654552066105e+00
-1.101744918006545504e+00
9.092725311735200266e-01
9.001798058617848097e-01
8.911780078031669161e-01
-1.117733772274864812e+00
8.934435654478839473e-01
-1.115490870206594876e+00
-1.104335961504528951e+00
9.067073981105163716e-01
8.976403241294111934e-01
8.886639208881170759e-01
8.797772816792358563e-01
8.709795088624434634e-01
8.622697137738191131e-01
8.536470166360808909e-01
8.451105464697200587e-01
8.366594410050228747e-01
8.282928465949725982e-01
8.200099181290229078e-01
8.118098189477327420e-01
8.036917207582554568e-01
7.956548035506728622e-01
7.876982555151661458e-01
-1.220178727039985533e+00
-1.207976939769585645e+00
8.041028296281101939e-01
7.960618013318290220e-01
-1.211898816681489244e+00
-1.199779828514674351e+00
-1.187782030229527663e+00
-1.175904209927232325e+00
8.358548321720400409e-01
8.274962838503197027e-01
8.192213210118164390e-01
8.110291078016982347e-01
-1.197081183276318628e+00
8.148896285564444231e-01
8.067407322708800566e-01
7.986733249481712260e-01
7.906865916986894893e-01
-1.217220274218297371e+00
-1.205048071476114480e+00
-1.192997590761353255e+00
8.189323851462602111e-01
8.107430612947976734e-01
8.026356306818497321e-01
7.946092743750312604e-01
7.866631816312809056e-01
7.787965498149680421e-01
7.710085843168184017e-01
-1.236701501526349833e+00
-1.224334486511086340e+00
7.879088583540245772e-01
7.800297697704843269e-01
-1.227770527927220412e+00
7.845071773520517766e-01
-1.223337894421468786e+00
-1.211104515477254173e+00
8.010065296775183974e-01
7.929964643807432267e-01
7.850664997369358744e-01
7.772158347395664579e-01
7.694436763921708167e-01
7.617492396282491418e-01
7.541317472319666315e-01
7.465904297596469563e-01
7.391245254620504301e-01
7.317332802074300035e-01
7.244159474053557535e-01
7.171717879313022070e-01
7.100000700519890628e-01
7.029000693514692033e-01
6.958710686579545612e-01
6.889123579713749557e-01
6.820232343916612372e-01
6.752030020477446381e-01
-1.331549027972732890e+00
6.817664623069944474e-01
6.749487976839245729e-01
-1.331800690292914702e+00
-1.318482683389985421e+00
-1.305297856556085545e+00
7.077551220094752127e-01
7.006775707893804217e-01
-1.306329204918513343e+00
7.067340871306717620e-01
6.996667462593650910e-01
6.926700787967714490e-01
6.857433780088038056e-01
-1.321114055771284157e+00
6.920970847864285069e-01
6.851761139385642574e-01
6.783243527991786870e-01
6.715411092711868202e-01
6.648256981784750330e-01
-1.341822558803309695e+00
-1.328404333215276623e+00
6.848797101168760948e-01
-1.321969086984292607e+00
6.912506038855502633e-01
-1.315661902153305363e+00
6.974947168682277265e-01
6.905197696995455381e-01
6.836145720025500472e-01
-1.323221573717475508e+00
6.900106420196993051e-01
-1.316889464400497811e+00
6.962794302435073579e-01
-1.310683364058927713e+00
7.024234695816615748e-01
6.953992348858448747e-01
6.884452425369864681e-01
6.815607901116165213e-01
6.747451822105003938e-01
6.679977303883953832e-01
6.613177530845113505e-01
-1.345295424446333765e+00
6.681575297981297012e-01
-1.338524045499851711e+00
6.748611949551468481e-01
-1.331887416994404605e+00
-1.318568542824460454e+00
6.946171426037840435e-01
6.876709711777462264e-01
6.807942614659687752e-01
-1.326013681148690893e+00
6.872464556627959631e-01
-1.319626008893831859e+00
6.935702511951064020e-01
6.866345486831553213e-01
6.797682031963236948e-01
6.729705211643605134e-01
-1.333759184047283108e+00
6.795784077931896761e-01
6.727826237152578770e-01
6.660547974781052538e-01
-1.340605750496675741e+00
-1.327199692991709146e+00
6.860723039382080612e-01
6.792115808988259396e-01
6.724194650898377423e-01
6.656952704389393904e-01
6.590383177345500165e-01
6.524479345572045119e-01
6.459234552116324135e-01
6.394642206595161360e-01
6.330695784529210002e-01
-1.373261117331608272e+00
6.404714938417078729e-01
6.340667789032907731e-01
6.277261111142578009e-01
6.214488500031152274e-01
6.152343615030841928e-01
6.090820178880532731e-01
6.029911977091727548e-01
5.969612857320809596e-01
5.909916728747601766e-01
5.850817561460126548e-01
5.792309385845525460e-01
5.734386291987070283e-01
-1.432295757093279942e+00
-1.417972799522347227e+00
5.962069284728762630e-01
-1.409755140811852492e+00
-1.395657589403733967e+00
-1.381701013509696541e+00
6.321159966254003004e-01
6.257948366591463696e-01
6.195368882925549325e-01
6.133415194096293321e-01
6.072081042155330621e-01
-1.398863976826622224e+00
-1.384875337058355971e+00
-1.371026583687772415e+00
6.426836821491052065e-01
6.362568453276141733e-01
-1.370105723125661923e+00
-1.356404665894405337e+00
-1.342840619235461386e+00
-1.329412213043106750e+00
-1.316118090912675509e+00
6.970430899964512594e-01
6.900726590964867402e-01
6.831719325055218839e-01
6.763402131804665540e-01
6.695768110486619573e-01
-1.337118957061824709e+00
6.762522325087936270e-01
6.694897101837056219e-01
6.627948130818686057e-01
-1.343833135048950078e+00
-1.330394803698460748e+00
-1.317090855661475990e+00
6.960800528951387456e-01
-1.310880747633812682e+00
-1.297771940157474546e+00
-1.284794220755899774e+00
-1.271946278548340636e+00
7.407731842371426678e-01
-1.266634547605228756e+00
7.460317978708235209e-01
7.385714798921152457e-01
-1.268814234906805893e+00
7.438739074422622277e-01
-1.263564831632160379e+00
7.490708166841612003e-01
-1.258419891482680519e+00
7.541643074321464635e-01
7.466226643578248723e-01
-1.260843562285753450e+00
7.517648733371041780e-01
7.442472246037331596e-01
7.368047523576958246e-01
7.294367048341188209e-01
7.221423377857776327e-01
-1.285079085592080173e+00
7.277717052638407180e-01
-1.279506011788797748e+00
7.332890483290903649e-01
-1.274043842154200634e+00
7.386965962673414099e-01
7.313096303046680013e-01
7.239965340016213391e-01
-1.283243431338394913e+00
7.295890029749890759e-01
-1.277706887054760765e+00
7.350701818157867606e-01
-1.272280520002371240e+00
7.404422851976526498e-01
7.330378623456761389e-01
7.257074837222192709e-01
7.184504088849971160e-01
-1.288734095203852847e+00
-1.275846754251814374e+00
7.369117132907038181e-01
7.295425961577968188e-01
-1.277752829803781243e+00
-1.264975301505743444e+00
-1.252325548490685891e+00
7.601977069942209564e-01
-1.247404270075721300e+00
-1.234930227374964051e+00
7.774190748987855892e-01
-1.230355115850202186e+00
-1.218051564691700284e+00
-1.205871049044783261e+00
-1.193812338554335550e+00
-1.181874215168792208e+00
8.299445269828957805e-01
-1.178354918286933062e+00
8.334286308959362177e-01
8.250943445869768356e-01
8.168434011411070950e-01
8.086749671296959985e-01
-1.199411782541600857e+00
8.125823352838150715e-01
-1.195543488069022997e+00
8.164119468116671774e-01
-1.191752172656449504e+00
-1.179834650929885154e+00
-1.168036304420586147e+00
8.436440586236196859e-01
8.352076180373835257e-01
8.268555418570096016e-01
8.185869864384395234e-01
8.104011165740551137e-01
-1.197702894591685441e+00
-1.185725865645768540e+00
8.261313930106890524e-01
8.178700790805821796e-01
-1.190308621710223669e+00
8.215944645068785634e-01
8.133785198618097567e-01
-1.194755265336808314e+00
-1.182807712683440204e+00
-1.170979635556605780e+00
8.407301607989602354e-01
-1.167677140809029401e+00
8.439996305990609127e-01
-1.164440365706929770e+00
-1.152795962049860456e+00
8.587319975706382280e-01
8.501446775949318413e-01
-1.158356769181017487e+00
-1.146773201489207361e+00
8.646945305256847902e-01
-1.143952414779572102e+00
8.674871093682235967e-01
-1.141187761725458660e+00
-1.129775884108203954e+00
-1.118478125267121870e+00
-1.107293344014450787e+00
9.037795894256938078e-01
-1.105258206468563209e+00
9.057943755961224142e-01
8.967364318401612744e-01
8.877690675217596583e-01
-1.121108623153457939e+00
8.901024630780766111e-01
-1.118798561552704074e+00
-1.107610575937177044e+00
9.034655298221946351e-01
-1.105569125476027370e+00
9.054865657787329880e-01
8.964317001209456404e-01
8.874673831197361640e-01
-1.121407290711461169e+00
-1.110193217804346544e+00
-1.099091285626303094e+00
9.118996272299599859e-01
9.027806309576603683e-01
8.937528246480836991e-01
8.848152964016029465e-01
8.759671434375868593e-01
8.672074720032110218e-01
-1.141464602716821153e+00
-1.130049956689652912e+00
-1.118749457122756308e+00
-1.107561962551528723e+00
-1.096486342926013435e+00
-1.085521479496753372e+00
9.253337352982141661e-01
9.160803979452319945e-01
9.069195939657797023e-01
8.978503980261218764e-01
8.888718940458606443e-01
8.799831751054020268e-01
-1.128816656645651895e+00
-1.117528490079195524e+00
8.936467948215964796e-01
-1.115289673126619530e+00
8.958632236046467634e-01
8.869045913686002258e-01
8.780355454549142458e-01
-1.130744809999634892e+00
-1.119437361899638494e+00
8.917570117193578394e-01
8.828394416021643210e-01
8.740110471861426422e-01
-1.134729063285718764e+00
-1.123381772652861654e+00
-1.112147954926332893e+00
8.989735246229303423e-01
8.899837893767010844e-01
8.810839514829340580e-01
8.722731119681046419e-01
8.635503808484236155e-01
-1.145085122960060708e+00
8.663657282695399475e-01
-1.142297929013155411e+00
8.691250502769761743e-01
-1.139566200225793580e+00
8.718294617764643650e-01
8.631111671586997325e-01
8.544800554871126996e-01
-1.154064745067758357e+00
8.574759023829191529e-01
-1.151098856640909940e+00
8.604121319254991462e-01
8.518080106062441148e-01
-1.156710069499818250e+00
8.548570311951798617e-01
-1.153691539116771914e+00
-1.142154623725604168e+00
8.692669225116518295e-01
-1.139425746713464749e+00
8.719685107536698787e-01
-1.136751174353866745e+00
-1.125383662610328184e+00
8.858701740157751692e-01
-1.122988527724382513e+00
8.882413575528612659e-01
-1.120641056022667392e+00
-1.109434645462440638e+00
9.016597009921837325e-01
8.926431039822618763e-01
-1.116283327057560726e+00
-1.105120493786985181e+00
9.059307111508847488e-01
-1.103128595960624070e+00
-1.092097310001017840e+00
9.188236630989923270e-01
-1.090364573531997561e+00
-1.079460927796677572e+00
-1.068666318518710856e+00
9.420203446664762170e-01
-1.067399858780188504e+00
-1.056725860192386568e+00
-1.046158601590462700e+00
-1.035697015574558177e+00
9.746599545811874821e-01
-1.035086644964624547e+00
9.752642214850217872e-01
9.655115792701716160e-01
-1.044143536522530225e+00
-1.033702101157304876e+00
-1.023365080145731687e+00
9.868685706557255299e-01
-1.023000115050831660e+00
9.872298860996765457e-01
-1.022642412761320063e+00
9.875840113662930353e-01
-1.022291828747369902e+00
9.879310895401037795e-01
-1.021948221355297282e+00
9.882712608582557845e-01
-1.021611451750326749e+00
9.886046627671764009e-01
9.787186161395047268e-01
-1.031068570021890451e+00
9.792421156783285285e-01
-1.030550305478454831e+00
9.797551975763297838e-01
-1.030042354399433480e+00
9.802580691445608174e-01
9.704554884531152448e-01
-1.039249066431416013e+00
-1.028856575767101766e+00
9.814319899905692424e-01
9.716176700906635766e-01
-1.038098506610243055e+00
9.722824784558593558e-01
9.625596536713008078e-01
9.529340571345877864e-01
-1.056595283436758015e+00
-1.046029330602390450e+00
9.644309627036333765e-01
9.547866530765970472e-01
9.452387865458310445e-01
9.357863986803727219e-01
9.264285346935690058e-01
9.171642493466333201e-01
9.079926068531669614e-01
8.989126807846353762e-01
-1.110076446023211094e+00
-1.098975681562978979e+00
-1.087985924747349120e+00
-1.077106065499875642e+00
9.336649951551231341e-01
9.243283452035718772e-01
9.150850617515361440e-01
-1.094065788865979272e+00
-1.083125130977319328e+00
-1.072293879667546079e+00
9.384290591291293282e-01
9.290447685378380172e-01
9.197543208524595615e-01
-1.089443222356065055e+00
-1.078548790132504376e+00
9.322366977688206768e-01
9.229143307911324978e-01
-1.086314812516778749e+00
9.245483356083888937e-01
9.153028522523050103e-01
-1.093850176270217966e+00
-1.082911674507515798e+00
-1.072082557762440658e+00
9.386382678151837800e-01
9.292518851370319410e-01
9.199593662856615506e-01
9.107597726228049417e-01
9.016521748965768968e-01
-1.107364346852388826e+00
9.037092966161350827e-01
8.946722036499736852e-01
8.857254816134739750e-01
8.768682267973392230e-01
8.680995445293657742e-01
8.594185490840722252e-01
-1.149175636406768675e+00
8.623161199572990654e-01
8.536929587577261058e-01
8.451560291701488703e-01
8.367044688784474049e-01
8.283374241896629409e-01
8.200540499477663170e-01
8.118535094482886016e-01
8.037349743538058089e-01
-1.204302375389732394e+00
8.077406483641650370e-01
7.996632418805234011e-01
7.916666094617180738e-01
7.837499433671009097e-01
7.759124439334299517e-01
7.681533194940955989e-01
7.604717862991545729e-01
7.528670684361631338e-01
7.453383977518014403e-01
-1.262114986225716606e+00
-1.249493836363459343e+00
7.630011020001752353e-01
7.553710909801734097e-01
-1.252182619929628205e+00
7.603392062696679998e-01
-1.247264185793028668e+00
7.652084560649016209e-01
7.575563715042525903e-01
-1.250019192210789942e+00
7.624809997113179971e-01
7.548561897142048727e-01
7.473076278170627251e-01
7.398345515388922156e-01
-1.267563793976496767e+00
7.451118439632682389e-01
7.376607255236354854e-01
7.302841182683991184e-01
7.229812770857151349e-01
7.157514643148579214e-01
7.085939496717094110e-01
7.015080101749923136e-01
6.944929300732423094e-01
6.875480007725098819e-01
6.806725207647847942e-01
6.738657955571369929e-01
6.671271376015656118e-01
6.604558662255499701e-01
6.538513075632944593e-01
6.473127944876615469e-01
6.408396665427849026e-01
6.344312698773570958e-01
6.280869571785834271e-01
6.218060876067976750e-01
6.155880267307296538e-01
-1.390567853536577525e+00
-1.376662175001211796e+00
6.371044467488002905e-01
6.307334022813123608e-01
6.244260682584992228e-01
6.181818075759142328e-01
6.119999895001551060e-01
6.058799896051535461e-01
5.998211897091020317e-01
5.938229778120109881e-01
-1.412115251966109097e+00
6.020059005535520757e-01
5.959858415480164817e-01
5.900259831325362914e-01
5.841257233012109307e-01
5.782844660681988325e-01
5.725016214075169252e-01
5.667766051934417515e-01
-1.438891160858492668e+00
5.754977507500922407e-01
5.697427732425912605e-01
5.640453455101652747e-01
5.584048920550637174e-01
5.528208431345129625e-01
-1.452707365296832087e+00
-1.438180291643863740e+00
5.762015112725749066e-01
5.704394961598491243e-01
5.647351011982506552e-01
5.590877501862682175e-01
5.534968726844056164e-01
5.479619039575615025e-01
5.424822849179858908e-01
5.370574620688060019e-01
5.316868874481179841e-01
5.263700185736368553e-01
5.211063183879004468e-01
5.158952552040214634e-01
5.107363026519812221e-01
5.056289396254614044e-01
5.005726502292067170e-01
-1.504433076273085312e+00
5.106112544896455052e-01
5.055051419447491590e-01
5.004500905253015386e-01
4.954455896200485876e-01
4.904911337238481162e-01
4.855862223866096450e-01
-1.519269639837256491e+00
4.959230565611161268e-01
4.909638259955049211e-01
4.860541877355498697e-01
4.811936458581943521e-01
4.763817093996124408e-01
-1.528382107694383762e+00
4.869017133825601640e-01
4.820326962487345712e-01
4.772123692862472177e-01
4.724402455933847111e-01
4.677158431374508485e-01
4.630386847060763422e-01
4.584082978590156010e-01
4.538242148804254583e-01
4.492859727316211860e-01
4.447931130043050185e-01
-1.559654818125737918e+00
4.559417300555193009e-01
4.513823127549640990e-01
-1.553131510372585566e+00
4.623998047311402848e-01
4.577758066838288897e-01
4.531980486169906452e-01
4.486660681308207721e-01
4.441794074495125644e-01
4.397376133750174887e-01
4.353402372412673582e-01
4.309868348688546957e-01
-1.573323033479833821e+00
4.424101968549645214e-01
4.379860948864148229e-01
-1.566393766062449178e+00
4.492701715981751720e-01
4.447774698821934658e-01
4.403296951833715056e-01
-1.564073601768462218e+00
4.515671342492224571e-01
4.470514629067302570e-01
4.425809482776629222e-01
4.381551387948863230e-01
4.337735874069374997e-01
-1.570564148467131993e+00
4.451414930175394691e-01
4.406900780873640455e-01
4.362831773064903551e-01
4.319203455334253983e-01
4.276011420780911898e-01
4.233251306573102557e-01
4.190918793507371065e-01
4.149009605572296921e-01
4.107519509516573963e-01
4.066444314421407968e-01
-1.597422012872280472e+00
4.185522072564422658e-01
4.143666851838778697e-01
4.102230183320391133e-01
4.061207881487187699e-01
-1.597940419732768458e+00
4.180389844645592268e-01
4.138585946199135890e-01
4.097200086737144975e-01
4.056228085869773015e-01
-1.598433419498892505e+00
-1.582449085303903491e+00
4.333754055491354507e-01
4.290416514936441494e-01
4.247512349787077035e-01
4.205037226289206620e-01
4.162986854026314854e-01
-1.587864301451394677e+00
-1.571985658436880762e+00
4.437341981474879349e-01
4.392968561660131055e-01
4.349038876043529456e-01
-1.569445151271690708e+00
4.462493002410262699e-01
4.417868072386159639e-01
4.373689391662297643e-01
-1.567004750225432508e+00
-1.551334702723178083e+00
4.641786443040535337e-01
-1.540463142138987163e+00
4.749414892824028733e-01
4.701920743895788846e-01
-1.534509846354316753e+00
-1.519164747890773715e+00
4.960268995881340626e-01
4.910666305922527508e-01
4.861559642863302333e-01
4.812944046434669554e-01
4.764814605970323358e-01
4.717166459910620002e-01
4.669994795311513958e-01
4.623294847358399018e-01
4.577061898884815516e-01
4.531291279895967028e-01
4.485978367097007702e-01
4.441118583426038047e-01
4.396707397591778088e-01
4.352740323615860163e-01
4.309212920379701384e-01
4.266120791175904703e-01
4.223459583264145278e-01
-1.581877501256849783e+00
4.339412737557187816e-01
4.296018610181615571e-01
4.253058424079799726e-01
-1.578947216016099775e+00
-1.563157743855938753e+00
4.524738335826206104e-01
4.479490952467943821e-01
4.434696042943264693e-01
4.390349082513832490e-01
4.346445591688694599e-01
4.302981135771807297e-01
4.259951324414089635e-01
4.217351811169949283e-01
-1.582482170694174961e+00
4.333426510127666997e-01
4.290092245026390083e-01
4.247191322576125971e-01
4.204719409350364812e-01
4.162672215256860708e-01
4.121045493104291690e-01
4.079835038173248440e-01
4.039036687791516256e-01
-1.600135367908639861e+00
4.158659857704465335e-01
-1.588292674087258050e+00
4.275902526536146109e-01
4.233143501270784093e-01
-1.580918793374192388e+00
-1.565109605440450302e+00
4.505414906139540987e-01
-1.553963924292185439e+00
4.615757149507364598e-01
-1.543040042198770889e+00
4.723903582232168441e-01
4.676664546409846634e-01
4.629897900945748601e-01
4.583598921936291593e-01
4.537762932716928876e-01
-1.550761469661023906e+00
4.647461450355862000e-01
-1.539901316414769683e+00
4.754976967493780293e-01
-1.529257280218115689e+00
4.860352925840653038e-01
4.811749396582246652e-01
-1.523636809738357467e+00
-1.508400441640973977e+00
-1.493316437224564197e+00
-1.478383272852318520e+00
-1.463599440123795503e+00
-1.448963445722557530e+00
-1.434473811265331911e+00
-1.420129073152678556e+00
-1.405927782421151795e+00
-1.391868504596940337e+00
-1.377949819550970956e+00
-1.364170321355461235e+00
-1.350528618141906723e+00
6.629766680395123846e-01
-1.343653098640882781e+00
-1.330216567654473714e+00
-1.316914401977929083e+00
-1.303745257958149661e+00
-1.290707805378568329e+00
-1.277800727324782670e+00
-1.265022720051534710e+00
-1.252372492851019370e+00
-1.239848767922509198e+00
-1.227450280243284064e+00
-1.215175777440851368e+00
-1.203024019666442790e+00
-1.190993779469778246e+00
-1.179083841675080624e+00
-1.167293003258329742e+00
-1.155620073225746447e+00
-1.144063872493489065e+00
-1.132623233768554005e+00
-1.121297001430868523e+00
8.899159685834401312e-01
-1.118983191102394192e+00
8.922066408086296585e-01
8.832845744005434208e-01
-1.125548271343462137e+00
-1.114292788630027342e+00
-1.103149860743727118e+00
-1.092118362136289988e+00
-1.081197178514927026e+00
9.296147932702223393e-01
-1.079681354662479942e+00
-1.068884541115855180e+00
9.418043042953034849e-01
-1.067613738747649643e+00
-1.056937601360173007e+00
-1.046368225346571368e+00
9.640954569068943547e-01
-1.045545497662174528e+00
-1.035090042685552936e+00
-1.024739142258697333e+00
-1.014491750836110429e+00
-1.004346833327749211e+00
1.005696635005528305e+00
-1.004360331344527069e+00
1.005683271968918158e+00
9.956264392492290005e-01
9.856701748567368027e-01
-1.024186526891830651e+00
-1.013944661622912413e+00
9.961947849933168175e-01
-1.013767162856616277e+00
-1.003629491228050119e+00
1.006406803684230411e+00
-1.003657264352612044e+00
-9.936206917090858459e-01
-9.836844847919949952e-01
-9.738476399440750830e-01
-9.641091635446342734e-01
-9.544680719091879206e-01
-9.449233911900960514e-01
1.064525842721804949e+00
-9.461194157054131360e-01
1.063341778451641018e+00
-9.472916393328754125e-01
-9.378187229395467117e-01
-9.284405357101512823e-01
-9.191561303530497717e-01
1.090035430950480722e+00
-9.208649233590240346e-01
-9.116562741254338187e-01
1.097460288615820456e+00
-9.135143142703376906e-01
1.095620828872365671e+00
1.084664620583642103e+00
1.073817974377805573e+00
-9.369202053659724250e-01
-9.275510033123126608e-01
-9.182754932791895586e-01
-9.090927383463975886e-01
-9.000018109629336349e-01
1.108998207146695725e+00
-9.020917749247713280e-01
1.106929142824476520e+00
-9.041401486037683455e-01
-8.950987471177306309e-01
1.113852240353446543e+00
-8.972862820500877579e-01
1.111686580770413046e+00
-8.994302850372910552e-01
-8.904359821869181069e-01
-8.815316223650490057e-01
1.127283693858601499e+00
-8.839891430799845518e-01
-8.751492516491846674e-01
-8.663977591326927907e-01
-8.577337815413659250e-01
1.150843556274047774e+00
1.139335120711307159e+00
-8.720582304958057751e-01
-8.633376481908476840e-01
-8.547042717089392561e-01
-8.461572289918498635e-01
-8.376956567019313571e-01
1.170681299865087954e+00
-8.410255131335628853e-01
-8.326152580022272431e-01
-8.242891054222050151e-01
1.183953785632017031e+00
-8.278857522243031619e-01
-8.196068947020600515e-01
-8.114108257550395331e-01
-8.032967174974890989e-01
-7.952637503225141735e-01
-7.873111128192891162e-01
1.220561998308903773e+00
-7.916436216741852272e-01
-7.837271854574433538e-01
1.224110086397131036e+00
-7.881310144668401962e-01
-7.802497043221718886e-01
-7.724472072789501098e-01
-7.647227352061606309e-01
-7.570755078540989391e-01
-7.495047527755580585e-01
-7.420097052478024091e-01
-7.345896081953243728e-01
-7.272437121133711324e-01
1.280028725007762658e+00
1.267228437757685011e+00
-7.454438466198918256e-01
-7.379894081536929606e-01
-7.306095140721560188e-01
-7.233034189314344609e-01
1.283929615257879853e+00
-7.289096808946988748e-01
-7.216205840857519149e-01
1.285595621755105666e+00
-7.272603344624453126e-01
-7.199877311178208839e-01
-7.127878538066427794e-01
-7.056599752685763782e-01
1.301396624484109310e+00
-7.116173417607316587e-01
1.295498831656875627e+00
-7.174561566596930895e-01
-7.102815950930961852e-01
-7.031787791421652001e-01
-6.961469913507435381e-01
-6.891855214372361038e-01
1.317706333777136196e+00
-6.954707295606350481e-01
-6.885160222650287265e-01
1.318369137957621451e+00
-6.948145534219546393e-01
1.312133592112264768e+00
-7.009877438088577550e-01
-6.939778663707691919e-01
-6.870380877070614289e-01
-6.801677068299909479e-01
-6.733660297616910206e-01
-6.666323694640741149e-01
-6.599660457694332960e-01
-6.533663853117389619e-01
1.353167278541378415e+00
-6.603643942440353687e-01
-6.537607503015949728e-01
-6.472231427985790653e-01
-6.407509113705932569e-01
1.365656597743112766e+00
-6.479999682343184908e-01
-6.415199685519752393e-01
-6.351047688664555047e-01
1.371246278822209064e+00
-6.424661839660130713e-01
-6.360415221263528984e-01
-6.296811069050893828e-01
1.376615704163961507e+00
-6.371504528776781306e-01
1.369221051651098531e+00
-6.444711588654123968e-01
-6.380264472767582795e-01
-6.316461828039907633e-01
-6.253297209759507425e-01
1.380923576233808792e+00
-6.328856595285293762e-01
-6.265568029332440059e-01
-6.202912349039115814e-01
-6.140883225548725566e-01
-6.079474393293238244e-01
-6.018679649360305639e-01
-5.958492852866701384e-01
-5.898907924338034903e-01
-5.839918845094653754e-01
-5.781519656643707705e-01
1.427629553992272982e+00
-5.866467415476497305e-01
1.419219725867826742e+00
-5.949724713908515206e-01
1.410977253323056901e+00
1.396867480789826477e+00
-6.171011940180719524e-01
-6.109301820778911818e-01
-6.048208802571122256e-01
-5.987726714545411610e-01
1.407215055260004233e+00
1.393142904707404206e+00
1.379211475660330199e+00
-6.345806390962731580e-01
1.371765167294689558e+00
1.358047515621742640e+00
-6.555329595344747684e-01
1.351022370060869893e+00
-6.624878536397387219e-01
-6.558629751033413502e-01
-6.493043453523079656e-01
-6.428113018987848815e-01
-6.363831888797970571e-01
-6.300193569909990909e-01
-6.237191634210890179e-01
-6.174819717868781366e-01
-6.113071520690094296e-01
-6.051940805483193575e-01
-5.991421397428360329e-01
-5.931507183454076682e-01
1.412780788838046364e+00
-6.013470190503340529e-01
1.404666451140169192e+00
-6.093802133712324931e-01
-6.032864112375201371e-01
-5.972535471251450012e-01
-5.912810116538935734e-01
-5.853682015373545822e-01
-5.795145195219810752e-01
-5.737193743267612334e-01
-5.679821805834937010e-01
-5.623023587776587728e-01
-5.566793351898821074e-01
-5.511125418379833052e-01
1.454398583580396531e+00
-5.601454022554074319e-01
-5.545439482328533565e-01
1.451001491249475084e+00
-5.635085236630195116e-01
1.442126561573610743e+00
1.427705295957874654e+00
-5.865717570017041638e-01
-5.807060394316871932e-01
-5.748989790373703057e-01
-5.691499892469966682e-01
-5.634584893545266926e-01
-5.578239044609814012e-01
-5.522456654163715450e-01
-5.467232087622078129e-01
-5.412559766745856926e-01
-5.358434169078398757e-01
-5.304849827387614347e-01
1.474819867088626113e+00
-5.399283315822601681e-01
-5.345290482664375453e-01
1.470816242216226755e+00
-5.438919202059354641e-01
-5.384530010038761638e-01
-5.330684709938373622e-01
1.472262213716100998e+00
-5.424604084210600252e-01
-5.370358043368494982e-01
-5.316654462934808922e-01
-5.263487918305460589e-01
-5.210853039122407271e-01
-5.158744508731183398e-01
1.489284293635612766e+00
-5.256085493007431886e-01
-5.203524638077358100e-01
1.484851060830341574e+00
-5.299974497779618154e-01
1.475302524719817931e+00
-5.394505005273804166e-01
-5.340559955221064747e-01
-5.287154355668854944e-01
-5.234282812112165395e-01
-5.181939983991044052e-01
-5.130120584151134366e-01
-5.078819378309622490e-01
1.497196881547347314e+00
-5.177750872681261551e-01
1.487402663604555197e+00
1.472528636968509552e+00
-5.421966494011755122e-01
-5.367746829071637915e-01
1.468593063921908026e+00
-5.460928667173111650e-01
1.459368061949861906e+00
1.444774381330363289e+00
-5.696733624829403153e-01
-5.639766288581109510e-01
-5.583368625695297460e-01
1.447246506056165449e+00
-5.672259590043962074e-01
-5.615536994143521810e-01
-5.559381624202086591e-01
1.449621219203993450e+00
-5.648749929880465537e-01
-5.592262430581660393e-01
-5.536339806275843989e-01
-5.480976408213085183e-01
-5.426166644130954175e-01
1.462809502231035452e+00
-5.518185927912748756e-01
-5.463004068633621202e-01
-5.408374027947284723e-01
-5.354290287667811121e-01
1.469925261520886650e+00
-5.447739910943222297e-01
-5.393262511833789574e-01
-5.339329886715451501e-01
-5.285936587848297785e-01
-5.233077221969815174e-01
-5.180746449750116556e-01
-5.128938985252615712e-01
1.492235040459991113e+00
-5.226873099446087689e-01
-5.174604368451627412e-01
-5.122858324767111116e-01
-5.071629741519440016e-01
1.497908655589575311e+00
-5.170704309663203269e-01
