"acc" "trial" "block"
0.173913 1 1
0.304348 2 1
0.478261 3 1
0.217391 4 1
0.434783 5 1
0.217391 6 1
0.391304 7 1
0.347826 8 1
0.347826 9 1
0.304348 10 1
0.26087 11 1
0.565217 12 1
0.217391 13 1
0.391304 14 1
0.347826 15 1
0.304348 16 1
0.391304 17 1
0.391304 18 1
0.304348 19 1
0.478261 20 1
0.434783 21 1
0.478261 22 1
0.521739 23 1
0.478261 24 1
0.478261 25 1
0.347826 26 2
0.391304 27 2
0.521739 28 2
0.434783 29 2
0.521739 30 2
0.434783 31 2
0.565217 32 2
0.391304 33 2
0.304348 34 2
0.478261 35 2
0.391304 36 2
0.434783 37 2
0.391304 38 2
0.304348 39 2
0.521739 40 2
0.347826 41 2
0.434783 42 2
0.608696 43 2
0.521739 44 2
0.521739 45 2
0.521739 46 2
0.434783 47 2
0.478261 48 2
0.565217 49 2
0.391304 50 2
0.217391 51 3
0.347826 52 3
0.565217 53 3
0.652174 54 3
0.565217 55 3
0.478261 56 3
0.304348 57 3
0.565217 58 3
0.521739 59 3
0.434783 60 3
0.521739 61 3
0.434783 62 3
0.434783 63 3
0.434783 64 3
0.565217 65 3
0.608696 66 3
0.695652 67 3
0.521739 68 3
0.695652 69 3
0.652174 70 3
0.478261 71 3
0.608696 72 3
0.478261 73 3
0.565217 74 3
0.652174 75 3
0.391304 76 4
0.73913 77 4
0.434783 78 4
0.565217 79 4
0.782609 80 4
0.434783 81 4
0.73913 82 4
0.73913 83 4
0.565217 84 4
0.695652 85 4
0.434783 86 4
0.521739 87 4
0.652174 88 4
0.608696 89 4
0.434783 90 4
0.565217 91 4
0.521739 92 4
0.695652 93 4
0.478261 94 4
0.73913 95 4
0.73913 96 4
0.608696 97 4
0.565217 98 4
0.478261 99 4
0.565217 100 4
0.521739 101 5
0.347826 102 5
0.608696 103 5
0.695652 104 5
0.478261 105 5
0.565217 106 5
0.565217 107 5
0.608696 108 5
0.608696 109 5
0.608696 110 5
0.695652 111 5
0.608696 112 5
0.652174 113 5
0.695652 114 5
0.565217 115 5
0.652174 116 5
0.782609 117 5
0.608696 118 5
0.521739 119 5
0.73913 120 5
0.608696 121 5
0.826087 122 5
0.565217 123 5
0.652174 124 5
0.565217 125 5
0.695652 126 6
0.521739 127 6
0.782609 128 6
0.608696 129 6
0.521739 130 6
0.565217 131 6
0.73913 132 6
0.73913 133 6
0.652174 134 6
0.652174 135 6
0.652174 136 6
0.73913 137 6
0.695652 138 6
0.521739 139 6
0.652174 140 6
0.73913 141 6
0.608696 142 6
0.434783 143 6
0.565217 144 6
0.73913 145 6
0.869565 146 6
0.565217 147 6
0.391304 148 6
0.695652 149 6
0.521739 150 6
0.73913 151 7
0.695652 152 7
0.608696 153 7
0.652174 154 7
0.565217 155 7
0.565217 156 7
0.434783 157 7
0.608696 158 7
0.608696 159 7
0.478261 160 7
0.565217 161 7
0.652174 162 7
0.652174 163 7
0.565217 164 7
0.826087 165 7
0.565217 166 7
0.565217 167 7
0.695652 168 7
0.73913 169 7
0.608696 170 7
0.652174 171 7
0.695652 172 7
0.652174 173 7
0.695652 174 7
0.521739 175 7
0.608696 176 8
0.695652 177 8
0.565217 178 8
0.608696 179 8
0.695652 180 8
0.521739 181 8
0.73913 182 8
0.608696 183 8
0.695652 184 8
0.565217 185 8
0.521739 186 8
0.695652 187 8
0.608696 188 8
0.826087 189 8
0.652174 190 8
0.608696 191 8
0.608696 192 8
0.782609 193 8
0.782609 194 8
0.608696 195 8
0.782609 196 8
0.521739 197 8
0.608696 198 8
0.521739 199 8
0.652174 200 8
0.565217 201 9
0.608696 202 9
0.73913 203 9
0.73913 204 9
0.695652 205 9
0.565217 206 9
0.608696 207 9
0.826087 208 9
0.695652 209 9
0.608696 210 9
0.608696 211 9
0.956522 212 9
0.608696 213 9
0.782609 214 9
0.695652 215 9
0.565217 216 9
0.652174 217 9
0.695652 218 9
0.652174 219 9
0.652174 220 9
0.521739 221 9
0.608696 222 9
0.695652 223 9
0.782609 224 9
0.782609 225 9
0.652174 226 10
0.826087 227 10
0.608696 228 10
0.73913 229 10
0.608696 230 10
0.608696 231 10
0.695652 232 10
0.652174 233 10
0.652174 234 10
0.73913 235 10
0.695652 236 10
0.782609 237 10
0.695652 238 10
0.695652 239 10
0.608696 240 10
0.608696 241 10
0.652174 242 10
0.695652 243 10
0.826087 244 10
0.826087 245 10
0.869565 246 10
0.73913 247 10
0.478261 248 10
0.652174 249 10
0.652174 250 10
0.869565 251 11
0.782609 252 11
0.521739 253 11
0.652174 254 11
0.652174 255 11
0.565217 256 11
0.478261 257 11
0.73913 258 11
0.565217 259 11
0.652174 260 11
0.695652 261 11
0.521739 262 11
0.826087 263 11
0.73913 264 11
0.565217 265 11
0.695652 266 11
0.826087 267 11
0.73913 268 11
0.695652 269 11
0.565217 270 11
0.782609 271 11
0.695652 272 11
0.73913 273 11
0.652174 274 11
0.73913 275 11
0.608696 276 12
0.695652 277 12
0.826087 278 12
0.913043 279 12
0.782609 280 12
0.695652 281 12
0.652174 282 12
0.565217 283 12
0.565217 284 12
0.608696 285 12
0.652174 286 12
0.782609 287 12
0.565217 288 12
0.826087 289 12
0.565217 290 12
0.652174 291 12
0.565217 292 12
0.608696 293 12
0.73913 294 12
0.608696 295 12
0.782609 296 12
0.565217 297 12
0.73913 298 12
0.652174 299 12
0.73913 300 12
0.565217 301 13
0.73913 302 13
0.695652 303 13
0.695652 304 13
0.652174 305 13
0.608696 306 13
0.782609 307 13
0.652174 308 13
0.565217 309 13
0.608696 310 13
0.608696 311 13
0.652174 312 13
0.608696 313 13
0.565217 314 13
0.434783 315 13
0.608696 316 13
0.73913 317 13
0.652174 318 13
0.521739 319 13
0.521739 320 13
0.652174 321 13
0.434783 322 13
0.608696 323 13
0.521739 324 13
0.608696 325 13
0.304348 326 14
0.521739 327 14
0.26087 328 14
0.521739 329 14
0.478261 330 14
0.434783 331 14
0.304348 332 14
0.434783 333 14
0.391304 334 14
0.391304 335 14
0.347826 336 14
0.304348 337 14
0.347826 338 14
0.347826 339 14
0.304348 340 14
0.478261 341 14
0.304348 342 14
0.478261 343 14
0.695652 344 14
0.565217 345 14
0.521739 346 14
0.347826 347 14
0.478261 348 14
0.347826 349 14
0.26087 350 14
0.521739 351 15
0.434783 352 15
0.304348 353 15
0.391304 354 15
0.478261 355 15
0.304348 356 15
0.347826 357 15
0.304348 358 15
0.521739 359 15
0.304348 360 15
0.347826 361 15
0.391304 362 15
0.434783 363 15
0.391304 364 15
0.347826 365 15
0.347826 366 15
0.347826 367 15
0.391304 368 15
0.391304 369 15
0.391304 370 15
0.391304 371 15
0.434783 372 15
0.434783 373 15
0.217391 374 15
0.217391 375 15
0.304348 376 16
0.26087 377 16
0.347826 378 16
0.347826 379 16
0.304348 380 16
0.347826 381 16
0.217391 382 16
0.391304 383 16
0.347826 384 16
0.434783 385 16
0.26087 386 16
0.347826 387 16
0.434783 388 16
0.434783 389 16
0.304348 390 16
0.391304 391 16
0.478261 392 16
0.26087 393 16
0.434783 394 16
0.434783 395 16
0.434783 396 16
0.434783 397 16
0.521739 398 16
0.217391 399 16
0.391304 400 16
0.304348 401 17
0.434783 402 17
0.521739 403 17
0.26087 404 17
0.565217 405 17
0.304348 406 17
0.521739 407 17
0.565217 408 17
0.478261 409 17
0.391304 410 17
0.434783 411 17
0.478261 412 17
0.478261 413 17
0.391304 414 17
0.347826 415 17
0.434783 416 17
0.26087 417 17
0.434783 418 17
0.434783 419 17
0.391304 420 17
0.347826 421 17
0.347826 422 17
0.478261 423 17
0.434783 424 17
0.478261 425 17
0.521739 426 18
0.434783 427 18
0.391304 428 18
0.304348 429 18
0.478261 430 18
0.478261 431 18
0.347826 432 18
0.434783 433 18
0.304348 434 18
0.304348 435 18
0.608696 436 18
0.26087 437 18
0.217391 438 18
0.347826 439 18
0.391304 440 18
0.391304 441 18
0.347826 442 18
0.652174 443 18
0.478261 444 18
0.478261 445 18
0.478261 446 18
0.347826 447 18
0.391304 448 18
0.304348 449 18
0.26087 450 18
0.434783 451 19
0.391304 452 19
0.478261 453 19
0.478261 454 19
0.478261 455 19
0.26087 456 19
0.347826 457 19
0.304348 458 19
0.608696 459 19
0.478261 460 19
0.347826 461 19
0.347826 462 19
0.347826 463 19
0.347826 464 19
0.434783 465 19
0.347826 466 19
0.434783 467 19
0.26087 468 19
0.391304 469 19
0.391304 470 19
0.304348 471 19
0.217391 472 19
0.478261 473 19
0.26087 474 19
0.26087 475 19
0.173913 476 20
0.304348 477 20
0.478261 478 20
0.304348 479 20
0.434783 480 20
0.434783 481 20
0.173913 482 20
0.26087 483 20
0.26087 484 20
0.434783 485 20
0.347826 486 20
0.391304 487 20
0.434783 488 20
0.347826 489 20
0.434783 490 20
0.391304 491 20
0.217391 492 20
0.26087 493 20
0.347826 494 20
0.565217 495 20
0.521739 496 20
0.391304 497 20
0.347826 498 20
0.434783 499 20
0.217391 500 20
0.391304 501 21
0.217391 502 21
0.347826 503 21
0.217391 504 21
0.478261 505 21
0.347826 506 21
0.434783 507 21
0.304348 508 21
0.217391 509 21
0.434783 510 21
0.434783 511 21
0.521739 512 21
0.391304 513 21
0.347826 514 21
0.26087 515 21
0.304348 516 21
0.391304 517 21
0.391304 518 21
0.478261 519 21
0.347826 520 21
0.304348 521 21
0.26087 522 21
0.391304 523 21
0.434783 524 21
0.347826 525 21
0.347826 526 22
0.347826 527 22
0.304348 528 22
0.086957 529 22
0.391304 530 22
0.347826 531 22
0.173913 532 22
0.347826 533 22
0.217391 534 22
0.217391 535 22
0.26087 536 22
0.173913 537 22
0.130435 538 22
0.26087 539 22
0.217391 540 22
0.26087 541 22
0.26087 542 22
0.304348 543 22
0.304348 544 22
0.26087 545 22
0.434783 546 22
0.304348 547 22
0.130435 548 22
0.217391 549 22
0.217391 550 22
0.130435 551 23
0.217391 552 23
0.304348 553 23
0.26087 554 23
0.434783 555 23
0.304348 556 23
0.304348 557 23
0.26087 558 23
0.26087 559 23
0.173913 560 23
0.521739 561 23
0.217391 562 23
0.130435 563 23
0.26087 564 23
0.304348 565 23
0.26087 566 23
0.391304 567 23
0.304348 568 23
0.347826 569 23
0.304348 570 23
0.26087 571 23
0.173913 572 23
0.347826 573 23
0.304348 574 23
0.173913 575 23
0.521739 576 24
0.217391 577 24
0.347826 578 24
0.304348 579 24
0.217391 580 24
0.347826 581 24
0.086957 582 24
0.347826 583 24
0.26087 584 24
0.217391 585 24
0.26087 586 24
0.304348 587 24
0.391304 588 24
0.347826 589 24
0.347826 590 24
0.391304 591 24
0.26087 592 24
0.347826 593 24
0.347826 594 24
0.217391 595 24
0.521739 596 24
0.26087 597 24
0.347826 598 24
0.26087 599 24
0.304348 600 24
0.434783 601 25
0.217391 602 25
0.434783 603 25
0.304348 604 25
0.391304 605 25
0.434783 606 25
0.478261 607 25
0.478261 608 25
0.478261 609 25
0.695652 610 25
0.608696 611 25
0.434783 612 25
0.73913 613 25
0.565217 614 25
0.565217 615 25
0.521739 616 25
0.608696 617 25
0.521739 618 25
0.478261 619 25
0.695652 620 25
0.652174 621 25
0.652174 622 25
0.521739 623 25
0.782609 624 25
0.608696 625 25
0.478261 626 26
0.695652 627 26
0.782609 628 26
0.73913 629 26
0.608696 630 26
0.695652 631 26
0.826087 632 26
0.695652 633 26
0.565217 634 26
0.608696 635 26
0.608696 636 26
0.73913 637 26
0.956522 638 26
0.695652 639 26
0.565217 640 26
0.608696 641 26
0.565217 642 26
0.521739 643 26
0.695652 644 26
0.652174 645 26
0.73913 646 26
0.652174 647 26
0.521739 648 26
0.434783 649 26
0.478261 650 26
0.826087 651 27
0.782609 652 27
0.695652 653 27
0.521739 654 27
0.608696 655 27
0.565217 656 27
0.73913 657 27
0.695652 658 27
0.565217 659 27
0.73913 660 27
0.608696 661 27
0.73913 662 27
0.826087 663 27
0.565217 664 27
0.826087 665 27
0.73913 666 27
0.782609 667 27
0.608696 668 27
0.652174 669 27
0.695652 670 27
0.73913 671 27
0.695652 672 27
0.782609 673 27
0.782609 674 27
0.73913 675 27
0.73913 676 28
0.652174 677 28
0.652174 678 28
0.695652 679 28
0.652174 680 28
0.695652 681 28
0.652174 682 28
0.652174 683 28
0.521739 684 28
0.695652 685 28
0.434783 686 28
0.695652 687 28
0.652174 688 28
0.565217 689 28
0.608696 690 28
0.652174 691 28
0.652174 692 28
0.565217 693 28
0.695652 694 28
0.652174 695 28
0.826087 696 28
0.434783 697 28
0.73913 698 28
0.695652 699 28
0.565217 700 28
0.565217 701 29
0.608696 702 29
0.652174 703 29
0.695652 704 29
0.652174 705 29
0.695652 706 29
0.652174 707 29
0.73913 708 29
0.695652 709 29
0.652174 710 29
0.521739 711 29
0.73913 712 29
0.73913 713 29
0.73913 714 29
0.565217 715 29
0.652174 716 29
0.73913 717 29
0.782609 718 29
0.782609 719 29
0.869565 720 29
0.826087 721 29
0.695652 722 29
0.782609 723 29
0.73913 724 29
0.826087 725 29
0.782609 726 30
0.565217 727 30
0.782609 728 30
0.695652 729 30
0.608696 730 30
0.73913 731 30
0.869565 732 30
0.652174 733 30
0.73913 734 30
0.652174 735 30
0.913043 736 30
0.608696 737 30
0.73913 738 30
0.782609 739 30
0.695652 740 30
0.913043 741 30
0.652174 742 30
0.608696 743 30
0.782609 744 30
0.652174 745 30
0.826087 746 30
0.695652 747 30
0.782609 748 30
0.782609 749 30
0.608696 750 30
0.521739 751 31
0.826087 752 31
0.782609 753 31
0.73913 754 31
0.608696 755 31
0.695652 756 31
0.73913 757 31
0.695652 758 31
0.521739 759 31
0.695652 760 31
0.782609 761 31
0.73913 762 31
0.73913 763 31
0.695652 764 31
0.521739 765 31
0.652174 766 31
0.695652 767 31
0.652174 768 31
0.652174 769 31
0.652174 770 31
0.652174 771 31
0.695652 772 31
0.565217 773 31
0.608696 774 31
0.869565 775 31
0.73913 776 32
0.652174 777 32
0.782609 778 32
0.782609 779 32
0.73913 780 32
0.608696 781 32
0.652174 782 32
0.478261 783 32
0.521739 784 32
0.73913 785 32
0.565217 786 32
0.826087 787 32
0.565217 788 32
0.782609 789 32
0.695652 790 32
0.521739 791 32
0.695652 792 32
0.695652 793 32
0.695652 794 32
0.652174 795 32
0.73913 796 32
0.608696 797 32
0.73913 798 32
0.695652 799 32
0.608696 800 32
0.565217 801 33
0.565217 802 33
0.608696 803 33
0.782609 804 33
0.695652 805 33
0.652174 806 33
0.782609 807 33
0.869565 808 33
0.73913 809 33
0.826087 810 33
0.73913 811 33
0.652174 812 33
0.782609 813 33
0.695652 814 33
0.521739 815 33
0.565217 816 33
0.869565 817 33
0.695652 818 33
0.73913 819 33
0.782609 820 33
0.695652 821 33
0.782609 822 33
0.695652 823 33
0.826087 824 33
0.782609 825 33
0.782609 826 34
0.652174 827 34
0.913043 828 34
0.73913 829 34
0.521739 830 34
0.652174 831 34
0.826087 832 34
0.695652 833 34
0.652174 834 34
0.782609 835 34
0.869565 836 34
0.73913 837 34
0.695652 838 34
0.782609 839 34
0.782609 840 34
0.869565 841 34
0.695652 842 34
0.695652 843 34
0.73913 844 34
0.826087 845 34
0.782609 846 34
0.73913 847 34
0.652174 848 34
0.652174 849 34
0.608696 850 34
0.782609 851 35
0.782609 852 35
0.608696 853 35
0.608696 854 35
0.869565 855 35
0.782609 856 35
0.565217 857 35
0.652174 858 35
0.73913 859 35
0.608696 860 35
0.826087 861 35
0.652174 862 35
0.652174 863 35
0.695652 864 35
0.73913 865 35
0.782609 866 35
0.652174 867 35
0.695652 868 35
0.652174 869 35
0.652174 870 35
0.73913 871 35
0.826087 872 35
0.826087 873 35
0.782609 874 35
0.782609 875 35
0.608696 876 36
0.608696 877 36
0.73913 878 36
0.521739 879 36
0.652174 880 36
0.565217 881 36
0.608696 882 36
0.434783 883 36
0.608696 884 36
0.565217 885 36
0.434783 886 36
0.695652 887 36
0.608696 888 36
0.73913 889 36
0.565217 890 36
0.652174 891 36
0.652174 892 36
0.652174 893 36
0.782609 894 36
0.434783 895 36
0.695652 896 36
0.608696 897 36
0.565217 898 36
0.695652 899 36
0.565217 900 36
