1 100.29 72.852 3 1 0 5.6933 2 1 2 0
1 110.45 128.43 2 2 1 2.335 2 1 2 0
1 80.145 103.81 1 2 0 1.2931 2 1 2 0
1 108.73 146.08 2 3 0 2.9102 2 1 2 0
1 91.562 71.13 3 2 0 2.1567 2 1 2 0
1 88.153 75.402 3 1 0 1.3242 2 1 2 0
1 94.876 128.97 2 4 0 1.4688 2 1 2 0
1 101.69 71.413 3 3 1 2.1564 2 1 2 0
1 91.665 129.79 2 2 1 2.0907 2 1 2 0
1 64.7 97.217 1 4 0 2.7148 2 1 2 0
1 94.807 71.083 3 1 0 3.3536 2 1 2 0
1 140.93 83.272 4 3 0 1.1297 2 1 2 0
1 95.81 77.826 3 4 0 1.0022 2 1 2 0
1 63.482 91.567 1 1 1 1.3399 2 1 2 0
1 70.559 113.66 1 2 0 1.1963 2 1 2 0
1 95.906 128.14 2 2 1 2.331 2 1 2 0
1 132.73 92.579 4 3 0 1.1793 2 1 2 0
1 96.262 137.63 2 2 1 0.44734 2 1 2 0
1 81.981 122.2 2 1 0 1.5327 2 1 2 0
1 64.004 91.564 1 4 0 0.90311 2 1 2 0
1 139.57 102.71 4 3 0 0.68159 2 1 2 0
1 70.98 97.498 1 1 1 0.74563 2 1 2 0
1 129.28 110.85 4 4 1 2.5704 2 1 2 0
1 116.98 121.04 4 3 0 1.9946 2 1 2 0
1 113.07 114.09 2 4 0 3.9489 2 1 2 0
1 107.25 127.76 2 3 0 1.036 2 1 2 0
1 74.074 99.646 1 1 1 0.60224 2 1 2 0
1 104.77 137.2 2 2 1 0.56936 2 1 2 0
1 98.473 67.976 3 2 0 0.47412 2 1 2 0
1 137.8 100.42 4 1 0 0.26614 2 1 2 0
1 90.921 64.416 3 3 1 0.49383 2 1 2 0
1 73.17 85.193 1 4 0 0.70084 2 1 2 0
1 98.49 82.627 3 1 0 0.37905 2 1 2 0
1 90.34 116.9 1 2 0 0.28294 2 1 2 0
1 110.02 129.03 2 4 0 0.58619 2 1 2 0
1 143.61 95.96 4 3 0 0.23471 2 1 2 0
1 94.916 127.7 2 1 0 0.39524 2 1 2 0
1 104.87 128.24 2 2 1 0.26779 2 1 2 0
1 122.11 98.63 4 4 1 1.4186 2 1 2 0
1 101.08 80.825 3 3 1 0.61905 2 1 2 0
1 115.03 82.638 3 1 0 0.57079 2 1 2 0
1 131.21 122.03 4 4 1 0.61939 2 1 2 0
1 68.49 100.38 1 1 1 0.82925 2 1 2 0
1 78.227 104.33 1 2 0 0.68277 2 1 2 0
1 109.3 94.724 4 3 0 0.65013 2 1 2 0
1 127.71 94.534 4 2 0 0.73013 2 1 2 0
1 101.55 85.011 3 1 0 0.62156 2 1 2 0
1 72.589 103.31 1 1 1 0.71387 2 1 2 0
1 69.114 108.52 1 1 1 2.074 2 1 2 0
1 103.34 114.1 2 2 1 1.6295 2 1 2 0
1 125.05 99.471 4 3 0 1.4344 2 1 2 0
1 84.963 129.49 2 2 1 1.3234 2 1 2 0
1 97.064 60.284 3 4 0 0.85821 2 1 2 0
1 73.671 95.878 1 1 1 2.8438 2 1 2 0
1 95.845 83.32 3 2 0 0.65046 2 1 2 0
1 77.996 133.37 2 1 0 0.68349 2 1 2 0
1 122.08 84.683 4 4 1 1.6277 2 1 2 0
1 114.03 71.214 3 3 1 1.0028 2 1 2 0
1 112.1 90.087 4 1 0 0.70169 2 1 2 0
1 130.3 108.11 4 2 0 1.4532 2 1 2 0
1 64.865 97.452 1 4 0 0.28501 2 1 2 0
1 80.524 83.775 3 3 1 0.52519 2 1 2 0
1 103.9 52.984 3 1 0 1.1316 2 1 2 0
1 70.798 95.527 1 2 0 1.2751 2 1 2 0
1 129.02 91.02 4 4 1 0.44416 2 1 2 0
1 64.013 119.66 1 2 0 0.65026 2 1 2 0
1 116.82 91.335 3 1 0 0.15721 2 1 2 0
1 135.33 107.93 4 4 1 1.3715 2 1 2 0
1 89.463 121.33 2 2 1 1.5958 2 1 2 0
1 85.609 129.03 2 1 0 1.1464 2 1 2 0
1 82.093 84.705 1 2 0 0.60298 2 1 2 0
1 105.36 117.7 2 3 0 0.74748 2 1 2 0
1 94.894 72.019 3 4 0 0.71551 2 1 2 0
1 106.31 69.963 3 1 0 0.97317 2 1 2 0
1 98.53 129.25 2 4 0 0.54038 2 1 2 0
1 104.24 138.9 2 2 1 0.29839 2 1 2 0
1 71.674 104.66 1 1 1 0.56784 2 1 2 0
1 74.121 97.48 1 2 0 0.50765 2 1 2 0
1 76.145 86.468 1 1 1 0.44311 2 1 2 0
1 90.49 90.771 1 2 0 0.66903 2 1 2 0
1 87.545 133.79 2 1 0 0.44366 2 1 2 0
1 131.4 98.805 4 4 1 0.42722 2 1 2 0
1 108.93 81.938 4 4 1 0.39714 2 1 2 0
1 122.82 101.77 4 4 1 0.64997 2 1 2 0
1 119.77 117.65 2 4 0 0.79375 2 1 2 0
1 88.909 58.429 3 1 0 0.71772 2 1 2 0
1 127.92 108.38 4 3 0 3.2756 2 1 2 0
1 81.79 111.54 2 1 0 0.60334 2 1 2 0
1 105.37 62.352 3 2 0 0.52534 2 1 2 0
1 55.968 101.51 1 1 1 1.739 2 1 2 0
1 137.02 95.216 4 3 0 1.5314 2 1 2 0
1 113.79 95.295 3 2 0 1.468 2 1 2 0
1 106.52 71.449 3 3 1 0.4273 2 1 2 0
1 59.37 85.034 1 1 1 0.93782 2 1 2 0
1 69.854 99.217 1 2 0 1.066 2 1 2 0
1 107.72 122.85 2 3 0 1.0029 2 1 2 0
1 124.09 118.91 4 4 1 0.89066 2 1 2 0
1 79.562 79.509 3 2 0 0.36391 2 1 2 0
1 125.02 87.037 4 1 0 0.33071 2 1 2 0
1 124.5 78.177 4 4 1 0.33005 2 1 2 0
2 100.29 72.852 3 4 0 1.6156 2 1 2 0
2 110.45 128.43 2 3 0 0.50915 2 1 2 0
2 80.145 103.81 1 1 1 0.5552 2 1 2 0
2 108.73 146.08 2 2 1 0.60443 2 1 2 0
2 91.562 71.13 3 4 0 0.74771 2 1 2 0
2 88.153 75.402 3 3 1 0.34624 2 1 2 0
2 94.876 128.97 2 1 0 0.41356 2 1 2 0
2 101.69 71.413 3 2 0 0.66571 2 1 2 0
2 91.665 129.79 2 4 0 1.4819 2 1 2 0
2 64.7 97.217 1 1 1 1.0994 2 1 2 0
2 94.807 71.083 3 2 0 0.77938 2 1 2 0
2 140.93 83.272 4 4 1 0.60278 2 1 2 0
2 95.81 77.826 3 1 0 0.76549 2 1 2 0
2 63.482 91.567 1 2 0 0.63544 2 1 2 0
2 70.559 113.66 1 1 1 0.48994 2 1 2 0
2 95.906 128.14 2 2 1 3.5631 2 1 2 0
2 132.73 92.579 4 4 1 2.1398 2 1 2 0
2 96.262 137.63 2 2 1 1.3393 2 1 2 0
2 81.981 122.2 2 2 1 1.437 2 1 2 0
2 64.004 91.564 1 1 1 1.5001 2 1 2 0
2 139.57 102.71 4 2 0 1.7079 2 1 2 0
2 70.98 97.498 1 4 0 2.8262 2 1 2 0
2 129.28 110.85 4 2 0 1.8032 2 1 2 0
2 116.98 121.04 4 3 0 0.60352 2 1 2 0
2 113.07 114.09 2 1 0 0.98635 2 1 2 0
2 107.25 127.76 2 2 1 0.44156 2 1 2 0
2 74.074 99.646 1 1 1 1.2905 2 1 2 0
2 104.77 137.2 2 4 0 5.5632 2 1 2 0
2 98.473 67.976 3 2 0 1.4852 2 1 2 0
2 137.8 100.42 4 3 0 1.0975 2 1 2 0
2 90.921 64.416 3 1 0 0.6337 2 1 2 0
2 73.17 85.193 1 2 0 0.52229 2 1 2 0
2 98.49 82.627 3 1 0 0.60272 2 1 2 0
2 90.34 116.9 1 4 0 0.30026 2 1 2 0
2 110.02 129.03 2 3 0 0.2499 2 1 2 0
2 143.61 95.96 4 2 0 0.47662 2 1 2 0
2 94.916 127.7 2 1 0 0.4747 2 1 2 0
2 104.87 128.24 2 3 0 0.65139 2 1 2 0
2 122.11 98.63 4 4 1 0.55757 2 1 2 0
2 101.08 80.825 3 4 0 0.55643 2 1 2 0
2 115.03 82.638 3 2 0 0.60365 2 1 2 0
2 131.21 122.03 4 3 0 1.019 2 1 2 0
2 68.49 100.38 1 1 1 1.3062 2 1 2 0
2 78.227 104.33 1 2 0 3.3415 2 1 2 0
2 109.3 94.724 4 4 1 0.6497 2 1 2 0
2 127.71 94.534 4 3 0 0.69966 2 1 2 0
2 101.55 85.011 3 2 0 2.2498 2 1 2 0
2 72.589 103.31 1 1 1 1.1958 2 1 2 0
2 69.114 108.52 1 1 1 0.58586 2 1 2 0
2 103.34 114.1 2 3 0 5.4343 2 1 2 0
2 125.05 99.471 4 1 0 0.52478 2 1 2 0
2 84.963 129.49 2 2 1 0.2361 2 1 2 0
2 97.064 60.284 3 2 0 0.54119 2 1 2 0
2 73.671 95.878 1 4 0 0.41044 2 1 2 0
2 95.845 83.32 3 1 0 0.36312 2 1 2 0
2 77.996 133.37 2 3 0 0.6839 2 1 2 0
2 122.08 84.683 4 1 0 0.45994 2 1 2 0
2 114.03 71.214 3 2 0 0.45982 2 1 2 0
2 112.1 90.087 4 2 0 1.2753 2 1 2 0
2 130.3 108.11 4 1 0 0.50725 2 1 2 0
2 64.865 97.452 1 4 0 0.57063 2 1 2 0
2 80.524 83.775 3 3 1 0.33004 2 1 2 0
2 103.9 52.984 3 2 0 0.76489 2 1 2 0
2 70.798 95.527 1 3 0 1.0837 2 1 2 0
2 129.02 91.02 4 1 0 1.6915 2 1 2 0
2 64.013 119.66 1 2 0 0.39451 2 1 2 0
2 116.82 91.335 3 4 0 0.458 2 1 2 0
2 135.33 107.93 4 3 0 0.26743 2 1 2 0
2 89.463 121.33 2 1 0 0.20394 2 1 2 0
2 85.609 129.03 2 2 1 0.23539 2 1 2 0
2 82.093 84.705 1 2 0 0.1396 2 1 2 0
2 105.36 117.7 2 4 0 0.24929 2 1 2 0
2 94.894 72.019 3 3 1 0.21939 2 1 2 0
2 106.31 69.963 3 1 0 0.6501 2 1 2 0
2 98.53 129.25 2 3 0 0.22022 2 1 2 0
2 104.24 138.9 2 2 1 0.7757 2 1 2 0
2 71.674 104.66 1 4 0 0.6814 2 1 2 0
2 74.121 97.48 1 2 0 0.41336 2 1 2 0
2 76.145 86.468 1 1 1 0.55433 2 1 2 0
2 90.49 90.771 1 3 0 1.0984 2 1 2 0
2 87.545 133.79 2 1 0 0.61737 2 1 2 0
2 131.4 98.805 4 4 1 3.0189 2 1 2 0
2 108.93 81.938 4 2 0 0.28343 2 1 2 0
2 122.82 101.77 4 1 0 0.23745 2 1 2 0
2 119.77 117.65 2 3 0 0.26578 2 1 2 0
2 88.909 58.429 3 4 0 0.45782 2 1 2 0
2 127.92 108.38 4 3 0 2.4581 2 1 2 0
2 81.79 111.54 2 2 1 2.171 2 1 2 0
2 105.37 62.352 3 3 1 1.2932 2 1 2 0
2 55.968 101.51 1 1 1 1.8813 2 1 2 0
2 137.02 95.216 4 4 1 4.0269 2 1 2 0
2 113.79 95.295 3 3 1 2.1062 2 1 2 0
2 106.52 71.449 3 2 0 1.3532 2 1 2 0
2 59.37 85.034 1 2 0 1.435 2 1 2 0
2 69.854 99.217 1 1 1 0.97075 2 1 2 0
2 107.72 122.85 2 2 1 1.2453 2 1 2 0
2 124.09 118.91 4 3 0 1.7209 2 1 2 0
2 79.562 79.509 3 2 0 1.3221 2 1 2 0
2 125.02 87.037 4 4 1 1.2424 2 1 2 0
2 124.5 78.177 4 4 1 0.66966 2 1 2 0
3 100.29 72.852 3 4 0 1.2799 2 1 2 0
3 110.45 128.43 2 3 0 1.1936 2 1 2 0
3 80.145 103.81 1 2 0 0.39349 2 1 2 0
3 108.73 146.08 2 1 0 0.2819 2 1 2 0
3 91.562 71.13 3 4 0 0.58738 2 1 2 0
3 88.153 75.402 3 2 0 2.25 2 1 2 0
3 94.876 128.97 2 3 0 1.0998 2 1 2 0
3 101.69 71.413 3 3 1 1.8833 2 1 2 0
3 91.665 129.79 2 2 1 1.1933 2 1 2 0
3 64.7 97.217 1 1 1 1.306 2 1 2 0
3 94.807 71.083 3 1 0 2.1235 2 1 2 0
3 140.93 83.272 4 4 1 1.6291 2 1 2 0
3 95.81 77.826 3 2 0 1.0184 2 1 2 0
3 63.482 91.567 1 1 1 1.2579 2 1 2 0
3 70.559 113.66 1 2 0 1.3379 2 1 2 0
3 95.906 128.14 2 2 1 0.98605 2 1 2 0
3 132.73 92.579 4 4 1 1.3228 2 1 2 0
3 96.262 137.63 2 3 0 1.5458 2 1 2 0
3 81.981 122.2 2 2 1 2.2662 2 1 2 0
3 64.004 91.564 1 1 1 1.165 2 1 2 0
3 139.57 102.71 4 4 1 2.2347 2 1 2 0
3 70.98 97.498 1 2 0 1.596 2 1 2 0
3 129.28 110.85 4 3 0 1.5628 2 1 2 0
3 116.98 121.04 4 3 0 1.34 2 1 2 0
3 113.07 114.09 2 4 0 0.77799 2 1 2 0
3 107.25 127.76 2 3 0 0.93822 2 1 2 0
3 74.074 99.646 1 2 0 0.78131 2 1 2 0
3 104.77 137.2 2 2 1 0.89208 2 1 2 0
3 98.473 67.976 3 2 0 0.55431 2 1 2 0
3 137.8 100.42 4 4 1 0.74481 2 1 2 0
3 90.921 64.416 3 3 1 1.835 2 1 2 0
3 73.17 85.193 1 2 0 0.30033 2 1 2 0
3 98.49 82.627 3 2 0 0.71746 2 1 2 0
3 90.34 116.9 1 2 0 0.62114 2 1 2 0
3 110.02 129.03 2 1 0 2.1044 2 1 2 0
3 143.61 95.96 4 3 0 0.76091 2 1 2 0
3 94.916 127.7 2 4 0 0.26747 2 1 2 0
3 104.87 128.24 2 2 1 1.3205 2 1 2 0
3 122.11 98.63 4 1 0 0.97081 2 1 2 0
3 101.08 80.825 3 2 0 0.12498 2 1 2 0
3 115.03 82.638 3 4 0 0.186 2 1 2 0
3 131.21 122.03 4 3 0 0.08983 2 1 2 0
3 68.49 100.38 1 2 0 0.043182 2 1 2 0
3 78.227 104.33 1 1 1 0.53769 2 1 2 0
3 109.3 94.724 4 3 0 1.2426 2 1 2 0
3 127.71 94.534 4 4 1 0.44369 2 1 2 0
3 101.55 85.011 3 3 1 4.9554 2 1 2 0
3 72.589 103.31 1 1 1 1.2585 2 1 2 0
3 69.114 108.52 1 1 1 0.17141 2 1 2 0
3 103.34 114.1 2 3 0 1.3219 2 1 2 0
3 125.05 99.471 4 3 0 0.7321 2 1 2 0
3 84.963 129.49 2 2 1 1.1303 2 1 2 0
3 97.064 60.284 3 1 0 0.98712 2 1 2 0
3 73.671 95.878 1 4 0 1.2754 2 1 2 0
3 95.845 83.32 3 2 0 1.0032 2 1 2 0
3 77.996 133.37 2 1 0 0.47677 2 1 2 0
3 122.08 84.683 4 3 0 0.85912 2 1 2 0
3 114.03 71.214 3 4 0 0.31717 2 1 2 0
3 112.1 90.087 4 3 0 0.55547 2 1 2 0
3 130.3 108.11 4 4 1 5.8022 2 1 2 0
3 64.865 97.452 1 4 0 0.28331 2 1 2 0
3 80.524 83.775 3 1 0 1.3861 2 1 2 0
3 103.9 52.984 3 2 0 0.4126 2 1 2 0
3 70.798 95.527 1 1 1 1.3407 2 1 2 0
3 129.02 91.02 4 3 0 2.3813 2 1 2 0
3 64.013 119.66 1 1 1 1.9145 2 1 2 0
3 116.82 91.335 3 3 1 1.9131 2 1 2 0
3 135.33 107.93 4 4 1 3.8498 2 1 2 0
3 89.463 121.33 2 3 0 1.9956 2 1 2 0
3 85.609 129.03 2 2 1 0.5403 2 1 2 0
3 82.093 84.705 1 2 0 1.0992 2 1 2 0
3 105.36 117.7 2 3 0 1.5292 2 1 2 0
3 94.894 72.019 3 4 0 0.65029 2 1 2 0
3 106.31 69.963 3 1 0 1.1467 2 1 2 0
3 98.53 129.25 2 2 1 0.31353 2 1 2 0
3 104.24 138.9 2 4 0 0.55553 2 1 2 0
3 71.674 104.66 1 1 1 1.8034 2 1 2 0
3 74.121 97.48 1 1 1 0.85928 2 1 2 0
3 76.145 86.468 1 1 1 0.6521 2 1 2 0
3 90.49 90.771 1 2 0 0.7477 2 1 2 0
3 87.545 133.79 2 2 1 2.8747 2 1 2 0
3 131.4 98.805 4 3 0 1.3711 2 1 2 0
3 108.93 81.938 4 2 0 3.145 2 1 2 0
3 122.82 101.77 4 3 0 1.3071 2 1 2 0
3 119.77 117.65 2 4 0 0.66741 2 1 2 0
3 88.909 58.429 3 2 0 0.85951 2 1 2 0
3 127.92 108.38 4 1 0 0.64655 2 1 2 0
3 81.79 111.54 2 4 0 0.33067 2 1 2 0
3 105.37 62.352 3 3 1 1.1614 2 1 2 0
3 55.968 101.51 1 1 1 1.1943 2 1 2 0
3 137.02 95.216 4 4 1 2.4589 2 1 2 0
3 113.79 95.295 3 3 1 0.98686 2 1 2 0
3 106.52 71.449 3 3 1 1.1936 2 1 2 0
3 59.37 85.034 1 1 1 1.1451 2 1 2 0
3 69.854 99.217 1 1 1 1.1312 2 1 2 0
3 107.72 122.85 2 2 1 2.6194 2 1 2 0
3 124.09 118.91 4 4 1 1.7412 2 1 2 0
3 79.562 79.509 3 2 0 1.6912 2 1 2 0
3 125.02 87.037 4 4 1 2.7317 2 1 2 0
3 124.5 78.177 4 4 1 1.5933 2 1 2 0
4 100.29 72.852 3 3 1 1.2477 1 2 2 0
4 110.45 128.43 2 2 1 2.4914 0 2 2 0
4 80.145 103.81 1 2 0 1.7073 0 2 2 0
4 108.73 146.08 2 3 0 2.123 0 2 2 0
4 91.562 71.13 3 2 0 1.7383 0 2 2 0
4 88.153 75.402 3 2 0 1.8993 0 2 2 0
4 94.876 128.97 2 2 1 0.93962 1 2 2 0
4 101.69 71.413 3 3 1 1.6424 1 2 2 0
4 91.665 129.79 2 3 0 1.0174 1 2 2 0
4 64.7 97.217 1 1 1 1.385 1 2 2 0
4 94.807 71.083 3 2 0 1.0819 0 2 2 0
4 140.93 83.272 4 4 1 1.3544 0 2 2 0
4 95.81 77.826 3 3 1 0.87257 1 2 2 0
4 63.482 91.567 1 1 1 1.1302 1 2 2 0
4 70.559 113.66 1 2 0 0.63721 0 2 2 0
4 95.906 128.14 2 2 1 1.4507 0 2 2 0
4 132.73 92.579 4 3 0 2.6845 1 2 2 0
4 96.262 137.63 2 3 0 0.69899 0 2 2 0
4 81.981 122.2 2 2 1 0.79748 1 2 2 0
4 64.004 91.564 1 1 1 1.1483 1 2 2 0
4 139.57 102.71 4 4 1 1.8342 0 2 2 0
4 70.98 97.498 1 2 0 2.2822 1 2 2 0
4 129.28 110.85 4 3 0 0.74544 1 2 2 0
4 116.98 121.04 4 3 0 1.1956 0 2 2 0
4 113.07 114.09 2 4 0 0.8759 1 2 2 0
4 107.25 127.76 2 2 1 3.115 1 2 2 0
4 74.074 99.646 1 1 1 2.7315 0 2 2 0
4 104.77 137.2 2 2 1 1.5151 1 2 2 0
4 98.473 67.976 3 2 0 1.6603 0 2 2 0
4 137.8 100.42 4 4 1 1.9009 0 2 2 0
4 90.921 64.416 3 2 0 1.7239 1 2 2 0
4 73.17 85.193 1 2 0 0.65289 0 2 2 0
4 98.49 82.627 3 2 0 2.5512 0 2 2 0
4 90.34 116.9 1 2 0 1.0512 0 2 2 0
4 110.02 129.03 2 3 0 2.109 1 2 2 0
4 143.61 95.96 4 4 1 1.0497 1 2 2 0
4 94.916 127.7 2 2 1 0.8122 0 2 2 0
4 104.87 128.24 2 2 1 0.54102 0 2 2 0
4 122.11 98.63 4 2 0 0.68337 1 2 2 0
4 101.08 80.825 3 3 1 0.95523 0 2 2 0
4 115.03 82.638 3 3 1 0.74894 1 2 2 0
4 131.21 122.03 4 2 0 1.6419 1 2 2 0
4 68.49 100.38 1 1 1 1.5302 1 2 2 0
4 78.227 104.33 1 3 0 1.5794 1 2 2 0
4 109.3 94.724 4 2 0 1.8192 0 2 2 0
4 127.71 94.534 4 3 0 1.7699 1 2 2 0
4 101.55 85.011 3 2 0 0.71517 0 2 2 0
4 72.589 103.31 1 1 1 1.0019 0 2 2 0
4 69.114 108.52 1 1 1 1.2592 1 2 2 0
4 103.34 114.1 2 2 1 1.2116 0 2 2 0
4 125.05 99.471 4 3 0 1.0031 1 2 2 0
4 84.963 129.49 2 2 1 2.0419 1 2 2 0
4 97.064 60.284 3 2 0 1.9937 1 2 2 0
4 73.671 95.878 1 2 0 0.85765 1 2 2 0
4 95.845 83.32 3 2 0 0.57097 0 2 2 0
4 77.996 133.37 2 3 0 2.2342 1 2 2 0
4 122.08 84.683 4 4 1 1.9324 1 2 2 0
4 114.03 71.214 3 3 1 1.4689 1 2 2 0
4 112.1 90.087 4 3 0 1.0839 1 2 2 0
4 130.3 108.11 4 4 1 1.2455 1 2 2 0
4 64.865 97.452 1 1 1 1.5142 0 2 2 0
4 80.524 83.775 3 2 0 1.3728 1 2 2 0
4 103.9 52.984 3 1 0 1.1312 0 2 2 0
4 70.798 95.527 1 2 0 4.1709 1 2 2 0
4 129.02 91.02 4 3 0 6.7464 1 2 2 0
4 64.013 119.66 1 2 0 2.6042 0 2 2 0
4 116.82 91.335 3 3 1 1.2605 1 2 2 0
4 135.33 107.93 4 3 0 0.68261 0 2 2 0
4 89.463 121.33 2 2 1 1.4196 1 2 2 0
4 85.609 129.03 2 2 1 4.5092 1 2 2 0
4 82.093 84.705 1 2 0 0.60172 1 2 2 0
4 105.36 117.7 2 3 0 1.5174 1 2 2 0
4 94.894 72.019 3 2 0 1.0363 0 2 2 0
4 106.31 69.963 3 3 1 0.97199 0 2 2 0
4 98.53 129.25 2 2 1 1.676 0 2 2 0
4 104.24 138.9 2 3 0 2.78 1 2 2 0
4 71.674 104.66 1 1 1 1.3706 0 2 2 0
4 74.121 97.48 1 1 1 1.0523 1 2 2 0
4 76.145 86.468 1 2 0 0.77902 1 2 2 0
4 90.49 90.771 1 1 1 1.1631 1 2 2 0
4 87.545 133.79 2 2 1 0.46017 1 2 2 0
4 131.4 98.805 4 4 1 1.8032 1 2 2 0
4 108.93 81.938 4 3 0 0.15534 1 2 2 0
4 122.82 101.77 4 1 0 0.15609 1 2 2 0
4 119.77 117.65 2 3 0 3.1947 0 2 2 0
4 88.909 58.429 3 3 1 1.4025 1 2 2 0
4 127.92 108.38 4 4 1 2.2987 0 2 2 0
4 81.79 111.54 2 3 0 1.1298 1 2 2 0
4 105.37 62.352 3 4 0 1.2133 1 2 2 0
4 55.968 101.51 1 1 1 1.1303 0 2 2 0
4 137.02 95.216 4 4 1 1.0986 1 2 2 0
4 113.79 95.295 3 3 1 8.9727 0 2 2 0
4 106.52 71.449 3 3 1 0.79547 0 2 2 0
4 59.37 85.034 1 1 1 0.9405 0 2 2 0
4 69.854 99.217 1 2 0 0.60539 1 2 2 0
4 107.72 122.85 2 3 0 0.97118 1 2 2 0
4 124.09 118.91 4 4 1 1.8049 1 2 2 0
4 79.562 79.509 3 2 0 1.7377 1 2 2 0
4 125.02 87.037 4 4 1 2.2853 1 2 2 0
4 124.5 78.177 4 4 1 1.1633 1 2 2 0
5 100.29 72.852 3 1 0 1.0879 1 2 2 0
5 110.45 128.43 2 2 1 0.6983 1 2 2 0
5 80.145 103.81 1 4 0 0.043203 1 2 2 0
5 108.73 146.08 2 3 0 1.5144 1 2 2 0
5 91.562 71.13 3 1 0 1.2428 1 2 2 0
5 88.153 75.402 3 3 1 5.5477 0 2 2 0
5 94.876 128.97 2 3 0 0.427 1 2 2 0
5 101.69 71.413 3 1 0 1.0033 1 2 2 0
5 91.665 129.79 2 2 1 0.36181 0 2 2 0
5 64.7 97.217 1 1 1 0.97166 0 2 2 0
5 94.807 71.083 3 1 0 0.86036 0 2 2 0
5 140.93 83.272 4 4 1 0.90926 1 2 2 0
5 95.81 77.826 3 2 0 1.0814 1 2 2 0
5 63.482 91.567 1 1 1 0.5883 1 2 2 0
5 70.559 113.66 1 2 0 0.7316 1 2 2 0
5 95.906 128.14 2 1 0 0.62077 1 2 2 0
5 132.73 92.579 4 4 1 1.3389 0 2 2 0
5 96.262 137.63 2 3 0 1.0022 1 2 2 0
5 81.981 122.2 2 2 1 0.60301 0 2 2 0
5 64.004 91.564 1 1 1 0.53883 1 2 2 0
5 139.57 102.71 4 4 1 1.6108 1 2 2 0
5 70.98 97.498 1 2 0 1.0029 0 2 2 0
5 129.28 110.85 4 1 0 1.0826 1 2 2 0
5 116.98 121.04 4 4 1 0.92282 1 2 2 0
5 113.07 114.09 2 3 0 0.66706 1 2 2 0
5 107.25 127.76 2 1 0 0.7166 0 2 2 0
5 74.074 99.646 1 1 1 1.1627 0 2 2 0
5 104.77 137.2 2 3 0 4.3806 1 2 2 0
5 98.473 67.976 3 1 0 0.79441 0 2 2 0
5 137.8 100.42 4 3 0 2.8273 0 2 2 0
5 90.921 64.416 3 3 1 2.6835 1 2 2 0
5 73.17 85.193 1 2 0 0.42654 1 2 2 0
5 98.49 82.627 3 2 0 1.3242 0 2 2 0
5 90.34 116.9 1 2 0 0.26582 1 2 2 0
5 110.02 129.03 2 3 0 0.53934 1 2 2 0
5 143.61 95.96 4 4 1 0.63499 0 2 2 0
5 94.916 127.7 2 2 1 2.6347 0 2 2 0
5 104.87 128.24 2 2 1 0.52466 1 2 2 0
5 122.11 98.63 4 3 0 1.0689 0 2 2 0
5 101.08 80.825 3 4 0 0.53886 1 2 2 0
5 115.03 82.638 3 3 1 0.49219 1 2 2 0
5 131.21 122.03 4 2 0 0.13969 0 2 2 0
5 68.49 100.38 1 1 1 0.95455 1 2 2 0
5 78.227 104.33 1 2 0 0.55525 1 2 2 0
5 109.3 94.724 4 1 0 2.0433 0 2 2 0
5 127.71 94.534 4 3 0 2.1223 1 2 2 0
5 101.55 85.011 3 2 0 3.4049 0 2 2 0
5 72.589 103.31 1 1 1 0.89187 1 2 2 0
5 69.114 108.52 1 1 1 1.0199 0 2 2 0
5 103.34 114.1 2 3 0 1.0515 0 2 2 0
5 125.05 99.471 4 4 1 1.5313 1 2 2 0
5 84.963 129.49 2 1 0 1.7675 1 2 2 0
5 97.064 60.284 3 3 1 0.81255 0 2 2 0
5 73.671 95.878 1 2 0 0.95313 0 2 2 0
5 95.845 83.32 3 1 0 1.3551 1 2 2 0
5 77.996 133.37 2 3 0 1.4205 0 2 2 0
5 122.08 84.683 4 4 1 1.2425 1 2 2 0
5 114.03 71.214 3 1 0 1.5618 0 2 2 0
5 112.1 90.087 4 1 0 1.2439 0 2 2 0
5 130.3 108.11 4 3 0 2.1389 0 2 2 0
5 64.865 97.452 1 1 1 0.85925 1 2 2 0
5 80.524 83.775 3 2 0 0.74746 1 2 2 0
5 103.9 52.984 3 2 0 2.5893 1 2 2 0
5 70.798 95.527 1 2 0 1.2109 1 2 2 0
5 129.02 91.02 4 1 0 0.36298 0 2 2 0
5 64.013 119.66 1 2 0 0.79497 0 2 2 0
5 116.82 91.335 3 1 0 1.1307 0 2 2 0
5 135.33 107.93 4 3 0 1.9793 1 2 2 0
5 89.463 121.33 2 3 0 1.2743 1 2 2 0
5 85.609 129.03 2 2 1 2.253 0 2 2 0
5 82.093 84.705 1 2 0 0.69638 1 2 2 0
5 105.36 117.7 2 2 1 1.3089 1 2 2 0
5 94.894 72.019 3 2 0 0.7459 1 2 2 0
5 106.31 69.963 3 4 0 0.55512 0 2 2 0
5 98.53 129.25 2 3 0 1.0988 1 2 2 0
5 104.24 138.9 2 2 1 0.57376 1 2 2 0
5 71.674 104.66 1 1 1 1.1627 0 2 2 0
5 74.121 97.48 1 1 1 0.65333 1 2 2 0
5 76.145 86.468 1 2 0 0.57033 0 2 2 0
5 90.49 90.771 1 3 0 1.7232 0 2 2 0
5 87.545 133.79 2 3 0 0.49139 1 2 2 0
5 131.4 98.805 4 3 0 0.81195 1 2 2 0
5 108.93 81.938 4 3 0 0.7154 0 2 2 0
5 122.82 101.77 4 4 1 0.45944 1 2 2 0
5 119.77 117.65 2 3 0 0.45941 1 2 2 0
5 88.909 58.429 3 2 0 1.2129 1 2 2 0
5 127.92 108.38 4 3 0 1.8206 1 2 2 0
5 81.79 111.54 2 1 0 1.4199 1 2 2 0
5 105.37 62.352 3 2 0 0.8929 0 2 2 0
5 55.968 101.51 1 1 1 0.71634 1 2 2 0
5 137.02 95.216 4 2 0 0.47472 1 2 2 0
5 113.79 95.295 3 1 0 0.76414 0 2 2 0
5 106.52 71.449 3 3 1 0.87551 1 2 2 0
5 59.37 85.034 1 4 0 0.18644 1 2 2 0
5 69.854 99.217 1 2 0 0.95674 0 2 2 0
5 107.72 122.85 2 3 0 1.1161 1 2 2 0
5 124.09 118.91 4 3 0 0.92304 0 2 2 0
5 79.562 79.509 3 2 0 0.93986 0 2 2 0
5 125.02 87.037 4 3 0 0.76381 1 2 2 0
5 124.5 78.177 4 4 1 2.0113 1 2 2 0
6 100.29 72.852 3 1 0 0.78395 1 2 2 0
6 110.45 128.43 2 1 0 15.661 1 2 2 0
6 80.145 103.81 1 1 1 1.0662 1 2 2 0
6 108.73 146.08 2 4 0 0.63476 1 2 2 0
6 91.562 71.13 3 3 1 0.075366 1 2 2 0
6 88.153 75.402 3 2 0 0.13859 1 2 2 0
6 94.876 128.97 2 3 0 1.1006 1 2 2 0
6 101.69 71.413 3 2 0 1.4651 0 2 2 0
6 91.665 129.79 2 3 0 1.6123 0 2 2 0
6 64.7 97.217 1 1 1 1.211 1 2 2 0
6 94.807 71.083 3 2 0 1.5008 1 2 2 0
6 140.93 83.272 4 4 1 1.1966 1 2 2 0
6 95.81 77.826 3 2 0 2.9242 0 2 2 0
6 63.482 91.567 1 1 1 1.3231 0 2 2 0
6 70.559 113.66 1 2 0 1.2906 1 2 2 0
6 95.906 128.14 2 3 0 1.3214 1 2 2 0
6 132.73 92.579 4 4 1 1.1788 1 2 2 0
6 96.262 137.63 2 3 0 1.4814 1 2 2 0
6 81.981 122.2 2 2 1 2.4101 0 2 2 0
6 64.004 91.564 1 1 1 0.93971 0 2 2 0
6 139.57 102.71 4 3 0 1.2436 1 2 2 0
6 70.98 97.498 1 2 0 1.1787 1 2 2 0
6 129.28 110.85 4 1 0 0.36304 1 2 2 0
6 116.98 121.04 4 2 0 0.39377 1 2 2 0
6 113.07 114.09 2 4 0 0.87551 1 2 2 0
6 107.25 127.76 2 3 0 0.12325 1 2 2 0
6 74.074 99.646 1 2 0 1.402 1 2 2 0
6 104.77 137.2 2 3 0 1.2902 0 2 2 0
6 98.473 67.976 3 3 1 1.7693 1 2 2 0
6 137.8 100.42 4 4 1 1.339 1 2 2 0
6 90.921 64.416 3 2 0 0.63489 1 2 2 0
6 73.17 85.193 1 2 0 1.4996 0 2 2 0
6 98.49 82.627 3 3 1 2.1704 1 2 2 0
6 90.34 116.9 1 2 0 0.93901 0 2 2 0
6 110.02 129.03 2 3 0 0.61927 0 2 2 0
6 143.61 95.96 4 4 1 1.1319 1 2 2 0
6 94.916 127.7 2 3 0 1.5949 0 2 2 0
6 104.87 128.24 2 3 0 0.68337 0 2 2 0
6 122.11 98.63 4 2 0 0.89343 1 2 2 0
6 101.08 80.825 3 4 0 1.5809 1 2 2 0
6 115.03 82.638 3 4 0 0.65114 0 2 2 0
6 131.21 122.03 4 3 0 0.87603 0 2 2 0
6 68.49 100.38 1 1 1 0.89126 0 2 2 0
6 78.227 104.33 1 2 0 0.73048 0 2 2 0
6 109.3 94.724 4 3 0 0.8268 0 2 2 0
6 127.71 94.534 4 4 1 0.45943 1 2 2 0
6 101.55 85.011 3 3 1 1.0187 1 2 2 0
6 72.589 103.31 1 1 1 0.63532 1 2 2 0
6 69.114 108.52 1 2 0 0.13856 1 2 2 0
6 103.34 114.1 2 3 0 0.76494 1 2 2 0
6 125.05 99.471 4 4 1 0.55548 0 2 2 0
6 84.963 129.49 2 3 0 0.82529 0 2 2 0
6 97.064 60.284 3 3 1 0.74586 1 2 2 0
6 73.671 95.878 1 3 0 1.3868 1 2 2 0
6 95.845 83.32 3 2 0 0.47486 0 2 2 0
6 77.996 133.37 2 2 1 0.81144 0 2 2 0
6 122.08 84.683 4 3 0 1.5465 1 2 2 0
6 114.03 71.214 3 2 0 1.1917 0 2 2 0
6 112.1 90.087 4 2 0 0.37752 0 2 2 0
6 130.3 108.11 4 4 1 1.4662 1 2 2 0
6 64.865 97.452 1 1 1 0.85718 1 2 2 0
6 80.524 83.775 3 3 1 0.66693 0 2 2 0
6 103.9 52.984 3 1 0 4.4735 0 2 2 0
6 70.798 95.527 1 4 0 0.63344 1 2 2 0
6 129.02 91.02 4 3 0 0.34617 0 2 2 0
6 64.013 119.66 1 3 0 0.46055 1 2 2 0
6 116.82 91.335 3 3 1 2.1693 1 2 2 0
6 135.33 107.93 4 2 0 0.92283 1 2 2 0
6 89.463 121.33 2 1 0 0.95653 1 2 2 0
6 85.609 129.03 2 3 0 0.61788 0 2 2 0
6 82.093 84.705 1 3 0 1.3397 1 2 2 0
6 105.36 117.7 2 4 0 0.65276 0 2 2 0
6 94.894 72.019 3 2 0 0.65169 0 2 2 0
6 106.31 69.963 3 2 0 0.58747 0 2 2 0
6 98.53 129.25 2 2 1 1.0527 0 2 2 0
6 104.24 138.9 2 2 1 0.88981 1 2 2 0
6 71.674 104.66 1 1 1 1.4215 1 2 2 0
6 74.121 97.48 1 2 0 0.79553 1 2 2 0
6 76.145 86.468 1 1 1 0.6339 0 2 2 0
6 90.49 90.771 1 2 0 0.6854 0 2 2 0
6 87.545 133.79 2 3 0 0.5555 0 2 2 0
6 131.4 98.805 4 4 1 0.45971 0 2 2 0
6 108.93 81.938 4 3 0 1.1811 1 2 2 0
6 122.82 101.77 4 4 1 1.1468 1 2 2 0
6 119.77 117.65 2 3 0 1.4999 1 2 2 0
6 88.909 58.429 3 2 0 0.65257 1 2 2 0
6 127.92 108.38 4 1 0 6.7941 0 2 2 0
6 81.79 111.54 2 3 0 0.8112 1 2 2 0
6 105.37 62.352 3 2 0 0.57126 1 2 2 0
6 55.968 101.51 1 4 0 0.38109 0 2 2 0
6 137.02 95.216 4 1 0 0.21865 0 2 2 0
6 113.79 95.295 3 2 0 2.8904 0 2 2 0
6 106.52 71.449 3 1 0 1.4358 1 2 2 0
6 59.37 85.034 1 2 0 0.90582 1 2 2 0
6 69.854 99.217 1 4 0 1.3239 1 2 2 0
6 107.72 122.85 2 3 0 1.227 1 2 2 0
6 124.09 118.91 4 2 0 0.9081 1 2 2 0
6 79.562 79.509 3 3 1 2.7625 1 2 2 0
6 125.02 87.037 4 1 0 0.57137 1 2 2 0
6 124.5 78.177 4 4 1 1.1155 0 2 2 0
7 100.29 72.852 4 1 0 1.0717 2 1 2 1
7 110.45 128.43 1 3 0 0.52321 2 1 2 1
7 80.145 103.81 2 4 0 0.17065 2 1 2 1
7 108.73 146.08 1 2 0 0.13857 2 1 2 1
7 91.562 71.13 4 1 0 0.71668 2 1 2 1
7 88.153 75.402 4 3 0 0.13806 2 1 2 1
7 94.876 128.97 1 2 0 1.5318 2 1 2 1
7 101.69 71.413 4 2 0 0.44486 2 1 2 1
7 91.665 129.79 1 3 0 0.76424 2 1 2 1
7 64.7 97.217 2 1 0 1.0014 2 1 2 1
7 94.807 71.083 4 1 0 0.9549 2 1 2 1
7 140.93 83.272 3 3 1 0.69884 2 1 2 1
7 95.81 77.826 4 2 0 0.87567 2 1 2 1
7 63.482 91.567 2 2 1 2.4108 2 1 2 1
7 70.559 113.66 2 2 1 1.3849 2 1 2 1
7 95.906 128.14 1 3 0 1.5332 2 1 2 1
7 132.73 92.579 3 3 1 1.4671 2 1 2 1
7 96.262 137.63 1 3 0 0.82739 2 1 2 1
7 81.981 122.2 1 4 0 0.81136 2 1 2 1
7 64.004 91.564 2 1 0 0.44457 2 1 2 1
7 139.57 102.71 3 3 1 0.6187 2 1 2 1
7 70.98 97.498 2 4 0 0.31549 2 1 2 1
7 129.28 110.85 3 2 0 0.13871 2 1 2 1
7 116.98 121.04 3 1 0 1.1968 2 1 2 1
7 113.07 114.09 1 4 0 1.3083 2 1 2 1
7 107.25 127.76 1 3 0 1.6107 2 1 2 1
7 74.074 99.646 2 1 0 0.77991 2 1 2 1
7 104.77 137.2 1 3 0 0.66774 2 1 2 1
7 98.473 67.976 4 2 0 0.76223 2 1 2 1
7 137.8 100.42 3 4 0 0.20202 2 1 2 1
7 90.921 64.416 4 1 0 0.14003 2 1 2 1
7 73.17 85.193 2 2 1 0.23728 2 1 2 1
7 98.49 82.627 4 3 0 0.89021 2 1 2 1
7 90.34 116.9 2 1 0 0.37604 2 1 2 1
7 110.02 129.03 1 2 0 0.46114 2 1 2 1
7 143.61 95.96 3 4 0 0.81225 2 1 2 1
7 94.916 127.7 1 3 0 0.76293 2 1 2 1
7 104.87 128.24 1 1 1 0.74793 2 1 2 1
7 122.11 98.63 3 2 0 0.28355 2 1 2 1
7 101.08 80.825 4 4 1 0.71421 2 1 2 1
7 115.03 82.638 4 3 0 0.4908 2 1 2 1
7 131.21 122.03 3 1 0 0.56996 2 1 2 1
7 68.49 100.38 2 2 1 0.41318 2 1 2 1
7 78.227 104.33 2 4 0 0.42816 2 1 2 1
7 109.3 94.724 3 1 0 0.29988 2 1 2 1
7 127.71 94.534 3 2 0 0.57174 2 1 2 1
7 101.55 85.011 4 4 1 0.65174 2 1 2 1
7 72.589 103.31 2 3 0 0.37941 2 1 2 1
7 69.114 108.52 2 3 0 0.2834 2 1 2 1
7 103.34 114.1 1 1 1 0.28365 2 1 2 1
7 125.05 99.471 3 2 0 0.44099 2 1 2 1
7 84.963 129.49 1 4 0 1.2124 2 1 2 1
7 97.064 60.284 4 3 0 0.85823 2 1 2 1
7 73.671 95.878 2 1 0 0.71468 2 1 2 1
7 95.845 83.32 4 2 0 0.26817 2 1 2 1
7 77.996 133.37 1 4 0 0.26567 2 1 2 1
7 122.08 84.683 3 3 1 0.63367 2 1 2 1
7 114.03 71.214 4 1 0 0.45965 2 1 2 1
7 112.1 90.087 3 2 0 0.36527 2 1 2 1
7 130.3 108.11 3 4 0 0.68156 2 1 2 1
7 64.865 97.452 2 3 0 0.98811 2 1 2 1
7 80.524 83.775 4 1 0 0.45772 2 1 2 1
7 103.9 52.984 4 2 0 0.043191 2 1 2 1
7 70.798 95.527 2 4 0 0.97138 2 1 2 1
7 129.02 91.02 3 2 0 0.09155 2 1 2 1
7 64.013 119.66 2 1 0 0.7276 2 1 2 1
7 116.82 91.335 4 4 1 1.9463 2 1 2 1
7 135.33 107.93 3 3 1 0.47435 2 1 2 1
7 89.463 121.33 1 1 1 0.6826 2 1 2 1
7 85.609 129.03 1 2 0 0.82849 2 1 2 1
7 82.093 84.705 2 3 0 1.2905 2 1 2 1
7 105.36 117.7 1 4 0 1.6591 2 1 2 1
7 94.894 72.019 4 1 0 0.16923 2 1 2 1
7 106.31 69.963 4 2 0 0.058535 2 1 2 1
7 98.53 129.25 1 3 0 0.33357 2 1 2 1
7 104.24 138.9 1 4 0 0.28203 2 1 2 1
7 71.674 104.66 2 1 0 0.23533 2 1 2 1
7 74.121 97.48 2 2 1 0.39417 2 1 2 1
7 76.145 86.468 2 2 1 0.57112 2 1 2 1
7 90.49 90.771 2 2 1 0.44271 2 1 2 1
7 87.545 133.79 1 3 0 0.50695 2 1 2 1
7 131.4 98.805 3 4 0 0.12339 2 1 2 1
7 108.93 81.938 3 2 0 0.28082 2 1 2 1
7 122.82 101.77 3 1 0 0.31633 2 1 2 1
7 119.77 117.65 1 4 0 0.10843 2 1 2 1
7 88.909 58.429 4 3 0 0.12346 2 1 2 1
7 127.92 108.38 3 1 0 0.25141 2 1 2 1
7 81.79 111.54 1 2 0 0.13942 2 1 2 1
7 105.37 62.352 4 1 0 0.33032 2 1 2 1
7 55.968 101.51 2 4 0 0.14102 2 1 2 1
7 137.02 95.216 3 2 0 0.20241 2 1 2 1
7 113.79 95.295 4 3 0 0.2515 2 1 2 1
7 106.52 71.449 4 1 0 0.57312 2 1 2 1
7 59.37 85.034 2 1 0 1.1297 2 1 2 1
7 69.854 99.217 2 2 1 0.44218 2 1 2 1
7 107.72 122.85 1 3 0 1.3552 2 1 2 1
7 124.09 118.91 3 4 0 0.49174 2 1 2 1
7 79.562 79.509 4 2 0 0.71509 2 1 2 1
7 125.02 87.037 3 4 0 1.7024 2 1 2 1
7 124.5 78.177 3 1 0 0.57141 2 1 2 1
8 100.29 72.852 4 2 0 0.928 2 1 2 1
8 110.45 128.43 1 1 1 0.363 2 1 2 1
8 80.145 103.81 2 4 0 0.25083 2 1 2 1
8 108.73 146.08 1 1 1 0.13804 2 1 2 1
8 91.562 71.13 4 3 0 0.26676 2 1 2 1
8 88.153 75.402 4 2 0 0.21727 2 1 2 1
8 94.876 128.97 1 1 1 0.17112 2 1 2 1
8 101.69 71.413 4 4 1 0.29913 2 1 2 1
8 91.665 129.79 1 1 1 0.42657 2 1 2 1
8 64.7 97.217 2 2 1 0.76481 2 1 2 1
8 94.807 71.083 4 3 0 1.1787 2 1 2 1
8 140.93 83.272 3 4 0 1.0679 2 1 2 1
8 95.81 77.826 4 2 0 1.7398 2 1 2 1
8 63.482 91.567 2 1 0 0.57061 2 1 2 1
8 70.559 113.66 2 1 0 1.1956 2 1 2 1
8 95.906 128.14 1 3 0 1.5808 2 1 2 1
8 132.73 92.579 3 4 0 0.71432 2 1 2 1
8 96.262 137.63 1 1 1 0.23564 2 1 2 1
8 81.981 122.2 1 2 0 0.12111 2 1 2 1
8 64.004 91.564 2 4 0 0.011614 2 1 2 1
8 139.57 102.71 3 3 1 0.1873 2 1 2 1
8 70.98 97.498 2 1 0 0.18718 2 1 2 1
8 129.28 110.85 3 2 0 0.12593 2 1 2 1
8 116.98 121.04 3 4 0 0.3649 2 1 2 1
8 113.07 114.09 1 3 0 0.027254 2 1 2 1
8 107.25 127.76 1 1 1 0.13935 2 1 2 1
8 74.074 99.646 2 2 1 0.53656 2 1 2 1
8 104.77 137.2 1 4 0 0.97101 2 1 2 1
8 98.473 67.976 4 1 0 0.17109 2 1 2 1
8 137.8 100.42 3 3 1 0.20403 2 1 2 1
8 90.921 64.416 4 3 0 0.71321 2 1 2 1
8 73.17 85.193 2 2 1 1.4172 2 1 2 1
8 98.49 82.627 4 3 0 1.0655 2 1 2 1
8 90.34 116.9 2 2 1 0.31462 2 1 2 1
8 110.02 129.03 1 4 0 1.3071 2 1 2 1
8 143.61 95.96 3 1 0 0.13789 2 1 2 1
8 94.916 127.7 1 3 0 0.28352 2 1 2 1
8 104.87 128.24 1 2 0 1.8349 2 1 2 1
8 122.11 98.63 3 4 0 0.68153 2 1 2 1
8 101.08 80.825 4 1 0 0.36464 2 1 2 1
8 115.03 82.638 4 3 0 0.33214 2 1 2 1
8 131.21 122.03 3 2 0 0.71437 2 1 2 1
8 68.49 100.38 2 1 0 0.69913 2 1 2 1
8 78.227 104.33 2 3 0 0.50628 2 1 2 1
8 109.3 94.724 3 3 1 0.34897 2 1 2 1
8 127.71 94.534 3 3 1 0.47533 2 1 2 1
8 101.55 85.011 4 3 0 0.26594 2 1 2 1
8 72.589 103.31 2 2 1 0.55458 2 1 2 1
8 69.114 108.52 2 1 0 1.3713 2 1 2 1
8 103.34 114.1 1 2 0 0.34467 2 1 2 1
8 125.05 99.471 3 4 0 1.3867 2 1 2 1
8 84.963 129.49 1 1 1 1.9468 2 1 2 1
8 97.064 60.284 4 3 0 0.55519 2 1 2 1
8 73.671 95.878 2 2 1 0.49305 2 1 2 1
8 95.845 83.32 4 2 0 0.63513 2 1 2 1
8 77.996 133.37 1 1 1 0.82646 2 1 2 1
8 122.08 84.683 3 4 0 0.74568 2 1 2 1
8 114.03 71.214 4 3 0 0.98643 2 1 2 1
8 112.1 90.087 3 1 0 1.3228 2 1 2 1
8 130.3 108.11 3 2 0 0.29867 2 1 2 1
8 64.865 97.452 2 4 0 0.15502 2 1 2 1
8 80.524 83.775 4 1 0 1.0512 2 1 2 1
8 103.9 52.984 4 2 0 0.69947 2 1 2 1
8 70.798 95.527 2 1 0 0.92247 2 1 2 1
8 129.02 91.02 3 3 1 1.9309 2 1 2 1
8 64.013 119.66 2 2 1 2.2831 2 1 2 1
8 116.82 91.335 4 3 0 2.138 2 1 2 1
8 135.33 107.93 3 4 0 1.8356 2 1 2 1
8 89.463 121.33 1 2 0 0.87465 2 1 2 1
8 85.609 129.03 1 1 1 0.28232 2 1 2 1
8 82.093 84.705 2 4 0 0.16975 2 1 2 1
8 105.36 117.7 1 3 0 0.28288 2 1 2 1
8 94.894 72.019 4 2 0 0.21907 2 1 2 1
8 106.31 69.963 4 1 0 0.63202 2 1 2 1
8 98.53 129.25 1 1 1 0.42555 2 1 2 1
8 104.24 138.9 1 3 0 1.6445 2 1 2 1
8 71.674 104.66 2 4 0 9.3697 2 1 2 1
8 74.121 97.48 2 2 1 1.1327 2 1 2 1
8 76.145 86.468 2 2 1 0.45738 2 1 2 1
8 90.49 90.771 2 2 1 0.45942 2 1 2 1
8 87.545 133.79 1 2 0 9.3226 2 1 2 1
8 131.4 98.805 3 1 0 0.9402 2 1 2 1
8 108.93 81.938 3 4 0 0.23572 2 1 2 1
8 122.82 101.77 3 3 1 0.28547 2 1 2 1
8 119.77 117.65 1 4 0 0.77968 2 1 2 1
8 88.909 58.429 4 2 0 1.0202 2 1 2 1
8 127.92 108.38 3 1 0 0.39264 2 1 2 1
8 81.79 111.54 1 3 0 1.0994 2 1 2 1
8 105.37 62.352 4 4 1 10.573 2 1 2 1
8 55.968 101.51 2 1 0 1.0973 2 1 2 1
8 137.02 95.216 3 1 0 18.105 2 1 2 1
8 113.79 95.295 4 4 1 0.39351 2 1 2 1
8 106.52 71.449 4 2 0 0.52471 2 1 2 1
8 59.37 85.034 2 3 0 0.093499 2 1 2 1
8 69.854 99.217 2 1 0 1.8353 2 1 2 1
8 107.72 122.85 1 2 0 0.075987 2 1 2 1
8 124.09 118.91 3 2 0 2.6823 2 1 2 1
8 79.562 79.509 4 4 1 0.1056 2 1 2 1
8 125.02 87.037 3 3 1 0.28316 2 1 2 1
8 124.5 78.177 3 3 1 0.15474 2 1 2 1
9 100.29 72.852 4 4 1 0.20787 2 1 2 1
9 110.45 128.43 1 2 0 0.1383 2 1 2 1
9 80.145 103.81 2 3 0 0.2031 2 1 2 1
9 108.73 146.08 1 1 1 0.15543 2 1 2 1
9 91.562 71.13 4 2 0 0.74797 2 1 2 1
9 88.153 75.402 4 3 0 0.47494 2 1 2 1
9 94.876 128.97 1 1 1 0.37935 2 1 2 1
9 101.69 71.413 4 2 0 0.71473 2 1 2 1
9 91.665 129.79 1 3 0 0.7951 2 1 2 1
9 64.7 97.217 2 3 0 1.9002 2 1 2 1
9 94.807 71.083 4 2 0 0.66657 2 1 2 1
9 140.93 83.272 3 1 0 0.46085 2 1 2 1
9 95.81 77.826 4 4 1 0.55545 2 1 2 1
9 63.482 91.567 2 2 1 1.0987 2 1 2 1
9 70.559 113.66 2 1 0 0.52321 2 1 2 1
9 95.906 128.14 1 3 0 0.78012 2 1 2 1
9 132.73 92.579 3 2 0 0.55694 2 1 2 1
9 96.262 137.63 1 3 0 0.71541 2 1 2 1
9 81.981 122.2 1 4 0 1.6106 2 1 2 1
9 64.004 91.564 2 3 0 1.8837 2 1 2 1
9 139.57 102.71 3 2 0 0.93867 2 1 2 1
9 70.98 97.498 2 1 0 1.0182 2 1 2 1
9 129.28 110.85 3 3 1 0.65274 2 1 2 1
9 116.98 121.04 3 3 1 0.74665 2 1 2 1
9 113.07 114.09 1 4 0 0.58616 2 1 2 1
9 107.25 127.76 1 2 0 0.53587 2 1 2 1
9 74.074 99.646 2 1 0 0.2512 2 1 2 1
9 104.77 137.2 1 3 0 0.1223 2 1 2 1
9 98.473 67.976 4 4 1 0.076321 2 1 2 1
9 137.8 100.42 3 1 0 0.69859 2 1 2 1
9 90.921 64.416 4 3 0 0.13865 2 1 2 1
9 73.17 85.193 2 4 0 0.20204 2 1 2 1
9 98.49 82.627 4 2 0 0.20313 2 1 2 1
9 90.34 116.9 2 1 0 0.059984 2 1 2 1
9 110.02 129.03 1 3 0 0.36159 2 1 2 1
9 143.61 95.96 3 2 0 0.64421 2 1 2 1
9 94.916 127.7 1 3 0 0.66531 2 1 2 1
9 104.87 128.24 1 4 0 0.33292 2 1 2 1
9 122.11 98.63 3 1 0 0.39426 2 1 2 1
9 101.08 80.825 4 2 0 0.18642 2 1 2 1
9 115.03 82.638 4 3 0 0.55425 2 1 2 1
9 131.21 122.03 3 4 0 0.12243 2 1 2 1
9 68.49 100.38 2 1 0 0.090401 2 1 2 1
9 78.227 104.33 2 2 1 0.29923 2 1 2 1
9 109.3 94.724 3 3 1 0.5692 2 1 2 1
9 127.71 94.534 3 4 0 0.45859 2 1 2 1
9 101.55 85.011 4 3 0 0.61751 2 1 2 1
9 72.589 103.31 2 2 1 0.31484 2 1 2 1
9 69.114 108.52 2 2 1 1.2608 2 1 2 1
9 103.34 114.1 1 2 0 0.9865 2 1 2 1
9 125.05 99.471 3 3 1 1.4525 2 1 2 1
9 84.963 129.49 1 2 0 0.68307 2 1 2 1
9 97.064 60.284 4 1 0 0.34518 2 1 2 1
9 73.671 95.878 2 2 1 0.6837 2 1 2 1
9 95.845 83.32 4 2 0 1.6271 2 1 2 1
9 77.996 133.37 1 2 0 1.5961 2 1 2 1
9 122.08 84.683 3 1 0 0.04183 2 1 2 1
9 114.03 71.214 4 2 0 0.39651 2 1 2 1
9 112.1 90.087 3 2 0 0.043557 2 1 2 1
9 130.3 108.11 3 3 1 0.3483 2 1 2 1
9 64.865 97.452 2 3 0 0.26795 2 1 2 1
9 80.524 83.775 4 2 0 0.45823 2 1 2 1
9 103.9 52.984 4 2 0 0.041559 2 1 2 1
9 70.798 95.527 2 1 0 0.059654 2 1 2 1
9 129.02 91.02 3 3 1 1.1629 2 1 2 1
9 64.013 119.66 2 4 0 0.15474 2 1 2 1
9 116.82 91.335 4 2 0 0.69857 2 1 2 1
9 135.33 107.93 3 1 0 0.57114 2 1 2 1
9 89.463 121.33 1 3 0 0.26633 2 1 2 1
9 85.609 129.03 1 2 0 0.13923 2 1 2 1
9 82.093 84.705 2 1 0 0.55499 2 1 2 1
9 105.36 117.7 1 4 0 1.1311 2 1 2 1
9 94.894 72.019 4 1 0 0.70087 2 1 2 1
9 106.31 69.963 4 3 0 0.74703 2 1 2 1
9 98.53 129.25 1 3 0 0.98897 2 1 2 1
9 104.24 138.9 1 4 0 0.49012 2 1 2 1
9 71.674 104.66 2 3 0 2.8592 2 1 2 1
9 74.121 97.48 2 3 0 0.18879 2 1 2 1
9 76.145 86.468 2 2 1 1.498 2 1 2 1
9 90.49 90.771 2 1 0 2.8739 2 1 2 1
9 87.545 133.79 1 2 0 1.212 2 1 2 1
9 131.4 98.805 3 1 0 0.9397 2 1 2 1
9 108.93 81.938 3 3 1 0.42561 2 1 2 1
9 122.82 101.77 3 4 0 0.45639 2 1 2 1
9 119.77 117.65 1 2 0 0.34593 2 1 2 1
9 88.909 58.429 4 1 0 0.10685 2 1 2 1
9 127.92 108.38 3 3 1 0.61723 2 1 2 1
9 81.79 111.54 1 2 0 0.73323 2 1 2 1
9 105.37 62.352 4 1 0 0.7649 2 1 2 1
9 55.968 101.51 2 3 0 0.20109 2 1 2 1
9 137.02 95.216 3 4 0 0.091628 2 1 2 1
9 113.79 95.295 4 2 0 0.2358 2 1 2 1
9 106.52 71.449 4 1 0 0.076103 2 1 2 1
9 59.37 85.034 2 4 0 0.30005 2 1 2 1
9 69.854 99.217 2 2 1 0.57134 2 1 2 1
9 107.72 122.85 1 1 1 0.39274 2 1 2 1
9 124.09 118.91 3 2 0 0.6026 2 1 2 1
9 79.562 79.509 4 1 0 0.21819 2 1 2 1
9 125.02 87.037 3 3 1 1.1006 2 1 2 1
9 124.5 78.177 3 4 0 0.69828 2 1 2 1
