1 138.1 78.635 3 4 1 1 0 3.6639 8 0 0
1 78.156 106.16 2 1 2 1 0 1.3372 8 0 0
1 135.9 87.263 4 4 3 1 0 1.5613 8 0 0
1 95.081 129.76 4 2 4 1 0 0.56937 8 0 0
1 108.16 121.17 3 2 4 1 0 1.0973 8 0 0
1 78.076 96.265 4 1 1 1 1 0.88931 8 0 0
1 58.433 101.94 2 1 1 1 1 0.93728 8 0 0
1 95.087 138.82 4 2 2 1 1 1.0973 8 0 0
1 126.81 79.395 4 4 4 1 1 2.6493 8 0 0
1 95.503 80.539 3 3 2 1 0 1.3213 8 0 0
1 135.92 94.174 3 4 4 1 1 0.87326 8 0 0
1 96.222 119.36 4 2 3 1 0 1.9932 8 0 0
1 67.377 101.21 1 1 1 1 1 0.5213 8 0 0
1 130.11 92.592 1 4 4 1 1 1.0012 8 0 0
1 67.719 92.352 4 1 1 1 1 1.1612 8 0 0
1 123.59 90.996 2 3 4 1 0 0.61726 8 0 0
1 94.439 74.619 4 3 4 1 0 0.93692 8 0 0
1 84.668 102.75 3 1 4 1 0 1.1132 8 0 0
1 92.034 75.207 2 3 2 1 0 1.6573 8 0 0
1 79.896 81.103 3 3 1 1 0 0.85732 8 0 0
1 79.388 101.95 2 1 2 1 0 0.66529 8 0 0
1 75.224 88.377 4 1 2 1 0 0.95328 8 0 0
1 96.639 63.931 2 3 4 1 0 0.90534 8 0 0
1 103.29 76.818 4 3 4 1 0 0.84126 8 0 0
1 114.2 77.146 1 3 3 1 1 0.68132 8 0 0
1 101.3 118.25 3 2 4 1 0 0.76129 8 0 0
1 84.233 137.95 3 2 1 1 0 1.0334 8 0 0
1 103.04 133.76 1 2 2 1 1 1.5132 8 0 0
1 100.66 138.95 1 2 2 1 1 0.77721 8 0 0
1 110.47 86.667 4 3 1 1 0 0.9211 8 0 0
1 111.85 115.57 4 2 2 1 1 0.76124 8 0 0
1 138.91 109.03 2 4 2 1 0 0.84137 8 0 0
1 97.37 74.791 1 3 4 1 0 1.0653 8 0 0
1 88.46 132.35 4 2 2 1 1 0.74519 8 0 0
1 102.03 55.27 2 3 4 1 0 1.0333 8 0 0
1 81.331 81.853 1 1 2 1 0 0.72924 8 0 0
1 71.147 98.665 3 1 4 1 0 0.87331 8 0 0
1 100.19 132.46 4 2 3 1 0 0.48891 8 0 0
1 135.48 103.1 3 4 2 1 0 1.2093 8 0 0
1 56.719 111.46 4 1 1 1 1 0.7133 8 0 0
1 129.64 91.975 1 4 2 1 0 1.0173 8 0 0
1 100.45 75.41 4 3 4 1 0 0.72913 8 0 0
1 105.84 59.327 3 3 3 1 1 0.69728 8 0 0
1 95.636 122.01 4 2 1 1 0 1.289 8 0 0
1 101.93 124.92 1 2 2 1 1 1.0812 8 0 0
1 103.49 123.83 4 2 1 1 0 1.7852 8 0 0
1 65.483 111.99 1 1 1 1 1 0.92106 8 0 0
1 80.514 110.94 4 1 1 1 1 0.90525 8 0 0
1 100.28 82.642 1 3 4 1 0 1.2254 8 0 0
1 132.97 97.663 3 4 2 1 0 1.0654 8 0 0
1 97.504 109.72 2 2 4 1 0 1.1292 8 0 0
1 68.92 110.38 2 1 4 1 0 1.1772 8 0 0
1 96.095 76.707 3 3 2 1 0 0.82525 8 0 0
1 88.727 138.52 4 2 1 1 0 0.6813 8 0 0
1 78.451 105.19 1 1 2 1 0 0.82537 8 0 0
1 109.19 138.07 2 2 2 1 1 0.63327 8 0 0
1 113.19 81.538 4 4 4 1 1 1.5454 8 0 0
1 131.82 93.131 2 4 4 1 1 0.96934 8 0 0
1 97.803 130.48 1 2 2 1 1 1.8489 8 0 0
1 105.39 122.35 3 2 1 1 0 1.2092 8 0 0
1 130.46 86.239 2 4 4 1 1 0.9214 8 0 0
1 67.055 109.5 4 1 1 1 1 0.95301 8 0 0
1 100.23 73.765 4 3 4 1 0 1.5773 8 0 0
1 111.42 105.79 1 4 4 1 1 0.93727 8 0 0
1 137.35 113.99 2 4 2 1 0 1.5453 8 0 0
1 105.29 110.19 3 2 4 1 0 1.1613 8 0 0
1 73.271 112.19 4 1 1 1 1 0.74531 8 0 0
1 111.32 66.94 4 3 3 1 1 0.68121 8 0 0
1 49.067 104.17 4 1 1 1 1 0.84129 8 0 0
1 125.42 88.357 3 4 2 1 0 1.5453 8 0 0
1 96.006 70.31 1 3 2 1 0 0.84127 8 0 0
1 136.37 93.27 1 4 2 1 0 0.98528 8 0 0
1 99.777 123.8 4 2 2 1 1 1.1932 8 0 0
1 70.057 97.824 2 1 1 1 1 1.4174 8 0 0
1 64.441 99.62 3 1 1 1 1 0.87327 8 0 0
1 114.29 103.67 1 4 2 1 0 1.0653 8 0 0
1 124.8 92.44 4 4 2 1 0 1.0653 8 0 0
1 83.097 99.69 4 1 2 1 0 3.7213 8 0 0
1 124.62 98.248 3 4 2 1 0 0.82509 8 0 0
1 143.47 104.91 1 4 4 1 1 0.79221 8 0 0
1 150.2 102.4 4 4 4 1 1 0.6493 8 0 0
1 74.406 94.873 3 1 1 1 1 0.85784 8 0 0
1 79.921 80.143 2 1 1 1 1 0.98503 8 0 0
1 82.728 60.788 3 3 3 1 1 0.98511 8 0 0
1 87.493 102.65 2 1 1 1 1 0.82498 8 0 0
1 108.59 150 2 2 2 1 1 0.82491 8 0 0
1 99.874 116.05 1 2 4 1 0 3.1125 8 0 0
1 103.8 134.02 1 2 2 1 1 0.64864 8 0 0
1 108.36 74.954 4 3 4 1 0 0.82386 8 0 0
1 137.08 110.12 2 4 4 1 1 1.1444 8 0 0
1 118.36 111.64 3 4 4 1 1 1.0714 8 0 0
1 100.26 126.58 1 2 1 1 0 1.5928 8 0 0
1 107.66 76.983 2 3 3 1 1 1.8332 8 0 0
1 132.47 91.274 3 4 2 1 0 1.0501 8 0 0
1 77.043 103.02 2 1 1 1 1 1.0649 8 0 0
1 91.842 58.59 1 3 3 1 1 1.0964 8 0 0
1 105.35 62.113 2 3 3 1 1 0.79267 8 0 0
1 94.17 78.633 3 3 3 1 1 1.8486 8 0 0
1 85.51 78.382 1 3 2 1 0 2.3612 8 0 0
1 138.16 109.2 2 4 4 1 1 0.77733 8 0 0
2 114.53 61.526 1 3 3 1 1 2.4958 8 0 0
2 73.932 114.88 2 1 1 1 1 1.3053 8 0 0
2 74.453 101.68 3 1 1 1 1 1.5453 8 0 0
2 140.56 95.906 1 4 4 1 1 1.0333 8 0 0
2 61.124 86.306 4 1 1 1 1 0.80924 8 0 0
2 104.56 56.695 3 3 3 1 1 0.96925 8 0 0
2 112.83 144.21 4 2 2 1 1 0.85728 8 0 0
2 73.749 110.44 2 1 1 1 1 0.74523 8 0 0
2 104.9 118.62 4 2 4 1 0 1.1454 8 0 0
2 98.245 120.49 1 2 2 1 1 1.9293 8 0 0
2 70.846 89.233 3 1 1 1 1 0.9052 8 0 0
2 82.976 154.25 2 2 2 1 1 1.2893 8 0 0
2 84.364 77.564 3 3 3 1 1 1.3532 8 0 0
2 127.81 85.974 2 4 4 1 1 1.2573 8 0 0
2 135.82 105.16 3 4 4 1 1 1.7693 8 0 0
2 136.8 115.45 2 4 2 1 0 1.3053 8 0 0
2 104.2 141.27 2 2 2 1 1 0.88933 8 0 0
2 88.576 154.71 4 2 2 1 1 0.82528 8 0 0
2 101.83 65.421 1 3 3 1 1 1.0653 8 0 0
2 71.102 89.31 4 1 4 1 0 0.90537 8 0 0
2 64.365 104.84 1 1 1 1 1 0.55337 8 0 0
2 132.99 87.506 3 4 4 1 1 0.85735 8 0 0
2 127.04 102.53 4 4 4 1 1 1.3212 8 0 0
2 86.087 61.63 1 3 3 1 1 1.6252 8 0 0
2 113.1 110.7 3 2 4 1 0 2.6653 8 0 0
2 78.088 134.84 1 2 1 1 0 0.71305 8 0 0
2 80.363 107.58 2 1 1 1 1 1.0492 8 0 0
2 111.52 115.14 2 2 4 1 0 1.0494 8 0 0
2 85.657 87.331 2 1 1 1 1 0.82517 8 0 0
2 134.45 99.393 3 4 4 1 1 1.0973 8 0 0
2 92.918 131.84 4 2 2 1 1 0.69721 8 0 0
2 106.46 68.872 3 3 3 1 1 0.90529 8 0 0
2 104.55 75.985 1 3 4 1 0 0.87331 8 0 0
2 124.87 94.913 2 4 2 1 0 0.87335 8 0 0
2 131.6 100.05 2 4 4 1 1 1.8653 8 0 0
2 83.847 132.18 3 2 1 1 0 1.1134 8 0 0
2 137.4 90.895 1 4 4 1 1 0.69738 8 0 0
2 91.087 110.36 3 2 2 1 1 1.4332 8 0 0
2 126.18 107.62 2 4 2 1 0 1.0653 8 0 0
2 114.07 154.31 2 2 2 1 1 0.8573 8 0 0
2 80.038 101.41 3 1 1 1 1 1.6733 8 0 0
2 86.386 114.75 3 1 1 1 1 0.98529 8 0 0
2 90.76 118.01 1 2 2 1 1 0.95321 8 0 0
2 126.49 92.918 1 4 4 1 1 0.64927 8 0 0
2 109.99 128.71 3 2 2 1 1 0.80933 8 0 0
2 109.85 73.783 1 3 4 1 0 0.8893 8 0 0
2 101.9 83.963 4 3 3 1 1 1.6894 8 0 0
2 109.08 102.43 4 4 4 1 1 0.90526 8 0 0
2 128.1 100.78 3 4 4 1 1 1.6574 8 0 0
2 96.141 112.8 1 2 1 1 0 1.0973 8 0 0
2 87.314 64.028 2 3 3 1 1 0.87324 8 0 0
2 96.491 75.548 4 3 1 1 0 1.3371 8 0 0
2 133.57 96.385 1 4 4 1 1 1.1613 8 0 0
2 77.928 100.5 1 1 1 1 1 0.4733 8 0 0
2 76.242 107.64 2 1 1 1 1 1.2252 8 0 0
2 102.34 113.04 4 2 4 1 0 3.2573 8 0 0
2 123.77 91.191 4 4 4 1 1 0.95329 8 0 0
2 116.97 92.084 3 4 4 1 1 0.61723 8 0 0
2 69.448 106.47 2 1 1 1 1 0.74533 8 0 0
2 77.572 109.99 1 1 1 1 1 1.9933 8 0 0
2 79.195 108.9 1 1 1 1 1 1.0014 8 0 0
2 101.11 71.326 1 3 3 1 1 4.6011 8 0 0
2 100.99 121.59 4 2 2 1 1 1.0813 8 0 0
2 121.31 98.879 3 4 3 1 0 1.9452 8 0 0
2 105.35 58.085 3 3 3 1 1 0.8573 8 0 0
2 106.96 129.73 4 2 2 1 1 1.1453 8 0 0
2 79.308 92.667 4 1 1 1 1 1.0173 8 0 0
2 102.96 73.328 2 3 4 1 0 0.82519 8 0 0
2 112.41 118.76 2 4 4 1 1 0.82523 8 0 0
2 105.24 69.674 1 3 3 1 1 0.95323 8 0 0
2 97.194 128.59 1 2 2 1 1 1.1933 8 0 0
2 73.556 72.203 1 3 3 1 1 1.8013 8 0 0
2 86.84 95.028 4 3 3 1 1 5.1294 8 0 0
2 98.409 50.535 4 3 3 1 1 0.90522 8 0 0
2 120.24 105.37 3 4 3 1 0 2.3292 8 0 0
2 70.723 116.53 1 1 2 1 0 0.29731 8 0 0
2 136.2 109.88 4 4 4 1 1 1.0332 8 0 0
2 62.399 88.289 1 1 1 1 1 0.40928 8 0 0
2 102.16 55.752 3 3 3 1 1 0.79328 8 0 0
2 84.647 111.43 1 1 1 1 1 1.3533 8 0 0
2 121.92 85.312 1 4 3 1 0 1.3213 8 0 0
2 135.16 91.08 1 4 4 1 1 0.68137 8 0 0
2 107.65 124.98 2 2 1 1 0 0.93736 8 0 0
2 99.136 69.971 3 3 3 1 1 0.60125 8 0 0
2 96.851 93.522 2 1 3 1 0 0.6012 8 0 0
2 75.227 96.213 4 1 2 1 0 0.82545 8 0 0
2 147.27 83.137 2 4 1 1 0 0.39326 8 0 0
2 101.16 128.38 4 2 2 1 1 0.6973 8 0 0
2 72.136 96.496 3 1 1 1 1 0.90516 8 0 0
2 82.452 94.309 2 1 1 1 1 1.4332 8 0 0
2 88.839 138.9 1 2 2 1 1 0.80925 8 0 0
2 95.619 81.297 1 3 3 1 1 1.6732 8 0 0
2 81.98 108.69 2 1 1 1 1 1.9614 8 0 0
2 89.249 78.622 1 3 3 1 1 0.90524 8 0 0
2 103.79 74.408 4 3 3 1 1 0.72925 8 0 0
2 111.79 125.11 4 2 2 1 1 2.6653 8 0 0
2 100.29 72.427 1 3 3 1 1 0.63327 8 0 0
2 105.56 113.27 3 2 2 1 1 1.4654 8 0 0
2 125.36 108.83 1 4 4 1 1 0.74528 8 0 0
2 92.056 65.207 2 3 3 1 1 0.95301 8 0 0
3 89.896 132.19 2 2 2 1 1 1.5039 8 0 0
3 122.11 103.28 3 4 2 1 0 1.6572 8 0 0
3 96.553 70.742 3 3 3 1 1 0.63323 8 0 0
3 90.995 70.212 4 3 3 1 1 1.0653 8 0 0
3 107.42 77.578 3 3 3 1 1 0.72923 8 0 0
3 110.61 128.72 1 2 2 1 1 0.77728 8 0 0
3 123.62 140.58 2 2 2 1 1 1.8332 8 0 0
3 91.41 93.881 4 3 1 1 0 1.9292 8 0 0
3 120.78 94.112 4 4 2 1 0 1.5452 8 0 0
3 124.72 97.362 1 4 2 1 0 2.2972 8 0 0
3 105.22 124.71 3 2 3 1 0 6.6813 8 0 0
3 116.75 95.248 3 4 2 1 0 1.3533 8 0 0
3 103.82 160.68 1 2 2 1 1 2.2171 8 0 0
3 80.323 104.7 3 1 1 1 1 2.8572 8 0 0
3 74.279 93.98 3 1 1 1 1 1.9133 8 0 0
3 129.27 80.77 3 4 3 1 0 2.2653 8 0 0
3 117.36 99.67 2 4 4 1 1 2.4414 8 0 0
3 52.279 89.759 2 1 1 1 1 1.7213 8 0 0
3 99.281 114.32 2 2 4 1 0 2.2973 8 0 0
3 126.25 93.826 3 4 4 1 1 2.1373 8 0 0
3 116.68 143.14 2 2 2 1 1 1.7213 8 0 0
3 105.67 73.16 4 3 3 1 1 1.4493 8 0 0
3 63.9 101.59 4 1 1 1 1 1.1134 8 0 0
3 121.8 103.95 4 4 4 1 1 3.9452 8 0 0
3 93.416 96.683 1 1 1 1 1 2.4412 8 0 0
3 94.993 68.6 4 3 1 1 0 9.2252 8 0 0
3 110.59 67.354 1 3 3 1 1 1.7692 8 0 0
3 98.221 65.457 1 3 3 1 1 5.4653 8 0 0
3 105.91 134.84 1 2 2 1 1 1.0494 8 0 0
3 78.275 98.073 1 1 1 1 1 1.8492 8 0 0
3 127.38 98.414 3 4 4 1 1 1.8332 8 0 0
3 62.847 102.1 4 1 1 1 1 1.9773 8 0 0
3 66.393 108.79 2 1 1 1 1 2.9691 8 0 0
3 94.597 82.411 1 3 3 1 1 4.1052 8 0 0
3 68.081 97.29 2 1 1 1 1 2.9533 8 0 0
3 95.194 94.826 1 3 4 1 0 1.6093 8 0 0
3 93.355 104.98 1 1 4 1 0 1.6093 8 0 0
3 106.94 67.181 1 3 3 1 1 2.3932 8 0 0
3 101.9 52.566 4 3 3 1 1 1.7692 8 0 0
3 117.22 127.39 1 2 2 1 1 2.441 8 0 0
3 87.743 121.71 1 2 1 1 0 2.3132 8 0 0
3 112.9 126.84 3 2 2 1 1 1.9934 8 0 0
3 58.328 73.353 4 1 1 1 1 0.66525 8 0 0
3 125.5 91.716 1 4 4 1 1 0.90517 8 0 0
3 71.185 108.26 3 1 1 1 1 0.55319 8 0 0
3 96.13 74.53 3 3 3 1 1 0.74553 8 0 0
3 109.89 115.34 2 2 2 1 1 0.77728 8 0 0
3 112.26 78.24 2 3 3 1 1 1.0492 8 0 0
3 96.455 124.97 3 2 2 1 1 0.79325 8 0 0
3 78.534 135.86 4 2 2 1 1 0.9052 8 0 0
3 97.429 121.92 2 2 4 1 0 1.0333 8 0 0
3 88.911 106.9 1 1 2 1 0 0.68128 8 0 0
3 112.99 56.667 2 3 3 1 1 0.76133 8 0 0
3 94.934 58.117 2 3 3 1 1 0.64924 8 0 0
3 134.54 105.28 2 4 4 1 1 1.9133 8 0 0
3 136.68 89.393 4 4 4 1 1 1.5934 8 0 0
3 91.876 91.165 2 1 3 1 0 0.69706 8 0 0
3 99.356 122.93 3 2 1 1 0 0.39325 8 0 0
3 67.26 96.275 1 1 2 1 0 0.3292 8 0 0
3 143.65 112.93 3 4 3 1 0 0.87319 8 0 0
3 85.758 122.92 4 2 4 1 0 0.777 8 0 0
3 134.9 112.82 3 4 4 1 1 0.53726 8 0 0
3 90.727 115.04 1 2 3 1 0 0.71326 8 0 0
3 113.73 110.07 1 4 3 1 0 1.6892 8 0 0
3 58.379 84.361 3 1 1 1 1 0.72927 8 0 0
3 94.284 48.611 4 3 3 1 1 0.80924 8 0 0
3 119.21 107.17 4 4 4 1 1 0.87328 8 0 0
3 51.438 108.53 2 1 3 1 0 0.55326 8 0 0
3 94.167 86.356 1 3 3 1 1 0.93729 8 0 0
3 133.32 99.716 4 4 1 1 0 0.71328 8 0 0
3 59.669 94.748 3 1 3 1 0 0.4892 8 0 0
3 102.12 59.224 4 3 3 1 1 0.72924 8 0 0
3 76.579 100.09 1 1 3 1 0 0.64915 8 0 0
3 127.58 95.363 4 4 3 1 0 0.79319 8 0 0
3 132.71 98.452 2 4 4 1 1 0.7772 8 0 0
3 79.587 92.389 4 1 1 1 1 1.2412 8 0 0
3 64.23 102.61 1 1 1 1 1 0.60119 8 0 0
3 98.189 128.34 2 2 2 1 1 2.0732 8 0 0
3 110.72 120.02 1 2 2 1 1 0.77723 8 0 0
3 149.08 86.517 2 4 3 1 0 2.4252 8 0 0
3 57.396 106.88 4 1 1 1 1 0.66529 8 0 0
3 145.51 105.09 2 4 2 1 0 1.8653 8 0 0
3 142.54 96.024 1 4 4 1 1 0.4094 8 0 0
3 104.31 130.62 4 2 2 1 1 0.98527 8 0 0
3 92.592 132.06 4 2 1 1 0 1.0972 8 0 0
3 85.173 84.335 2 1 1 1 1 2.7132 8 0 0
3 104.09 67.894 2 3 3 1 1 0.84112 8 0 0
3 107.34 146.03 1 2 2 1 1 1.2893 8 0 0
3 103.58 77.844 1 3 3 1 1 1.5613 8 0 0
3 113.03 96.023 4 4 2 1 0 1.7213 8 0 0
3 110.07 62.644 4 3 3 1 1 1.2893 8 0 0
3 87.361 68.211 2 3 3 1 1 1.1613 8 0 0
3 77.33 102.76 2 1 3 1 0 1.1134 8 0 0
3 133.69 86.174 1 4 3 1 0 1.001 8 0 0
3 90.263 82.881 2 3 2 1 0 0.3293 8 0 0
3 136.7 85.785 2 4 4 1 1 0.37728 8 0 0
3 68.797 98.916 4 1 1 1 1 0.63323 8 0 0
3 100.31 142.8 1 2 2 1 1 0.72912 8 0 0
3 90.796 75.564 2 3 3 1 1 0.55328 8 0 0
3 79.951 141.1 3 2 2 1 1 0.61715 8 0 0
4 100.68 135.61 1 2 2 0 0 1.2958 6 75 0
4 116.93 101.92 1 4 2 0 0 1.0011 6 75 0
4 143.86 102.71 1 4 2 0 0 0.4252 6 75 0
4 126.18 99.77 3 4 2 0 0 0.55325 6 75 0
4 63.269 104.28 3 1 2 0 0 0.63312 6 75 0
4 129.21 95.301 1 4 2 1 0 0.53731 6 75 0
4 141.16 118.94 1 4 2 1 0 0.50526 6 75 0
4 91.393 137.11 1 2 4 0 0 0.42443 6 75 0
4 84.064 104.13 1 1 4 0 0 0.40923 6 75 0
4 104.3 71.17 3 3 4 0 0 0.69726 6 75 0
4 129.66 100.8 1 4 3 0 0 0.28122 6 75 0
4 140.28 107.07 2 4 4 1 1 0.32921 6 75 0
4 126.72 117.5 2 4 4 0 0 0.93723 6 75 0
4 88.697 141.36 2 2 4 0 0 0.50524 6 75 0
4 79.913 104.87 2 1 1 1 1 1.4013 6 75 0
4 87.404 103.16 2 1 4 0 0 1.0491 6 75 0
4 95.06 146.43 3 2 2 0 0 0.69728 6 75 0
4 107.49 124.27 3 2 4 1 0 0.77721 6 75 0
4 67.46 105.32 4 1 1 0 0 0.76117 6 75 0
4 102.92 122.09 3 2 4 0 0 0.88912 6 75 0
4 104.68 56.501 4 3 3 0 0 0.82512 6 75 0
4 101.91 68.71 1 3 3 0 0 0.55316 6 75 0
4 107.49 144.64 3 2 3 1 0 0.88914 6 75 0
4 63.841 99.981 1 1 3 0 0 1.7052 6 75 0
4 99.892 122.91 2 2 4 0 0 1.0013 6 75 0
4 94.721 105.78 2 2 2 1 1 0.32923 6 75 0
4 90.591 64.502 2 1 4 0 0 0.26519 6 75 0
4 115.63 88.531 3 3 2 0 0 0.23317 6 75 0
4 110.72 116.09 4 2 4 0 1 0.44126 6 75 0
4 74.106 102.73 2 1 4 0 0 0.31321 6 75 0
4 107.5 121.61 1 2 4 1 0 2.0252 6 75 0
4 114.94 130.41 1 2 2 0 0 0.025303 6 75 0
4 133.99 82.461 4 4 2 1 0 0.025207 6 75 0
4 108.88 128.95 4 2 3 0 0 2.4891 6 75 0
4 136.55 103.78 4 4 4 0 1 0.34521 6 75 0
4 99.04 118.42 2 2 4 1 0 0.36116 6 75 0
4 80.444 103.32 4 1 2 0 0 2.6972 6 75 0
4 148.4 105.74 1 4 3 0 0 0.47314 6 75 0
4 108.83 89.459 2 3 2 0 1 0.36126 6 75 0
4 93.272 118.26 2 2 3 0 0 1.4972 6 75 0
4 116.84 79.516 4 3 4 0 1 0.82519 6 75 0
4 89.671 66.716 1 3 2 1 0 0.96925 6 75 0
4 120.12 97.778 4 4 2 0 0 0.77698 6 75 0
4 98.299 66.622 4 3 4 0 1 1.0012 6 75 0
4 72.976 91.851 3 1 1 0 0 1.0492 6 75 0
4 129.33 121.82 4 4 2 1 0 0.44117 6 75 0
4 88.994 55.479 2 3 4 0 0 0.63329 6 75 0
4 108.91 79.36 3 3 3 0 1 0.66512 6 75 0
4 95.772 76.385 2 3 2 0 1 0.63327 6 75 0
4 96.142 70.835 2 3 4 1 0 2.3293 6 75 0
4 107.27 82.169 3 3 2 0 0 0.72928 6 75 0
4 134.65 106.72 4 4 2 0 0 0.85711 6 75 0
4 110.47 121.21 1 2 4 0 0 0.71322 6 75 0
4 77.029 88.631 4 1 3 0 0 0.58512 6 75 0
4 75.862 108.55 3 1 2 0 0 0.9212 6 75 0
4 81.135 85.89 2 1 1 1 1 0.98527 6 75 0
4 116.12 104.15 3 4 2 0 0 0.66521 6 75 0
4 111.29 71.945 3 3 4 1 0 0.95319 6 75 0
4 99.229 138.82 4 2 3 0 0 0.84112 6 75 0
4 106.63 68.216 2 3 2 0 1 0.5212 6 75 0
4 103.58 78.518 2 3 3 0 0 0.60119 6 75 0
4 81.367 54.044 2 3 4 0 0 0.93722 6 75 0
4 104.87 112.12 4 2 4 1 0 0.52116 6 75 0
4 93.391 63.324 4 3 3 0 0 0.29707 6 75 0
4 95.911 133.08 2 2 1 1 0 0.29721 6 75 0
4 129.41 107.43 2 4 2 0 1 0.52119 6 75 0
4 85.261 84.46 1 1 4 0 0 0.29716 6 75 0
4 110.89 77.799 3 3 3 1 1 0.26517 6 75 0
4 65.58 106.67 3 1 4 0 0 1.2092 6 75 0
4 108.45 68.655 2 3 2 1 0 0.92124 6 75 0
4 91.515 109.53 3 2 1 0 0 0.76127 6 75 0
4 74.269 85.795 3 1 4 1 0 1.0812 6 75 0
4 101.77 60.413 1 3 3 0 0 0.72918 6 75 0
4 107.58 141.28 2 2 2 0 1 1.0492 6 75 0
4 115.5 102.46 1 4 1 0 1 0.68128 6 75 0
4 106.83 93.879 1 4 2 0 0 0.64911 6 75 0
4 137.43 97.095 2 4 3 0 0 0.98515 6 75 0
4 107.76 101.61 1 4 4 0 0 0.85718 6 75 0
4 69.777 107.51 3 1 4 0 0 0.92116 6 75 0
4 116.02 54.02 3 3 2 0 0 1.4652 6 75 0
4 121.82 81.2 1 4 3 0 0 1.2892 6 75 0
4 92.524 112.37 3 2 4 0 0 1.8812 6 75 0
4 92.87 115.4 3 2 4 0 0 0.98515 6 75 0
4 77.293 99.987 1 1 1 0 1 1.3052 6 75 0
4 123.16 86.321 1 3 2 1 0 1.4492 6 75 0
4 119.7 106.13 3 4 3 1 0 1.3851 6 75 0
4 103.74 91.348 3 4 4 0 0 0.8251 6 75 0
4 75.961 119.52 4 1 4 1 0 2.2653 6 75 0
4 73.33 105.79 4 1 4 0 1 1.2092 6 75 0
4 105.96 87.726 4 3 4 0 1 0.48928 6 75 0
4 66.173 98.415 2 1 4 0 0 0.32924 6 75 0
4 114.54 65.252 2 3 4 0 0 2.4252 6 75 0
4 132.66 101.59 4 4 4 0 1 1.0653 6 75 0
4 65.666 89.518 1 1 4 0 0 0.16923 6 75 0
4 75.915 124.97 3 1 3 0 1 0.37715 6 75 0
4 98.021 135.47 1 2 4 0 0 0.42532 6 75 0
4 69.509 113.49 4 1 3 1 0 2.3291 6 75 0
4 63.01 111.55 4 1 4 0 1 1.3211 6 75 0
4 109.25 147.88 4 2 3 1 0 0.34516 6 75 0
4 118 110.77 4 4 4 0 1 0.18508 6 75 0
5 71.745 107.37 1 1 3 0 0 1.7758 6 75 0
5 68.809 92.921 1 1 4 0 0 0.84127 6 75 0
5 142.53 91.584 2 4 3 0 0 1.0332 6 75 0
5 90.661 114.79 4 2 4 0 1 2.9851 6 75 0
5 116.61 107.64 1 4 4 1 1 0.48924 6 75 0
5 60.351 114.31 4 1 4 0 1 3.0333 6 75 0
5 90.777 75.458 1 3 4 1 0 0.7132 6 75 0
5 104.46 125.87 2 2 3 0 0 0.34524 6 75 0
5 68.59 111.24 3 1 4 1 0 2.2171 6 75 0
5 101.47 116.34 4 2 3 1 0 3.6252 6 75 0
5 69.682 91.355 1 1 4 0 0 0.84126 6 75 0
5 95.532 124.7 1 2 3 0 0 0.82523 6 75 0
5 63.436 97.967 4 1 2 0 0 0.34529 6 75 0
5 126.28 83.819 3 4 1 1 0 0.55322 6 75 0
5 103.35 81.916 4 3 2 1 0 0.50524 6 75 0
5 95.969 62.936 1 3 2 1 0 0.71331 6 75 0
5 74.12 99.144 3 1 2 0 0 0.85705 6 75 0
5 99.578 137.41 4 2 1 0 0 0.84127 6 75 0
5 123.32 82.92 2 3 2 0 1 1.3533 6 75 0
5 127.1 108.36 4 4 2 0 0 3.2412 6 75 0
5 80.169 102.41 4 1 2 1 0 1.3852 6 75 0
5 144.12 106.39 1 4 2 0 0 2.9052 6 75 0
5 92.722 150.37 4 2 2 1 1 1.0332 6 75 0
5 103.78 117.24 4 2 2 0 0 0.66524 6 75 0
5 131.72 99.714 2 4 2 0 1 0.56918 6 75 0
5 119.94 80.981 1 3 1 0 1 1.1932 6 75 0
5 63.64 102.47 3 1 1 0 0 1.4492 6 75 0
5 101.17 119.29 1 2 1 1 0 1.2571 6 75 0
5 136.66 105.03 4 4 2 0 0 2.8733 6 75 0
5 98.872 73.991 1 3 2 1 0 0.58514 6 75 0
5 78.163 109.64 4 1 2 0 0 0.92122 6 75 0
5 101.42 66.018 1 3 1 0 1 0.61722 6 75 0
5 132.52 79.367 2 4 1 0 0 1.0665 6 75 0
5 79.825 110.03 4 1 2 0 0 0.64909 6 75 0
5 77.056 105.17 1 1 2 0 0 2.6491 6 75 0
5 105.05 72.423 3 3 1 1 0 2.5213 6 75 0
5 94.577 65.346 3 3 2 0 0 0.79316 6 75 0
5 133.38 95.12 2 4 2 1 0 0.87281 6 75 0
5 91.698 118.62 1 2 1 0 1 1.0972 6 75 0
5 122.05 99.856 3 4 1 0 0 0.12127 6 75 0
5 123.59 102.76 1 4 1 0 1 0.45716 6 75 0
5 60.554 97.491 3 1 1 0 0 3.3212 6 75 0
5 96.492 64.001 2 3 1 0 0 1.3692 6 75 0
5 122.17 87.285 2 4 2 0 1 0.13725 6 75 0
5 83.244 87.235 4 3 1 0 0 0.32908 6 75 0
5 86.379 114.45 3 1 2 0 0 0.7771 6 75 0
5 117.04 134.52 1 2 2 0 0 1.0812 6 75 0
5 150.63 101.2 1 4 1 0 1 1.5772 6 75 0
5 84.914 90.149 3 3 1 0 0 2.0413 6 75 0
5 76.309 94.566 3 1 1 0 0 0.6332 6 75 0
5 99.532 110.29 1 2 2 0 0 0.31315 6 75 0
5 120.26 88.827 1 4 1 0 1 0.61723 6 75 0
5 100.45 55.048 2 3 1 0 0 3.4652 6 75 0
5 107.88 133.45 3 2 4 1 0 0.45729 6 75 0
5 109.41 86.605 3 3 2 0 0 1.7052 6 75 0
5 42.798 98.786 4 1 3 1 0 1.8017 6 75 0
5 55.679 110.52 1 1 4 0 0 0.63332 6 75 0
5 79.833 109.31 2 1 1 0 0 0.45719 6 75 0
5 65.574 101.79 1 1 2 0 0 0.63327 6 75 0
5 131.21 109.65 1 4 4 1 1 0.72923 6 75 0
5 103.06 66.627 2 3 3 0 0 0.5532 6 75 0
5 94.552 61.334 3 3 4 0 0 0.52116 6 75 0
5 103.42 75.886 3 3 2 0 0 0.8888 6 75 0
5 93.811 81.911 1 3 4 0 0 0.63314 6 75 0
5 98.018 84.376 2 3 3 0 0 0.98508 6 75 0
5 97.225 74.907 4 3 3 0 0 0.85692 6 75 0
5 118.33 94.643 1 4 4 0 0 1.6414 6 75 0
5 94.904 108.78 4 2 3 0 0 1.8971 6 75 0
5 118.59 107.79 2 2 4 1 0 1.0012 6 75 0
5 125.38 93.662 4 4 3 0 0 0.64909 6 75 0
5 111.12 67.162 2 3 4 0 0 0.79321 6 75 0
5 116.24 104.32 4 4 3 1 0 0.44094 6 75 0
5 119.67 98.963 1 4 4 0 0 0.45722 6 75 0
5 106.04 131.14 1 2 4 1 0 0.88919 6 75 0
5 133.28 109.73 4 4 3 0 0 0.77715 6 75 0
5 110.27 135.74 1 2 4 0 0 0.31315 6 75 0
5 110.42 97.203 3 4 3 0 1 1.0012 6 75 0
5 89.375 80.253 3 3 4 1 0 1.0653 6 75 0
5 53.26 97.652 4 1 3 0 0 1.0811 6 75 0
5 75.862 81.326 3 1 3 0 1 0.68099 6 75 0
5 80.033 125.03 3 2 3 0 1 5.2251 6 75 0
5 90.435 136.37 2 2 4 0 0 1.0652 6 75 0
5 146.64 104.11 1 4 4 0 0 1.0012 6 75 0
5 103.92 117.37 3 2 4 0 0 1.5453 6 75 0
5 100.57 59.036 2 3 4 0 0 2.233 6 75 0
5 126.13 115.08 4 4 2 1 0 1.9292 6 75 0
5 98.029 119 3 2 2 1 1 3.7691 6 75 0
5 81.66 102.4 2 1 1 0 0 1.0011 6 75 0
5 93.03 127.92 4 2 2 0 0 0.50515 6 75 0
5 64.178 95.854 3 1 1 0 0 0.96919 6 75 0
5 106.2 62.128 2 3 3 0 0 0.72905 6 75 0
5 135.28 131.47 1 4 4 0 0 0.53717 6 75 0
5 83.511 127.5 3 2 2 0 0 1.0491 6 75 0
5 92.622 121.35 1 2 3 0 0 0.3612 6 75 0
5 96.667 66.656 3 3 3 1 1 0.72907 6 75 0
5 95.711 96.621 1 1 2 0 0 0.79312 6 75 0
5 102.66 124.97 2 2 4 1 0 0.69704 6 75 0
5 63.495 112.71 2 1 1 0 0 0.76118 6 75 0
5 109 126.84 3 2 2 0 0 1.0173 6 75 0
5 138.93 102.89 4 4 4 1 1 0.88923 6 75 0
6 65.225 109.44 1 1 2 0 0 2.0159 6 75 0
6 99.035 89.404 2 3 2 0 1 0.60115 6 75 0
6 71.973 116.23 3 1 1 0 0 0.58512 6 75 0
6 122.27 97.825 3 4 4 0 0 1.0332 6 75 0
6 80.01 106.7 1 1 4 1 0 1.3052 6 75 0
6 54.54 100.59 3 1 3 1 0 0.61708 6 75 0
6 129.56 104.72 1 4 2 0 0 0.76125 6 75 0
6 107.98 122.28 2 2 4 0 0 0.6493 6 75 0
6 123.55 93.888 1 4 4 0 0 1.0332 6 75 0
6 73.609 100.08 4 1 3 0 0 0.47315 6 75 0
6 94.558 127.32 2 2 3 0 0 0.60122 6 75 0
6 124.48 113.37 3 4 4 1 1 0.52131 6 75 0
6 100.56 73.971 2 3 4 0 0 0.58518 6 75 0
6 70.959 107.6 3 1 3 0 1 0.47314 6 75 0
6 103.65 80.325 1 3 4 1 0 0.56912 6 75 0
6 120.28 123.72 3 2 4 0 0 1.9452 6 75 0
6 89.613 63.608 3 3 3 0 1 2.7611 6 75 0
6 113.3 55.992 1 3 4 0 0 1.0652 6 75 0
6 97.391 130.76 2 2 2 1 1 2.5211 6 75 0
6 97.76 139.67 3 2 2 0 0 0.92115 6 75 0
6 136.69 95.045 2 4 4 0 0 2.9531 6 75 0
6 87.689 64.684 4 3 4 0 1 0.84131 6 75 0
6 104.43 118.43 3 2 4 0 0 2.2492 6 75 0
6 81.771 111.11 1 1 2 1 0 1.2889 6 75 0
6 71.365 100.47 2 1 2 0 1 1.1451 6 75 0
6 61.808 120.11 4 1 3 0 0 2.2012 6 75 0
6 93.668 67.523 3 3 3 0 1 0.88916 6 75 0
6 119.71 97.126 2 4 4 0 0 0.71319 6 75 0
6 106.68 75.35 2 3 4 0 0 0.52113 6 75 0
6 129.5 98.678 2 4 4 1 1 0.93729 6 75 0
6 107.7 80.542 3 3 4 1 0 0.93721 6 75 0
6 76.533 94.493 2 1 3 0 0 2.4892 6 75 0
6 56.58 97.892 3 1 3 0 1 1.449 6 75 0
6 98.909 143.28 2 2 1 0 0 3.3853 6 75 0
6 101.76 128.04 1 2 2 0 0 1.0813 6 75 0
6 110.69 65.784 2 3 3 1 1 0.77706 6 75 0
6 71.068 87.646 3 1 1 0 0 0.96935 6 75 0
6 94.481 130.18 1 2 4 1 0 0.53709 6 75 0
6 131.28 106.85 4 4 2 0 0 0.42488 6 75 0
6 93.953 116.25 2 2 3 0 0 0.61702 6 75 0
6 87.952 84.351 2 1 3 0 0 2.6812 6 75 0
6 76.165 80.21 2 1 2 1 0 0.4092 6 75 0
6 86.987 137.73 2 2 3 0 0 1.4332 6 75 0
6 133.95 86.606 2 4 4 0 0 0.61716 6 75 0
6 104.74 95.854 3 4 3 0 1 1.0011 6 75 0
6 111.12 118.31 4 4 3 0 0 0.56915 6 75 0
6 133.64 103.47 4 4 3 0 0 1.1291 6 75 0
6 116.47 89.716 2 4 3 1 0 0.98517 6 75 0
6 76.811 106.37 2 1 3 0 0 1.7692 6 75 0
6 89.205 134.14 3 2 3 0 1 0.82527 6 75 0
6 86.198 132.76 2 2 1 0 0 0.71303 6 75 0
6 107.49 67.776 2 3 1 0 0 0.56918 6 75 0
6 98.916 142.17 1 2 1 1 0 0.56902 6 75 0
6 103.41 73.775 4 3 1 0 0 0.40915 6 75 0
6 64.79 77.371 1 1 1 0 1 1.1772 6 75 0
6 68.218 104.29 3 1 1 0 0 1.2571 6 75 0
6 99.84 81.41 1 3 2 1 0 1.5132 6 75 0
6 133.66 106.89 4 4 2 0 0 0.72917 6 75 0
6 102.05 85.178 3 3 1 1 0 0.76109 6 75 0
6 65.618 91.433 2 1 1 0 0 0.54028 6 75 0
6 119.86 94.212 4 4 2 0 0 0.69709 6 75 0
6 111.72 105.18 4 4 2 1 0 0.53712 6 75 0
6 65.882 90.463 1 1 2 0 0 0.48929 6 75 0
6 69.83 103.95 1 1 2 0 0 2.1212 6 75 0
6 91.782 124.11 4 2 2 0 0 2.1852 6 75 0
6 125.82 82.164 2 4 2 1 0 2.2171 6 75 0
6 61.901 110.73 4 1 1 0 0 1.0012 6 75 0
6 139.88 103.12 3 4 2 0 0 0.56929 6 75 0
6 90.919 50.4 4 3 1 0 0 0.329 6 75 0
6 81.446 97.614 3 1 4 0 0 1.7533 6 75 0
6 131.92 123.13 4 4 4 1 1 3.0651 6 75 0
6 105.49 142.37 2 2 3 0 0 0.61725 6 75 0
6 98.031 85.915 2 3 3 1 1 0.80917 6 75 0
6 85.629 129.72 1 2 2 0 0 0.68116 6 75 0
6 132.46 93.55 1 4 4 0 0 1.0812 6 75 0
6 98.642 67.085 2 3 3 0 0 1.1132 6 75 0
6 91.934 128.11 4 2 4 0 1 1.0332 6 75 0
6 121.04 119.98 2 2 2 0 1 1.7372 6 75 0
6 97.639 74.144 3 3 3 0 1 1.3851 6 75 0
6 123.04 92.771 4 4 2 0 0 1.1611 6 75 0
6 82.918 60.697 3 3 1 0 0 0.76102 6 75 0
6 91.959 81.369 2 3 1 1 0 1.7371 6 75 0
6 107.32 140.28 4 2 4 0 1 1.1132 6 75 0
6 88.565 90.106 4 1 1 1 1 2.1211 6 75 0
6 99.288 68.199 2 3 3 0 0 1.2732 6 75 0
6 115.87 77.242 1 3 3 0 0 1.6411 6 75 0
6 90.957 126.35 1 2 4 1 0 1.0972 6 75 0
6 106.33 61.389 2 3 3 0 0 1.161 6 75 0
6 91.988 65.829 3 3 3 0 1 1.1773 6 75 0
6 100.73 116.58 1 2 2 0 0 1.0812 6 75 0
6 127.55 108.75 1 4 2 0 0 0.60112 6 75 0
6 131.93 115.75 1 4 2 0 0 1.5771 6 75 0
6 104.76 75.866 4 3 2 0 0 0.74515 6 75 0
6 108.87 89.02 1 4 2 0 0 0.74508 6 75 0
6 94.161 140.32 1 2 4 1 0 1.2092 6 75 0
6 77.858 103.26 2 1 2 0 1 1.353 6 75 0
6 105.67 113.86 2 2 1 1 0 0.68122 6 75 0
6 72.087 111.01 2 1 1 0 0 0.8892 6 75 0
6 138.79 110.53 3 4 1 0 0 1.9932 6 75 0
6 90.988 115.65 1 2 1 1 0 0.92115 6 75 0
7 154.99 97.41 2 3 2 1 0 1.376 8 0 1
7 69.085 87.081 1 2 4 1 0 0.39322 8 0 1
7 64.475 77.533 3 2 4 1 0 1.2892 8 0 1
7 66.984 90.416 3 2 4 1 0 0.71321 8 0 1
7 101.83 70.986 4 4 4 1 1 0.60118 8 0 1
7 56.686 103.6 1 2 4 1 0 0.21721 8 0 1
7 106.8 73.142 3 4 4 1 1 2.0733 8 0 1
7 76.401 95.296 3 2 4 1 0 0.71327 8 0 1
7 109.02 110.12 1 3 4 1 0 2.665 8 0 1
7 105.35 81.111 2 4 3 1 0 0.58511 8 0 1
7 115.33 116.76 2 1 3 1 0 1.9932 8 0 1
7 77.531 86.067 4 2 4 1 0 0.9372 8 0 1
7 101.55 83.49 2 4 4 1 1 1.2412 8 0 1
7 136.64 100.6 1 3 3 1 1 2.1051 8 0 1
7 114.68 141.24 4 1 3 1 0 0.66529 8 0 1
7 101.7 60.196 3 4 2 1 0 0.42523 8 0 1
7 83.552 92.867 4 2 2 1 1 0.42507 8 0 1
7 71.138 121.68 3 2 1 1 0 0.77715 8 0 1
7 75.797 136.11 4 1 2 1 0 0.77715 8 0 1
7 109.42 76.845 1 4 1 1 0 0.88911 8 0 1
7 75.413 94.694 2 2 2 1 1 0.61714 8 0 1
7 63.689 99.325 1 2 2 1 1 1.4332 8 0 1
7 92.969 69.134 4 4 3 1 0 1.7371 8 0 1
7 97.348 129.19 3 1 3 1 0 1.1771 8 0 1
7 106.4 126.84 1 1 3 1 0 1.2571 8 0 1
7 123.18 102.5 2 3 3 1 1 0.93725 8 0 1
7 103.5 142.9 2 1 4 1 0 0.74517 8 0 1
7 105.47 122.04 2 1 3 1 0 1.4012 8 0 1
7 100.12 137.38 1 1 1 1 1 1.9132 8 0 1
7 100.69 64.568 1 4 4 1 1 2.4891 8 0 1
7 136.19 96.662 4 3 3 1 1 1.2093 8 0 1
7 69.965 86.568 2 2 2 1 1 0.68123 8 0 1
7 103.03 121.99 3 1 1 1 1 3.657 8 0 1
7 91.337 66.395 3 4 3 1 0 1.3525 8 0 1
7 127.27 101.29 3 3 4 1 0 1.065 8 0 1
7 95.99 78.373 2 4 2 1 0 1.1452 8 0 1
7 104.89 113.38 1 1 1 1 1 1.5771 8 0 1
7 91.971 124.15 2 1 4 1 0 1.8813 8 0 1
7 117.5 78.019 2 4 4 1 1 1.3692 8 0 1
7 65.272 109.84 1 2 2 1 1 0.9877 8 0 1
7 66.681 92.02 3 2 2 1 1 0.82518 8 0 1
7 103.57 102.01 1 1 3 1 0 2.3292 8 0 1
7 109.59 66.144 1 4 1 1 0 1.4652 8 0 1
7 99.222 84.464 2 4 3 1 0 3.9291 8 0 1
7 124.18 129.49 4 3 3 1 1 1.0011 8 0 1
7 121.5 110.05 3 3 3 1 1 1.0651 8 0 1
7 58.261 103.39 3 2 2 1 1 1.817 8 0 1
7 139.65 97.568 1 3 3 1 1 2.1371 8 0 1
7 98.179 69.092 4 4 2 1 0 2.1052 8 0 1
7 77.653 103.19 1 2 2 1 1 1.6251 8 0 1
7 134.62 92.051 2 3 4 1 0 1.3853 8 0 1
7 72.593 121.4 2 2 2 1 1 1.4492 8 0 1
7 107.91 64.381 4 4 4 1 1 1.8011 8 0 1
7 60.98 93.568 1 2 2 1 1 1.5132 8 0 1
7 102.79 116.42 2 1 1 1 1 2.6011 8 0 1
7 98.577 125.95 3 1 3 1 0 1.2732 8 0 1
7 94.408 49.697 4 4 4 1 1 1.7213 8 0 1
7 62.668 107.74 1 2 2 1 1 1.3052 8 0 1
7 97.692 64.121 1 4 4 1 1 0.90517 8 0 1
7 149.85 85.663 2 3 1 1 0 2.233 8 0 1
7 94.301 69.413 2 4 4 1 1 1.3851 8 0 1
7 114.9 101.9 2 3 3 1 1 1.4332 8 0 1
7 104.84 64.581 1 4 4 1 1 1.4971 8 0 1
7 80.613 64.8 4 4 4 1 1 1.0171 8 0 1
7 146.57 88.563 4 3 3 1 1 1.4811 8 0 1
7 107.71 136.73 2 1 1 1 1 1.0332 8 0 1
7 84.361 143.25 3 1 1 1 1 1.3211 8 0 1
7 64.793 86.673 3 2 2 1 1 1.3692 8 0 1
7 107.17 132.04 2 1 1 1 1 7.0811 8 0 1
7 136.74 101.5 3 3 3 1 1 2.2971 8 0 1
7 67.057 102.81 1 2 2 1 1 1.6252 8 0 1
7 116.71 100.27 4 3 3 1 1 1.4011 8 0 1
7 112.36 123.11 3 1 1 1 1 1.6412 8 0 1
7 93.601 125.3 2 1 1 1 1 0.84117 8 0 1
7 124.48 113.5 3 3 3 1 1 1.6412 8 0 1
7 107.85 71.129 1 4 4 1 1 1.5452 8 0 1
7 67.513 120.72 1 2 2 1 1 1.4332 8 0 1
7 82.204 101.04 4 2 1 1 0 1.3852 8 0 1
7 106.55 94.586 3 3 3 1 1 1.9291 8 0 1
7 118.19 104.74 3 3 1 1 0 2.0252 8 0 1
7 121.1 94.577 4 3 4 1 0 2.6652 8 0 1
7 66.948 106.22 1 2 2 1 1 1.3532 8 0 1
7 100.19 133.48 2 1 1 1 1 2.0732 8 0 1
7 65.786 99.051 3 2 2 1 1 2.7771 8 0 1
7 121.21 99.186 4 3 3 1 1 2.2972 8 0 1
7 122.53 84.582 2 3 1 1 0 2.2331 8 0 1
7 71.871 91 4 2 2 1 1 1.4971 8 0 1
7 93.356 125.65 1 1 1 1 1 1.7691 8 0 1
7 113.65 134.47 4 1 1 1 1 1.3691 8 0 1
7 105.5 79.112 2 4 4 1 1 1.305 8 0 1
7 92.905 122.1 3 1 3 1 0 2.5531 8 0 1
7 109.23 139.79 2 1 1 1 1 1.5771 8 0 1
7 140.38 105.71 3 3 3 1 1 1.081 8 0 1
7 95.353 130.86 4 1 1 1 1 1.5933 8 0 1
7 118.45 107.25 4 3 3 1 1 1.7051 8 0 1
7 96.499 80.838 4 4 4 1 1 1.2092 8 0 1
7 104.76 57.815 4 4 4 1 1 0.98517 8 0 1
7 103.61 74.101 4 4 4 1 1 1.0971 8 0 1
7 136.03 94.356 1 3 4 1 0 0.8252 8 0 1
7 137.08 98.541 1 3 3 1 1 1.1611 8 0 1
8 88.689 98.299 2 2 3 1 0 4.7838 8 0 1
8 86.696 51.709 2 4 4 1 1 1.4332 8 0 1
8 99.869 69.579 1 4 4 1 1 0.87326 8 0 1
8 117.85 104.56 1 3 3 1 1 1.3531 8 0 1
8 120.98 109.66 1 3 3 1 1 1.1612 8 0 1
8 113.2 100.19 4 3 4 1 0 1.3532 8 0 1
8 63.81 110.56 3 2 2 1 1 1.0171 8 0 1
8 107.74 151.82 1 1 1 1 1 1.4011 8 0 1
8 87.638 87.9 1 2 4 1 0 1.673 8 0 1
8 77.574 106.8 4 2 3 1 0 1.3532 8 0 1
8 133.52 113.66 2 3 3 1 1 0.64921 8 0 1
8 125.76 107.77 3 3 3 1 1 1.5132 8 0 1
8 108.67 117.67 1 1 3 1 0 1.1131 8 0 1
8 98.016 72.591 4 4 4 1 1 1.5132 8 0 1
8 111.17 126.9 4 1 3 1 0 1.0651 8 0 1
8 87.138 149.74 1 1 3 1 0 0.68109 8 0 1
8 104.98 107.99 4 1 4 1 0 1.2573 8 0 1
8 70.185 112.66 1 2 2 1 1 1.2892 8 0 1
8 108.76 66.537 3 4 4 1 1 3.8651 8 0 1
8 87.327 119.11 4 1 2 1 0 1.8332 8 0 1
8 135.33 94.302 4 3 4 1 0 1.7691 8 0 1
8 102.56 50.881 2 4 4 1 1 1.2412 8 0 1
8 94.348 71.337 3 4 4 1 1 0.84117 8 0 1
8 83.69 97.759 1 2 3 1 0 1.9931 8 0 1
8 92.946 88.156 4 4 4 1 1 1.1612 8 0 1
8 95.849 76.65 2 4 4 1 1 0.64916 8 0 1
8 56.413 94.264 2 2 4 1 0 1.2411 8 0 1
8 128.97 121.71 2 3 3 1 1 1.4491 8 0 1
8 95.479 69.394 4 4 4 1 1 0.90511 8 0 1
8 88.157 69.825 3 4 4 1 1 0.84108 8 0 1
8 88.072 90.552 2 4 4 1 1 0.96919 8 0 1
8 131.37 96.305 2 3 3 1 1 1.1932 8 0 1
8 72.507 95.076 3 2 2 1 1 1.6092 8 0 1
8 67.698 96.766 1 2 2 1 1 0.72915 8 0 1
8 90.24 128.23 3 1 3 1 0 1.8331 8 0 1
8 89.956 64.863 1 4 4 1 1 1.0492 8 0 1
8 75.685 119.72 4 2 2 1 1 1.6412 8 0 1
8 104.93 74.325 4 4 3 1 0 1.2091 8 0 1
8 96.998 144.9 4 1 1 1 1 1.2572 8 0 1
8 64.871 105.03 2 2 2 1 1 1.4172 8 0 1
8 102.26 91.893 2 4 3 1 0 1.4811 8 0 1
8 128.38 97.975 2 3 3 1 1 0.82494 8 0 1
8 69.659 95.394 4 2 2 1 1 1.1932 8 0 1
8 71 111.16 3 2 2 1 1 0.8252 8 0 1
8 87.703 99.619 2 2 2 1 1 1.1612 8 0 1
8 85.896 100.23 3 2 2 1 1 2.5371 8 0 1
8 102.59 83.574 1 4 2 1 0 3.2571 8 0 1
8 118.28 134.39 1 1 1 1 1 1.2731 8 0 1
8 101.51 136.75 3 1 1 1 1 2.1371 8 0 1
8 108.88 124.8 3 1 1 1 1 1.929 8 0 1
8 66.167 70.699 4 2 2 1 1 2.6812 8 0 1
8 124.01 108.19 1 3 3 1 1 1.1772 8 0 1
8 88.952 121.92 3 1 3 1 0 1.0171 8 0 1
8 102.15 115.69 4 3 1 1 0 1.6092 8 0 1
8 140.82 100.94 3 3 3 1 1 1.7691 8 0 1
8 121.88 109.92 4 3 3 1 1 1.8171 8 0 1
8 53.133 82.592 3 2 2 1 1 1.5131 8 0 1
8 97.858 128.19 1 1 1 1 1 3.0652 8 0 1
8 113.39 91.561 2 3 4 1 0 2.0412 8 0 1
8 91.631 131.59 3 1 2 1 0 2.5051 8 0 1
8 101.59 128.67 1 1 1 1 1 3.7049 8 0 1
8 124.5 100.25 1 3 3 1 1 2.6972 8 0 1
8 82.785 71.596 1 4 4 1 1 1.8333 8 0 1
8 74.093 102.45 4 2 2 1 1 2.0252 8 0 1
8 94.46 89.864 4 4 3 1 0 3.801 8 0 1
8 57.944 87.101 3 2 2 1 1 1.5612 8 0 1
8 124.25 90.883 4 3 3 1 1 4.3131 8 0 1
8 103.32 134.06 2 1 1 1 1 1.3693 8 0 1
8 39.473 74.96 3 2 2 1 1 3.0651 8 0 1
8 132.98 98.246 1 3 4 1 0 2.6972 8 0 1
8 71.812 78.352 3 2 2 1 1 0.69721 8 0 1
8 127.71 107.19 3 3 3 1 1 0.90502 8 0 1
8 131.56 93.748 3 3 3 1 1 1.9771 8 0 1
8 117.2 70.548 1 4 4 1 1 1.5132 8 0 1
8 75.503 120.2 2 2 2 1 1 0.98515 8 0 1
8 92.588 154.28 3 1 1 1 1 1.1773 8 0 1
8 97.072 123.33 3 1 1 1 1 1.0652 8 0 1
8 95.039 77.257 1 4 3 1 0 0.90531 8 0 1
8 103.29 70.961 2 4 4 1 1 0.53726 8 0 1
8 101.38 73.017 3 4 4 1 1 0.63317 8 0 1
8 106.79 73.195 2 4 4 1 1 0.66516 8 0 1
8 54.726 102.95 3 2 2 1 1 0.56915 8 0 1
8 128.04 100.7 4 3 3 1 1 1.6892 8 0 1
8 136.27 109.16 3 3 3 1 1 0.52127 8 0 1
8 106.93 125.34 1 1 3 1 0 0.4412 8 0 1
8 140.14 112.93 3 3 3 1 1 0.85719 8 0 1
8 100.41 124.77 3 1 3 1 0 1.4012 8 0 1
8 93.178 65.476 1 4 4 1 1 1.0011 8 0 1
8 123.6 102.77 4 3 3 1 1 1.0811 8 0 1
8 74.84 110.41 2 2 3 1 0 1.2253 8 0 1
8 103.37 147.21 2 1 1 1 1 1.0012 8 0 1
8 111.85 106.14 1 3 3 1 1 0.66508 8 0 1
8 104.71 119.43 2 1 3 1 0 0.8571 8 0 1
8 98.277 121.06 2 1 3 1 0 1.0172 8 0 1
8 88.929 109.56 3 1 3 1 0 0.60121 8 0 1
8 93.065 64.704 3 4 4 1 1 0.61719 8 0 1
8 113.92 134.08 3 1 1 1 1 0.64896 8 0 1
8 93.937 62.462 2 4 4 1 1 1.385 8 0 1
8 122.33 91.673 4 3 3 1 1 1.5609 8 0 1
8 66.881 103.13 1 2 1 1 0 1.0172 8 0 1
9 119.77 117.65 1 1 2 1 0 0.89578 8 0 1
9 85.609 129.03 3 1 1 1 1 1.8972 8 0 1
9 91.562 71.13 3 4 3 1 0 1.0972 8 0 1
9 95.906 128.14 2 1 4 1 0 1.4011 8 0 1
9 124.09 118.91 1 3 1 1 0 1.3372 8 0 1
9 131.4 98.805 2 3 3 1 1 1.609 8 0 1
9 90.49 90.771 1 2 3 1 0 3.2411 8 0 1
9 110.45 128.43 3 1 2 1 0 2.8572 8 0 1
9 125.02 87.037 4 3 4 1 0 2.6333 8 0 1
9 116.82 91.335 3 4 2 1 0 1.2573 8 0 1
9 137.02 95.216 3 3 4 1 0 1.1291 8 0 1
9 129.28 110.85 4 3 2 1 0 0.95314 8 0 1
9 80.145 103.81 1 2 2 1 1 0.80915 8 0 1
9 59.37 85.034 3 2 2 1 1 0.61717 8 0 1
9 112.1 90.087 3 3 4 1 0 1.0654 8 0 1
9 72.589 103.31 2 2 2 1 1 1.385 8 0 1
9 94.916 127.7 2 1 3 1 0 0.92098 8 0 1
9 68.49 100.38 3 2 2 1 1 0.80916 8 0 1
9 55.968 101.51 4 2 2 1 1 0.88898 8 0 1
9 98.49 82.627 2 4 4 1 1 0.95321 8 0 1
9 122.08 84.683 3 3 3 1 1 1.385 8 0 1
9 70.98 97.498 1 2 2 1 1 0.80926 8 0 1
9 104.77 137.2 2 1 1 1 1 1.641 8 0 1
9 108.73 146.08 4 1 1 1 1 1.0972 8 0 1
9 101.69 71.413 1 4 4 1 1 1.0972 8 0 1
9 129.02 91.02 3 3 4 1 0 0.69722 8 0 1
9 124.5 78.177 3 3 4 1 0 0.68125 8 0 1
9 69.854 99.217 1 2 2 1 1 0.93719 8 0 1
9 105.37 62.352 2 4 4 1 1 0.71319 8 0 1
9 95.81 77.826 4 4 4 1 1 0.68109 8 0 1
9 132.73 92.579 2 3 4 1 0 0.71322 8 0 1
9 63.482 91.567 1 2 2 1 1 0.60117 8 0 1
9 87.545 133.79 2 1 1 1 1 0.96916 8 0 1
9 101.08 80.825 1 4 4 1 1 0.60109 8 0 1
9 95.845 83.32 4 4 4 1 1 0.61719 8 0 1
9 113.07 114.09 4 1 1 1 1 2.5051 8 0 1
9 113.79 95.295 3 4 3 1 0 0.85709 8 0 1
9 94.876 128.97 3 1 1 1 1 0.93697 8 0 1
9 115.03 82.638 3 4 4 1 1 1.113 8 0 1
9 88.153 75.402 1 4 3 1 0 1.9771 8 0 1
9 108.93 81.938 1 3 3 1 1 0.87315 8 0 1
9 122.82 101.77 1 3 1 1 0 1.4491 8 0 1
9 90.921 64.416 1 4 4 1 1 1.3211 8 0 1
9 127.92 108.38 4 3 1 1 0 1.1772 8 0 1
9 143.61 95.96 2 3 3 1 1 1.0011 8 0 1
9 64.7 97.217 3 2 2 1 1 0.58512 8 0 1
9 103.34 114.1 3 1 3 1 0 1.7531 8 0 1
9 78.227 104.33 2 2 2 1 1 1.2411 8 0 1
9 104.24 138.9 2 1 1 1 1 0.87297 8 0 1
9 71.674 104.66 3 2 2 1 1 0.9372 8 0 1
9 73.671 95.878 3 2 2 1 1 0.58546 8 0 1
9 79.562 79.509 4 4 2 1 0 0.77716 8 0 1
9 94.894 72.019 3 4 4 1 1 0.61724 8 0 1
9 98.473 67.976 2 4 4 1 1 0.61723 8 0 1
9 80.524 83.775 2 4 4 1 1 0.5212 8 0 1
9 106.52 71.449 3 4 4 1 1 0.76104 8 0 1
9 101.55 85.011 2 4 4 1 1 0.61712 8 0 1
9 64.865 97.452 4 2 2 1 1 0.96956 8 0 1
9 137.8 100.42 4 3 3 1 1 1.481 8 0 1
9 107.72 122.85 1 1 1 1 1 0.9691 8 0 1
9 81.79 111.54 1 1 2 1 0 1.4011 8 0 1
9 73.17 85.193 4 2 2 1 1 0.60116 8 0 1
9 109.3 94.724 1 3 3 1 1 1.129 8 0 1
9 97.064 60.284 4 4 4 1 1 0.72921 8 0 1
9 76.145 86.468 1 2 2 1 1 0.69707 8 0 1
9 135.33 107.93 2 3 3 1 1 2.5372 8 0 1
9 105.36 117.7 2 1 1 1 1 2.8411 8 0 1
9 96.262 137.63 3 1 1 1 1 0.71322 8 0 1
9 114.03 71.214 4 4 4 1 1 1.2731 8 0 1
9 74.074 99.646 4 2 2 1 1 0.68105 8 0 1
9 139.57 102.71 3 3 3 1 1 1.6091 8 0 1
9 81.981 122.2 3 1 2 1 0 0.98492 8 0 1
9 91.665 129.79 4 1 1 1 1 0.85704 8 0 1
9 100.29 72.852 3 4 3 1 0 1.033 8 0 1
9 127.71 94.534 1 3 3 1 1 0.77725 8 0 1
9 84.963 129.49 2 1 1 1 1 1.0653 8 0 1
9 89.463 121.33 3 1 3 1 0 1.4492 8 0 1
9 125.05 99.471 4 3 4 1 0 1.4652 8 0 1
9 64.004 91.564 1 2 2 1 1 0.82509 8 0 1
9 131.21 122.03 3 3 3 1 1 1.8172 8 0 1
9 130.3 108.11 3 3 3 1 1 0.71333 8 0 1
9 107.25 127.76 3 1 3 1 0 0.5371 8 0 1
9 116.98 121.04 1 3 1 1 0 0.61707 8 0 1
9 69.114 108.52 1 2 2 1 1 0.68105 8 0 1
9 94.807 71.083 4 4 4 1 1 1.1132 8 0 1
9 82.093 84.705 4 2 4 1 0 1.6252 8 0 1
9 88.909 58.429 1 4 4 1 1 0.87312 8 0 1
9 64.013 119.66 1 2 2 1 1 0.68107 8 0 1
9 122.11 98.63 2 3 4 1 0 1.0972 8 0 1
9 70.798 95.527 2 2 2 1 1 0.61708 8 0 1
9 106.31 69.963 1 4 4 1 1 0.60111 8 0 1
9 98.53 129.25 3 1 2 1 0 0.6331 8 0 1
9 70.559 113.66 3 2 2 1 1 10.841 8 0 1
9 77.996 133.37 2 1 1 1 1 1.6892 8 0 1
9 104.87 128.24 3 1 1 1 1 1.1772 8 0 1
9 110.02 129.03 4 1 1 1 1 0.93707 8 0 1
9 140.93 83.272 1 3 4 1 0 0.90517 8 0 1
9 103.9 52.984 1 4 4 1 1 0.72917 8 0 1
9 90.34 116.9 2 2 1 1 0 1.049 8 0 1
9 74.121 97.48 3 2 2 1 1 0.69713 8 0 1
