1 154.9917 97.4097 4 2 0 0 2.8490 0 1 0 0.0000 0.0000
1 104.0930 67.8945 3 1 0 0 1.8911 0 1 0 0.0000 0.0000
1 135.4754 103.0953 4 3 0 0 0.6349 0 1 0 0.0000 0.0000
1 107.4892 144.6437 2 4 0 0 0.8184 0 1 0 0.0000 0.0000
1 128.0954 100.7774 4 4 0 1 1.4063 1 1 0 0.0000 0.0000
1 85.7585 122.9180 2 4 0 0 1.5283 0 1 0 0.0000 0.0000
1 65.8822 90.4625 1 2 0 0 1.4614 0 1 0 0.0000 0.0000
1 128.3816 97.9748 4 4 0 1 1.6814 1 1 0 0.0000 0.0000
1 84.3642 77.5642 3 1 0 0 2.2590 0 1 0 0.0000 0.0000
1 117.2242 127.3864 2 4 0 0 2.2918 0 1 0 0.0000 0.0000
1 90.7274 115.0446 2 4 0 0 1.5249 0 1 0 0.0000 0.0000
1 146.6449 104.1139 4 4 0 1 1.3145 1 1 0 0.0000 0.0000
1 57.9441 87.1006 1 2 0 0 1.5941 0 1 0 0.0000 0.0000
1 93.6008 125.3017 2 2 0 1 1.3536 1 1 0 0.0000 0.0000
1 90.4349 136.3736 2 2 0 1 0.5472 1 1 0 0.0000 0.0000
1 87.3606 68.2106 3 2 0 0 1.6248 0 1 0 0.0000 0.0000
1 64.0041 91.5645 1 3 0 0 1.2415 0 1 0 0.0000 0.0000
1 136.1951 109.8769 4 4 0 1 1.4243 1 1 0 0.0000 0.0000
1 102.9579 73.3276 3 2 0 0 1.8835 0 1 0 0.0000 0.0000
1 63.4817 91.5669 1 1 0 1 1.3463 1 1 0 0.0000 0.0000
1 104.8871 113.3817 2 2 0 1 1.2442 1 1 0 0.0000 0.0000
1 92.5878 154.2830 2 3 0 0 1.2506 0 1 0 0.0000 0.0000
1 77.0428 103.0216 1 3 0 0 1.2902 0 1 0 0.0000 0.0000
1 111.4199 105.7905 4 3 0 0 2.5297 0 1 0 0.0000 0.0000
1 94.1610 140.3225 2 4 0 0 1.4965 0 1 0 0.0000 0.0000
1 109.5893 66.1443 3 4 0 0 1.3339 0 1 0 0.0000 0.0000
1 65.6660 89.5178 1 1 0 1 1.2149 1 1 0 0.0000 0.0000
1 125.0520 99.4714 4 4 0 1 1.1728 1 1 0 0.0000 0.0000
1 101.1555 128.3788 2 2 0 1 1.0972 1 1 0 0.0000 0.0000
1 122.8224 101.7694 4 3 0 0 1.2920 0 1 0 0.0000 0.0000
1 131.8167 93.1313 4 4 0 1 1.3315 1 1 0 0.0000 0.0000
1 82.0931 84.7054 1 3 0 0 1.5155 0 1 0 0.0000 0.0000
1 106.9555 129.7324 2 2 0 1 0.9047 1 1 0 0.0000 0.0000
1 96.6668 66.6565 3 2 0 0 0.8230 0 1 0 0.0000 0.0000
1 80.5136 110.9438 1 1 0 1 1.6350 1 1 0 0.0000 0.0000
1 114.5281 61.5265 3 2 0 0 1.8590 0 1 0 0.0000 0.0000
1 119.8556 94.2118 4 3 0 0 1.2578 0 1 0 0.0000 0.0000
1 56.6860 103.5982 1 3 0 0 1.6001 0 1 0 0.0000 0.0000
1 113.9239 134.0780 2 3 0 0 1.9513 0 1 0 0.0000 0.0000
1 103.8216 160.6784 2 2 0 1 2.1995 1 1 0 0.0000 0.0000
1 120.2761 123.7163 2 4 0 0 1.8316 0 1 0 0.0000 0.0000
1 104.9786 107.9879 2 3 0 0 1.4682 0 1 0 0.0000 0.0000
1 87.7027 99.6187 1 2 0 0 1.1596 0 1 0 0.0000 0.0000
1 90.2395 128.2253 2 1 0 0 1.0056 0 1 0 0.0000 0.0000
1 94.2845 48.6109 3 3 0 1 0.8463 1 1 0 0.0000 0.0000
1 87.4036 103.1563 1 3 0 0 1.2743 0 1 0 0.0000 0.0000
1 72.5069 95.0757 1 1 0 1 1.1050 1 1 0 0.0000 0.0000
1 120.9845 109.6560 4 2 0 0 2.4358 0 1 0 0.0000 0.0000
1 95.0873 138.8186 2 2 0 1 1.7209 1 1 0 0.0000 0.0000
1 123.1581 86.3214 3 4 0 0 1.5001 0 1 0 0.0000 0.0000
1 140.9303 83.2723 4 4 0 1 1.2249 1 1 0 0.0000 0.0000
1 133.2758 109.7255 4 4 0 1 1.1988 1 1 0 0.0000 0.0000
1 104.5617 56.6949 3 2 0 0 1.2516 0 1 0 0.0000 0.0000
1 78.2270 104.3290 1 1 0 1 2.2507 1 1 0 0.0000 0.0000
1 63.0102 111.5537 1 1 0 1 1.2107 1 1 0 0.0000 0.0000
1 99.2218 84.4636 3 2 0 0 1.0083 0 1 0 0.0000 0.0000
1 94.3007 69.4132 3 3 0 1 1.0899 1 1 0 0.0000 0.0000
1 91.6309 131.5931 2 3 0 0 1.2523 0 1 0 0.0000 0.0000
1 66.1732 98.4152 1 1 0 1 1.1783 1 1 0 0.0000 0.0000
1 69.1136 108.5233 1 1 0 1 1.0398 1 1 0 0.0000 0.0000
1 106.4592 68.8722 3 2 0 0 1.7934 0 1 0 0.0000 0.0000
1 89.6134 63.6083 3 2 0 0 3.2701 0 1 0 0.0000 0.0000
1 102.2557 91.8934 3 2 0 0 1.2333 0 1 0 0.0000 0.0000
1 115.6346 88.5311 3 2 0 0 1.4801 0 1 0 0.0000 0.0000
1 116.9842 121.0366 4 3 0 0 1.3013 0 1 0 0.0000 0.0000
1 98.5304 129.2492 2 2 0 1 0.6853 1 1 0 0.0000 0.0000
1 88.1528 75.4018 3 3 0 1 1.0300 1 1 0 0.0000 0.0000
1 140.1412 112.9269 4 4 0 1 1.1899 1 1 0 0.0000 0.0000
1 100.3058 142.8041 2 2 0 1 0.9387 1 1 0 0.0000 0.0000
1 123.5472 93.8877 4 2 0 0 2.6023 0 1 0 0.0000 0.0000
1 88.9087 58.4290 3 3 0 1 2.4998 1 1 0 0.0000 0.0000
1 80.0097 106.6956 1 1 0 1 1.3535 1 1 0 0.0000 0.0000
1 98.5767 125.9519 2 3 0 0 1.7466 0 1 0 0.0000 0.0000
1 91.9586 81.3687 3 3 0 1 1.5729 1 1 0 0.0000 0.0000
1 116.2361 104.3239 4 2 0 0 2.3245 0 1 0 0.0000 0.0000
1 107.7596 101.6084 4 2 0 0 0.9665 0 1 0 0.0000 0.0000
1 85.6089 129.0267 2 2 0 1 0.9821 1 1 0 0.0000 0.0000
1 116.9347 101.9188 4 4 0 1 0.6625 1 1 0 0.0000 0.0000
1 71.0004 111.1560 1 1 0 1 1.1352 1 1 0 0.0000 0.0000
1 58.3788 84.3613 1 1 0 1 0.8984 1 1 0 0.0000 0.0000
1 66.8812 103.1281 1 1 0 1 0.5924 1 1 0 0.0000 0.0000
1 107.1687 132.0388 2 2 0 1 1.7831 1 1 0 0.0000 0.0000
1 85.8959 100.2280 1 3 0 0 1.7234 0 1 0 0.0000 0.0000
1 65.5803 106.6743 1 1 0 1 1.0219 1 1 0 0.0000 0.0000
1 120.1177 97.7777 4 4 0 1 1.3279 1 1 0 0.0000 0.0000
1 89.8963 132.1882 2 2 0 1 0.8558 1 1 0 0.0000 0.0000
1 87.3135 64.0285 3 3 0 1 1.4770 1 1 0 0.0000 0.0000
1 115.0339 82.6380 3 4 0 0 1.6489 0 1 0 0.0000 0.0000
1 116.6820 143.1406 2 4 0 0 0.9293 0 1 0 0.0000 0.0000
1 70.7232 116.5256 1 1 0 1 1.0405 1 1 0 0.0000 0.0000
1 82.7276 60.7880 3 1 0 0 0.7537 0 1 0 0.0000 0.0000
1 124.4760 113.3694 4 2 0 0 1.2448 0 1 0 0.0000 0.0000
1 131.9209 123.1288 4 4 0 1 1.2036 1 1 0 0.0000 0.0000
1 104.9284 74.3248 3 2 0 0 0.8887 0 1 0 0.0000 0.0000
1 79.3083 92.6669 1 3 0 0 2.9182 0 1 0 0.0000 0.0000
1 136.3717 93.2697 4 4 0 1 1.7831 1 1 0 0.0000 0.0000
1 68.2180 104.2906 1 1 0 1 1.3867 1 1 0 0.0000 0.0000
1 95.0387 77.2566 3 3 0 1 2.5010 1 1 0 0.0000 0.0000
1 121.3137 98.8788 4 2 0 0 0.7010 0 1 0 0.0000 0.0000
1 86.6962 51.7089 3 1 0 0 2.3093 0 1 0 0.0000 0.0000
2 100.4483 55.0481 3 3 0 1 2.1065 1 1 0 0.0000 0.0000
2 87.7432 121.7098 2 3 0 0 0.8473 0 1 0 0.0000 0.0000
2 55.6794 110.5232 1 1 0 1 0.9709 1 1 0 0.0000 0.0000
2 94.5523 61.3336 3 3 0 1 1.6288 1 1 0 0.0000 0.0000
2 144.1202 106.3873 4 4 0 1 1.1652 1 1 0 0.0000 0.0000
2 124.8026 92.4396 4 4 0 1 0.6744 1 1 0 0.0000 0.0000
2 129.4991 98.6783 4 4 0 1 0.6996 1 1 0 0.0000 0.0000
2 72.9761 91.8513 1 1 0 1 1.0456 1 1 0 0.0000 0.0000
2 82.4519 94.3090 1 1 0 1 1.5443 1 1 0 0.0000 0.0000
2 136.0329 94.3559 4 4 0 1 0.8863 1 1 0 0.0000 0.0000
2 107.5018 121.6098 2 2 0 1 2.3242 1 1 0 0.0000 0.0000
2 60.5538 97.4907 1 1 0 1 1.0142 1 1 0 0.0000 0.0000
2 104.7584 57.8152 3 2 0 0 1.1270 0 1 0 0.0000 0.0000
2 113.1897 81.5377 4 4 0 1 1.2422 1 1 0 0.0000 0.0000
2 110.0177 129.0274 2 4 0 0 1.2173 0 1 0 0.0000 0.0000
2 71.3646 100.4742 1 1 0 1 1.3668 1 1 0 0.0000 0.0000
2 63.6398 102.4741 1 1 0 1 1.1377 1 1 0 0.0000 0.0000
2 80.3630 107.5832 1 3 0 0 1.4465 0 1 0 0.0000 0.0000
2 105.2428 69.6735 3 3 0 1 0.7700 1 1 0 0.0000 0.0000
2 73.5563 72.2028 3 1 0 0 1.2128 0 1 0 0.0000 0.0000
2 121.4979 110.0468 4 2 0 0 1.5879 0 1 0 0.0000 0.0000
2 75.2274 96.2135 1 1 0 1 1.6835 1 1 0 0.0000 0.0000
2 116.4688 89.7162 4 4 0 1 4.4697 1 1 0 0.0000 0.0000
2 75.8624 81.3255 1 1 0 1 2.0466 1 1 0 0.0000 0.0000
2 123.5941 102.7619 4 4 0 1 0.6506 1 1 0 0.0000 0.0000
2 131.2149 122.0328 4 4 0 1 1.8433 1 1 0 0.0000 0.0000
2 131.2137 109.6500 4 4 0 1 0.6825 1 1 0 0.0000 0.0000
2 133.5661 96.3853 4 4 0 1 0.8033 1 1 0 0.0000 0.0000
2 98.0211 135.4689 2 4 0 0 1.0076 0 1 0 0.0000 0.0000
2 94.1701 78.6328 3 2 0 0 0.9929 0 1 0 0.0000 0.0000
2 110.2706 135.7376 2 4 0 0 1.1860 0 1 0 0.0000 0.0000
2 101.3003 118.2468 2 3 0 0 1.8791 0 1 0 0.0000 0.0000
2 107.2683 82.1691 3 2 0 0 1.5984 0 1 0 0.0000 0.0000
2 126.1796 107.6207 4 4 0 1 0.6699 1 1 0 0.0000 0.0000
2 93.6683 67.5234 3 3 0 1 2.1022 1 1 0 0.0000 0.0000
2 88.5654 90.1056 1 3 0 0 1.5386 0 1 0 0.0000 0.0000
2 69.7773 107.5104 1 1 0 1 1.0089 1 1 0 0.0000 0.0000
2 42.7977 98.7857 1 1 0 1 1.5866 1 1 0 0.0000 0.0000
2 109.2525 147.8820 2 4 0 0 0.8818 0 1 0 0.0000 0.0000
2 107.7094 136.7320 2 4 0 0 2.6729 0 1 0 0.0000 0.0000
2 118.3336 94.6428 4 2 0 0 0.8917 0 1 0 0.0000 0.0000
2 84.2333 137.9453 2 2 0 1 0.7933 1 1 0 0.0000 0.0000
2 140.3759 105.7105 4 4 0 1 0.8525 1 1 0 0.0000 0.0000
2 102.6554 124.9706 2 2 0 1 1.8732 1 1 0 0.0000 0.0000
2 72.0866 111.0079 1 1 0 1 0.8081 1 1 0 0.0000 0.0000
2 101.5083 136.7463 2 4 0 0 0.8844 0 1 0 0.0000 0.0000
2 74.1058 102.7346 1 1 0 1 1.3134 1 1 0 0.0000 0.0000
2 96.2624 137.6255 2 3 0 0 2.6026 0 1 0 0.0000 0.0000
2 132.5168 79.3665 4 4 0 1 1.6531 1 1 0 0.0000 0.0000
2 101.0772 80.8251 3 2 0 0 3.7505 0 1 0 0.0000 0.0000
2 112.2636 78.2404 3 4 0 0 1.4382 0 1 0 0.0000 0.0000
2 86.9869 137.7303 2 3 0 0 1.5158 0 1 0 0.0000 0.0000
2 90.7955 75.5635 3 1 0 0 2.2336 0 1 0 0.0000 0.0000
2 126.1289 115.0799 4 4 0 1 1.4505 1 1 0 0.0000 0.0000
2 53.2597 97.6524 1 1 0 1 1.6700 1 1 0 0.0000 0.0000
2 78.5336 135.8575 2 1 0 0 1.7036 0 1 0 0.0000 0.0000
2 100.6753 135.6078 2 2 0 1 1.9947 1 1 0 0.0000 0.0000
2 91.3367 66.3946 3 2 0 0 0.7572 0 1 0 0.0000 0.0000
2 109.0777 102.4331 4 4 0 1 0.9915 1 1 0 0.0000 0.0000
2 93.9527 116.2486 2 3 0 0 1.6651 0 1 0 0.0000 0.0000
2 100.7278 116.5772 2 2 0 1 1.1546 1 1 0 0.0000 0.0000
2 123.5913 90.9964 3 4 0 0 0.9034 0 1 0 0.0000 0.0000
2 95.8491 76.6500 3 3 0 1 0.8059 1 1 0 0.0000 0.0000
2 97.3913 130.7559 2 3 0 0 1.2182 0 1 0 0.0000 0.0000
2 124.1812 129.4869 4 4 0 1 0.9045 1 1 0 0.0000 0.0000
2 66.9838 90.4158 1 1 0 1 1.0785 1 1 0 0.0000 0.0000
2 138.7935 110.5281 4 4 0 1 0.8729 1 1 0 0.0000 0.0000
2 91.7822 124.1051 2 3 0 0 2.2464 0 1 0 0.0000 0.0000
2 98.0184 84.3762 3 2 0 0 1.3188 0 1 0 0.0000 0.0000
2 110.4242 97.2032 4 4 0 1 1.2160 1 1 0 0.0000 0.0000
2 101.9013 52.5659 3 2 0 0 1.9416 0 1 0 0.0000 0.0000
2 66.9476 106.2204 1 1 0 1 1.9346 1 1 0 0.0000 0.0000
2 109.1853 138.0732 2 4 0 0 1.2235 0 1 0 0.0000 0.0000
2 145.5079 105.0925 4 4 0 1 0.7822 1 1 0 0.0000 0.0000
2 99.2293 138.8234 2 3 0 0 2.4574 0 1 0 0.0000 0.0000
2 65.7857 99.0509 1 1 0 1 0.9430 1 1 0 0.0000 0.0000
2 134.6237 92.0509 4 4 0 1 0.6726 1 1 0 0.0000 0.0000
2 65.5740 101.7929 1 1 0 1 0.7462 1 1 0 0.0000 0.0000
2 67.0555 109.5032 1 1 0 1 0.7410 1 1 0 0.0000 0.0000
2 109.4239 76.8451 3 2 0 0 1.3913 0 1 0 0.0000 0.0000
2 107.7046 80.5418 3 2 0 0 2.0257 0 1 0 0.0000 0.0000
2 139.6484 97.5681 4 2 0 0 1.0276 0 1 0 0.0000 0.0000
2 140.8232 100.9438 4 4 0 1 1.0295 1 1 0 0.0000 0.0000
2 100.4068 124.7725 2 2 0 1 1.4800 1 1 0 0.0000 0.0000
2 105.8389 59.3266 3 2 0 0 0.8848 0 1 0 0.0000 0.0000
2 39.4733 74.9602 1 1 0 1 0.7391 1 1 0 0.0000 0.0000
2 95.8101 77.8261 3 2 0 0 1.1655 0 1 0 0.0000 0.0000
2 114.0260 71.2138 3 3 0 1 0.8659 1 1 0 0.0000 0.0000
2 66.6809 92.0205 1 1 0 1 0.7987 1 1 0 0.0000 0.0000
2 87.6377 87.8999 1 1 0 1 0.7950 1 1 0 0.0000 0.0000
2 133.3841 95.1198 4 3 0 0 1.8810 0 1 0 0.0000 0.0000
2 104.9014 118.6219 2 3 0 0 0.9278 0 1 0 0.0000 0.0000
2 70.5587 113.6624 1 1 0 1 0.8141 1 1 0 0.0000 0.0000
2 96.4923 64.0008 3 3 0 1 1.4501 1 1 0 0.0000 0.0000
2 99.8400 81.4098 3 3 0 1 1.3013 1 1 0 0.0000 0.0000
2 111.8528 115.5680 2 2 0 1 0.9412 1 1 0 0.0000 0.0000
2 67.6983 96.7664 1 1 0 1 0.8912 1 1 0 0.0000 0.0000
2 113.7865 95.2948 3 2 0 0 1.0807 0 1 0 0.0000 0.0000
2 102.7899 116.4195 2 2 0 1 1.1316 1 1 0 0.0000 0.0000
2 114.5423 65.2524 3 2 0 0 2.9594 0 1 0 0.0000 0.0000
3 77.0563 105.1720 1 1 0 1 1.0666 1 1 0 0.0000 0.0000
3 102.9168 122.0853 2 2 0 1 0.7022 1 1 0 0.0000 0.0000
3 129.2137 95.3005 4 3 0 0 0.8390 0 1 0 0.0000 0.0000
3 59.3703 85.0339 1 1 0 1 0.6754 1 1 0 0.0000 0.0000
3 113.6511 134.4659 2 2 0 1 1.7409 1 1 0 0.0000 0.0000
3 76.3090 94.5660 1 1 0 1 0.7526 1 1 0 0.0000 0.0000
3 74.2789 93.9803 1 1 0 1 2.1072 1 1 0 0.0000 0.0000
3 92.9690 69.1337 3 3 0 1 1.0324 1 1 0 0.0000 0.0000
3 75.9614 119.5233 1 1 0 1 1.7852 1 1 0 0.0000 0.0000
3 71.1379 121.6782 1 1 0 1 0.7188 1 1 0 0.0000 0.0000
3 134.4524 99.3927 4 4 0 1 1.5763 1 1 0 0.0000 0.0000
3 98.0162 72.5907 3 3 0 1 2.1207 1 1 0 0.0000 0.0000
3 118.4548 107.2515 4 2 0 0 0.8855 0 1 0 0.0000 0.0000
3 92.6224 121.3498 2 2 0 1 0.5951 1 1 0 0.0000 0.0000
3 81.9811 122.2044 2 3 0 0 0.7927 0 1 0 0.0000 0.0000
3 83.8468 132.1807 2 1 0 0 0.6758 0 1 0 0.0000 0.0000
3 86.1985 132.7623 2 3 0 0 0.8282 0 1 0 0.0000 0.0000
3 80.5237 83.7751 3 3 0 1 1.2238 1 1 0 0.0000 0.0000
3 95.7107 96.6214 1 3 0 0 1.7893 0 1 0 0.0000 0.0000
3 129.6425 91.9746 4 4 0 1 1.7621 1 1 0 0.0000 0.0000
3 93.3909 63.3240 3 1 0 0 40.2121 0 1 0 0.0000 0.0000
3 98.4089 50.5345 3 3 0 1 0.9465 1 1 0 0.0000 0.0000
3 108.6715 117.6680 2 2 0 1 7.7149 1 1 0 0.0000 0.0000
3 132.7261 92.5790 4 4 0 1 1.2636 1 1 0 0.0000 0.0000
3 132.4578 93.5496 4 4 0 1 0.8859 1 1 0 0.0000 0.0000
3 57.3956 106.8825 1 1 0 1 0.9796 1 1 0 0.0000 0.0000
3 136.7401 101.5012 4 4 0 1 1.7635 1 1 0 0.0000 0.0000
3 71.0679 87.6457 1 1 0 1 0.9991 1 1 0 0.0000 0.0000
3 117.2038 70.5478 3 2 0 0 1.0488 0 1 0 0.0000 0.0000
3 103.5760 77.8437 3 3 0 1 4.7463 1 1 0 0.0000 0.0000
3 90.2632 82.8812 3 1 0 0 1.0670 0 1 0 0.0000 0.0000
3 137.0833 98.5415 4 4 0 1 1.8545 1 1 0 0.0000 0.0000
3 88.9937 55.4789 3 2 0 0 0.9969 0 1 0 0.0000 0.0000
3 110.4685 121.2093 2 2 0 1 4.1971 1 1 0 0.0000 0.0000
3 101.7707 60.4127 3 3 0 1 4.6475 1 1 0 0.0000 0.0000
3 54.5403 100.5869 1 1 0 1 0.9816 1 1 0 0.0000 0.0000
3 117.8498 104.5631 4 3 0 0 1.2868 0 1 0 0.0000 0.0000
3 103.2945 76.8177 3 3 0 1 1.7103 1 1 0 0.0000 0.0000
3 104.3078 130.6184 2 2 0 1 2.4966 1 1 0 0.0000 0.0000
3 99.5317 110.2907 2 2 0 1 1.1914 1 1 0 0.0000 0.0000
3 135.3254 107.9271 4 4 0 1 1.1654 1 1 0 0.0000 0.0000
3 87.3270 119.1106 2 3 0 0 3.4108 0 1 0 0.0000 0.0000
3 122.2716 97.8254 4 3 0 0 0.7370 0 1 0 0.0000 0.0000
3 105.3890 122.3535 2 2 0 1 0.6821 1 1 0 0.0000 0.0000
3 113.7347 110.0741 4 2 0 0 0.7705 0 1 0 0.0000 0.0000
3 121.1033 94.5771 4 2 0 0 0.7648 0 1 0 0.0000 0.0000
3 98.2988 66.6219 3 2 0 0 0.8564 0 1 0 0.0000 0.0000
3 96.4548 124.9745 2 2 0 1 1.0628 1 1 0 0.0000 0.0000
3 89.2490 78.6219 3 2 0 0 0.5220 0 1 0 0.0000 0.0000
3 64.0133 119.6554 1 1 0 1 0.8316 1 1 0 0.0000 0.0000
3 112.8350 144.2134 2 4 0 0 4.4806 0 1 0 6.5569 0.0000
3 64.8654 97.4523 1 1 0 1 2.7583 1 1 1 3.3035 0.5000
3 111.1747 126.9010 2 2 0 1 3.2746 1 1 1 1.5933 0.6667
3 106.3064 69.9625 3 2 0 0 1.7763 0 1 1 3.0494 0.7500
3 106.8346 93.8795 4 2 0 0 3.0941 0 1 1 3.5365 0.8000
3 103.4128 73.7752 3 2 0 0 2.0409 0 1 1 2.0577 0.8333
3 128.0394 100.6980 4 4 0 1 1.5628 1 1 1 1.7732 0.8571
3 63.8100 110.5574 1 1 0 1 1.9287 1 1 1 1.2532 0.8750
3 64.8705 105.0281 1 1 0 1 1.5555 1 1 1 0.9679 0.8889
3 78.0756 96.2654 1 2 0 0 1.8866 0 1 1 1.7059 0.9000
3 78.2750 98.0735 1 3 0 0 1.4278 0 1 1 1.3478 0.9091
3 88.7273 138.5179 2 2 0 1 1.7329 1 1 1 1.1001 0.9167
3 70.8464 89.2329 1 1 0 1 1.2708 1 1 1 1.7644 0.9231
3 105.6702 73.1600 3 4 0 0 1.7272 0 1 1 1.6861 0.9286
3 121.8793 109.9178 4 4 0 1 1.4067 1 1 1 1.0208 0.9333
3 86.3785 114.4504 1 2 0 0 1.1408 0 1 1 1.2935 0.9375
3 96.2220 119.3550 2 3 0 0 2.9730 0 1 1 2.1798 0.9412
3 91.6651 129.7944 2 3 0 0 2.2021 0 1 1 0.7170 0.9444
3 104.2406 138.9003 2 4 0 0 2.0617 0 1 1 1.3093 0.9474
3 109.2279 139.7944 2 4 0 0 1.7413 0 1 1 0.9325 0.9500
3 74.1213 97.4802 1 1 0 1 2.0429 1 1 1 0.7949 0.9524
3 150.6347 101.2032 4 4 0 1 1.6456 1 1 1 0.7219 0.9545
3 86.0869 61.6301 3 3 0 1 2.9788 1 1 1 1.7219 0.9565
3 91.9884 65.8295 3 2 0 0 2.6761 0 1 1 0.9795 0.9583
3 103.5842 78.5183 3 2 0 0 4.3152 0 1 1 0.7413 0.9600
3 90.3402 116.8999 1 3 0 0 2.0389 0 1 1 1.2861 0.9615
3 98.8722 73.9907 3 3 0 1 1.9093 1 1 1 0.7049 0.9630
3 136.2692 109.1555 4 4 0 1 0.9936 1 1 1 0.6476 0.9643
3 85.1726 84.3353 1 3 0 0 2.5504 0 1 1 1.3299 0.9655
3 68.7974 98.9162 1 1 0 1 1.6663 1 1 1 0.7284 0.9667
3 107.6564 76.9826 3 2 0 0 1.5930 0 1 1 1.3562 0.9677
3 98.4734 67.9758 3 2 0 0 1.9329 0 1 1 2.1373 0.9688
3 71.6742 104.6640 1 1 0 1 1.2616 1 1 1 0.7449 0.9697
3 111.7206 105.1756 4 2 0 0 2.4427 0 1 1 1.8289 0.9706
3 116.6119 107.6445 4 4 0 1 1.4428 1 1 1 0.7225 0.9714
3 125.3602 108.8345 4 4 0 1 1.1880 1 1 1 0.6060 0.9722
3 107.4919 124.2660 2 4 0 0 2.1566 0 1 1 0.7036 0.9730
3 97.1936 128.5897 2 2 0 1 1.7114 1 1 1 0.6462 0.9737
3 125.4167 88.3572 4 4 0 1 1.2698 1 1 1 1.0421 0.9744
3 103.6479 80.3249 3 2 0 0 1.3380 0 1 1 1.5437 0.9750
3 108.7611 66.5369 3 3 0 1 1.9009 1 1 0 0.6801 0.9512
3 139.5657 102.7081 4 4 0 1 1.1265 1 1 1 1.4388 0.9524
3 118.2760 134.3861 2 4 0 0 1.1540 0 1 1 1.3563 0.9535
3 106.9334 125.3360 2 4 0 0 2.0779 0 1 1 0.7820 0.9545
3 78.0881 134.8433 2 3 0 0 2.3522 0 1 1 0.6795 0.9556
3 93.3553 104.9840 1 3 0 0 2.9042 0 1 1 1.1494 0.9565
3 64.6998 97.2169 1 1 0 1 1.3054 1 1 1 0.8866 0.9574
3 132.9668 97.6630 4 4 0 1 1.7869 1 1 1 0.6277 0.9583
3 124.2482 90.8835 4 4 0 1 1.1384 1 1 1 0.8105 0.9592
3 112.9909 56.6666 3 4 0 0 1.5336 0 1 1 0.5751 0.9600
4 72.5890 103.3064 1 1 3 1 2.2181 0 0 0 1.0863 0.9412
4 96.6394 63.9314 3 2 2 0 2.5046 1 0 1 0.7086 0.9423
4 126.2764 83.8192 4 4 2 1 1.2050 0 0 1 1.4226 0.9434
4 80.0327 125.0308 2 2 3 1 1.9372 0 0 1 2.6708 0.9444
4 80.3229 104.6976 1 2 3 0 1.8908 0 0 1 1.6144 0.9455
4 113.0291 96.0229 4 4 3 1 1.8780 0 0 1 1.0728 0.9464
4 82.7853 71.5963 3 1 3 0 1.6435 0 0 1 1.4878 0.9474
4 60.3511 114.3077 1 1 4 1 0.9812 0 0 1 1.2099 0.9483
4 93.9370 62.4624 3 3 3 1 2.1834 1 0 1 0.8898 0.9492
4 73.9319 114.8849 1 1 1 1 1.9033 1 0 1 0.6518 0.9500
4 94.9039 108.7768 2 3 1 0 1.8349 0 0 1 0.8209 0.9508
4 88.5755 154.7110 2 2 2 1 2.2480 1 0 0 0.7968 0.9355
4 61.9010 110.7270 1 1 1 1 1.8874 1 0 1 1.2921 0.9365
4 127.5453 108.7529 4 4 1 1 1.1639 0 0 1 0.8051 0.9375
4 79.5622 79.5091 3 1 4 0 2.8396 0 0 1 0.6047 0.9385
4 90.6607 114.7931 2 2 4 1 2.0106 0 0 1 0.9050 0.9394
4 105.3469 62.1127 3 4 1 0 1.8225 0 0 1 1.3838 0.9403
4 124.6191 98.2480 4 4 4 1 1.1296 1 0 1 0.5773 0.9412
4 105.5005 79.1120 3 2 4 0 2.3025 0 0 1 1.4600 0.9420
4 118.5892 107.7876 2 4 2 0 1.3516 0 0 1 1.0452 0.9429
4 123.6157 140.5805 2 4 1 0 1.4060 0 0 1 1.3895 0.9437
4 100.2872 72.8516 3 2 2 0 0.8476 1 0 1 0.8963 0.9444
4 138.1050 78.6352 4 4 3 1 1.3177 0 0 1 1.6826 0.9452
4 70.9591 107.6042 1 2 4 0 1.2600 0 0 1 0.6638 0.9459
4 134.6526 106.7230 4 2 1 0 0.0878 0 0 1 1.1406 0.9467
4 96.4990 80.8376 3 2 3 0 1.0401 0 0 1 0.6938 0.9474
4 96.8514 93.5220 1 2 2 0 0.6941 1 0 1 1.5712 0.9481
4 138.1587 109.2010 4 2 2 0 0.8417 1 0 1 0.8744 0.9487
4 76.4013 95.2955 1 2 2 0 0.5429 1 0 1 0.6004 0.9494
4 81.7898 111.5385 2 2 3 1 0.6140 0 0 1 0.7852 0.9500
4 117.3649 99.6703 4 2 4 0 0.6119 0 0 1 1.2951 0.9506
4 108.8308 89.4585 3 2 4 0 0.4466 0 0 1 0.9498 0.9512
4 131.4001 98.8049 4 2 3 0 0.3321 0 0 1 1.6641 0.9518
4 54.7262 102.9481 1 2 1 0 0.9214 0 0 1 1.6601 0.9524
4 95.0595 146.4255 2 2 2 1 0.7733 1 0 1 0.7565 0.9529
4 99.8741 116.0471 2 2 1 1 0.7901 0 0 1 0.7580 0.9535
4 126.1778 99.7698 4 2 4 0 0.4232 0 0 1 0.8613 0.9540
4 94.8941 72.0194 3 2 1 0 0.6256 0 0 1 0.8776 0.9545
4 90.9210 64.4163 3 2 1 0 0.3547 0 0 1 3.0946 0.9551
4 99.0352 89.4037 3 2 1 0 0.6442 0 0 1 0.7363 0.9556
4 104.6776 56.5007 3 2 1 0 1.6502 0 0 1 1.2718 0.9560
4 92.5923 132.0602 2 2 3 1 0.8066 0 0 1 1.0470 0.9565
4 75.8619 108.5506 1 1 2 1 2.5592 0 0 1 0.7161 0.9570
4 137.4330 97.0950 4 4 1 1 1.2132 0 0 1 1.1441 0.9574
4 110.8904 77.7991 3 2 3 0 0.8680 0 0 1 1.3187 0.9579
4 131.9336 115.7457 4 4 4 1 1.4627 1 0 1 0.8555 0.9583
4 136.1853 96.6623 4 4 3 1 0.8919 0 0 1 0.7191 0.9588
4 95.9064 128.1414 2 2 2 1 3.4718 1 0 1 0.9798 0.9592
4 71.9726 116.2312 1 3 4 0 1.1634 0 0 1 1.3805 0.9596
4 88.9110 106.8961 1 2 4 0 1.5109 0 0 1 0.6825 0.9600
4 126.4884 92.9181 4 4 4 1 1.7705 1 0 1 1.0588 0.9604
4 107.3375 146.0332 2 4 2 0 1.2123 0 0 1 0.7424 0.9608
4 69.4482 106.4665 1 1 3 1 2.1683 0 0 1 0.7296 0.9612
4 83.6900 97.7592 1 1 2 1 1.3068 0 0 1 0.6639 0.9615
4 129.5553 104.7185 4 4 4 1 0.9995 1 0 1 0.7162 0.9619
4 104.7419 95.8541 4 3 1 0 2.1889 0 0 1 0.7514 0.9623
4 68.9197 110.3770 1 1 1 1 1.1058 1 0 1 1.1465 0.9626
4 93.4160 96.6826 1 1 4 1 1.2865 0 0 1 1.3321 0.9630
4 126.8054 79.3947 4 4 2 1 2.1328 0 0 1 0.7737 0.9633
4 79.9215 80.1434 1 1 3 1 1.4640 0 0 1 1.3208 0.9636
4 114.0655 154.3119 2 4 3 0 1.0483 0 0 1 1.2783 0.9640
4 116.9702 92.0839 4 2 3 0 0.6215 0 0 1 0.8723 0.9643
4 97.8579 128.1863 2 2 3 1 0.5571 0 0 1 0.5827 0.9646
4 127.3768 98.4144 4 2 4 0 0.3875 0 0 1 1.2246 0.9649
4 80.6127 64.8003 3 2 3 0 0.5974 0 0 1 0.9123 0.9652
4 97.2248 74.9069 3 2 4 0 0.2937 0 0 1 0.7134 0.9655
4 100.2814 82.6420 3 2 4 0 0.9213 0 0 1 0.6525 0.9658
4 105.3632 117.7025 2 2 3 1 1.8993 0 0 1 1.4168 0.9661
4 91.8763 91.1651 1 2 4 0 0.9396 0 0 1 1.2476 0.9664
4 78.1628 109.6438 1 1 3 1 0.9900 0 0 1 0.4995 0.9667
4 99.2885 68.1986 3 3 2 1 3.1186 0 0 1 1.8019 0.9669
4 59.6690 94.7477 1 1 2 1 1.7505 0 0 1 1.0373 0.9672
4 89.4633 121.3259 2 2 4 1 1.0627 0 0 1 1.1013 0.9675
4 63.4951 112.7103 1 1 1 1 1.0165 1 0 1 0.8297 0.9677
4 85.2607 84.4604 1 3 2 0 1.8584 0 0 1 0.8604 0.9680
4 94.4080 49.6970 3 2 2 0 2.6735 1 0 1 1.8883 0.9683
4 95.9106 133.0822 2 2 4 1 1.5191 0 0 1 3.0578 0.9685
4 100.5722 59.0357 3 2 4 0 1.5178 0 0 1 0.7039 0.9688
4 123.0373 92.7710 4 4 1 1 1.8077 0 0 1 4.6321 0.9690
4 101.5874 128.6738 2 2 4 1 2.1898 0 0 0 0.7850 0.9615
4 122.1670 87.2851 4 4 1 1 1.8760 0 0 1 1.1345 0.9618
4 129.3278 121.8224 4 4 1 1 1.2740 0 0 1 1.7180 0.9621
4 84.9633 129.4892 2 1 4 0 1.5524 0 0 1 1.5723 0.9624
4 136.6960 85.7850 4 3 2 0 2.1075 0 0 1 0.8283 0.9627
4 69.5087 113.4943 1 3 3 0 1.6478 1 0 1 2.0210 0.9630
4 77.9282 100.4959 1 3 2 0 1.3993 0 0 1 1.4782 0.9632
4 78.4511 105.1860 1 2 2 0 3.2268 1 0 1 0.9689 0.9635
4 119.9412 80.9812 3 1 1 0 1.6639 1 0 1 1.9260 0.9638
4 87.1385 149.7429 2 3 2 0 1.9908 0 0 1 1.7648 0.9640
4 103.7841 117.2437 2 4 4 0 2.0323 1 0 1 1.1840 0.9643
4 92.9179 131.8423 2 1 3 0 3.4530 0 0 1 0.9448 0.9645
4 104.7057 119.4283 2 2 1 1 2.1189 0 0 1 1.9918 0.9648
4 133.3195 99.7161 4 4 2 1 1.7053 0 0 1 1.9361 0.9650
4 105.9622 87.7261 3 4 1 0 1.5837 0 0 1 1.2505 0.9653
4 96.4913 75.5477 3 4 2 0 2.1455 0 0 1 0.9476 0.9655
4 116.8400 79.5157 3 1 4 0 2.1058 0 0 1 2.2991 0.9658
4 130.3035 108.1081 4 1 1 0 2.9001 1 0 1 0.9699 0.9660
4 100.2864 72.4270 3 3 3 1 3.1362 1 0 1 0.9394 0.9662
4 90.7604 118.0055 2 2 3 1 4.7220 0 0 1 1.7177 0.9664
4 99.0396 118.4244 2 2 4 1 1.8401 0 0 1 1.8985 0.9667
5 123.5975 102.7674 4 1 2 0 4.0774 0 0 1 1.7291 0.9669
5 126.2479 93.8255 4 2 3 0 4.2998 0 0 1 1.2535 0.9671
5 110.6893 65.7843 3 3 1 1 2.4686 0 0 1 1.3107 0.9673
5 68.8092 92.9212 1 4 2 0 2.2861 0 0 1 2.6745 0.9675
5 137.3987 90.8951 4 3 2 0 3.3336 0 0 1 2.3101 0.9677
5 148.4004 105.7397 4 3 3 0 3.7914 1 0 1 2.0755 0.9679
5 100.2263 73.7651 3 2 3 0 1.9035 0 0 1 0.9875 0.9682
5 86.8404 95.0285 3 4 3 0 1.6355 0 0 1 1.3055 0.9684
5 103.3200 134.0606 2 4 3 0 1.2570 0 0 1 1.1727 0.9686
5 146.5705 88.5627 4 3 2 0 1.6972 0 0 1 1.4477 0.9688
5 103.3468 81.9164 3 3 1 1 1.5154 0 0 1 0.8450 0.9689
5 98.4903 82.6266 3 3 1 1 1.8732 0 0 1 1.7404 0.9691
5 112.4084 118.7632 4 2 1 0 1.9760 0 0 1 1.2219 0.9693
5 91.5153 109.5289 2 2 3 1 1.8279 0 0 1 1.1831 0.9695
5 90.9880 115.6455 2 2 3 1 2.5399 0 0 1 0.6799 0.9697
5 104.8713 112.1152 2 2 4 1 1.5755 0 0 1 1.1629 0.9699
5 105.5620 113.2681 2 2 2 1 1.2078 1 0 1 2.0973 0.9701
5 79.9131 104.8711 1 1 2 1 2.2138 0 0 1 0.8893 0.9702
5 71.1468 98.6645 1 1 4 1 1.9341 0 0 1 2.7307 0.9704
5 65.2718 109.8442 1 4 2 0 1.2147 0 0 1 2.3943 0.9706
5 95.4788 69.3943 3 1 1 0 1.8137 1 0 1 1.1679 0.9708
5 100.1946 133.4809 2 4 4 0 1.8842 1 0 1 2.9517 0.9709
5 105.3467 81.1106 3 1 3 0 2.0820 0 0 1 1.5554 0.9711
5 115.4950 102.4642 4 2 2 0 1.7213 1 0 1 1.0882 0.9713
5 79.8331 109.3147 1 4 4 0 2.9388 1 0 1 0.9439 0.9714
5 142.5410 96.0239 4 3 2 0 1.8472 0 0 1 1.5692 0.9716
5 143.6140 95.9601 4 1 3 0 1.3036 0 0 1 1.6371 0.9718
5 73.1696 85.1931 1 4 2 0 1.9019 0 0 0 5.5932 0.9663
5 103.4156 75.8864 3 2 1 0 1.9418 0 0 1 3.7784 0.9665
5 136.5479 103.7805 4 3 2 0 1.7294 0 0 1 0.9205 0.9667
5 75.4131 94.6944 1 4 2 0 1.2469 0 0 1 0.9705 0.9669
5 98.1891 128.3366 2 3 3 0 2.1304 1 0 1 0.6280 0.9670
5 104.8673 128.2429 2 1 3 0 3.3151 0 0 1 1.7788 0.9672
5 121.8181 81.1996 4 3 4 0 1.2306 0 0 1 1.2247 0.9674
5 111.1157 67.1623 3 3 2 1 1.3830 0 0 1 0.6770 0.9676
5 83.0973 99.6898 1 3 1 0 1.7489 0 0 1 1.0366 0.9677
5 73.2713 112.1859 1 4 4 0 3.1420 1 0 1 0.6408 0.9679
5 98.2208 65.4573 3 2 3 0 3.1515 0 0 1 1.4032 0.9681
5 119.7145 97.1257 4 1 2 0 1.5329 0 0 1 1.8227 0.9683
5 102.5619 50.8807 3 1 4 0 1.7392 0 0 1 1.2671 0.9684
5 103.5026 142.9016 2 1 3 0 1.3946 0 0 1 0.4987 0.9686
5 90.4904 90.7713 1 1 2 1 1.8855 0 0 1 1.8642 0.9688
5 64.7926 86.6726 1 4 4 0 1.7023 1 0 1 1.1801 0.9689
5 101.9112 68.7101 3 1 1 0 1.1929 1 0 1 1.4905 0.9691
5 107.2509 127.7588 2 2 1 1 1.7360 0 0 1 1.2952 0.9692
5 102.0468 85.1780 3 2 2 0 1.2788 1 0 1 0.6988 0.9694
5 97.5037 109.7229 2 1 2 0 1.8192 0 0 1 1.4291 0.9695
5 102.0303 55.2700 3 1 1 0 2.1047 1 0 1 0.8746 0.9697
5 94.7207 105.7847 2 2 1 1 1.6955 0 0 1 0.7574 0.9698
5 67.3771 101.2090 1 4 1 0 2.5829 0 0 1 1.1878 0.9700
5 63.8414 99.9808 1 4 2 0 1.6255 0 0 0 0.0000 0.9700
5 91.0872 110.3567 2 2 4 1 2.4746 0 0 0 0.0000 0.9700
5 134.8970 112.8241 4 3 3 0 1.9058 1 0 0 0.0000 0.9700
5 103.0627 66.6268 3 2 3 0 1.2578 0 0 0 0.0000 0.9700
5 94.4813 130.1834 2 2 3 1 1.1533 0 0 0 0.0000 0.9700
5 96.9975 144.9041 2 2 2 1 2.0697 1 0 0 0.0000 0.9700
5 115.3325 116.7625 2 3 3 0 1.0265 1 0 0 0.0000 0.9700
5 105.4858 142.3728 2 2 2 1 1.1708 1 0 0 0.0000 0.9700
5 124.7199 97.3623 4 3 4 0 1.0484 0 0 0 0.0000 0.9700
5 94.9339 58.1167 3 1 1 0 1.6576 1 0 0 0.0000 0.9700
5 97.4285 121.9249 2 2 1 1 0.9388 0 0 0 0.0000 0.9700
5 75.9152 124.9741 1 4 4 0 0.7619 1 0 0 0.0000 0.9700
5 127.2725 101.2891 4 2 3 0 1.8446 0 0 0 0.0000 0.9700
5 114.8966 101.9000 4 2 2 0 0.9231 1 0 0 0.0000 0.9700
5 114.6830 141.2372 2 3 3 0 0.8738 1 0 0 0.0000 0.9700
5 65.2252 109.4380 1 4 4 0 0.9026 1 0 0 0.0000 0.9700
5 66.3930 108.7872 1 4 3 0 1.1414 0 0 0 0.0000 0.9700
5 123.7680 91.1913 4 3 1 0 2.1697 0 0 0 0.0000 0.9700
5 125.8238 82.1636 4 3 2 0 1.1121 0 0 0 0.0000 0.9700
5 94.5967 82.4114 3 1 1 0 1.0185 1 0 0 0.0000 0.9700
5 106.9445 67.1810 3 2 1 0 1.3068 0 0 0 0.0000 0.9700
5 121.2142 99.1859 4 2 4 0 3.3635 0 0 0 0.0000 0.9700
5 104.7658 137.1957 2 2 3 1 2.1279 0 0 0 0.0000 0.9700
5 105.0474 72.4231 3 2 1 0 1.5639 0 0 0 0.0000 0.9700
5 108.8706 89.0201 4 2 2 0 0.8743 1 0 0 0.0000 0.9700
5 112.8966 126.8406 2 3 2 0 0.8715 0 0 0 0.0000 0.9700
5 69.0852 87.0812 1 4 4 0 0.8046 1 0 0 0.0000 0.9700
5 74.4056 94.8732 1 4 4 0 1.0094 1 0 0 0.0000 0.9700
5 76.5329 94.4930 1 4 1 0 1.2981 0 0 0 0.0000 0.9700
5 103.9174 117.3660 2 2 2 1 1.1145 1 0 0 0.0000 0.9700
5 110.6129 128.7154 2 3 4 0 1.2313 0 0 0 0.0000 0.9700
5 101.8316 65.4209 3 3 1 1 1.0781 0 0 0 0.0000 0.9700
5 100.2628 126.5816 2 3 1 0 1.0645 0 0 0 0.0000 0.9700
5 131.7155 99.7142 4 2 2 0 1.0508 1 0 0 0.0000 0.9700
5 91.3928 137.1108 2 1 1 0 0.9576 1 0 0 0.0000 0.9700
5 88.0723 90.5523 3 1 1 0 0.8936 1 0 0 0.0000 0.9700
5 111.8529 106.1376 4 2 4 0 1.8191 0 0 0 0.0000 0.9700
5 84.9137 90.1487 3 1 4 0 0.9611 0 0 0 0.0000 0.9700
5 70.1847 112.6640 1 4 1 0 0.7370 0 0 0 0.0000 0.9700
5 125.0165 87.0374 4 3 1 0 0.9711 0 0 0 0.0000 0.9700
5 133.5203 113.6583 4 3 3 0 0.7787 1 0 0 0.0000 0.9700
5 102.1490 115.6918 4 2 4 0 0.9974 0 0 0 0.0000 0.9700
5 71.1848 108.2609 1 4 2 0 0.7898 0 0 0 0.0000 0.9700
5 63.8999 101.5863 1 4 3 0 0.6570 0 0 0 0.0000 0.9700
5 65.4832 111.9926 1 4 1 0 0.9366 0 0 0 0.0000 0.9700
5 79.8961 81.1035 3 4 3 0 1.3993 0 0 0 0.0000 0.9700
5 89.9558 64.8627 3 4 1 0 0.7541 0 0 0 0.0000 0.9700
5 64.3651 104.8376 1 4 1 0 0.7969 0 0 0 0.0000 0.9700
5 81.3666 54.0435 3 2 1 0 0.7757 0 0 0 0.0000 0.9700
5 79.1953 108.8968 1 1 4 1 0.9309 0 0 0 0.0000 0.9700
6 64.2303 102.6138 1 1 2 1 0.6346 0 0 0 0.0000 0.9700
6 97.8026 130.4800 2 1 2 0 0.5288 0 0 0 0.0000 0.9700
6 112.0955 90.0869 4 1 1 0 0.4863 1 0 0 0.0000 0.9700
6 101.3815 73.0170 3 1 4 0 0.6028 0 0 0 0.0000 0.9700
6 96.1417 70.8354 3 2 3 0 1.0905 0 0 0 0.0000 0.9700
6 97.6390 74.1439 3 2 1 0 0.4871 0 0 0 0.0000 0.9700
6 138.9301 102.8864 4 2 4 0 0.3634 0 0 0 0.0000 0.9700
6 125.4987 91.7156 4 2 4 0 0.4282 0 0 0 0.0000 0.9700
6 135.2789 131.4748 4 2 2 0 0.7198 1 0 0 0.0000 0.9700
6 66.1666 70.6993 1 3 4 0 1.1462 0 0 0 0.0000 0.9700
6 91.9341 128.1148 2 3 3 0 0.5910 1 0 0 0.0000 0.9700
6 150.1976 102.3980 4 2 2 0 1.0125 1 0 0 0.0000 0.9700
6 125.7579 107.7674 4 1 4 0 1.0465 0 0 0 0.0000 0.9700
6 113.0652 114.0933 2 1 3 0 1.5925 0 0 0 0.0000 0.9700
6 107.9136 64.3814 3 3 2 1 0.6172 0 0 0 0.0000 0.9700
6 96.5532 70.7419 3 3 4 1 1.0880 0 0 0 0.0000 0.9700
6 93.2724 118.2552 2 3 1 0 0.4832 0 0 0 0.0000 0.9700
6 103.4926 123.8252 2 3 4 0 0.5024 0 0 0 0.0000 0.9700
6 58.4333 101.9441 1 3 2 0 0.4415 0 0 0 0.0000 0.9700
6 99.3557 122.9250 2 3 2 0 0.3959 0 0 0 0.0000 0.9700
6 81.7712 111.1103 1 4 4 0 0.4935 1 0 0 0.0000 0.9700
6 137.0804 110.1187 4 3 2 0 0.8491 0 0 0 0.0000 0.9700
6 67.7185 92.3521 1 3 4 0 0.6379 0 0 0 0.0000 0.9700
6 95.5324 124.7046 2 4 3 0 2.4849 0 0 0 0.0000 0.9700
6 111.3216 66.9400 3 4 1 0 0.7471 0 0 0 0.0000 0.9700
6 108.8770 124.8040 2 1 3 0 0.6770 0 0 0 0.0000 0.9700
6 88.1573 69.8247 3 4 3 0 1.7421 0 0 0 0.0000 0.9700
6 109.0160 110.1222 4 4 1 1 3.6971 0 0 0 0.0000 0.9700
6 107.7403 151.8154 2 3 3 0 1.8785 1 0 0 0.0000 0.9700
6 107.6510 124.9763 2 3 3 0 1.1496 1 0 0 0.0000 0.9700
6 98.1793 69.0923 3 2 4 0 2.2420 0 0 0 0.0000 0.9700
6 90.9195 50.3999 3 3 4 1 0.8659 0 0 0 0.0000 0.9700
6 94.9933 68.5995 3 3 2 1 0.7347 0 0 0 0.0000 0.9700
6 108.8790 128.9527 2 1 4 0 0.6643 0 0 0 0.0000 0.9700
6 127.5829 95.3633 4 2 4 0 0.9287 0 0 0 0.0000 0.9700
6 107.4894 67.7759 3 2 3 0 0.9598 0 0 0 0.0000 0.9700
6 119.6989 106.1292 4 2 1 0 0.5279 0 0 0 0.0000 0.9700
6 98.9094 143.2802 2 2 1 1 0.9170 0 0 0 0.0000 0.9700
6 91.8422 58.5898 3 3 1 1 0.9162 0 0 0 0.0000 0.9700
6 114.1970 77.1463 3 1 2 0 1.2825 0 0 0 0.0000 0.9700
6 64.1784 95.8536 1 3 4 0 1.5937 0 0 0 0.0000 0.9700
6 99.1364 69.9712 3 2 1 0 0.9529 0 0 0 0.0000 0.9700
6 62.8468 102.1042 1 3 1 0 0.3457 0 0 0 0.0000 0.9700
6 64.4410 99.6203 1 4 1 0 0.9212 0 0 0 0.0000 0.9700
6 137.0168 95.2159 4 4 4 1 0.2160 1 0 0 0.0000 0.9700
6 129.4118 107.4261 4 4 1 1 0.0047 0 0 0 0.0000 0.9700
6 87.5448 133.7851 2 2 4 1 0.2664 0 0 0 0.0000 0.9700
6 127.1002 108.3619 4 3 2 0 0.0559 0 0 0 0.0000 0.9700
6 87.4933 102.6541 1 3 3 0 0.0643 1 0 0 0.0000 0.9700
6 94.9160 127.7004 2 3 1 0 0.1523 0 0 0 0.0000 0.9700
6 77.5715 109.9897 1 3 4 0 0.4032 0 0 0 0.0000 0.9700
6 106.6803 75.3501 3 3 1 1 0.2278 0 0 0 0.0000 0.9700
6 80.1447 103.8121 1 3 3 0 0.4474 1 0 0 0.0000 0.9700
6 106.3317 61.3886 3 2 2 0 0.2414 1 0 0 0.0000 0.9700
6 97.7604 139.6673 2 2 2 1 0.3826 1 0 0 0.0000 0.9700
6 75.6848 119.7178 1 2 1 0 0.2390 0 0 0 0.0000 0.9700
6 83.5518 92.8667 1 1 2 1 0.5878 0 0 0 0.0000 0.9700
6 108.1576 121.1709 2 2 4 1 0.5941 0 0 0 0.0000 0.9700
6 95.6192 81.2971 3 2 3 0 0.6325 0 0 0 0.0000 0.9700
6 88.4604 132.3513 2 3 1 0 0.4805 0 0 0 0.0000 0.9700
6 107.5802 141.2795 2 3 3 0 0.5645 1 0 0 0.0000 0.9700
6 121.9180 85.3120 4 3 3 0 0.3132 1 0 0 0.0000 0.9700
6 84.6467 111.4268 1 3 1 0 0.2792 0 0 0 0.0000 0.9700
6 132.9935 87.5063 4 3 4 0 0.3096 0 0 0 0.0000 0.9700
6 61.1240 86.3064 1 3 3 0 0.4688 1 0 0 0.0000 0.9700
6 95.7718 76.3855 3 3 3 1 0.4552 1 0 0 0.0000 0.9700
6 121.7999 103.9522 4 4 4 1 0.1527 1 0 0 0.0000 0.9700
6 129.6642 100.7962 4 2 1 0 0.2923 0 0 0 0.0000 0.9700
6 82.2037 101.0427 1 2 4 0 2.2274 0 0 0 0.0000 0.9700
6 101.7649 128.0355 2 2 4 1 0.0054 0 0 0 0.0000 0.9700
6 96.0948 76.7071 3 3 4 1 2.1578 0 0 0 0.0000 0.9700
6 75.7972 136.1125 2 1 3 0 0.1557 0 0 0 0.0000 0.9700
6 141.1648 118.9442 4 1 4 0 0.0718 0 0 0 0.0000 0.9700
6 119.2084 107.1740 4 1 4 0 0.0177 0 0 0 0.0000 0.9700
6 55.9682 101.5119 1 1 4 1 0.6337 0 0 0 0.0000 0.9700
6 106.6255 68.2164 3 4 1 0 0.3698 0 0 0 0.0000 0.9700
6 116.1249 104.1484 4 4 1 1 0.2253 0 0 0 0.0000 0.9700
6 135.9208 94.1744 4 4 4 1 0.2864 1 0 0 0.0000 0.9700
6 116.0171 54.0204 3 3 3 1 0.3181 1 0 0 0.0000 0.9700
6 95.5026 80.5391 3 2 1 0 1.7730 0 0 0 0.0000 0.9700
6 131.2836 106.8547 4 1 2 0 0.9148 0 0 0 0.0000 0.9700
6 84.6675 102.7472 1 2 1 0 0.8823 0 0 0 0.0000 0.9700
6 70.7976 95.5266 1 2 4 0 0.8960 0 0 0 0.0000 0.9700
6 74.8396 110.4062 1 2 4 0 0.5907 0 0 0 0.0000 0.9700
6 114.9372 130.4124 2 2 2 1 0.9019 1 0 0 0.0000 0.9700
6 98.0313 85.9155 3 3 2 1 1.1726 0 0 0 0.0000 0.9700
6 98.0288 118.9963 2 3 3 0 0.7462 1 0 0 0.0000 0.9700
6 79.3883 101.9495 1 3 2 0 0.6442 0 0 0 0.0000 0.9700
6 92.8701 115.4010 2 1 3 0 0.9234 0 0 0 0.0000 0.9700
6 86.3858 114.7453 1 1 1 1 0.6670 1 0 0 0.0000 0.9700
6 78.1565 106.1586 1 1 2 1 0.3081 0 0 0 0.0000 0.9700
6 133.9920 82.4607 4 4 2 1 0.8525 0 0 0 0.0000 0.9700
6 134.5390 105.2827 4 2 2 0 0.4341 1 0 0 0.0000 0.9700
6 103.8987 52.9844 3 3 3 1 1.7159 1 0 0 0.0000 0.9700
6 102.5889 83.5736 3 3 2 1 0.7904 0 0 0 0.0000 0.9700
6 133.6930 86.1741 4 4 3 1 2.6415 0 0 0 0.0000 0.9700
6 103.8039 134.0234 2 2 3 1 0.7484 0 0 0 0.0000 0.9700
6 73.7486 110.4400 1 2 4 0 1.6231 0 0 0 0.0000 0.9700
6 80.1687 102.4136 1 2 3 0 0.9047 0 0 0 0.0000 0.9700
6 110.4528 128.4331 2 2 4 1 0.5671 0 0 0 0.0000 0.9700
7 95.9689 62.9362 3 3 2 1 1.0026 0 0 0 0.0000 0.9700
7 85.6570 87.3307 1 3 3 0 0.7750 1 0 0 0.0000 0.9700
7 74.0738 99.6458 1 3 4 0 0.3370 0 0 0 0.0000 0.9700
7 90.9948 70.2116 3 3 2 1 0.4318 0 0 0 0.0000 0.9700
7 123.3151 82.9203 3 3 4 1 0.2089 0 0 0 0.0000 0.9700
7 127.7091 94.5345 4 3 2 0 0.4773 0 0 0 0.0000 0.9700
7 125.3780 93.6617 4 3 2 0 0.6723 0 0 0 0.0000 0.9700
7 136.8027 115.4470 4 3 2 0 0.4405 0 0 0 0.0000 0.9700
7 103.6137 74.1008 3 3 2 1 0.5549 0 0 0 0.0000 0.9700
7 103.7433 91.3476 4 3 4 0 1.7920 0 0 0 0.0000 0.9700
7 101.9040 83.9635 3 3 1 1 0.2940 0 0 0 0.0000 0.9700
7 126.7152 117.4950 4 3 4 0 0.2932 0 0 0 0.0000 0.9700
7 96.1414 112.7962 2 3 1 0 0.2459 0 0 0 0.0000 0.9700
7 103.5668 102.0057 2 3 4 0 0.3395 0 0 0 0.0000 0.9700
7 100.4535 75.4099 3 3 2 1 0.3395 0 0 0 0.0000 0.9700
7 75.2236 88.3775 1 3 1 0 0.3223 0 0 0 0.0000 0.9700
7 122.0531 99.8556 4 3 2 0 0.2743 0 0 0 0.0000 0.9700
7 110.5923 67.3542 3 2 1 0 0.1930 0 0 0 0.0000 0.9700
7 77.5743 106.8028 1 2 3 0 0.2374 0 0 0 0.0000 0.9700
7 70.0570 97.8239 1 2 3 0 0.1858 0 0 0 0.0000 0.9700
7 108.3587 74.9542 3 4 1 0 0.8054 0 0 0 0.0000 0.9700
7 87.6885 64.6841 3 4 4 0 0.6909 1 0 0 0.0000 0.9700
7 128.9701 121.7062 4 2 1 0 0.5882 0 0 0 0.0000 0.9700
7 116.7106 100.2723 4 3 3 0 0.5469 1 0 0 0.0000 0.9700
7 103.2879 70.9612 3 1 3 0 3.1596 0 0 0 0.0000 0.9700
7 77.8577 103.2591 1 1 1 1 0.7040 1 0 0 0.0000 0.9700
7 99.2808 114.3206 2 3 2 0 0.6508 0 0 0 0.0000 0.9700
7 102.1152 59.2238 3 2 4 0 0.6903 0 0 0 0.0000 0.9700
7 149.0769 86.5169 4 2 3 0 0.5715 0 0 0 0.0000 0.9700
7 118.0005 110.7687 4 3 1 0 6.9296 0 0 0 0.0000 0.9700
7 107.4212 77.5781 3 3 1 1 0.3935 0 0 0 0.0000 0.9700
7 120.2365 105.3651 4 3 4 0 0.3622 0 0 0 0.0000 0.9700
7 101.5459 83.4905 3 3 1 1 0.4738 0 0 0 0.0000 0.9700
7 115.8688 77.2415 3 3 2 1 0.9890 0 0 0 0.0000 0.9700
7 105.2905 110.1930 2 3 1 0 0.1570 0 0 0 0.0000 0.9700
7 113.0986 110.6975 2 3 1 0 13.1746 0 0 0 0.0000 0.9700
7 107.8802 133.4480 2 3 1 0 2.0479 0 0 0 0.0000 0.9700
7 130.1129 92.5924 4 2 4 0 4.6509 0 0 0 0.0000 0.9700
7 85.6290 129.7241 2 2 3 1 0.2335 0 0 0 0.0000 0.9700
7 83.5111 127.4984 2 2 3 1 0.2314 0 0 0 0.0000 0.9700
7 67.4598 105.3197 1 2 2 0 0.2619 1 0 0 0.0000 0.9700
7 70.9801 97.4984 1 2 3 0 0.2931 0 0 0 0.0000 0.9700
7 58.3275 73.3529 1 1 4 1 1.4606 0 0 0 0.0000 0.9700
7 101.6947 71.4132 3 1 4 0 0.7050 0 0 0 0.0000 0.9700
7 51.4384 108.5347 1 1 1 1 0.3789 1 0 0 0.0000 0.9700
7 76.5790 100.0855 1 1 1 1 0.5733 1 0 0 0.0000 0.9700
7 136.6421 100.5962 4 1 2 0 0.7566 0 0 0 0.0000 0.9700
7 100.6615 138.9520 2 1 3 0 0.7521 0 0 0 0.0000 0.9700
7 67.5129 120.7204 1 1 4 1 0.5081 0 0 0 0.0000 0.9700
7 143.8585 102.7132 4 3 2 0 0.3697 0 0 0 0.0000 0.9700
7 110.7191 120.0225 2 3 3 0 0.2318 1 0 0 0.0000 0.9700
7 94.5580 127.3204 2 3 2 0 1.3756 0 0 0 0.0000 0.9700
7 69.9645 86.5683 1 3 2 0 0.4271 0 0 0 0.0000 0.9700
7 91.4105 93.8808 3 3 3 1 0.9571 1 0 0 0.0000 0.9700
7 89.6707 66.7162 3 3 2 1 1.6443 0 0 0 0.0000 0.9700
7 139.8791 103.1183 4 3 3 0 1.4543 1 0 0 0.0000 0.9700
7 122.1147 103.2817 4 3 2 0 2.0106 0 0 0 0.0000 0.9700
7 100.1202 137.3844 2 3 3 0 1.1258 1 0 0 0.0000 0.9700
7 105.3527 58.0847 3 2 2 0 5.3539 1 0 0 0.0000 0.9700
7 104.1968 141.2735 2 2 1 1 0.4769 0 0 0 0.0000 0.9700
7 101.4667 116.3394 2 2 4 1 1.8252 0 0 0 0.0000 0.9700
7 73.6712 95.8782 1 2 1 0 1.6712 0 0 0 0.0000 0.9700
7 103.3680 147.2061 2 2 1 1 1.1612 0 0 0 0.0000 0.9700
7 122.3346 91.6734 4 3 2 0 0.5448 0 0 0 0.0000 0.9700
7 63.4358 97.9667 1 4 4 0 0.3743 1 0 0 0.0000 0.9700
7 61.8078 120.1106 1 4 4 0 0.4876 1 0 0 0.0000 0.9700
7 142.5256 91.5844 4 2 1 0 0.6832 0 0 0 0.0000 0.9700
7 122.5304 84.5825 4 2 4 0 0.6287 0 0 0 0.0000 0.9700
7 76.1655 80.2105 1 3 3 0 1.0867 1 0 0 0.0000 0.9700
7 98.9164 142.1705 2 2 4 1 0.9618 0 0 0 0.0000 0.9700
7 101.7032 60.1956 3 2 1 0 0.7550 0 0 0 0.0000 0.9700
7 81.4458 97.6135 1 3 3 0 0.6222 1 0 0 0.0000 0.9700
7 109.8450 73.7830 3 2 4 0 2.9329 0 0 0 0.0000 0.9700
7 121.0435 119.9764 2 2 3 1 0.8225 0 0 0 0.0000 0.9700
7 62.3993 88.2892 1 4 4 0 1.1389 1 0 0 0.0000 0.9700
7 129.0227 91.0200 4 2 3 0 1.0796 0 0 0 0.0000 0.9700
7 107.7221 122.8525 2 2 2 1 0.8592 1 0 0 0.0000 0.9700
7 105.9102 134.8433 2 2 2 1 1.1452 1 0 0 0.0000 0.9700
7 110.4730 86.6673 3 2 1 0 1.0228 0 0 0 0.0000 0.9700
7 127.9187 108.3813 4 1 3 0 0.9767 0 0 0 0.0000 0.9700
7 122.1071 98.6297 4 2 4 0 2.1786 0 0 0 0.0000 0.9700
7 113.3941 91.5610 4 2 2 0 2.1467 1 0 0 0.0000 0.9700
7 104.4554 125.8732 2 2 3 1 0.4823 0 0 0 0.0000 0.9700
7 77.2926 99.9871 1 3 3 0 2.4865 1 0 0 0.0000 0.9700
7 79.8248 110.0313 1 3 3 0 5.5980 1 0 0 0.0000 0.9700
7 67.2599 96.2754 1 3 3 0 0.6617 1 0 0 0.0000 0.9700
7 101.1719 119.2859 2 2 2 1 0.9589 1 0 0 0.0000 0.9700
7 88.9286 109.5578 2 3 3 0 0.6085 1 0 0 0.0000 0.9700
7 130.4596 86.2393 4 2 2 0 1.5925 1 0 0 0.0000 0.9700
7 99.8686 69.5788 3 2 1 0 0.8420 0 0 0 0.0000 0.9700
7 109.8880 115.3438 2 2 2 1 4.1594 1 0 0 0.0000 0.9700
7 84.0640 104.1338 1 3 1 0 11.0606 0 0 0 0.0000 0.9700
7 99.7772 123.8030 2 2 4 1 0.5679 0 0 0 0.0000 0.9700
7 117.5010 78.0190 3 2 1 0 0.3534 0 0 0 0.0000 0.9700
7 74.0931 102.4500 1 2 2 0 0.2926 1 0 0 0.0000 0.9700
7 92.5239 112.3685 2 2 3 1 0.6142 0 0 0 0.0000 0.9700
7 131.5554 93.7477 4 2 2 0 1.8241 1 0 0 0.0000 0.9700
7 56.7195 111.4643 1 3 3 0 26.2648 1 0 0 0.0000 0.9700
7 108.9143 79.3603 3 2 3 0 0.5474 0 0 0 0.0000 0.9700
7 101.1053 71.3264 3 2 4 0 0.6343 0 0 0 0.0000 0.9700
8 104.7563 75.8659 3 2 0 0 0.6345 0 1 0 0.0000 0.9700
8 104.5539 75.9852 3 2 0 0 0.3337 0 1 0 0.0000 0.9700
8 84.3613 143.2540 2 3 0 0 0.9273 0 1 0 0.0000 0.9700
8 100.5643 73.9713 3 3 0 1 0.7025 1 1 0 0.0000 0.9700
8 92.9046 122.1020 2 3 0 0 0.4720 0 1 0 0.0000 0.9700
8 99.8924 122.9074 2 3 0 0 0.8264 0 1 0 0.0000 0.9700
8 116.8181 91.3350 3 3 0 1 27.2528 1 1 0 0.0000 0.9700
8 71.8123 78.3524 1 4 0 0 2.3105 0 1 0 0.0000 0.9700
8 103.0292 121.9929 2 2 0 1 0.7445 1 1 0 0.0000 0.9700
8 94.8067 71.0829 3 2 0 0 0.0833 0 1 0 0.0000 0.9700
8 69.6587 95.3935 1 3 0 0 0.1733 0 1 0 0.0000 0.9700
8 92.0338 75.2069 3 3 0 1 0.2817 1 1 0 0.0000 0.9700
8 94.8763 128.9719 2 3 0 0 0.2640 0 1 0 0.0000 0.9700
8 106.0402 131.1355 2 3 0 0 0.0380 0 1 0 0.0000 0.9700
8 63.2691 104.2814 1 2 0 0 0.2548 0 1 0 0.0000 0.9700
8 82.9756 154.2510 2 2 0 1 0.5264 1 1 0 0.0000 0.9700
8 131.3731 96.3049 4 2 0 0 0.3083 0 1 0 0.0000 0.9700
8 99.5780 137.4124 2 2 0 1 1.0783 1 1 0 0.0000 0.9700
8 101.9270 124.9169 2 3 0 0 7.4036 0 1 0 0.0000 0.9700
8 111.1212 118.3085 4 2 0 0 1.2334 0 1 0 0.0000 0.9700
8 106.5451 94.5860 4 3 0 0 21.0328 0 1 0 0.0000 0.9700
8 58.2609 103.3889 1 3 0 0 0.7648 0 1 0 0.0000 0.9700
8 127.8129 85.9738 4 3 0 0 0.2811 0 1 0 0.0000 0.9700
8 119.6669 98.9626 4 3 0 0 0.1691 0 1 0 0.0000 0.9700
8 105.4727 122.0417 2 3 0 0 0.2444 0 1 0 0.0000 0.9700
8 120.2600 88.8269 4 3 0 0 0.3059 0 1 0 0.0000 0.9700
8 92.7225 150.3744 2 3 0 0 0.2731 0 1 0 0.0000 0.9700
8 124.4834 113.4982 4 3 0 0 0.2715 0 1 0 0.0000 0.9700
8 74.2690 85.7949 1 3 0 0 0.3179 0 1 0 0.0000 0.9700
8 56.5795 97.8917 1 3 0 0 0.0298 0 1 0 0.0000 0.9700
8 80.4441 103.3211 1 3 0 0 0.0866 0 1 0 0.0000 0.9700
8 102.1550 55.7520 3 3 0 1 0.0174 1 1 0 0.0000 0.9700
8 96.0057 70.3104 3 3 0 1 22.9698 1 1 0 0.0000 0.9700
8 118.1874 104.7384 4 3 0 0 0.3692 0 1 0 0.0000 0.9700
8 62.6681 107.7355 1 3 0 0 0.4839 0 1 0 0.0000 0.9700
8 133.6609 106.8919 4 2 0 0 1.6414 0 1 0 0.0000 0.9700
8 71.7453 107.3721 1 2 0 0 0.2186 0 1 0 0.0000 0.9700
8 111.2919 71.9448 3 3 0 1 0.5518 1 1 0 0.0000 0.9700
8 68.4902 100.3769 1 3 0 0 0.8934 0 1 0 0.0000 0.9700
8 111.7934 125.1150 2 3 0 0 0.2515 0 1 0 0.0000 0.9700
8 119.7651 117.6533 2 3 0 0 0.7609 0 1 0 0.0000 0.9700
8 110.7196 116.0871 2 3 0 0 0.2601 0 1 0 0.0000 0.9700
8 56.4131 94.2644 1 3 0 0 0.0977 0 1 0 0.0000 0.9700
8 105.3690 62.3515 3 3 0 1 0.2837 1 1 0 0.0000 0.9700
8 136.6758 89.3931 4 3 0 0 0.2813 0 1 0 0.0000 0.9700
8 81.3311 81.8530 1 2 0 0 0.2960 0 1 0 0.0000 0.9700
8 105.2155 124.7106 2 1 0 0 0.1352 0 1 0 0.0000 0.9700
8 93.3562 125.6489 2 4 0 0 0.1308 0 1 0 0.0000 0.9700
8 74.1195 99.1445 1 3 0 0 0.4935 0 1 0 0.0000 0.9700
8 101.4158 66.0176 3 4 0 0 0.0015 0 1 0 0.0000 0.9700
8 96.1304 74.5303 3 2 0 0 0.1219 0 1 0 0.0000 0.9700
8 116.7455 95.2483 4 1 0 0 0.2607 0 1 0 0.0000 0.9700
8 132.4728 91.2742 4 3 0 0 0.4031 0 1 0 0.0000 0.9700
8 106.8019 73.1424 3 3 0 1 7.0275 1 1 0 0.0000 0.9700
8 104.4290 118.4309 2 3 0 0 1.2306 0 1 0 0.0000 0.9700
8 69.6821 91.3549 1 4 0 0 18.4988 0 1 0 0.0000 0.9700
8 69.8300 103.9540 1 3 0 0 13.1734 0 1 0 0.0000 0.9700
8 98.2451 120.4918 2 4 0 0 2.1574 0 1 0 0.0000 0.9700
8 106.7931 73.1952 3 4 0 0 0.4286 0 1 0 0.0000 0.9700
8 71.8706 91.0002 1 4 0 0 0.5902 0 1 0 0.0000 0.9700
8 103.7936 74.4077 3 3 0 1 0.8373 1 1 0 0.0000 0.9700
8 136.6643 105.0332 4 2 0 0 0.1777 0 1 0 0.0000 0.9700
8 76.8107 106.3702 1 1 0 1 0.1105 1 1 0 0.0000 0.9700
8 124.8673 94.9131 4 1 0 0 0.2641 0 1 0 0.0000 0.9700
8 140.5597 95.9058 4 1 0 0 0.1661 0 1 0 0.0000 0.9700
8 129.2816 110.8507 4 1 0 0 0.7056 0 1 0 0.0000 0.9700
8 127.0373 102.5313 4 4 0 1 3.9322 1 1 0 0.0000 0.9700
8 94.5770 65.3457 3 4 0 0 0.3608 0 1 0 0.0000 0.9700
8 149.8503 85.6629 4 4 0 1 0.2507 1 1 0 0.0000 0.9700
8 68.5902 111.2368 1 4 0 0 0.1207 0 1 0 0.0000 0.9700
8 68.0811 97.2900 1 4 0 0 0.6908 0 1 0 0.0000 0.9700
8 135.8998 87.2633 4 4 0 1 0.0433 1 1 0 0.0000 0.9700
8 132.6607 101.5893 4 4 0 1 0.1327 1 1 0 0.0000 0.9700
8 93.1776 65.4764 3 4 0 0 0.0938 0 1 0 0.0000 0.9700
8 69.8536 99.2167 1 4 0 0 0.0538 0 1 0 0.0000 0.9700
8 123.1753 102.4976 4 4 0 1 0.0446 1 1 0 0.0000 0.9700
8 91.5616 71.1302 3 4 0 0 0.1314 0 1 0 0.0000 0.9700
8 81.1348 85.8898 1 4 0 0 0.0921 0 1 0 0.0000 0.9700
8 95.3532 130.8562 2 4 0 0 0.1161 0 1 0 0.0000 0.9700
8 91.9709 124.1509 2 4 0 0 0.0613 0 1 0 0.0000 0.9700
8 108.4486 68.6553 3 4 0 0 0.1485 0 1 0 0.0000 0.9700
8 95.1936 94.8259 3 4 0 0 0.0781 0 1 0 0.0000 0.9700
8 104.8418 64.5808 3 4 0 0 0.1816 0 1 0 0.0000 0.9700
8 105.6745 113.8609 2 4 0 0 0.2560 0 1 0 0.0000 0.9700
8 109.4130 86.6045 3 4 0 0 0.0928 0 1 0 0.0000 0.9700
8 64.4745 77.5333 1 4 0 0 0.1168 0 1 0 0.0000 0.9700
8 93.0651 64.7039 3 4 0 0 0.1575 0 1 0 0.0000 0.9700
8 102.3440 113.0387 2 3 0 0 0.0392 0 1 0 0.0000 0.9700
8 53.1331 82.5922 1 3 0 0 0.1575 0 1 0 0.0000 0.9700
8 103.0445 133.7577 2 3 0 0 0.1512 0 1 0 0.0000 0.9700
8 133.6424 103.4671 4 3 0 0 0.0967 0 1 0 0.0000 0.9700
8 94.4389 74.6188 3 3 0 1 0.0407 1 1 0 0.0000 0.9700
8 72.5930 121.4012 1 2 0 0 0.0795 0 1 0 0.0000 0.9700
8 135.8160 105.1594 4 1 0 0 0.3291 0 1 0 0.0000 0.9700
8 111.5165 115.1448 2 3 0 0 1.9599 0 1 0 0.0000 0.9700
8 132.7079 98.4518 4 4 0 1 0.1929 1 1 0 0.0000 0.9700
8 92.0560 65.2067 3 1 0 0 0.5094 0 1 0 0.0000 0.9700
8 133.9500 86.6055 4 2 0 0 0.2894 0 1 0 0.0000 0.9700
8 88.6888 98.2993 1 3 0 0 0.8317 0 1 0 0.0000 0.9700
8 100.1930 132.4558 2 4 0 0 0.6513 0 1 0 0.0000 0.9700
9 112.3647 123.1131 2 3 0 0 0.9517 0 1 0 0.0000 0.9700
9 108.9303 81.9381 4 2 0 0 0.3028 0 1 0 0.0000 0.9700
9 92.9462 88.1557 3 1 0 0 0.2700 0 1 0 0.0000 0.9700
9 71.1015 89.3096 1 4 0 0 0.2532 0 1 0 0.0000 0.9700
9 91.6975 118.6216 2 3 0 0 0.8924 0 1 0 0.0000 0.9700
9 127.7061 107.1893 4 3 0 0 0.4256 0 1 0 0.0000 0.9700
9 89.2050 134.1374 2 2 0 1 0.2999 1 1 0 0.0000 0.9700
9 122.0819 84.6832 4 3 0 0 0.6361 0 1 0 0.0000 0.9700
9 74.4528 101.6761 1 1 0 1 0.2434 1 1 0 0.0000 0.9700
9 73.6090 100.0768 1 1 0 1 0.4499 1 1 0 0.0000 0.9700
9 140.2754 107.0743 4 4 0 1 0.8518 1 1 0 0.0000 0.9700
9 132.9753 98.2457 4 4 0 1 0.6246 1 1 0 0.0000 0.9700
9 60.9801 93.5680 1 1 0 1 0.7762 1 1 0 0.0000 0.9700
9 97.6917 64.1212 3 2 0 0 0.6753 0 1 0 0.0000 0.9700
9 95.6356 122.0070 2 2 0 1 1.0358 1 1 0 0.0000 0.9700
9 120.7779 94.1121 4 4 0 1 0.7008 1 1 0 0.0000 0.9700
9 90.9566 126.3451 2 2 0 1 1.0785 1 1 0 0.0000 0.9700
9 143.4742 104.9102 4 4 0 1 0.7308 1 1 0 0.0000 0.9700
9 108.5905 150.0014 2 2 0 1 1.2688 1 1 0 0.0000 0.9700
9 93.8110 81.9111 3 3 0 1 2.5571 1 1 0 0.0000 0.9700
9 98.6420 67.0848 3 3 0 1 0.9492 1 1 0 0.0000 0.9700
9 64.7903 77.3709 1 1 0 1 0.7718 1 1 0 0.0000 0.9700
9 95.0812 129.7580 2 2 0 1 0.6715 1 1 0 0.0000 0.9700
9 110.0655 62.6440 3 2 0 0 0.5847 0 1 0 0.0000 0.9700
9 90.7772 75.4578 3 3 0 1 0.8151 1 1 0 0.0000 0.9700
9 135.3313 94.3023 4 4 0 1 1.1626 1 1 0 0.0000 0.9700
9 137.3462 113.9915 4 4 0 1 1.1854 1 1 0 0.0000 0.9700
9 77.9959 133.3717 2 2 0 1 1.2549 1 1 0 0.0000 0.9700
9 80.0384 101.4079 1 2 0 0 0.5105 0 1 0 0.0000 0.9700
9 77.3297 102.7611 1 3 0 0 1.0581 0 1 0 0.0000 0.9700
9 94.4599 89.8636 3 3 0 1 1.6834 1 1 0 0.0000 0.9700
9 87.9524 84.3511 1 2 0 0 0.9331 0 1 0 0.0000 0.9700
9 65.6183 91.4331 1 1 0 1 1.3952 1 1 0 0.0000 0.9700
9 95.9898 78.3730 3 3 0 1 0.8305 1 1 0 0.0000 0.9700
9 81.6602 102.3989 1 2 0 0 1.3544 0 1 0 0.0000 0.9700
9 95.8447 83.3202 3 2 0 0 0.7559 0 1 0 0.0000 0.9700
9 94.1668 86.3556 3 2 0 0 0.9583 0 1 0 0.0000 0.9700
9 108.7283 146.0765 2 2 0 1 1.0699 1 1 0 0.0000 0.9700
9 124.5032 100.2541 4 4 0 1 1.3103 1 1 0 0.0000 0.9700
9 97.0720 123.3270 2 4 0 0 0.8890 0 1 0 0.0000 0.9700
9 124.5032 78.1772 4 2 0 0 0.7751 0 1 0 0.0000 0.9700
9 147.2658 83.1370 4 4 0 1 0.6910 1 1 0 0.0000 0.9700
9 67.0568 102.8144 1 1 0 1 0.7326 1 1 0 0.0000 0.9700
9 52.2791 89.7587 1 1 0 1 0.7762 1 1 0 0.0000 0.9700
9 129.2654 80.7698 4 2 0 0 5.1390 0 1 0 0.0000 0.9700
9 104.3017 71.1701 3 3 0 1 0.7020 1 1 0 0.0000 0.9700
9 103.3426 114.0996 2 3 0 0 0.9824 0 1 0 0.0000 0.9700
9 101.5544 85.0108 3 2 0 0 0.8861 0 1 0 0.0000 0.9700
9 107.9754 122.2757 2 2 0 1 0.9160 1 1 0 0.0000 0.9700
9 88.8389 138.9016 2 3 0 0 0.8987 0 1 0 0.0000 0.9700
