1 64.2303 102.6138 1 3 0 0 4.1510 0 1 0 0.0000 0.0000
1 120.9845 109.6560 4 4 0 1 2.2678 1 1 0 0.0000 0.0000
1 103.7936 74.4077 3 4 0 0 1.2632 0 1 0 0.0000 0.0000
1 131.2137 109.6500 4 1 0 0 2.3123 0 1 0 0.0000 0.0000
1 115.4950 102.4642 4 2 0 0 0.8591 0 1 0 0.0000 0.0000
1 129.6425 91.9746 4 1 0 0 3.5934 0 1 0 0.0000 0.0000
1 119.8556 94.2118 4 1 0 0 1.1962 0 1 0 0.0000 0.0000
1 72.5930 121.4012 1 2 0 0 0.8994 0 1 0 0.0000 0.0000
1 85.5099 78.3823 3 1 0 0 1.0585 0 1 0 0.0000 0.0000
1 109.2279 139.7944 2 4 0 0 2.4535 0 1 0 0.0000 0.0000
1 76.3090 94.5660 1 2 0 0 0.8129 0 1 0 0.0000 0.0000
1 103.0445 133.7577 2 2 0 1 0.6813 1 1 0 0.0000 0.0000
1 100.4068 124.7725 2 1 0 0 0.7704 0 1 0 0.0000 0.0000
1 123.7680 91.1913 4 4 0 1 0.7988 1 1 0 0.0000 0.0000
1 98.6420 67.0848 3 1 0 0 1.1152 0 1 0 0.0000 0.0000
1 105.5005 79.1120 3 3 0 1 0.6084 1 1 0 0.0000 0.0000
1 94.9160 127.7004 2 1 0 0 1.0947 0 1 0 0.0000 0.0000
1 71.1379 121.6782 1 2 0 0 0.7784 0 1 0 0.0000 0.0000
1 105.2428 69.6735 3 4 0 0 0.9335 0 1 0 0.0000 0.0000
1 117.2038 70.5478 3 4 0 0 0.8526 0 1 0 0.0000 0.0000
1 66.8812 103.1281 1 2 0 0 1.1702 0 1 0 0.0000 0.0000
1 114.5423 65.2524 3 2 0 0 1.2878 0 1 0 0.0000 0.0000
1 82.9178 60.6965 3 3 0 1 1.4407 1 1 0 0.0000 0.0000
1 75.2236 88.3775 1 4 0 0 0.9101 0 1 0 0.0000 0.0000
1 79.1953 108.8968 1 3 0 0 1.8861 0 1 0 0.0000 0.0000
1 105.3527 58.0847 3 1 0 0 0.7577 0 1 0 0.0000 0.0000
1 124.7199 97.3623 4 2 0 0 0.6565 0 1 0 0.0000 0.0000
1 79.3083 92.6669 1 3 0 0 1.2564 0 1 0 0.0000 0.0000
1 42.7977 98.7857 1 4 0 0 0.6575 0 1 0 0.0000 0.0000
1 111.1157 67.1623 3 2 0 0 1.9143 0 1 0 0.0000 0.0000
1 107.6564 76.9826 3 4 0 0 2.8186 0 1 0 0.0000 0.0000
1 116.4688 89.7162 4 4 0 1 2.4194 1 1 0 0.0000 0.0000
1 107.5802 141.2795 2 4 0 0 0.7622 0 1 0 0.0000 0.0000
1 60.5538 97.4907 1 2 0 0 0.8707 0 1 0 0.0000 0.0000
1 94.5580 127.3204 2 1 0 0 0.6930 0 1 0 0.0000 0.0000
1 69.8536 99.2167 1 2 0 0 0.6226 0 1 0 0.0000 0.0000
1 98.4903 82.6266 3 3 0 1 0.7901 1 1 0 0.0000 0.0000
1 98.2988 66.6219 3 3 0 1 1.1217 1 1 0 0.0000 0.0000
1 107.3234 140.2796 2 1 0 0 0.7905 0 1 0 0.0000 0.0000
1 106.2040 62.1277 3 4 0 0 0.9945 0 1 0 0.0000 0.0000
1 92.5923 132.0602 2 4 0 0 0.9000 0 1 0 0.0000 0.0000
1 98.2208 65.4573 3 1 0 0 0.9155 0 1 0 0.0000 0.0000
1 113.7865 95.2948 3 2 0 0 0.8348 0 1 0 0.0000 0.0000
1 77.5743 106.8028 1 3 0 0 0.9583 0 1 0 0.0000 0.0000
1 132.5168 79.3665 4 4 0 1 0.7035 1 1 0 0.0000 0.0000
1 98.9094 143.2802 2 2 0 1 2.0583 1 1 0 0.0000 0.0000
1 103.4156 75.8864 3 1 0 0 0.9019 0 1 0 0.0000 0.0000
1 69.5087 113.4943 1 2 0 0 0.8041 0 1 0 0.0000 0.0000
1 104.1968 141.2735 2 2 0 1 0.5606 1 1 0 0.0000 0.0000
1 127.9187 108.3813 4 1 0 0 1.6230 0 1 0 0.0000 0.0000
1 73.2713 112.1859 1 2 0 0 0.9365 0 1 0 0.0000 0.0000
1 51.4384 108.5347 1 3 0 0 1.1282 0 1 0 0.0000 0.0000
1 94.4813 130.1834 2 1 0 0 1.0212 0 1 0 0.0000 0.0000
1 90.9566 126.3451 2 1 0 0 1.5677 0 1 0 0.0000 0.0000
1 76.4013 95.2955 1 3 0 0 1.1836 0 1 0 0.0000 0.0000
1 114.2944 103.6657 4 4 0 1 1.3652 1 1 0 0.0000 0.0000
1 112.9909 56.6666 3 3 0 1 2.5756 1 1 0 0.0000 0.0000
1 123.0373 92.7710 4 1 0 0 2.1043 0 1 0 0.0000 0.0000
1 103.5842 78.5183 3 3 0 1 1.9979 1 1 0 0.0000 0.0000
1 143.8585 102.7132 4 2 0 0 1.2714 0 1 0 0.0000 0.0000
1 96.2624 137.6255 2 2 0 1 0.7358 1 1 0 0.0000 0.0000
1 125.8238 82.1636 4 1 0 0 1.0185 0 1 0 0.0000 0.0000
1 105.4727 122.0417 2 2 0 1 1.2117 1 1 0 0.0000 0.0000
1 93.3562 125.6489 2 1 0 0 1.2329 0 1 0 0.0000 0.0000
1 136.1951 109.8769 4 3 0 0 1.1277 0 1 0 0.0000 0.0000
1 105.3690 62.3515 3 4 0 0 0.9105 0 1 0 0.0000 0.0000
1 91.6651 129.7944 2 1 0 0 0.7824 0 1 0 0.0000 0.0000
1 93.3909 63.3240 3 4 0 0 1.3219 0 1 0 0.0000 0.0000
1 101.5083 136.7463 2 2 0 1 0.5487 1 1 0 0.0000 0.0000
1 99.0352 89.4037 3 1 0 0 0.8740 0 1 0 0.0000 0.0000
1 131.8167 93.1313 4 3 0 0 1.5279 0 1 0 0.0000 0.0000
1 111.8529 106.1376 4 1 0 0 0.9991 0 1 0 0.0000 0.0000
1 110.4528 128.4331 2 2 0 1 1.3686 1 1 0 0.0000 0.0000
1 96.1414 112.7962 2 1 0 0 1.0591 0 1 0 0.0000 0.0000
1 133.5203 113.6583 4 2 0 0 1.1247 0 1 0 0.0000 0.0000
1 142.5410 96.0239 4 3 0 0 1.0002 0 1 0 0.0000 0.0000
1 62.8468 102.1042 1 4 0 0 1.1781 0 1 0 0.0000 0.0000
1 134.4524 99.3927 4 1 0 0 0.8809 0 1 0 0.0000 0.0000
1 79.9131 104.8711 1 3 0 0 0.6065 0 1 0 0.0000 0.0000
1 109.5893 66.1443 3 4 0 0 1.1265 0 1 0 0.0000 0.0000
1 116.1249 104.1484 4 3 0 0 1.0825 0 1 0 0.0000 0.0000
1 122.8224 101.7694 4 1 0 0 1.3917 0 1 0 0.0000 0.0000
1 112.0955 90.0869 4 3 0 0 0.7773 0 1 0 0.0000 0.0000
1 91.9586 81.3687 3 1 0 0 1.1420 0 1 0 0.0000 0.0000
1 107.9754 122.2757 2 1 0 0 0.7299 0 1 0 0.0000 0.0000
1 80.3630 107.5832 1 3 0 0 0.9311 0 1 0 0.0000 0.0000
1 77.9282 100.4959 1 2 0 0 0.9007 0 1 0 0.0000 0.0000
1 82.2037 101.0427 1 3 0 0 2.4187 0 1 0 0.0000 0.0000
1 103.5026 142.9016 2 2 0 1 0.9366 1 1 0 0.0000 0.0000
1 88.9518 121.9229 2 4 0 0 1.0154 0 1 0 0.0000 0.0000
1 67.5129 120.7204 1 1 0 1 1.1934 1 1 0 0.0000 0.0000
1 108.5905 150.0014 2 2 0 1 0.6877 1 1 0 0.0000 0.0000
1 103.3426 114.0996 2 4 0 0 1.8165 0 1 0 0.0000 0.0000
1 116.6119 107.6445 4 3 0 0 1.4877 0 1 0 0.0000 0.0000
1 104.6776 56.5007 3 4 0 0 1.1805 0 1 0 0.0000 0.0000
1 74.8396 110.4062 1 1 0 1 0.6592 1 1 0 0.0000 0.0000
1 72.9761 91.8513 1 3 0 0 0.6357 0 1 0 0.0000 0.0000
1 69.8300 103.9540 1 1 0 1 1.4440 1 1 0 0.0000 0.0000
1 86.9869 137.7303 2 2 0 1 0.8327 1 1 0 0.0000 0.0000
1 129.4991 98.6783 4 4 0 1 1.1163 1 1 0 0.0000 0.0000
2 122.1071 98.6297 4 3 0 0 1.3741 0 1 0 0.0000 0.0000
2 96.2220 119.3550 2 2 0 1 0.7814 1 1 0 0.0000 0.0000
2 84.9137 90.1487 3 3 0 1 1.0807 1 1 0 0.0000 0.0000
2 101.8314 70.9860 3 4 0 0 0.9718 0 1 0 0.0000 0.0000
2 101.3003 118.2468 2 3 0 0 1.1001 0 1 0 0.0000 0.0000
2 95.5026 80.5391 3 3 0 1 0.8161 1 1 0 0.0000 0.0000
2 108.9303 81.9381 4 3 0 0 0.7660 0 1 0 0.0000 0.0000
2 109.4239 76.8451 3 4 0 0 0.8897 0 1 0 0.0000 0.0000
2 118.0005 110.7687 4 1 0 0 0.5849 0 1 0 0.0000 0.0000
2 92.9179 131.8423 2 2 0 1 0.9593 1 1 0 0.0000 0.0000
2 102.7899 116.4195 2 1 0 0 1.2788 0 1 0 0.0000 0.0000
2 102.3440 113.0387 2 3 0 0 1.2551 0 1 0 0.0000 0.0000
2 131.7155 99.7142 4 1 0 0 1.0555 0 1 0 0.0000 0.0000
2 123.3151 82.9203 3 3 0 1 0.8015 1 1 0 0.0000 0.0000
2 141.1648 118.9442 4 3 0 0 0.4627 0 1 0 0.0000 0.0000
2 104.8871 113.3817 2 3 0 0 0.7707 0 1 0 0.0000 0.0000
2 61.8078 120.1106 1 2 0 0 0.7986 0 1 0 0.0000 0.0000
2 84.0640 104.1338 1 1 0 1 0.8093 1 1 0 0.0000 0.0000
2 85.6570 87.3307 1 1 0 1 0.4534 1 1 0 0.0000 0.0000
2 73.1696 85.1931 1 1 0 1 1.4009 1 1 0 0.0000 0.0000
2 98.5304 129.2492 2 3 0 0 0.5165 0 1 0 0.0000 0.0000
2 132.9753 98.2457 4 4 0 1 1.2097 1 1 0 0.0000 0.0000
2 107.7596 101.6084 4 3 0 0 0.7973 0 1 0 0.0000 0.0000
2 104.0930 67.8945 3 4 0 0 1.4660 0 1 0 0.0000 0.0000
2 56.5795 97.8917 1 2 0 0 0.7756 0 1 0 0.0000 0.0000
2 110.2706 135.7376 2 2 0 1 1.6500 1 1 0 0.0000 0.0000
2 111.1212 118.3085 4 1 0 0 1.0116 0 1 0 0.0000 0.0000
2 98.2451 120.4918 2 3 0 0 0.8683 0 1 0 0.0000 0.0000
2 92.6224 121.3498 2 3 0 0 1.1547 0 1 0 0.0000 0.0000
2 74.4056 94.8732 1 1 0 1 0.6471 1 1 0 0.0000 0.0000
2 127.3768 98.4144 4 1 0 0 1.4234 0 1 0 0.0000 0.0000
2 96.5532 70.7419 3 1 0 0 0.9546 0 1 0 0.0000 0.0000
2 56.7195 111.4643 1 2 0 0 0.9858 0 1 0 0.0000 0.0000
2 137.7972 100.4247 4 4 0 1 0.8102 1 1 0 0.0000 0.0000
2 111.7934 125.1150 2 2 0 1 1.0477 1 1 0 0.0000 0.0000
2 100.2864 72.4270 3 3 0 1 1.1625 1 1 0 0.0000 0.0000
2 131.3731 96.3049 4 4 0 1 0.9276 1 1 0 0.0000 0.0000
2 98.5767 125.9519 2 3 0 0 0.8464 0 1 0 0.0000 0.0000
2 112.3647 123.1131 2 2 0 1 1.7400 1 1 0 0.0000 0.0000
2 112.4084 118.7632 4 1 0 0 1.0404 0 1 0 0.0000 0.0000
2 93.4160 96.6826 1 2 0 0 0.8347 0 1 0 0.0000 0.0000
2 68.7974 98.9162 1 3 0 0 0.8635 0 1 0 0.0000 0.0000
2 109.9944 128.7132 2 3 0 0 0.6847 0 1 0 0.0000 0.0000
2 88.1573 69.8247 3 3 0 1 1.7826 1 1 0 0.0000 0.0000
2 85.2607 84.4604 1 3 0 0 0.7799 0 1 0 0.0000 0.0000
2 94.9039 108.7768 2 1 0 0 1.5102 0 1 0 0.0000 0.0000
2 127.8129 85.9738 4 2 0 0 0.7562 0 1 0 0.0000 0.0000
2 90.2632 82.8812 3 1 0 0 0.7345 0 1 0 0.0000 0.0000
2 114.1970 77.1463 3 3 0 1 1.0489 1 1 0 0.0000 0.0000
2 118.3561 111.6363 4 1 0 0 0.7797 0 1 0 0.0000 0.0000
2 105.9102 134.8433 2 2 0 1 0.6949 1 1 0 0.0000 0.0000
2 81.6602 102.3989 1 1 0 1 0.7513 1 1 0 0.0000 0.0000
2 116.8181 91.3350 3 3 0 1 1.0649 1 1 0 0.0000 0.0000
2 101.8316 65.4209 3 1 0 0 0.8440 0 1 0 0.0000 0.0000
2 73.5563 72.2028 3 3 0 1 2.3279 1 1 0 0.0000 0.0000
2 97.8579 128.1863 2 2 0 1 1.7551 1 1 0 0.0000 0.0000
2 90.7772 75.4578 3 1 0 0 0.8478 0 1 0 0.0000 0.0000
2 106.3064 69.9625 3 2 0 0 1.0670 0 1 0 0.0000 0.0000
2 85.6089 129.0267 2 1 0 0 0.6533 0 1 0 0.0000 0.0000
2 136.1853 96.6623 4 3 0 0 1.0455 0 1 0 0.0000 0.0000
2 105.2905 110.1930 2 4 0 0 0.7574 0 1 0 0.0000 0.0000
2 87.4933 102.6541 1 3 0 0 0.8166 0 1 0 0.0000 0.0000
2 126.7152 117.4950 4 4 0 1 0.7506 1 1 0 0.0000 0.0000
2 87.4036 103.1563 1 3 0 0 1.5298 0 1 0 0.0000 0.0000
2 106.6255 68.2164 3 3 0 1 2.1697 1 1 0 0.0000 0.0000
2 93.0298 127.9223 2 1 0 0 0.8424 0 1 0 0.0000 0.0000
2 130.1129 92.5924 4 3 0 0 1.5749 0 1 0 0.0000 0.0000
2 70.8464 89.2329 1 2 0 0 1.0792 0 1 0 0.0000 0.0000
2 128.9701 121.7062 4 3 0 0 1.1136 0 1 0 0.0000 0.0000
2 74.2690 85.7949 1 1 0 1 0.7979 1 1 0 0.0000 0.0000
2 98.4734 67.9758 3 3 0 1 2.0743 1 1 0 0.0000 0.0000
2 108.3587 74.9542 3 3 0 1 0.8247 1 1 0 0.0000 0.0000
2 95.9064 128.1414 2 2 0 1 1.0942 1 1 0 0.0000 0.0000
2 54.7262 102.9481 1 2 0 0 1.5458 0 1 0 0.0000 0.0000
2 90.5905 64.5018 1 3 0 0 0.9517 0 1 0 0.0000 0.0000
2 83.5111 127.4984 2 3 0 0 1.0470 0 1 0 0.0000 0.0000
2 88.9937 55.4789 3 1 0 0 1.0981 0 1 0 0.0000 0.0000
2 110.4730 86.6673 3 1 0 0 0.8289 0 1 0 0.0000 0.0000
2 107.8462 71.1292 3 3 0 1 1.0169 1 1 0 0.0000 0.0000
2 117.3649 99.6703 4 1 0 0 0.8433 0 1 0 0.0000 0.0000
2 49.0672 104.1744 1 2 0 0 0.9360 0 1 0 0.0000 0.0000
2 99.8924 122.9074 2 2 0 1 0.9668 1 1 0 0.0000 0.0000
2 133.3841 95.1198 4 4 0 1 0.7427 1 1 0 0.0000 0.0000
2 71.3646 100.4742 1 2 0 0 1.1215 0 1 0 0.0000 0.0000
2 134.6237 92.0509 4 3 0 0 1.2385 0 1 0 0.0000 0.0000
2 105.2155 124.7106 2 4 0 0 0.5406 0 1 0 0.0000 0.0000
2 123.1753 102.4976 4 1 0 0 0.8817 0 1 0 0.0000 0.0000
2 124.1812 129.4869 4 2 0 0 0.9915 0 1 0 0.0000 0.0000
2 81.3666 54.0435 3 3 0 1 0.7526 1 1 0 0.0000 0.0000
2 100.2263 73.7651 3 1 0 0 0.8110 0 1 0 0.0000 0.0000
2 81.3311 81.8530 1 3 0 0 1.0794 0 1 0 0.0000 0.0000
2 90.9195 50.3999 3 3 0 1 0.8901 1 1 0 0.0000 0.0000
2 70.0570 97.8239 1 3 0 0 0.9361 0 1 0 0.0000 0.0000
2 75.8619 108.5506 1 1 0 1 1.1908 1 1 0 0.0000 0.0000
2 80.1687 102.4136 1 3 0 0 0.8940 0 1 0 0.0000 0.0000
2 81.4458 97.6135 1 1 0 1 1.1164 1 1 0 0.0000 0.0000
2 67.0568 102.8144 1 3 0 0 1.1528 0 1 0 0.0000 0.0000
2 127.0373 102.5313 4 4 0 1 1.7967 1 1 0 0.0000 0.0000
2 145.5079 105.0925 4 3 0 0 0.9227 0 1 0 0.0000 0.0000
2 101.9270 124.9169 2 4 0 0 0.7303 0 1 0 0.0000 0.0000
3 99.1364 69.9712 3 3 0 1 1.7263 1 1 0 0.0000 0.0000
3 91.4105 93.8808 3 1 0 0 0.9026 0 1 0 0.0000 0.0000
3 113.0291 96.0229 4 3 0 0 2.6777 0 1 0 0.0000 0.0000
3 137.3987 90.8951 4 4 0 1 0.8985 1 1 0 0.0000 0.0000
3 95.0812 129.7580 2 2 0 1 1.1381 1 1 0 0.0000 0.0000
3 94.1668 86.3556 3 1 0 0 1.3028 0 1 0 0.0000 0.0000
3 108.8706 89.0201 4 3 0 0 1.7125 0 1 0 0.0000 0.0000
3 64.3651 104.8376 1 2 0 0 1.2056 0 1 0 0.0000 0.0000
3 87.3606 68.2106 3 1 0 0 1.5484 0 1 0 0.0000 0.0000
3 71.1015 89.3096 1 3 0 0 1.1468 0 1 0 0.0000 0.0000
3 106.8346 93.8795 4 1 0 0 1.1835 0 1 0 0.0000 0.0000
3 87.3135 64.0285 3 1 0 0 0.9818 0 1 0 0.0000 0.0000
3 134.5390 105.2827 4 1 0 0 0.7899 0 1 0 0.0000 0.0000
3 98.1891 128.3366 2 2 0 1 0.6411 1 1 0 0.0000 0.0000
3 140.8232 100.9438 4 4 0 1 1.1290 1 1 0 0.0000 0.0000
3 97.5037 109.7229 2 1 0 0 1.8854 0 1 0 0.0000 0.0000
3 100.6753 135.6078 2 2 0 1 0.7566 1 1 0 0.0000 0.0000
3 63.4817 91.5669 1 2 0 0 0.7514 0 1 0 0.0000 0.0000
3 77.5715 109.9897 1 1 0 1 1.9138 1 1 0 0.0000 0.0000
3 52.2791 89.7587 1 2 0 0 0.8337 0 1 0 0.0000 0.0000
3 83.0973 99.6898 1 3 0 0 1.0549 0 1 0 0.0000 0.0000
3 91.8763 91.1651 1 1 0 1 0.7528 1 1 0 0.0000 0.0000
3 81.9811 122.2044 2 2 0 1 0.6360 1 1 0 0.0000 0.0000
3 75.5032 120.2016 1 1 0 1 0.9636 1 1 0 0.0000 0.0000
3 94.1610 140.3225 2 1 0 0 0.6907 0 1 0 0.0000 0.0000
3 82.7853 71.5963 3 3 0 1 0.6828 1 1 0 0.0000 0.0000
3 139.6484 97.5681 4 2 0 0 1.1235 0 1 0 0.0000 0.0000
3 94.5770 65.3457 3 3 0 1 0.9991 1 1 0 0.0000 0.0000
3 113.3018 55.9921 3 4 0 0 0.7118 0 1 0 0.0000 0.0000
3 80.0384 101.4079 1 1 0 1 0.5935 1 1 0 0.0000 0.0000
3 98.0211 135.4689 2 1 0 0 1.0949 0 1 0 0.0000 0.0000
3 138.9301 102.8864 4 2 0 0 0.4265 0 1 0 0.0000 0.0000
3 60.3511 114.3077 1 2 0 0 0.9721 0 1 0 0.0000 0.0000
3 63.0102 111.5537 1 1 0 1 1.0357 1 1 0 0.0000 0.0000
3 118.2760 134.3861 2 2 0 1 1.3253 1 1 0 0.0000 0.0000
3 69.7773 107.5104 1 3 0 0 2.2633 0 1 0 0.0000 0.0000
3 69.4482 106.4665 1 1 0 1 1.0004 1 1 0 0.0000 0.0000
3 64.0133 119.6554 1 1 0 1 0.9864 1 1 0 0.0000 0.0000
3 75.4131 94.6944 1 3 0 0 0.8744 0 1 0 0.0000 0.0000
3 80.5136 110.9438 1 1 0 1 1.0160 1 1 0 0.0000 0.0000
3 59.3703 85.0339 1 3 0 0 1.1772 0 1 0 0.0000 0.0000
3 137.0804 110.1187 4 4 0 1 0.7686 1 1 0 0.0000 0.0000
3 88.5755 154.7110 2 2 0 1 1.0358 1 1 0 0.0000 0.0000
3 100.1946 133.4809 2 3 0 0 0.9094 0 1 0 0.0000 0.0000
3 89.2490 78.6219 3 3 0 1 1.6766 1 1 0 0.0000 0.0000
3 103.2879 70.9612 3 1 0 0 0.7994 0 1 0 0.0000 0.0000
3 93.0651 64.7039 3 1 0 0 0.8429 0 1 0 0.0000 0.0000
3 94.8763 128.9719 2 2 0 1 1.0157 1 1 0 0.0000 0.0000
3 140.2754 107.0743 4 4 0 1 0.5049 1 1 0 0.0000 0.0000
3 89.8963 132.1882 2 2 0 1 1.3252 1 1 0 0.0000 0.0000
3 103.9174 117.3660 2 3 0 0 0.8233 0 1 0 0.0000 0.0000
3 89.3754 80.2530 3 1 0 0 1.0129 0 1 0 0.0000 0.0000
3 99.3557 122.9250 2 2 0 1 0.7092 1 1 0 0.0000 0.0000
3 97.0638 60.2841 3 4 0 0 0.4308 0 1 0 0.0000 0.0000
3 99.5317 110.2907 2 2 0 1 1.1219 1 1 0 0.0000 0.0000
3 60.9801 93.5680 1 1 0 1 1.2391 1 1 0 0.0000 0.0000
3 104.9284 74.3248 3 3 0 1 0.8766 1 1 0 0.0000 0.0000
3 94.3484 71.3368 3 4 0 0 0.6019 0 1 0 0.0000 0.0000
3 98.0288 118.9963 2 1 0 0 1.9367 0 1 0 0.0000 0.0000
3 103.8216 160.6784 2 4 0 0 0.9386 0 1 0 0.0000 0.0000
3 88.9110 106.8961 1 1 0 1 0.8894 1 1 0 0.0000 0.0000
3 88.1528 75.4018 3 3 0 1 0.8709 1 1 0 0.0000 0.0000
3 94.4080 49.6970 3 4 0 0 1.0613 0 1 0 0.0000 0.0000
3 97.2248 74.9069 3 4 0 0 1.1916 0 1 0 0.0000 0.0000
3 94.4599 89.8636 3 3 0 1 1.1328 1 1 0 0.0000 0.0000
3 126.1289 115.0799 4 1 0 0 2.0024 0 1 0 0.0000 0.0000
3 74.1213 97.4802 1 3 0 0 0.7488 0 1 0 0.0000 0.0000
3 94.2845 48.6109 3 4 0 0 1.6714 0 1 0 0.0000 0.0000
3 91.6309 131.5931 2 2 0 1 0.9227 1 1 0 0.0000 0.0000
3 107.2509 127.7588 2 2 0 1 0.7784 1 1 0 0.0000 0.0000
3 132.4728 91.2742 4 1 0 0 0.7731 0 1 0 0.0000 0.0000
3 80.0327 125.0308 2 2 0 1 1.2651 1 1 0 0.0000 0.0000
3 103.8987 52.9844 3 3 0 1 2.5355 1 1 0 0.0000 0.0000
3 105.3890 122.3535 2 2 0 1 0.7374 1 1 0 0.0000 0.0000
3 104.5617 56.6949 3 3 0 1 1.1950 1 1 0 0.0000 0.0000
3 123.6157 140.5805 2 2 0 1 0.6738 1 1 0 0.0000 0.0000
3 121.9180 85.3120 4 3 0 0 1.0985 0 1 0 0.0000 0.0000
3 116.7106 100.2723 4 1 0 0 0.9909 0 1 0 0.0000 0.0000
3 132.9935 87.5063 4 1 0 0 2.9584 0 1 0 0.0000 0.0000
3 132.9668 97.6630 4 3 0 0 1.6643 0 1 0 0.0000 0.0000
3 131.9336 115.7457 4 1 0 0 1.1236 0 1 0 0.0000 0.0000
3 74.1195 99.1445 1 2 0 0 1.6236 0 1 0 0.0000 0.0000
3 148.4004 105.7397 4 1 0 0 1.3539 0 1 0 0.0000 0.0000
3 115.8688 77.2415 3 1 0 0 2.2279 0 1 0 0.0000 0.0000
3 95.8101 77.8261 3 1 0 0 1.4130 0 1 0 0.0000 0.0000
3 136.6643 105.0332 4 3 0 0 1.1690 0 1 0 0.0000 0.0000
3 121.8181 81.1996 4 3 0 0 0.5834 0 1 0 0.0000 0.0000
3 99.0396 118.4244 2 3 0 0 0.7678 0 1 0 0.0000 0.0000
3 73.6090 100.0768 1 3 0 0 0.9706 0 1 0 0.0000 0.0000
3 89.6707 66.7162 3 1 0 0 1.2281 0 1 0 0.0000 0.0000
3 146.5705 88.5627 4 4 0 1 1.1848 1 1 0 0.0000 0.0000
3 129.4118 107.4261 4 3 0 0 1.2549 0 1 0 0.0000 0.0000
3 63.6398 102.4741 1 3 0 0 0.8460 0 1 0 0.0000 0.0000
3 108.8790 128.9527 2 2 0 1 1.2596 1 1 0 0.0000 0.0000
3 119.6669 98.9626 4 1 0 0 1.0116 0 1 0 0.0000 0.0000
3 113.3941 91.5610 4 3 0 0 0.7891 0 1 0 0.0000 0.0000
3 100.1202 137.3844 2 2 0 1 0.7856 1 1 0 0.0000 0.0000
3 67.0555 109.5032 1 1 0 1 0.9887 1 1 0 0.0000 0.0000
3 109.2990 94.7243 4 3 0 0 0.8290 0 1 0 0.0000 0.0000
3 63.4358 97.9667 1 3 0 0 1.2578 0 1 0 0.0000 0.0000
4 104.5539 75.9852 3 3 3 1 1.3745 1 0 0 0.0000 0.0000
4 74.1058 102.7346 1 1 1 1 1.3040 1 0 0 0.0000 0.0000
4 58.2609 103.3889 1 2 4 0 1.8413 0 0 0 0.0000 0.0000
4 88.5654 90.1056 1 1 4 1 0.9360 0 0 0 0.0000 0.0000
4 111.7206 105.1756 4 1 4 0 1.1432 0 0 0 0.0000 0.0000
4 84.3613 143.2540 2 2 2 1 1.1160 1 0 0 0.0000 0.0000
4 76.5329 94.4930 1 3 3 0 1.7931 1 0 0 0.0000 0.0000
4 104.7563 75.8659 3 4 2 0 0.4371 0 0 0 0.0000 0.0000
4 70.9801 97.4984 1 1 3 1 1.4163 0 0 0 0.0000 0.0000
4 100.5722 59.0357 3 3 3 1 1.5566 1 0 0 0.0000 0.0000
4 88.6888 98.2993 1 2 2 0 2.7886 1 0 0 0.0000 0.0000
4 97.3913 130.7559 2 2 3 1 0.7718 0 0 0 0.0000 0.0000
4 135.9208 94.1744 4 4 3 1 1.4074 0 0 0 0.0000 0.0000
4 126.1796 107.6207 4 3 4 0 1.1461 0 0 0 0.0000 0.0000
4 53.2597 97.6524 1 3 2 0 2.9433 0 0 0 0.0000 0.0000
4 106.3317 61.3886 3 4 1 0 1.9396 0 0 0 0.0000 0.0000
4 107.7403 151.8154 2 2 2 1 0.6520 1 0 0 0.0000 0.0000
4 92.9046 122.1020 2 1 4 0 1.2046 0 0 0 0.0000 0.0000
4 125.3602 108.8345 4 3 2 0 0.7156 0 0 0 0.0000 0.0000
4 109.4130 86.6045 3 3 1 1 1.9743 0 0 0 0.0000 0.0000
4 58.3275 73.3529 1 3 3 0 2.3050 1 0 0 0.0000 0.0000
4 79.8961 81.1035 3 3 3 1 1.3007 1 0 0 0.0000 0.0000
4 104.7658 137.1957 2 1 1 0 0.7501 1 0 0 0.0000 0.0000
4 96.4990 80.8376 3 3 4 1 1.0651 0 0 0 0.0000 0.0000
4 97.3481 129.1895 2 2 4 1 1.0042 0 0 0 0.0000 0.0000
4 132.6607 101.5893 4 1 3 0 0.5090 0 0 0 0.0000 0.0000
4 104.4554 125.8732 2 1 1 0 1.2330 1 0 0 0.0000 0.0000
4 100.2814 82.6420 3 3 4 1 0.7433 0 0 0 0.0000 0.0000
4 78.0756 96.2654 1 3 1 0 1.8904 0 0 0 0.0000 0.0000
4 78.2270 104.3290 1 1 1 1 1.0352 1 0 0 0.0000 0.0000
4 143.6517 112.9284 4 4 4 1 1.0384 1 0 0 0.0000 0.0000
4 129.3278 121.8224 4 4 1 1 1.6964 0 0 0 0.0000 0.0000
4 96.4548 124.9745 2 3 1 0 1.3315 0 0 0 0.0000 0.0000
4 95.1936 94.8259 3 3 1 1 1.3562 0 0 0 0.0000 0.0000
4 126.4884 92.9181 4 4 2 1 0.8563 0 0 0 0.0000 0.0000
4 75.8624 81.3255 1 1 3 1 1.2058 0 0 0 0.0000 0.0000
4 58.3788 84.3613 1 3 4 0 1.1638 0 0 0 0.0000 0.0000
4 101.5459 83.4905 3 1 2 0 1.4258 0 0 0 0.0000 0.0000
4 75.6848 119.7178 1 2 1 0 0.9582 0 0 0 0.0000 0.0000
4 74.2789 93.9803 1 3 3 0 0.7506 1 0 0 0.0000 0.0000
4 127.1002 108.3619 4 2 4 0 1.6741 0 0 0 0.0000 0.0000
4 94.1701 78.6328 3 1 2 0 0.7161 0 0 0 0.0000 0.0000
4 121.4979 110.0468 4 3 4 0 0.9009 0 0 0 0.0000 0.0000
4 102.5889 83.5736 3 3 2 1 0.8189 0 0 0 0.0000 0.0000
4 101.1555 128.3788 2 4 2 0 1.1204 0 0 0 0.0000 0.0000
4 119.7651 117.6533 2 4 3 0 0.8840 0 0 0 0.0000 0.0000
4 122.1147 103.2817 4 3 1 0 0.9467 0 0 0 0.0000 0.0000
4 102.1152 59.2238 3 3 3 1 0.8516 1 0 0 0.0000 0.0000
4 95.0387 77.2566 3 1 3 0 0.5611 0 0 0 0.0000 0.0000
4 104.8673 128.2429 2 2 1 1 0.9507 0 0 0 0.0000 0.0000
4 103.0292 121.9929 2 1 2 0 0.9986 0 0 0 0.0000 0.0000
4 72.5069 95.0757 1 3 3 0 1.3670 1 0 0 0.0000 0.0000
4 114.0260 71.2138 3 4 4 0 3.8265 1 0 0 0.0000 0.0000
4 100.2872 72.8516 3 3 4 1 2.1085 0 0 0 0.0000 0.0000
4 130.3035 108.1081 4 2 4 0 1.1145 0 0 0 0.0000 0.0000
4 68.9197 110.3770 1 1 4 1 1.4076 0 0 0 0.0000 0.0000
4 85.6290 129.7241 2 2 4 1 0.9544 0 0 0 0.0000 0.0000
4 69.1136 108.5233 1 1 4 1 1.2100 0 0 0 0.0000 0.0000
4 104.8418 64.5808 3 3 4 1 0.8804 0 0 0 0.0000 0.0000
4 84.6467 111.4268 1 1 2 1 1.1675 0 0 0 0.0000 0.0000
4 92.5878 154.2830 2 2 1 1 0.6927 0 0 0 0.0000 0.0000
4 103.2945 76.8177 3 4 2 0 0.9743 0 0 0 0.0000 0.0000
4 140.1412 112.9269 4 2 1 0 0.8631 0 0 0 0.0000 0.0000
4 105.5620 113.2681 2 1 3 0 1.0851 0 0 0 0.0000 0.0000
4 93.9370 62.4624 3 3 2 1 1.6802 0 0 0 0.0000 0.0000
4 107.2683 82.1691 3 3 2 1 0.8990 0 0 0 0.0000 0.0000
4 121.3137 98.8788 4 1 3 0 0.9310 0 0 0 0.0000 0.0000
4 63.2691 104.2814 1 1 1 1 5.4736 1 0 0 0.0000 0.0000
4 110.4242 97.2032 4 4 4 1 1.1418 1 0 0 0.0000 0.0000
4 66.9476 106.2204 1 3 1 0 1.4988 0 0 0 0.0000 0.0000
4 107.4892 144.6437 2 2 3 1 3.6248 0 0 0 0.0000 0.0000
4 136.6421 100.5962 4 3 4 0 0.7980 0 0 0 0.0000 0.0000
4 71.9726 116.2312 1 2 3 0 1.0519 0 0 0 0.0000 0.0000
4 105.0474 72.4231 3 4 1 0 1.1667 0 0 0 0.0000 0.0000
4 90.7274 115.0446 2 1 3 0 1.0931 0 0 0 0.0000 0.0000
4 99.8741 116.0471 2 1 1 0 0.9835 1 0 0 0.0000 0.0000
4 135.8160 105.1594 4 2 4 0 1.2406 0 0 0 0.0000 0.0000
4 104.8713 112.1152 2 1 2 0 1.1837 0 0 0 0.0000 0.0000
4 111.5165 115.1448 2 2 4 1 0.8530 0 0 0 0.0000 0.0000
4 68.4902 100.3769 1 1 1 1 1.0745 1 0 0 0.0000 0.0000
4 132.7079 98.4518 4 4 1 1 0.9180 0 0 0 0.0000 0.0000
4 101.5544 85.0108 3 1 1 0 0.9488 1 0 0 0.0000 0.0000
4 124.4834 113.4982 4 2 4 0 1.9552 0 0 0 0.0000 0.0000
4 136.6877 95.0447 4 4 1 1 1.1648 0 0 0 0.0000 0.0000
4 126.8054 79.3947 4 4 2 1 0.9948 0 0 0 0.0000 0.0000
4 63.8414 99.9808 1 1 2 1 0.6276 0 0 0 0.0000 0.0000
4 146.6449 104.1139 4 3 2 0 1.5450 0 0 0 0.0000 0.0000
4 86.8404 95.0285 3 3 1 1 0.9675 0 0 0 0.0000 0.0000
4 104.4290 118.4309 2 2 2 1 0.7767 1 0 0 0.0000 0.0000
4 123.5913 90.9964 3 1 2 0 1.1402 0 0 0 0.0000 0.0000
4 107.4919 124.2660 2 2 2 1 0.7286 1 0 0 0.0000 0.0000
4 87.1385 149.7429 2 3 4 0 1.1862 0 0 0 0.0000 0.0000
4 95.5324 124.7046 2 1 2 0 2.6478 0 0 0 0.0000 0.0000
4 70.9591 107.6042 1 1 3 1 1.1233 0 0 0 0.0000 0.0000
4 101.9013 52.5659 3 3 2 1 1.0952 0 0 0 0.0000 0.0000
4 122.3346 91.6734 4 1 3 0 0.8120 0 0 0 0.0000 0.0000
4 130.4596 86.2393 4 4 4 1 0.8400 1 0 0 0.0000 0.0000
4 86.3785 114.4504 1 1 4 1 1.3976 0 0 0 0.0000 0.0000
4 86.1985 132.7623 2 2 4 1 0.9296 0 0 0 0.0000 0.0000
4 119.2084 107.1740 4 4 3 1 0.9615 0 0 0 0.0000 0.0000
5 63.6886 99.3253 1 4 1 0 2.9378 0 0 1 8.5393 1.0000
5 112.8350 144.2134 2 1 2 0 2.2052 0 0 1 3.1173 1.0000
5 106.5160 71.4494 3 1 3 0 3.5823 0 0 0 2.5318 0.6667
5 102.2557 91.8934 3 2 1 0 2.7115 0 0 0 1.1257 0.5000
5 103.0627 66.6268 3 1 2 0 2.9157 0 0 0 0.8076 0.4000
5 113.9239 134.0780 2 2 2 1 3.3905 1 0 0 4.0943 0.3333
5 104.3078 130.6184 2 2 2 1 2.6980 1 0 0 0.8571 0.2857
5 112.8966 126.8406 2 2 1 1 3.8727 0 0 0 0.4935 0.2500
5 138.1050 78.6352 4 1 3 0 1.8687 0 0 0 4.4541 0.2222
5 135.2789 131.4748 4 2 2 0 3.2565 1 0 1 1.3652 0.3000
5 127.2725 101.2891 4 1 3 0 4.4413 0 0 1 2.3712 0.3636
5 129.2654 80.7698 4 3 4 0 4.2727 0 0 1 3.4455 0.4167
5 84.2333 137.9453 2 2 3 1 2.5417 0 0 1 1.5107 0.4615
5 121.8793 109.9178 4 1 1 0 2.3813 1 0 1 1.3150 0.5000
5 138.7935 110.5281 4 4 3 1 6.3409 0 0 1 1.3428 0.5333
5 140.3759 105.7105 4 3 3 0 2.8813 1 0 1 1.0100 0.5625
5 103.4926 123.8252 2 2 3 1 2.6039 0 0 1 1.6556 0.5882
5 78.1628 109.6438 1 1 4 1 2.0815 0 0 1 2.4302 0.6111
5 80.5237 83.7751 3 4 4 0 3.9007 1 0 1 1.3525 0.6316
5 64.0041 91.5645 1 1 4 1 2.9078 0 0 1 1.1174 0.6500
5 105.6702 73.1600 3 3 1 1 4.4261 0 0 0 0.9793 0.6190
5 91.3367 66.3946 3 4 4 0 2.4923 1 0 1 1.6035 0.6364
5 129.6642 100.7962 4 2 4 0 5.6919 0 0 1 1.4623 0.6522
5 93.1776 65.4764 3 4 1 0 1.6594 0 0 1 1.5493 0.6667
5 88.8389 138.9016 2 2 3 1 1.7651 0 0 1 1.3862 0.6800
5 86.3858 114.7453 1 1 4 1 2.6387 0 0 1 1.2569 0.6923
5 79.9215 80.1434 1 3 3 0 4.5373 1 0 1 1.1251 0.7037
5 123.1581 86.3214 3 4 1 0 1.9547 0 0 1 1.3403 0.7143
5 73.7486 110.4400 1 2 2 0 3.2471 1 0 1 1.0663 0.7241
5 117.2242 127.3864 2 2 2 1 2.6935 1 0 0 0.9614 0.7000
5 53.1331 82.5922 1 1 1 1 2.1222 1 0 1 1.6881 0.7097
5 103.5760 77.8437 3 4 2 0 1.6352 0 0 1 1.8929 0.7188
5 106.8019 73.1424 3 3 3 1 3.4293 1 0 1 0.6925 0.7273
5 92.5239 112.3685 2 1 1 0 3.3820 1 0 1 0.8844 0.7353
5 95.8447 83.3202 3 3 1 1 3.9466 0 0 1 1.2075 0.7429
5 137.0168 95.2159 4 4 3 1 2.4391 0 0 1 1.5329 0.7500
5 127.7061 107.1893 4 1 2 0 1.8757 0 0 1 1.2914 0.7568
5 98.0313 85.9155 3 3 3 1 3.4202 1 0 1 0.7629 0.7632
5 105.8389 59.3266 3 3 1 1 3.0382 0 0 1 0.8672 0.7692
5 64.8654 97.4523 1 1 3 1 1.9450 0 0 1 0.7216 0.7750
5 114.0655 154.3119 2 2 1 1 2.0369 0 0 1 1.3447 0.7805
5 76.1655 80.2105 1 3 2 0 2.3716 0 0 1 0.8883 0.7857
5 89.4633 121.3259 2 3 3 0 1.9187 1 0 1 1.2870 0.7907
5 97.0720 123.3270 2 3 4 0 4.5042 0 0 1 1.5389 0.7955
5 107.4894 67.7759 3 3 3 1 2.7786 1 0 1 0.8413 0.8000
5 113.6511 134.4659 2 3 2 0 1.6310 0 0 1 1.3120 0.8043
5 140.5597 95.9058 4 4 1 1 6.5296 0 0 1 1.1043 0.8085
5 124.5032 100.2541 4 3 3 0 2.9248 1 0 1 1.5995 0.8125
5 91.3928 137.1108 2 3 3 0 3.0322 1 0 1 1.5170 0.8163
5 67.7185 92.3521 1 1 4 1 5.2993 0 0 1 0.8829 0.8200
5 85.7585 122.9180 2 2 4 1 4.9056 0 0 1 1.3904 0.8235
5 92.0560 65.2067 3 3 1 1 3.3777 0 0 1 2.4315 0.8269
5 90.3402 116.8999 1 2 2 0 5.4056 1 0 1 0.9755 0.8302
5 128.0394 100.6980 4 2 1 0 2.3123 0 0 1 0.7625 0.8333
5 87.3270 119.1106 2 3 3 0 2.6221 1 0 1 1.2245 0.8364
5 124.4760 113.3694 4 3 1 0 1.8798 0 0 1 1.6477 0.8393
5 65.2252 109.4380 1 3 4 0 1.6912 0 0 1 2.6372 0.8421
5 74.0738 99.6458 1 3 4 0 4.1285 0 0 1 0.8655 0.8448
5 101.6947 71.4132 3 2 4 0 2.0078 0 0 1 1.2195 0.8475
5 113.2000 100.1867 4 4 3 1 3.9070 0 0 1 2.4307 0.8500
5 71.7453 107.3721 1 3 2 0 3.3253 0 0 1 1.6269 0.8525
5 117.8498 104.5631 4 4 1 1 1.8771 0 0 1 1.0533 0.8548
5 95.4788 69.3943 3 1 2 0 3.7840 0 0 1 1.1528 0.8571
5 70.7232 116.5256 1 2 1 0 3.6780 0 0 0 1.7484 0.8438
5 127.7091 94.5345 4 3 2 0 3.4411 0 0 1 0.9914 0.8462
5 79.5867 92.3888 1 1 3 1 6.9370 0 0 1 0.9778 0.8485
5 96.0057 70.3104 3 3 2 1 3.3546 0 0 1 1.6400 0.8507
5 112.2636 78.2404 3 4 1 0 3.9868 0 0 1 1.1680 0.8529
5 98.1793 69.0923 3 3 4 1 5.7093 0 0 1 0.7106 0.8551
5 122.0819 84.6832 4 2 3 0 2.5846 0 0 1 0.9790 0.8571
5 101.9040 83.9635 3 3 4 1 3.1639 0 0 1 1.0613 0.8592
5 77.0563 105.1720 1 1 3 1 4.1758 0 0 1 1.0436 0.8611
5 113.0986 110.6975 2 1 2 0 2.4944 0 0 1 1.5584 0.8630
5 100.7278 116.5772 2 1 4 0 3.1980 0 0 1 0.8875 0.8649
5 79.8248 110.0313 1 2 1 0 4.2223 0 0 0 0.7075 0.8533
5 75.2274 96.2135 1 3 2 0 1.3819 0 0 1 1.3442 0.8553
5 71.6742 104.6640 1 1 4 1 3.9379 0 0 1 1.1026 0.8571
5 103.6137 74.1008 3 3 3 1 3.0835 1 0 1 0.8336 0.8590
5 101.7649 128.0355 2 2 3 1 4.4398 0 0 0 0.9124 0.8481
5 109.8880 115.3438 2 3 1 0 3.1437 0 0 1 2.5270 0.8500
5 90.6607 114.7931 2 2 2 1 3.6800 1 0 1 2.5666 0.8519
5 88.6969 141.3633 2 2 1 1 2.0087 0 0 1 1.3166 0.8537
5 87.7027 99.6187 1 3 2 0 7.7981 0 0 1 1.7817 0.8554
5 125.7579 107.7674 4 3 2 0 6.7387 0 0 0 1.6868 0.8452
5 97.7604 139.6673 2 2 2 1 2.2417 1 0 1 2.0831 0.8471
5 100.1930 132.4558 2 2 2 1 2.2967 1 0 1 2.4754 0.8488
5 118.3336 94.6428 4 4 2 1 4.4427 0 0 1 0.9166 0.8506
5 70.5587 113.6624 1 1 4 1 3.4522 0 0 1 0.9885 0.8523
5 131.2149 122.0328 4 2 2 0 7.0461 1 0 1 0.9293 0.8539
5 89.9558 64.8627 3 3 1 1 5.4336 0 0 1 1.5004 0.8556
5 98.8722 73.9907 3 4 4 0 3.0274 1 0 1 1.3682 0.8571
5 102.9168 122.0853 2 2 1 1 4.4114 0 0 0 1.7798 0.8478
5 66.1666 70.6993 1 4 1 0 3.0090 0 0 1 1.9094 0.8495
5 124.0902 118.9130 4 2 1 0 4.8864 0 0 1 3.5956 0.8511
5 57.9441 87.1006 1 4 4 0 3.0319 1 0 1 1.6287 0.8526
5 143.6140 95.9601 4 3 4 0 3.3664 0 0 1 1.5402 0.8542
5 123.5941 102.7619 4 4 1 1 2.0274 0 0 1 1.0786 0.8557
5 103.3468 81.9164 3 1 3 0 4.5463 0 0 1 1.1669 0.8571
5 39.4733 74.9602 1 4 1 0 7.4525 0 0 1 0.8505 0.8586
5 121.1033 94.5771 4 3 1 0 3.7528 0 0 1 1.2155 0.8600
6 87.9524 84.3511 1 4 2 0 2.8092 0 0 1 1.0490 0.8614
6 90.9948 70.2116 3 3 4 1 3.6359 0 0 1 3.9601 0.8627
6 110.4685 121.2093 2 3 4 0 6.7337 0 0 1 0.8172 0.8641
6 75.7972 136.1125 2 4 1 0 1.8780 0 0 1 1.2296 0.8654
6 124.8026 92.4396 4 3 2 0 2.0932 0 0 1 1.3055 0.8667
6 74.0931 102.4500 1 2 3 0 3.7547 0 0 1 0.9146 0.8679
6 82.9756 154.2510 2 4 2 0 6.4102 0 0 1 0.9654 0.8692
6 134.8970 112.8241 4 1 3 0 6.2380 0 0 1 1.5432 0.8704
6 122.2716 97.8254 4 4 1 1 3.0064 0 0 1 0.7556 0.8716
6 87.7432 121.7098 2 4 4 0 1.6232 1 0 0 1.1284 0.8636
6 101.7032 60.1956 3 4 3 0 8.4216 0 0 1 0.9812 0.8649
6 133.6609 106.8919 4 2 4 0 2.9907 0 0 1 1.4909 0.8661
6 117.0446 134.5159 2 2 1 1 5.0334 0 0 1 3.1212 0.8673
6 122.0531 99.8556 4 4 4 1 2.0173 1 0 1 0.8128 0.8684
6 97.3704 74.7911 3 3 1 1 2.0492 0 0 1 3.0043 0.8696
6 101.1053 71.3264 3 3 2 1 3.8972 0 0 0 0.7403 0.8621
6 94.9339 58.1167 3 4 3 0 2.9667 0 0 1 1.8502 0.8632
6 96.1417 70.8354 3 1 3 0 9.6418 0 0 0 0.8742 0.8559
6 116.6820 143.1406 2 2 4 1 4.8323 0 0 0 0.9972 0.8487
6 110.6129 128.7154 2 4 1 0 5.2947 0 0 1 0.9098 0.8500
6 70.1847 112.6640 1 4 3 0 3.7818 0 0 1 0.8939 0.8512
6 123.5472 93.8877 4 3 1 0 3.2374 0 0 1 1.3910 0.8525
6 62.6681 107.7355 1 4 2 0 2.7068 0 0 1 1.8239 0.8537
6 102.9579 73.3276 3 4 2 0 2.9107 0 0 1 1.1045 0.8548
6 133.5661 96.3853 4 1 4 0 3.6287 0 0 1 0.8647 0.8560
6 92.0338 75.2069 3 4 2 0 2.0229 0 0 1 0.8031 0.8571
6 124.0074 108.1929 4 3 4 0 6.1202 0 0 1 1.0843 0.8583
6 113.1897 81.5377 4 4 4 1 2.6317 1 0 1 1.5069 0.8594
6 101.1719 119.2859 2 1 3 0 2.3773 0 0 1 1.4541 0.8605
6 104.9786 107.9879 2 3 3 0 5.3636 1 0 1 0.9484 0.8615
6 78.2750 98.0735 1 4 3 0 3.7088 0 0 1 0.8671 0.8626
6 90.7604 118.0055 2 1 1 0 5.5452 1 0 1 1.9195 0.8636
6 77.6529 103.1860 1 3 2 0 5.4246 0 0 1 1.3625 0.8647
6 86.6962 51.7089 3 4 1 0 3.0617 0 0 1 2.3152 0.8657
6 77.5306 86.0670 1 2 3 0 9.6226 0 0 1 1.0136 0.8667
6 67.2599 96.2754 1 4 2 0 3.1994 0 0 1 4.2170 0.8676
6 90.7955 75.5635 3 4 2 0 2.5007 0 0 1 1.2278 0.8686
6 88.9286 109.5578 2 2 3 1 4.5235 0 0 1 0.8233 0.8696
6 89.2050 134.1374 2 1 3 0 3.0042 0 0 1 1.8404 0.8705
6 126.2764 83.8192 4 1 2 0 7.9992 0 0 1 1.0443 0.8714
6 94.8941 72.0194 3 1 1 0 4.6387 1 0 1 1.7254 0.8723
6 120.1177 97.7777 4 4 2 1 2.4738 0 0 0 2.1758 0.8662
6 147.2658 83.1370 4 4 3 1 2.8242 0 0 1 1.9437 0.8671
6 63.8999 101.5863 1 1 3 1 3.3532 0 0 1 2.2472 0.8681
6 90.4904 90.7713 1 3 3 0 3.4891 1 0 1 3.7619 0.8690
6 99.8400 81.4098 3 4 1 0 5.4100 0 0 1 2.1958 0.8699
6 95.6356 122.0070 2 1 1 0 3.7235 1 0 1 1.4909 0.8707
6 65.2718 109.8442 1 1 4 1 2.5049 0 0 1 2.1291 0.8716
6 94.9933 68.5995 3 1 2 0 7.9438 0 0 1 1.0356 0.8725
6 107.1687 132.0388 2 2 4 1 5.9745 0 0 1 0.8399 0.8733
6 106.4592 68.8722 3 3 3 1 4.4775 1 0 1 2.2954 0.8742
6 135.3254 107.9271 4 3 4 0 5.7777 0 0 1 1.3733 0.8750
6 113.7347 110.0741 4 1 4 0 3.1845 0 0 1 1.4976 0.8758
6 81.7712 111.1103 1 3 4 0 6.3197 0 0 1 1.0183 0.8766
6 110.5923 67.3542 3 1 3 0 4.9174 0 0 1 2.4591 0.8774
6 100.6883 64.5680 3 3 1 1 3.0022 0 0 1 1.2625 0.8782
6 94.5967 82.4114 3 1 4 0 3.2466 0 0 1 1.0488 0.8790
6 108.7611 66.5369 3 3 2 1 5.2199 0 0 1 1.3136 0.8797
6 96.4923 64.0008 3 4 4 0 5.8277 1 0 1 1.4404 0.8805
6 125.0520 99.4714 4 3 4 0 5.6051 0 0 1 2.0599 0.8812
6 125.4987 91.7156 4 4 1 1 3.6166 0 0 1 0.8525 0.8820
6 91.9709 124.1509 2 1 1 0 2.0111 1 0 1 1.7341 0.8827
6 154.9917 97.4097 4 4 3 1 5.2673 0 0 1 0.7852 0.8834
6 68.8092 92.9212 1 1 2 1 3.7655 0 0 1 0.7326 0.8841
6 111.4199 105.7905 4 3 2 0 4.1752 0 0 1 0.8974 0.8848
6 118.4548 107.2515 4 1 4 0 2.4726 0 0 1 0.6878 0.8855
6 120.7779 94.1121 4 3 1 0 5.2974 0 0 1 1.1997 0.8862
6 66.6809 92.0205 1 1 4 1 3.2305 0 0 1 1.3060 0.8869
6 108.7283 146.0765 2 2 2 1 6.2201 1 0 1 0.8188 0.8876
6 119.9412 80.9812 3 4 4 0 2.2799 1 0 1 0.8744 0.8882
6 73.6712 95.8782 1 1 2 1 3.3291 0 0 1 1.5338 0.8889
6 54.5403 100.5869 1 4 2 0 3.2214 0 0 1 0.7994 0.8895
6 110.8904 77.7991 3 3 3 1 3.7323 1 0 1 0.7145 0.8902
6 63.4951 112.7103 1 3 3 0 2.5085 1 0 1 0.8044 0.8908
6 107.4212 77.5781 3 1 2 0 5.1445 0 0 1 0.9475 0.8914
6 97.8026 130.4800 2 2 2 1 2.3800 1 0 1 0.6566 0.8920
6 95.7107 96.6214 1 4 4 0 2.1300 1 0 1 2.8798 0.8927
6 55.9682 101.5119 1 4 2 0 2.6335 0 0 1 0.9489 0.8933
6 65.5803 106.6743 1 1 3 1 1.5330 0 0 1 1.5156 0.8939
6 144.1202 106.3873 4 3 1 0 1.7947 0 0 1 0.7597 0.8944
6 71.0004 111.1560 1 1 2 1 3.2584 0 0 1 1.7972 0.8950
6 133.9920 82.4607 4 4 3 1 4.1147 0 0 1 1.4597 0.8956
6 96.8514 93.5220 1 3 1 0 2.0580 0 0 1 0.7900 0.8962
6 84.3642 77.5642 3 1 4 0 2.3462 0 0 1 1.2302 0.8967
6 69.6821 91.3549 1 1 4 1 3.2458 0 0 1 0.6973 0.8973
6 108.1576 121.1709 2 1 1 0 3.7874 1 0 1 1.7320 0.8978
6 80.1447 103.8121 1 1 4 1 5.2484 0 0 1 1.0388 0.8984
6 136.6758 89.3931 4 4 4 1 2.7299 1 0 1 0.8071 0.8989
6 104.7057 119.4283 2 1 4 0 1.8356 0 0 1 0.7874 0.8995
6 102.0468 85.1780 3 3 4 1 1.9920 0 0 1 0.8990 0.9000
6 95.0595 146.4255 2 1 3 0 2.3614 0 0 1 0.8937 0.9005
6 136.7401 101.5012 4 3 3 0 2.7735 1 0 1 1.7953 0.9010
6 111.8528 115.5680 2 3 3 0 3.7129 1 0 1 0.8066 0.9016
6 91.9341 128.1148 2 1 3 0 1.4837 0 0 1 2.2180 0.9021
6 98.0162 72.5907 3 3 3 1 3.7787 1 0 1 1.1627 0.9026
6 131.4001 98.8049 4 1 1 0 2.7119 1 0 1 2.3086 0.9031
6 108.8770 124.8040 2 2 1 1 3.3114 0 0 1 0.7477 0.9036
6 79.8331 109.3147 1 1 3 1 3.0069 0 0 1 0.9798 0.9040
6 118.5892 107.7876 2 4 2 0 2.1412 0 0 1 0.8116 0.9045
6 90.9880 115.6455 2 3 1 0 2.3044 0 0 1 1.8107 0.9050
7 116.2361 104.3239 4 3 1 0 2.6598 0 0 1 1.7749 0.9055
7 88.4604 132.3513 2 1 4 0 2.2037 0 0 1 1.4195 0.9059
7 72.5890 103.3064 1 3 1 0 1.7762 0 0 1 1.2209 0.9064
7 101.5874 128.6738 2 2 3 1 2.1800 0 0 1 0.9472 0.9069
7 116.0171 54.0204 3 4 1 0 1.9308 0 0 1 1.4596 0.9073
7 99.2218 84.4636 3 1 3 0 2.9850 0 0 1 1.1011 0.9078
7 111.2919 71.9448 3 1 4 0 1.6415 0 0 1 0.8438 0.9082
7 80.3229 104.6976 1 3 1 0 1.7767 0 0 1 1.7983 0.9087
7 87.5448 133.7851 2 1 3 0 2.0843 0 0 1 1.6826 0.9091
7 124.2482 90.8835 4 2 2 0 6.7968 1 0 1 1.0590 0.9095
7 106.9334 125.3360 2 1 2 0 2.1741 0 0 1 1.9016 0.9100
7 82.7276 60.7880 3 3 2 1 2.1904 0 0 1 1.8695 0.9104
7 74.4528 101.6761 1 1 3 1 3.6450 0 0 1 1.6986 0.9108
7 135.3313 94.3023 4 1 3 0 3.8385 0 0 1 0.7449 0.9112
7 65.6183 91.4331 1 4 1 0 1.6436 0 0 1 1.5809 0.9116
7 106.7931 73.1952 3 1 2 0 2.3089 0 0 1 0.8884 0.9120
7 106.3990 126.8403 2 1 3 0 1.3275 0 0 0 0.9056 0.9078
7 139.5657 102.7081 4 2 1 0 2.4328 0 0 1 1.2380 0.9083
7 97.6917 64.1212 3 4 4 0 5.0783 1 0 1 1.1690 0.9087
7 110.6893 65.7843 3 4 3 0 1.5347 0 0 1 0.7490 0.9091
7 88.0723 90.5523 3 3 4 1 1.4056 0 0 1 1.0192 0.9095
7 64.8705 105.0281 1 1 4 1 2.3254 0 0 1 0.8729 0.9099
7 116.8400 79.5157 3 1 3 0 3.2472 0 0 1 1.2740 0.9103
7 129.2816 110.8507 4 3 3 0 2.3299 1 0 1 1.0684 0.9107
7 114.6830 141.2372 2 1 3 0 4.7761 0 0 1 1.8978 0.9111
7 56.4131 94.2644 1 2 3 0 3.1143 0 0 1 0.8814 0.9115
7 95.8491 76.6500 3 1 3 0 3.6243 0 0 1 1.4685 0.9119
7 59.6690 94.7477 1 3 4 0 7.7936 0 0 1 0.7365 0.9123
7 85.8959 100.2280 1 1 2 1 5.0440 0 0 1 1.1332 0.9127
7 71.8706 91.0002 1 2 3 0 2.6659 0 0 1 1.0143 0.9130
7 95.0873 138.8186 2 2 2 1 4.7046 1 0 1 0.8970 0.9134
7 75.9614 119.5233 1 2 4 0 2.0247 0 0 1 1.5233 0.9138
7 140.9303 83.2723 4 1 3 0 3.8821 0 0 1 0.8221 0.9142
7 104.3017 71.1701 3 1 4 0 2.9383 0 0 1 1.5328 0.9145
7 133.6930 86.1741 4 3 1 0 2.1000 0 0 1 1.5375 0.9149
7 93.8110 81.9111 3 1 2 0 1.2246 0 0 0 0.9771 0.9110
7 95.9106 133.0822 2 2 4 1 3.8026 0 0 1 1.0762 0.9114
7 89.6134 63.6083 3 3 4 1 2.9755 0 0 1 0.7869 0.9118
7 71.8123 78.3524 1 1 4 1 1.8154 0 0 1 0.7809 0.9121
7 110.7196 116.0871 2 4 1 0 3.0728 0 0 1 1.0476 0.9125
7 118.1874 104.7384 4 3 2 0 1.9697 0 0 1 2.5072 0.9129
7 107.9136 64.3814 3 1 1 0 2.2834 1 0 1 0.7175 0.9132
7 91.0872 110.3567 2 3 2 0 1.5040 0 0 0 2.3978 0.9095
7 125.0165 87.0374 4 3 4 0 3.0998 0 0 1 0.6430 0.9098
7 57.3956 106.8825 1 4 1 0 1.7639 0 0 1 0.6801 0.9102
7 93.6683 67.5234 3 3 1 1 3.3221 0 0 0 1.2706 0.9065
7 87.6377 87.8999 1 1 2 1 7.3833 0 0 1 0.7808 0.9069
7 100.9880 121.5908 2 1 4 0 6.2248 0 0 1 1.1939 0.9073
7 127.5829 95.3633 4 3 4 0 1.6723 0 0 1 0.6990 0.9076
7 128.0954 100.7774 4 3 1 0 2.4931 0 0 1 1.4757 0.9080
7 81.9795 108.6904 1 3 4 0 3.1851 0 0 0 0.0000 0.9080
7 105.3469 62.1127 3 3 4 1 5.5455 0 0 0 0.0000 0.9080
7 78.5336 135.8575 2 2 2 1 1.8534 1 0 0 0.0000 0.9080
7 99.2808 114.3206 2 1 3 0 2.2590 0 0 0 0.0000 0.9080
7 101.3815 73.0170 3 3 1 1 1.1878 0 0 0 0.0000 0.9080
7 58.4333 101.9441 1 3 4 0 1.3362 0 0 0 0.0000 0.9080
7 65.4832 111.9926 1 1 4 1 1.5529 0 0 0 0.0000 0.9080
7 102.6554 124.9706 2 2 3 1 0.9449 0 0 0 0.0000 0.9080
7 129.5553 104.7185 4 4 2 1 1.5040 0 0 0 0.0000 0.9080
7 92.7225 150.3744 2 2 2 1 1.0849 1 0 0 0.0000 0.9080
7 136.6960 85.7850 4 4 3 1 2.3196 0 0 0 0.0000 0.9080
7 84.9633 129.4892 2 1 1 0 1.6016 1 0 0 0.0000 0.9080
7 121.2142 99.1859 4 2 2 0 1.6807 1 0 0 0.0000 0.9080
7 105.3632 117.7025 2 1 2 0 0.9792 0 0 0 0.0000 0.9080
7 56.6860 103.5982 1 2 2 0 1.9711 1 0 0 0.0000 0.9080
7 136.5479 103.7805 4 4 3 1 1.1002 0 0 0 0.0000 0.9080
7 61.9010 110.7270 1 3 2 0 1.9669 0 0 0 0.0000 0.9080
7 107.7046 80.5418 3 4 3 0 1.2714 0 0 0 0.0000 0.9080
7 107.5018 121.6098 2 2 1 1 1.0222 0 0 0 0.0000 0.9080
7 80.4441 103.3211 1 1 1 1 0.8481 1 0 0 0.0000 0.9080
7 133.2758 109.7255 4 1 3 0 2.2203 0 0 0 0.0000 0.9080
7 83.8468 132.1807 2 2 1 1 1.3081 0 0 0 0.0000 0.9080
7 82.0931 84.7054 1 3 4 0 1.9720 0 0 0 0.0000 0.9080
7 136.2692 109.1555 4 1 2 0 2.4763 0 0 0 0.0000 0.9080
7 114.5281 61.5265 3 3 2 1 6.0342 0 0 0 0.0000 0.9080
7 139.8791 103.1183 4 4 1 1 1.4750 0 0 0 0.0000 0.9080
7 131.2836 106.8547 4 1 2 0 1.5678 0 0 0 0.0000 0.9080
7 73.9319 114.8849 1 1 1 1 2.4946 1 0 0 0.0000 0.9080
7 91.7822 124.1051 2 2 2 1 1.0934 1 0 0 0.0000 0.9080
7 114.8966 101.9000 4 3 1 0 0.9526 0 0 0 0.0000 0.9080
7 110.7191 120.0225 2 1 3 0 0.8553 0 0 0 0.0000 0.9080
7 83.5518 92.8667 1 1 4 1 0.7245 0 0 0 0.0000 0.9080
7 67.3771 101.2090 1 3 1 0 2.9892 0 0 0 0.0000 0.9080
7 109.0160 110.1222 4 3 2 0 1.5532 0 0 0 0.0000 0.9080
7 92.9690 69.1337 3 3 3 1 1.3102 1 0 0 0.0000 0.9080
7 100.2628 126.5816 2 1 2 0 0.4244 0 0 0 0.0000 0.9080
7 77.0428 103.0216 1 1 2 1 0.6027 0 0 0 0.0000 0.9080
7 137.0833 98.5415 4 1 1 0 1.1531 1 0 0 0.0000 0.9080
7 100.4535 75.4099 3 3 1 1 1.2526 0 0 0 0.0000 0.9080
7 103.8039 134.0234 2 2 2 1 0.7799 1 0 0 0.0000 0.9080
7 79.9510 141.1002 2 2 1 1 0.7104 0 0 0 0.0000 0.9080
7 126.2479 93.8255 4 1 2 0 0.7995 0 0 0 0.0000 0.9080
7 92.9462 88.1557 3 3 4 1 0.9226 0 0 0 0.0000 0.9080
7 105.4858 142.3728 2 1 4 0 1.9773 0 0 0 0.0000 0.9080
7 135.1553 91.0800 4 3 4 0 1.0274 0 0 0 0.0000 0.9080
7 137.4330 97.0950 4 3 1 0 0.7253 0 0 0 0.0000 0.9080
7 66.1732 98.4152 1 1 4 1 0.7993 0 0 0 0.0000 0.9080
7 90.9210 64.4163 3 2 3 0 0.8107 0 0 0 0.0000 0.9080
7 83.2440 87.2348 3 1 1 0 1.0308 1 0 0 0.0000 0.9080
7 102.1550 55.7520 3 3 3 1 0.6796 1 0 0 0.0000 0.9080
8 135.8998 87.2633 4 3 0 0 1.2781 0 1 0 0.0000 0.9080
8 103.3680 147.2061 2 2 0 1 0.6852 1 1 0 0.0000 0.9080
8 102.1490 115.6918 4 2 0 0 1.6535 0 1 0 0.0000 0.9080
8 91.5616 71.1302 3 3 0 1 1.0311 1 1 0 0.0000 0.9080
8 93.2724 118.2552 2 1 0 0 1.0647 0 1 0 0.0000 0.9080
8 135.4754 103.0953 4 3 0 0 1.3054 0 1 0 0.0000 0.9080
8 150.1976 102.3980 4 4 0 1 2.1145 1 1 0 0.0000 0.9080
8 63.8100 110.5574 1 1 0 1 2.0150 1 1 0 0.0000 0.9080
8 106.9555 129.7324 2 1 0 0 1.0013 0 1 0 0.0000 0.9080
8 93.9527 116.2486 2 3 0 0 1.7225 0 1 0 0.0000 0.9080
8 125.4167 88.3572 4 4 0 1 1.3885 1 1 0 0.0000 0.9080
8 80.0097 106.6956 1 3 0 0 1.3340 0 1 0 0.0000 0.9080
8 133.3195 99.7161 4 3 0 0 2.7503 0 1 0 0.0000 0.9080
8 117.5010 78.0190 3 1 0 0 1.5947 0 1 0 0.0000 0.9080
8 104.2406 138.9003 2 2 0 1 1.0975 1 1 0 0.0000 0.9080
8 76.1449 86.4680 1 2 0 0 1.2599 0 1 0 0.0000 0.9080
8 94.8067 71.0829 3 2 0 0 0.7711 0 1 0 0.0000 0.9080
8 124.6191 98.2480 4 2 0 0 0.4766 0 1 0 0.0000 0.9080
8 65.5740 101.7929 1 2 0 0 0.5922 0 1 0 0.0000 0.9080
8 93.6008 125.3017 2 1 0 0 1.3494 0 1 0 0.0000 0.9080
8 105.6745 113.8609 2 2 0 1 0.5589 1 1 0 0.0000 0.9080
8 64.4745 77.5333 1 4 0 0 1.9889 0 1 0 0.0000 0.9080
8 102.5619 50.8807 3 4 0 0 1.4061 0 1 0 0.0000 0.9080
8 136.3717 93.2697 4 4 0 1 2.3924 1 1 0 0.0000 0.9080
8 68.5902 111.2368 1 3 0 0 1.9156 0 1 0 0.0000 0.9080
8 91.6975 118.6216 2 1 0 0 0.8984 0 1 0 0.0000 0.9080
8 72.0866 111.0079 1 1 0 1 1.7591 1 1 0 0.0000 0.9080
8 65.8822 90.4625 1 3 0 0 1.6503 0 1 0 0.0000 0.9080
8 123.5975 102.7674 4 1 0 0 1.3155 0 1 0 0.0000 0.9080
8 107.7094 136.7320 2 2 0 1 1.2922 1 1 0 0.0000 0.9080
8 71.1468 98.6645 1 1 0 1 1.3801 1 1 0 0.0000 0.9080
8 92.8701 115.4010 2 1 0 0 0.8610 0 1 0 0.0000 0.9080
8 80.6127 64.8003 3 3 0 1 1.8341 1 1 0 0.0000 0.9080
8 88.9087 58.4290 3 3 0 1 1.9838 1 1 0 0.0000 0.9080
8 78.1565 106.1586 1 3 0 0 0.8244 0 1 0 0.0000 0.9080
8 109.8450 73.7830 3 1 0 0 1.2688 0 1 0 0.0000 0.9080
8 115.3325 116.7625 2 2 0 1 0.8593 1 1 0 0.0000 0.9080
8 99.2293 138.8234 2 2 0 1 0.8240 1 1 0 0.0000 0.9080
8 79.5622 79.5091 3 3 0 1 4.4996 1 1 0 0.0000 0.9080
8 132.7261 92.5790 4 1 0 0 1.6291 0 1 0 0.0000 0.9080
8 64.4410 99.6203 1 3 0 0 0.7487 0 1 0 0.0000 0.9080
8 100.4483 55.0481 3 4 0 0 1.3350 0 1 0 0.0000 0.9080
8 108.6715 117.6680 2 1 0 0 1.0071 0 1 0 0.0000 0.9080
8 62.3993 88.2892 1 3 0 0 1.4710 0 1 0 0.0000 0.9080
8 120.2600 88.8269 4 3 0 0 5.5798 0 1 0 0.0000 0.9080
8 125.3780 93.6617 4 1 0 0 1.7921 0 1 0 0.0000 0.9080
8 76.2416 107.6445 1 1 0 1 1.2525 1 1 0 0.0000 0.9080
8 150.6347 101.2032 4 2 0 0 3.7380 0 1 0 0.0000 0.9080
8 106.6803 75.3501 3 3 0 1 1.4084 1 1 0 0.0000 0.9080
8 64.6998 97.2169 1 1 0 1 1.1948 1 1 0 0.0000 0.9080
8 55.6794 110.5232 1 3 0 0 2.1131 0 1 0 0.0000 0.9080
8 101.9112 68.7101 3 4 0 0 1.3424 0 1 0 0.0000 0.9080
8 107.3375 146.0332 2 2 0 1 0.8223 1 1 0 0.0000 0.9080
8 87.6885 64.6841 3 3 0 1 1.7451 1 1 0 0.0000 0.9080
8 116.9842 121.0366 4 2 0 0 1.0282 0 1 0 0.0000 0.9080
8 96.1304 74.5303 3 4 0 0 2.6453 0 1 0 0.0000 0.9080
8 111.3216 66.9400 3 4 0 0 1.1185 0 1 0 0.0000 0.9080
8 107.8802 133.4480 2 2 0 1 0.9933 1 1 0 0.0000 0.9080
8 99.8686 69.5788 3 3 0 1 2.8653 1 1 0 0.0000 0.9080
8 129.0227 91.0200 4 4 0 1 2.8968 1 1 0 0.0000 0.9080
8 100.3058 142.8041 2 2 0 1 0.9776 1 1 0 0.0000 0.9080
8 103.3200 134.0606 2 2 0 1 1.0096 1 1 0 0.0000 0.9080
8 126.1778 99.7698 4 1 0 0 1.2331 0 1 0 0.0000 0.9080
8 99.5780 137.4124 2 1 0 0 0.5987 0 1 0 0.0000 0.9080
8 95.3532 130.8562 2 1 0 0 1.4047 0 1 0 0.0000 0.9080
8 82.4519 94.3090 1 3 0 0 1.8154 0 1 0 0.0000 0.9080
8 79.3883 101.9495 1 1 0 1 1.4198 1 1 0 0.0000 0.9080
8 131.6035 100.0489 4 4 0 1 1.1910 1 1 0 0.0000 0.9080
8 94.7207 105.7847 2 3 0 0 0.8278 0 1 0 0.0000 0.9080
8 133.9500 86.6055 4 4 0 1 1.5913 1 1 0 0.0000 0.9080
8 119.7145 97.1257 4 3 0 0 2.5817 0 1 0 0.0000 0.9080
8 83.6900 97.7592 1 3 0 0 0.9589 0 1 0 0.0000 0.9080
8 81.1348 85.8898 1 1 0 1 1.8360 1 1 0 0.0000 0.9080
8 94.5523 61.3336 3 3 0 1 1.2661 1 1 0 0.0000 0.9080
8 108.4486 68.6553 3 1 0 0 1.1608 0 1 0 0.0000 0.9080
8 88.7273 138.5179 2 3 0 0 0.6848 0 1 0 0.0000 0.9080
8 149.8503 85.6629 4 1 0 0 3.9410 0 1 0 0.0000 0.9080
8 136.8027 115.4470 4 1 0 0 1.0403 0 1 0 0.0000 0.9080
8 78.0881 134.8433 2 1 0 0 0.7059 0 1 0 0.0000 0.9080
8 65.6660 89.5178 1 3 0 0 0.9078 0 1 0 0.0000 0.9080
8 96.6394 63.9314 3 3 0 1 2.2502 1 1 0 0.0000 0.9080
8 143.4742 104.9102 4 3 0 0 1.6582 0 1 0 0.0000 0.9080
8 98.4089 50.5345 3 4 0 0 1.4501 0 1 0 0.0000 0.9080
8 78.4511 105.1860 1 1 0 1 2.7093 1 1 0 0.0000 0.9080
8 100.5643 73.9713 3 3 0 1 4.0663 1 1 0 0.0000 0.9080
8 68.2180 104.2906 1 1 0 1 0.8332 1 1 0 0.0000 0.9080
8 65.7857 99.0509 1 1 0 1 0.9580 1 1 0 0.0000 0.9080
8 105.9622 87.7261 3 1 0 0 0.8775 0 1 0 0.0000 0.9080
8 98.0184 84.3762 3 1 0 0 0.8591 0 1 0 0.0000 0.9080
8 94.4389 74.6188 3 3 0 1 0.6331 1 1 0 0.0000 0.9080
8 77.9959 133.3717 2 1 0 0 0.7686 0 1 0 0.0000 0.9080
8 109.2525 147.8820 2 2 0 1 0.5891 1 1 0 0.0000 0.9080
8 142.5256 91.5844 4 1 0 0 1.1068 0 1 0 0.0000 0.9080
8 96.0948 76.7071 3 3 0 1 0.6942 1 1 0 0.0000 0.9080
8 106.0402 131.1355 2 2 0 1 1.2630 1 1 0 0.0000 0.9080
8 69.9645 86.5683 1 3 0 0 1.9902 0 1 0 0.0000 0.9080
8 108.8308 89.4585 3 3 0 1 1.3285 1 1 0 0.0000 0.9080
8 132.4578 93.5496 4 4 0 1 2.0720 1 1 0 0.0000 0.9080
8 93.3553 104.9840 1 4 0 0 1.0112 0 1 0 0.0000 0.9080
8 138.1587 109.2010 4 4 0 1 1.5076 1 1 0 0.0000 0.9080
9 91.8422 58.5898 3 4 0 0 1.3581 0 1 0 0.0000 0.9080
9 76.8107 106.3702 1 1 0 1 0.5791 1 1 0 0.0000 0.9080
9 108.9143 79.3603 3 4 0 0 1.9455 0 1 0 0.0000 0.9080
9 98.2771 121.0598 2 2 0 1 2.3894 1 1 0 0.0000 0.9080
9 98.9164 142.1705 2 2 0 1 2.4255 1 1 0 0.0000 0.9080
9 91.9884 65.8295 3 3 0 1 0.8462 1 1 0 0.0000 0.9080
9 77.0293 88.6312 1 1 0 1 0.9386 1 1 0 0.0000 0.9080
9 64.7926 86.6726 1 3 0 0 0.7938 0 1 0 0.0000 0.9080
9 71.1848 108.2609 1 1 0 1 2.3565 1 1 0 0.0000 0.9080
9 109.0777 102.4331 4 2 0 0 1.0322 0 1 0 0.0000 0.9080
9 96.9975 144.9041 2 2 0 1 0.9212 1 1 0 0.0000 0.9080
9 95.6192 81.2971 3 3 0 1 2.4240 1 1 0 0.0000 0.9080
9 134.6526 106.7230 4 1 0 0 1.1812 0 1 0 0.0000 0.9080
9 104.9014 118.6219 2 2 0 1 0.8347 1 1 0 0.0000 0.9080
9 103.6479 80.3249 3 3 0 1 3.2787 1 1 0 0.0000 0.9080
9 120.2761 123.7163 2 1 0 0 1.7066 0 1 0 0.0000 0.9080
9 106.5451 94.5860 4 1 0 0 1.1662 0 1 0 0.0000 0.9080
9 124.5032 78.1772 4 3 0 0 0.8198 0 1 0 0.0000 0.9080
9 131.5554 93.7477 4 2 0 0 0.8617 0 1 0 0.0000 0.9080
9 71.0679 87.6457 1 3 0 0 0.8130 0 1 0 0.0000 0.9080
9 136.0329 94.3559 4 4 0 1 1.5449 1 1 0 0.0000 0.9080
9 101.4667 116.3394 2 2 0 1 0.6165 1 1 0 0.0000 0.9080
9 106.9445 67.1810 3 3 0 1 1.7916 1 1 0 0.0000 0.9080
9 102.0303 55.2700 3 1 0 0 0.7884 0 1 0 0.0000 0.9080
9 72.1357 96.4958 1 1 0 1 0.7200 1 1 0 0.0000 0.9080
9 110.0177 129.0274 2 2 0 1 1.5771 1 1 0 0.0000 0.9080
9 124.8673 94.9131 4 1 0 0 3.4175 0 1 0 0.0000 0.9080
9 137.3462 113.9915 4 2 0 0 0.7923 0 1 0 0.0000 0.9080
9 70.7976 95.5266 1 3 0 0 0.8210 0 1 0 0.0000 0.9080
9 66.9838 90.4158 1 1 0 1 1.1211 1 1 0 0.0000 0.9080
9 75.9152 124.9741 1 1 0 1 0.6774 1 1 0 0.0000 0.9080
9 67.6983 96.7664 1 1 0 1 1.3254 1 1 0 0.0000 0.9080
9 64.7903 77.3709 1 1 0 1 0.5830 1 1 0 0.0000 0.9080
9 121.7999 103.9522 4 3 0 0 1.2614 0 1 0 0.0000 0.9080
9 100.6615 138.9520 2 2 0 1 0.7405 1 1 0 0.0000 0.9080
9 114.9372 130.4124 2 1 0 0 1.9181 0 1 0 0.0000 0.9080
9 95.9898 78.3730 3 3 0 1 3.8136 1 1 0 0.0000 0.9080
9 90.4349 136.3736 2 2 0 1 4.3036 1 1 0 0.0000 0.9080
9 149.0769 86.5169 4 3 0 0 0.7427 0 1 0 0.0000 0.9080
9 105.3467 81.1106 3 1 0 0 4.7530 0 1 0 0.0000 0.9080
9 107.6510 124.9763 2 2 0 1 0.6582 1 1 0 0.0000 0.9080
9 101.0772 80.8251 3 1 0 0 1.3218 0 1 0 0.0000 0.9080
9 86.0869 61.6301 3 3 0 1 1.1390 1 1 0 0.0000 0.9080
9 116.7455 95.2483 4 2 0 0 0.7118 0 1 0 0.0000 0.9080
9 110.0655 62.6440 3 1 0 0 0.6101 0 1 0 0.0000 0.9080
9 103.5668 102.0057 2 2 0 1 0.5530 1 1 0 0.0000 0.9080
9 103.7841 117.2437 2 1 0 0 0.9268 0 1 0 0.0000 0.9080
9 122.1670 87.2851 4 1 0 0 0.9088 0 1 0 0.0000 0.9080
9 77.3297 102.7611 1 3 0 0 1.0042 0 1 0 0.0000 0.9080
9 69.0852 87.0812 1 1 0 1 0.5900 1 1 0 0.0000 0.9080
