1 66.1666 70.6993 1 2 0 0 5.2684 0 1 0 0.0000 0.0000
1 121.9180 85.3120 4 2 0 0 2.0377 0 1 0 0.0000 0.0000
1 57.3956 106.8825 1 3 0 0 2.2730 0 1 0 0.0000 0.0000
1 113.0291 96.0229 4 3 0 0 0.9454 0 1 0 0.0000 0.0000
1 64.2303 102.6138 1 4 0 0 2.0789 0 1 0 0.0000 0.0000
1 103.5842 78.5183 3 1 0 0 0.1550 0 1 0 0.0000 0.0000
1 132.6607 101.5893 4 2 0 0 0.8381 0 1 0 0.0000 0.0000
1 95.5026 80.5391 3 4 0 0 0.6753 0 1 0 0.0000 0.0000
1 90.4349 136.3736 2 1 0 0 0.5073 0 1 0 0.0000 0.0000
1 84.2333 137.9453 2 1 0 0 0.7512 0 1 0 0.0000 0.0000
1 149.0769 86.5169 4 2 0 0 0.6661 0 1 0 0.0000 0.0000
1 67.6983 96.7664 1 4 0 0 0.7068 0 1 0 0.0000 0.0000
1 105.9102 134.8433 2 4 0 0 2.6507 0 1 0 0.0000 0.0000
1 79.9215 80.1434 1 3 0 0 1.7487 0 1 0 0.0000 0.0000
1 138.7935 110.5281 4 2 0 0 0.2799 0 1 0 0.0000 0.0000
1 98.4903 82.6266 3 4 0 0 0.8063 0 1 0 0.0000 0.0000
1 85.5099 78.3823 3 1 0 0 2.0173 0 1 0 0.0000 0.0000
1 54.5403 100.5869 1 2 0 0 0.7815 0 1 0 0.0000 0.0000
1 93.1776 65.4764 3 4 0 0 1.9441 0 1 0 0.0000 0.0000
1 100.5722 59.0357 3 4 0 0 0.6557 0 1 0 0.0000 0.0000
1 87.1385 149.7429 2 1 0 0 0.1505 0 1 0 0.0000 0.0000
1 103.0292 121.9929 2 2 0 1 0.3349 1 1 0 0.0000 0.0000
1 103.4156 75.8864 3 1 0 0 0.4941 0 1 0 0.0000 0.0000
1 95.6192 81.2971 3 3 0 1 4.4979 1 1 0 0.0000 0.0000
1 99.5317 110.2907 2 4 0 0 0.9896 0 1 0 0.0000 0.0000
1 66.3930 108.7872 1 3 0 0 0.9428 0 1 0 0.0000 0.0000
1 100.1202 137.3844 2 2 0 1 1.2131 1 1 0 0.0000 0.0000
1 89.2490 78.6219 3 3 0 1 1.4923 1 1 0 0.0000 0.0000
1 96.4548 124.9745 2 2 0 1 0.7370 1 1 0 0.0000 0.0000
1 110.6129 128.7154 2 2 0 1 0.5863 1 1 0 0.0000 0.0000
1 101.9040 83.9635 3 3 0 1 0.8011 1 1 0 0.0000 0.0000
1 105.3467 81.1106 3 3 0 1 0.9557 1 1 0 0.0000 0.0000
1 88.8389 138.9016 2 2 0 1 0.4110 1 1 0 0.0000 0.0000
1 102.9579 73.3276 3 3 0 1 1.0212 1 1 0 0.0000 0.0000
1 105.5620 113.2681 2 2 0 1 0.4626 1 1 0 0.0000 0.0000
1 122.1147 103.2817 4 3 0 0 2.0665 0 1 0 0.0000 0.0000
1 96.4913 75.5477 3 3 0 1 1.6136 1 1 0 0.0000 0.0000
1 56.6860 103.5982 1 2 0 0 0.7013 0 1 0 0.0000 0.0000
1 70.9801 97.4984 1 3 0 0 1.1588 0 1 0 0.0000 0.0000
1 103.6479 80.3249 3 2 0 0 0.8428 0 1 0 0.0000 0.0000
1 98.2988 66.6219 3 3 0 1 0.7908 1 1 0 0.0000 0.0000
1 127.5453 108.7529 4 2 0 0 1.4895 0 1 0 0.0000 0.0000
1 91.9586 81.3687 3 3 0 1 0.6083 1 1 0 0.0000 0.0000
1 101.9013 52.5659 3 3 0 1 0.6786 1 1 0 0.0000 0.0000
1 137.0833 98.5415 4 3 0 0 1.2790 0 1 0 0.0000 0.0000
1 110.4685 121.2093 2 2 0 1 0.6302 1 1 0 0.0000 0.0000
1 95.7107 96.6214 1 2 0 0 0.9582 0 1 0 0.0000 0.0000
1 136.7401 101.5012 4 2 0 0 0.9913 0 1 0 0.0000 0.0000
1 107.7221 122.8525 2 2 0 1 0.6086 1 1 0 0.0000 0.0000
1 117.3649 99.6703 4 3 0 0 1.3837 0 1 0 0.0000 0.0000
1 109.2990 94.7243 4 2 0 0 1.1217 0 1 0 0.0000 0.0000
1 125.4167 88.3572 4 3 0 0 0.8705 0 1 0 0.0000 0.0000
1 88.9518 121.9229 2 2 0 1 0.8681 1 1 0 0.0000 0.0000
1 108.8770 124.8040 2 2 0 1 1.0424 1 1 0 0.0000 0.0000
1 107.7094 136.7320 2 2 0 1 0.5652 1 1 0 0.0000 0.0000
1 103.0445 133.7577 2 2 0 1 0.6999 1 1 0 0.0000 0.0000
1 80.3229 104.6976 1 3 0 0 0.7904 0 1 0 0.0000 0.0000
1 147.2658 83.1370 4 4 0 1 1.4251 1 1 0 0.0000 0.0000
1 132.9668 97.6630 4 4 0 1 0.5746 1 1 0 0.0000 0.0000
1 131.4001 98.8049 4 4 0 1 0.8861 1 1 0 0.0000 0.0000
1 128.3816 97.9748 4 4 0 1 0.5970 1 1 0 0.0000 0.0000
1 81.6602 102.3989 1 4 0 0 0.5406 0 1 0 0.0000 0.0000
1 96.6394 63.9314 3 3 0 1 1.0582 1 1 0 0.0000 0.0000
1 95.9064 128.1414 2 2 0 1 1.3477 1 1 0 0.0000 0.0000
1 89.6134 63.6083 3 3 0 1 1.2624 1 1 0 0.0000 0.0000
1 71.1848 108.2609 1 3 0 0 1.1093 0 1 0 0.0000 0.0000
1 112.0955 90.0869 4 1 0 0 0.6969 0 1 0 0.0000 0.0000
1 119.8556 94.2118 4 4 0 1 1.2831 1 1 0 0.0000 0.0000
1 139.5657 102.7081 4 4 0 1 1.0355 1 1 0 0.0000 0.0000
1 113.0986 110.6975 2 4 0 0 1.0859 0 1 0 0.0000 0.0000
1 64.7903 77.3709 1 3 0 0 0.8664 0 1 0 0.0000 0.0000
1 104.9786 107.9879 2 2 0 1 1.3427 1 1 0 0.0000 0.0000
1 117.5010 78.0190 3 1 0 0 1.3530 0 1 0 0.0000 0.0000
1 97.3704 74.7911 3 2 0 0 2.2118 0 1 0 0.0000 0.0000
1 72.5930 121.4012 1 4 0 0 0.5646 0 1 0 0.0000 0.0000
1 116.7455 95.2483 4 3 0 0 0.7634 0 1 0 0.0000 0.0000
1 98.0211 135.4689 2 4 0 0 1.3341 0 1 0 0.0000 0.0000
1 63.8100 110.5574 1 3 0 0 1.4881 0 1 0 0.0000 0.0000
1 98.8722 73.9907 3 3 0 1 1.2457 1 1 0 0.0000 0.0000
1 128.0954 100.7774 4 2 0 0 0.7897 0 1 0 0.0000 0.0000
1 69.1136 108.5233 1 3 0 0 2.4343 0 1 0 0.0000 0.0000
1 101.7707 60.4127 3 3 0 1 1.5920 1 1 0 0.0000 0.0000
1 58.4333 101.9441 1 2 0 0 1.6711 0 1 0 0.0000 0.0000
1 133.6930 86.1741 4 4 0 1 0.8740 1 1 0 0.0000 0.0000
1 103.3680 147.2061 2 1 0 0 2.0243 0 1 0 0.0000 0.0000
1 99.2808 114.3206 2 4 0 0 0.6111 0 1 0 0.0000 0.0000
1 136.6960 85.7850 4 3 0 0 0.3627 0 1 0 0.0000 0.0000
1 83.2440 87.2348 3 2 0 0 0.3459 0 1 0 0.0000 0.0000
1 79.3883 101.9495 1 4 0 0 0.8742 0 1 0 0.0000 0.0000
1 86.3785 114.4504 1 3 0 0 0.7758 0 1 0 0.0000 0.0000
1 67.2599 96.2754 1 1 0 1 0.3058 1 1 0 0.0000 0.0000
1 116.6820 143.1406 2 3 0 0 0.5601 0 1 0 0.0000 0.0000
1 71.6742 104.6640 1 3 0 0 1.1237 0 1 0 0.0000 0.0000
1 62.6681 107.7355 1 4 0 0 0.2317 0 1 0 0.0000 0.0000
1 105.6745 113.8609 2 3 0 0 0.2301 0 1 0 0.0000 0.0000
1 84.6467 111.4268 1 4 0 0 0.9152 0 1 0 0.0000 0.0000
1 124.2482 90.8835 4 2 0 0 0.6101 0 1 0 0.0000 0.0000
1 68.9197 110.3770 1 1 0 1 0.3625 1 1 0 0.0000 0.0000
1 88.0723 90.5523 3 1 0 0 0.3465 0 1 0 0.0000 0.0000
1 131.8167 93.1313 4 3 0 0 0.5866 0 1 0 0.0000 0.0000
2 115.0339 82.6380 3 4 0 0 1.3059 0 1 0 0.0000 0.0000
2 110.4242 97.2032 4 3 0 0 0.4081 0 1 0 0.0000 0.0000
2 110.5923 67.3542 3 2 0 0 0.2974 0 1 0 0.0000 0.0000
2 83.6900 97.7592 1 1 0 1 0.2492 1 1 0 0.0000 0.0000
2 75.9152 124.9741 1 3 0 0 0.5987 0 1 0 0.0000 0.0000
2 90.9880 115.6455 2 4 0 0 0.2856 0 1 0 0.0000 0.0000
2 124.7199 97.3623 4 2 0 0 0.3331 0 1 0 0.0000 0.0000
2 98.1793 69.0923 3 1 0 0 0.2858 0 1 0 0.0000 0.0000
2 98.4734 67.9758 3 3 0 1 0.4927 1 1 0 0.0000 0.0000
2 108.6715 117.6680 2 4 0 0 0.7683 0 1 0 0.0000 0.0000
2 62.3993 88.2892 1 2 0 0 1.8679 0 1 0 0.0000 0.0000
2 142.5410 96.0239 4 1 0 0 0.8852 0 1 0 0.0000 0.0000
2 101.8316 65.4209 3 3 0 1 0.8193 1 1 0 0.0000 0.0000
2 136.1853 96.6623 4 4 0 1 0.7207 1 1 0 0.0000 0.0000
2 81.7898 111.5385 2 3 0 0 0.5068 0 1 0 0.0000 0.0000
2 89.2050 134.1374 2 2 0 1 1.1187 1 1 0 0.0000 0.0000
2 108.1576 121.1709 2 1 0 0 1.2519 0 1 0 0.0000 0.0000
2 99.0396 118.4244 2 3 0 0 1.4510 0 1 0 0.0000 0.0000
2 98.2451 120.4918 2 2 0 1 1.3998 1 1 0 0.0000 0.0000
2 87.3135 64.0285 3 3 0 1 0.8366 1 1 0 0.0000 0.0000
2 103.4926 123.8252 2 2 0 1 0.6582 1 1 0 0.0000 0.0000
2 88.9286 109.5578 2 2 0 1 1.4989 1 1 0 0.0000 0.0000
2 93.2724 118.2552 2 2 0 1 0.7773 1 1 0 0.0000 0.0000
2 142.5256 91.5844 4 2 0 0 1.0785 0 1 0 0.0000 0.0000
2 104.7057 119.4283 2 2 0 1 0.8108 1 1 0 0.0000 0.0000
2 108.4486 68.6553 3 1 0 0 0.6320 0 1 0 0.0000 0.0000
2 66.6809 92.0205 1 3 0 0 0.8329 0 1 0 0.0000 0.0000
2 108.8706 89.0201 4 3 0 0 0.7648 0 1 0 0.0000 0.0000
2 100.1930 132.4558 2 2 0 1 0.6476 1 1 0 0.0000 0.0000
2 99.2293 138.8234 2 2 0 1 0.6576 1 1 0 0.0000 0.0000
2 106.6255 68.2164 3 3 0 1 0.7155 1 1 0 0.0000 0.0000
2 94.1610 140.3225 2 2 0 1 1.4618 1 1 0 0.0000 0.0000
2 104.5617 56.6949 3 3 0 1 0.7406 1 1 0 0.0000 0.0000
2 118.3561 111.6363 4 2 0 0 3.4553 0 1 0 0.0000 0.0000
2 75.8624 81.3255 1 3 0 0 0.8797 0 1 0 0.0000 0.0000
2 101.3815 73.0170 3 1 0 0 1.0214 0 1 0 0.0000 0.0000
2 130.3035 108.1081 4 2 0 0 0.8953 0 1 0 0.0000 0.0000
2 84.3642 77.5642 3 3 0 1 0.7341 1 1 0 0.0000 0.0000
2 90.9948 70.2116 3 3 0 1 0.5513 1 1 0 0.0000 0.0000
2 99.2218 84.4636 3 2 0 0 0.7169 0 1 0 0.0000 0.0000
2 78.5336 135.8575 2 2 0 1 1.0000 1 1 0 0.0000 0.0000
2 121.7999 103.9522 4 3 0 0 0.5380 0 1 0 0.0000 0.0000
2 78.4511 105.1860 1 2 0 0 0.3995 0 1 0 0.0000 0.0000
2 106.5451 94.5860 4 3 0 0 0.5783 0 1 0 0.0000 0.0000
2 117.2038 70.5478 3 4 0 0 0.5043 0 1 0 0.0000 0.0000
2 69.7773 107.5104 1 2 0 0 0.3063 0 1 0 0.0000 0.0000
2 80.6127 64.8003 3 3 0 1 0.6594 1 1 0 0.0000 0.0000
2 102.7899 116.4195 2 2 0 1 0.7319 1 1 0 0.0000 0.0000
2 107.7403 151.8154 2 2 0 1 0.7914 1 1 0 0.0000 0.0000
2 69.8300 103.9540 1 3 0 0 0.4847 0 1 0 0.0000 0.0000
2 56.4131 94.2644 1 3 0 0 0.9685 0 1 0 0.0000 0.0000
2 81.3666 54.0435 3 2 0 0 0.6962 0 1 0 0.0000 0.0000
2 121.1033 94.5771 4 2 0 0 0.5605 0 1 0 0.0000 0.0000
2 123.1753 102.4976 4 1 0 0 0.6309 0 1 0 0.0000 0.0000
2 136.5479 103.7805 4 3 0 0 0.3181 0 1 0 0.0000 0.0000
2 127.0373 102.5313 4 2 0 0 0.3001 0 1 0 0.0000 0.0000
2 69.6821 91.3549 1 3 0 0 0.6210 0 1 0 0.0000 0.0000
2 75.5032 120.2016 1 2 0 0 1.2528 0 1 0 0.0000 0.0000
2 124.8673 94.9131 4 3 0 0 0.6688 0 1 0 0.0000 0.0000
2 135.2789 131.4748 4 3 0 0 1.0927 0 1 0 0.0000 0.0000
2 64.8705 105.0281 1 2 0 0 0.7287 0 1 0 0.0000 0.0000
2 104.2406 138.9003 2 2 0 1 0.7395 1 1 0 0.0000 0.0000
2 105.2155 124.7106 2 2 0 1 0.9903 1 1 0 0.0000 0.0000
2 68.4902 100.3769 1 3 0 0 1.0878 0 1 0 0.0000 0.0000
2 144.1202 106.3873 4 2 0 0 0.6110 0 1 0 0.0000 0.0000
2 126.4884 92.9181 4 1 0 0 0.6658 0 1 0 0.0000 0.0000
2 104.3017 71.1701 3 4 0 0 0.3857 0 1 0 0.0000 0.0000
2 65.2718 109.8442 1 3 0 0 0.4350 0 1 0 0.0000 0.0000
2 104.7584 57.8152 3 3 0 1 0.7413 1 1 0 0.0000 0.0000
2 98.5304 129.2492 2 2 0 1 0.8161 1 1 0 0.0000 0.0000
2 80.3630 107.5832 1 3 0 0 0.9897 0 1 0 0.0000 0.0000
2 80.1687 102.4136 1 3 0 0 0.9428 0 1 0 0.0000 0.0000
2 131.9336 115.7457 4 2 0 0 0.7668 0 1 0 0.0000 0.0000
2 136.0329 94.3559 4 2 0 0 1.4659 0 1 0 0.0000 0.0000
2 97.3913 130.7559 2 3 0 0 0.3115 0 1 0 0.0000 0.0000
2 100.2263 73.7651 3 2 0 0 0.7747 0 1 0 0.0000 0.0000
2 82.7276 60.7880 3 3 0 1 0.6091 1 1 0 0.0000 0.0000
2 88.5654 90.1056 1 3 0 0 0.3599 0 1 0 0.0000 0.0000
2 121.2142 99.1859 4 2 0 0 0.3446 0 1 0 0.0000 0.0000
2 66.8812 103.1281 1 3 0 0 0.3767 0 1 0 0.0000 0.0000
2 135.3313 94.3023 4 2 0 0 0.2964 0 1 0 0.0000 0.0000
2 107.5802 141.2795 2 3 0 0 0.4870 0 1 0 0.0000 0.0000
2 82.0931 84.7054 1 3 0 0 0.6491 0 1 0 0.0000 0.0000
2 112.2636 78.2404 3 2 0 0 0.3365 0 1 0 0.0000 0.0000
2 125.0165 87.0374 4 3 0 0 0.4965 0 1 0 0.0000 0.0000
2 136.6758 89.3931 4 2 0 0 0.2769 0 1 0 0.0000 0.0000
2 112.9909 56.6666 3 3 0 1 0.3389 1 1 0 0.0000 0.0000
2 90.3402 116.8999 1 3 0 0 0.3877 0 1 0 0.0000 0.0000
2 93.0651 64.7039 3 2 0 0 0.7088 0 1 0 0.0000 0.0000
2 76.1655 80.2105 1 3 0 0 0.6228 0 1 0 0.0000 0.0000
2 94.4080 49.6970 3 2 0 0 0.7729 0 1 0 0.0000 0.0000
2 124.1812 129.4869 4 3 0 0 0.4168 0 1 0 0.0000 0.0000
2 94.9160 127.7004 2 1 0 0 0.3392 0 1 0 0.0000 0.0000
2 53.2597 97.6524 1 4 0 0 0.2109 0 1 0 0.0000 0.0000
2 66.9838 90.4158 1 4 0 0 0.6568 0 1 0 0.0000 0.0000
2 105.3632 117.7025 2 3 0 0 0.4243 0 1 0 0.0000 0.0000
2 75.9614 119.5233 1 1 0 1 0.6663 1 1 0 0.0000 0.0000
2 103.7936 74.4077 3 1 0 0 0.7378 0 1 0 0.0000 0.0000
2 68.5902 111.2368 1 3 0 0 3.6433 0 1 0 0.0000 0.0000
2 103.7841 117.2437 2 3 0 0 0.8314 0 1 0 0.0000 0.0000
3 65.4832 111.9926 1 3 0 0 0.6504 0 1 0 0.0000 0.0000
3 125.3780 93.6617 4 4 0 1 0.0721 1 1 0 0.0000 0.0000
3 111.1212 118.3085 4 4 0 1 0.4486 1 1 0 0.0000 0.0000
3 95.7718 76.3855 3 4 0 0 0.3390 0 1 0 0.0000 0.0000
3 129.5553 104.7185 4 2 0 0 0.2905 0 1 0 0.0000 0.0000
3 82.2037 101.0427 1 1 0 1 0.3376 1 1 0 0.0000 0.0000
3 118.0005 110.7687 4 1 0 0 0.4645 0 1 0 0.0000 0.0000
3 113.1897 81.5377 4 4 0 1 0.6753 1 1 0 0.0000 0.0000
3 122.1670 87.2851 4 4 0 1 0.6204 1 1 0 0.0000 0.0000
3 90.9195 50.3999 3 2 0 0 0.3233 0 1 0 0.0000 0.0000
3 89.8963 132.1882 2 3 0 0 0.2433 0 1 0 0.0000 0.0000
3 80.5237 83.7751 3 4 0 0 0.4008 0 1 0 0.0000 0.0000
3 75.8619 108.5506 1 2 0 0 0.7223 0 1 0 0.0000 0.0000
3 82.7853 71.5963 3 1 0 0 0.0284 0 1 0 0.0000 0.0000
3 76.4013 95.2955 1 3 0 0 0.3239 0 1 0 0.0000 0.0000
3 106.9334 125.3360 2 4 0 0 0.3380 0 1 0 0.0000 0.0000
3 107.2509 127.7588 2 3 0 0 0.3226 0 1 0 0.0000 0.0000
3 93.9527 116.2486 2 2 0 1 0.2250 1 1 0 0.0000 0.0000
3 85.8959 100.2280 1 4 0 0 0.4150 0 1 0 0.0000 0.0000
3 122.1071 98.6297 4 1 0 0 0.9922 0 1 0 0.0000 0.0000
3 90.7772 75.4578 3 3 0 1 0.3686 1 1 0 0.0000 0.0000
3 133.9920 82.4607 4 2 0 0 0.8485 0 1 0 0.0000 0.0000
3 96.1417 70.8354 3 4 0 0 0.2545 0 1 0 0.0000 0.0000
3 133.9500 86.6055 4 3 0 0 0.1085 0 1 0 0.0000 0.0000
3 109.4239 76.8451 3 1 0 0 0.3752 0 1 0 0.0000 0.0000
3 117.8498 104.5631 4 2 0 0 0.4082 0 1 0 0.0000 0.0000
3 98.0162 72.5907 3 3 0 1 0.1061 1 1 0 0.0000 0.0000
3 78.0756 96.2654 1 3 0 0 0.3544 0 1 0 0.0000 0.0000
3 127.7091 94.5345 4 4 0 1 0.4816 1 1 0 0.0000 0.0000
3 114.9372 130.4124 2 4 0 0 0.3088 0 1 0 0.0000 0.0000
3 91.4105 93.8808 3 3 0 1 0.3560 1 1 0 0.0000 0.0000
3 63.2691 104.2814 1 1 0 1 0.7392 1 1 0 0.0000 0.0000
3 136.6421 100.5962 4 2 0 0 0.9563 0 1 0 0.0000 0.0000
3 114.6830 141.2372 2 3 0 0 0.3968 0 1 0 0.0000 0.0000
3 87.6377 87.8999 1 4 0 0 0.2222 0 1 0 0.0000 0.0000
3 94.4813 130.1834 2 3 0 0 0.2189 0 1 0 0.0000 0.0000
3 123.5975 102.7674 4 4 0 1 0.5834 1 1 0 0.0000 0.0000
3 106.5160 71.4494 3 4 0 0 0.3490 0 1 0 0.0000 0.0000
3 96.4990 80.8376 3 3 0 1 0.2537 1 1 0 0.0000 0.0000
3 104.8871 113.3817 2 2 0 1 1.3069 1 1 0 0.0000 0.0000
3 85.1726 84.3353 1 3 0 0 0.8044 0 1 0 0.0000 0.0000
3 68.8092 92.9212 1 4 0 0 0.6880 0 1 0 0.0000 0.0000
3 88.7273 138.5179 2 1 0 0 0.6164 0 1 0 0.0000 0.0000
3 83.0973 99.6898 1 3 0 0 0.9919 0 1 0 0.0000 0.0000
3 71.0004 111.1560 1 4 0 0 0.7527 0 1 0 0.0000 0.0000
3 63.4817 91.5669 1 3 0 0 0.2835 0 1 0 0.0000 0.0000
3 120.1177 97.7777 4 4 0 1 1.8810 1 1 0 0.0000 0.0000
3 97.2248 74.9069 3 3 0 1 1.3938 1 1 0 0.0000 0.0000
3 76.1449 86.4680 1 3 0 0 1.0358 0 1 0 0.0000 0.0000
3 133.3841 95.1198 4 4 0 1 1.1546 1 1 0 5.3694 0.0000
3 131.5554 93.7477 4 3 0 0 6.4194 0 1 1 5.9068 0.5000
3 101.5544 85.0108 3 3 0 1 2.8877 1 1 1 1.9164 0.6667
3 122.0819 84.6832 4 2 0 0 4.4108 0 1 1 3.1116 0.7500
3 76.5329 94.4930 1 3 0 0 3.2044 0 1 1 4.9286 0.8000
3 99.8741 116.0471 2 2 0 1 3.3566 1 1 0 2.2542 0.6667
3 92.6224 121.3498 2 2 0 1 2.4226 1 1 1 2.1601 0.7143
3 75.2274 96.2135 1 3 0 0 3.4133 0 1 1 3.7512 0.7500
3 71.8123 78.3524 1 3 0 0 3.5903 0 1 0 1.5640 0.6667
3 107.6564 76.9826 3 3 0 1 2.5936 1 1 1 1.3579 0.7000
3 104.8418 64.5808 3 3 0 1 2.3983 1 1 1 2.2779 0.7273
3 70.0570 97.8239 1 2 0 0 3.8045 0 1 1 3.8333 0.7500
3 124.5032 78.1772 4 3 0 0 2.5693 0 1 1 1.2530 0.7692
3 110.4730 86.6673 3 2 0 0 2.9628 0 1 1 1.5624 0.7857
3 60.3511 114.3077 1 2 0 0 2.7843 0 1 1 2.9316 0.8000
3 113.9239 134.0780 2 2 0 1 3.2127 1 1 0 7.0656 0.7500
3 132.7079 98.4518 4 3 0 0 1.5971 0 1 0 2.7361 0.7059
3 91.8763 91.1651 1 3 0 0 1.4125 0 1 1 2.1633 0.7222
3 110.4528 128.4331 2 2 0 1 2.8725 1 1 1 1.3893 0.7368
3 109.2279 139.7944 2 3 0 0 2.5740 0 1 1 1.4984 0.7500
3 101.3003 118.2468 2 2 0 1 2.7663 1 1 1 5.8401 0.7619
3 97.8026 130.4800 2 2 0 1 3.7158 1 1 1 2.8625 0.7727
3 100.4483 55.0481 3 3 0 1 2.5817 1 1 1 2.9780 0.7826
3 64.0133 119.6554 1 2 0 0 2.0441 0 1 0 2.4116 0.7500
3 99.2885 68.1986 3 2 0 0 2.6952 0 1 1 2.1200 0.7600
3 103.9174 117.3660 2 2 0 1 3.2135 1 1 1 3.1957 0.7692
3 98.4089 50.5345 3 3 0 1 2.3150 1 1 1 1.6326 0.7778
3 97.0720 123.3270 2 2 0 1 3.8000 1 1 1 2.8529 0.7857
3 106.8019 73.1424 3 3 0 1 3.6756 1 1 1 2.2608 0.7931
3 103.3426 114.0996 2 2 0 1 2.4279 1 1 1 2.0056 0.8000
3 93.3909 63.3240 3 3 0 1 2.6938 1 1 1 1.5575 0.8065
3 67.0555 109.5032 1 3 0 0 1.7383 0 1 1 3.3606 0.8125
3 104.4554 125.8732 2 2 0 1 1.6846 1 1 1 1.6269 0.8182
3 96.5532 70.7419 3 3 0 1 1.5714 1 1 1 1.4466 0.8235
3 97.0638 60.2841 3 3 0 1 2.7453 1 1 1 1.7377 0.8286
3 91.0872 110.3567 2 3 0 0 2.2600 0 1 1 1.3044 0.8333
3 94.2845 48.6109 3 3 0 1 1.7675 1 1 1 1.6628 0.8378
3 64.7926 86.6726 1 3 0 0 2.8550 0 1 1 1.8342 0.8421
3 132.4728 91.2742 4 2 0 0 3.4150 0 1 1 1.5305 0.8462
3 129.4118 107.4261 4 2 0 0 1.9037 0 1 1 1.9963 0.8500
3 135.4754 103.0953 4 3 0 0 1.9492 0 1 1 4.7611 0.8537
3 92.5878 154.2830 2 2 0 1 1.8896 1 1 1 1.4536 0.8571
3 122.2716 97.8254 4 3 0 0 3.3443 0 1 1 1.4883 0.8605
3 87.3270 119.1106 2 2 0 1 1.9727 1 1 1 1.3779 0.8636
3 91.6309 131.5931 2 2 0 1 1.6035 1 1 1 1.2879 0.8667
3 112.4084 118.7632 4 3 0 0 2.4381 0 1 1 1.6142 0.8696
3 80.0097 106.6956 1 3 0 0 2.1013 0 1 1 2.6146 0.8723
3 117.0446 134.5159 2 2 0 1 3.9436 1 1 1 1.3672 0.8750
3 82.4519 94.3090 1 3 0 0 3.8637 0 1 1 1.3491 0.8776
3 87.6885 64.6841 3 3 0 1 1.3331 1 1 1 2.5457 0.8800
3 128.0394 100.6980 4 3 0 0 1.3767 0 1 1 1.7105 0.8824
4 121.8793 109.9178 4 3 1 0 2.7321 0 0 1 3.9484 0.8846
4 111.1157 67.1623 3 3 2 1 2.0320 0 0 1 1.2943 0.8868
4 99.0352 89.4037 3 3 2 1 1.5658 0 0 1 1.7603 0.8889
4 132.7261 92.5790 4 3 1 0 3.0666 0 0 1 1.8278 0.8909
4 64.3651 104.8376 1 2 2 0 4.4637 1 0 0 3.5333 0.8750
4 111.7206 105.1756 4 3 1 0 4.2304 0 0 1 3.0052 0.8772
4 145.5079 105.0925 4 3 2 0 2.1356 0 0 0 2.8251 0.8621
4 106.4592 68.8722 3 3 1 1 1.7279 0 0 1 1.9899 0.8644
4 100.6615 138.9520 2 2 2 1 1.9267 1 0 1 1.7794 0.8667
4 64.0041 91.5645 1 3 2 0 1.4719 0 0 1 4.0789 0.8689
4 64.4745 77.5333 1 3 2 0 1.9421 0 0 1 1.3462 0.8710
4 88.6888 98.2993 1 3 3 0 1.6352 1 0 0 2.3596 0.8571
4 150.6347 101.2032 4 2 2 0 2.0501 1 0 0 5.1230 0.8438
4 103.2945 76.8177 3 3 2 1 1.9404 0 0 1 1.1523 0.8462
4 120.2761 123.7163 2 2 3 1 2.8112 0 0 0 2.9268 0.8333
4 116.9842 121.0366 4 3 2 0 1.4633 0 0 1 1.2715 0.8358
4 70.9591 107.6042 1 3 3 0 3.6532 1 0 1 1.8689 0.8382
4 71.1015 89.3096 1 3 3 0 2.3780 1 0 1 1.7769 0.8406
4 67.0568 102.8144 1 3 3 0 2.3639 1 0 1 2.3879 0.8429
4 113.0652 114.0933 2 2 1 1 2.7342 0 0 1 2.1911 0.8451
4 104.4290 118.4309 2 3 2 0 2.1490 0 0 1 2.0384 0.8472
4 101.9270 124.9169 2 3 3 0 1.8481 1 0 1 1.4254 0.8493
4 111.7934 125.1150 2 3 1 0 1.5074 0 0 1 1.8933 0.8514
4 83.5111 127.4984 2 2 3 1 2.8666 0 0 1 1.8004 0.8533
4 86.0869 61.6301 3 3 4 1 2.0200 0 0 1 1.5379 0.8553
4 65.2252 109.4380 1 3 1 0 2.2308 0 0 1 1.8023 0.8571
4 133.6609 106.8919 4 3 2 0 2.5178 0 0 1 3.2809 0.8590
4 82.9178 60.6965 3 3 3 1 1.6510 1 0 1 1.8326 0.8608
4 65.8822 90.4625 1 3 1 0 1.3974 0 0 0 1.4753 0.8500
4 140.3759 105.7105 4 3 3 0 1.4470 1 0 1 1.2544 0.8519
4 80.5136 110.9438 1 3 1 0 1.3329 0 0 1 2.4964 0.8537
4 85.6089 129.0267 2 3 4 0 1.2776 0 0 1 2.0087 0.8554
4 131.3731 96.3049 4 3 3 0 1.1456 1 0 1 2.7363 0.8571
4 96.6668 66.6565 3 3 1 1 1.4919 0 0 1 2.4202 0.8588
4 96.2220 119.3550 2 3 4 0 1.1505 0 0 1 1.7501 0.8605
4 68.0811 97.2900 1 3 2 0 1.2321 0 0 1 2.0097 0.8621
4 107.9136 64.3814 3 2 2 0 1.8350 1 0 1 1.6369 0.8636
4 105.6702 73.1600 3 3 2 1 2.7964 0 0 1 2.0778 0.8652
4 100.2628 126.5816 2 2 3 1 1.6815 0 0 1 2.0238 0.8667
4 65.6660 89.5178 1 3 2 0 2.2490 0 0 1 1.4682 0.8681
4 120.9845 109.6560 4 2 1 0 1.5030 0 0 1 1.0717 0.8696
4 139.8791 103.1183 4 3 4 0 1.3046 0 0 0 2.3076 0.8602
4 113.2000 100.1867 4 3 3 0 4.4600 1 0 1 1.0980 0.8617
4 92.9690 69.1337 3 3 2 1 1.5399 0 0 1 4.5342 0.8632
4 88.4604 132.3513 2 2 2 1 1.8307 1 0 1 2.0173 0.8646
4 106.6803 75.3501 3 3 1 1 1.2187 0 0 1 1.9318 0.8660
4 69.8536 99.2167 1 3 2 0 1.4014 0 0 1 1.3037 0.8673
4 124.8026 92.4396 4 3 1 0 1.1586 0 0 1 1.2146 0.8687
4 108.9303 81.9381 4 3 4 0 1.9785 0 0 1 2.0552 0.8700
4 87.3606 68.2106 3 3 2 1 1.0329 0 0 1 1.7252 0.8713
4 131.2149 122.0328 4 2 1 0 0.5824 0 0 1 1.0407 0.8725
4 79.9510 141.1002 2 3 3 0 1.0492 1 0 1 1.1983 0.8738
4 100.5643 73.9713 3 3 2 1 1.9303 0 0 0 1.2227 0.8654
4 77.3297 102.7611 1 3 3 0 3.5869 1 0 1 1.5449 0.8667
4 74.8396 110.4062 1 3 2 0 1.7574 0 0 1 1.3966 0.8679
4 108.9143 79.3603 3 3 1 1 1.0930 0 0 1 1.3865 0.8692
4 112.3647 123.1131 2 2 2 1 1.5785 1 0 0 1.8064 0.8611
4 124.5032 100.2541 4 3 4 0 2.7768 0 0 0 2.4907 0.8532
4 79.9131 104.8711 1 3 2 0 1.5763 0 0 1 1.0187 0.8545
4 92.7225 150.3744 2 2 2 1 2.9601 1 0 1 0.9514 0.8559
4 107.5018 121.6098 2 3 1 0 1.2767 0 0 1 0.6002 0.8571
4 91.6651 129.7944 2 3 2 0 1.6854 0 0 1 1.9305 0.8584
4 93.9370 62.4624 3 3 3 1 1.5918 1 0 0 0.9225 0.8509
4 129.2654 80.7698 4 3 4 0 1.5977 0 0 1 2.4647 0.8522
4 71.3646 100.4742 1 3 1 0 1.5020 0 0 1 1.9195 0.8534
4 109.5893 66.1443 3 3 1 1 1.2779 0 0 1 1.0491 0.8547
4 101.9112 68.7101 3 3 3 1 1.1371 1 0 1 2.6162 0.8559
4 129.4991 98.6783 4 3 3 0 2.3284 1 0 0 1.5494 0.8487
4 56.5795 97.8917 1 3 4 0 2.4342 0 0 1 1.9941 0.8500
4 73.6712 95.8782 1 3 1 0 1.8181 0 0 1 2.4348 0.8512
4 136.3717 93.2697 4 3 3 0 1.4241 1 0 1 1.4391 0.8525
4 97.5037 109.7229 2 3 2 0 1.3935 0 0 1 1.9030 0.8537
4 93.3562 125.6489 2 3 4 0 4.8292 0 0 0 1.3950 0.8468
4 86.8404 95.0285 3 3 2 1 3.2673 0 0 1 4.0800 0.8480
4 90.9210 64.4163 3 3 4 1 1.3490 0 0 0 3.0568 0.8413
4 104.8713 112.1152 2 3 2 0 1.7401 0 0 1 1.8423 0.8425
4 133.5661 96.3853 4 2 4 0 7.5969 0 0 1 0.8271 0.8438
4 77.2926 99.9871 1 3 4 0 1.8366 0 0 1 2.7574 0.8450
4 103.0627 66.6268 3 3 2 1 1.2087 0 0 1 2.1457 0.8462
4 88.9087 58.4290 3 3 4 1 2.5985 0 0 0 1.7141 0.8397
4 146.6449 104.1139 4 3 2 0 1.6597 0 0 1 1.2165 0.8409
4 74.1213 97.4802 1 3 4 0 1.3573 0 0 1 1.8659 0.8421
4 101.4667 116.3394 2 3 3 0 1.3343 1 0 1 1.4583 0.8433
4 125.4987 91.7156 4 3 4 0 1.9412 0 0 1 1.7123 0.8444
4 98.9094 143.2802 2 3 4 0 1.0027 0 0 1 1.1338 0.8456
4 79.5867 92.3888 1 3 2 0 0.7593 0 0 1 0.8206 0.8467
4 91.9709 124.1509 2 2 3 1 3.8470 0 0 1 1.4765 0.8478
4 108.8308 89.4585 3 3 4 1 1.6238 0 0 1 1.3560 0.8489
4 72.9761 91.8513 1 3 4 0 1.1491 0 0 1 1.4285 0.8500
4 85.6570 87.3307 1 3 2 0 1.2068 0 0 1 6.7517 0.8511
4 95.1936 94.8259 3 3 4 1 1.8687 0 0 1 1.2223 0.8521
4 95.9898 78.3730 3 3 1 1 1.6977 0 0 1 1.1754 0.8531
4 103.3200 134.0606 2 3 1 0 3.9865 0 0 1 1.5861 0.8542
4 99.8686 69.5788 3 3 4 1 4.2340 0 0 1 1.3276 0.8552
4 115.3325 116.7625 2 3 2 0 1.6939 0 0 1 1.1548 0.8562
4 87.7027 99.6187 1 3 2 0 1.6780 0 0 1 1.5387 0.8571
4 122.0531 99.8556 4 3 4 0 1.5595 0 0 1 1.2887 0.8581
4 143.6140 95.9601 4 3 2 0 3.4146 0 0 1 1.3354 0.8591
4 143.8585 102.7132 4 2 2 0 3.9101 1 0 1 1.0601 0.8600
4 84.9633 129.4892 2 3 4 0 3.0349 0 0 1 1.3624 0.8609
5 103.5668 102.0057 2 3 4 0 4.7625 0 0 1 1.2950 0.8618
5 62.8468 102.1042 1 3 2 0 1.3734 0 0 1 1.8345 0.8627
5 125.0520 99.4714 4 2 2 0 2.7110 1 0 1 1.8952 0.8636
5 125.7579 107.7674 4 3 2 0 1.1262 0 0 1 1.6608 0.8645
5 95.5324 124.7046 2 3 3 0 1.5096 1 0 1 1.4463 0.8654
5 132.5168 79.3665 4 3 1 0 1.5615 0 0 1 0.8108 0.8662
5 123.1581 86.3214 3 3 3 1 1.3904 1 0 1 1.5167 0.8671
5 89.4633 121.3259 2 3 3 0 1.4095 1 0 1 0.9107 0.8679
5 56.7195 111.4643 1 3 2 0 1.5235 0 0 1 1.2679 0.8688
5 149.8503 85.6629 4 3 3 0 1.6813 1 0 1 0.9501 0.8696
5 109.2525 147.8820 2 2 4 1 1.9961 0 0 0 4.7771 0.8642
5 136.2692 109.1555 4 3 4 0 1.5692 0 0 1 1.2215 0.8650
5 96.2624 137.6255 2 3 4 0 1.7144 0 0 1 1.5924 0.8659
5 104.7419 95.8541 4 3 4 0 1.0872 0 0 1 1.7966 0.8667
5 83.5518 92.8667 1 3 1 0 2.6407 0 0 1 2.7350 0.8675
5 77.6529 103.1860 1 3 1 0 1.3954 0 0 1 1.2501 0.8683
5 98.2208 65.4573 3 3 1 1 2.4633 0 0 1 1.7048 0.8690
5 63.8414 99.9808 1 3 1 0 1.9385 0 0 1 0.9908 0.8698
5 103.8987 52.9844 3 3 4 1 1.5252 0 0 1 1.4159 0.8706
5 100.6753 135.6078 2 2 4 1 2.2992 0 0 1 1.3767 0.8713
5 70.8464 89.2329 1 3 1 0 1.1692 0 0 1 2.0258 0.8721
5 105.3527 58.0847 3 3 1 1 1.3874 0 0 1 1.6902 0.8728
5 73.2713 112.1859 1 3 2 0 1.1397 0 0 1 1.0205 0.8736
5 87.9524 84.3511 1 3 2 0 1.6370 0 0 1 1.3373 0.8743
5 126.8054 79.3947 4 3 3 0 1.6725 1 0 0 1.7892 0.8693
5 102.9168 122.0853 2 3 3 0 2.4744 1 0 1 1.5263 0.8701
5 106.3064 69.9625 3 3 3 1 0.9868 1 0 1 1.2780 0.8708
5 77.0428 103.0216 1 3 1 0 1.6452 0 0 1 1.3140 0.8715
5 88.5755 154.7110 2 3 1 0 1.1546 0 0 1 0.8580 0.8722
5 107.7046 80.5418 3 3 3 1 1.4858 1 0 1 1.3274 0.8729
5 99.7772 123.8030 2 2 3 1 2.8311 0 0 1 1.3788 0.8736
5 123.5913 90.9964 3 3 1 1 1.3481 0 0 1 1.1540 0.8743
5 69.5087 113.4943 1 3 2 0 0.9245 0 0 1 1.1505 0.8750
5 101.8314 70.9860 3 3 3 1 1.0188 1 0 1 0.8309 0.8757
5 143.4742 104.9102 4 2 3 0 2.6579 0 0 1 2.2235 0.8763
5 143.6517 112.9284 4 3 4 0 1.3973 0 0 1 0.9960 0.8770
5 109.8880 115.3438 2 3 3 0 1.9146 1 0 1 1.2050 0.8777
5 91.8422 58.5898 3 3 2 1 1.6358 0 0 1 1.3033 0.8783
5 139.6484 97.5681 4 2 4 0 1.4293 0 0 1 1.4129 0.8789
5 137.0168 95.2159 4 3 2 0 1.6856 0 0 1 1.2587 0.8796
5 58.3275 73.3529 1 3 1 0 1.5119 0 0 1 0.9515 0.8802
5 135.9208 94.1744 4 3 1 0 2.8118 0 0 1 0.4458 0.8808
5 108.8790 128.9527 2 3 2 0 2.1339 0 0 1 0.8866 0.8814
5 97.8579 128.1863 2 3 1 0 2.7942 0 0 1 0.6993 0.8821
5 69.4482 106.4665 1 3 3 0 1.6738 1 0 1 1.7265 0.8827
5 95.4788 69.3943 3 3 1 1 1.2244 0 0 1 1.3620 0.8832
5 95.8491 76.6500 3 3 3 1 1.2356 1 0 1 0.9573 0.8838
5 107.4894 67.7759 3 3 4 1 2.2591 0 0 1 1.1107 0.8844
5 95.9106 133.0822 2 3 3 0 0.9279 1 0 1 1.5531 0.8850
5 126.2479 93.8255 4 3 2 0 1.2075 0 0 1 0.8167 0.8856
5 107.8462 71.1292 3 3 3 1 1.1398 1 0 1 0.8268 0.8861
5 102.1152 59.2238 3 3 3 1 3.5160 1 0 1 0.5442 0.8867
5 104.9284 74.3248 3 3 2 1 1.1797 0 0 1 1.2521 0.8873
5 101.5459 83.4905 3 3 2 1 1.0425 0 0 1 0.7748 0.8878
5 102.6554 124.9706 2 3 3 0 1.4801 1 0 1 0.9828 0.8883
5 81.9795 108.6904 1 2 1 0 1.7896 0 0 1 1.0787 0.8889
5 123.6157 140.5805 2 3 1 0 1.4071 0 0 1 1.2611 0.8894
5 79.1953 108.8968 1 3 4 0 0.9243 0 0 1 1.1654 0.8900
5 127.7061 107.1893 4 3 2 0 1.0495 0 0 1 1.0698 0.8905
5 138.1587 109.2010 4 3 4 0 1.5433 0 0 1 0.5842 0.8910
5 71.9726 116.2312 1 3 4 0 1.4452 0 0 1 1.2357 0.8915
5 114.8966 101.9000 4 3 4 0 0.8316 0 0 1 1.2776 0.8920
5 101.7032 60.1956 3 3 3 1 0.9073 1 0 1 0.5560 0.8925
5 125.3602 108.8345 4 3 2 0 3.3999 0 0 1 1.4643 0.8930
5 77.8577 103.2591 1 3 1 0 1.2435 0 0 1 1.2215 0.8935
5 106.7931 73.1952 3 3 4 1 1.7626 0 0 1 0.7131 0.8940
5 103.8216 160.6784 2 2 2 1 1.5757 1 0 1 1.3069 0.8945
5 72.5069 95.0757 1 3 3 0 1.2265 1 0 1 1.6533 0.8950
5 105.8389 59.3266 3 3 2 1 1.6617 0 0 1 1.4100 0.8955
5 68.7974 98.9162 1 3 3 0 3.8926 1 0 1 4.2274 0.8959
5 90.6607 114.7931 2 3 4 0 1.2451 0 0 1 1.2229 0.8964
5 100.2864 72.4270 3 3 3 1 2.3722 1 0 1 1.1470 0.8969
5 124.4834 113.4982 4 3 2 0 1.4789 0 0 1 0.9038 0.8973
5 52.2791 89.7587 1 3 4 0 1.7081 0 0 1 1.1057 0.8978
5 118.1874 104.7384 4 3 4 0 1.0834 0 0 1 2.7708 0.8982
5 97.4285 121.9249 2 3 1 0 2.0868 0 0 1 1.4948 0.8987
5 135.3254 107.9271 4 3 2 0 1.0985 0 0 1 1.1535 0.8991
5 87.7432 121.7098 2 3 1 0 2.0755 0 0 1 0.9711 0.8996
5 101.5874 128.6738 2 2 3 1 1.7623 0 0 1 1.3871 0.9000
5 64.6998 97.2169 1 3 1 0 2.3470 0 0 1 2.7857 0.9004
5 68.2180 104.2906 1 3 4 0 2.2301 0 0 1 1.2261 0.9009
5 55.6794 110.5232 1 3 3 0 1.5745 1 0 1 2.0408 0.9013
5 131.2137 109.6500 4 3 3 0 1.3241 1 0 1 1.2248 0.9017
5 77.5306 86.0670 1 3 3 0 1.0000 1 0 1 0.9875 0.9021
5 106.2040 62.1277 3 3 1 1 1.9074 0 0 1 1.2791 0.9025
5 106.3990 126.8403 2 3 2 0 1.5642 0 0 1 0.9107 0.9030
5 107.9754 122.2757 2 3 3 0 1.5566 1 0 1 1.1268 0.9034
5 140.5597 95.9058 4 3 2 0 0.8813 0 0 1 0.8022 0.9038
5 133.6424 103.4671 4 3 1 0 0.9817 0 0 1 5.1926 0.9042
5 114.5281 61.5265 3 3 2 1 1.2757 0 0 1 0.7421 0.9046
5 101.1053 71.3264 3 3 2 1 0.8864 0 0 1 0.6156 0.9050
5 63.6886 99.3253 1 3 4 0 0.1643 0 0 0 2.0500 0.9012
5 113.7347 110.0741 4 3 4 0 1.7154 0 0 1 1.1932 0.9016
5 110.6893 65.7843 3 3 4 1 1.1111 0 0 1 0.8767 0.9020
5 109.9944 128.7132 2 3 3 0 2.2397 1 0 1 1.2827 0.9024
5 126.1289 115.0799 4 3 2 0 1.2977 0 0 1 0.9722 0.9028
5 115.6346 88.5311 3 3 1 1 1.6345 0 0 1 0.7738 0.9032
5 103.8039 134.0234 2 3 4 0 7.8627 0 0 1 1.6255 0.9036
5 110.7196 116.0871 2 3 3 0 2.2095 1 0 1 1.3643 0.9040
5 58.3788 84.3613 1 3 2 0 3.2378 0 0 1 3.3637 0.9044
6 126.2764 83.8192 4 3 1 0 1.8959 0 0 1 2.4506 0.9048
6 80.0384 101.4079 1 3 1 0 1.1821 0 0 1 1.3502 0.9051
6 87.5448 133.7851 2 3 4 0 2.0853 0 0 1 0.9166 0.9055
6 71.0679 87.6457 1 3 3 0 1.4654 1 0 0 1.7526 0.9020
6 79.8331 109.3147 1 3 4 0 2.4336 0 0 1 1.1289 0.9023
6 146.5705 88.5627 4 3 2 0 1.4116 0 0 1 1.3772 0.9027
6 126.1796 107.6207 4 2 3 0 2.7382 0 0 1 1.2828 0.9031
6 114.1970 77.1463 3 3 3 1 8.7210 1 0 0 6.8583 0.8996
6 81.4458 97.6135 1 3 4 0 1.1757 0 0 0 1.4077 0.8962
6 140.1412 112.9269 4 3 3 0 2.0657 1 0 1 1.5684 0.8966
6 80.0327 125.0308 2 3 3 0 1.5576 1 0 1 1.3348 0.8969
6 133.5203 113.6583 4 3 4 0 1.0788 0 0 1 0.8912 0.8973
6 109.1853 138.0732 2 3 4 0 1.7278 0 0 1 2.1818 0.8977
6 96.4923 64.0008 3 3 1 1 26.3461 0 0 1 1.3524 0.8981
6 136.6643 105.0332 4 2 4 0 3.4475 0 0 1 1.9459 0.8985
6 141.1648 118.9442 4 3 4 0 2.3925 0 0 1 1.2154 0.8989
6 70.1847 112.6640 1 3 3 0 1.2926 1 0 1 1.1278 0.8993
6 110.0655 62.6440 3 3 1 1 1.4254 0 0 1 0.7354 0.8996
6 93.6008 125.3017 2 3 4 0 2.0153 0 0 0 1.5649 0.8963
6 90.4904 90.7713 1 3 2 0 1.6501 0 0 1 0.8860 0.8967
6 123.5941 102.7619 4 2 3 0 2.7294 0 0 0 3.7870 0.8934
6 80.4441 103.3211 1 3 1 0 1.0664 0 0 0 1.9674 0.8901
6 105.2905 110.1930 2 3 4 0 2.8478 0 0 1 3.1889 0.8905
6 98.0313 85.9155 3 3 4 1 1.9738 0 0 1 1.4425 0.8909
6 94.1668 86.3556 3 3 1 1 1.5724 0 0 1 1.5748 0.8913
6 91.7822 124.1051 2 3 1 0 1.6764 0 0 1 1.4244 0.8917
6 116.9347 101.9188 4 3 1 0 1.6492 0 0 1 1.5255 0.8921
6 93.4160 96.6826 1 3 1 0 1.4331 0 0 1 1.5754 0.8925
6 74.1195 99.1445 1 3 4 0 1.4207 0 0 1 1.1943 0.8929
6 122.3346 91.6734 4 3 4 0 1.2695 0 0 1 2.3997 0.8932
6 107.3234 140.2796 2 3 2 0 1.2766 0 0 1 1.3989 0.8936
6 121.3137 98.8788 4 3 3 0 1.1917 1 0 1 0.9757 0.8940
6 95.8101 77.8261 3 3 1 1 1.3976 0 0 1 1.1556 0.8944
6 76.8107 106.3702 1 3 3 0 1.5499 1 0 1 0.9588 0.8947
6 100.2814 82.6420 3 3 4 1 1.1568 0 0 1 2.0287 0.8951
6 99.5780 137.4124 2 3 4 0 1.3091 0 0 1 1.5282 0.8955
6 98.2771 121.0598 2 2 4 1 2.4114 0 0 1 0.8986 0.8958
6 78.2270 104.3290 1 3 2 0 1.3662 0 0 1 2.2748 0.8962
6 55.9682 101.5119 1 3 4 0 0.9381 0 0 1 1.2121 0.8966
6 109.0030 126.8378 2 3 4 0 0.9525 0 0 1 0.9064 0.8969
6 92.5239 112.3685 2 3 1 0 2.0784 0 0 1 1.5492 0.8973
6 118.4548 107.2515 4 3 3 0 1.0744 1 0 1 2.2479 0.8976
6 81.7712 111.1103 1 3 2 0 1.5651 0 0 1 1.4543 0.8980
6 78.1565 106.1586 1 3 4 0 1.0240 0 0 1 1.0118 0.8983
6 77.0563 105.1720 1 3 1 0 1.0022 0 0 1 0.8316 0.8986
6 115.8688 77.2415 3 3 4 1 1.1986 0 0 1 0.9029 0.8990
6 101.0772 80.8251 3 3 3 1 1.9949 1 0 1 0.8558 0.8993
6 134.5390 105.2827 4 3 4 0 1.2101 0 0 0 2.0669 0.8963
6 107.2683 82.1691 3 3 3 1 1.7004 1 0 1 1.3543 0.8967
6 88.9937 55.4789 3 3 3 1 1.0921 1 0 0 0.0000 0.8967
6 74.2690 85.7949 1 2 3 0 3.7335 0 0 0 0.0000 0.8967
6 107.1687 132.0388 2 3 1 0 1.4508 0 0 0 0.0000 0.8967
6 76.5790 100.0855 1 3 4 0 1.4136 0 0 0 0.0000 0.8967
6 102.0468 85.1780 3 4 3 0 3.1998 0 0 0 0.0000 0.8967
6 89.6707 66.7162 3 1 1 0 0.3763 1 0 0 0.0000 0.8967
6 124.0902 118.9130 4 2 3 0 1.6735 0 0 0 0.0000 0.8967
6 72.1357 96.4958 1 3 3 0 0.8279 1 0 0 0.0000 0.8967
6 114.0655 154.3119 2 4 1 0 0.9034 0 0 0 0.0000 0.8967
6 106.9555 129.7324 2 3 2 0 0.3094 0 0 0 0.0000 0.8967
6 148.4004 105.7397 4 2 1 0 0.9962 0 0 0 0.0000 0.8967
6 106.3317 61.3886 3 1 1 0 0.2937 1 0 0 0.0000 0.8967
6 110.2706 135.7376 2 2 2 1 0.9325 1 0 0 0.0000 0.8967
6 95.8447 83.3202 3 3 4 1 0.5165 0 0 0 0.0000 0.8967
6 101.1719 119.2859 2 4 2 0 2.4724 0 0 0 0.0000 0.8967
6 100.2872 72.8516 3 3 1 1 0.5261 0 0 0 0.0000 0.8967
6 91.3367 66.3946 3 4 4 0 0.4180 1 0 0 0.0000 0.8967
6 129.2816 110.8507 4 2 3 0 0.9632 0 0 0 0.0000 0.8967
6 137.3987 90.8951 4 1 1 0 0.3416 1 0 0 0.0000 0.8967
6 150.1976 102.3980 4 1 1 0 0.8696 1 0 0 0.0000 0.8967
6 95.0595 146.4255 2 3 3 0 0.6920 1 0 0 0.0000 0.8967
6 78.0881 134.8433 2 3 3 0 0.7012 1 0 0 0.0000 0.8967
6 81.1348 85.8898 1 3 2 0 0.6467 0 0 0 0.0000 0.8967
6 91.5153 109.5289 2 2 1 1 1.0226 0 0 0 0.0000 0.8967
6 67.5129 120.7204 1 1 4 1 0.3690 0 0 0 0.0000 0.8967
6 98.0288 118.9963 2 3 1 0 0.3690 0 0 0 0.0000 0.8967
6 94.7207 105.7847 2 3 1 0 0.8005 0 0 0 0.0000 0.8967
6 89.9558 64.8627 3 4 4 0 0.2829 1 0 0 0.0000 0.8967
6 109.8450 73.7830 3 3 3 1 0.7133 1 0 0 0.0000 0.8967
6 97.1936 128.5897 2 3 4 0 0.5944 0 0 0 0.0000 0.8967
6 119.6669 98.9626 4 2 1 0 1.0480 0 0 0 0.0000 0.8967
6 140.2754 107.0743 4 1 1 0 1.3712 1 0 0 0.0000 0.8967
6 90.5905 64.5018 1 3 2 0 0.7418 0 0 0 0.0000 0.8967
6 94.5967 82.4114 3 4 4 0 0.5444 1 0 0 0.0000 0.8967
6 127.9187 108.3813 4 1 1 0 1.9555 1 0 0 0.0000 0.8967
6 120.2365 105.3651 4 1 4 0 0.7331 0 0 0 0.0000 0.8967
6 63.4358 97.9667 1 3 1 0 0.6956 0 0 0 0.0000 0.8967
6 73.3303 105.7902 1 2 1 0 0.7835 0 0 0 0.0000 0.8967
6 104.7563 75.8659 3 3 3 1 0.2667 1 0 0 0.0000 0.8967
6 104.9014 118.6219 2 2 4 1 1.0634 0 0 0 0.0000 0.8967
6 136.1951 109.8769 4 4 3 1 0.8418 0 0 0 0.0000 0.8967
6 103.4128 73.7752 3 3 1 1 0.4698 0 0 0 0.0000 0.8967
6 100.4535 75.4099 3 3 3 1 0.8238 1 0 0 0.0000 0.8967
6 84.9137 90.1487 3 3 2 1 0.5314 0 0 0 0.0000 0.8967
6 92.9462 88.1557 3 3 1 1 0.6465 0 0 0 0.0000 0.8967
6 61.1240 86.3064 1 3 1 0 0.5888 0 0 0 0.0000 0.8967
6 121.8181 81.1996 4 3 3 0 0.1621 1 0 0 0.0000 0.8967
6 100.7278 116.5772 2 2 2 1 0.7476 1 0 0 0.0000 0.8967
6 128.9701 121.7062 4 1 4 0 0.6944 0 0 0 0.0000 0.8967
6 73.9319 114.8849 1 2 2 0 0.3680 1 0 0 0.0000 0.8967
6 112.8350 144.2134 2 4 3 0 0.3355 0 0 0 0.0000 0.8967
7 102.2557 91.8934 3 3 0 1 1.0824 1 1 0 0.0000 0.8967
7 96.1414 112.7962 2 3 0 0 3.9690 0 1 0 0.0000 0.8967
7 100.9880 121.5908 2 3 0 0 15.5311 0 1 0 0.0000 0.8967
7 94.9039 108.7768 2 4 0 0 1.9352 0 1 0 0.0000 0.8967
7 81.3311 81.8530 1 3 0 0 0.3265 0 1 0 0.0000 0.8967
7 82.9756 154.2510 2 3 0 0 1.5404 0 1 0 0.0000 0.8967
7 116.8400 79.5157 3 4 0 0 0.8972 0 1 0 0.0000 0.8967
7 127.8129 85.9738 4 3 0 0 19.6771 0 1 0 0.0000 0.8967
7 98.6420 67.0848 3 3 0 1 0.8278 1 1 0 0.0000 0.8967
7 66.1732 98.4152 1 3 0 0 0.5350 0 1 0 0.0000 0.8967
7 118.2760 134.3861 2 4 0 0 0.9218 0 1 0 0.0000 0.8967
7 137.7972 100.4247 4 1 0 0 1.8312 0 1 0 0.0000 0.8967
7 78.2750 98.0735 1 3 0 0 0.8276 0 1 0 0.0000 0.8967
7 119.9412 80.9812 3 3 0 1 0.5829 1 1 0 0.0000 0.8967
7 112.8966 126.8406 2 3 0 0 0.4756 0 1 0 0.0000 0.8967
7 73.6090 100.0768 1 4 0 0 0.7979 0 1 0 0.0000 0.8967
7 94.1701 78.6328 3 3 0 1 0.3119 1 1 0 0.0000 0.8967
7 127.1002 108.3619 4 2 0 0 0.9816 0 1 0 0.0000 0.8967
7 111.2919 71.9448 3 3 0 1 1.0927 1 1 0 0.0000 0.8967
7 81.9811 122.2044 2 3 0 0 0.4703 0 1 0 0.0000 0.8967
7 101.1555 128.3788 2 3 0 0 0.5519 0 1 0 0.0000 0.8967
7 116.2361 104.3239 4 4 0 1 0.7314 1 1 0 0.0000 0.8967
7 131.2836 106.8547 4 4 0 1 0.8366 1 1 0 0.0000 0.8967
7 69.0852 87.0812 1 3 0 0 0.5450 0 1 0 0.0000 0.8967
7 79.5622 79.5091 3 2 0 0 0.9009 0 1 0 0.0000 0.8967
7 94.8763 128.9719 2 4 0 0 0.2461 0 1 0 0.0000 0.8967
7 103.5760 77.8437 3 3 0 1 0.2126 1 1 0 0.0000 0.8967
7 65.7857 99.0509 1 3 0 0 0.2569 0 1 0 0.0000 0.8967
7 101.5083 136.7463 2 4 0 0 0.2546 0 1 0 0.0000 0.8967
7 134.4524 99.3927 4 3 0 0 0.2369 0 1 0 0.0000 0.8967
7 138.1050 78.6352 4 4 0 1 0.5056 1 1 0 0.0000 0.8967
7 94.4389 74.6188 3 4 0 0 0.5100 0 1 0 0.0000 0.8967
7 65.5803 106.6743 1 3 0 0 0.2572 0 1 0 0.0000 0.8967
7 104.7658 137.1957 2 1 0 0 0.2548 0 1 0 0.0000 0.8967
7 104.8673 128.2429 2 2 0 1 0.2368 1 1 0 0.0000 0.8967
7 90.7955 75.5635 3 2 0 0 0.3469 0 1 0 0.0000 0.8967
7 116.4688 89.7162 4 3 0 0 0.2048 0 1 0 0.0000 0.8967
7 116.1249 104.1484 4 3 0 0 0.2492 0 1 0 0.0000 0.8967
7 105.2428 69.6735 3 4 0 0 0.3430 0 1 0 0.0000 0.8967
7 74.0931 102.4500 1 3 0 0 0.2791 0 1 0 0.0000 0.8967
7 110.0177 129.0274 2 4 0 0 0.3247 0 1 0 0.0000 0.8967
7 42.7977 98.7857 1 3 0 0 0.4194 0 1 0 0.0000 0.8967
7 115.4950 102.4642 4 3 0 0 0.2914 0 1 0 0.0000 0.8967
7 129.6425 91.9746 4 3 0 0 0.0011 0 1 0 0.0000 0.8967
7 65.5740 101.7929 1 3 0 0 0.0563 0 1 0 0.0000 0.8967
7 130.1129 92.5924 4 3 0 0 0.2411 0 1 0 0.0000 0.8967
7 66.9476 106.2204 1 4 0 0 0.4935 0 1 0 0.0000 0.8967
7 138.9301 102.8864 4 3 0 0 0.0814 0 1 0 0.0000 0.8967
7 120.2600 88.8269 4 2 0 0 0.2825 0 1 0 0.0000 0.8967
7 92.0560 65.2067 3 3 0 1 0.3306 1 1 0 0.0000 0.8967
7 111.8528 115.5680 2 4 0 0 0.6647 0 1 0 0.0000 0.8967
7 129.0227 91.0200 4 1 0 0 0.0801 0 1 0 0.0000 0.8967
7 89.3754 80.2530 3 3 0 1 0.4425 1 1 0 0.0000 0.8967
7 94.5770 65.3457 3 3 0 1 0.4596 1 1 0 0.0000 0.8967
7 98.9164 142.1705 2 3 0 0 0.4129 0 1 0 0.0000 0.8967
7 103.2879 70.9612 3 4 0 0 0.3340 0 1 0 0.0000 0.8967
7 127.5829 95.3633 4 3 0 0 0.2688 0 1 0 0.0000 0.8967
7 103.5026 142.9016 2 2 0 1 0.2977 1 1 0 0.0000 0.8967
7 61.8078 120.1106 1 2 0 0 0.6960 0 1 0 0.0000 0.8967
7 111.3216 66.9400 3 1 0 0 0.2251 0 1 0 0.0000 0.8967
7 116.9702 92.0839 4 3 0 0 0.2872 0 1 0 0.0000 0.8967
7 70.7232 116.5256 1 3 0 0 0.2864 0 1 0 0.0000 0.8967
7 124.6191 98.2480 4 4 0 1 0.1232 1 1 0 0.0000 0.8967
7 100.1946 133.4809 2 3 0 0 0.3240 0 1 0 0.0000 0.8967
7 92.8701 115.4010 2 3 0 0 0.6906 0 1 0 0.0000 0.8967
7 106.9445 67.1810 3 4 0 0 0.0126 0 1 0 0.0000 0.8967
7 114.0260 71.2138 3 3 0 1 1.7782 1 1 0 0.0000 0.8967
7 107.6510 124.9763 2 4 0 0 0.3413 0 1 0 0.0000 0.8967
7 105.3890 122.3535 2 3 0 0 0.8197 0 1 0 0.0000 0.8967
7 69.9645 86.5683 1 2 0 0 0.7515 0 1 0 0.0000 0.8967
7 49.0672 104.1744 1 1 0 1 0.0572 1 1 0 0.0000 0.8967
7 114.5423 65.2524 3 3 0 1 1.8090 1 1 0 0.0000 0.8967
7 119.6989 106.1292 4 4 0 1 1.7335 1 1 0 0.0000 0.8967
7 126.7152 117.4950 4 4 0 1 1.1271 1 1 0 0.0000 0.8967
7 126.1778 99.7698 4 4 0 1 0.8410 1 1 0 0.0000 0.8967
7 90.2395 128.2253 2 3 0 0 0.9323 0 1 0 0.0000 0.8967
7 88.6969 141.3633 2 2 0 1 1.1370 1 1 0 0.0000 0.8967
7 102.1550 55.7520 3 3 0 1 1.0118 1 1 0 0.0000 0.8967
7 74.4528 101.6761 1 2 0 0 1.2993 0 1 0 0.0000 0.8967
7 58.2609 103.3889 1 3 0 0 0.8425 0 1 0 0.0000 0.8967
7 132.9935 87.5063 4 4 0 1 0.8217 1 1 0 0.0000 0.8967
7 71.8706 91.0002 1 3 0 0 1.0569 0 1 0 0.0000 0.8967
7 122.8224 101.7694 4 4 0 1 0.8492 1 1 0 0.0000 0.8967
7 72.5890 103.3064 1 3 0 0 1.1641 0 1 0 0.0000 0.8967
7 96.9975 144.9041 2 4 0 0 1.1360 0 1 0 0.0000 0.8967
7 73.7486 110.4400 1 3 0 0 0.3556 0 1 0 0.0000 0.8967
7 113.6511 134.4659 2 2 0 1 0.2753 1 1 0 0.0000 0.8967
7 94.9339 58.1167 3 2 0 0 0.3363 0 1 0 0.0000 0.8967
7 93.8110 81.9111 3 1 0 0 0.2067 0 1 0 0.0000 0.8967
7 95.9689 62.9362 3 3 0 1 0.3139 1 1 0 0.0000 0.8967
7 77.0293 88.6312 1 3 0 0 0.2807 0 1 0 0.0000 0.8967
7 75.4131 94.6944 1 3 0 0 0.0062 0 1 0 0.0000 0.8967
7 98.1891 128.3366 2 4 0 0 0.3326 0 1 0 0.0000 0.8967
7 59.6690 94.7477 1 4 0 0 0.4918 0 1 0 0.0000 0.8967
7 86.3858 114.7453 1 3 0 0 0.1746 0 1 0 0.0000 0.8967
7 120.7779 94.1121 4 3 0 0 0.5844 0 1 0 0.0000 0.8967
7 104.5539 75.9852 3 3 0 1 0.1413 1 1 0 0.0000 0.8967
7 113.3941 91.5610 4 4 0 1 0.6138 1 1 0 0.0000 0.8967
7 63.4951 112.7103 1 4 0 0 0.2854 0 1 0 0.0000 0.8967
7 105.0474 72.4231 3 3 0 1 0.2650 1 1 0 0.0000 0.8967
8 77.9959 133.3717 2 3 0 0 1.1460 0 1 0 0.0000 0.8967
8 116.8181 91.3350 3 3 0 1 0.4150 1 1 0 0.0000 0.8967
8 94.8067 71.0829 3 3 0 1 0.2557 1 1 0 0.0000 0.8967
8 85.2607 84.4604 1 3 0 0 0.3004 0 1 0 0.0000 0.8967
8 96.1304 74.5303 3 4 0 0 0.2180 0 1 0 0.0000 0.8967
8 130.4596 86.2393 4 3 0 0 0.2941 0 1 0 0.0000 0.8967
8 136.8027 115.4470 4 4 0 1 0.2437 1 1 0 0.0000 0.8967
8 57.9441 87.1006 1 3 0 0 0.6732 0 1 0 0.0000 0.8967
8 97.3481 129.1895 2 4 0 0 0.7924 0 1 0 0.0000 0.8967
8 98.5767 125.9519 2 2 0 1 0.3723 1 1 0 0.0000 0.8967
8 67.7185 92.3521 1 3 0 0 0.7262 0 1 0 0.0000 0.8967
8 105.3690 62.3515 3 3 0 1 75.9966 1 1 0 0.0000 0.8967
8 97.7604 139.6673 2 4 0 0 1.2507 0 1 0 0.0000 0.8967
8 92.9046 122.1020 2 3 0 0 0.8590 0 1 0 0.0000 0.8967
8 93.6683 67.5234 3 2 0 0 1.1434 0 1 0 0.0000 0.8967
8 84.0640 104.1338 1 3 0 0 0.2186 0 1 0 0.0000 0.8967
8 67.3771 101.2090 1 4 0 0 0.2305 0 1 0 0.0000 0.8967
8 104.6776 56.5007 3 3 0 1 0.2118 1 1 0 0.0000 0.8967
8 105.4858 142.3728 2 4 0 0 0.6877 0 1 0 0.0000 0.8967
8 94.5523 61.3336 3 3 0 1 0.3125 1 1 0 0.0000 0.8967
8 91.9341 128.1148 2 4 0 0 0.5012 0 1 0 0.0000 0.8967
8 75.7972 136.1125 2 3 0 0 0.3140 0 1 0 0.0000 0.8967
8 132.4578 93.5496 4 1 0 0 1.4797 0 1 0 0.0000 0.8967
8 94.9933 68.5995 3 4 0 0 0.2904 0 1 0 0.0000 0.8967
8 108.7611 66.5369 3 3 0 1 0.1608 1 1 0 0.0000 0.8967
8 94.4599 89.8636 3 4 0 0 0.6029 0 1 0 0.0000 0.8967
8 90.7274 115.0446 2 3 0 0 0.1135 0 1 0 0.0000 0.8967
8 91.3928 137.1108 2 2 0 1 1.4519 1 1 0 0.0000 0.8967
8 101.6947 71.4132 3 1 0 0 0.2635 0 1 0 0.0000 0.8967
8 116.0171 54.0204 3 3 0 1 0.2763 1 1 0 0.0000 0.8967
8 129.3278 121.8224 4 2 0 0 1.1218 0 1 0 0.0000 0.8967
8 70.5587 113.6624 1 3 0 0 1.0922 0 1 0 0.0000 0.8967
8 104.1968 141.2735 2 4 0 0 1.4613 0 1 0 0.0000 0.8967
8 138.9077 109.0262 4 2 0 0 1.7146 0 1 0 0.0000 0.8967
8 125.8238 82.1636 4 3 0 0 0.2757 0 1 0 0.0000 0.8967
8 103.7433 91.3476 4 1 0 0 0.4321 0 1 0 0.0000 0.8967
8 95.3532 130.8562 2 3 0 0 0.1773 0 1 0 0.0000 0.8967
8 80.1447 103.8121 1 4 0 0 0.7472 0 1 0 0.0000 0.8967
8 134.8970 112.8241 4 3 0 0 27.7307 0 1 0 0.0000 0.8967
8 102.5619 50.8807 3 4 0 0 0.7370 0 1 0 0.0000 0.8967
8 96.8514 93.5220 1 3 0 0 0.1698 0 1 0 0.0000 0.8967
8 74.4056 94.8732 1 4 0 0 0.3742 0 1 0 0.0000 0.8967
8 75.2236 88.3775 1 3 0 0 0.0073 0 1 0 0.0000 0.8967
8 129.2137 95.3005 4 4 0 1 0.0293 1 1 0 0.0000 0.8967
8 123.7680 91.1913 4 3 0 0 0.2929 0 1 0 0.0000 0.8967
8 64.1784 95.8536 1 4 0 0 0.0993 0 1 0 0.0000 0.8967
8 63.8999 101.5863 1 3 0 0 0.0941 0 1 0 0.0000 0.8967
8 121.0435 119.9764 2 4 0 0 0.0232 0 1 0 0.0000 0.8967
8 78.1628 109.6438 1 3 0 0 0.4484 0 1 0 0.0000 0.8967
8 119.7145 97.1257 4 4 0 1 0.2103 1 1 0 0.0000 0.8967
8 111.1747 126.9010 2 3 0 0 0.2232 0 1 0 0.0000 0.8967
8 124.4760 113.3694 4 4 0 1 0.0111 1 1 0 0.0000 0.8967
8 91.9884 65.8295 3 3 0 1 0.9631 1 1 0 0.0000 0.8967
8 77.5715 109.9897 1 3 0 0 0.8339 0 1 0 0.0000 0.8967
8 88.1528 75.4018 3 4 0 0 0.2539 0 1 0 0.0000 0.8967
8 109.4130 86.6045 3 3 0 1 0.0127 1 1 0 0.0000 0.8967
8 107.4919 124.2660 2 2 0 1 1.9414 1 1 0 0.0000 0.8967
8 70.7976 95.5266 1 3 0 0 0.9570 0 1 0 0.0000 0.8967
8 105.4727 122.0417 2 2 0 1 1.0829 1 1 0 0.0000 0.8967
8 131.6035 100.0489 4 1 0 0 1.2289 0 1 0 0.0000 0.8967
8 93.0298 127.9223 2 2 0 1 0.9466 1 1 0 0.0000 0.8967
8 90.9566 126.3451 2 2 0 1 1.0408 1 1 0 0.0000 0.8967
8 87.4036 103.1563 1 3 0 0 1.2492 0 1 0 0.0000 0.8967
8 137.3462 113.9915 4 2 0 0 0.8544 0 1 0 0.0000 0.8967
8 118.5892 107.7876 2 2 0 1 0.7544 1 1 0 0.0000 0.8967
8 93.3553 104.9840 1 3 0 0 1.1632 0 1 0 0.0000 0.8967
8 117.2242 127.3864 2 2 0 1 0.9584 1 1 0 0.0000 0.8967
8 135.8998 87.2633 4 1 0 0 1.0039 0 1 0 0.0000 0.8967
8 135.1553 91.0800 4 4 0 1 1.3710 1 1 0 0.0000 0.8967
8 79.8961 81.1035 3 3 0 1 1.0446 1 1 0 0.0000 0.8967
8 86.1985 132.7623 2 3 0 0 1.4286 0 1 0 0.0000 0.8967
8 134.6526 106.7230 4 2 0 0 0.8153 0 1 0 0.0000 0.8967
8 64.4410 99.6203 1 3 0 0 0.9377 0 1 0 0.0000 0.8967
8 69.6587 95.3935 1 1 0 1 0.9041 1 1 0 0.0000 0.8967
8 136.6877 95.0447 4 4 0 1 0.9649 1 1 0 0.0000 0.8967
8 102.1490 115.6918 4 2 0 0 0.8837 0 1 0 0.0000 0.8967
8 107.4212 77.5781 3 4 0 0 1.4240 0 1 0 0.0000 0.8967
8 94.8941 72.0194 3 1 0 0 1.0992 0 1 0 0.0000 0.8967
8 77.9282 100.4959 1 3 0 0 1.3732 0 1 0 0.0000 0.8967
8 100.4068 124.7725 2 4 0 0 1.4944 0 1 0 0.0000 0.8967
8 71.1468 98.6645 1 2 0 0 0.7379 0 1 0 0.0000 0.8967
8 54.7262 102.9481 1 3 0 0 0.2507 0 1 0 0.0000 0.8967
8 61.9010 110.7270 1 4 0 0 0.2148 0 1 0 0.0000 0.8967
8 132.9753 98.2457 4 4 0 1 1.4274 1 1 0 0.0000 0.8967
8 104.3078 130.6184 2 2 0 1 1.2959 1 1 0 0.0000 0.8967
8 87.4933 102.6541 1 3 0 0 1.0786 0 1 0 0.0000 0.8967
8 101.4158 66.0176 3 4 0 0 0.6962 0 1 0 0.0000 0.8967
8 134.6237 92.0509 4 4 0 1 0.2090 1 1 0 0.0000 0.8967
8 127.3768 98.4144 4 4 0 1 0.0622 1 1 0 0.0000 0.8967
8 71.7453 107.3721 1 4 0 0 0.1361 0 1 0 0.0000 0.8967
8 100.3058 142.8041 2 3 0 0 0.8986 0 1 0 0.0000 0.8967
8 98.0184 84.3762 3 2 0 0 0.8792 0 1 0 0.0000 0.8967
8 109.0160 110.1222 4 3 0 0 0.3309 0 1 0 0.0000 0.8967
8 137.0804 110.1187 4 4 0 1 0.1699 1 1 0 0.0000 0.8967
8 86.6962 51.7089 3 4 0 0 0.0520 0 1 0 0.0000 0.8967
8 110.8904 77.7991 3 4 0 0 0.1067 0 1 0 0.0000 0.8967
8 111.8529 106.1376 4 4 0 1 0.1791 1 1 0 0.0000 0.8967
8 99.3557 122.9250 2 4 0 0 0.1087 0 1 0 0.0000 0.8967
8 100.6883 64.5680 3 4 0 0 0.0848 0 1 0 0.0000 0.8967
8 96.0948 76.7071 3 4 0 0 0.0444 0 1 0 0.0000 0.8967
9 108.3587 74.9542 3 3 0 1 0.9864 1 1 0 0.0000 0.8967
9 118.3336 94.6428 4 3 0 0 0.3952 0 1 0 0.0000 0.8967
9 114.2944 103.6657 4 4 0 1 0.3312 1 1 0 0.0000 0.8967
9 99.1364 69.9712 3 4 0 0 0.2656 0 1 0 0.0000 0.8967
9 123.5472 93.8877 4 3 0 0 0.3120 0 1 0 0.0000 0.8967
9 105.9622 87.7261 3 2 0 0 0.2776 0 1 0 0.0000 0.8967
9 127.2725 101.2891 4 3 0 0 0.3071 0 1 0 0.0000 0.8967
9 63.6398 102.4741 1 4 0 0 0.2567 0 1 0 0.0000 0.8967
9 101.7649 128.0355 2 4 0 0 0.4465 0 1 0 0.0000 0.8967
9 140.9303 83.2723 4 3 0 0 0.6095 0 1 0 0.0000 0.8967
9 74.1058 102.7346 1 1 0 1 0.3758 1 1 0 0.0000 0.8967
9 88.9110 106.8961 1 4 0 0 0.0074 0 1 0 0.0000 0.8967
9 71.1379 121.6782 1 3 0 0 0.4322 0 1 0 0.0000 0.8967
9 105.5005 79.1120 3 3 0 1 0.2094 1 1 0 0.0000 0.8967
9 107.4892 144.6437 2 3 0 0 0.2050 0 1 0 0.0000 0.8967
9 108.7283 146.0765 2 3 0 0 8.5037 0 1 0 0.0000 0.8967
9 92.5923 132.0602 2 3 0 0 0.6268 0 1 0 0.0000 0.8967
9 88.1573 69.8247 3 4 0 0 1.0968 0 1 0 0.0000 0.8967
9 97.6917 64.1212 3 3 0 1 0.5567 1 1 0 0.0000 0.8967
9 74.0738 99.6458 1 3 0 0 0.5140 0 1 0 0.0000 0.8967
9 135.8160 105.1594 4 3 0 0 27.1251 0 1 0 0.0000 0.8967
9 59.3703 85.0339 1 4 0 0 0.1306 0 1 0 0.0000 0.8967
9 86.9869 137.7303 2 3 0 0 0.3829 0 1 0 0.0000 0.8967
9 154.9917 97.4097 4 4 0 1 0.2076 1 1 0 0.0000 0.8967
9 121.4979 110.0468 4 4 0 1 0.0784 1 1 0 0.0000 0.8967
9 65.6183 91.4331 1 3 0 0 0.7128 0 1 0 0.0000 0.8967
9 60.9801 93.5680 1 3 0 0 0.8180 0 1 0 0.0000 0.8967
9 63.0102 111.5537 1 2 0 0 1.2446 0 1 0 0.0000 0.8967
9 133.2758 109.7255 4 1 0 0 0.1623 0 1 0 0.0000 0.8967
9 84.3613 143.2540 2 4 0 0 0.0755 0 1 0 0.0000 0.8967
9 104.0930 67.8945 3 4 0 0 0.1322 0 1 0 0.0000 0.8967
9 95.0387 77.2566 3 3 0 1 0.0322 1 1 0 0.0000 0.8967
9 92.9179 131.8423 2 3 0 0 0.0546 0 1 0 0.0000 0.8967
9 107.8802 133.4480 2 3 0 0 1.4374 0 1 0 0.0000 0.8967
9 123.0373 92.7710 4 4 0 1 0.2329 1 1 0 0.0000 0.8967
9 103.6137 74.1008 3 3 0 1 0.3786 1 1 0 0.0000 0.8967
9 116.6119 107.6445 4 4 0 1 0.4746 1 1 0 0.0000 0.8967
9 122.5304 84.5825 4 3 0 0 0.2857 0 1 0 0.0000 0.8967
9 102.0303 55.2700 3 4 0 0 0.3145 0 1 0 0.0000 0.8967
9 106.0402 131.1355 2 3 0 0 0.0568 0 1 0 0.0000 0.8967
9 99.8924 122.9074 2 3 0 0 1.3276 0 1 0 0.0000 0.8967
9 113.7865 95.2948 3 4 0 0 2.0080 0 1 0 0.0000 0.8967
9 85.6290 129.7241 2 3 0 0 1.2360 0 1 0 0.0000 0.8967
9 67.4598 105.3197 1 3 0 0 0.0276 0 1 0 0.0000 0.8967
9 76.2416 107.6445 1 3 0 0 0.1009 0 1 0 0.0000 0.8967
9 107.7596 101.6084 4 4 0 1 0.1719 1 1 0 0.0000 0.8967
9 99.8400 81.4098 3 4 0 0 2.7927 0 1 0 0.0000 0.8967
9 111.5165 115.1448 2 3 0 0 1.7534 0 1 0 0.0000 0.8967
9 53.1331 82.5922 1 4 0 0 0.3670 0 1 0 0.0000 0.8967
9 94.3007 69.4132 3 3 0 1 2.0809 1 1 0 0.0000 0.8967
