1 132.4728 91.2742 4 2 0 0 1.9344 0 1 0 0.0000 0.0000
1 84.9137 90.1487 3 4 0 0 0.0734 0 1 0 0.0000 0.0000
1 86.6962 51.7089 3 1 0 0 1.0744 0 1 0 0.0000 0.0000
1 53.2597 97.6524 1 4 0 0 0.9012 0 1 0 0.0000 0.0000
1 82.0931 84.7054 1 3 0 0 0.5960 0 1 0 0.0000 0.0000
1 101.0772 80.8251 3 2 0 0 0.3784 0 1 0 0.0000 0.0000
1 84.3642 77.5642 3 3 0 1 1.7559 1 1 0 0.0000 0.0000
1 64.4745 77.5333 1 4 0 0 0.7048 0 1 0 0.0000 0.0000
1 78.2750 98.0735 1 3 0 0 0.5379 0 1 0 0.0000 0.0000
1 118.2760 134.3861 2 1 0 0 0.9758 0 1 0 0.0000 0.0000
1 99.8924 122.9074 2 1 0 0 1.4242 0 1 0 0.0000 0.0000
1 101.9112 68.7101 3 3 0 1 1.3245 1 1 0 0.0000 0.0000
1 71.6742 104.6640 1 2 0 0 1.7337 0 1 0 0.0000 0.0000
1 114.5423 65.2524 3 2 0 0 2.4725 0 1 0 0.0000 0.0000
1 64.7926 86.6726 1 4 0 0 1.1029 0 1 0 0.0000 0.0000
1 118.4548 107.2515 4 2 0 0 2.0664 0 1 0 0.0000 0.0000
1 91.8422 58.5898 3 3 0 1 1.1513 1 1 0 0.0000 0.0000
1 131.2137 109.6500 4 2 0 0 1.3968 0 1 0 0.0000 0.0000
1 107.2683 82.1691 3 4 0 0 2.4315 0 1 0 0.0000 0.0000
1 101.7032 60.1956 3 3 0 1 0.5651 1 1 0 0.0000 0.0000
1 63.0102 111.5537 1 2 0 0 1.2263 0 1 0 0.0000 0.0000
1 135.8160 105.1594 4 2 0 0 1.0567 0 1 0 0.0000 0.0000
1 95.4788 69.3943 3 3 0 1 0.7711 1 1 0 0.0000 0.0000
1 103.3468 81.9164 3 3 0 1 0.2374 1 1 0 0.0000 0.0000
1 90.4349 136.3736 2 3 0 0 0.2822 0 1 0 0.0000 0.0000
1 71.9726 116.2312 1 2 0 0 1.3042 0 1 0 0.0000 0.0000
1 141.1648 118.9442 4 3 0 0 1.3774 0 1 0 0.0000 0.0000
1 131.5554 93.7477 4 4 0 1 0.7317 1 1 0 0.0000 0.0000
1 57.3956 106.8825 1 2 0 0 1.0142 0 1 0 0.0000 0.0000
1 104.6776 56.5007 3 3 0 1 1.2073 1 1 0 0.0000 0.0000
1 105.3890 122.3535 2 3 0 0 1.2129 0 1 0 0.0000 0.0000
1 104.8673 128.2429 2 1 0 0 3.5547 0 1 0 0.0000 0.0000
1 124.4760 113.3694 4 4 0 1 0.4688 1 1 0 0.0000 0.0000
1 110.2706 135.7376 2 3 0 0 1.1112 0 1 0 0.0000 0.0000
1 118.1874 104.7384 4 3 0 0 1.2427 0 1 0 0.0000 0.0000
1 75.2236 88.3775 1 3 0 0 2.2091 0 1 0 0.0000 0.0000
1 140.1412 112.9269 4 2 0 0 1.3131 0 1 0 0.0000 0.0000
1 94.9933 68.5995 3 3 0 1 1.1946 1 1 0 0.0000 0.0000
1 118.3561 111.6363 4 3 0 0 0.6886 0 1 0 0.0000 0.0000
1 88.5654 90.1056 1 2 0 0 1.2097 0 1 0 0.0000 0.0000
1 107.5018 121.6098 2 3 0 0 0.9282 0 1 0 0.0000 0.0000
1 97.3481 129.1895 2 1 0 0 0.8465 0 1 0 0.0000 0.0000
1 97.7604 139.6673 2 2 0 1 0.8437 1 1 0 0.0000 0.0000
1 98.2451 120.4918 2 3 0 0 1.0804 0 1 0 0.0000 0.0000
1 90.3402 116.8999 1 1 0 1 1.5628 1 1 0 0.0000 0.0000
1 75.4131 94.6944 1 2 0 0 2.0903 0 1 0 0.0000 0.0000
1 66.9838 90.4158 1 1 0 1 0.8392 1 1 0 0.0000 0.0000
1 101.5544 85.0108 3 3 0 1 0.7883 1 1 0 0.0000 0.0000
1 81.3311 81.8530 1 1 0 1 0.6883 1 1 0 0.0000 0.0000
1 91.9884 65.8295 3 3 0 1 1.1299 1 1 0 0.0000 0.0000
1 90.9566 126.3451 2 1 0 0 0.9578 0 1 0 0.0000 0.0000
1 85.7585 122.9180 2 3 0 0 1.2942 0 1 0 0.0000 0.0000
1 72.5069 95.0757 1 2 0 0 1.5094 0 1 0 0.0000 0.0000
1 75.9152 124.9741 1 1 0 1 0.4990 1 1 0 0.0000 0.0000
1 96.0057 70.3104 3 1 0 0 0.4389 0 1 0 0.0000 0.0000
1 138.1587 109.2010 4 4 0 1 0.9061 1 1 0 0.0000 0.0000
1 108.1576 121.1709 2 4 0 0 0.6797 0 1 0 0.0000 0.0000
1 99.0396 118.4244 2 2 0 1 0.6417 1 1 0 0.0000 0.0000
1 124.8026 92.4396 4 4 0 1 1.3848 1 1 0 0.0000 0.0000
1 103.0292 121.9929 2 3 0 0 1.0613 0 1 0 0.0000 0.0000
1 65.7857 99.0509 1 2 0 0 2.5515 0 1 0 0.0000 0.0000
1 132.7079 98.4518 4 4 0 1 0.8643 1 1 0 0.0000 0.0000
1 104.9284 74.3248 3 3 0 1 0.8955 1 1 0 0.0000 0.0000
1 103.7433 91.3476 4 1 0 0 3.0525 0 1 0 0.0000 0.0000
1 79.3083 92.6669 1 4 0 0 1.3302 0 1 0 0.0000 0.0000
1 99.7772 123.8030 2 3 0 0 0.8591 0 1 0 0.0000 0.0000
1 93.2724 118.2552 2 1 0 0 0.6797 0 1 0 0.0000 0.0000
1 90.5905 64.5018 1 3 0 0 1.4566 0 1 0 0.0000 0.0000
1 90.2632 82.8812 3 2 0 0 0.5722 0 1 0 0.0000 0.0000
1 71.8706 91.0002 1 1 0 1 0.6897 1 1 0 0.0000 0.0000
1 96.1414 112.7962 2 3 0 0 0.9068 0 1 0 0.0000 0.0000
1 109.2279 139.7944 2 4 0 0 0.8733 0 1 0 0.0000 0.0000
1 128.9701 121.7062 4 4 0 1 0.8872 1 1 0 0.0000 0.0000
1 105.8389 59.3266 3 3 0 1 2.2296 1 1 0 0.0000 0.0000
1 105.5620 113.2681 2 2 0 1 1.1104 1 1 0 0.0000 0.0000
1 127.0373 102.5313 4 2 0 0 1.0180 0 1 0 0.0000 0.0000
1 105.2905 110.1930 2 1 0 0 1.2427 0 1 0 0.0000 0.0000
1 100.6753 135.6078 2 3 0 0 1.4899 0 1 0 0.0000 0.0000
1 117.5010 78.0190 3 3 0 1 1.5986 1 1 0 0.0000 0.0000
1 64.8654 97.4523 1 1 0 1 2.9597 1 1 0 0.0000 0.0000
1 68.0811 97.2900 1 1 0 1 0.6750 1 1 0 0.0000 0.0000
1 116.6119 107.6445 4 2 0 0 0.5558 0 1 0 0.0000 0.0000
1 111.1157 67.1623 3 2 0 0 1.1697 0 1 0 0.0000 0.0000
1 122.1147 103.2817 4 4 0 1 0.5837 1 1 0 0.0000 0.0000
1 95.8101 77.8261 3 3 0 1 0.8469 1 1 0 0.0000 0.0000
1 120.2600 88.8269 4 2 0 0 0.9076 0 1 0 0.0000 0.0000
1 125.4167 88.3572 4 4 0 1 0.8588 1 1 0 0.0000 0.0000
1 129.2654 80.7698 4 4 0 1 0.5692 1 1 0 0.0000 0.0000
1 105.4858 142.3728 2 1 0 0 1.0876 0 1 0 0.0000 0.0000
1 92.9046 122.1020 2 2 0 1 0.5628 1 1 0 0.0000 0.0000
1 145.5079 105.0925 4 4 0 1 0.7123 1 1 0 0.0000 0.0000
1 128.3816 97.9748 4 4 0 1 0.6582 1 1 0 0.0000 0.0000
1 106.3317 61.3886 3 1 0 0 1.4510 0 1 0 0.0000 0.0000
1 77.0293 88.6312 1 1 0 1 1.1590 1 1 0 0.0000 0.0000
1 101.1719 119.2859 2 3 0 0 1.3237 0 1 0 0.0000 0.0000
1 149.8503 85.6629 4 4 0 1 0.8050 1 1 0 0.0000 0.0000
1 98.6420 67.0848 3 3 0 1 1.6973 1 1 0 0.0000 0.0000
1 87.7027 99.6187 1 3 0 0 0.7873 0 1 0 0.0000 0.0000
1 103.6479 80.3249 3 1 0 0 1.7268 0 1 0 0.0000 0.0000
1 124.5032 78.1772 4 2 0 0 1.7140 0 1 0 0.0000 0.0000
2 117.0446 134.5159 2 2 0 1 3.0023 1 1 0 0.0000 0.0000
2 94.1701 78.6328 3 4 0 0 3.5434 0 1 0 0.0000 0.0000
2 107.4892 144.6437 2 1 0 0 0.8567 0 1 0 0.0000 0.0000
2 136.1853 96.6623 4 4 0 1 0.4059 1 1 0 0.0000 0.0000
2 79.5867 92.3888 1 1 0 1 2.1998 1 1 0 0.0000 0.0000
2 110.6893 65.7843 3 2 0 0 1.2238 0 1 0 0.0000 0.0000
2 98.5767 125.9519 2 2 0 1 0.7506 1 1 0 0.0000 0.0000
2 62.8468 102.1042 1 4 0 0 0.6646 0 1 0 0.0000 0.0000
2 119.9412 80.9812 3 3 0 1 1.0478 1 1 0 0.0000 0.0000
2 106.5451 94.5860 4 3 0 0 0.9369 0 1 0 0.0000 0.0000
2 93.0298 127.9223 2 2 0 1 1.2393 1 1 0 0.0000 0.0000
2 64.2303 102.6138 1 1 0 1 0.4145 1 1 0 0.0000 0.0000
2 107.8802 133.4480 2 2 0 1 1.4084 1 1 0 0.0000 0.0000
2 52.2791 89.7587 1 1 0 1 1.1312 1 1 0 0.0000 0.0000
2 82.9178 60.6965 3 3 0 1 2.6391 1 1 0 0.0000 0.0000
2 88.6888 98.2993 1 2 0 0 0.6816 0 1 0 0.0000 0.0000
2 100.4068 124.7725 2 2 0 1 0.6900 1 1 0 0.0000 0.0000
2 92.0338 75.2069 3 3 0 1 1.1462 1 1 0 0.0000 0.0000
2 93.3909 63.3240 3 3 0 1 0.6547 1 1 0 0.0000 0.0000
2 127.8129 85.9738 4 2 0 0 1.5746 0 1 0 0.0000 0.0000
2 99.2218 84.4636 3 2 0 0 1.7973 0 1 0 0.0000 0.0000
2 113.0652 114.0933 2 2 0 1 0.8573 1 1 0 0.0000 0.0000
2 105.2428 69.6735 3 3 0 1 1.4621 1 1 0 0.0000 0.0000
2 106.3064 69.9625 3 3 0 1 0.8825 1 1 0 0.0000 0.0000
2 114.6830 141.2372 2 4 0 0 0.5125 0 1 0 0.0000 0.0000
2 84.9633 129.4892 2 2 0 1 1.0296 1 1 0 0.0000 0.0000
2 107.7403 151.8154 2 2 0 1 0.9828 1 1 0 0.0000 0.0000
2 97.5037 109.7229 2 2 0 1 1.3827 1 1 0 0.0000 0.0000
2 139.8791 103.1183 4 4 0 1 0.6415 1 1 0 0.0000 0.0000
2 138.7935 110.5281 4 4 0 1 0.7139 1 1 0 0.0000 0.0000
2 103.4926 123.8252 2 2 0 1 1.1879 1 1 0 0.0000 0.0000
2 132.4578 93.5496 4 4 0 1 0.7615 1 1 0 0.0000 0.0000
2 92.6224 121.3498 2 2 0 1 0.6450 1 1 0 0.0000 0.0000
2 65.8822 90.4625 1 1 0 1 0.9714 1 1 0 0.0000 0.0000
2 113.0291 96.0229 4 2 0 0 1.7230 0 1 0 0.0000 0.0000
2 127.5829 95.3633 4 2 0 0 1.5826 0 1 0 0.0000 0.0000
2 105.5005 79.1120 3 3 0 1 1.7262 1 1 0 0.0000 0.0000
2 103.8987 52.9844 3 3 0 1 1.3289 1 1 0 0.0000 0.0000
2 118.5892 107.7876 2 3 0 0 1.0501 0 1 0 0.0000 0.0000
2 106.8346 93.8795 4 2 0 0 0.6197 0 1 0 0.0000 0.0000
2 98.4089 50.5345 3 3 0 1 0.8664 1 1 0 0.0000 0.0000
2 146.6449 104.1139 4 4 0 1 0.5273 1 1 0 0.0000 0.0000
2 95.5026 80.5391 3 3 0 1 1.1719 1 1 0 0.0000 0.0000
2 82.4519 94.3090 1 3 0 0 0.9044 0 1 0 0.0000 0.0000
2 122.5304 84.5825 4 2 0 0 0.8699 0 1 0 0.0000 0.0000
2 96.6394 63.9314 3 3 0 1 1.2675 1 1 0 0.0000 0.0000
2 68.7974 98.9162 1 1 0 1 0.8098 1 1 0 0.0000 0.0000
2 101.4158 66.0176 3 3 0 1 1.9246 1 1 0 0.0000 0.0000
2 97.8026 130.4800 2 2 0 1 0.8773 1 1 0 0.0000 0.0000
2 123.0373 92.7710 4 4 0 1 0.7138 1 1 0 0.0000 0.0000
2 68.2180 104.2906 1 1 0 1 0.6601 1 1 0 0.0000 0.0000
2 88.7273 138.5179 2 2 0 1 2.1073 1 1 0 0.0000 0.0000
2 65.6183 91.4331 1 1 0 1 2.2484 1 1 0 0.0000 0.0000
2 121.9180 85.3120 4 4 0 1 2.1524 1 1 0 0.0000 0.0000
2 76.1655 80.2105 1 1 0 1 1.3504 1 1 0 0.0000 0.0000
2 78.0756 96.2654 1 1 0 1 0.9595 1 1 0 0.0000 0.0000
2 91.4105 93.8808 3 3 0 1 2.0639 1 1 0 0.0000 0.0000
2 106.6803 75.3501 3 3 0 1 2.5546 1 1 0 0.0000 0.0000
2 136.5479 103.7805 4 4 0 1 1.1386 1 1 0 0.0000 0.0000
2 87.6885 64.6841 3 3 0 1 1.2074 1 1 0 0.0000 0.0000
2 108.7611 66.5369 3 2 0 0 1.4214 0 1 0 0.0000 0.0000
2 109.0030 126.8378 2 2 0 1 0.8882 1 1 0 0.0000 0.0000
2 121.8181 81.1996 4 4 0 1 2.5821 1 1 0 0.0000 0.0000
2 71.7453 107.3721 1 1 0 1 0.5125 1 1 0 0.0000 0.0000
2 107.4212 77.5781 3 3 0 1 0.7237 1 1 0 0.0000 0.0000
2 64.6998 97.2169 1 1 0 1 1.1009 1 1 0 0.0000 0.0000
2 79.8248 110.0313 1 3 0 0 1.5836 0 1 0 0.0000 0.0000
2 123.1581 86.3214 3 4 0 0 0.8309 0 1 0 0.0000 0.0000
2 120.9845 109.6560 4 2 0 0 1.4679 0 1 0 0.0000 0.0000
2 85.6570 87.3307 1 1 0 1 1.0339 1 1 0 0.0000 0.0000
2 77.9282 100.4959 1 1 0 1 0.6987 1 1 0 0.0000 0.0000
2 120.7779 94.1121 4 2 0 0 1.2831 0 1 0 0.0000 0.0000
2 94.4080 49.6970 3 3 0 1 0.7155 1 1 0 0.0000 0.0000
2 133.2758 109.7255 4 4 0 1 0.8203 1 1 0 0.0000 0.0000
2 96.8514 93.5220 1 3 0 0 1.6645 0 1 0 0.0000 0.0000
2 100.5722 59.0357 3 2 0 0 0.9462 0 1 0 0.0000 0.0000
2 74.1213 97.4802 1 4 0 0 0.7534 0 1 0 0.0000 0.0000
2 143.8585 102.7132 4 4 0 1 0.6689 1 1 0 0.0000 0.0000
2 121.8793 109.9178 4 4 0 1 0.6773 1 1 0 0.0000 0.0000
2 94.9339 58.1167 3 3 0 1 0.9740 1 1 0 0.0000 0.0000
2 94.7207 105.7847 2 3 0 0 1.0049 0 1 0 0.0000 0.0000
2 110.4528 128.4331 2 2 0 1 1.7888 1 1 0 0.0000 0.0000
2 79.8331 109.3147 1 1 0 1 1.5856 1 1 0 0.0000 0.0000
2 100.2628 126.5816 2 2 0 1 0.6873 1 1 0 0.0000 0.0000
2 119.6669 98.9626 4 3 0 0 2.2799 0 1 0 0.0000 0.0000
2 136.1951 109.8769 4 4 0 1 0.4728 1 1 0 0.0000 0.0000
2 132.6607 101.5893 4 4 0 1 0.6835 1 1 0 0.0000 0.0000
2 96.4913 75.5477 3 3 0 1 0.7411 1 1 0 0.0000 0.0000
2 109.1853 138.0732 2 2 0 1 0.9103 1 1 0 0.0000 0.0000
2 83.8468 132.1807 2 3 0 0 1.1650 0 1 0 0.0000 0.0000
2 98.0288 118.9963 2 2 0 1 0.5770 1 1 0 0.0000 0.0000
2 58.3275 73.3529 1 3 0 0 1.4309 0 1 0 0.0000 0.0000
2 99.3557 122.9250 2 4 0 0 0.9621 0 1 0 0.0000 0.0000
2 74.4056 94.8732 1 1 0 1 0.8513 1 1 0 0.0000 0.0000
2 76.4013 95.2955 1 1 0 1 0.8640 1 1 0 0.0000 0.0000
2 121.7999 103.9522 4 4 0 1 0.8773 1 1 0 0.0000 0.0000
2 136.6960 85.7850 4 4 0 1 1.0987 1 1 0 0.0000 0.0000
2 80.1447 103.8121 1 1 0 1 1.2488 1 1 0 0.0000 0.0000
2 111.5165 115.1448 2 2 0 1 1.9119 1 1 0 0.0000 0.0000
2 62.6681 107.7355 1 1 0 1 0.4808 1 1 0 0.0000 0.0000
3 116.2361 104.3239 4 4 0 1 2.6660 1 1 0 0.0000 0.0000
3 134.8970 112.8241 4 4 0 1 0.7431 1 1 0 0.0000 0.0000
3 93.9527 116.2486 2 3 0 0 1.0250 0 1 0 0.0000 0.0000
3 80.6127 64.8003 3 1 0 0 1.7622 0 1 0 0.0000 0.0000
3 91.6651 129.7944 2 2 0 1 0.9662 1 1 0 0.0000 0.0000
3 90.9880 115.6455 2 2 0 1 1.1901 1 1 0 0.0000 0.0000
3 74.8396 110.4062 1 1 0 1 2.0917 1 1 0 0.0000 0.0000
3 131.3731 96.3049 4 4 0 1 0.6472 1 1 0 0.0000 0.0000
3 154.9917 97.4097 4 4 0 1 0.4629 1 1 0 0.0000 0.0000
3 133.5203 113.6583 4 4 0 1 0.6748 1 1 0 0.0000 0.0000
3 107.8462 71.1292 3 3 0 1 2.2835 1 1 0 0.0000 0.0000
3 84.3613 143.2540 2 2 0 1 1.0532 1 1 0 0.0000 0.0000
3 105.6745 113.8609 2 2 0 1 2.9274 1 1 0 0.0000 0.0000
3 103.4156 75.8864 3 3 0 1 2.0338 1 1 0 0.0000 0.0000
3 87.3606 68.2106 3 3 0 1 1.0535 1 1 0 0.0000 0.0000
3 108.3587 74.9542 3 3 0 1 1.4387 1 1 0 0.0000 0.0000
3 67.7185 92.3521 1 1 0 1 0.5858 1 1 0 0.0000 0.0000
3 130.1129 92.5924 4 2 0 0 2.7197 0 1 0 0.0000 0.0000
3 115.4950 102.4642 4 4 0 1 0.6693 1 1 0 0.0000 0.0000
3 82.2037 101.0427 1 2 0 0 2.3256 0 1 0 0.0000 0.0000
3 73.1696 85.1931 1 1 0 1 0.4085 1 1 0 0.0000 0.0000
3 64.8705 105.0281 1 1 0 1 0.6021 1 1 0 0.0000 0.0000
3 97.3913 130.7559 2 2 0 1 0.6564 1 1 0 0.0000 0.0000
3 109.4239 76.8451 3 1 0 0 0.8076 0 1 0 0.0000 0.0000
3 90.9195 50.3999 3 4 0 0 1.4271 0 1 0 0.0000 0.0000
3 71.0679 87.6457 1 1 0 1 1.9027 1 1 0 0.0000 0.0000
3 136.6877 95.0447 4 4 0 1 0.6463 1 1 0 0.0000 0.0000
3 101.7649 128.0355 2 2 0 1 0.9586 1 1 0 0.0000 0.0000
3 85.6089 129.0267 2 2 0 1 0.6703 1 1 0 0.0000 0.0000
3 110.5923 67.3542 3 3 0 1 1.1266 1 1 0 0.0000 0.0000
3 106.9445 67.1810 3 3 0 1 0.7302 1 1 0 0.0000 0.0000
3 125.0165 87.0374 4 4 0 1 0.9957 1 1 0 0.0000 0.0000
3 129.4991 98.6783 4 3 0 0 1.8129 0 1 0 0.0000 0.0000
3 129.2816 110.8507 4 4 0 1 0.5861 1 1 0 0.0000 0.0000
3 88.4604 132.3513 2 2 0 1 0.6893 1 1 0 0.0000 0.0000
3 79.9510 141.1002 2 2 0 1 1.4332 1 1 0 0.0000 0.0000
3 69.9645 86.5683 1 1 0 1 0.4520 1 1 0 0.0000 0.0000
3 64.0133 119.6554 1 1 0 1 0.5820 1 1 0 0.0000 0.0000
3 84.0640 104.1338 1 2 0 0 3.2755 0 1 0 0.0000 0.0000
3 98.1793 69.0923 3 3 0 1 1.1095 1 1 0 0.0000 0.0000
3 73.9319 114.8849 1 2 0 0 1.4479 0 1 0 0.0000 0.0000
3 92.5239 112.3685 2 2 0 1 1.5395 1 1 0 0.0000 0.0000
3 124.2482 90.8835 4 4 0 1 0.7858 1 1 0 0.0000 0.0000
3 104.1968 141.2735 2 2 0 1 1.3898 1 1 0 0.0000 0.0000
3 58.2609 103.3889 1 1 0 1 0.6482 1 1 0 0.0000 0.0000
3 86.3858 114.7453 1 3 0 0 1.0873 0 1 0 0.0000 0.0000
3 136.6758 89.3931 4 4 0 1 0.8013 1 1 0 0.0000 0.0000
3 104.3078 130.6184 2 2 0 1 0.7657 1 1 0 0.0000 0.0000
3 59.3703 85.0339 1 1 0 1 0.6641 1 1 0 0.0000 0.0000
3 101.4667 116.3394 2 2 0 1 2.9187 1 1 1 2.5550 1.0000
3 93.4160 96.6826 1 3 0 0 3.4993 0 1 1 2.4785 1.0000
3 121.2142 99.1859 4 4 0 1 5.3575 1 1 0 2.1139 0.6667
3 74.0738 99.6458 1 1 0 1 5.1610 1 1 1 2.5687 0.7500
3 111.7934 125.1150 2 4 0 0 2.4895 0 1 1 1.7327 0.8000
3 101.3815 73.0170 3 4 0 0 2.2075 0 1 0 2.0518 0.6667
3 101.6947 71.4132 3 3 0 1 4.8713 1 1 1 2.0149 0.7143
3 95.6192 81.2971 3 2 0 0 4.6722 0 1 0 1.4265 0.6250
3 91.8763 91.1651 1 1 0 1 5.7658 1 1 0 1.4931 0.5556
3 69.1136 108.5233 1 1 0 1 2.7298 1 1 1 1.4506 0.6000
3 88.5755 154.7110 2 2 0 1 3.1821 1 1 1 2.1545 0.6364
3 108.8770 124.8040 2 2 0 1 2.3357 1 1 0 1.4137 0.5833
3 103.2945 76.8177 3 3 0 1 2.6481 1 1 1 1.1433 0.6154
3 91.5153 109.5289 2 3 0 0 3.0732 0 1 0 1.4824 0.5714
3 110.0177 129.0274 2 2 0 1 2.5580 1 1 0 1.1461 0.5333
3 114.1970 77.1463 3 3 0 1 4.3730 1 1 1 1.5359 0.5625
3 63.4817 91.5669 1 1 0 1 1.6065 1 1 1 1.2742 0.5882
3 89.2490 78.6219 3 3 0 1 1.4798 1 1 1 1.2086 0.6111
3 84.2333 137.9453 2 2 0 1 5.1730 1 1 1 0.9317 0.6316
3 124.4834 113.4982 4 4 0 1 1.0329 1 1 1 1.3741 0.6500
3 59.6690 94.7477 1 1 0 1 0.9585 1 1 1 1.3291 0.6667
3 94.5770 65.3457 3 3 0 1 3.3606 1 1 1 1.7286 0.6818
3 125.0520 99.4714 4 4 0 1 1.1459 1 1 1 0.9003 0.6957
3 97.2248 74.9069 3 3 0 1 2.3609 1 1 1 0.8794 0.7083
3 101.8316 65.4209 3 3 0 1 2.2425 1 1 1 1.0478 0.7200
3 133.3841 95.1198 4 4 0 1 1.8077 1 1 1 0.8905 0.7308
3 107.7094 136.7320 2 2 0 1 1.9664 1 1 1 0.7304 0.7407
3 96.4923 64.0008 3 3 0 1 2.8583 1 1 1 1.4532 0.7500
3 96.1417 70.8354 3 3 0 1 1.8247 1 1 1 1.9299 0.7586
3 124.5032 100.2541 4 2 0 0 2.1678 0 1 1 1.7373 0.7667
3 103.8216 160.6784 2 2 0 1 1.5706 1 1 1 1.3174 0.7742
3 95.7107 96.6214 1 3 0 0 3.3000 0 1 1 0.9634 0.7813
3 89.6134 63.6083 3 3 0 1 2.2168 1 1 1 1.0195 0.7879
3 93.8110 81.9111 3 3 0 1 3.2352 1 1 0 0.8645 0.7647
3 70.7232 116.5256 1 1 0 1 1.8116 1 1 1 0.6852 0.7714
3 108.9303 81.9381 4 3 0 0 2.1399 0 1 1 0.7647 0.7778
3 112.8966 126.8406 2 2 0 1 2.9734 1 1 0 0.8999 0.7568
3 131.2149 122.0328 4 2 0 0 1.4160 0 1 1 1.7668 0.7632
3 111.1212 118.3085 4 3 0 0 1.5682 0 1 1 1.1865 0.7692
3 91.9341 128.1148 2 2 0 1 4.0292 1 1 1 0.6380 0.7750
3 81.7712 111.1103 1 1 0 1 1.7392 1 1 1 1.8899 0.7805
3 89.6707 66.7162 3 3 0 1 3.2155 1 1 1 1.5474 0.7857
3 97.1936 128.5897 2 2 0 1 3.3278 1 1 1 0.9274 0.7907
3 83.6900 97.7592 1 3 0 0 3.8763 0 1 0 1.2345 0.7727
3 112.0955 90.0869 4 2 0 0 2.3829 0 1 1 1.1101 0.7778
3 54.7262 102.9481 1 1 0 1 2.1437 1 1 1 1.2325 0.7826
3 111.7206 105.1756 4 4 0 1 1.0053 1 1 1 0.7045 0.7872
3 104.7563 75.8659 3 4 0 0 2.0956 0 1 1 0.6716 0.7917
3 55.6794 110.5232 1 1 0 1 1.1819 1 1 1 0.9023 0.7959
3 132.9668 97.6630 4 4 0 1 0.9706 1 1 1 0.3007 0.8000
3 126.7152 117.4950 4 2 0 0 2.5940 0 1 0 1.2626 0.7843
4 115.3325 116.7625 2 2 4 1 3.3564 0 0 0 0.8601 0.7692
4 73.5563 72.2028 3 1 3 0 1.1349 0 0 1 1.2864 0.7736
4 114.0655 154.3119 2 2 2 1 2.2608 1 0 1 1.4324 0.7778
4 101.7707 60.4127 3 3 1 1 2.8103 0 0 1 0.7807 0.7818
4 104.4290 118.4309 2 2 2 1 2.8294 1 0 0 1.2950 0.7679
4 110.4685 121.2093 2 3 4 0 3.0529 0 0 0 1.9728 0.7544
4 138.9077 109.0262 4 4 1 1 6.4213 0 0 1 0.9172 0.7586
4 69.8300 103.9540 1 1 1 1 1.2097 1 0 1 0.7389 0.7627
4 127.7091 94.5345 4 4 2 1 1.2507 0 0 1 1.4867 0.7667
4 109.8450 73.7830 3 3 4 1 2.8337 0 0 1 1.1259 0.7705
4 104.9786 107.9879 2 3 3 0 3.7601 1 0 1 1.8674 0.7742
4 77.5715 109.9897 1 1 3 1 1.7694 0 0 0 0.7211 0.7619
4 104.0930 67.8945 3 3 2 1 2.3377 0 0 1 0.6637 0.7656
4 123.7680 91.1913 4 4 3 1 1.0142 0 0 1 1.2581 0.7692
4 136.8027 115.4470 4 4 2 1 1.4793 0 0 1 1.4308 0.7727
4 94.5967 82.4114 3 3 2 1 2.2488 0 0 1 0.8607 0.7761
4 110.0655 62.6440 3 3 1 1 2.3838 0 0 0 0.9831 0.7647
4 105.3632 117.7025 2 3 4 0 2.8129 0 0 0 0.6711 0.7536
4 93.3553 104.9840 1 3 2 0 2.8773 0 0 1 1.0258 0.7571
4 104.2406 138.9003 2 2 1 1 1.8009 0 0 1 3.8256 0.7606
4 128.0394 100.6980 4 1 3 0 4.5455 0 0 1 1.6652 0.7639
4 94.1668 86.3556 3 2 3 0 1.0012 0 0 1 1.9812 0.7671
4 75.2274 96.2135 1 4 4 0 1.8847 1 0 0 2.1991 0.7568
4 72.5890 103.3064 1 4 2 0 0.9087 0 0 1 1.3898 0.7600
4 76.8107 106.3702 1 2 2 0 1.6943 1 0 1 2.5640 0.7632
4 91.9586 81.3687 3 1 1 0 2.5317 1 0 0 1.9505 0.7532
4 69.6587 95.3935 1 4 3 0 1.5493 0 0 0 1.8713 0.7436
4 124.8673 94.9131 4 2 1 0 1.2131 0 0 1 1.1256 0.7468
4 106.3990 126.8403 2 1 4 0 2.4015 0 0 1 1.0027 0.7500
4 103.0445 133.7577 2 1 1 0 1.7460 1 0 0 1.0331 0.7407
4 81.3666 54.0435 3 2 2 0 0.9287 1 0 1 1.1870 0.7439
4 102.1550 55.7520 3 4 1 0 2.9586 0 0 1 2.1481 0.7470
4 95.8447 83.3202 3 4 4 0 2.3280 1 0 1 1.3893 0.7500
4 74.0931 102.4500 1 2 3 0 1.5977 0 0 1 1.2804 0.7529
4 99.2293 138.8234 2 1 1 0 1.7749 1 0 0 1.0628 0.7442
4 133.9500 86.6055 4 3 4 0 3.4551 0 0 1 1.6819 0.7471
4 95.6356 122.0070 2 1 4 0 3.0502 0 0 1 1.1554 0.7500
4 62.3993 88.2892 1 4 4 0 1.8063 1 0 1 0.6786 0.7528
4 130.3035 108.1081 4 3 1 0 1.6534 0 0 1 2.2976 0.7556
4 137.7972 100.4247 4 1 2 0 1.2504 0 0 1 1.9004 0.7582
4 77.0428 103.0216 1 4 4 0 2.0908 1 0 1 0.6988 0.7609
4 125.4987 91.7156 4 2 4 0 3.0819 0 0 1 2.0670 0.7634
4 116.9702 92.0839 4 3 2 0 2.2454 0 0 1 1.0331 0.7660
4 67.6983 96.7664 1 4 3 0 0.7203 0 0 0 2.3803 0.7579
4 121.0435 119.9764 2 2 4 1 1.9422 0 0 0 0.9622 0.7500
4 96.2220 119.3550 2 2 1 1 1.9118 0 0 1 0.7229 0.7526
4 138.9301 102.8864 4 2 3 0 3.6024 0 0 0 0.8421 0.7449
4 107.4894 67.7759 3 1 1 0 3.0687 1 0 1 1.8467 0.7475
4 133.6930 86.1741 4 3 1 0 2.2287 0 0 1 2.2967 0.7500
4 63.4951 112.7103 1 4 4 0 6.4269 1 0 0 0.0000 0.7500
4 107.3375 146.0332 2 3 1 0 1.1432 0 0 0 0.0000 0.7500
4 90.7955 75.5635 3 3 1 1 2.2511 0 0 0 0.0000 0.7500
4 118.3336 94.6428 4 3 2 0 0.6991 0 0 0 0.0000 0.7500
4 85.2607 84.4604 1 3 4 0 4.2757 0 0 0 0.0000 0.7500
4 129.6425 91.9746 4 2 1 0 1.3202 0 0 0 0.0000 0.7500
4 96.4990 80.8376 3 1 1 0 1.2322 1 0 0 0.0000 0.7500
4 114.2944 103.6657 4 2 3 0 1.0937 0 0 0 0.0000 0.7500
4 76.3090 94.5660 1 4 4 0 2.7117 1 0 0 0.0000 0.7500
4 114.5281 61.5265 3 3 1 1 1.3960 0 0 0 0.0000 0.7500
4 107.6564 76.9826 3 2 4 0 1.0380 0 0 0 0.0000 0.7500
4 118.0005 110.7687 4 2 4 0 1.1985 0 0 0 0.0000 0.7500
4 105.3527 58.0847 3 1 3 0 1.1871 0 0 0 0.0000 0.7500
4 135.2789 131.4748 4 1 4 0 1.1116 0 0 0 0.0000 0.7500
4 70.9591 107.6042 1 4 3 0 1.7226 0 0 0 0.0000 0.7500
4 99.5317 110.2907 2 2 2 1 2.6054 1 0 0 0.0000 0.7500
4 119.7145 97.1257 4 2 3 0 0.9991 0 0 0 0.0000 0.7500
4 113.7865 95.2948 3 2 2 0 1.0622 1 0 0 0.0000 0.7500
4 105.6702 73.1600 3 3 4 1 2.0396 0 0 0 0.0000 0.7500
4 104.8871 113.3817 2 2 4 1 0.9950 0 0 0 0.0000 0.7500
4 122.3346 91.6734 4 1 3 0 0.9638 0 0 0 0.0000 0.7500
4 94.4389 74.6188 3 2 3 0 1.2033 0 0 0 0.0000 0.7500
4 65.2252 109.4380 1 4 1 0 2.0576 0 0 0 0.0000 0.7500
4 67.3771 101.2090 1 3 3 0 0.3733 1 0 0 0.0000 0.7500
4 109.4130 86.6045 3 4 4 0 2.3892 1 0 0 0.0000 0.7500
4 98.4734 67.9758 3 1 2 0 2.1370 0 0 0 0.0000 0.7500
4 71.1468 98.6645 1 3 2 0 0.3908 0 0 0 0.0000 0.7500
4 88.9286 109.5578 2 2 4 1 1.2391 0 0 0 0.0000 0.7500
4 110.7191 120.0225 2 2 3 1 1.2134 0 0 0 0.0000 0.7500
4 109.0160 110.1222 4 3 2 0 0.7235 0 0 0 0.0000 0.7500
4 134.4524 99.3927 4 4 4 1 1.2618 1 0 0 0.0000 0.7500
4 81.7898 111.5385 2 3 2 0 0.9010 0 0 0 0.0000 0.7500
4 67.5129 120.7204 1 3 2 0 0.4675 0 0 0 0.0000 0.7500
4 107.1687 132.0388 2 2 2 1 1.3186 1 0 0 0.0000 0.7500
4 95.7718 76.3855 3 3 1 1 1.3437 0 0 0 0.0000 0.7500
4 87.4933 102.6541 1 1 1 1 2.3768 1 0 0 0.0000 0.7500
4 137.0168 95.2159 4 4 3 1 1.4696 0 0 0 0.0000 0.7500
4 78.1628 109.6438 1 1 1 1 1.2104 1 0 0 0.0000 0.7500
4 67.4598 105.3197 1 1 2 1 1.0240 0 0 0 0.0000 0.7500
4 136.7401 101.5012 4 3 1 0 0.8480 0 0 0 0.0000 0.7500
4 56.4131 94.2644 1 1 2 1 0.8295 0 0 0 0.0000 0.7500
4 92.9462 88.1557 3 2 4 0 0.8732 0 0 0 0.0000 0.7500
4 127.5453 108.7529 4 4 1 1 1.2058 0 0 0 0.0000 0.7500
4 70.0570 97.8239 1 4 3 0 1.2590 0 0 0 0.0000 0.7500
4 95.0873 138.8186 2 2 3 1 1.4891 0 0 0 0.0000 0.7500
4 99.8741 116.0471 2 3 1 0 0.6374 0 0 0 0.0000 0.7500
4 86.1985 132.7623 2 2 4 1 1.1726 0 0 0 0.0000 0.7500
4 81.4458 97.6135 1 1 3 1 1.4321 0 0 0 0.0000 0.7500
4 100.6615 138.9520 2 4 2 0 1.2985 0 0 0 0.0000 0.7500
4 111.8528 115.5680 2 3 3 0 0.6978 1 0 0 0.0000 0.7500
4 102.2557 91.8934 3 3 2 1 0.4336 0 0 0 0.0000 0.7500
5 92.9179 131.8423 2 2 1 1 1.2265 0 0 0 0.0000 0.7500
5 129.5553 104.7185 4 4 4 1 1.0824 1 0 0 0.0000 0.7500
5 80.3229 104.6976 1 1 3 1 1.0839 0 0 0 0.0000 0.7500
5 119.7651 117.6533 2 3 2 0 1.0219 0 0 0 0.0000 0.7500
5 105.9622 87.7261 3 3 1 1 0.6871 0 0 0 0.0000 0.7500
5 64.0041 91.5645 1 1 4 1 1.0647 0 0 0 0.0000 0.7500
5 82.9756 154.2510 2 2 3 1 0.9858 0 0 0 0.0000 0.7500
5 113.6511 134.4659 2 3 1 0 0.7122 0 0 0 0.0000 0.7500
5 90.4904 90.7713 1 4 1 0 0.1778 0 0 0 0.0000 0.7500
5 116.0171 54.0204 3 3 2 1 1.3426 0 0 0 0.0000 0.7500
5 85.5099 78.3823 3 2 2 0 0.4726 1 0 0 0.0000 0.7500
5 103.2879 70.9612 3 2 2 0 0.5562 1 0 0 0.0000 0.7500
5 93.6683 67.5234 3 2 4 0 0.4817 0 0 0 0.0000 0.7500
5 115.0339 82.6380 3 4 1 0 0.8056 0 0 0 0.0000 0.7500
5 134.6526 106.7230 4 4 4 1 0.9616 1 0 0 0.0000 0.7500
5 133.5661 96.3853 4 4 3 1 0.7221 0 0 0 0.0000 0.7500
5 125.8238 82.1636 4 1 2 0 0.6840 0 0 0 0.0000 0.7500
5 113.3941 91.5610 4 2 3 0 0.9976 0 0 0 0.0000 0.7500
5 113.0986 110.6975 2 3 3 0 0.7107 1 0 0 0.0000 0.7500
5 58.3788 84.3613 1 1 1 1 1.1843 1 0 0 0.0000 0.7500
5 127.2725 101.2891 4 4 2 1 1.0607 0 0 0 0.0000 0.7500
5 101.1053 71.3264 3 3 4 1 0.9499 0 0 0 0.0000 0.7500
5 132.9935 87.5063 4 3 4 0 0.6142 0 0 0 0.0000 0.7500
5 108.4486 68.6553 3 2 1 0 1.1974 0 0 0 0.0000 0.7500
5 71.3646 100.4742 1 1 1 1 1.6049 1 0 0 0.0000 0.7500
5 70.5587 113.6624 1 1 1 1 0.5333 1 0 0 0.0000 0.7500
5 113.7347 110.0741 4 2 4 0 1.0497 0 0 0 0.0000 0.7500
5 92.8701 115.4010 2 3 2 0 1.0672 0 0 0 0.0000 0.7500
5 56.5795 97.8917 1 1 1 1 1.0049 1 0 0 0.0000 0.7500
5 69.4482 106.4665 1 1 1 1 1.0041 1 0 0 0.0000 0.7500
5 106.2040 62.1277 3 2 3 0 1.1808 0 0 0 0.0000 0.7500
5 139.5657 102.7081 4 4 1 1 1.3143 0 0 0 0.0000 0.7500
5 79.1953 108.8968 1 3 1 0 1.4019 0 0 0 0.0000 0.7500
5 103.5842 78.5183 3 3 1 1 1.0180 0 0 0 0.0000 0.7500
5 101.3003 118.2468 2 3 2 0 0.2195 0 0 0 0.0000 0.7500
5 91.3367 66.3946 3 3 4 1 0.2167 0 0 0 0.0000 0.7500
5 75.9614 119.5233 1 3 3 0 0.2135 1 0 0 0.0000 0.7500
5 108.8790 128.9527 2 2 3 1 0.9955 0 0 0 0.0000 0.7500
5 102.9579 73.3276 3 2 3 0 0.9974 0 0 0 0.0000 0.7500
5 116.1249 104.1484 4 2 4 0 0.3121 0 0 0 0.0000 0.7500
5 102.6554 124.9706 2 2 1 1 0.4106 0 0 0 0.0000 0.7500
5 95.9898 78.3730 3 2 4 0 0.5891 0 0 0 0.0000 0.7500
5 101.9040 83.9635 3 2 4 0 0.3572 0 0 0 0.0000 0.7500
5 100.9880 121.5908 2 2 1 1 0.2325 0 0 0 0.0000 0.7500
5 108.8308 89.4585 3 2 4 0 0.0713 0 0 0 0.0000 0.7500
5 95.9064 128.1414 2 2 3 1 0.2910 0 0 0 0.0000 0.7500
5 107.4919 124.2660 2 3 4 0 0.7051 0 0 0 0.0000 0.7500
5 110.4242 97.2032 4 3 1 0 1.1664 0 0 0 0.0000 0.7500
5 107.9136 64.3814 3 1 2 0 0.6904 0 0 0 0.0000 0.7500
5 128.0954 100.7774 4 4 1 1 0.4607 0 0 0 0.0000 0.7500
5 115.6346 88.5311 3 3 2 1 0.6240 0 0 0 0.0000 0.7500
5 61.9010 110.7270 1 2 3 0 0.3595 0 0 0 0.0000 0.7500
5 133.3195 99.7161 4 4 3 1 0.9347 0 0 0 0.0000 0.7500
5 137.4330 97.0950 4 3 1 0 0.5179 0 0 0 0.0000 0.7500
5 117.2038 70.5478 3 2 3 0 0.9226 0 0 0 0.0000 0.7500
5 98.1891 128.3366 2 2 4 1 1.0974 0 0 0 0.0000 0.7500
5 88.6969 141.3633 2 2 2 1 0.7814 1 0 0 0.0000 0.7500
5 68.9197 110.3770 1 1 3 1 1.4829 0 0 0 0.0000 0.7500
5 94.5580 127.3204 2 2 2 1 0.6002 1 0 0 0.0000 0.7500
5 98.0313 85.9155 3 2 4 0 0.7344 0 0 0 0.0000 0.7500
5 122.1670 87.2851 4 4 1 1 1.9604 0 0 0 0.0000 0.7500
5 98.2208 65.4573 3 3 4 1 0.4348 0 0 0 0.0000 0.7500
5 79.9131 104.8711 1 1 3 1 1.3803 0 0 0 0.0000 0.7500
5 94.8941 72.0194 3 3 3 1 0.9432 1 0 0 0.0000 0.7500
5 129.0227 91.0200 4 4 2 1 1.4711 0 0 0 0.0000 0.7500
5 129.4118 107.4261 4 2 4 0 0.5559 0 0 0 0.0000 0.7500
5 76.5790 100.0855 1 1 1 1 0.9463 1 0 0 0.0000 0.7500
5 80.1687 102.4136 1 1 2 1 0.8966 0 0 0 0.0000 0.7500
5 96.2624 137.6255 2 2 3 1 0.8791 0 0 0 0.0000 0.7500
5 71.1379 121.6782 1 2 2 0 0.5098 1 0 0 0.0000 0.7500
5 61.1240 86.3064 1 1 2 1 0.9081 0 0 0 0.0000 0.7500
5 73.7486 110.4400 1 3 2 0 0.7937 0 0 0 0.0000 0.7500
5 107.7046 80.5418 3 2 3 0 1.3014 0 0 0 0.0000 0.7500
5 109.2525 147.8820 2 2 3 1 0.9741 0 0 0 0.0000 0.7500
5 123.6157 140.5805 2 2 1 1 0.4309 0 0 0 0.0000 0.7500
5 67.0568 102.8144 1 1 4 1 0.8512 0 0 0 0.0000 0.7500
5 143.6140 95.9601 4 2 1 0 0.3041 0 0 0 0.0000 0.7500
5 117.2242 127.3864 2 3 4 0 0.2721 0 0 0 0.0000 0.7500
5 86.3785 114.4504 1 4 1 0 0.3092 0 0 0 0.0000 0.7500
5 107.5802 141.2795 2 2 2 1 0.2808 1 0 0 0.0000 0.7500
5 75.6848 119.7178 1 2 1 0 0.3960 0 0 0 0.0000 0.7500
5 150.6347 101.2032 4 2 3 0 0.7955 0 0 0 0.0000 0.7500
5 142.5256 91.5844 4 2 2 0 0.2155 1 0 0 0.0000 0.7500
5 104.8418 64.5808 3 3 4 1 1.6206 0 0 0 0.0000 0.7500
5 125.7579 107.7674 4 3 3 0 1.2374 1 0 0 0.0000 0.7500
5 140.3759 105.7105 4 3 3 0 0.9242 1 0 0 0.0000 0.7500
5 87.3270 119.1106 2 3 4 0 1.0361 0 0 0 0.0000 0.7500
5 58.4333 101.9441 1 1 1 1 1.4065 1 0 0 0.0000 0.7500
5 74.2789 93.9803 1 2 3 0 4.5371 0 0 0 0.0000 0.7500
5 69.5087 113.4943 1 2 1 0 0.7397 0 0 0 0.0000 0.7500
5 92.5923 132.0602 2 2 2 1 0.8448 1 0 0 0.0000 0.7500
5 77.8577 103.2591 1 3 4 0 1.4333 0 0 0 0.0000 0.7500
5 101.5459 83.4905 3 2 4 0 0.8052 0 0 0 0.0000 0.7500
5 88.9937 55.4789 3 2 3 0 1.0427 0 0 0 0.0000 0.7500
5 78.5336 135.8575 2 2 3 1 1.5718 0 0 0 0.0000 0.7500
5 126.4884 92.9181 4 3 2 0 0.3239 0 0 0 0.0000 0.7500
5 104.4554 125.8732 2 4 2 0 0.0542 0 0 0 0.0000 0.7500
5 100.1202 137.3844 2 2 3 1 0.1610 0 0 0 0.0000 0.7500
5 137.0833 98.5415 4 2 4 0 0.2218 0 0 0 0.0000 0.7500
5 140.9303 83.2723 4 2 3 0 0.2362 0 0 0 0.0000 0.7500
6 98.9094 143.2802 2 2 1 1 0.8105 0 0 0 0.0000 0.7500
6 103.0627 66.6268 3 2 2 0 0.2909 1 0 0 0.0000 0.7500
6 65.2718 109.8442 1 3 2 0 1.0093 0 0 0 0.0000 0.7500
6 91.9709 124.1509 2 3 4 0 0.9145 0 0 0 0.0000 0.7500
6 129.3278 121.8224 4 4 2 1 1.4264 0 0 0 0.0000 0.7500
6 129.2137 95.3005 4 4 2 1 1.0712 0 0 0 0.0000 0.7500
6 97.0720 123.3270 2 3 2 0 1.5855 0 0 0 0.0000 0.7500
6 66.9476 106.2204 1 1 1 1 1.3299 1 0 0 0.0000 0.7500
6 70.1847 112.6640 1 1 4 1 0.9379 0 0 0 0.0000 0.7500
6 106.5160 71.4494 3 2 4 0 0.9215 0 0 0 0.0000 0.7500
6 87.5448 133.7851 2 3 1 0 0.2962 0 0 0 0.0000 0.7500
6 109.5893 66.1443 3 4 3 0 0.1526 0 0 0 0.0000 0.7500
6 88.1573 69.8247 3 4 1 0 1.3346 0 0 0 0.0000 0.7500
6 63.8100 110.5574 1 1 2 1 1.3761 0 0 0 0.0000 0.7500
6 79.3883 101.9495 1 2 4 0 0.4582 0 0 0 0.0000 0.7500
6 90.7274 115.0446 2 2 4 1 0.3661 0 0 0 0.0000 0.7500
6 147.2658 83.1370 4 4 3 1 1.3597 0 0 0 0.0000 0.7500
6 74.2690 85.7949 1 1 1 1 1.5449 1 0 0 0.0000 0.7500
6 134.5390 105.2827 4 1 4 0 2.1683 0 0 0 0.0000 0.7500
6 140.5597 95.9058 4 2 3 0 0.8092 0 0 0 0.0000 0.7500
6 127.7061 107.1893 4 4 4 1 1.0468 1 0 0 0.0000 0.7500
6 64.7903 77.3709 1 1 2 1 1.0487 0 0 0 0.0000 0.7500
6 116.8400 79.5157 3 4 3 0 0.6979 0 0 0 0.0000 0.7500
6 105.0474 72.4231 3 3 1 1 0.5943 0 0 0 0.0000 0.7500
6 116.8181 91.3350 3 3 3 1 0.9691 1 0 0 0.0000 0.7500
6 95.9689 62.9362 3 2 2 0 1.2102 1 0 0 0.0000 0.7500
6 106.8019 73.1424 3 3 1 1 0.7366 0 0 0 0.0000 0.7500
6 125.3602 108.8345 4 3 4 0 1.5934 0 0 0 0.0000 0.7500
6 95.8491 76.6500 3 1 4 0 1.4977 0 0 0 0.0000 0.7500
6 88.9518 121.9229 2 3 3 0 0.9201 1 0 0 0.0000 0.7500
6 90.9948 70.2116 3 2 2 0 0.5824 1 0 0 0.0000 0.7500
6 102.1152 59.2238 3 2 1 0 0.7801 0 0 0 0.0000 0.7500
6 71.1848 108.2609 1 1 4 1 1.3352 0 0 0 0.0000 0.7500
6 63.8999 101.5863 1 1 2 1 1.3136 0 0 0 0.0000 0.7500
6 99.0352 89.4037 3 3 2 1 2.2663 0 0 0 0.0000 0.7500
6 143.4742 104.9102 4 4 3 1 1.1047 0 0 0 0.0000 0.7500
6 150.1976 102.3980 4 2 2 0 1.1559 1 0 0 0.0000 0.7500
6 94.3484 71.3368 3 3 1 1 0.6822 0 0 0 0.0000 0.7500
6 111.2919 71.9448 3 3 2 1 0.9798 0 0 0 0.0000 0.7500
6 71.0004 111.1560 1 4 4 0 1.6526 1 0 0 0.0000 0.7500
6 111.4199 105.7905 4 2 1 0 0.7906 0 0 0 0.0000 0.7500
6 77.9959 133.3717 2 4 4 0 1.4741 1 0 0 0.0000 0.7500
6 92.5878 154.2830 2 4 4 0 1.2153 1 0 0 0.0000 0.7500
6 75.7972 136.1125 2 4 1 0 0.9181 0 0 0 0.0000 0.7500
6 117.3649 99.6703 4 2 2 0 2.1320 1 0 0 0.0000 0.7500
6 107.7221 122.8525 2 2 2 1 0.7400 1 0 0 0.0000 0.7500
6 126.1796 107.6207 4 4 2 1 1.4252 0 0 0 0.0000 0.7500
6 91.3928 137.1108 2 2 3 1 0.7960 0 0 0 0.0000 0.7500
6 97.0638 60.2841 3 4 3 0 0.7624 0 0 0 0.0000 0.7500
6 88.0723 90.5523 3 3 1 1 0.8859 0 0 0 0.0000 0.7500
6 120.2365 105.3651 4 3 1 0 0.4535 0 0 0 0.0000 0.7500
6 91.5616 71.1302 3 3 2 1 2.6963 0 0 0 0.0000 0.7500
6 74.1195 99.1445 1 2 4 0 0.8047 0 0 0 0.0000 0.7500
6 102.9168 122.0853 2 3 4 0 0.2790 0 0 0 0.0000 0.7500
6 89.9558 64.8627 3 3 3 1 0.2454 1 0 0 0.0000 0.7500
6 101.5874 128.6738 2 4 3 0 1.0910 0 0 0 0.0000 0.7500
6 69.6821 91.3549 1 2 3 0 0.2141 0 0 0 0.0000 0.7500
6 122.8224 101.7694 4 1 2 0 1.8769 0 0 0 0.0000 0.7500
6 138.1050 78.6352 4 4 2 1 1.2469 0 0 0 0.0000 0.7500
6 91.7822 124.1051 2 3 4 0 0.2141 0 0 0 0.0000 0.7500
6 109.8880 115.3438 2 2 4 1 1.3800 0 0 0 0.0000 0.7500
6 136.6421 100.5962 4 3 3 0 0.1904 1 0 0 0.0000 0.7500
6 80.0097 106.6956 1 1 4 1 0.8752 0 0 0 0.0000 0.7500
6 107.2509 127.7588 2 3 3 0 0.6499 1 0 0 0.0000 0.7500
6 87.4036 103.1563 1 2 3 0 1.3147 0 0 0 0.0000 0.7500
6 110.7196 116.0871 2 1 2 0 0.2992 0 0 0 0.0000 0.7500
6 55.9682 101.5119 1 3 1 0 0.2811 0 0 0 0.0000 0.7500
6 69.8536 99.2167 1 1 2 1 0.6767 0 0 0 0.0000 0.7500
6 116.9842 121.0366 4 3 3 0 0.6530 1 0 0 0.0000 0.7500
6 63.6886 99.3253 1 3 2 0 0.1814 0 0 0 0.0000 0.7500
6 67.0555 109.5032 1 4 4 0 1.0585 1 0 0 0.0000 0.7500
6 102.3440 113.0387 2 3 3 0 1.2877 1 0 0 0.0000 0.7500
6 131.9336 115.7457 4 1 3 0 0.9293 0 0 0 0.0000 0.7500
6 87.3135 64.0285 3 2 3 0 0.9257 0 0 0 0.0000 0.7500
6 74.4528 101.6761 1 1 4 1 0.3975 0 0 0 0.0000 0.7500
6 104.7419 95.8541 4 3 1 0 0.9433 0 0 0 0.0000 0.7500
6 137.0804 110.1187 4 2 2 0 0.9616 1 0 0 0.0000 0.7500
6 78.0881 134.8433 2 4 1 0 0.9612 0 0 0 0.0000 0.7500
6 104.7057 119.4283 2 3 4 0 1.3595 0 0 0 0.0000 0.7500
6 133.6609 106.8919 4 2 3 0 1.3219 0 0 0 0.0000 0.7500
6 94.8067 71.0829 3 1 4 0 2.5303 0 0 0 0.0000 0.7500
6 96.9975 144.9041 2 3 1 0 0.2834 0 0 0 0.0000 0.7500
6 126.8054 79.3947 4 3 4 0 0.2322 0 0 0 0.0000 0.7500
6 42.7977 98.7857 1 3 1 0 0.4694 0 0 0 0.0000 0.7500
6 77.2926 99.9871 1 3 4 0 0.7905 0 0 0 0.0000 0.7500
6 95.0812 129.7580 2 1 2 0 0.8662 0 0 0 0.0000 0.7500
6 91.0872 110.3567 2 3 4 0 0.0321 0 0 0 0.0000 0.7500
6 86.9869 137.7303 2 2 3 1 0.8733 0 0 0 0.0000 0.7500
6 92.0560 65.2067 3 3 3 1 1.9989 1 0 0 0.0000 0.7500
6 80.0384 101.4079 1 3 3 0 0.4744 1 0 0 0.0000 0.7500
6 111.3216 66.9400 3 1 3 0 2.5287 0 0 0 0.0000 0.7500
6 127.3768 98.4144 4 1 2 0 1.6723 0 0 0 0.0000 0.7500
6 39.4733 74.9602 1 4 1 0 1.4823 0 0 0 0.0000 0.7500
6 94.2845 48.6109 3 3 2 1 0.3247 0 0 0 0.0000 0.7500
6 61.8078 120.1106 1 3 2 0 2.0854 0 0 0 0.0000 0.7500
6 131.9209 123.1288 4 3 3 0 0.4830 1 0 0 0.0000 0.7500
6 72.0866 111.0079 1 3 1 0 0.6630 0 0 0 0.0000 0.7500
6 80.5237 83.7751 3 3 2 1 0.8632 0 0 0 0.0000 0.7500
6 95.9106 133.0822 2 1 1 0 0.4634 1 0 0 0.0000 0.7500
6 136.0329 94.3559 4 2 1 0 1.1885 0 0 0 0.0000 0.7500
7 109.0777 102.4331 4 2 0 0 1.3385 0 1 0 0.0000 0.7500
7 94.8763 128.9719 2 3 0 0 1.3352 0 1 0 0.0000 0.7500
7 135.8998 87.2633 4 1 0 0 1.7791 0 1 0 0.0000 0.7500
7 106.4592 68.8722 3 4 0 0 0.9199 0 1 0 0.0000 0.7500
7 78.4511 105.1860 1 4 0 0 0.3428 0 1 0 0.0000 0.7500
7 80.0327 125.0308 2 4 0 0 0.3596 0 1 0 0.0000 0.7500
7 90.7772 75.4578 3 4 0 0 0.3759 0 1 0 0.0000 0.7500
7 102.0303 55.2700 3 4 0 0 0.2647 0 1 0 0.0000 0.7500
7 104.5617 56.6949 3 4 0 0 0.2470 0 1 0 0.0000 0.7500
7 119.8556 94.2118 4 4 0 1 0.2771 1 1 0 0.0000 0.7500
7 68.5902 111.2368 1 4 0 0 0.2283 0 1 0 0.0000 0.7500
7 104.7584 57.8152 3 4 0 0 0.2754 0 1 0 0.0000 0.7500
7 113.9239 134.0780 2 4 0 0 0.2421 0 1 0 0.0000 0.7500
7 101.9270 124.9169 2 4 0 0 0.3062 0 1 0 0.0000 0.7500
7 92.9690 69.1337 3 3 0 1 0.0981 1 1 0 0.0000 0.7500
7 148.4004 105.7397 4 3 0 0 0.3781 0 1 0 0.0000 0.7500
7 98.0162 72.5907 3 3 0 1 0.2665 1 1 0 0.0000 0.7500
7 66.3930 108.7872 1 3 0 0 0.6481 0 1 0 0.0000 0.7500
7 117.8498 104.5631 4 3 0 0 0.5601 0 1 0 0.0000 0.7500
7 73.6712 95.8782 1 3 0 0 0.4060 0 1 0 0.0000 0.7500
7 116.6820 143.1406 2 3 0 0 0.4388 0 1 0 0.0000 0.7500
7 116.4688 89.7162 4 4 0 1 0.7952 1 1 0 0.0000 0.7500
7 113.1897 81.5377 4 4 0 1 0.7111 1 1 0 0.0000 0.7500
7 99.8400 81.4098 3 4 0 0 0.4967 0 1 0 0.0000 0.7500
7 112.4084 118.7632 4 4 0 1 0.6150 1 1 0 0.0000 0.7500
7 112.9909 56.6666 3 4 0 0 0.4002 0 1 0 0.0000 0.7500
7 63.6398 102.4741 1 4 0 0 0.3071 0 1 0 0.0000 0.7500
7 88.9087 58.4290 3 4 0 0 0.3722 0 1 0 0.0000 0.7500
7 89.8963 132.1882 2 4 0 0 0.2955 0 1 0 0.0000 0.7500
7 136.3717 93.2697 4 4 0 1 0.3122 1 1 0 0.0000 0.7500
7 100.2263 73.7651 3 4 0 0 0.2638 0 1 0 0.0000 0.7500
7 103.3680 147.2061 2 3 0 0 1.1117 0 1 0 0.0000 0.7500
7 73.2713 112.1859 1 4 0 0 0.2353 0 1 0 0.0000 0.7500
7 89.4633 121.3259 2 3 0 0 1.1133 0 1 0 0.0000 0.7500
7 76.2416 107.6445 1 4 0 0 0.2533 0 1 0 0.0000 0.7500
7 70.7976 95.5266 1 4 0 0 0.1569 0 1 0 0.0000 0.7500
7 94.4813 130.1834 2 4 0 0 0.3448 0 1 0 0.0000 0.7500
7 121.1033 94.5771 4 4 0 1 0.2488 1 1 0 0.0000 0.7500
7 149.0769 86.5169 4 4 0 1 0.3755 1 1 0 0.0000 0.7500
7 106.6255 68.2164 3 4 0 0 0.3943 0 1 0 0.0000 0.7500
7 119.6989 106.1292 4 2 0 0 1.4699 0 1 0 0.0000 0.7500
7 110.8904 77.7991 3 4 0 0 0.7463 0 1 0 0.0000 0.7500
7 131.4001 98.8049 4 1 0 0 2.5473 0 1 0 0.0000 0.7500
7 78.1565 106.1586 1 4 0 0 1.1814 0 1 0 0.0000 0.7500
7 114.0260 71.2138 3 4 0 0 0.7894 0 1 0 0.0000 0.7500
7 103.3200 134.0606 2 4 0 0 0.5462 0 1 0 0.0000 0.7500
7 126.1289 115.0799 4 4 0 1 0.5205 1 1 0 0.0000 0.7500
7 135.3254 107.9271 4 4 0 1 0.4141 1 1 0 0.0000 0.7500
7 120.2761 123.7163 2 4 0 0 0.5141 0 1 0 0.0000 0.7500
7 139.6484 97.5681 4 4 0 1 1.3344 1 1 0 0.0000 0.7500
7 127.9187 108.3813 4 4 0 1 0.4805 1 1 0 0.0000 0.7500
7 95.0387 77.2566 3 4 0 0 0.4196 0 1 0 0.0000 0.7500
7 60.5538 97.4907 1 4 0 0 0.3272 0 1 0 0.0000 0.7500
7 105.9102 134.8433 2 3 0 0 4.7762 0 1 0 0.0000 0.7500
7 104.9014 118.6219 2 3 0 0 2.5054 0 1 0 0.0000 0.7500
7 71.1015 89.3096 1 3 0 0 0.8647 0 1 0 0.0000 0.7500
7 83.5518 92.8667 1 1 0 1 1.7110 1 1 0 0.0000 0.7500
7 51.4384 108.5347 1 1 0 1 0.1147 1 1 0 0.0000 0.7500
7 65.5740 101.7929 1 1 0 1 0.2686 1 1 0 0.0000 0.7500
7 104.5539 75.9852 3 1 0 0 0.5390 0 1 0 0.0000 0.7500
7 65.5803 106.6743 1 2 0 0 1.3433 0 1 0 0.0000 0.7500
7 80.4441 103.3211 1 1 0 1 0.5861 1 1 0 0.0000 0.7500
7 64.4410 99.6203 1 1 0 1 0.8001 1 1 0 0.0000 0.7500
7 99.1364 69.9712 3 4 0 0 1.5956 0 1 0 0.0000 0.7500
7 95.5324 124.7046 2 1 0 0 0.8144 0 1 0 0.0000 0.7500
7 116.7106 100.2723 4 1 0 0 0.8264 0 1 0 0.0000 0.7500
7 102.7899 116.4195 2 1 0 0 0.3284 0 1 0 0.0000 0.7500
7 103.5760 77.8437 3 1 0 0 0.3276 0 1 0 0.0000 0.7500
7 91.6309 131.5931 2 3 0 0 0.0235 0 1 0 0.0000 0.7500
7 100.7278 116.5772 2 1 0 0 1.1683 0 1 0 0.0000 0.7500
7 103.7841 117.2437 2 1 0 0 4.6193 0 1 0 0.0000 0.7500
7 66.1732 98.4152 1 3 0 0 1.8662 0 1 0 0.0000 0.7500
7 107.6510 124.9763 2 3 0 0 0.4991 0 1 0 0.0000 0.7500
7 90.6607 114.7931 2 3 0 0 0.4258 0 1 0 0.0000 0.7500
7 77.5306 86.0670 1 1 0 1 0.3669 1 1 0 0.0000 0.7500
7 93.1776 65.4764 3 1 0 0 0.3209 0 1 0 0.0000 0.7500
7 82.7276 60.7880 3 1 0 0 0.3658 0 1 0 0.0000 0.7500
7 126.1778 99.7698 4 3 0 0 0.3665 0 1 0 0.0000 0.7500
7 123.3151 82.9203 3 4 0 0 0.2416 0 1 0 0.0000 0.7500
7 72.5930 121.4012 1 3 0 0 0.1912 0 1 0 0.0000 0.7500
7 77.3297 102.7611 1 1 0 1 1.5020 1 1 0 0.0000 0.7500
7 103.7936 74.4077 3 3 0 1 0.7632 1 1 0 0.0000 0.7500
7 79.9215 80.1434 1 2 0 0 2.1675 0 1 0 0.0000 0.7500
7 87.6377 87.8999 1 3 0 0 1.1115 0 1 0 0.0000 0.7500
7 135.3313 94.3023 4 1 0 0 1.2454 0 1 0 0.0000 0.7500
7 124.0902 118.9130 4 1 0 0 0.6119 0 1 0 0.0000 0.7500
7 105.3690 62.3515 3 1 0 0 0.7326 0 1 0 0.0000 0.7500
7 93.6008 125.3017 2 1 0 0 0.3115 0 1 0 0.0000 0.7500
7 100.4535 75.4099 3 3 0 1 0.5498 1 1 0 0.0000 0.7500
7 81.9811 122.2044 2 4 0 0 1.3113 0 1 0 0.0000 0.7500
7 83.0973 99.6898 1 3 0 0 1.2245 0 1 0 0.0000 0.7500
7 108.6715 117.6680 2 2 0 1 0.4325 1 1 0 0.0000 0.7500
7 111.1747 126.9010 2 2 0 1 0.4517 1 1 0 0.0000 0.7500
7 94.9160 127.7004 2 2 0 1 1.7672 1 1 0 0.0000 0.7500
7 143.6517 112.9284 4 3 0 0 1.1160 0 1 0 0.0000 0.7500
7 130.4596 86.2393 4 3 0 0 2.4664 0 1 0 0.0000 0.7500
7 134.6237 92.0509 4 2 0 0 0.3828 0 1 0 0.0000 0.7500
7 123.5975 102.7674 4 3 0 0 0.7864 0 1 0 0.0000 0.7500
7 96.0948 76.7071 3 3 0 1 1.9535 1 1 0 0.0000 0.7500
7 77.5743 106.8028 1 1 0 1 2.4618 1 1 0 0.0000 0.7500
8 80.5136 110.9438 1 1 0 1 0.5545 1 1 0 0.0000 0.7500
8 78.2270 104.3290 1 1 0 1 0.4050 1 1 0 0.0000 0.7500
8 97.6917 64.1212 3 2 0 0 1.5266 0 1 0 0.0000 0.7500
8 108.5905 150.0014 2 2 0 1 2.0377 1 1 0 0.0000 0.7500
8 98.0211 135.4689 2 3 0 0 1.3309 0 1 0 0.0000 0.7500
8 100.1946 133.4809 2 2 0 1 1.5808 1 1 0 0.0000 0.7500
8 135.1553 91.0800 4 2 0 0 0.6704 0 1 0 0.0000 0.7500
8 94.1610 140.3225 2 1 0 0 0.2636 0 1 0 0.0000 0.7500
8 135.9208 94.1744 4 2 0 0 2.1820 0 1 0 0.0000 0.7500
8 97.8579 128.1863 2 3 0 0 0.0063 0 1 0 0.0000 0.7500
8 95.0595 146.4255 2 4 0 0 2.7666 0 1 0 0.0000 0.7500
8 99.5780 137.4124 2 4 0 0 0.2852 0 1 0 0.0000 0.7500
8 137.3462 113.9915 4 4 0 1 0.2519 1 1 0 0.0000 0.7500
8 95.1936 94.8259 3 4 0 0 0.4898 0 1 0 0.0000 0.7500
8 131.2836 106.8547 4 3 0 0 1.6954 0 1 0 0.0000 0.7500
8 89.3754 80.2530 3 4 0 0 2.0993 0 1 0 0.0000 0.7500
8 66.8812 103.1281 1 1 0 1 3.5216 1 1 0 0.0000 0.7500
8 91.6975 118.6216 2 2 0 1 1.7977 1 1 0 0.0000 0.7500
8 126.2479 93.8255 4 2 0 0 0.3945 0 1 0 0.0000 0.7500
8 96.1304 74.5303 3 4 0 0 0.7001 0 1 0 0.0000 0.7500
8 142.5410 96.0239 4 4 0 1 0.4209 1 1 0 0.0000 0.7500
8 140.8232 100.9438 4 4 0 1 0.5500 1 1 0 0.0000 0.7500
8 113.3018 55.9921 3 3 0 1 1.5648 1 1 0 0.0000 0.7500
8 56.6860 103.5982 1 1 0 1 1.2759 1 1 0 0.0000 0.7500
8 103.3426 114.0996 2 3 0 0 2.0667 0 1 0 0.0000 0.7500
8 75.5032 120.2016 1 2 0 0 0.4790 0 1 0 0.0000 0.7500
8 69.7773 107.5104 1 1 0 1 1.3266 1 1 0 0.0000 0.7500
8 123.5941 102.7619 4 2 0 0 1.8473 0 1 0 0.0000 0.7500
8 82.7853 71.5963 3 1 0 0 0.5746 0 1 0 0.0000 0.7500
8 94.5523 61.3336 3 1 0 0 0.6774 0 1 0 0.0000 0.7500
8 100.2872 72.8516 3 3 0 1 2.0313 1 1 0 0.0000 0.7500
8 88.1528 75.4018 3 3 0 1 0.8269 1 1 0 0.0000 0.7500
8 94.4599 89.8636 3 2 0 0 1.7516 0 1 0 0.0000 0.7500
8 105.3467 81.1106 3 2 0 0 1.7400 0 1 0 0.0000 0.7500
8 70.8464 89.2329 1 3 0 0 0.5136 0 1 0 0.0000 0.7500
8 80.3630 107.5832 1 3 0 0 1.2240 0 1 0 0.0000 0.7500
8 96.6668 66.6565 3 1 0 0 1.5355 0 1 0 0.0000 0.7500
8 98.4903 82.6266 3 3 0 1 1.1035 1 1 0 0.0000 0.7500
8 121.4979 110.0468 4 3 0 0 0.4675 0 1 0 0.0000 0.7500
8 133.9920 82.4607 4 3 0 0 0.8711 0 1 0 0.0000 0.7500
8 87.7432 121.7098 2 1 0 0 1.7322 0 1 0 0.0000 0.7500
8 53.1331 82.5922 1 3 0 0 0.9998 0 1 0 0.0000 0.7500
8 90.7604 118.0055 2 1 0 0 1.1141 0 1 0 0.0000 0.7500
8 87.9524 84.3511 1 1 0 1 1.0381 1 1 0 0.0000 0.7500
8 100.6883 64.5680 3 4 0 0 1.2161 0 1 0 0.0000 0.7500
8 114.9372 130.4124 2 2 0 1 1.3812 1 1 0 0.0000 0.7500
8 97.6390 74.1439 3 3 0 1 0.8164 1 1 0 0.0000 0.7500
8 84.6467 111.4268 1 3 0 0 2.5575 0 1 0 0.0000 0.7500
8 65.4832 111.9926 1 4 0 0 2.8395 0 1 0 0.0000 0.7500
8 102.5619 50.8807 3 3 0 1 2.0230 1 1 0 0.0000 0.7500
8 124.0074 108.1929 4 3 0 0 3.0270 0 1 0 0.0000 0.7500
8 122.0531 99.8556 4 3 0 0 1.4490 0 1 0 0.0000 0.7500
8 104.8713 112.1152 2 2 0 1 7.4610 1 1 0 0.0000 0.7500
8 103.5668 102.0057 2 2 0 1 0.5077 1 1 0 0.0000 0.7500
8 98.9164 142.1705 2 3 0 0 1.4093 0 1 0 0.0000 0.7500
8 73.3303 105.7902 1 2 0 0 8.5077 0 1 0 0.0000 0.7500
8 104.7658 137.1957 2 2 0 1 1.5840 1 1 0 0.0000 0.7500
8 57.9441 87.1006 1 1 0 1 1.0392 1 1 0 0.0000 0.7500
8 86.0869 61.6301 3 1 0 0 1.0091 0 1 0 0.0000 0.7500
8 79.8961 81.1035 3 1 0 0 0.4019 0 1 0 0.0000 0.7500
8 122.0819 84.6832 4 4 0 1 1.4270 1 1 0 0.0000 0.7500
8 76.1449 86.4680 1 1 0 1 0.9595 1 1 0 0.0000 0.7500
8 109.9944 128.7132 2 2 0 1 0.9114 1 1 0 0.0000 0.7500
8 100.3058 142.8041 2 2 0 1 3.7412 1 1 0 0.0000 0.7500
8 146.5705 88.5627 4 4 0 1 1.5248 1 1 0 0.0000 0.7500
8 68.4902 100.3769 1 1 0 1 1.9700 1 1 0 0.0000 0.7500
8 98.5304 129.2492 2 2 0 1 3.6428 1 1 0 0.0000 0.7500
8 102.1490 115.6918 4 3 0 0 1.9832 0 1 0 0.0000 0.7500
8 71.8123 78.3524 1 1 0 1 0.9860 1 1 0 0.0000 0.7500
8 72.9761 91.8513 1 1 0 1 1.4983 1 1 0 0.0000 0.7500
8 107.7596 101.6084 4 2 0 0 3.5910 0 1 0 0.0000 0.7500
8 123.1753 102.4976 4 2 0 0 1.2894 0 1 0 0.0000 0.7500
8 63.8414 99.9808 1 1 0 1 1.6821 1 1 0 0.0000 0.7500
8 101.1555 128.3788 2 2 0 1 4.0828 1 1 0 0.0000 0.7500
8 81.1348 85.8898 1 3 0 0 1.1706 0 1 0 0.0000 0.7500
8 136.2692 109.1555 4 4 0 1 1.3993 1 1 0 0.0000 0.7500
8 106.9334 125.3360 2 2 0 1 2.2724 1 1 0 0.0000 0.7500
8 103.8039 134.0234 2 2 0 1 1.5876 1 1 0 0.0000 0.7500
8 70.9801 97.4984 1 4 0 0 2.5015 0 1 0 0.0000 0.7500
8 120.1177 97.7777 4 3 0 0 4.7978 0 1 0 0.0000 0.7500
8 75.8624 81.3255 1 1 0 1 1.1180 1 1 0 0.0000 0.7500
8 135.4754 103.0953 4 3 0 0 2.5158 0 1 0 0.0000 0.7500
8 79.5622 79.5091 3 1 0 0 0.9707 0 1 0 0.0000 0.7500
8 85.6290 129.7241 2 1 0 0 2.7625 0 1 0 0.0000 0.7500
8 105.3469 62.1127 3 3 0 1 2.0620 1 1 0 0.0000 0.7500
8 66.1666 70.6993 1 1 0 1 1.2421 1 1 0 0.0000 0.7500
8 103.6137 74.1008 3 3 0 1 3.0884 1 1 0 0.0000 0.7500
8 131.6035 100.0489 4 4 0 1 1.5272 1 1 0 0.0000 0.7500
8 133.6424 103.4671 4 4 0 1 1.2048 1 1 0 0.0000 0.7500
8 98.2988 66.6219 3 3 0 1 0.9388 1 1 0 0.0000 0.7500
8 93.3562 125.6489 2 2 0 1 1.5295 1 1 0 0.0000 0.7500
8 85.8959 100.2280 1 3 0 0 1.3687 0 1 0 0.0000 0.7500
8 129.6642 100.7962 4 3 0 0 6.2588 0 1 0 0.0000 0.7500
8 60.9801 93.5680 1 1 0 1 0.9726 1 1 0 0.0000 0.7500
8 122.2716 97.8254 4 3 0 0 1.0526 0 1 0 0.0000 0.7500
8 113.2000 100.1867 4 3 0 0 0.9426 0 1 0 0.0000 0.7500
8 108.7283 146.0765 2 2 0 1 0.9901 1 1 0 0.0000 0.7500
8 83.2440 87.2348 3 1 0 0 1.3425 0 1 0 0.0000 0.7500
8 100.2864 72.4270 3 3 0 1 0.4397 1 1 0 0.0000 0.7500
8 96.5532 70.7419 3 3 0 1 0.5537 1 1 0 0.0000 0.7500
9 126.2764 83.8192 4 3 0 0 1.7385 0 1 0 0.0000 0.7500
9 119.2084 107.1740 4 3 0 0 0.7792 0 1 0 0.0000 0.7500
9 56.7195 111.4643 1 1 0 1 1.0308 1 1 0 0.0000 0.7500
9 131.8167 93.1313 4 4 0 1 1.4795 1 1 0 0.0000 0.7500
9 110.4730 86.6673 3 3 0 1 1.7495 1 1 0 0.0000 0.7500
9 144.1202 106.3873 4 2 0 0 0.8727 0 1 0 0.0000 0.7500
9 101.8314 70.9860 3 3 0 1 1.8290 1 1 0 0.0000 0.7500
9 104.3017 71.1701 3 3 0 1 0.8750 1 1 0 0.0000 0.7500
9 125.3780 93.6617 4 4 0 1 1.4186 1 1 0 0.0000 0.7500
9 108.8706 89.0201 4 2 0 0 1.4137 0 1 0 0.0000 0.7500
9 96.4548 124.9745 2 2 0 1 0.8805 1 1 0 0.0000 0.7500
9 94.9039 108.7768 2 1 0 0 2.6056 0 1 0 0.0000 0.7500
9 121.3137 98.8788 4 2 0 0 1.3840 0 1 0 0.0000 0.7500
9 101.5083 136.7463 2 2 0 1 0.7228 1 1 0 0.0000 0.7500
9 83.5111 127.4984 2 2 0 1 2.4932 1 1 0 0.0000 0.7500
9 131.7155 99.7142 4 3 0 0 1.4792 0 1 0 0.0000 0.7500
9 86.8404 95.0285 3 3 0 1 2.2611 1 1 0 0.0000 0.7500
9 111.8529 106.1376 4 2 0 0 3.3986 0 1 0 0.0000 0.7500
9 102.5889 83.5736 3 2 0 0 12.5968 0 1 0 0.0000 0.7500
9 124.1812 129.4869 4 2 0 0 0.6729 0 1 0 0.0000 0.7500
9 72.1357 96.4958 1 1 0 1 1.0325 1 1 0 0.0000 0.7500
9 77.6529 103.1860 1 1 0 1 0.7301 1 1 0 0.0000 0.7500
9 123.5472 93.8877 4 3 0 0 1.8612 0 1 0 0.0000 0.7500
9 68.8092 92.9212 1 1 0 1 2.2207 1 1 0 0.0000 0.7500
9 97.3704 74.7911 3 3 0 1 1.0696 1 1 0 0.0000 0.7500
9 106.0402 131.1355 2 2 0 1 0.7375 1 1 0 0.0000 0.7500
9 60.3511 114.3077 1 1 0 1 0.9711 1 1 0 0.0000 0.7500
9 112.8350 144.2134 2 2 0 1 0.8583 1 1 0 0.0000 0.7500
9 103.5026 142.9016 2 2 0 1 0.7596 1 1 0 0.0000 0.7500
9 88.9110 106.8961 1 3 0 0 1.3934 0 1 0 0.0000 0.7500
9 63.4358 97.9667 1 1 0 1 2.1117 1 1 0 0.0000 0.7500
9 73.6090 100.0768 1 1 0 1 1.1337 1 1 0 0.0000 0.7500
9 93.0651 64.7039 3 3 0 1 4.0980 1 1 0 0.0000 0.7500
9 64.1784 95.8536 1 1 0 1 0.8193 1 1 0 0.0000 0.7500
9 100.1930 132.4558 2 2 0 1 0.8632 1 1 0 0.0000 0.7500
9 63.2691 104.2814 1 1 0 1 0.8908 1 1 0 0.0000 0.7500
9 92.7225 150.3744 2 2 0 1 1.0968 1 1 0 0.0000 0.7500
9 98.0184 84.3762 3 3 0 1 0.7788 1 1 0 0.0000 0.7500
9 81.6602 102.3989 1 2 0 0 0.9355 0 1 0 0.0000 0.7500
9 102.0468 85.1780 3 3 0 1 1.2879 1 1 0 0.0000 0.7500
9 105.4727 122.0417 2 2 0 1 1.9219 1 1 0 0.0000 0.7500
9 90.9210 64.4163 3 3 0 1 0.9226 1 1 0 0.0000 0.7500
9 89.2050 134.1374 2 3 0 0 2.6113 0 1 0 0.0000 0.7500
9 98.2771 121.0598 2 2 0 1 0.8630 1 1 0 0.0000 0.7500
9 116.9347 101.9188 4 2 0 0 1.1162 0 1 0 0.0000 0.7500
9 136.6643 105.0332 4 2 0 0 0.8653 0 1 0 0.0000 0.7500
9 100.4483 55.0481 3 3 0 1 2.4501 1 1 0 0.0000 0.7500
9 101.9013 52.5659 3 3 0 1 0.6708 1 1 0 0.0000 0.7500
9 54.5403 100.5869 1 1 0 1 0.8408 1 1 0 0.0000 0.7500
9 85.1726 84.3353 1 3 0 0 1.0940 0 1 0 0.0000 0.7500
