1 103.3680 147.2061 2 3 0 0 8.5121 0 1 0 0.0000 0.0000
1 103.4156 75.8864 3 1 0 0 5.9721 0 1 0 0.0000 0.0000
1 56.5795 97.8917 1 3 0 0 5.1882 0 1 0 0.0000 0.0000
1 84.6467 111.4268 1 4 0 0 4.0321 0 1 0 0.0000 0.0000
1 129.2816 110.8507 4 1 0 0 7.9183 0 1 0 0.0000 0.0000
1 104.8713 112.1152 2 2 0 1 3.3760 1 1 0 0.0000 0.0000
1 97.0720 123.3270 2 2 0 1 3.2464 1 1 0 0.0000 0.0000
1 111.3216 66.9400 3 1 0 0 3.1587 0 1 0 0.0000 0.0000
1 102.1490 115.6918 4 2 0 0 1.1659 0 1 0 0.0000 0.0000
1 106.8346 93.8795 4 1 0 0 1.2812 0 1 0 0.0000 0.0000
1 97.3704 74.7911 3 3 0 1 1.2723 1 1 0 0.0000 0.0000
1 78.0756 96.2654 1 3 0 0 1.0074 0 1 0 0.0000 0.0000
1 101.0772 80.8251 3 1 0 0 1.2967 0 1 0 0.0000 0.0000
1 131.7155 99.7142 4 4 0 1 1.2238 1 1 0 0.0000 0.0000
1 103.0445 133.7577 2 2 0 1 2.8777 1 1 0 0.0000 0.0000
1 59.6690 94.7477 1 1 0 1 2.0133 1 1 0 0.0000 0.0000
1 96.0057 70.3104 3 3 0 1 0.6153 1 1 0 0.0000 0.0000
1 92.9046 122.1020 2 4 0 0 0.7021 0 1 0 0.0000 0.0000
1 70.7232 116.5256 1 3 0 0 1.1425 0 1 0 0.0000 0.0000
1 100.4483 55.0481 3 1 0 0 0.9704 0 1 0 0.0000 0.0000
1 105.4858 142.3728 2 4 0 0 0.3788 0 1 0 0.0000 0.0000
1 106.9555 129.7324 2 2 0 1 0.5868 1 1 0 0.0000 0.0000
1 87.5448 133.7851 2 1 0 0 0.5927 0 1 0 0.0000 0.0000
1 69.9645 86.5683 1 2 0 0 0.4383 0 1 0 0.0000 0.0000
1 101.8316 65.4209 3 3 0 1 0.7915 1 1 0 0.0000 0.0000
1 105.2155 124.7106 2 1 0 0 1.1059 0 1 0 0.0000 0.0000
1 134.8970 112.8241 4 4 0 1 0.6926 1 1 0 0.0000 0.0000
1 136.7401 101.5012 4 2 0 0 1.2130 0 1 0 0.0000 0.0000
1 126.4884 92.9181 4 3 0 0 1.2514 0 1 0 0.0000 0.0000
1 107.1687 132.0388 2 2 0 1 1.0982 1 1 0 0.0000 0.0000
1 111.1747 126.9010 2 1 0 0 2.6060 0 1 0 0.0000 0.0000
1 107.7596 101.6084 4 4 0 1 0.5517 1 1 0 0.0000 0.0000
1 74.2789 93.9803 1 2 0 0 5.3243 0 1 0 0.0000 0.0000
1 73.9319 114.8849 1 3 0 0 2.0272 0 1 0 0.0000 0.0000
1 56.4131 94.2644 1 2 0 0 0.7096 0 1 0 0.0000 0.0000
1 104.6776 56.5007 3 2 0 0 0.7517 0 1 0 0.0000 0.0000
1 114.0260 71.2138 3 1 0 0 0.5835 0 1 0 0.0000 0.0000
1 136.6421 100.5962 4 4 0 1 0.3163 1 1 0 0.0000 0.0000
1 110.4730 86.6673 3 4 0 0 1.4186 0 1 0 0.0000 0.0000
1 102.9168 122.0853 2 3 0 0 1.9887 0 1 0 0.0000 0.0000
1 103.5668 102.0057 2 4 0 0 0.5422 0 1 0 0.0000 0.0000
1 116.6119 107.6445 4 1 0 0 0.5946 0 1 0 0.0000 0.0000
1 73.6090 100.0768 1 2 0 0 0.6170 0 1 0 0.0000 0.0000
1 90.9195 50.3999 3 3 0 1 0.5274 1 1 0 0.0000 0.0000
1 127.0373 102.5313 4 1 0 0 1.2033 0 1 0 0.0000 0.0000
1 124.8026 92.4396 4 4 0 1 0.3773 1 1 0 0.0000 0.0000
1 119.6669 98.9626 4 2 0 0 1.5929 0 1 0 0.0000 0.0000
1 106.9334 125.3360 2 4 0 0 0.7612 0 1 0 0.0000 0.0000
1 101.7649 128.0355 2 1 0 0 0.6752 0 1 0 0.0000 0.0000
1 95.6192 81.2971 3 3 0 1 0.9712 1 1 0 0.0000 0.0000
1 87.1385 149.7429 2 2 0 1 2.2039 1 1 0 0.0000 0.0000
1 124.1812 129.4869 4 2 0 0 1.2120 0 1 0 0.0000 0.0000
1 71.9726 116.2312 1 1 0 1 1.8103 1 1 0 0.0000 0.0000
1 98.4089 50.5345 3 3 0 1 2.7598 1 1 0 0.0000 0.0000
1 75.6848 119.7178 1 4 0 0 4.3885 0 1 0 0.0000 0.0000
1 78.4511 105.1860 1 2 0 0 0.9870 0 1 0 0.0000 0.0000
1 120.2365 105.3651 4 4 0 1 1.4681 1 1 0 0.0000 0.0000
1 81.7712 111.1103 1 2 0 0 1.4966 0 1 0 0.0000 0.0000
1 123.7680 91.1913 4 3 0 0 1.2373 0 1 0 0.0000 0.0000
1 140.5597 95.9058 4 1 0 0 0.7793 0 1 0 0.0000 0.0000
1 127.3768 98.4144 4 2 0 0 0.6772 0 1 0 0.0000 0.0000
1 98.6420 67.0848 3 3 0 1 2.7971 1 1 0 0.0000 0.0000
1 67.3771 101.2090 1 4 0 0 1.4675 0 1 0 0.0000 0.0000
1 133.5661 96.3853 4 2 0 0 0.7435 0 1 0 0.0000 0.0000
1 101.3815 73.0170 3 3 0 1 1.1683 1 1 0 0.0000 0.0000
1 75.5032 120.2016 1 2 0 0 1.8290 0 1 0 0.0000 0.0000
1 84.3642 77.5642 3 3 0 1 0.6498 1 1 0 0.0000 0.0000
1 111.2919 71.9448 3 1 0 0 0.4498 0 1 0 0.0000 0.0000
1 123.6157 140.5805 2 3 0 0 0.6917 0 1 0 0.0000 0.0000
1 111.8528 115.5680 2 3 0 0 0.4914 0 1 0 0.0000 0.0000
1 92.0338 75.2069 3 3 0 1 0.6062 1 1 0 0.0000 0.0000
1 132.9753 98.2457 4 4 0 1 1.2997 1 1 0 0.0000 0.0000
1 121.1033 94.5771 4 3 0 0 1.0681 0 1 0 0.0000 0.0000
1 99.0396 118.4244 2 4 0 0 0.5253 0 1 0 0.0000 0.0000
1 103.4926 123.8252 2 4 0 0 0.6896 0 1 0 0.0000 0.0000
1 88.1528 75.4018 3 2 0 0 1.1140 0 1 0 0.0000 0.0000
1 91.4105 93.8808 3 3 0 1 2.7323 1 1 0 0.0000 0.0000
1 90.3402 116.8999 1 1 0 1 0.7443 1 1 0 0.0000 0.0000
1 82.0931 84.7054 1 2 0 0 0.4504 0 1 0 0.0000 0.0000
1 107.7046 80.5418 3 2 0 0 2.1646 0 1 0 0.0000 0.0000
1 68.2180 104.2906 1 2 0 0 0.8027 0 1 0 0.0000 0.0000
1 116.9702 92.0839 4 2 0 0 0.9570 0 1 0 0.0000 0.0000
1 108.4486 68.6553 3 3 0 1 0.5554 1 1 0 0.0000 0.0000
1 65.7857 99.0509 1 2 0 0 2.2722 0 1 0 0.0000 0.0000
1 135.2789 131.4748 4 4 0 1 1.2953 1 1 0 0.0000 0.0000
1 143.6517 112.9284 4 3 0 0 1.7513 0 1 0 0.0000 0.0000
1 52.2791 89.7587 1 1 0 1 0.9701 1 1 0 0.0000 0.0000
1 83.0973 99.6898 1 3 0 0 2.1052 0 1 0 0.0000 0.0000
1 114.0655 154.3119 2 2 0 1 1.9259 1 1 0 0.0000 0.0000
1 110.2706 135.7376 2 4 0 0 2.2059 0 1 0 0.0000 0.0000
1 98.2208 65.4573 3 1 0 0 0.4139 0 1 0 0.0000 0.0000
1 88.6888 98.2993 1 3 0 0 0.2554 0 1 0 0.0000 0.0000
1 64.8705 105.0281 1 2 0 0 0.2535 0 1 0 0.0000 0.0000
1 94.8763 128.9719 2 1 0 0 0.5707 0 1 0 0.0000 0.0000
1 104.2406 138.9003 2 1 0 0 0.7519 0 1 0 0.0000 0.0000
1 103.2879 70.9612 3 1 0 0 0.7458 0 1 0 0.0000 0.0000
1 105.0474 72.4231 3 3 0 1 0.2754 1 1 0 0.0000 0.0000
1 105.4727 122.0417 2 2 0 1 0.9609 1 1 0 0.0000 0.0000
1 135.8998 87.2633 4 4 0 1 0.7042 1 1 0 0.0000 0.0000
1 75.8624 81.3255 1 1 0 1 1.0809 1 1 0 0.0000 0.0000
2 67.4598 105.3197 1 3 0 0 1.7548 0 1 0 0.0000 0.0000
2 91.9709 124.1509 2 3 0 0 3.3759 0 1 0 0.0000 0.0000
2 89.3754 80.2530 3 3 0 1 0.5884 1 1 0 0.0000 0.0000
2 77.6529 103.1860 1 2 0 0 0.8031 0 1 0 0.0000 0.0000
2 98.0288 118.9963 2 4 0 0 7.2464 0 1 0 0.0000 0.0000
2 121.0435 119.9764 2 1 0 0 1.6470 0 1 0 0.0000 0.0000
2 106.5160 71.4494 3 3 0 1 1.1978 1 1 0 0.0000 0.0000
2 65.6183 91.4331 1 1 0 1 1.9238 1 1 0 0.0000 0.0000
2 113.3018 55.9921 3 2 0 0 2.5869 0 1 0 0.0000 0.0000
2 137.0833 98.5415 4 2 0 0 1.5241 0 1 0 0.0000 0.0000
2 92.9690 69.1337 3 3 0 1 1.7781 1 1 0 0.0000 0.0000
2 113.6511 134.4659 2 4 0 0 0.7740 0 1 0 0.0000 0.0000
2 118.3336 94.6428 4 4 0 1 0.3685 1 1 0 0.0000 0.0000
2 137.7972 100.4247 4 2 0 0 0.8804 0 1 0 0.0000 0.0000
2 131.9209 123.1288 4 3 0 0 0.6531 0 1 0 0.0000 0.0000
2 71.0004 111.1560 1 1 0 1 0.2768 1 1 0 0.0000 0.0000
2 95.6356 122.0070 2 4 0 0 1.2016 0 1 0 0.0000 0.0000
2 102.3440 113.0387 2 2 0 1 0.3116 1 1 0 0.0000 0.0000
2 83.8468 132.1807 2 1 0 0 3.0298 0 1 0 0.0000 0.0000
2 94.5580 127.3204 2 1 0 0 0.5054 0 1 0 0.0000 0.0000
2 106.9445 67.1810 3 1 0 0 0.4290 0 1 0 0.0000 0.0000
2 81.9795 108.6904 1 1 0 1 0.2538 1 1 0 0.0000 0.0000
2 102.7899 116.4195 2 4 0 0 0.2002 0 1 0 0.0000 0.0000
2 85.6290 129.7241 2 2 0 1 0.7868 1 1 0 0.0000 0.0000
2 109.0777 102.4331 4 3 0 0 0.5085 0 1 0 0.0000 0.0000
2 111.1157 67.1623 3 1 0 0 0.4329 0 1 0 0.0000 0.0000
2 136.6877 95.0447 4 4 0 1 0.2580 1 1 0 0.0000 0.0000
2 142.5410 96.0239 4 2 0 0 0.2557 0 1 0 0.0000 0.0000
2 121.8793 109.9178 4 1 0 0 0.2837 0 1 0 0.0000 0.0000
2 82.7853 71.5963 3 4 0 0 0.2489 0 1 0 0.0000 0.0000
2 122.3346 91.6734 4 3 0 0 0.3580 0 1 0 0.0000 0.0000
2 105.3632 117.7025 2 1 0 0 0.0851 0 1 0 0.0000 0.0000
2 98.2771 121.0598 2 4 0 0 0.4455 0 1 0 0.0000 0.0000
2 84.9633 129.4892 2 2 0 1 0.2716 1 1 0 0.0000 0.0000
2 79.3883 101.9495 1 4 0 0 0.9559 0 1 0 0.0000 0.0000
2 114.8966 101.9000 4 1 0 0 0.6987 0 1 0 0.0000 0.0000
2 108.3587 74.9542 3 1 0 0 0.5147 0 1 0 0.0000 0.0000
2 82.7276 60.7880 3 4 0 0 1.0614 0 1 0 0.0000 0.0000
2 94.8941 72.0194 3 1 0 0 0.3910 0 1 0 0.0000 0.0000
2 124.5032 100.2541 4 3 0 0 0.9510 0 1 0 0.0000 0.0000
2 100.3058 142.8041 2 1 0 0 0.4701 0 1 0 0.0000 0.0000
2 88.0723 90.5523 3 2 0 0 0.6477 0 1 0 0.0000 0.0000
2 127.5453 108.7529 4 4 0 1 0.3346 1 1 0 0.0000 0.0000
2 112.2636 78.2404 3 1 0 0 3.9812 0 1 0 0.0000 0.0000
2 88.9518 121.9229 2 3 0 0 0.6656 0 1 0 0.0000 0.0000
2 77.5306 86.0670 1 1 0 1 0.2588 1 1 0 0.0000 0.0000
2 121.3137 98.8788 4 2 0 0 2.7039 0 1 0 0.0000 0.0000
2 98.0313 85.9155 3 2 0 0 0.5731 0 1 0 0.0000 0.0000
2 120.9845 109.6560 4 2 0 0 0.3235 0 1 0 0.0000 0.0000
2 79.8248 110.0313 1 2 0 0 0.3223 0 1 0 0.0000 0.0000
2 71.0679 87.6457 1 1 0 1 0.3535 1 1 0 0.0000 0.0000
2 109.0160 110.1222 4 4 0 1 1.3134 1 1 0 0.0000 0.0000
2 87.9524 84.3511 1 3 0 0 0.7615 0 1 0 0.0000 0.0000
2 90.7955 75.5635 3 3 0 1 0.5314 1 1 0 0.0000 0.0000
2 66.3930 108.7872 1 2 0 0 6.6948 0 1 0 0.0000 0.0000
2 78.0881 134.8433 2 2 0 1 0.5373 1 1 0 0.0000 0.0000
2 104.0930 67.8945 3 1 0 0 0.3981 0 1 0 0.0000 0.0000
2 92.5239 112.3685 2 1 0 0 0.4473 0 1 0 0.0000 0.0000
2 71.1468 98.6645 1 4 0 0 0.5133 0 1 0 0.0000 0.0000
2 103.5842 78.5183 3 3 0 1 0.2768 1 1 0 0.0000 0.0000
2 100.6615 138.9520 2 4 0 0 0.7384 0 1 0 0.0000 0.0000
2 63.0102 111.5537 1 1 0 1 0.2680 1 1 0 0.0000 0.0000
2 49.0672 104.1744 1 4 0 0 0.4247 0 1 0 0.0000 0.0000
2 56.7195 111.4643 1 4 0 0 0.5043 0 1 0 0.0000 0.0000
2 103.0292 121.9929 2 3 0 0 0.2499 0 1 0 0.0000 0.0000
2 87.7027 99.6187 1 2 0 0 0.2631 0 1 0 0.0000 0.0000
2 103.7433 91.3476 4 1 0 0 0.2927 0 1 0 0.0000 0.0000
2 112.9909 56.6666 3 1 0 0 0.2430 0 1 0 0.0000 0.0000
2 126.7152 117.4950 4 3 0 0 0.2558 0 1 0 0.0000 0.0000
2 95.9106 133.0822 2 2 0 1 0.1257 1 1 0 0.0000 0.0000
2 111.8529 106.1376 4 3 0 0 1.2090 0 1 0 0.0000 0.0000
2 84.3613 143.2540 2 3 0 0 0.3026 0 1 0 0.0000 0.0000
2 96.6668 66.6565 3 4 0 0 0.2693 0 1 0 0.0000 0.0000
2 66.8812 103.1281 1 1 0 1 0.2668 1 1 0 0.0000 0.0000
2 121.8181 81.1996 4 3 0 0 0.9997 0 1 0 0.0000 0.0000
2 116.0171 54.0204 3 3 0 1 0.6164 1 1 0 0.0000 0.0000
2 141.1648 118.9442 4 4 0 1 0.3356 1 1 0 0.0000 0.0000
2 103.0627 66.6268 3 2 0 0 0.3496 0 1 0 0.0000 0.0000
2 105.6702 73.1600 3 1 0 0 0.5736 0 1 0 0.0000 0.0000
2 100.1946 133.4809 2 3 0 0 5.4106 0 1 0 0.0000 0.0000
2 140.8232 100.9438 4 1 0 0 5.7964 0 1 0 0.0000 0.0000
2 104.8418 64.5808 3 2 0 0 0.6246 0 1 0 0.0000 0.0000
2 117.0446 134.5159 2 3 0 0 0.6158 0 1 0 0.0000 0.0000
2 76.1655 80.2105 1 2 0 0 0.2710 0 1 0 0.0000 0.0000
2 80.5136 110.9438 1 4 0 0 0.2993 0 1 0 0.0000 0.0000
2 102.9579 73.3276 3 1 0 0 0.2646 0 1 0 0.0000 0.0000
2 83.6900 97.7592 1 3 0 0 0.2785 0 1 0 0.0000 0.0000
2 107.6510 124.9763 2 4 0 0 0.6921 0 1 0 0.0000 0.0000
2 101.3003 118.2468 2 2 0 1 0.3313 1 1 0 0.0000 0.0000
2 128.9701 121.7062 4 3 0 0 0.2821 0 1 0 0.0000 0.0000
2 116.7106 100.2723 4 1 0 0 0.2800 0 1 0 0.0000 0.0000
2 101.4158 66.0176 3 4 0 0 0.2304 0 1 0 0.0000 0.0000
2 108.9303 81.9381 4 3 0 0 0.3231 0 1 0 0.0000 0.0000
2 60.3511 114.3077 1 2 0 0 0.2104 0 1 0 0.0000 0.0000
2 81.3666 54.0435 3 1 0 0 1.0555 0 1 0 0.0000 0.0000
2 79.1953 108.8968 1 1 0 1 0.2408 1 1 0 0.0000 0.0000
2 84.6675 102.7472 1 3 0 0 0.5904 0 1 0 0.0000 0.0000
2 143.8585 102.7132 4 3 0 0 0.2607 0 1 0 0.0000 0.0000
2 70.8464 89.2329 1 2 0 0 0.4823 0 1 0 0.0000 0.0000
2 70.9801 97.4984 1 4 0 0 0.5822 0 1 0 0.0000 0.0000
3 133.3195 99.7161 4 3 0 0 2.7787 0 1 0 0.0000 0.0000
3 128.0954 100.7774 4 1 0 0 2.0353 0 1 0 0.0000 0.0000
3 59.3703 85.0339 1 4 0 0 0.6049 0 1 0 0.0000 0.0000
3 118.3561 111.6363 4 4 0 1 1.5701 1 1 0 0.0000 0.0000
3 96.1417 70.8354 3 1 0 0 3.4240 0 1 0 0.0000 0.0000
3 97.6917 64.1212 3 1 0 0 1.1817 0 1 0 0.0000 0.0000
3 102.1550 55.7520 3 1 0 0 1.7300 0 1 0 0.0000 0.0000
3 104.1968 141.2735 2 3 0 0 1.7323 0 1 0 0.0000 0.0000
3 97.3913 130.7559 2 3 0 0 0.9663 0 1 0 0.0000 0.0000
3 105.3469 62.1127 3 3 0 1 0.7895 1 1 0 0.0000 0.0000
3 69.1136 108.5233 1 2 0 0 2.0327 0 1 0 0.0000 0.0000
3 97.8579 128.1863 2 1 0 0 1.3546 0 1 0 0.0000 0.0000
3 76.5790 100.0855 1 2 0 0 1.1066 0 1 0 0.0000 0.0000
3 87.6377 87.8999 1 1 0 1 0.5014 1 1 0 0.0000 0.0000
3 55.9682 101.5119 1 2 0 0 0.7129 0 1 0 0.0000 0.0000
3 132.9668 97.6630 4 4 0 1 0.3541 1 1 0 0.0000 0.0000
3 145.5079 105.0925 4 3 0 0 0.6889 0 1 0 0.0000 0.0000
3 115.0339 82.6380 3 2 0 0 0.2169 0 1 0 0.0000 0.0000
3 96.1304 74.5303 3 1 0 0 0.2457 0 1 0 0.0000 0.0000
3 110.8904 77.7991 3 2 0 0 1.1236 0 1 0 0.0000 0.0000
3 65.2252 109.4380 1 4 0 0 0.6784 0 1 0 0.0000 0.0000
3 125.4167 88.3572 4 3 0 0 0.2539 0 1 0 0.0000 0.0000
3 54.7262 102.9481 1 3 0 0 0.2656 0 1 0 0.0000 0.0000
3 122.0531 99.8556 4 1 0 0 0.4063 0 1 0 0.0000 0.0000
3 101.7032 60.1956 3 2 0 0 0.6483 0 1 0 0.0000 0.0000
3 100.9880 121.5908 2 4 0 0 0.9595 0 1 0 0.0000 0.0000
3 77.9282 100.4959 1 1 0 1 0.9263 1 1 0 0.0000 0.0000
3 144.1202 106.3873 4 3 0 0 0.7014 0 1 0 0.0000 0.0000
3 82.4519 94.3090 1 2 0 0 1.6058 0 1 0 0.0000 0.0000
3 91.5153 109.5289 2 4 0 0 3.6689 0 1 0 0.0000 0.0000
3 70.7976 95.5266 1 2 0 0 0.8573 0 1 0 0.0000 0.0000
3 109.1853 138.0732 2 1 0 0 1.0629 0 1 0 0.0000 0.0000
3 97.3481 129.1895 2 3 0 0 0.7769 0 1 0 0.0000 0.0000
3 106.4592 68.8722 3 2 0 0 0.7704 0 1 0 0.0000 0.0000
3 99.1364 69.9712 3 4 0 0 0.5405 0 1 0 0.0000 0.0000
3 85.6089 129.0267 2 1 0 0 0.8653 0 1 0 0.0000 0.0000
3 100.2872 72.8516 3 3 0 1 2.6711 1 1 0 0.0000 0.0000
3 108.1576 121.1709 2 2 0 1 1.0179 1 1 0 0.0000 0.0000
3 85.6570 87.3307 1 4 0 0 2.2506 0 1 0 0.0000 0.0000
3 74.8396 110.4062 1 4 0 0 0.3786 0 1 0 0.0000 0.0000
3 77.0563 105.1720 1 4 0 0 0.5390 0 1 0 0.0000 0.0000
3 96.4990 80.8376 3 4 0 0 0.2562 0 1 0 0.0000 0.0000
3 116.7455 95.2483 4 3 0 0 0.4622 0 1 0 0.0000 0.0000
3 90.5905 64.5018 1 1 0 1 0.3046 1 1 0 0.0000 0.0000
3 127.1002 108.3619 4 2 0 0 0.6722 0 1 0 0.0000 0.0000
3 150.1976 102.3980 4 1 0 0 0.2489 0 1 0 0.0000 0.0000
3 58.3275 73.3529 1 1 0 1 0.5661 1 1 0 0.0000 0.0000
3 74.2690 85.7949 1 3 0 0 2.8272 0 1 0 0.0000 0.0000
3 129.2137 95.3005 4 4 0 1 1.2576 1 1 0 0.0000 0.0000
3 77.0293 88.6312 1 3 0 0 1.4416 0 1 0 0.0000 0.0000
3 90.6607 114.7931 2 1 0 0 1.0364 0 1 0 0.0000 0.0000
3 98.5304 129.2492 2 4 0 0 0.0459 0 1 0 0.0000 0.0000
3 116.4688 89.7162 4 2 0 0 0.1183 0 1 0 0.0000 0.0000
3 100.6883 64.5680 3 3 0 1 0.2886 1 1 0 0.0000 0.0000
3 74.4528 101.6761 1 1 0 1 0.4787 1 1 0 0.0000 0.0000
3 94.7207 105.7847 2 2 0 1 0.8811 1 1 0 0.0000 0.0000
3 132.5168 79.3665 4 4 0 1 1.2630 1 1 0 0.0000 0.0000
3 80.3229 104.6976 1 2 0 0 2.1330 0 1 0 0.0000 0.0000
3 130.4596 86.2393 4 3 0 0 2.0669 0 1 0 0.0000 0.0000
3 97.4285 121.9249 2 1 0 0 0.2545 0 1 0 0.0000 0.0000
3 102.5619 50.8807 3 3 0 1 0.3149 1 1 0 0.0000 0.0000
3 95.3532 130.8562 2 2 0 1 0.7293 1 1 0 0.0000 0.0000
3 94.9039 108.7768 2 1 0 0 4.9315 0 1 0 0.0000 0.0000
3 94.9160 127.7004 2 1 0 0 0.4560 0 1 0 0.0000 0.0000
3 89.6134 63.6083 3 4 0 0 2.7939 0 1 0 0.0000 0.0000
3 103.6479 80.3249 3 1 0 0 0.5043 0 1 0 0.0000 0.0000
3 122.1071 98.6297 4 3 0 0 0.3952 0 1 0 0.0000 0.0000
3 76.1449 86.4680 1 2 0 0 0.6984 0 1 0 0.0000 0.0000
3 116.1249 104.1484 4 2 0 0 0.3871 0 1 0 0.0000 0.0000
3 91.6651 129.7944 2 4 0 0 0.3879 0 1 0 0.0000 0.0000
3 84.9137 90.1487 3 1 0 0 0.9315 0 1 0 0.0000 0.0000
3 99.8924 122.9074 2 4 0 0 0.2582 0 1 0 0.0000 0.0000
3 98.0211 135.4689 2 3 0 0 0.3994 0 1 0 0.0000 0.0000
3 108.9143 79.3603 3 1 0 0 0.3846 0 1 0 0.0000 0.0000
3 95.0387 77.2566 3 3 0 1 0.5133 1 1 0 0.0000 0.0000
3 131.5554 93.7477 4 2 0 0 0.2765 0 1 0 0.0000 0.0000
3 131.2836 106.8547 4 4 0 1 1.6185 1 1 0 0.0000 0.0000
3 104.7419 95.8541 4 2 0 0 5.0099 0 1 0 0.0000 0.0000
3 116.9347 101.9188 4 1 0 0 0.9376 0 1 0 0.0000 0.0000
3 39.4733 74.9602 1 2 0 0 1.6080 0 1 0 0.0000 0.0000
3 94.4599 89.8636 3 3 0 1 0.5515 1 1 0 0.0000 0.0000
3 100.7278 116.5772 2 4 0 0 1.6431 0 1 0 0.0000 0.0000
3 88.7273 138.5179 2 4 0 0 0.9075 0 1 0 0.0000 0.0000
3 94.1668 86.3556 3 1 0 0 0.5210 0 1 0 0.0000 0.0000
3 110.5923 67.3542 3 3 0 1 0.3810 1 1 0 0.0000 0.0000
3 96.4548 124.9745 2 2 0 1 0.7506 1 1 0 0.0000 0.0000
3 83.5111 127.4984 2 4 0 0 1.0010 0 1 0 0.0000 0.0000
3 125.8238 82.1636 4 4 0 1 0.6810 1 1 0 0.0000 0.0000
3 107.8462 71.1292 3 2 0 0 1.9209 0 1 0 0.0000 0.0000
3 54.5403 100.5869 1 3 0 0 0.7620 0 1 0 0.0000 0.0000
3 143.4742 104.9102 4 2 0 0 0.0833 0 1 0 0.0000 0.0000
3 136.6960 85.7850 4 3 0 0 0.4913 0 1 0 0.0000 0.0000
3 98.5767 125.9519 2 3 0 0 0.6220 0 1 0 0.0000 0.0000
3 94.9339 58.1167 3 2 0 0 0.6760 0 1 0 0.0000 0.0000
3 67.5129 120.7204 1 4 0 0 0.8764 0 1 0 0.0000 0.0000
3 91.8763 91.1651 1 1 0 1 0.8576 1 1 0 0.0000 0.0000
3 67.7185 92.3521 1 4 0 0 0.9659 0 1 0 0.0000 0.0000
3 133.6609 106.8919 4 2 0 0 0.5011 0 1 0 0.0000 0.0000
3 115.3325 116.7625 2 3 0 0 0.3455 0 1 0 0.0000 0.0000
3 100.5643 73.9713 3 1 0 0 0.6971 0 1 0 0.0000 0.0000
4 121.7999 103.9522 4 3 4 0 2.4108 0 0 0 0.0000 0.0000
4 102.2557 91.8934 3 1 2 0 1.7084 0 0 0 0.0000 0.0000
4 121.9180 85.3120 4 4 4 1 1.0865 1 0 0 0.0000 0.0000
4 121.4979 110.0468 4 1 4 0 1.7928 0 0 0 0.0000 0.0000
4 87.4036 103.1563 1 1 4 1 0.5660 0 0 0 0.0000 0.0000
4 117.8498 104.5631 4 2 3 0 0.5076 0 0 0 0.0000 0.0000
4 77.5743 106.8028 1 4 2 0 1.5511 0 0 0 0.0000 0.0000
4 94.4080 49.6970 3 2 4 0 0.4455 0 0 0 0.0000 0.0000
4 109.0030 126.8378 2 4 3 0 0.3671 0 0 0 0.0000 0.0000
4 138.7935 110.5281 4 1 4 0 0.8467 0 0 0 0.0000 0.0000
4 65.6660 89.5178 1 3 3 0 1.1638 1 0 0 0.0000 0.0000
4 96.9975 144.9041 2 1 2 0 1.5846 0 0 0 0.0000 0.0000
4 88.9087 58.4290 3 2 4 0 1.4717 0 0 0 0.0000 0.0000
4 92.9179 131.8423 2 4 2 0 0.3158 0 0 0 0.0000 0.0000
4 96.4923 64.0008 3 4 1 0 1.4029 0 0 0 0.0000 0.0000
4 111.7206 105.1756 4 2 1 0 0.6777 0 0 0 0.0000 0.0000
4 94.8067 71.0829 3 1 4 0 2.1892 0 0 0 0.0000 0.0000
4 124.0074 108.1929 4 3 1 0 0.5885 0 0 0 0.0000 0.0000
4 80.6127 64.8003 3 1 3 0 0.6260 0 0 0 0.0000 0.0000
4 106.2040 62.1277 3 4 3 0 1.1136 0 0 0 0.0000 0.0000
4 120.2600 88.8269 4 2 1 0 0.1880 0 0 0 0.0000 0.0000
4 90.7772 75.4578 3 1 3 0 0.4715 0 0 0 0.0000 0.0000
4 78.5336 135.8575 2 2 2 1 3.0026 1 0 0 0.0000 0.0000
4 77.5715 109.9897 1 4 4 0 10.9258 1 0 0 0.0000 0.0000
4 98.0184 84.3762 3 1 3 0 6.9763 0 0 0 0.0000 0.0000
4 69.0852 87.0812 1 2 3 0 13.0516 0 0 0 0.0000 0.0000
4 81.7898 111.5385 2 2 3 1 10.0968 0 0 0 0.0000 0.0000
4 113.0986 110.6975 2 3 1 0 1.9130 0 0 0 0.0000 0.0000
4 93.2724 118.2552 2 3 1 0 0.5282 0 0 0 0.0000 0.0000
4 129.0227 91.0200 4 4 1 1 0.3562 0 0 0 0.0000 0.0000
4 75.4131 94.6944 1 1 3 1 0.1473 0 0 0 0.0000 0.0000
4 99.2885 68.1986 3 4 1 0 0.4938 0 0 0 0.0000 0.0000
4 127.7061 107.1893 4 2 1 0 0.9134 0 0 0 0.0000 0.0000
4 51.4384 108.5347 1 3 4 0 0.2553 0 0 0 0.0000 0.0000
4 105.5005 79.1120 3 3 1 1 0.3001 0 0 0 0.0000 0.0000
4 67.2599 96.2754 1 3 3 0 0.2981 1 0 0 0.0000 0.0000
4 79.9510 141.1002 2 4 3 0 0.4232 0 0 0 0.0000 0.0000
4 69.8536 99.2167 1 1 3 1 0.4075 0 0 0 0.0000 0.0000
4 101.5874 128.6738 2 2 2 1 0.3612 1 0 0 0.0000 0.0000
4 88.5654 90.1056 1 4 1 0 0.2328 0 0 0 0.0000 0.0000
4 74.0931 102.4500 1 3 1 0 1.0295 0 0 0 0.0000 0.0000
4 71.3646 100.4742 1 1 2 1 0.4863 0 0 0 0.0000 0.0000
4 118.2760 134.3861 2 1 4 0 0.3607 0 0 0 0.0000 0.0000
4 97.0638 60.2841 3 2 2 0 0.2959 1 0 0 0.0000 0.0000
4 97.5037 109.7229 2 4 1 0 0.8050 0 0 0 0.0000 0.0000
4 81.9811 122.2044 2 3 3 0 1.3119 1 0 0 0.0000 0.0000
4 79.9215 80.1434 1 3 4 0 3.0325 0 0 0 0.0000 0.0000
4 136.1853 96.6623 4 1 1 0 1.6129 1 0 0 0.0000 0.0000
4 69.6821 91.3549 1 3 3 0 5.5800 1 0 0 0.0000 0.0000
4 114.6830 141.2372 2 2 4 1 2.8340 0 0 0 0.0000 0.0000
4 107.4894 67.7759 3 3 3 1 0.9456 1 0 0 0.0000 0.0000
4 110.7191 120.0225 2 1 3 0 0.3844 0 0 0 0.0000 0.0000
4 101.1555 128.3788 2 3 3 0 5.3282 1 0 0 0.0000 0.0000
4 114.9372 130.4124 2 3 3 0 1.6159 1 0 0 0.0000 0.0000
4 80.3630 107.5832 1 4 4 0 0.7207 1 0 0 0.0000 0.0000
4 150.6347 101.2032 4 4 2 1 4.5216 0 0 0 0.0000 0.0000
4 66.1666 70.6993 1 4 4 0 0.9165 1 0 0 0.0000 0.0000
4 124.4834 113.4982 4 2 3 0 1.4901 0 0 0 0.0000 0.0000
4 101.8314 70.9860 3 4 3 0 0.7360 0 0 0 0.0000 0.0000
4 107.9754 122.2757 2 4 3 0 1.8013 0 0 0 0.0000 0.0000
4 84.0640 104.1338 1 1 1 1 1.2301 1 0 0 0.0000 0.0000
4 103.2945 76.8177 3 4 4 0 2.7099 1 0 0 0.0000 0.0000
4 132.6607 101.5893 4 2 3 0 0.6740 0 0 0 0.0000 0.0000
4 93.3553 104.9840 1 2 4 0 0.7787 0 0 0 0.0000 0.0000
4 73.5563 72.2028 3 1 3 0 0.2940 0 0 0 0.0000 0.0000
4 106.5451 94.5860 4 4 4 1 0.4211 1 0 0 0.0000 0.0000
4 95.4788 69.3943 3 4 3 0 0.4690 0 0 0 0.0000 0.0000
4 74.1058 102.7346 1 1 3 1 0.2791 0 0 0 0.0000 0.0000
4 119.6989 106.1292 4 4 2 1 0.4054 0 0 0 0.0000 0.0000
4 63.2691 104.2814 1 2 3 0 0.0218 0 0 0 0.0000 0.0000
4 106.3317 61.3886 3 2 2 0 0.6378 1 0 0 0.0000 0.0000
4 104.9284 74.3248 3 3 1 1 1.1894 0 0 0 0.0000 0.0000
4 104.4554 125.8732 2 2 2 1 0.4274 1 0 0 0.0000 0.0000
4 123.5941 102.7619 4 2 4 0 1.8056 0 0 0 0.0000 0.0000
4 90.9566 126.3451 2 2 1 1 0.4513 0 0 0 0.0000 0.0000
4 94.9933 68.5995 3 3 1 1 1.7501 0 0 0 0.0000 0.0000
4 121.2142 99.1859 4 1 2 0 0.4112 0 0 0 0.0000 0.0000
4 89.2050 134.1374 2 1 4 0 1.0700 0 0 0 0.0000 0.0000
4 134.5390 105.2827 4 4 2 1 0.5448 0 0 0 0.0000 0.0000
4 94.1701 78.6328 3 1 1 0 0.8064 1 0 0 0.0000 0.0000
4 111.1212 118.3085 4 4 3 1 0.5947 0 0 0 0.0000 0.0000
4 93.3562 125.6489 2 2 1 1 1.7376 0 0 0 0.0000 0.0000
4 93.9527 116.2486 2 3 2 0 0.5591 0 0 0 0.0000 0.0000
4 111.7934 125.1150 2 1 2 0 0.4391 0 0 0 0.0000 0.0000
4 94.5770 65.3457 3 2 1 0 0.2818 0 0 0 0.0000 0.0000
4 113.3941 91.5610 4 4 2 1 1.3202 0 0 0 0.0000 0.0000
4 110.4528 128.4331 2 4 1 0 0.5610 0 0 0 0.0000 0.0000
4 71.1379 121.6782 1 4 4 0 0.4857 1 0 0 0.0000 0.0000
4 60.9801 93.5680 1 1 1 1 0.2642 1 0 0 0.0000 0.0000
4 77.2926 99.9871 1 3 3 0 0.3417 1 0 0 0.0000 0.0000
4 76.8107 106.3702 1 2 2 0 0.6617 1 0 0 0.0000 0.0000
4 96.5532 70.7419 3 1 4 0 0.6233 0 0 0 0.0000 0.0000
4 134.4524 99.3927 4 1 2 0 0.9980 0 0 0 0.0000 0.0000
4 110.6893 65.7843 3 1 1 0 0.7109 1 0 0 0.0000 0.0000
4 136.5479 103.7805 4 2 2 0 1.0723 1 0 0 0.0000 0.0000
4 55.6794 110.5232 1 4 2 0 1.6032 0 0 0 0.0000 0.0000
4 95.8101 77.8261 3 4 2 0 0.2276 0 0 0 0.0000 0.0000
4 92.8701 115.4010 2 4 4 0 0.2723 1 0 0 0.0000 0.0000
4 140.9303 83.2723 4 1 3 0 6.7981 0 0 0 0.0000 0.0000
4 133.6424 103.4671 4 1 1 0 0.5158 1 0 0 0.0000 0.0000
5 92.5878 154.2830 2 3 1 0 2.3628 0 0 0 0.0000 0.0000
5 129.3278 121.8224 4 1 2 0 1.7039 0 0 0 0.0000 0.0000
5 142.5256 91.5844 4 1 3 0 0.4572 0 0 0 0.0000 0.0000
5 68.0811 97.2900 1 1 4 1 0.5232 0 0 0 0.0000 0.0000
5 132.4578 93.5496 4 1 1 0 2.2871 1 0 0 0.0000 0.0000
5 69.8300 103.9540 1 4 3 0 0.1923 0 0 0 0.0000 0.0000
5 63.8999 101.5863 1 2 3 0 0.5231 0 0 0 0.0000 0.0000
5 116.6820 143.1406 2 3 1 0 0.4639 0 0 0 0.0000 0.0000
5 99.2808 114.3206 2 2 1 1 0.2431 0 0 0 0.0000 0.0000
5 123.0373 92.7710 4 2 4 0 0.3039 0 0 0 0.0000 0.0000
5 61.9010 110.7270 1 2 1 0 0.2715 0 0 0 0.0000 0.0000
5 93.9370 62.4624 3 1 4 0 0.3022 0 0 0 0.0000 0.0000
5 107.8802 133.4480 2 3 3 0 0.2362 1 0 0 0.0000 0.0000
5 72.0866 111.0079 1 4 2 0 0.2334 0 0 0 0.0000 0.0000
5 95.8447 83.3202 3 1 1 0 0.2310 1 0 0 0.0000 0.0000
5 80.5237 83.7751 3 4 4 0 0.4369 1 0 0 0.0000 0.0000
5 77.0428 103.0216 1 1 1 1 0.2649 1 0 0 0.0000 0.0000
5 116.8181 91.3350 3 3 3 1 0.2481 1 0 0 0.0000 0.0000
5 103.6137 74.1008 3 2 1 0 0.9025 0 0 0 0.0000 0.0000
5 97.8026 130.4800 2 1 3 0 0.3885 0 0 0 0.0000 0.0000
5 99.7772 123.8030 2 2 1 1 0.2293 0 0 0 0.0000 0.0000
5 78.2750 98.0735 1 4 4 0 0.3549 1 0 0 0.0000 0.0000
5 69.4482 106.4665 1 1 2 1 0.2740 0 0 0 0.0000 0.0000
5 66.9838 90.4158 1 3 4 0 0.2240 0 0 0 0.0000 0.0000
5 93.6683 67.5234 3 2 2 0 0.6364 1 0 0 0.0000 0.0000
5 103.7936 74.4077 3 2 4 0 1.3639 0 0 0 0.0000 0.0000
5 139.8791 103.1183 4 4 2 1 0.2223 0 0 0 0.0000 0.0000
5 123.5975 102.7674 4 1 3 0 0.1059 0 0 0 0.0000 0.0000
5 63.8414 99.9808 1 3 3 0 0.1320 1 0 0 0.0000 0.0000
5 138.9077 109.0262 4 4 2 1 1.1831 0 0 0 0.0000 0.0000
5 125.0520 99.4714 4 2 1 0 0.3719 0 0 0 0.0000 0.0000
5 113.9239 134.0780 2 1 2 0 0.3563 0 0 0 0.0000 0.0000
5 105.3690 62.3515 3 2 2 0 0.3565 1 0 0 0.0000 0.0000
5 81.1348 85.8898 1 4 1 0 1.5905 0 0 0 0.0000 0.0000
5 78.1565 106.1586 1 4 4 0 0.9661 1 0 0 0.0000 0.0000
5 112.8350 144.2134 2 2 1 1 0.5977 0 0 0 0.0000 0.0000
5 99.8686 69.5788 3 3 3 1 0.0600 1 0 0 0.0000 0.0000
5 117.2038 70.5478 3 4 1 0 0.9168 0 0 0 0.0000 0.0000
5 113.0291 96.0229 4 4 1 1 0.6108 0 0 0 0.0000 0.0000
5 87.3135 64.0285 3 4 2 0 1.4484 0 0 0 0.0000 0.0000
5 137.3462 113.9915 4 4 1 1 0.6919 0 0 0 0.0000 0.0000
5 126.1796 107.6207 4 1 3 0 0.3803 0 0 0 0.0000 0.0000
5 136.1951 109.8769 4 3 2 0 0.1751 0 0 0 0.0000 0.0000
5 70.9591 107.6042 1 2 1 0 0.3171 0 0 0 0.0000 0.0000
5 98.4734 67.9758 3 1 4 0 0.1075 0 0 0 0.0000 0.0000
5 135.9208 94.1744 4 2 4 0 0.2442 0 0 0 0.0000 0.0000
5 89.2490 78.6219 3 4 1 0 0.3870 0 0 0 0.0000 0.0000
5 67.6983 96.7664 1 3 2 0 0.2754 0 0 0 0.0000 0.0000
5 136.8027 115.4470 4 4 4 1 0.4666 1 0 0 0.0000 0.0000
5 42.7977 98.7857 1 1 4 1 0.6126 0 0 0 0.0000 0.0000
5 100.2263 73.7651 3 2 4 0 1.4198 0 0 0 0.0000 0.0000
5 72.5890 103.3064 1 1 2 1 0.5193 0 0 0 0.0000 0.0000
5 63.4358 97.9667 1 3 3 0 0.5257 1 0 0 0.0000 0.0000
5 100.2628 126.5816 2 2 3 1 0.3064 0 0 0 0.0000 0.0000
5 97.6390 74.1439 3 4 1 0 0.8188 0 0 0 0.0000 0.0000
5 88.1573 69.8247 3 1 2 0 0.5112 0 0 0 0.0000 0.0000
5 130.3035 108.1081 4 3 1 0 0.6276 0 0 0 0.0000 0.0000
5 105.3890 122.3535 2 4 1 0 1.9935 0 0 0 0.0000 0.0000
5 110.4685 121.2093 2 4 2 0 0.5795 0 0 0 0.0000 0.0000
5 99.5780 137.4124 2 2 1 1 0.6004 0 0 0 0.0000 0.0000
5 125.3602 108.8345 4 1 4 0 0.2870 0 0 0 0.0000 0.0000
5 91.3367 66.3946 3 2 2 0 0.2375 1 0 0 0.0000 0.0000
5 86.3785 114.4504 1 3 2 0 0.4754 0 0 0 0.0000 0.0000
5 107.7094 136.7320 2 1 4 0 0.2223 0 0 0 0.0000 0.0000
5 93.8110 81.9111 3 3 4 1 0.1714 0 0 0 0.0000 0.0000
5 105.6745 113.8609 2 4 3 0 0.3417 0 0 0 0.0000 0.0000
5 94.5523 61.3336 3 2 4 0 0.3254 0 0 0 0.0000 0.0000
5 107.4919 124.2660 2 4 2 0 0.2606 0 0 0 0.0000 0.0000
5 104.4290 118.4309 2 1 3 0 0.2254 0 0 0 0.0000 0.0000
5 110.6129 128.7154 2 3 4 0 0.2385 0 0 0 0.0000 0.0000
5 134.6526 106.7230 4 2 1 0 0.2685 0 0 0 0.0000 0.0000
5 109.4239 76.8451 3 1 1 0 0.6668 1 0 0 0.0000 0.0000
5 87.3270 119.1106 2 4 4 0 2.2751 1 0 0 0.0000 0.0000
5 73.6712 95.8782 1 3 4 0 1.7318 0 0 0 0.0000 0.0000
5 98.1793 69.0923 3 2 4 0 1.2388 0 0 0 0.0000 0.0000
5 119.7651 117.6533 2 4 4 0 2.9562 1 0 0 0.0000 0.0000
5 68.4902 100.3769 1 2 1 0 3.0222 0 0 0 0.0000 0.0000
5 138.1050 78.6352 4 3 1 0 1.5550 0 0 0 0.0000 0.0000
5 76.4013 95.2955 1 1 3 1 0.3390 0 0 0 0.0000 0.0000
5 137.0804 110.1187 4 1 4 0 0.3229 0 0 0 0.0000 0.0000
5 109.2990 94.7243 4 2 3 0 0.3065 0 0 0 0.0000 0.0000
5 126.1778 99.7698 4 3 4 0 0.9297 0 0 0 0.0000 0.0000
5 71.8706 91.0002 1 2 1 0 1.3301 0 0 0 0.0000 0.0000
5 88.9937 55.4789 3 4 2 0 2.0272 0 0 0 0.0000 0.0000
5 107.5018 121.6098 2 2 2 1 0.6452 1 0 0 0.0000 0.0000
5 76.3090 94.5660 1 1 2 1 0.4612 0 0 0 0.0000 0.0000
5 69.6587 95.3935 1 3 1 0 1.2952 0 0 0 0.0000 0.0000
5 109.4130 86.6045 3 4 4 0 0.8559 1 0 0 0.0000 0.0000
5 147.2658 83.1370 4 2 2 0 1.1407 1 0 0 0.0000 0.0000
5 133.9920 82.4607 4 4 4 1 0.4731 1 0 0 0.0000 0.0000
5 108.7611 66.5369 3 3 1 1 0.9551 0 0 0 0.0000 0.0000
5 118.5892 107.7876 2 3 4 0 0.3455 0 0 0 0.0000 0.0000
5 90.4349 136.3736 2 1 3 0 0.6486 0 0 0 0.0000 0.0000
5 75.7972 136.1125 2 2 2 1 0.3835 1 0 0 0.0000 0.0000
5 131.2137 109.6500 4 4 3 1 0.4494 0 0 0 0.0000 0.0000
5 67.0568 102.8144 1 3 1 0 0.6286 0 0 0 0.0000 0.0000
5 109.2279 139.7944 2 3 2 0 0.1713 0 0 0 0.0000 0.0000
5 116.8400 79.5157 3 4 4 0 1.0473 1 0 0 0.0000 0.0000
5 138.1587 109.2010 4 2 3 0 1.8197 0 0 0 0.0000 0.0000
5 107.3234 140.2796 2 2 3 1 0.2889 0 0 0 0.0000 0.0000
6 75.2236 88.3775 1 4 4 0 1.4348 1 0 0 0.0000 0.0000
6 106.3990 126.8403 2 2 2 1 0.0667 1 0 0 0.0000 0.0000
6 104.8871 113.3817 2 4 2 0 0.3303 0 0 0 0.0000 0.0000
6 66.1732 98.4152 1 4 4 0 0.2487 1 0 0 0.0000 0.0000
6 104.3017 71.1701 3 2 1 0 0.2767 0 0 0 0.0000 0.0000
6 114.5281 61.5265 3 1 3 0 1.3303 0 0 0 0.0000 0.0000
6 99.8400 81.4098 3 3 4 1 0.2990 0 0 0 0.0000 0.0000
6 154.9917 97.4097 4 1 2 0 0.3282 0 0 0 0.0000 0.0000
6 101.7707 60.4127 3 2 1 0 0.5030 0 0 0 0.0000 0.0000
6 62.6681 107.7355 1 3 4 0 0.2982 0 0 0 0.0000 0.0000
6 64.2303 102.6138 1 1 3 1 0.2481 0 0 0 0.0000 0.0000
6 98.8722 73.9907 3 2 4 0 0.2609 0 0 0 0.0000 0.0000
6 70.5587 113.6624 1 4 2 0 0.3065 0 0 0 0.0000 0.0000
6 105.3467 81.1106 3 2 1 0 0.1629 0 0 0 0.0000 0.0000
6 125.4987 91.7156 4 1 2 0 0.3344 0 0 0 0.0000 0.0000
6 99.0352 89.4037 3 3 3 1 1.1972 1 0 0 0.0000 0.0000
6 122.1670 87.2851 4 2 1 0 1.1068 0 0 0 0.0000 0.0000
6 139.6484 97.5681 4 1 2 0 0.2460 0 0 0 0.0000 0.0000
6 90.9880 115.6455 2 3 1 0 0.2591 0 0 0 0.0000 0.0000
6 106.7931 73.1952 3 4 3 0 0.5595 0 0 0 0.0000 0.0000
6 108.8706 89.0201 4 2 2 0 0.4683 1 0 0 0.0000 0.0000
6 104.3078 130.6184 2 4 2 0 0.3107 0 0 0 0.0000 0.0000
6 94.3484 71.3368 3 1 1 0 0.3091 1 0 0 0.0000 0.0000
6 107.9136 64.3814 3 3 1 1 0.5483 0 0 0 0.0000 0.0000
6 94.3007 69.4132 3 2 1 0 0.5534 0 0 0 0.0000 0.0000
6 78.2270 104.3290 1 4 3 0 2.3026 0 0 0 0.0000 0.0000
6 72.5069 95.0757 1 1 3 1 0.2566 0 0 0 0.0000 0.0000
6 116.9842 121.0366 4 3 4 0 0.0305 0 0 0 0.0000 0.0000
6 85.8959 100.2280 1 2 3 0 0.2789 0 0 0 0.0000 0.0000
6 124.4760 113.3694 4 4 2 1 0.7097 0 0 0 0.0000 0.0000
6 99.2218 84.4636 3 4 4 0 0.2861 1 0 0 0.0000 0.0000
6 96.6394 63.9314 3 1 2 0 0.2832 0 0 0 0.0000 0.0000
6 72.1357 96.4958 1 3 1 0 0.2493 0 0 0 0.0000 0.0000
6 135.1553 91.0800 4 2 1 0 0.3916 0 0 0 0.0000 0.0000
6 136.6643 105.0332 4 4 4 1 0.2324 1 0 0 0.0000 0.0000
6 106.3064 69.9625 3 4 3 0 0.2612 0 0 0 0.0000 0.0000
6 94.2845 48.6109 3 2 4 0 0.4343 0 0 0 0.0000 0.0000
6 107.5802 141.2795 2 1 2 0 1.5887 0 0 0 0.0000 0.0000
6 100.1202 137.3844 2 3 2 0 1.1246 0 0 0 0.0000 0.0000
6 106.8019 73.1424 3 2 2 0 1.2234 1 0 0 0.0000 0.0000
6 63.6886 99.3253 1 1 3 1 0.3014 0 0 0 0.0000 0.0000
6 113.1897 81.5377 4 3 1 0 0.0750 0 0 0 0.0000 0.0000
6 107.2509 127.7588 2 2 2 1 0.0514 1 0 0 0.0000 0.0000
6 124.8673 94.9131 4 4 1 1 0.2510 0 0 0 0.0000 0.0000
6 95.7718 76.3855 3 1 4 0 0.2638 0 0 0 0.0000 0.0000
6 109.2525 147.8820 2 3 4 0 0.2289 0 0 0 0.0000 0.0000
6 91.6975 118.6216 2 2 4 1 0.5613 0 0 0 0.0000 0.0000
6 104.7658 137.1957 2 4 4 0 0.2473 1 0 0 0.0000 0.0000
6 80.0097 106.6956 1 1 3 1 0.2601 0 0 0 0.0000 0.0000
6 104.7057 119.4283 2 3 3 0 0.2577 1 0 0 0.0000 0.0000
6 96.8514 93.5220 1 2 2 0 0.3036 1 0 0 0.0000 0.0000
6 105.3527 58.0847 3 4 1 0 0.4784 0 0 0 0.0000 0.0000
6 113.7865 95.2948 3 1 4 0 0.2896 0 0 0 0.0000 0.0000
6 113.7347 110.0741 4 3 4 0 6.0305 0 0 0 0.0000 0.0000
6 129.4118 107.4261 4 1 2 0 0.4175 0 0 0 0.0000 0.0000
6 90.4904 90.7713 1 1 1 1 0.2747 1 0 0 0.0000 0.0000
6 131.4001 98.8049 4 4 1 1 0.0483 0 0 0 0.0000 0.0000
6 68.5902 111.2368 1 2 2 0 0.3115 1 0 0 0.0000 0.0000
6 64.0133 119.6554 1 3 1 0 0.1662 0 0 0 0.0000 0.0000
6 77.9959 133.3717 2 3 4 0 0.0982 0 0 0 0.0000 0.0000
6 129.4991 98.6783 4 4 2 1 0.2505 0 0 0 0.0000 0.0000
6 103.8216 160.6784 2 1 4 0 0.4554 0 0 0 0.0000 0.0000
6 135.3313 94.3023 4 2 2 0 0.1234 1 0 0 0.0000 0.0000
6 110.7196 116.0871 2 3 1 0 0.2461 0 0 0 0.0000 0.0000
6 92.6224 121.3498 2 3 1 0 0.5493 0 0 0 0.0000 0.0000
6 133.6930 86.1741 4 1 3 0 0.0264 0 0 0 0.0000 0.0000
6 101.4667 116.3394 2 4 4 0 0.2568 1 0 0 0.0000 0.0000
6 73.7486 110.4400 1 2 3 0 0.2364 0 0 0 0.0000 0.0000
6 75.8619 108.5506 1 1 4 1 0.4897 0 0 0 0.0000 0.0000
6 106.6803 75.3501 3 3 3 1 0.7012 1 0 0 0.0000 0.0000
6 64.7926 86.6726 1 2 3 0 2.4051 0 0 0 0.0000 0.0000
6 125.3780 93.6617 4 4 1 1 1.1947 0 0 0 0.0000 0.0000
6 113.2000 100.1867 4 1 3 0 0.5759 0 0 0 0.0000 0.0000
6 124.5032 78.1772 4 3 2 0 0.5043 0 0 0 0.0000 0.0000
6 57.9441 87.1006 1 1 2 1 0.9226 0 0 0 0.0000 0.0000
6 88.6969 141.3633 2 4 3 0 0.7298 0 0 0 0.0000 0.0000
6 126.8054 79.3947 4 2 2 0 0.9626 1 0 0 0.0000 0.0000
6 102.1152 59.2238 3 4 2 0 0.2269 0 0 0 0.0000 0.0000
6 103.5026 142.9016 2 3 2 0 0.2553 0 0 0 0.0000 0.0000
6 107.7403 151.8154 2 1 3 0 0.2678 0 0 0 0.0000 0.0000
6 56.6860 103.5982 1 4 4 0 0.2653 1 0 0 0.0000 0.0000
6 57.3956 106.8825 1 2 2 0 0.1029 1 0 0 0.0000 0.0000
6 112.3647 123.1131 2 1 1 0 1.9204 1 0 0 0.0000 0.0000
6 95.5026 80.5391 3 3 2 1 0.2480 0 0 0 0.0000 0.0000
6 74.1213 97.4802 1 3 2 0 0.7409 0 0 0 0.0000 0.0000
6 64.8654 97.4523 1 1 3 1 1.7734 0 0 0 0.0000 0.0000
6 94.5967 82.4114 3 4 4 0 0.6896 1 0 0 0.0000 0.0000
6 146.5705 88.5627 4 2 3 0 0.2983 0 0 0 0.0000 0.0000
6 134.6237 92.0509 4 3 4 0 0.4251 0 0 0 0.0000 0.0000
6 92.7225 150.3744 2 4 4 0 0.6507 1 0 0 0.0000 0.0000
6 117.5010 78.0190 3 1 3 0 0.2739 0 0 0 0.0000 0.0000
6 101.5083 136.7463 2 3 3 0 0.4339 1 0 0 0.0000 0.0000
6 88.8389 138.9016 2 2 2 1 0.5474 1 0 0 0.0000 0.0000
6 81.4458 97.6135 1 4 1 0 2.6949 0 0 0 0.0000 0.0000
6 117.3649 99.6703 4 3 3 0 0.3057 1 0 0 0.0000 0.0000
6 135.8160 105.1594 4 1 3 0 0.2400 0 0 0 0.0000 0.0000
6 64.0041 91.5645 1 2 2 0 0.2525 1 0 0 0.0000 0.0000
6 105.2905 110.1930 2 4 2 0 0.4737 0 0 0 0.0000 0.0000
6 100.5722 59.0357 3 3 4 1 0.1416 0 0 0 0.0000 0.0000
6 103.7841 117.2437 2 1 3 0 0.2320 0 0 0 0.0000 0.0000
7 122.1147 103.2817 4 3 0 0 2.2028 0 1 0 0.0000 0.0000
7 120.7779 94.1121 4 1 0 0 2.5603 0 1 0 0.0000 0.0000
7 124.0902 118.9130 4 4 0 1 1.4163 1 1 0 0.0000 0.0000
7 85.1726 84.3353 1 2 0 0 0.8187 0 1 0 0.0000 0.0000
7 63.8100 110.5574 1 2 0 0 0.4786 0 1 0 0.0000 0.0000
7 86.1985 132.7623 2 2 0 1 0.6251 1 1 0 0.0000 0.0000
7 108.8790 128.9527 2 3 0 0 0.6790 0 1 0 0.0000 0.0000
7 119.9412 80.9812 3 1 0 0 0.8470 0 1 0 0.0000 0.0000
7 64.3651 104.8376 1 4 0 0 0.5389 0 1 0 0.0000 0.0000
7 109.5893 66.1443 3 2 0 0 1.0713 0 1 0 0.0000 0.0000
7 124.6191 98.2480 4 3 0 0 0.4022 0 1 0 0.0000 0.0000
7 90.9948 70.2116 3 1 0 0 0.6270 0 1 0 0.0000 0.0000
7 98.9164 142.1705 2 1 0 0 0.6008 0 1 0 0.0000 0.0000
7 85.7585 122.9180 2 4 0 0 0.4789 0 1 0 0.0000 0.0000
7 65.4832 111.9926 1 3 0 0 0.8332 0 1 0 0.0000 0.0000
7 118.4548 107.2515 4 3 0 0 0.4456 0 1 0 0.0000 0.0000
7 101.5544 85.0108 3 4 0 0 0.9276 0 1 0 0.0000 0.0000
7 77.8577 103.2591 1 2 0 0 0.4135 0 1 0 0.0000 0.0000
7 88.4604 132.3513 2 1 0 0 0.7188 0 1 0 0.0000 0.0000
7 136.6758 89.3931 4 1 0 0 0.4883 0 1 0 0.0000 0.0000
7 127.7091 94.5345 4 2 0 0 0.5550 0 1 0 0.0000 0.0000
7 107.3375 146.0332 2 4 0 0 0.4331 0 1 0 0.0000 0.0000
7 88.5755 154.7110 2 3 0 0 1.0422 0 1 0 0.0000 0.0000
7 99.3557 122.9250 2 2 0 1 0.4518 1 1 0 0.0000 0.0000
7 91.8422 58.5898 3 4 0 0 0.7102 0 1 0 0.0000 0.0000
7 82.2037 101.0427 1 1 0 1 2.6393 1 1 0 0.0000 0.0000
7 105.9102 134.8433 2 3 0 0 0.6177 0 1 0 0.0000 0.0000
7 104.5617 56.6949 3 4 0 0 0.9132 0 1 0 0.0000 0.0000
7 63.4951 112.7103 1 2 0 0 2.9111 0 1 0 0.0000 0.0000
7 71.1848 108.2609 1 2 0 0 0.5768 0 1 0 0.0000 0.0000
7 131.8167 93.1313 4 4 0 1 0.8059 1 1 0 0.0000 0.0000
7 129.2654 80.7698 4 3 0 0 0.2733 0 1 0 0.0000 0.0000
7 133.3841 95.1198 4 3 0 0 0.2547 0 1 0 0.0000 0.0000
7 112.8966 126.8406 2 1 0 0 0.3311 0 1 0 0.0000 0.0000
7 66.6809 92.0205 1 4 0 0 0.4423 0 1 0 0.0000 0.0000
7 101.1719 119.2859 2 2 0 1 0.5871 1 1 0 0.0000 0.0000
7 89.9558 64.8627 3 4 0 0 0.2558 0 1 0 0.0000 0.0000
7 79.3083 92.6669 1 1 0 1 0.9242 1 1 0 0.0000 0.0000
7 105.2428 69.6735 3 3 0 1 0.5222 1 1 0 0.0000 0.0000
7 112.4084 118.7632 4 4 0 1 1.8865 1 1 0 0.0000 0.0000
7 68.7974 98.9162 1 1 0 1 1.5253 1 1 0 0.0000 0.0000
7 103.5760 77.8437 3 3 0 1 0.0834 1 1 0 0.0000 0.0000
7 97.7604 139.6673 2 2 0 1 0.3641 1 1 0 0.0000 0.0000
7 148.4004 105.7397 4 1 0 0 6.4434 0 1 0 0.0000 0.0000
7 107.6564 76.9826 3 3 0 1 6.2474 1 1 0 0.0000 0.0000
7 90.2395 128.2253 2 1 0 0 0.0780 0 1 0 0.0000 0.0000
7 86.0869 61.6301 3 1 0 0 2.0054 0 1 0 0.0000 0.0000
7 64.4410 99.6203 1 4 0 0 1.2470 0 1 0 0.0000 0.0000
7 116.2361 104.3239 4 3 0 0 0.5982 0 1 0 0.0000 0.0000
7 129.6642 100.7962 4 3 0 0 0.4135 0 1 0 0.0000 0.0000
7 89.4633 121.3259 2 1 0 0 0.2858 0 1 0 0.0000 0.0000
7 80.1687 102.4136 1 4 0 0 0.6042 0 1 0 0.0000 0.0000
7 102.0303 55.2700 3 2 0 0 0.2746 0 1 0 0.0000 0.0000
7 132.9935 87.5063 4 4 0 1 0.3046 1 1 0 0.0000 0.0000
7 98.4903 82.6266 3 2 0 0 0.3825 0 1 0 0.0000 0.0000
7 96.2220 119.3550 2 1 0 0 0.2072 0 1 0 0.0000 0.0000
7 63.4817 91.5669 1 3 0 0 0.3156 0 1 0 0.0000 0.0000
7 119.8556 94.2118 4 1 0 0 0.2500 0 1 0 0.0000 0.0000
7 132.7261 92.5790 4 1 0 0 0.1993 0 1 0 0.0000 0.0000
7 110.0655 62.6440 3 1 0 0 0.1956 0 1 0 0.0000 0.0000
7 104.5539 75.9852 3 4 0 0 0.4008 0 1 0 0.0000 0.0000
7 93.3909 63.3240 3 2 0 0 2.7051 0 1 0 0.0000 0.0000
7 120.1177 97.7777 4 4 0 1 0.3811 1 1 0 0.0000 0.0000
7 114.2944 103.6657 4 4 0 1 0.2363 1 1 0 0.0000 0.0000
7 61.1240 86.3064 1 4 0 0 0.4727 0 1 0 0.0000 0.0000
7 95.9064 128.1414 2 2 0 1 0.8110 1 1 0 0.0000 0.0000
7 98.9094 143.2802 2 2 0 1 0.1822 1 1 0 0.0000 0.0000
7 83.5518 92.8667 1 1 0 1 2.6574 1 1 0 0.0000 0.0000
7 96.2624 137.6255 2 1 0 0 0.1250 0 1 0 0.0000 0.0000
7 118.0005 110.7687 4 3 0 0 0.2793 0 1 0 0.0000 0.0000
7 88.9110 106.8961 1 3 0 0 0.2302 0 1 0 0.0000 0.0000
7 79.8331 109.3147 1 2 0 0 0.1657 0 1 0 0.0000 0.0000
7 64.1784 95.8536 1 4 0 0 1.2816 0 1 0 0.0000 0.0000
7 95.0873 138.8186 2 1 0 0 0.3608 0 1 0 0.0000 0.0000
7 91.5616 71.1302 3 1 0 0 0.4560 0 1 0 0.0000 0.0000
7 106.0402 131.1355 2 3 0 0 0.2980 0 1 0 0.0000 0.0000
7 126.2764 83.8192 4 1 0 0 1.0644 0 1 0 0.0000 0.0000
7 104.9786 107.9879 2 2 0 1 0.2043 1 1 0 0.0000 0.0000
7 89.6707 66.7162 3 4 0 0 0.4407 0 1 0 0.0000 0.0000
7 97.2248 74.9069 3 3 0 1 0.6979 1 1 0 0.0000 0.0000
7 95.0595 146.4255 2 2 0 1 0.3395 1 1 0 0.0000 0.0000
7 103.8987 52.9844 3 4 0 0 0.4190 0 1 0 0.0000 0.0000
7 98.2451 120.4918 2 1 0 0 0.0198 0 1 0 0.0000 0.0000
7 120.2761 123.7163 2 4 0 0 0.3314 0 1 0 0.0000 0.0000
7 79.5867 92.3888 1 3 0 0 0.8577 0 1 0 0.0000 0.0000
7 104.7563 75.8659 3 2 0 0 0.4057 0 1 0 0.0000 0.0000
7 76.2416 107.6445 1 1 0 1 0.4402 1 1 0 0.0000 0.0000
7 101.5459 83.4905 3 3 0 1 1.3705 1 1 0 0.0000 0.0000
7 64.4745 77.5333 1 4 0 0 0.3873 0 1 0 0.0000 0.0000
7 60.5538 97.4907 1 2 0 0 0.3557 0 1 0 0.0000 0.0000
7 101.1053 71.3264 3 3 0 1 1.1724 1 1 0 0.0000 0.0000
7 70.1847 112.6640 1 2 0 0 1.0801 0 1 0 0.0000 0.0000
7 114.1970 77.1463 3 4 0 0 0.2180 0 1 0 0.0000 0.0000
7 119.7145 97.1257 4 3 0 0 0.4229 0 1 0 0.0000 0.0000
7 75.9614 119.5233 1 4 0 0 2.2971 0 1 0 0.0000 0.0000
7 122.5304 84.5825 4 3 0 0 0.2191 0 1 0 0.0000 0.0000
7 123.5913 90.9964 3 1 0 0 2.2326 0 1 0 0.0000 0.0000
7 92.5923 132.0602 2 4 0 0 0.0571 0 1 0 0.0000 0.0000
7 131.9336 115.7457 4 2 0 0 0.0167 0 1 0 0.0000 0.0000
7 127.5829 95.3633 4 3 0 0 0.2163 0 1 0 0.0000 0.0000
8 101.9040 83.9635 3 4 0 0 1.4507 0 1 0 0.0000 0.0000
8 102.5889 83.5736 3 3 0 1 0.2914 1 1 0 0.0000 0.0000
8 75.9152 124.9741 1 4 0 0 0.2093 0 1 0 0.0000 0.0000
8 149.0769 86.5169 4 1 0 0 0.3650 0 1 0 0.0000 0.0000
8 103.9174 117.3660 2 2 0 1 0.2705 1 1 0 0.0000 0.0000
8 91.9586 81.3687 3 1 0 0 0.2057 0 1 0 0.0000 0.0000
8 126.2479 93.8255 4 3 0 0 0.2640 0 1 0 0.0000 0.0000
8 70.0570 97.8239 1 4 0 0 0.3894 0 1 0 0.0000 0.0000
8 58.4333 101.9441 1 2 0 0 0.9820 0 1 0 0.0000 0.0000
8 80.0384 101.4079 1 1 0 1 0.6792 1 1 0 0.0000 0.0000
8 86.8404 95.0285 3 4 0 0 1.9199 0 1 0 0.0000 0.0000
8 67.0555 109.5032 1 3 0 0 1.0639 0 1 0 0.0000 0.0000
8 127.9187 108.3813 4 1 0 0 0.1371 0 1 0 0.0000 0.0000
8 98.0162 72.5907 3 1 0 0 0.2127 0 1 0 0.0000 0.0000
8 75.2274 96.2135 1 2 0 0 0.0187 0 1 0 0.0000 0.0000
8 72.5930 121.4012 1 4 0 0 0.5078 0 1 0 0.0000 0.0000
8 139.5657 102.7081 4 3 0 0 0.3038 0 1 0 0.0000 0.0000
8 115.8688 77.2415 3 4 0 0 0.2062 0 1 0 0.0000 0.0000
8 135.4754 103.0953 4 2 0 0 0.1546 0 1 0 0.0000 0.0000
8 130.1129 92.5924 4 1 0 0 0.0862 0 1 0 0.0000 0.0000
8 64.7903 77.3709 1 4 0 0 0.2241 0 1 0 0.0000 0.0000
8 73.1696 85.1931 1 2 0 0 0.1893 0 1 0 0.0000 0.0000
8 136.3717 93.2697 4 3 0 0 0.1221 0 1 0 0.0000 0.0000
8 115.6346 88.5311 3 1 0 0 0.2457 0 1 0 0.0000 0.0000
8 149.8503 85.6629 4 3 0 0 0.0989 0 1 0 0.0000 0.0000
8 119.2084 107.1740 4 1 0 0 0.5092 0 1 0 0.0000 0.0000
8 92.0560 65.2067 3 2 0 0 0.4024 0 1 0 0.0000 0.0000
8 91.3928 137.1108 2 4 0 0 1.2195 0 1 0 0.0000 0.0000
8 65.2718 109.8442 1 3 0 0 0.8553 0 1 0 0.0000 0.0000
8 108.8308 89.4585 3 1 0 0 0.1179 0 1 0 0.0000 0.0000
8 140.3759 105.7105 4 4 0 1 1.4238 1 1 0 0.0000 0.0000
8 136.0329 94.3559 4 2 0 0 0.4759 0 1 0 0.0000 0.0000
8 107.4212 77.5781 3 1 0 0 1.8873 0 1 0 0.0000 0.0000
8 123.1753 102.4976 4 3 0 0 0.6150 0 1 0 0.0000 0.0000
8 88.9286 109.5578 2 2 0 1 0.3502 1 1 0 0.0000 0.0000
8 99.2293 138.8234 2 1 0 0 0.3342 0 1 0 0.0000 0.0000
8 96.1414 112.7962 2 1 0 0 0.1901 0 1 0 0.0000 0.0000
8 74.4056 94.8732 1 3 0 0 0.0753 0 1 0 0.0000 0.0000
8 87.6885 64.6841 3 2 0 0 0.2437 0 1 0 0.0000 0.0000
8 101.9013 52.5659 3 4 0 0 0.6404 0 1 0 0.0000 0.0000
8 140.2754 107.0743 4 2 0 0 6.8870 0 1 0 0.0000 0.0000
8 97.1936 128.5897 2 4 0 0 0.2720 0 1 0 0.0000 0.0000
8 137.3987 90.8951 4 3 0 0 0.0952 0 1 0 0.0000 0.0000
8 71.6742 104.6640 1 1 0 1 0.3127 1 1 0 0.0000 0.0000
8 123.1581 86.3214 3 4 0 0 0.2483 0 1 0 0.0000 0.0000
8 132.7079 98.4518 4 2 0 0 0.1811 0 1 0 0.0000 0.0000
8 110.4242 97.2032 4 3 0 0 0.2411 0 1 0 0.0000 0.0000
8 71.8123 78.3524 1 4 0 0 0.0466 0 1 0 0.0000 0.0000
8 123.5472 93.8877 4 2 0 0 0.1186 0 1 0 0.0000 0.0000
8 93.6008 125.3017 2 1 0 0 0.1131 0 1 0 0.0000 0.0000
8 98.1891 128.3366 2 2 0 1 0.1558 1 1 0 0.0000 0.0000
8 62.3993 88.2892 1 3 0 0 0.2306 0 1 0 0.0000 0.0000
8 53.2597 97.6524 1 4 0 0 0.2446 0 1 0 0.0000 0.0000
8 111.5165 115.1448 2 2 0 1 0.1937 1 1 0 0.0000 0.0000
8 69.5087 113.4943 1 2 0 0 0.5913 0 1 0 0.0000 0.0000
8 69.7773 107.5104 1 1 0 1 0.4221 1 1 0 0.0000 0.0000
8 107.4892 144.6437 2 1 0 0 0.4717 0 1 0 0.0000 0.0000
8 86.3858 114.7453 1 4 0 0 0.4744 0 1 0 0.0000 0.0000
8 135.3254 107.9271 4 2 0 0 2.3040 0 1 0 0.0000 0.0000
8 107.7221 122.8525 2 3 0 0 0.3056 0 1 0 0.0000 0.0000
8 91.6309 131.5931 2 1 0 0 0.4500 0 1 0 0.0000 0.0000
8 93.1776 65.4764 3 4 0 0 0.0847 0 1 0 0.0000 0.0000
8 103.3426 114.0996 2 2 0 1 0.2235 1 1 0 0.0000 0.0000
8 105.8389 59.3266 3 4 0 0 0.1411 0 1 0 0.0000 0.0000
8 94.4813 130.1834 2 3 0 0 0.0734 0 1 0 0.0000 0.0000
8 95.7107 96.6214 1 1 0 1 0.3555 1 1 0 0.0000 0.0000
8 64.6998 97.2169 1 3 0 0 0.3891 0 1 0 0.0000 0.0000
8 90.2632 82.8812 3 3 0 1 0.2462 1 1 0 0.0000 0.0000
8 104.9014 118.6219 2 3 0 0 2.6769 0 1 0 0.0000 0.0000
8 91.9884 65.8295 3 1 0 0 0.2577 0 1 0 0.0000 0.0000
8 103.3468 81.9164 3 4 0 0 0.1605 0 1 0 0.0000 0.0000
8 87.7432 121.7098 2 2 0 1 0.2053 1 1 0 0.0000 0.0000
8 105.9622 87.7261 3 3 0 1 0.1213 1 1 0 0.0000 0.0000
8 95.0812 129.7580 2 4 0 0 0.0505 0 1 0 0.0000 0.0000
8 96.0948 76.7071 3 2 0 0 5.0167 0 1 0 0.0000 0.0000
8 128.0394 100.6980 4 3 0 0 0.5436 0 1 0 0.0000 0.0000
8 103.8039 134.0234 2 4 0 0 0.0672 0 1 0 0.0000 0.0000
8 91.9341 128.1148 2 3 0 0 0.2344 0 1 0 0.0000 0.0000
8 99.8741 116.0471 2 4 0 0 0.2299 0 1 0 0.0000 0.0000
8 93.0298 127.9223 2 1 0 0 0.2415 0 1 0 0.0000 0.0000
8 123.3151 82.9203 3 2 0 0 0.2530 0 1 0 0.0000 0.0000
8 106.6255 68.2164 3 1 0 0 0.1699 0 1 0 0.0000 0.0000
8 111.4199 105.7905 4 3 0 0 0.0835 0 1 0 0.0000 0.0000
8 117.2242 127.3864 2 2 0 1 0.0430 1 1 0 0.0000 0.0000
8 77.3297 102.7611 1 4 0 0 0.0982 0 1 0 0.0000 0.0000
8 125.7579 107.7674 4 4 0 1 0.0582 1 1 0 0.0000 0.0000
8 84.2333 137.9453 2 4 0 0 0.0337 0 1 0 0.0000 0.0000
8 146.6449 104.1139 4 3 0 0 0.2646 0 1 0 0.0000 0.0000
8 128.3816 97.9748 4 3 0 0 0.3569 0 1 0 0.0000 0.0000
8 83.2440 87.2348 3 1 0 0 0.3717 0 1 0 0.0000 0.0000
8 105.5620 113.2681 2 2 0 1 0.2909 1 1 0 0.0000 0.0000
8 136.2692 109.1555 4 2 0 0 1.6481 0 1 0 0.0000 0.0000
8 73.3303 105.7902 1 1 0 1 0.3208 1 1 0 0.0000 0.0000
8 87.3606 68.2106 3 3 0 1 0.1120 1 1 0 0.0000 0.0000
8 58.3788 84.3613 1 4 0 0 0.2832 0 1 0 0.0000 0.0000
8 53.1331 82.5922 1 3 0 0 0.8583 0 1 0 0.0000 0.0000
8 131.6035 100.0489 4 4 0 1 0.4379 1 1 0 0.0000 0.0000
8 86.6962 51.7089 3 1 0 0 6.4869 0 1 0 0.0000 0.0000
8 93.4160 96.6826 1 1 0 1 0.3226 1 1 0 0.0000 0.0000
8 95.5324 124.7046 2 4 0 0 0.9770 0 1 0 0.0000 0.0000
9 108.8770 124.8040 2 3 0 0 4.2828 0 1 0 0.0000 0.0000
9 65.5803 106.6743 1 2 0 0 0.2309 0 1 0 0.0000 0.0000
9 103.4128 73.7752 3 1 0 0 0.2585 0 1 0 0.0000 0.0000
9 94.4389 74.6188 3 2 0 0 0.0469 0 1 0 0.0000 0.0000
9 68.9197 110.3770 1 1 0 1 0.0864 1 1 0 0.0000 0.0000
9 112.0955 90.0869 4 3 0 0 1.9839 0 1 0 0.0000 0.0000
9 74.0738 99.6458 1 1 0 1 0.2176 1 1 0 0.0000 0.0000
9 102.6554 124.9706 2 3 0 0 0.2300 0 1 0 0.0000 0.0000
9 81.3311 81.8530 1 1 0 1 0.0512 1 1 0 0.0000 0.0000
9 138.9301 102.8864 4 1 0 0 0.2204 0 1 0 0.0000 0.0000
9 94.1610 140.3225 2 2 0 1 0.1219 1 1 0 0.0000 0.0000
9 76.5329 94.4930 1 2 0 0 0.1963 0 1 0 0.0000 0.0000
9 74.1195 99.1445 1 1 0 1 0.2099 1 1 0 0.0000 0.0000
9 82.9178 60.6965 3 1 0 0 0.4150 0 1 0 0.0000 0.0000
9 104.8673 128.2429 2 2 0 1 0.0334 1 1 0 0.0000 0.0000
9 108.5905 150.0014 2 2 0 1 0.1218 1 1 0 0.0000 0.0000
9 86.9869 137.7303 2 2 0 1 0.1962 1 1 0 0.0000 0.0000
9 68.8092 92.9212 1 2 0 0 0.0485 0 1 0 0.0000 0.0000
9 90.7274 115.0446 2 3 0 0 0.0089 0 1 0 0.0000 0.0000
9 87.4933 102.6541 1 1 0 1 0.2405 1 1 0 0.0000 0.0000
9 92.9462 88.1557 3 1 0 0 0.0137 0 1 0 0.0000 0.0000
9 80.0327 125.0308 2 2 0 1 0.3090 1 1 0 0.0000 0.0000
9 61.8078 120.1106 1 1 0 1 0.0837 1 1 0 0.0000 0.0000
9 131.3731 96.3049 4 2 0 0 0.0133 0 1 0 0.0000 0.0000
9 137.4330 97.0950 4 1 0 0 0.0536 0 1 0 0.0000 0.0000
9 65.8822 90.4625 1 1 0 1 0.3183 1 1 0 0.0000 0.0000
9 102.0468 85.1780 3 1 0 0 0.2073 0 1 0 0.0000 0.0000
9 95.8491 76.6500 3 1 0 0 0.5716 0 1 0 0.0000 0.0000
9 95.9689 62.9362 3 2 0 0 0.1300 0 1 0 0.0000 0.0000
9 95.1936 94.8259 3 4 0 0 0.0452 0 1 0 0.0000 0.0000
9 58.2609 103.3889 1 3 0 0 0.4875 0 1 0 0.0000 0.0000
9 109.9944 128.7132 2 4 0 0 0.1555 0 1 0 0.0000 0.0000
9 127.2725 101.2891 4 2 0 0 0.1983 0 1 0 0.0000 0.0000
9 101.6947 71.4132 3 2 0 0 1.1066 0 1 0 0.0000 0.0000
9 101.9270 124.9169 2 2 0 1 0.2458 1 1 0 0.0000 0.0000
9 124.7199 97.3623 4 2 0 0 0.2270 0 1 0 0.0000 0.0000
9 85.5099 78.3823 3 1 0 0 0.0149 0 1 0 0.0000 0.0000
9 100.6753 135.6078 2 2 0 1 0.0702 1 1 0 0.0000 0.0000
9 137.0168 95.2159 4 1 0 0 0.0153 0 1 0 0.0000 0.0000
9 129.6425 91.9746 4 1 0 0 0.1661 0 1 0 0.0000 0.0000
9 85.2607 84.4604 1 1 0 1 0.3529 1 1 0 0.0000 0.0000
9 127.8129 85.9738 4 2 0 0 0.2725 0 1 0 0.0000 0.0000
9 108.7283 146.0765 2 1 0 0 0.0305 0 1 0 0.0000 0.0000
9 107.2683 82.1691 3 2 0 0 2.2772 0 1 0 0.0000 0.0000
9 129.5553 104.7185 4 3 0 0 0.2472 0 1 0 0.0000 0.0000
9 122.8224 101.7694 4 4 0 1 0.0372 1 1 0 0.0000 0.0000
9 101.9112 68.7101 3 3 0 1 0.2851 1 1 0 0.0000 0.0000
9 115.4950 102.4642 4 4 0 1 0.2363 1 1 0 0.0000 0.0000
9 89.8963 132.1882 2 3 0 0 0.0575 0 1 0 0.0000 0.0000
9 140.1412 112.9269 4 3 0 0 0.0991 0 1 0 0.0000 0.0000
