1 98.49 82.627 3 2 0 5.2958 2
1 104.77 137.2 2 1 0 1.7408 2
1 72.589 103.31 1 3 0 2.8747 2
1 74.121 97.48 1 4 0 0.53942 2
1 77.996 133.37 2 4 0 1.8034 2
1 89.463 121.33 2 2 1 2.3468 2
1 132.73 92.579 4 2 0 3.7383 2
1 129.02 91.02 4 2 0 4.7652 2
1 94.807 71.083 3 1 0 8.1869 2
1 130.3 108.11 4 2 0 1.3068 2
1 124.5 78.177 4 3 0 1.7384 2
1 80.145 103.81 1 1 1 1.9311 2
1 79.562 79.509 3 2 0 1.833 2
1 87.545 133.79 2 4 0 4.237 2
1 95.906 128.14 2 2 1 2.3499 2
1 137.02 95.216 4 3 0 1.3384 2
1 122.08 84.683 4 3 0 1.3056 2
1 131.4 98.805 4 4 1 1.195 2
1 95.81 77.826 3 4 0 1.3384 2
1 116.98 121.04 4 2 0 0.82556 2
1 98.53 129.25 2 2 1 0.70022 2
1 69.854 99.217 1 1 1 2.9404 2
1 113.07 114.09 2 4 0 4.077 2
1 139.57 102.71 4 4 1 1.3875 2
1 84.963 129.49 2 2 1 2.3169 2
1 97.064 60.284 3 3 1 0.87734 2
1 110.02 129.03 2 4 0 2.4609 2
1 91.665 129.79 2 2 1 1.0683 2
1 68.49 100.38 1 1 1 0.66666 2
1 125.05 99.471 4 3 0 2.9712 2
1 131.21 122.03 4 4 1 0.98929 2
1 64.013 119.66 1 2 0 1.3106 2
1 59.37 85.034 1 3 0 1.3875 2
1 103.34 114.1 2 2 1 2.7964 2
1 115.03 82.638 3 3 1 1.7584 2
1 124.09 118.91 4 3 0 2.1232 2
1 64.865 97.452 1 1 1 1.0051 2
1 127.92 108.38 4 3 0 2.8909 2
1 63.482 91.567 1 1 1 1.1956 2
1 70.98 97.498 1 1 1 1.61 2
1 88.153 75.402 3 4 0 3.8058 2
1 104.87 128.24 2 2 1 0.9558 2
1 90.49 90.771 1 3 0 0.95718 2
1 125.02 87.037 4 3 0 0.97321 2
1 105.36 117.7 2 2 1 1.2133 2
1 80.524 83.775 3 1 0 9.0525 2
1 74.074 99.646 1 1 1 0.62021 2
1 103.9 52.984 3 3 1 1.5949 2
1 91.562 71.13 3 3 1 1.2929 2
1 116.82 91.335 3 4 0 1.2737 2
1 122.82 101.77 4 2 0 0.70065 2
1 101.55 85.011 3 2 0 0.60587 2
1 94.916 127.7 2 2 1 0.7468 2
1 81.981 122.2 2 1 0 0.66509 2
1 55.968 101.51 1 1 1 0.84625 2
1 105.37 62.352 3 3 1 1.1325 2
1 78.227 104.33 1 2 0 0.97392 2
1 70.559 113.66 1 2 0 0.6995 2
1 110.45 128.43 2 2 1 1.2766 2
1 107.25 127.76 2 2 1 2.5576 2
1 90.921 64.416 3 3 1 7.9481 2
1 64.7 97.217 1 4 0 2.9557 2
1 82.093 84.705 1 3 0 0.82916 2
1 90.34 116.9 1 3 0 2.6345 2
1 127.71 94.534 4 3 0 1.4038 2
1 94.876 128.97 2 2 1 2.7013 2
1 85.609 129.03 2 2 1 0.99016 2
1 73.17 85.193 1 4 0 5.6452 2
1 113.79 95.295 3 3 1 0.84364 2
1 129.28 110.85 4 2 0 3.4215 2
1 135.33 107.93 4 3 0 1.213 2
1 106.31 69.963 3 3 1 1.0353 2
1 108.73 146.08 2 1 0 4.8779 2
1 69.114 108.52 1 1 1 1.2128 2
1 81.79 111.54 2 3 0 3.39 2
1 104.24 138.9 2 2 1 1.2607 2
1 109.3 94.724 4 3 0 3.0378 2
1 95.845 83.32 3 4 0 0.55569 2
1 76.145 86.468 1 1 1 0.89149 2
1 112.1 90.087 4 3 0 4.5885 2
1 140.93 83.272 4 3 0 0.89096 2
1 73.671 95.878 1 3 0 1.3892 2
1 96.262 137.63 2 2 1 1.1174 2
1 107.72 122.85 2 2 1 1.5313 2
1 98.473 67.976 3 4 0 1.3879 2
1 108.93 81.938 4 4 1 0.54089 2
1 70.798 95.527 1 1 1 0.89155 2
1 101.08 80.825 3 4 0 0.73471 2
1 64.004 91.564 1 1 1 0.66854 2
1 100.29 72.852 3 1 0 1.2285 2
1 114.03 71.214 3 3 1 3.7238 2
1 71.674 104.66 1 3 0 2.7297 2
1 143.61 95.96 4 4 1 1.3697 2
1 119.77 117.65 2 3 0 1.3246 2
1 122.11 98.63 4 4 1 1.8368 2
1 101.69 71.413 3 3 1 1.9806 2
1 106.52 71.449 3 3 1 0.79183 2
1 137.8 100.42 4 3 0 3.2438 2
1 88.909 58.429 3 3 1 1.5004 2
1 94.894 72.019 3 3 1 1.5638 2
2 98.49 82.627 3 4 0 1.5039 2
2 104.77 137.2 2 4 0 1.5488 2
2 72.589 103.31 1 3 0 1.1491 2
2 74.121 97.48 1 4 0 3.3553 2
2 77.996 133.37 2 4 0 2.2532 2
2 89.463 121.33 2 3 0 1.1647 2
2 132.73 92.579 4 4 1 1.8364 2
2 129.02 91.02 4 4 1 1.4203 2
2 94.807 71.083 3 3 1 2.3781 2
2 130.3 108.11 4 3 0 2.4585 2
2 124.5 78.177 4 3 0 1.628 2
2 80.145 103.81 1 3 0 2.4925 2
2 79.562 79.509 3 4 0 1.4529 2
2 87.545 133.79 2 2 1 5.8004 2
2 95.906 128.14 2 4 0 5.2919 2
2 137.02 95.216 4 4 1 0.79684 2
2 122.08 84.683 4 4 1 0.79562 2
2 131.4 98.805 4 1 0 5.7069 2
2 95.81 77.826 3 1 0 8.666 2
2 116.98 121.04 4 4 1 3.6607 2
2 98.53 129.25 2 4 0 0.98799 2
2 69.854 99.217 1 3 0 1.9331 2
2 113.07 114.09 2 4 0 1.742 2
2 139.57 102.71 4 3 0 1.5127 2
2 84.963 129.49 2 2 1 0.9868 2
2 97.064 60.284 3 3 1 4.2523 2
2 110.02 129.03 2 4 0 2.1723 2
2 91.665 129.79 2 2 1 1.5655 2
2 68.49 100.38 1 3 0 1.8343 2
2 125.05 99.471 4 3 0 1.1633 2
2 131.21 122.03 4 2 0 1.4165 2
2 64.013 119.66 1 1 1 1.2138 2
2 59.37 85.034 1 1 1 1.6446 2
2 103.34 114.1 2 2 1 1.8185 2
2 115.03 82.638 3 4 0 1.5959 2
2 124.09 118.91 4 2 0 1.2115 2
2 64.865 97.452 1 1 1 0.89094 2
2 127.92 108.38 4 3 0 3.0372 2
2 63.482 91.567 1 1 1 0.7968 2
2 70.98 97.498 1 1 1 0.58921 2
2 88.153 75.402 3 3 1 10.445 2
2 104.87 128.24 2 4 0 2.3464 2
2 90.49 90.771 1 3 0 1.4195 2
2 125.02 87.037 4 4 1 1.0999 2
2 105.36 117.7 2 2 1 1.8198 2
2 80.524 83.775 3 3 1 2.0758 2
2 74.074 99.646 1 1 1 0.62274 2
2 103.9 52.984 3 4 0 2.3947 2
2 91.562 71.13 3 3 1 2.6202 2
2 116.82 91.335 3 4 0 1.0674 2
2 122.82 101.77 4 3 0 1.1325 2
2 101.55 85.011 3 3 1 1.3429 2
2 94.916 127.7 2 3 0 5.5007 2
2 81.981 122.2 2 2 1 1.1162 2
2 55.968 101.51 1 1 1 0.70178 2
2 105.37 62.352 3 3 1 0.98815 2
2 78.227 104.33 1 2 0 1.1637 2
2 70.559 113.66 1 3 0 1.0974 2
2 110.45 128.43 2 4 0 0.79801 2
2 107.25 127.76 2 2 1 1.7224 2
2 90.921 64.416 3 3 1 2.1239 2
2 64.7 97.217 1 1 1 1.9006 2
2 82.093 84.705 1 3 0 1.8851 2
2 90.34 116.9 1 2 0 0.9246 2
2 127.71 94.534 4 4 1 0.84423 2
2 94.876 128.97 2 2 1 1.7702 2
2 85.609 129.03 2 2 1 1.8534 2
2 73.17 85.193 1 3 0 1.2935 2
2 113.79 95.295 3 4 0 2.7001 2
2 129.28 110.85 4 4 1 0.95691 2
2 135.33 107.93 4 4 1 0.74726 2
2 106.31 69.963 3 3 1 2.1547 2
2 108.73 146.08 2 4 0 1.9472 2
2 69.114 108.52 1 1 1 2.5395 2
2 81.79 111.54 2 3 0 1.6563 2
2 104.24 138.9 2 2 1 7.2094 2
2 109.3 94.724 4 3 0 4.8116 2
2 95.845 83.32 3 1 0 2.0432 2
2 76.145 86.468 1 4 0 1.4535 2
2 112.1 90.087 4 2 0 0.60375 2
2 140.93 83.272 4 4 1 1.1974 2
2 73.671 95.878 1 1 1 0.84282 2
2 96.262 137.63 2 3 0 2.6211 2
2 107.72 122.85 2 2 1 0.8282 2
2 98.473 67.976 3 4 0 2.9712 2
2 108.93 81.938 4 4 1 1.9657 2
2 70.798 95.527 1 1 1 1.4529 2
2 101.08 80.825 3 4 0 0.73325 2
2 64.004 91.564 1 1 1 0.87648 2
2 100.29 72.852 3 3 1 2.8447 2
2 114.03 71.214 3 3 1 2.0889 2
2 71.674 104.66 1 2 0 1.6123 2
2 143.61 95.96 4 4 1 1.7893 2
2 119.77 117.65 2 2 1 0.95561 2
2 122.11 98.63 4 3 0 1.8681 2
2 101.69 71.413 3 3 1 0.73177 2
2 106.52 71.449 3 3 1 0.65199 2
2 137.8 100.42 4 3 0 2.2845 2
2 88.909 58.429 3 3 1 0.81233 2
2 94.894 72.019 3 3 1 0.73308 2
3 98.49 82.627 3 3 1 1.7918 2
3 104.77 137.2 2 2 1 2.1884 2
3 72.589 103.31 1 1 1 1.4059 2
3 74.121 97.48 1 1 1 0.70036 2
3 77.996 133.37 2 2 1 1.0215 2
3 89.463 121.33 2 2 1 0.62035 2
3 132.73 92.579 4 4 1 1.5485 2
3 129.02 91.02 4 4 1 1.1322 2
3 94.807 71.083 3 3 1 0.65098 2
3 130.3 108.11 4 3 0 3.645 2
3 124.5 78.177 4 3 0 1.1947 2
3 80.145 103.81 1 1 1 1.1481 2
3 79.562 79.509 3 1 0 0.55767 2
3 87.545 133.79 2 2 1 1.0202 2
3 95.906 128.14 2 2 1 0.61913 2
3 137.02 95.216 4 4 1 1.1803 2
3 122.08 84.683 4 4 1 1.2919 2
3 131.4 98.805 4 4 1 1.2288 2
3 95.81 77.826 3 3 1 0.98777 2
3 116.98 121.04 4 2 0 3.2597 2
3 98.53 129.25 2 2 1 0.70117 2
3 69.854 99.217 1 1 1 1.1009 2
3 113.07 114.09 2 3 0 1.7413 2
3 139.57 102.71 4 3 0 0.90902 2
3 84.963 129.49 2 2 1 0.98774 2
3 97.064 60.284 3 3 1 1.1166 2
3 110.02 129.03 2 2 1 1.1485 2
3 91.665 129.79 2 3 0 1.5485 2
3 68.49 100.38 1 3 0 0.68513 2
3 125.05 99.471 4 3 0 1.0372 2
3 131.21 122.03 4 2 0 0.98895 2
3 64.013 119.66 1 1 1 0.78017 2
3 59.37 85.034 1 1 1 0.5565 2
3 103.34 114.1 2 3 0 1.8844 2
3 115.03 82.638 3 3 1 0.82876 2
3 124.09 118.91 4 3 0 1.998 2
3 64.865 97.452 1 1 1 0.76363 2
3 127.92 108.38 4 2 0 1.9815 2
3 63.482 91.567 1 1 1 0.5883 2
3 70.98 97.498 1 1 1 1.1968 2
3 88.153 75.402 3 3 1 1.0366 2
3 104.87 128.24 2 4 0 2.4286 2
3 90.49 90.771 1 3 0 0.7809 2
3 125.02 87.037 4 4 1 0.76528 2
3 105.36 117.7 2 2 1 2.5314 2
3 80.524 83.775 3 3 1 1.1474 2
3 74.074 99.646 1 1 1 1.1968 2
3 103.9 52.984 3 3 1 1.5487 2
3 91.562 71.13 3 3 1 1.7881 2
3 116.82 91.335 3 4 0 1.2444 2
3 122.82 101.77 4 4 1 0.84387 2
3 101.55 85.011 3 4 0 2.5094 2
3 94.916 127.7 2 2 1 0.98847 2
3 81.981 122.2 2 2 1 1.4725 2
3 55.968 101.51 1 1 1 0.96418 2
3 105.37 62.352 3 3 1 0.97176 2
3 78.227 104.33 1 2 0 1.1805 2
3 70.559 113.66 1 2 0 1.484 2
3 110.45 128.43 2 2 1 1.0045 2
3 107.25 127.76 2 2 1 0.83876 2
3 90.921 64.416 3 4 0 1.997 2
3 64.7 97.217 1 1 1 5.0198 2
3 82.093 84.705 1 1 1 1.5811 2
3 90.34 116.9 1 1 1 2.7279 2
3 127.71 94.534 4 3 0 3.0202 2
3 94.876 128.97 2 2 1 1.0528 2
3 85.609 129.03 2 2 1 0.67004 2
3 73.17 85.193 1 1 1 1.8847 2
3 113.79 95.295 3 1 0 2.733 2
3 129.28 110.85 4 3 0 1.82 2
3 135.33 107.93 4 1 0 1.0364 2
3 106.31 69.963 3 3 1 1.2286 2
3 108.73 146.08 2 4 0 2.4452 2
3 69.114 108.52 1 3 0 2.9243 2
3 81.79 111.54 2 2 1 2.4926 2
3 104.24 138.9 2 1 0 5.1643 2
3 109.3 94.724 4 3 0 1.4522 2
3 95.845 83.32 3 3 1 1.5965 2
3 76.145 86.468 1 1 1 1.0094 2
3 112.1 90.087 4 1 0 1.1007 2
3 140.93 83.272 4 4 1 0.74899 2
3 73.671 95.878 1 1 1 0.9401 2
3 96.262 137.63 2 2 1 0.92421 2
3 107.72 122.85 2 2 1 3.3569 2
3 98.473 67.976 3 1 0 2.4536 2
3 108.93 81.938 4 3 0 1.2291 2
3 70.798 95.527 1 1 1 0.57255 2
3 101.08 80.825 3 4 0 0.71741 2
3 64.004 91.564 1 1 1 0.76496 2
3 100.29 72.852 3 4 0 0.94052 2
3 114.03 71.214 3 4 0 0.79579 2
3 71.674 104.66 1 1 1 0.89238 2
3 143.61 95.96 4 4 1 1.0997 2
3 119.77 117.65 2 3 0 3.6295 2
3 122.11 98.63 4 2 0 0.87657 2
3 101.69 71.413 3 2 0 0.69895 2
3 106.52 71.449 3 4 0 1.1801 2
3 137.8 100.42 4 4 1 0.81205 2
3 88.909 58.429 3 3 1 0.81255 2
3 94.894 72.019 3 3 1 0.60574 2
4 98.49 82.627 3 3 1 5.4559 0
4 104.77 137.2 2 4 0 2.1399 0
4 72.589 103.31 1 1 1 0.47701 1
4 74.121 97.48 1 3 0 1.5479 1
4 77.996 133.37 2 2 1 0.68488 1
4 89.463 121.33 2 2 1 0.6044 0
4 132.73 92.579 4 4 1 0.76436 1
4 129.02 91.02 4 4 1 0.49288 0
4 94.807 71.083 3 3 1 1.2334 1
4 130.3 108.11 4 4 1 0.90853 1
4 124.5 78.177 4 4 1 0.97212 0
4 80.145 103.81 1 1 1 0.54221 1
4 79.562 79.509 3 3 1 0.76425 1
4 87.545 133.79 2 1 0 3.7257 1
4 95.906 128.14 2 3 0 1.229 0
4 137.02 95.216 4 4 1 0.84461 1
4 122.08 84.683 4 4 1 0.93928 1
4 131.4 98.805 4 4 1 1.2441 1
4 95.81 77.826 3 3 1 1.2119 1
4 116.98 121.04 4 4 1 0.68447 1
4 98.53 129.25 2 2 1 0.66799 1
4 69.854 99.217 1 3 0 1.9328 0
4 113.07 114.09 2 3 0 0.86088 1
4 139.57 102.71 4 3 0 1.3562 0
4 84.963 129.49 2 2 1 1.853 0
4 97.064 60.284 3 3 1 0.84424 0
4 110.02 129.03 2 2 1 1.1954 1
4 91.665 129.79 2 1 0 0.70048 0
4 68.49 100.38 1 1 1 0.61957 1
4 125.05 99.471 4 3 0 1.8376 0
4 131.21 122.03 4 1 0 1.3896 0
4 64.013 119.66 1 2 0 1.8359 1
4 59.37 85.034 1 2 0 0.73306 1
4 103.34 114.1 2 3 0 2.0608 0
4 115.03 82.638 3 3 1 0.84456 0
4 124.09 118.91 4 4 1 2.5728 1
4 64.865 97.452 1 3 0 0.74862 0
4 127.92 108.38 4 3 0 0.70112 1
4 63.482 91.567 1 3 0 2.2039 0
4 70.98 97.498 1 3 0 0.90756 0
4 88.153 75.402 3 3 1 1.0208 1
4 104.87 128.24 2 4 0 1.5484 0
4 90.49 90.771 1 4 0 1.3572 1
4 125.02 87.037 4 4 1 0.45932 0
4 105.36 117.7 2 4 0 2.2201 1
4 80.524 83.775 3 3 1 1.0683 1
4 74.074 99.646 1 3 0 0.76314 1
4 103.9 52.984 3 3 1 1.1488 1
4 91.562 71.13 3 3 1 0.53974 1
4 116.82 91.335 3 3 1 0.93992 0
4 122.82 101.77 4 4 1 0.92465 1
4 101.55 85.011 3 3 1 0.61987 1
4 94.916 127.7 2 3 0 1.8799 1
4 81.981 122.2 2 2 1 1.5686 1
4 55.968 101.51 1 1 1 0.81176 0
4 105.37 62.352 3 3 1 7.9128 0
4 78.227 104.33 1 3 0 0.30036 1
4 70.559 113.66 1 1 1 1.0371 1
4 110.45 128.43 2 2 1 2.141 1
4 107.25 127.76 2 3 0 1.2612 0
4 90.921 64.416 3 3 1 1.0535 1
4 64.7 97.217 1 1 1 0.6208 1
4 82.093 84.705 1 3 0 0.65236 0
4 90.34 116.9 1 3 0 2.3494 1
4 127.71 94.534 4 3 0 1.3563 0
4 94.876 128.97 2 4 0 0.65453 0
4 85.609 129.03 2 4 0 0.81302 1
4 73.17 85.193 1 4 0 0.60474 1
4 113.79 95.295 3 4 0 0.76473 1
4 129.28 110.85 4 3 0 0.87707 1
4 135.33 107.93 4 4 1 0.69473 0
4 106.31 69.963 3 3 1 1.5326 1
4 108.73 146.08 2 4 0 2.1397 0
4 69.114 108.52 1 3 0 0.84474 1
4 81.79 111.54 2 3 0 1.5167 1
4 104.24 138.9 2 4 0 0.87454 0
4 109.3 94.724 4 4 1 1.3717 1
4 95.845 83.32 3 3 1 0.66736 1
4 76.145 86.468 1 3 0 1.7079 1
4 112.1 90.087 4 3 0 1.9629 0
4 140.93 83.272 4 3 0 1.0841 0
4 73.671 95.878 1 3 0 1.2795 0
4 96.262 137.63 2 4 0 0.78051 1
4 107.72 122.85 2 3 0 1.1969 1
4 98.473 67.976 3 3 1 0.98832 1
4 108.93 81.938 4 4 1 5.3579 1
4 70.798 95.527 1 3 0 3.1477 1
4 101.08 80.825 3 3 1 1.9962 1
4 64.004 91.564 1 1 1 1.7484 0
4 100.29 72.852 3 3 1 0.988 0
4 114.03 71.214 3 4 0 0.98021 1
4 71.674 104.66 1 3 0 1.1004 1
4 143.61 95.96 4 4 1 0.60463 1
4 119.77 117.65 2 4 0 0.68373 0
4 122.11 98.63 4 4 1 1.1167 0
4 101.69 71.413 3 3 1 0.73243 0
4 106.52 71.449 3 3 1 0.86021 1
4 137.8 100.42 4 4 1 0.87569 0
4 88.909 58.429 3 3 1 0.81185 1
4 94.894 72.019 3 3 1 0.6837 0
5 98.49 82.627 3 3 1 1.4879 0
5 104.77 137.2 2 4 0 1.356 0
5 72.589 103.31 1 1 1 0.89346 0
5 74.121 97.48 1 3 0 0.7963 0
5 77.996 133.37 2 2 1 3.6126 1
5 89.463 121.33 2 3 0 3.2771 1
5 132.73 92.579 4 4 1 0.82906 0
5 129.02 91.02 4 4 1 1.0682 1
5 94.807 71.083 3 3 1 0.66813 1
5 130.3 108.11 4 4 1 0.79677 1
5 124.5 78.177 4 4 1 0.70147 1
5 80.145 103.81 1 3 0 1.565 0
5 79.562 79.509 3 3 1 1.1964 0
5 87.545 133.79 2 3 0 0.5731 1
5 95.906 128.14 2 4 0 0.92424 1
5 137.02 95.216 4 4 1 0.68257 1
5 122.08 84.683 4 3 0 2.5883 1
5 131.4 98.805 4 3 0 0.86016 0
5 95.81 77.826 3 3 1 1.0847 1
5 116.98 121.04 4 2 0 1.9974 1
5 98.53 129.25 2 1 0 2.1061 0
5 69.854 99.217 1 3 0 0.9887 1
5 113.07 114.09 2 2 1 4.876 1
5 139.57 102.71 4 4 1 1.1484 1
5 84.963 129.49 2 2 1 1.7406 1
5 97.064 60.284 3 3 1 0.69989 1
5 110.02 129.03 2 4 0 1.164 0
5 91.665 129.79 2 3 0 1.6024 1
5 68.49 100.38 1 3 0 2.9887 1
5 125.05 99.471 4 4 1 1.4496 1
5 131.21 122.03 4 4 1 1.0334 0
5 64.013 119.66 1 3 0 1.7062 0
5 59.37 85.034 1 3 0 2.06 1
5 103.34 114.1 2 3 0 4.5712 1
5 115.03 82.638 3 4 0 0.57129 1
5 124.09 118.91 4 3 0 0.63466 1
5 64.865 97.452 1 1 1 0.65271 1
5 127.92 108.38 4 3 0 1.2286 1
5 63.482 91.567 1 1 1 1.2108 0
5 70.98 97.498 1 1 1 1.1648 0
5 88.153 75.402 3 3 1 0.75058 1
5 104.87 128.24 2 4 0 0.97232 0
5 90.49 90.771 1 4 0 1.5469 0
5 125.02 87.037 4 4 1 0.57297 1
5 105.36 117.7 2 4 0 0.55624 0
5 80.524 83.775 3 3 1 1.1809 0
5 74.074 99.646 1 3 0 0.78057 0
5 103.9 52.984 3 3 1 0.92493 0
5 91.562 71.13 3 3 1 0.66961 1
5 116.82 91.335 3 4 0 1.4042 1
5 122.82 101.77 4 4 1 5.0207 1
5 101.55 85.011 3 3 1 0.5713 1
5 94.916 127.7 2 2 1 2.5578 0
5 81.981 122.2 2 1 0 2.7006 0
5 55.968 101.51 1 3 0 3.8364 1
5 105.37 62.352 3 3 1 1.0994 0
5 78.227 104.33 1 3 0 2.2531 1
5 70.559 113.66 1 4 0 0.65222 1
5 110.45 128.43 2 2 1 1.8527 0
5 107.25 127.76 2 2 1 1.1802 0
5 90.921 64.416 3 4 0 0.61938 1
5 64.7 97.217 1 4 0 1.0502 1
5 82.093 84.705 1 3 0 0.84229 0
5 90.34 116.9 1 3 0 0.92244 1
5 127.71 94.534 4 3 0 1.2608 0
5 94.876 128.97 2 1 0 1.1163 1
5 85.609 129.03 2 1 0 0.94836 1
5 73.17 85.193 1 3 0 1.0043 1
5 113.79 95.295 3 3 1 0.87669 0
5 129.28 110.85 4 4 1 2.7593 0
5 135.33 107.93 4 4 1 1.3416 1
5 106.31 69.963 3 3 1 0.73173 1
5 108.73 146.08 2 1 0 1.1968 1
5 69.114 108.52 1 1 1 1.1478 1
5 81.79 111.54 2 3 0 1.2603 1
5 104.24 138.9 2 1 0 1.2773 1
5 109.3 94.724 4 3 0 0.90864 0
5 95.845 83.32 3 3 1 0.89213 0
5 76.145 86.468 1 3 0 2.1717 0
5 112.1 90.087 4 3 0 1.1001 0
5 140.93 83.272 4 3 0 0.52499 1
5 73.671 95.878 1 3 0 0.50944 1
5 96.262 137.63 2 1 0 2.716 1
5 107.72 122.85 2 2 1 1.3256 1
5 98.473 67.976 3 3 1 0.58606 1
5 108.93 81.938 4 3 0 0.57231 0
5 70.798 95.527 1 1 1 0.97319 0
5 101.08 80.825 3 3 1 1.9406 0
5 64.004 91.564 1 1 1 0.97199 1
5 100.29 72.852 3 3 1 1.01 1
5 114.03 71.214 3 3 1 0.5863 1
5 71.674 104.66 1 1 1 0.98871 1
5 143.61 95.96 4 3 0 1.885 1
5 119.77 117.65 2 3 0 0.6766 0
5 122.11 98.63 4 3 0 0.57466 0
5 101.69 71.413 3 3 1 2.54 0
5 106.52 71.449 3 3 1 0.63585 0
5 137.8 100.42 4 3 0 1.8366 1
5 88.909 58.429 3 3 1 0.62102 1
5 94.894 72.019 3 3 1 1.5018 1
6 98.49 82.627 3 3 1 3.9358 1
6 104.77 137.2 2 3 0 1.3688 0
6 72.589 103.31 1 3 0 2.9176 0
6 74.121 97.48 1 3 0 0.61998 1
6 77.996 133.37 2 4 0 1.8395 1
6 89.463 121.33 2 2 1 1.7088 1
6 132.73 92.579 4 3 0 0.57381 0
6 129.02 91.02 4 3 0 0.42891 0
6 94.807 71.083 3 3 1 1.0845 1
6 130.3 108.11 4 4 1 1.852 1
6 124.5 78.177 4 3 0 0.58903 1
6 80.145 103.81 1 1 1 0.90702 1
6 79.562 79.509 3 3 1 0.63628 1
6 87.545 133.79 2 3 0 1.1571 1
6 95.906 128.14 2 3 0 0.62025 0
6 137.02 95.216 4 3 0 1.1969 0
6 122.08 84.683 4 3 0 0.70114 1
6 131.4 98.805 4 3 0 0.2533 1
6 95.81 77.826 3 3 1 0.23574 1
6 116.98 121.04 4 3 0 0.25213 0
6 98.53 129.25 2 3 0 0.76425 1
6 69.854 99.217 1 3 0 0.34821 0
6 113.07 114.09 2 3 0 0.62096 0
6 139.57 102.71 4 3 0 0.73186 1
6 84.963 129.49 2 3 0 0.66787 1
6 97.064 60.284 3 3 1 0.41172 0
6 110.02 129.03 2 3 0 0.70039 0
6 91.665 129.79 2 3 0 0.71612 1
6 68.49 100.38 1 3 0 0.52359 0
6 125.05 99.471 4 3 0 0.63653 1
6 131.21 122.03 4 3 0 1.4523 0
6 64.013 119.66 1 3 0 2.3336 0
6 59.37 85.034 1 3 0 1.2438 0
6 103.34 114.1 2 3 0 1.7716 0
6 115.03 82.638 3 3 1 1.5965 1
6 124.09 118.91 4 3 0 0.61994 1
6 64.865 97.452 1 3 0 0.71574 1
6 127.92 108.38 4 3 0 0.38048 1
6 63.482 91.567 1 3 0 0.25857 1
6 70.98 97.498 1 3 0 0.2034 0
6 88.153 75.402 3 3 1 0.25248 1
6 104.87 128.24 2 3 0 0.20365 0
6 90.49 90.771 1 3 0 1.9971 0
6 125.02 87.037 4 3 0 1.388 0
6 105.36 117.7 2 3 0 0.44442 1
6 80.524 83.775 3 3 1 0.28364 0
6 74.074 99.646 1 3 0 0.25064 1
6 103.9 52.984 3 3 1 0.58701 0
6 91.562 71.13 3 3 1 0.56409 0
6 116.82 91.335 3 3 1 0.46514 1
6 122.82 101.77 4 3 0 0.41276 1
6 101.55 85.011 3 3 1 0.4774 1
6 94.916 127.7 2 4 0 0.9719 1
6 81.981 122.2 2 1 0 0.70149 0
6 55.968 101.51 1 1 1 0.81303 1
6 105.37 62.352 3 3 1 0.57034 0
6 78.227 104.33 1 1 1 0.70134 0
6 70.559 113.66 1 1 1 0.58847 1
6 110.45 128.43 2 1 0 1.116 1
6 107.25 127.76 2 1 0 0.63629 1
6 90.921 64.416 3 3 1 0.62042 1
6 64.7 97.217 1 3 0 0.57219 0
6 82.093 84.705 1 3 0 1.8701 1
6 90.34 116.9 1 3 0 2.6534 0
6 127.71 94.534 4 3 0 0.81064 0
6 94.876 128.97 2 2 1 1.3253 1
6 85.609 129.03 2 1 0 1.7893 1
6 73.17 85.193 1 3 0 0.50795 1
6 113.79 95.295 3 3 1 0.95756 0
6 129.28 110.85 4 3 0 0.70094 0
6 135.33 107.93 4 3 0 0.52363 1
6 106.31 69.963 3 3 1 0.75935 1
6 108.73 146.08 2 3 0 0.92561 0
6 69.114 108.52 1 3 0 0.33273 1
6 81.79 111.54 2 3 0 0.63665 1
6 104.24 138.9 2 3 0 0.61885 1
6 109.3 94.724 4 3 0 0.36473 0
6 95.845 83.32 3 4 0 0.84577 1
6 76.145 86.468 1 3 0 1.2749 0
6 112.1 90.087 4 3 0 0.48729 0
6 140.93 83.272 4 3 0 0.44511 1
6 73.671 95.878 1 3 0 3.3092 1
6 96.262 137.63 2 3 0 0.12428 1
6 107.72 122.85 2 2 1 1.1007 1
6 98.473 67.976 3 4 0 1.1974 1
6 108.93 81.938 4 3 0 0.3008 1
6 70.798 95.527 1 3 0 0.29976 1
6 101.08 80.825 3 3 1 0.71684 1
6 64.004 91.564 1 3 0 0.25241 0
6 100.29 72.852 3 4 0 1.4049 0
6 114.03 71.214 3 2 0 0.012973 1
6 71.674 104.66 1 4 0 0.23635 1
6 143.61 95.96 4 3 0 0.81015 1
6 119.77 117.65 2 3 0 1.5953 1
6 122.11 98.63 4 3 0 0.41229 0
6 101.69 71.413 3 3 1 0.86035 1
6 106.52 71.449 3 3 1 0.41258 0
6 137.8 100.42 4 1 0 1.4482 1
6 88.909 58.429 3 3 1 0.52475 1
6 94.894 72.019 3 3 1 0.58811 0
7 98.49 82.627 3 3 1 4.7998 2
7 104.77 137.2 2 2 1 4.2352 2
7 72.589 103.31 1 1 1 1.6286 2
7 74.121 97.48 1 1 1 1.5918 2
7 77.996 133.37 2 3 0 3.0531 2
7 89.463 121.33 2 3 0 0.82833 2
7 132.73 92.579 4 4 1 0.75996 2
7 129.02 91.02 4 4 1 0.52241 2
7 94.807 71.083 3 3 1 0.72946 2
7 130.3 108.11 4 4 1 0.4923 2
7 124.5 78.177 4 4 1 0.52436 2
7 80.145 103.81 1 3 0 0.86035 2
7 79.562 79.509 3 3 1 0.57325 2
7 87.545 133.79 2 2 1 1.9178 2
7 95.906 128.14 2 2 1 0.90755 2
7 137.02 95.216 4 4 1 1.7877 2
7 122.08 84.683 4 4 1 0.63686 2
7 131.4 98.805 4 4 1 0.73372 2
7 95.81 77.826 3 3 1 0.68571 2
7 116.98 121.04 4 4 1 2.2989 2
7 98.53 129.25 2 2 1 1.8369 2
7 69.854 99.217 1 1 1 1.4989 2
7 113.07 114.09 2 4 0 3.0531 2
7 139.57 102.71 4 4 1 0.6996 2
7 84.963 129.49 2 2 1 1.3092 2
7 97.064 60.284 3 3 1 0.71637 2
7 110.02 129.03 2 1 0 1.7375 2
7 91.665 129.79 2 2 1 1.0206 2
7 68.49 100.38 1 1 1 1.4361 2
7 125.05 99.471 4 4 1 0.84506 2
7 131.21 122.03 4 4 1 0.6212 2
7 64.013 119.66 1 1 1 0.90572 2
7 59.37 85.034 1 1 1 0.52473 2
7 103.34 114.1 2 3 0 1.1287 2
7 115.03 82.638 3 4 0 0.90798 2
7 124.09 118.91 4 4 1 0.50805 2
7 64.865 97.452 1 1 1 0.71573 2
7 127.92 108.38 4 4 1 0.57208 2
7 63.482 91.567 1 1 1 0.4761 2
7 70.98 97.498 1 1 1 0.797 2
7 88.153 75.402 3 3 1 0.8764 2
7 104.87 128.24 2 4 0 0.98944 2
7 90.49 90.771 1 3 0 1.4519 2
7 125.02 87.037 4 4 1 0.55626 2
7 105.36 117.7 2 4 0 1.3567 2
7 80.524 83.775 3 3 1 0.77998 2
7 74.074 99.646 1 1 1 0.74855 2
7 103.9 52.984 3 3 1 0.78119 2
7 91.562 71.13 3 3 1 2.5097 2
7 116.82 91.335 3 4 0 0.65171 2
7 122.82 101.77 4 4 1 0.65015 2
7 101.55 85.011 3 3 1 1.9172 2
7 94.916 127.7 2 2 1 1.5168 2
7 81.981 122.2 2 1 0 1.5964 2
7 55.968 101.51 1 1 1 0.54002 2
7 105.37 62.352 3 3 1 0.6694 2
7 78.227 104.33 1 4 0 2.0767 2
7 70.559 113.66 1 1 1 0.85893 2
7 110.45 128.43 2 3 0 2.8917 2
7 107.25 127.76 2 4 0 0.57245 2
7 90.921 64.416 3 3 1 0.86082 2
7 64.7 97.217 1 1 1 0.90918 2
7 82.093 84.705 1 1 1 1.4356 2
7 90.34 116.9 1 3 0 1.5321 2
7 127.71 94.534 4 4 1 2.2528 2
7 94.876 128.97 2 3 0 1.9811 2
7 85.609 129.03 2 1 0 0.87397 2
7 73.17 85.193 1 1 1 0.57143 2
7 113.79 95.295 3 4 0 0.84508 2
7 129.28 110.85 4 4 1 0.68382 2
7 135.33 107.93 4 4 1 2.012 2
7 106.31 69.963 3 3 1 0.81354 2
7 108.73 146.08 2 4 0 2.01 2
7 69.114 108.52 1 1 1 0.6692 2
7 81.79 111.54 2 2 1 1.2279 2
7 104.24 138.9 2 1 0 0.87834 2
7 109.3 94.724 4 3 0 1.2978 2
7 95.845 83.32 3 3 1 0.41317 2
7 76.145 86.468 1 3 0 1.2105 2
7 112.1 90.087 4 3 0 0.76414 2
7 140.93 83.272 4 3 0 0.53755 2
7 73.671 95.878 1 1 1 0.58663 2
7 96.262 137.63 2 2 1 2.1249 2
7 107.72 122.85 2 2 1 1.5327 2
7 98.473 67.976 3 3 1 0.74875 2
7 108.93 81.938 4 3 0 2.1896 2
7 70.798 95.527 1 1 1 0.74696 2
7 101.08 80.825 3 3 1 1.4841 2
7 64.004 91.564 1 1 1 0.60573 2
7 100.29 72.852 3 3 1 1.1482 2
7 114.03 71.214 3 4 0 1.5164 2
7 71.674 104.66 1 1 1 0.63793 2
7 143.61 95.96 4 4 1 0.8595 2
7 119.77 117.65 2 4 0 1.4211 2
7 122.11 98.63 4 4 1 1.0522 2
7 101.69 71.413 3 3 1 1.2118 2
7 106.52 71.449 3 3 1 0.82952 2
7 137.8 100.42 4 4 1 0.81279 2
7 88.909 58.429 3 3 1 0.98856 2
7 94.894 72.019 3 3 1 1.3885 2
8 98.49 82.627 3 3 1 1.9198 2
8 104.77 137.2 2 4 0 4.2998 2
8 72.589 103.31 1 1 1 0.86046 2
8 74.121 97.48 1 1 1 0.81144 2
8 77.996 133.37 2 1 0 1.0197 2
8 89.463 121.33 2 3 0 0.74767 2
8 132.73 92.579 4 4 1 0.60467 2
8 129.02 91.02 4 3 0 2.0444 2
8 94.807 71.083 3 3 1 0.73178 2
8 130.3 108.11 4 4 1 1.405 2
8 124.5 78.177 4 3 0 0.57232 2
8 80.145 103.81 1 3 0 0.78022 2
8 79.562 79.509 3 1 0 0.42884 2
8 87.545 133.79 2 1 0 1.1168 2
8 95.906 128.14 2 2 1 1.8841 2
8 137.02 95.216 4 3 0 1.541 2
8 122.08 84.683 4 3 0 0.60443 2
8 131.4 98.805 4 3 0 0.2842 2
8 95.81 77.826 3 3 1 0.23573 2
8 116.98 121.04 4 2 0 0.97228 2
8 98.53 129.25 2 2 1 3.2115 2
8 69.854 99.217 1 1 1 0.81266 2
8 113.07 114.09 2 2 1 1.1002 2
8 139.57 102.71 4 3 0 0.71612 2
8 84.963 129.49 2 2 1 1.677 2
8 97.064 60.284 3 3 1 0.63534 2
8 110.02 129.03 2 2 1 1.179 2
8 91.665 129.79 2 2 1 1.8836 2
8 68.49 100.38 1 3 0 0.9575 2
8 125.05 99.471 4 3 0 1.2283 2
8 131.21 122.03 4 2 0 1.0214 2
8 64.013 119.66 1 1 1 0.71679 2
8 59.37 85.034 1 1 1 1.196 2
8 103.34 114.1 2 3 0 1.9947 2
8 115.03 82.638 3 3 1 0.63626 2
8 124.09 118.91 4 1 0 1.037 2
8 64.865 97.452 1 1 1 0.81375 2
8 127.92 108.38 4 2 0 1.408 2
8 63.482 91.567 1 1 1 0.54035 2
8 70.98 97.498 1 1 1 1.1487 2
8 88.153 75.402 3 3 1 1.3088 2
8 104.87 128.24 2 3 0 3.0072 2
8 90.49 90.771 1 3 0 1.7078 2
8 125.02 87.037 4 3 0 1.0367 2
8 105.36 117.7 2 3 0 0.6046 2
8 80.524 83.775 3 3 1 0.4138 2
8 74.074 99.646 1 1 1 1.4538 2
8 103.9 52.984 3 3 1 0.7165 2
8 91.562 71.13 3 3 1 2.7161 2
8 116.82 91.335 3 4 0 1.1327 2
8 122.82 101.77 4 3 0 1.4048 2
8 101.55 85.011 3 3 1 3.037 2
8 94.916 127.7 2 2 1 2.4124 2
8 81.981 122.2 2 2 1 2.7808 2
8 55.968 101.51 1 1 1 2.684 2
8 105.37 62.352 3 3 1 2.9078 2
8 78.227 104.33 1 3 0 5.0679 2
8 70.559 113.66 1 2 0 1.1649 2
8 110.45 128.43 2 2 1 1.3248 2
8 107.25 127.76 2 2 1 0.9726 2
8 90.921 64.416 3 3 1 0.6032 2
8 64.7 97.217 1 1 1 0.90894 2
8 82.093 84.705 1 3 0 0.72403 2
8 90.34 116.9 1 3 0 0.81223 2
8 127.71 94.534 4 3 0 0.52428 2
8 94.876 128.97 2 3 0 0.73165 2
8 85.609 129.03 2 3 0 0.71618 2
8 73.17 85.193 1 3 0 0.42835 2
8 113.79 95.295 3 4 0 0.86034 2
8 129.28 110.85 4 3 0 1.2436 2
8 135.33 107.93 4 4 1 0.71724 2
8 106.31 69.963 3 3 1 0.60518 2
8 108.73 146.08 2 4 0 0.90808 2
8 69.114 108.52 1 1 1 1.1162 2
8 81.79 111.54 2 3 0 2.2045 2
8 104.24 138.9 2 2 1 1.3238 2
8 109.3 94.724 4 3 0 0.81171 2
8 95.845 83.32 3 3 1 0.63757 2
8 76.145 86.468 1 1 1 0.87555 2
8 112.1 90.087 4 4 1 1.5971 2
8 140.93 83.272 4 4 1 0.50712 2
8 73.671 95.878 1 1 1 0.902 2
8 96.262 137.63 2 2 1 0.66696 2
8 107.72 122.85 2 2 1 1.3242 2
8 98.473 67.976 3 3 1 1.0678 2
8 108.93 81.938 4 4 1 2.3311 2
8 70.798 95.527 1 1 1 0.71641 2
8 101.08 80.825 3 4 0 1.7407 2
8 64.004 91.564 1 1 1 0.69619 2
8 100.29 72.852 3 3 1 0.68437 2
8 114.03 71.214 3 3 1 0.66471 2
8 71.674 104.66 1 1 1 2.0108 2
8 143.61 95.96 4 4 1 0.78021 2
8 119.77 117.65 2 2 1 1.2299 2
8 122.11 98.63 4 4 1 1.1179 2
8 101.69 71.413 3 4 0 1.0837 2
8 106.52 71.449 3 4 0 1.0823 2
8 137.8 100.42 4 4 1 0.61666 2
8 88.909 58.429 3 3 1 1.6437 2
8 94.894 72.019 3 3 1 0.74713 2
9 98.49 82.627 3 3 1 0.97582 2
9 104.77 137.2 2 4 0 0.86029 2
9 72.589 103.31 1 3 0 1.5002 2
9 74.121 97.48 1 1 1 0.51336 2
9 77.996 133.37 2 2 1 2.0919 2
9 89.463 121.33 2 2 1 1.181 2
9 132.73 92.579 4 4 1 0.94003 2
9 129.02 91.02 4 4 1 0.71657 2
9 94.807 71.083 3 3 1 1.3886 2
9 130.3 108.11 4 4 1 1.4514 2
9 124.5 78.177 4 4 1 1.1965 2
9 80.145 103.81 1 1 1 1.8822 2
9 79.562 79.509 3 1 0 0.77952 2
9 87.545 133.79 2 2 1 1.2129 2
9 95.906 128.14 2 2 1 1.1008 2
9 137.02 95.216 4 4 1 0.73247 2
9 122.08 84.683 4 4 1 1.0045 2
9 131.4 98.805 4 4 1 1.788 2
9 95.81 77.826 3 3 1 1.8363 2
9 116.98 121.04 4 2 0 2.1891 2
9 98.53 129.25 2 2 1 0.7638 2
9 69.854 99.217 1 1 1 1.0525 2
9 113.07 114.09 2 4 0 2.1413 2
9 139.57 102.71 4 4 1 8.6511 2
9 84.963 129.49 2 2 1 2.2895 2
9 97.064 60.284 3 3 1 1.0668 2
9 110.02 129.03 2 4 0 0.98799 2
9 91.665 129.79 2 2 1 0.85728 2
9 68.49 100.38 1 1 1 0.81219 2
9 125.05 99.471 4 4 1 1.3523 2
9 131.21 122.03 4 2 0 2.557 2
9 64.013 119.66 1 1 1 0.82677 2
9 59.37 85.034 1 1 1 1.0676 2
9 103.34 114.1 2 2 1 1.5142 2
9 115.03 82.638 3 4 0 2.7162 2
9 124.09 118.91 4 4 1 0.71622 2
9 64.865 97.452 1 1 1 0.82506 2
9 127.92 108.38 4 4 1 2.7122 2
9 63.482 91.567 1 1 1 0.76312 2
9 70.98 97.498 1 1 1 0.8597 2
9 88.153 75.402 3 3 1 0.74905 2
9 104.87 128.24 2 2 1 2.0278 2
9 90.49 90.771 1 4 0 3.9657 2
9 125.02 87.037 4 4 1 0.95586 2
9 105.36 117.7 2 2 1 10.635 2
9 80.524 83.775 3 3 1 4.5038 2
9 74.074 99.646 1 4 0 1.9647 2
9 103.9 52.984 3 3 1 0.81168 2
9 91.562 71.13 3 3 1 0.86084 2
9 116.82 91.335 3 3 1 1.7566 2
9 122.82 101.77 4 4 1 0.92268 2
9 101.55 85.011 3 3 1 1.0524 2
9 94.916 127.7 2 2 1 1.7721 2
9 81.981 122.2 2 4 0 23.644 2
9 55.968 101.51 1 1 1 0.39527 2
9 105.37 62.352 3 3 1 0.63692 2
9 78.227 104.33 1 1 1 1.7222 2
9 70.559 113.66 1 1 1 0.50784 2
9 110.45 128.43 2 2 1 2.0731 2
9 107.25 127.76 2 2 1 0.7818 2
9 90.921 64.416 3 3 1 0.65082 2
9 64.7 97.217 1 1 1 0.65264 2
9 82.093 84.705 1 3 0 1.213 2
9 90.34 116.9 1 2 0 1.1316 2
9 127.71 94.534 4 4 1 1.0846 2
9 94.876 128.97 2 2 1 2.5238 2
9 85.609 129.03 2 2 1 0.57091 2
9 73.17 85.193 1 3 0 0.70029 2
9 113.79 95.295 3 4 0 2.0251 2
9 129.28 110.85 4 3 0 3.2279 2
9 135.33 107.93 4 4 1 0.39621 2
9 106.31 69.963 3 3 1 0.92367 2
9 108.73 146.08 2 2 1 1.3084 2
9 69.114 108.52 1 1 1 0.82864 2
9 81.79 111.54 2 1 0 0.95634 2
9 104.24 138.9 2 2 1 0.89284 2
9 109.3 94.724 4 3 0 0.97253 2
9 95.845 83.32 3 3 1 0.54011 2
9 76.145 86.468 1 1 1 0.81153 2
9 112.1 90.087 4 3 0 0.62058 2
9 140.93 83.272 4 3 0 0.65284 2
9 73.671 95.878 1 1 1 0.76456 2
9 96.262 137.63 2 2 1 0.92516 2
9 107.72 122.85 2 2 1 1.2119 2
9 98.473 67.976 3 3 1 0.81301 2
9 108.93 81.938 4 3 0 0.7156 2
9 70.798 95.527 1 1 1 0.7637 2
9 101.08 80.825 3 3 1 0.71699 2
9 64.004 91.564 1 1 1 0.65309 2
9 100.29 72.852 3 4 0 3.8841 2
9 114.03 71.214 3 3 1 1.2115 2
9 71.674 104.66 1 1 1 0.76375 2
9 143.61 95.96 4 4 1 0.62045 2
9 119.77 117.65 2 2 1 1.9489 2
9 122.11 98.63 4 4 1 4.1077 2
9 101.69 71.413 3 3 1 1.3062 2
9 106.52 71.449 3 3 1 0.87025 2
9 137.8 100.42 4 4 1 1.8049 2
9 88.909 58.429 3 3 1 0.79728 2
9 94.894 72.019 3 3 1 3.7568 2
