1 79.921 80.143 1 1 4 1 0 6.0457 6
1 74.406 94.873 3 1 3 1 0 4.836 6
1 108.59 150 2 2 1 1 0 4.5845 6
1 96.095 76.707 2 3 2 1 0 0.90466 6
1 95.503 80.539 4 3 1 1 0 4.2486 6
1 118.36 111.64 4 4 4 1 1 2.3125 6
1 58.433 101.94 2 1 4 1 0 4.7446 6
1 88.727 138.52 4 2 4 1 0 1.6247 6
1 111.42 105.79 2 4 2 1 0 4.5206 6
1 83.097 99.69 2 1 2 1 0 2.278 6
1 84.668 102.75 1 1 1 1 1 2.2647 6
1 125.42 88.357 2 4 3 1 0 2.2967 6
1 102.03 55.27 2 3 2 1 0 5.6727 6
1 70.057 97.824 1 1 2 1 0 1.1927 6
1 97.37 74.791 2 3 4 1 0 2.9527 6
1 75.224 88.377 1 1 4 1 0 2.4087 6
1 105.39 122.35 2 2 4 1 0 2.2002 6
1 56.719 111.46 4 1 4 1 0 1.4641 6
1 138.91 109.03 3 4 4 1 1 3.2724 6
1 129.64 91.975 2 4 4 1 1 1.1916 6
1 131.82 93.131 3 4 4 1 1 0.63264 6
1 97.803 130.48 2 2 3 1 0 4.0404 6
1 103.29 76.818 3 3 2 1 0 3.7207 6
1 92.034 75.207 2 3 1 1 0 3.0806 6
1 99.874 116.05 1 2 4 1 0 2.744 6
1 135.48 103.1 1 4 4 1 1 1.1926 6
1 88.46 132.35 1 2 3 1 0 4.4088 6
1 95.081 129.76 4 2 2 1 1 2.5686 6
1 94.439 74.619 3 3 2 1 0 1.5926 6
1 124.62 98.248 4 4 4 1 1 1.1125 6
1 114.29 103.67 1 4 4 1 1 0.66468 6
1 94.17 78.633 2 3 2 1 0 2.6005 6
1 68.92 110.38 1 1 1 1 1 1.3366 6
1 137.35 113.99 4 4 4 1 1 1.2726 6
1 124.8 92.44 1 4 4 1 1 1.6085 6
1 95.087 138.82 1 2 3 1 0 2.2966 6
1 143.47 104.91 3 4 4 1 1 1.6082 6
1 84.233 137.95 2 2 1 1 0 4.0886 6
1 99.777 123.8 2 2 2 1 1 5.4166 6
1 100.45 75.41 4 3 3 1 1 2.0085 6
1 108.16 121.17 2 2 4 1 0 13.432 6
1 96.639 63.931 3 3 1 1 0 2.5687 6
1 96.006 70.31 4 3 2 1 0 4.6806 6
1 65.483 111.99 4 1 3 1 0 2.8873 6
1 135.92 94.174 2 4 4 1 1 1.1286 6
1 79.388 101.95 4 1 2 1 0 4.2646 6
1 137.08 110.12 1 4 4 1 1 1.0961 6
1 79.896 81.103 3 3 3 1 1 6.4246 6
1 80.514 110.94 3 1 3 1 0 2.0953 6
1 123.59 90.996 1 3 1 1 0 3.3525 6
1 136.37 93.27 1 4 4 1 1 0.52064 6
1 150.2 102.4 4 4 4 1 1 0.64853 6
1 97.504 109.72 2 2 1 1 0 3.3846 6
1 130.11 92.592 2 4 4 1 1 0.95269 6
1 101.93 124.92 4 2 2 1 1 3.7688 6
1 100.66 138.95 1 2 2 1 1 1.2087 6
1 64.441 99.62 1 1 2 1 0 3.4036 6
1 67.055 109.5 4 1 1 1 1 0.76062 6
1 73.271 112.19 2 1 1 1 1 4.3606 6
1 100.19 132.46 2 2 2 1 1 6.6485 6
1 111.32 66.94 2 3 3 1 1 4.0725 6
1 96.222 119.36 1 2 2 1 1 8.6606 6
1 101.3 118.25 3 2 2 1 1 2.6646 6
1 138.1 78.635 2 4 4 1 1 1.1446 6
1 95.636 122.01 3 2 2 1 1 2.6165 6
1 100.23 73.765 2 3 3 1 1 2.4725 6
1 132.47 91.274 1 4 4 1 1 1.2405 6
1 49.067 104.17 3 1 2 1 0 5.3206 6
1 108.36 74.954 3 3 3 1 1 2.5525 6
1 77.043 103.02 4 1 1 1 1 11.944 6
1 138.16 109.2 2 4 4 1 1 1.0473 6
1 85.51 78.382 3 3 1 1 0 3.528 6
1 130.46 86.239 2 4 4 1 1 0.48387 6
1 78.156 106.16 3 1 2 1 0 2.1365 6
1 87.493 102.65 3 1 2 1 0 1.6086 6
1 109.19 138.07 2 2 2 1 1 2.6805 6
1 110.47 86.667 2 3 1 1 0 6.1045 6
1 78.076 96.265 4 1 3 1 0 2.2165 6
1 132.97 97.663 2 4 4 1 1 5.6725 6
1 105.35 62.113 4 3 1 1 0 4.7605 6
1 126.81 79.395 1 4 4 1 1 1.1446 6
1 105.29 110.19 2 2 2 1 1 1.5925 6
1 105.84 59.327 4 3 3 1 1 0.87253 6
1 103.04 133.76 1 2 2 1 1 1.8324 6
1 67.719 92.352 2 1 1 1 1 5.5286 6
1 82.728 60.788 1 3 3 1 1 1.3363 6
1 67.377 101.21 1 1 1 1 1 5.7685 6
1 91.842 58.59 1 3 3 1 1 1.7526 6
1 78.451 105.19 3 1 1 1 1 5.9926 6
1 71.147 98.665 3 1 1 1 1 2.5204 6
1 113.19 81.538 2 4 4 1 1 1.9767 6
1 114.2 77.146 1 3 4 1 0 1.2086 6
1 103.8 134.02 2 2 2 1 1 2.9525 6
1 81.331 81.853 2 1 3 1 0 4.4084 6
1 100.28 82.642 3 3 4 1 0 2.1365 6
1 111.85 115.57 4 2 4 1 0 0.60058 6
1 135.9 87.263 3 4 4 1 1 0.68052 6
1 100.26 126.58 1 2 2 1 1 1.7206 6
1 103.49 123.83 4 2 2 1 1 1.0965 6
1 107.66 76.983 3 3 1 1 0 2.6805 6
2 140.56 95.906 1 4 4 1 1 1.216 6
2 131.6 100.05 2 4 4 1 1 1.8806 6
2 137.4 90.895 1 4 4 1 1 1.8006 6
2 73.932 114.88 1 1 1 1 1 3.3846 6
2 77.572 109.99 4 1 1 1 1 1.9925 6
2 114.07 154.31 3 2 2 1 1 2.5305 6
2 97.194 128.59 4 2 1 1 0 3.9446 6
2 104.55 75.985 2 3 3 1 1 3.5445 6
2 92.056 65.207 3 3 3 1 1 9.2245 6
2 106.96 129.73 4 2 2 1 1 1.4324 6
2 85.657 87.331 3 1 1 1 1 2.2165 6
2 147.27 83.137 3 4 4 1 1 1.5926 6
2 104.56 56.695 3 3 3 1 1 3.6725 6
2 116.97 92.084 1 4 1 1 0 5.4486 6
2 78.088 134.84 3 2 2 1 1 1.0646 6
2 127.04 102.53 2 4 1 1 0 5.0006 6
2 123.77 91.191 2 4 4 1 1 1.1926 6
2 133.57 96.385 2 4 4 1 1 1.2085 6
2 82.976 154.25 2 2 2 1 1 0.84059 6
2 103.79 74.408 1 3 1 1 0 1.4966 6
2 126.49 92.918 1 4 1 1 0 1.4646 6
2 77.928 100.5 3 1 2 1 0 1.7366 6
2 96.851 93.522 4 1 2 1 0 0.80863 6
2 73.749 110.44 2 1 1 1 1 1.3845 6
2 86.087 61.63 4 3 3 1 1 1.2405 6
2 104.2 141.27 4 2 2 1 1 1.1607 6
2 126.18 107.62 2 4 4 1 1 1.6405 6
2 128.1 100.78 1 4 2 1 0 1.5286 6
2 81.98 108.69 4 1 1 1 1 1.3846 6
2 109.08 102.43 2 4 1 1 0 3.5286 6
2 87.314 64.028 4 3 1 1 0 0.64844 6
2 121.92 85.312 2 4 1 1 0 1.6887 6
2 76.242 107.64 2 1 3 1 0 2.7925 6
2 74.453 101.68 2 1 1 1 1 0.72854 6
2 69.448 106.47 1 1 1 1 1 0.69663 6
2 79.308 92.667 4 1 1 1 1 0.56857 6
2 101.16 128.38 1 2 2 1 1 1.4326 6
2 102.96 73.328 4 3 1 1 0 1.6086 6
2 70.846 89.233 1 1 1 1 1 0.64863 6
2 83.847 132.18 2 2 2 1 1 1.313 6
2 109.99 128.71 4 2 2 1 1 0.848 6
2 113.1 110.7 3 2 4 1 0 1.1442 6
2 134.45 99.393 3 4 4 1 1 1.1287 6
2 75.227 96.213 3 1 1 1 1 1.6242 6
2 125.36 108.83 3 4 1 1 0 3.1281 6
2 102.34 113.04 1 2 2 1 1 1.2379 6
2 62.399 88.289 4 1 1 1 1 5.0325 6
2 82.452 94.309 3 1 1 1 1 1.3687 6
2 89.249 78.622 4 3 3 1 1 1.0485 6
2 101.9 83.963 3 3 1 1 0 1.5286 6
2 90.76 118.01 3 2 2 1 1 1.0005 6
2 101.11 71.326 3 3 3 1 1 1.8645 6
2 86.84 95.028 2 3 1 1 0 0.66469 6
2 86.386 114.75 1 1 1 1 1 1.4485 6
2 80.038 101.41 2 1 1 1 1 0.76064 6
2 124.87 94.913 4 4 1 1 0 1.8325 6
2 106.46 68.872 4 3 3 1 1 3.1285 6
2 100.99 121.59 2 2 2 1 1 1.7526 6
2 84.364 77.564 1 3 1 1 0 1.1162 6
2 100.29 72.427 3 3 3 1 1 0.60058 6
2 96.491 75.548 2 3 3 1 1 0.55273 6
2 72.136 96.496 3 1 3 1 0 1.2887 6
2 105.24 69.674 3 3 3 1 1 1.0645 6
2 80.363 107.58 3 1 2 1 0 3.0809 6
2 79.195 108.9 3 1 1 1 1 0.85658 6
2 111.52 115.14 3 2 2 1 1 2.6167 6
2 88.576 154.71 3 2 2 1 1 0.71255 6
2 121.31 98.879 2 4 1 1 0 2.0374 6
2 98.245 120.49 3 2 2 1 1 2.2965 6
2 73.556 72.203 3 3 1 1 0 0.74443 6
2 105.56 113.27 2 2 1 1 0 2.1045 6
2 107.65 124.98 4 2 2 1 1 0.85087 6
2 64.365 104.84 2 1 1 1 1 2.8886 6
2 101.83 65.421 1 3 3 1 1 0.85648 6
2 71.102 89.31 1 1 1 1 1 1.3046 6
2 105.35 58.085 4 3 3 1 1 0.8725 6
2 102.16 55.752 4 3 3 1 1 0.60057 6
2 84.647 111.43 1 1 1 1 1 1.1446 6
2 88.839 138.9 3 2 2 1 1 1.0164 6
2 91.087 110.36 1 2 2 1 1 0.92059 6
2 135.16 91.08 2 4 4 1 1 3.1606 6
2 70.723 116.53 2 1 1 1 1 1.4966 6
2 112.41 118.76 4 4 4 1 1 2.1042 6
2 136.2 109.88 4 4 4 1 1 1.0963 6
2 120.24 105.37 4 4 4 1 1 1.9765 6
2 104.9 118.62 2 2 4 1 0 0.5685 6
2 61.124 86.306 1 1 1 1 1 1.0485 6
2 96.141 112.8 2 2 2 1 1 2.8085 6
2 111.79 125.11 2 2 4 1 0 2.7127 6
2 99.136 69.971 2 3 3 1 1 2.2004 6
2 135.82 105.16 1 4 4 1 1 1.4006 6
2 95.619 81.297 3 3 1 1 0 9.8485 6
2 136.8 115.45 3 4 4 1 1 0.96857 6
2 114.53 61.526 4 3 3 1 1 1.8965 6
2 127.81 85.974 4 4 1 1 0 1.4326 6
2 112.83 144.21 2 2 2 1 1 1.1126 6
2 98.409 50.535 4 3 1 1 0 2.0088 6
2 132.99 87.506 1 4 4 1 1 1.1848 6
2 109.85 73.783 4 3 3 1 1 2.0401 6
2 92.918 131.84 1 2 1 1 0 3.1606 6
3 110.07 62.644 2 3 1 1 0 1.856 6
3 117.22 127.39 2 2 2 1 1 0.87301 6
3 78.275 98.073 1 1 1 1 1 0.95244 6
3 100.31 142.8 4 2 2 1 1 0.98402 6
3 99.281 114.32 2 2 2 1 1 0.60055 6
3 113.03 96.023 1 4 1 1 0 1.1446 6
3 105.67 73.16 2 3 1 1 0 1.4326 6
3 134.54 105.28 2 4 2 1 0 0.88866 6
3 103.82 160.68 3 2 1 1 0 0.93651 6
3 136.68 89.393 4 4 4 1 1 3.24 6
3 87.361 68.211 3 3 1 1 0 1.3686 6
3 90.995 70.212 3 3 3 1 1 0.80862 6
3 94.284 48.611 3 3 3 1 1 1.0487 6
3 142.54 96.024 3 4 4 1 1 1.5606 6
3 112.99 56.667 3 3 3 1 1 1.7845 6
3 102.12 59.224 4 3 3 1 1 0.8943 6
3 91.876 91.165 2 1 1 1 1 2.8725 6
3 87.743 121.71 1 2 2 1 1 2.3765 6
3 63.9 101.59 4 1 1 1 1 1.1415 6
3 123.62 140.58 1 2 4 1 0 3.6885 6
3 59.669 94.748 4 1 1 1 1 1.3519 6
3 58.379 84.361 3 1 1 1 1 0.64842 6
3 145.51 105.09 4 4 4 1 1 1.4166 6
3 107.34 146.03 2 2 2 1 1 1.2084 6
3 133.32 99.716 4 4 4 1 1 1.1256 6
3 103.58 77.844 2 3 1 1 0 1.4646 6
3 90.727 115.04 4 2 2 1 1 1.3364 6
3 93.355 104.98 1 1 2 1 0 0.69646 6
3 78.534 135.86 2 2 2 1 1 0.68048 6
3 107.42 77.578 1 3 1 1 0 1.6726 6
3 62.847 102.1 3 1 1 1 1 0.74447 6
3 112.9 126.84 1 2 2 1 1 2.0246 6
3 112.26 78.24 3 3 1 1 0 0.77648 6
3 133.69 86.174 1 4 3 1 0 0.50445 6
3 79.951 141.1 2 2 2 1 1 1.2566 6
3 52.279 89.759 4 1 1 1 1 0.82448 6
3 92.592 132.06 2 2 2 1 1 0.67936 6
3 134.9 112.82 2 4 4 1 1 1.2566 6
3 127.38 98.414 2 4 1 1 0 3.7959 6
3 105.22 124.71 1 2 2 1 1 0.64849 6
3 116.75 95.248 2 4 1 1 0 0.76048 6
3 96.553 70.742 1 3 1 1 0 0.64856 6
3 79.587 92.389 1 1 3 1 0 0.44053 6
3 98.189 128.34 3 2 2 1 1 0.52056 6
3 88.911 106.9 3 1 1 1 1 0.50467 6
3 74.279 93.98 4 1 1 1 1 0.73897 6
3 109.89 115.34 2 2 2 1 1 0.6805 6
3 71.185 108.26 2 1 1 1 1 0.87265 6
3 90.263 82.881 3 3 1 1 0 0.69649 6
3 143.65 112.93 3 4 2 1 0 0.68049 6
3 91.41 93.881 3 3 1 1 0 1.1444 6
3 126.25 93.826 3 4 4 1 1 1.9124 6
3 94.934 58.117 4 3 3 1 1 0.50429 6
3 76.579 100.09 2 1 1 1 1 0.66459 6
3 104.31 130.62 3 2 2 1 1 1.3525 6
3 110.61 128.72 3 2 2 1 1 0.98449 6
3 77.33 102.76 2 1 1 1 1 1.9926 6
3 94.993 68.6 4 3 3 1 1 0.50443 6
3 105.91 134.84 2 2 2 1 1 1.0277 6
3 104.09 67.894 2 3 3 1 1 0.87276 6
3 67.26 96.275 4 1 1 1 1 1.0326 6
3 116.68 143.14 2 2 2 1 1 0.84027 6
3 106.94 67.181 3 3 1 1 0 0.87253 6
3 99.356 122.93 2 2 2 1 1 1.2565 6
3 136.7 85.785 2 4 3 1 0 1.4164 6
3 51.438 108.53 1 1 1 1 1 0.63267 6
3 117.36 99.67 3 4 2 1 0 0.60574 6
3 110.59 67.354 4 3 1 1 0 0.63254 6
3 98.221 65.457 4 3 3 1 1 0.98427 6
3 93.416 96.683 4 1 1 1 1 1.8965 6
3 122.11 103.28 2 4 2 1 0 0.68052 6
3 101.9 52.566 1 3 3 1 1 0.74377 6
3 125.5 91.716 3 4 4 1 1 3.3367 6
3 68.797 98.916 3 1 1 1 1 0.60027 6
3 149.08 86.517 1 4 4 1 1 1.3205 6
3 121.8 103.95 4 4 4 1 1 2.2165 6
3 80.323 104.7 2 1 1 1 1 1.4165 6
3 132.71 98.452 2 4 4 1 1 1.4166 6
3 85.758 122.92 3 2 2 1 1 2.9045 6
3 94.597 82.411 2 3 1 1 0 0.71254 6
3 119.21 107.17 4 4 2 1 0 0.63255 6
3 113.73 110.07 4 4 4 1 1 1.4644 6
3 110.72 120.02 2 2 4 1 0 1.8326 6
3 124.72 97.362 4 4 4 1 1 1.0806 6
3 64.23 102.61 2 1 1 1 1 0.71214 6
3 96.455 124.97 3 2 2 1 1 1.5287 6
3 90.796 75.564 1 3 1 1 0 0.82449 6
3 94.167 86.356 3 3 3 1 1 0.52041 6
3 85.173 84.335 1 1 3 1 0 0.47263 6
3 96.13 74.53 1 3 1 1 0 0.61664 6
3 58.328 73.353 3 1 3 1 0 1.2565 6
3 57.396 106.88 3 1 1 1 1 1.0166 6
3 97.429 121.92 3 2 2 1 1 1.8166 6
3 66.393 108.79 3 1 2 1 0 0.72847 6
3 129.27 80.77 4 4 4 1 1 1.3206 6
3 120.78 94.112 1 4 4 1 1 1.6565 6
3 127.58 95.363 4 4 4 1 1 1.2611 6
3 89.896 132.19 4 2 2 1 1 2.7606 6
3 68.081 97.29 2 1 1 1 1 1.9125 6
3 95.194 94.826 3 3 1 1 0 4.1524 6
4 102.92 122.09 2 2 2 0 1 8.8158 1
4 95.911 133.08 1 2 2 0 0 0.55182 1
4 74.269 85.795 3 1 1 0 0 0.92041 1
4 90.591 64.502 4 1 3 0 0 1.2565 1
4 75.915 124.97 3 1 4 0 0 3.8966 1
4 141.16 118.94 2 4 4 0 0 1.0805 1
4 93.272 118.26 1 2 4 0 0 5.4005 1
4 98.021 135.47 1 2 4 0 0 2.3125 1
4 121.82 81.2 1 4 4 0 0 0.42459 1
4 134.65 106.72 4 4 4 0 1 0.53665 1
4 103.74 91.348 3 4 3 0 1 1.5285 1
4 107.76 101.61 4 4 3 0 0 2.0566 1
4 75.862 108.55 3 1 1 0 0 0.74455 1
4 110.72 116.09 3 2 2 0 0 2.6325 1
4 77.029 88.631 4 1 3 0 0 3.3043 1
4 108.45 68.655 3 3 1 0 0 3.4006 1
4 88.697 141.36 4 2 1 0 0 1.7845 1
4 126.18 99.77 3 4 4 0 0 1.2405 1
4 79.913 104.87 4 1 2 0 0 1.8351 1
4 98.299 66.622 3 3 2 0 0 0.88825 1
4 75.961 119.52 1 1 2 0 0 0.40849 1
4 84.064 104.13 2 1 2 0 1 0.29659 1
4 101.77 60.413 4 3 1 0 0 1.0966 1
4 114.94 130.41 4 2 2 0 0 0.80861 1
4 136.55 103.78 4 4 4 0 1 0.8785 1
4 115.63 88.531 3 3 3 0 1 2.4337 1
4 73.33 105.79 1 1 1 0 1 1.8826 1
4 129.33 121.82 1 4 1 0 1 1.1606 1
4 81.367 54.044 3 3 3 0 1 0.72828 1
4 116.12 104.15 3 4 1 0 0 1.9761 1
4 116.02 54.02 4 3 3 0 0 0.77638 1
4 88.994 55.479 2 3 2 0 1 0.61655 1
4 99.04 118.42 1 2 1 0 1 7.8639 1
4 123.16 86.321 2 3 3 0 0 5.3204 1
4 143.86 102.71 3 4 2 0 0 1.4646 1
4 107.5 121.61 4 2 1 0 0 0.5135 1
4 100.68 135.61 2 2 2 0 1 3.0485 1
4 116.93 101.92 3 4 1 0 0 7.4454 1
4 120.12 97.778 4 4 3 0 0 1.9605 1
4 115.5 102.46 1 4 4 0 0 6.7446 1
4 126.72 117.5 3 4 4 0 0 0.60048 1
4 107.27 82.169 1 3 1 0 1 1.1285 1
4 129.21 95.301 4 4 2 0 0 2.3926 1
4 148.4 105.74 4 4 4 0 1 1.2245 1
4 65.666 89.518 4 1 1 0 0 8.0085 1
4 105.96 87.726 2 3 1 0 0 1.6726 1
4 95.06 146.43 1 2 1 0 1 1.4966 1
4 80.444 103.32 3 1 3 0 1 5.3365 1
4 89.671 66.716 4 3 3 0 0 1.3046 1
4 119.7 106.13 2 4 4 0 0 1.8326 1
4 109.25 147.88 1 2 1 0 1 3.6121 1
4 103.58 78.518 1 3 2 0 0 4.2965 1
4 69.777 107.51 1 1 2 0 0 3.033 1
4 93.391 63.324 4 3 3 0 0 2.0009 1
4 107.49 124.27 2 2 1 0 0 4.9685 1
4 116.84 79.516 2 3 2 0 1 3.7846 1
4 106.63 68.216 2 3 4 0 0 6.8885 1
4 107.49 144.64 4 2 1 0 0 1.9604 1
4 99.892 122.91 1 2 3 0 0 0.96784 1
4 132.66 101.59 2 4 4 0 0 4.5129 1
4 137.43 97.095 3 4 4 0 0 0.60067 1
4 104.3 71.17 2 3 2 0 1 2.6805 1
4 92.524 112.37 2 2 1 0 0 21.707 1
4 85.261 84.46 3 1 2 0 0 3.1601 1
4 129.66 100.8 4 4 4 0 1 1.1765 1
4 92.87 115.4 1 2 3 0 0 2.4546 1
4 114.54 65.252 1 3 2 0 0 2.8404 1
4 74.106 102.73 3 1 1 0 0 1.0005 1
4 69.509 113.49 2 1 3 0 0 0.79251 1
4 63.841 99.981 4 1 3 0 0 0.79215 1
4 72.976 91.851 2 1 3 0 0 0.58175 1
4 110.89 77.799 4 3 3 0 0 0.48858 1
4 63.269 104.28 2 1 3 0 0 0.54277 1
4 91.393 137.11 3 2 3 0 1 0.53636 1
4 110.47 121.21 1 2 3 0 0 1.3046 1
4 133.99 82.461 3 4 3 0 1 10.056 1
4 106.83 93.879 3 4 3 0 1 9.4166 1
4 104.68 56.501 3 3 2 0 0 3.1288 1
4 101.91 68.71 2 3 2 0 1 1.0165 1
4 65.58 106.67 3 1 1 0 0 1.0965 1
4 111.29 71.945 1 3 3 0 0 1.3685 1
4 107.58 141.28 3 2 2 0 0 0.71248 1
4 77.293 99.987 3 1 3 0 1 6.2004 1
4 108.83 89.459 1 3 4 0 0 1.8964 1
4 108.91 79.36 1 3 3 0 0 7.2563 1
4 81.135 85.89 3 1 3 0 1 1.2848 1
4 66.173 98.415 1 1 3 0 0 0.82454 1
4 118 110.77 1 4 4 0 0 2.308 1
4 108.88 128.95 1 2 1 0 1 1.4965 1
4 91.515 109.53 3 2 1 0 0 1.547 1
4 67.46 105.32 4 1 2 0 0 1.966 1
4 129.41 107.43 4 4 4 0 1 1.9448 1
4 95.772 76.385 1 3 2 0 0 9.6724 1
4 96.142 70.835 3 3 3 0 1 1.5605 1
4 87.404 103.16 1 1 3 0 0 5.7685 1
4 99.229 138.82 4 2 2 0 0 1.5287 1
4 94.721 105.78 4 2 3 0 0 1.3365 1
4 104.87 112.12 3 2 4 0 0 1.7881 1
4 140.28 107.07 1 4 4 0 0 1.4485 1
4 63.01 111.55 2 1 3 0 0 4.2964 1
5 97.225 74.907 2 3 1 0 0 1.4079 1
5 95.532 124.7 3 2 2 0 0 0.42463 1
5 76.309 94.566 1 1 3 0 0 1.5445 1
5 109.41 86.605 4 3 3 0 0 1.6912 1
5 75.862 81.326 1 1 3 0 0 1.1925 1
5 118.33 94.643 4 4 4 0 1 1.6406 1
5 101.47 116.34 1 2 3 0 0 13.768 1
5 92.722 150.37 1 2 1 0 1 2.5525 1
5 105.05 72.423 3 3 2 0 0 1.9765 1
5 119.67 98.963 1 4 3 0 0 2.2705 1
5 109 126.84 2 2 2 0 1 1.261 1
5 111.12 67.162 1 3 2 0 0 2.4246 1
5 100.45 55.048 1 3 2 0 0 1.5445 1
5 126.13 115.08 3 4 4 0 0 1.5285 1
5 136.66 105.03 2 4 4 0 0 1.7525 1
5 91.698 118.62 1 2 2 0 0 4.6325 1
5 79.833 109.31 1 1 3 0 0 1.0881 1
5 80.169 102.41 3 1 1 0 0 0.97063 1
5 78.163 109.64 4 1 2 0 0 5.6405 1
5 100.57 59.036 3 3 2 0 0 4.2178 1
5 95.969 62.936 1 3 3 0 0 2.4885 1
5 120.26 88.827 3 4 4 0 0 2.0631 1
5 55.679 110.52 3 1 3 0 1 3.7205 1
5 74.12 99.144 1 1 3 0 0 1.4805 1
5 131.21 109.65 4 4 1 0 0 3.3045 1
5 150.63 101.2 3 4 1 0 0 0.77655 1
5 63.436 97.967 2 1 4 0 0 1.7206 1
5 63.495 112.71 4 1 1 0 0 0.90447 1
5 71.745 107.37 3 1 3 0 1 1.1039 1
5 131.72 99.714 2 4 4 0 0 1.2884 1
5 77.056 105.17 2 1 3 0 0 3.4964 1
5 123.32 82.92 2 3 2 0 1 2.6504 1
5 106.2 62.128 2 3 2 0 1 1.0644 1
5 92.622 121.35 2 2 1 0 0 6.1684 1
5 80.033 125.03 1 2 1 0 1 0.90459 1
5 133.28 109.73 3 4 3 0 1 4.5529 1
5 96.667 66.656 3 3 2 0 0 3.3685 1
5 68.809 92.921 4 1 3 0 0 2.4885 1
5 138.93 102.89 4 4 3 0 0 3.8165 1
5 90.435 136.37 1 2 2 0 0 3.6886 1
5 142.53 91.584 1 4 4 0 0 6.4405 1
5 93.811 81.911 3 3 3 0 1 0.97375 1
5 98.029 119 3 2 3 0 1 0.85646 1
5 103.42 75.886 4 3 3 0 0 0.71257 1
5 122.05 99.856 4 4 3 0 0 1.6245 1
5 99.532 110.29 4 2 3 0 0 0.10449 1
5 110.27 135.74 3 2 3 0 1 0.13652 1
5 83.511 127.5 3 2 3 0 1 0.47252 1
5 89.375 80.253 4 3 2 0 0 3.2566 1
5 102.66 124.97 2 2 3 0 0 0.696 1
5 90.661 114.79 4 2 3 0 0 1.7845 1
5 104.46 125.87 2 2 3 0 0 1.1926 1
5 94.552 61.334 3 3 2 0 0 3.3845 1
5 101.42 66.018 4 3 2 0 0 2.2166 1
5 98.872 73.991 1 3 3 0 0 0.35339 1
5 81.66 102.4 4 1 3 0 0 0.47247 1
5 118.59 107.79 2 2 1 0 0 7.7782 1
5 53.26 97.652 4 1 1 0 0 3.276 1
5 64.178 95.854 1 1 3 0 0 6.9844 1
5 69.682 91.355 1 1 2 0 0 3.8806 1
5 117.04 134.52 4 2 4 0 1 2.2166 1
5 119.94 80.981 2 3 4 0 0 0.96848 1
5 42.798 98.786 3 1 3 0 1 1.7045 1
5 94.577 65.346 3 3 1 0 0 1.5597 1
5 103.06 66.627 2 3 3 0 0 2.4244 1
5 86.379 114.45 4 1 1 0 0 2.2646 1
5 95.711 96.621 4 1 3 0 0 0.64859 1
5 126.28 83.819 3 4 4 0 0 1.5606 1
5 116.24 104.32 3 4 1 0 0 1.4165 1
5 79.825 110.03 4 1 3 0 0 7.3043 1
5 135.28 131.47 4 4 4 0 1 1.5605 1
5 98.018 84.376 2 3 2 0 1 3.3365 1
5 84.914 90.149 2 3 2 0 1 1.4325 1
5 94.904 108.78 3 2 2 0 0 1.3843 1
5 125.38 93.662 4 4 3 0 0 2.1845 1
5 96.492 64.001 1 3 2 0 0 1.5925 1
5 60.554 97.491 3 1 3 0 1 2.4881 1
5 83.244 87.235 1 3 3 0 0 0.47241 1
5 110.42 97.203 4 4 4 0 1 1.0166 1
5 116.61 107.64 1 4 4 0 0 0.5684 1
5 132.52 79.367 2 4 4 0 0 0.63246 1
5 63.64 102.47 2 1 3 0 0 1.4599 1
5 144.12 106.39 4 4 4 0 1 2.0047 1
5 122.17 87.285 2 4 2 0 1 1.8644 1
5 65.574 101.79 4 1 3 0 0 1.7845 1
5 133.38 95.12 2 4 4 0 0 1.1285 1
5 68.59 111.24 4 1 1 0 0 4.2644 1
5 99.578 137.41 4 2 1 0 0 0.56844 1
5 90.777 75.458 4 3 3 0 0 1.1446 1
5 123.59 102.76 2 4 4 0 0 1.4485 1
5 103.92 117.37 1 2 2 0 0 2.0082 1
5 106.04 131.14 4 2 1 0 0 1.3525 1
5 107.88 133.45 4 2 2 0 0 0.92308 1
5 103.78 117.24 3 2 2 0 0 0.52048 1
5 60.351 114.31 4 1 3 0 0 0.1684 1
5 93.03 127.92 4 2 4 0 1 0.12941 1
5 103.35 81.916 4 3 2 0 0 1.1765 1
5 101.17 119.29 2 2 1 0 0 0.24849 1
5 146.64 104.11 2 4 3 0 0 0.040528 1
5 127.1 108.36 4 4 4 0 1 0.040632 1
6 111.72 105.18 2 4 2 0 1 0.91196 1
6 73.609 100.08 4 1 3 0 0 2.0243 1
6 61.808 120.11 4 1 1 0 0 0.50455 1
6 107.7 80.542 2 3 4 0 0 0.32863 1
6 115.87 77.242 4 3 2 0 0 0.21635 1
6 87.952 84.351 2 1 1 0 0 0.40377 1
6 124.48 113.37 1 4 3 0 0 0.18452 1
6 94.481 130.18 2 2 4 0 0 0.019807 1
6 76.165 80.21 2 1 2 0 1 0.072477 1
6 99.035 89.404 1 3 1 0 1 1.9765 1
6 90.919 50.4 2 3 2 0 1 3.8644 1
6 91.934 128.11 1 2 1 0 1 6.6645 1
6 94.558 127.32 1 2 1 0 1 0.85655 1
6 107.32 140.28 1 2 1 0 1 0.6326 1
6 120.28 123.72 3 2 4 0 0 2.6006 1
6 56.58 97.892 4 1 3 0 0 1.0535 1
6 105.67 113.86 2 2 1 0 0 0.91839 1
6 88.565 90.106 3 1 2 0 0 1.2454 1
6 71.973 116.23 4 1 3 0 0 0.60359 1
6 87.689 64.684 3 3 3 0 1 0.45646 1
6 85.629 129.72 3 2 1 0 0 0.77411 1
6 100.56 73.971 3 3 4 0 0 0.26455 1
6 71.365 100.47 1 1 1 0 1 2.6164 1
6 127.55 108.75 3 4 4 0 0 1.3788 1
6 103.65 80.325 1 3 2 0 0 0.77655 1
6 104.76 75.866 1 3 1 0 1 0.48472 1
6 65.225 109.44 1 1 3 0 0 0.80822 1
6 108.87 89.02 1 4 3 0 0 0.61169 1
6 138.79 110.53 1 4 4 0 0 2.6644 1
6 65.618 91.433 3 1 1 0 0 0.39248 1
6 61.901 110.73 1 1 1 0 1 0.53654 1
6 110.69 65.784 3 3 2 0 0 1.7844 1
6 100.73 116.58 2 2 3 0 0 1.2003 1
6 98.916 142.17 2 2 1 0 0 3.0805 1
6 69.83 103.95 4 1 1 0 0 0.61915 1
6 129.5 98.678 1 4 4 0 0 0.36039 1
6 89.205 134.14 1 2 2 0 0 0.3122 1
6 98.909 143.28 4 2 4 0 1 0.32841 1
6 119.86 94.212 1 4 4 0 0 6.5204 1
6 131.28 106.85 4 4 1 0 0 3.5175 1
6 104.43 118.43 3 2 4 0 0 1.5758 1
6 91.959 81.369 3 3 1 0 0 0.56852 1
6 86.987 137.73 2 2 1 0 0 1.0644 1
6 99.84 81.41 1 3 1 0 1 0.74757 1
6 106.33 61.389 2 3 1 0 0 0.76036 1
6 123.55 93.888 4 4 1 0 0 1.5926 1
6 97.639 74.144 3 3 4 0 0 2.8405 1
6 123.04 92.771 3 4 3 0 1 0.84037 1
6 54.54 100.59 3 1 3 0 1 0.8086 1
6 90.988 115.65 2 2 1 0 0 0.53658 1
6 93.668 67.523 1 3 3 0 0 0.44054 1
6 105.49 142.37 4 2 2 0 0 0.32108 1
6 102.05 85.178 1 3 3 0 0 1.9786 1
6 91.988 65.829 3 3 3 0 1 1.0804 1
6 101.76 128.04 1 2 1 0 1 3.2245 1
6 107.98 122.28 4 2 1 0 0 0.48851 1
6 139.88 103.12 4 4 4 0 1 0.32854 1
6 81.771 111.11 4 1 2 0 0 1.2401 1
6 104.74 95.854 2 4 3 0 0 0.024496 1
6 121.04 119.98 2 2 2 0 1 0.31216 1
6 122.27 97.825 4 4 2 0 0 0.91929 1
6 82.918 60.697 2 3 1 0 0 1.3722 1
6 77.858 103.26 4 1 1 0 0 1.8483 1
6 131.93 115.75 2 4 4 0 0 1.2246 1
6 81.446 97.614 4 1 3 0 0 0.92043 1
6 90.957 126.35 4 2 2 0 0 0.16846 1
6 133.95 86.606 4 4 1 0 0 0.29661 1
6 97.76 139.67 1 2 1 0 1 0.072573 1
6 116.47 89.716 3 4 3 0 1 2.2644 1
6 97.391 130.76 4 2 4 0 1 3.4801 1
6 72.087 111.01 2 1 1 0 0 7.7364 1
6 131.92 123.13 1 4 3 0 0 2.5695 1
6 133.66 106.89 2 4 3 0 0 2.4153 1
6 91.782 124.11 3 2 3 0 1 1.8485 1
6 64.79 77.371 1 1 3 0 0 2.5204 1
6 76.533 94.493 4 1 3 0 0 2.1044 1
6 93.953 116.25 2 2 1 0 0 2.2485 1
6 94.161 140.32 2 2 1 0 0 2.1364 1
6 107.49 67.776 2 3 4 0 0 1.4763 1
6 136.69 95.045 4 4 4 0 1 3.5446 1
6 103.41 73.775 3 3 2 0 0 1.7363 1
6 70.959 107.6 3 1 1 0 0 2.6325 1
6 65.882 90.463 3 1 3 0 1 1.6084 1
6 119.71 97.126 3 4 3 0 1 7.1708 1
6 133.64 103.47 3 4 4 0 0 3.5765 1
6 129.56 104.72 4 4 4 0 1 2.7605 1
6 99.288 68.199 3 3 2 0 0 3.0164 1
6 113.3 55.992 2 3 2 0 1 1.1483 1
6 98.642 67.085 1 3 3 0 0 2.2965 1
6 98.031 85.915 2 3 3 0 0 3.5764 1
6 86.198 132.76 2 2 1 0 0 5.7364 1
6 68.218 104.29 4 1 1 0 0 1.6085 1
6 80.01 106.7 3 1 1 0 0 1.0964 1
6 125.82 82.164 2 4 4 0 0 2.2965 1
6 71.068 87.646 4 1 3 0 0 1.8965 1
6 89.613 63.608 3 3 3 0 1 1.1278 1
6 132.46 93.55 3 4 4 0 0 2.2326 1
6 111.12 118.31 3 4 1 0 0 2.1205 1
6 106.68 75.35 2 3 2 0 1 1.2245 1
6 76.811 106.37 2 1 3 0 0 2.1683 1
7 109.59 66.144 3 3 2 1 0 1.248 6
7 105.5 79.112 1 3 3 1 1 0.024468 6
7 121.21 99.186 3 4 1 1 0 0.15255 6
7 95.353 130.86 4 2 3 1 0 0.20044 6
7 98.577 125.95 2 2 3 1 0 0.088443 6
7 75.797 136.11 2 2 3 1 0 0.16853 6
7 106.55 94.586 2 4 3 1 0 0.1686 6
7 82.204 101.04 3 1 3 1 0 0.040563 6
7 101.83 70.986 4 3 4 1 0 0.69313 6
7 100.19 133.48 2 2 2 1 1 3.8325 6
7 103.61 74.101 2 3 1 1 0 0.59983 6
7 67.057 102.81 1 1 4 1 0 0.12039 6
7 64.475 77.533 1 1 3 1 0 0.31237 6
7 127.27 101.29 3 4 3 1 0 0.93644 6
7 154.99 97.41 2 4 4 1 1 0.69653 6
7 105.35 81.111 1 3 1 1 0 2.0405 6
7 134.62 92.051 3 4 2 1 0 0.13642 6
7 64.793 86.673 4 1 3 1 0 1.2245 6
7 146.57 88.563 3 4 4 1 1 0.93647 6
7 75.413 94.694 3 1 1 1 1 1.976 6
7 65.272 109.84 4 1 1 1 1 0.48824 6
7 95.99 78.373 1 3 3 1 1 0.91801 6
7 136.19 96.662 2 4 4 1 1 0.90454 6
7 71.871 91 3 1 1 1 1 0.62392 6
7 69.965 86.568 4 1 1 1 1 0.66647 6
7 103.5 142.9 3 2 2 1 1 2.3444 6
7 91.337 66.395 1 3 1 1 0 0.6165 6
7 114.9 101.9 4 4 2 1 0 0.60052 6
7 69.085 87.081 2 1 1 1 1 0.48794 6
7 71.138 121.68 1 1 2 1 0 0.92037 6
7 97.692 64.121 4 3 3 1 1 0.82434 6
7 136.64 100.6 3 4 4 1 1 0.7926 6
7 92.969 69.134 2 3 1 1 0 0.64849 6
7 66.984 90.416 2 1 1 1 1 0.6428 6
7 114.68 141.24 2 2 2 1 1 0.58446 6
7 122.53 84.582 3 4 4 1 1 1.4965 6
7 140.38 105.71 1 4 4 1 1 0.93645 6
7 116.71 100.27 4 4 4 1 1 0.52059 6
7 107.71 136.73 4 2 2 1 1 0.76054 6
7 63.689 99.325 4 1 1 1 1 1.0875 6
7 107.91 64.381 3 3 3 1 1 0.80841 6
7 109.23 139.79 1 2 2 1 1 0.60445 6
7 118.45 107.25 1 4 4 1 1 1.5605 6
7 102.79 116.42 1 2 4 1 0 0.72837 6
7 104.89 113.38 4 2 4 1 0 0.63258 6
7 93.601 125.3 3 2 2 1 1 0.47251 6
7 91.971 124.15 2 2 1 1 0 0.58401 6
7 72.593 121.4 4 1 3 1 0 0.5972 6
7 98.179 69.092 2 3 3 1 1 0.68051 6
7 121.5 110.05 4 4 4 1 1 0.51453 6
7 101.7 60.196 1 3 3 1 1 1.1497 6
7 136.74 101.5 1 4 4 1 1 0.85657 6
7 67.513 120.72 4 1 1 1 1 1.6461 6
7 107.85 71.129 3 3 3 1 1 0.92006 6
7 62.668 107.74 1 1 1 1 1 0.61648 6
7 101.55 83.49 1 3 3 1 1 0.61636 6
7 77.653 103.19 2 1 1 1 1 2.5846 6
7 92.905 122.1 3 2 1 1 0 1.1125 6
7 124.48 113.5 2 4 2 1 0 0.61633 6
7 76.401 95.296 1 1 1 1 1 0.63243 6
7 105.47 122.04 3 2 4 1 0 1.1604 6
7 56.686 103.6 2 1 1 1 1 0.66449 6
7 104.76 57.815 2 3 3 1 1 0.98444 6
7 84.361 143.25 3 2 2 1 1 1.0487 6
7 115.33 116.76 4 2 3 1 0 0.88843 6
7 124.18 129.49 1 4 4 1 1 0.53654 6
7 58.261 103.39 1 1 1 1 1 0.60051 6
7 66.681 92.02 4 1 1 1 1 0.64844 6
7 136.03 94.356 2 4 4 1 1 0.90461 6
7 94.408 49.697 3 3 3 1 1 0.87187 6
7 99.222 84.464 3 3 1 1 0 1.2249 6
7 104.84 64.581 3 3 3 1 1 0.79675 6
7 100.69 64.568 4 3 3 1 1 0.84037 6
7 139.65 97.568 3 4 4 1 1 0.63244 6
7 123.18 102.5 1 4 4 1 1 1.2405 6
7 109.02 110.12 3 4 4 1 1 0.63229 6
7 60.98 93.568 1 1 1 1 1 1.0164 6
7 94.301 69.413 3 3 3 1 1 0.85652 6
7 137.08 98.541 2 4 4 1 1 0.98441 6
7 93.356 125.65 3 2 4 1 0 1.6082 6
7 80.613 64.8 3 3 3 1 1 1.0321 6
7 66.948 106.22 3 1 3 1 0 0.71032 6
7 103.03 121.99 4 2 4 1 0 2.1826 6
7 112.36 123.11 4 2 2 1 1 0.85645 6
7 65.786 99.051 1 1 1 1 1 0.75999 6
7 83.552 92.867 2 1 3 1 0 0.69649 6
7 103.57 102.01 4 2 4 1 0 0.64846 6
7 113.65 134.47 2 2 2 1 1 0.85648 6
7 97.348 129.19 3 2 1 1 0 1.1764 6
7 107.17 132.04 3 2 2 1 1 1.3391 6
7 121.1 94.577 4 4 4 1 1 0.96845 6
7 100.12 137.38 2 2 2 1 1 0.7284 6
7 149.85 85.663 2 4 4 1 1 0.68059 6
7 106.4 126.84 4 2 2 1 1 0.82439 6
7 106.8 73.142 3 3 1 1 0 1.1125 6
7 118.19 104.74 4 4 4 1 1 1.5765 6
7 96.499 80.838 1 3 1 1 0 0.96839 6
7 109.42 76.845 3 3 3 1 1 0.42391 6
7 117.5 78.019 3 3 4 1 0 1.4597 6
7 77.531 86.067 1 1 1 1 1 0.68041 6
8 113.92 134.08 1 2 2 1 1 1.008 6
8 123.6 102.77 2 4 4 1 1 0.64855 6
8 64.871 105.03 4 1 1 1 1 0.64836 6
8 128.97 121.71 2 4 4 1 1 1.0165 6
8 88.929 109.56 4 2 1 1 0 0.92973 6
8 101.38 73.017 2 3 3 1 1 0.61629 6
8 102.59 83.574 1 3 4 1 0 1.1765 6
8 93.937 62.462 2 3 3 1 1 1.2244 6
8 54.726 102.95 2 1 1 1 1 1.528 6
8 90.24 128.23 4 2 2 1 1 0.60049 6
8 88.072 90.552 1 3 1 1 0 0.83162 6
8 98.016 72.591 4 3 3 1 1 0.4724 6
8 82.785 71.596 2 3 3 1 1 0.40846 6
8 87.638 87.9 3 1 3 1 0 0.55253 6
8 106.79 73.195 3 3 4 1 0 0.45643 6
8 88.689 98.299 4 1 1 1 1 0.63456 6
8 92.588 154.28 3 2 2 1 1 1.2083 6
8 104.98 107.99 3 2 1 1 0 2.9205 6
8 87.703 99.619 3 1 1 1 1 1.1604 6
8 125.76 107.77 2 4 4 1 1 1.0806 6
8 83.69 97.759 3 1 1 1 1 0.79242 6
8 111.17 126.9 4 2 4 1 0 5.2565 6
8 88.952 121.92 3 2 1 1 0 0.82963 6
8 69.659 95.394 2 1 1 1 1 0.50444 6
8 95.479 69.394 2 3 3 1 1 0.66432 6
8 108.76 66.537 3 3 3 1 1 0.44028 6
8 94.46 89.864 2 3 1 1 0 0.88843 6
8 95.849 76.65 1 3 1 1 0 1.2084 6
8 92.946 88.156 1 3 1 1 0 0.92043 6
8 128.04 100.7 1 4 1 1 0 0.77638 6
8 74.093 102.45 2 1 1 1 1 0.60047 6
8 77.574 106.8 4 1 1 1 1 2.0885 6
8 108.88 124.8 1 2 4 1 0 0.64838 6
8 74.84 110.41 4 1 1 1 1 0.68067 6
8 136.27 109.16 4 4 4 1 1 0.52013 6
8 96.998 144.9 2 2 2 1 1 0.79235 6
8 93.178 65.476 3 3 3 1 1 1.0644 6
8 124.01 108.19 1 4 4 1 1 0.84047 6
8 102.56 50.881 3 3 3 1 1 1.3044 6
8 66.167 70.699 3 1 1 1 1 1.0325 6
8 87.327 119.11 1 2 2 1 1 1.6719 6
8 70.185 112.66 2 1 1 1 1 0.93642 6
8 99.869 69.579 2 3 3 1 1 1.0004 6
8 133.52 113.66 3 4 4 1 1 0.80849 6
8 103.29 70.961 3 3 3 1 1 1.3037 6
8 86.696 51.709 1 3 3 1 1 0.75153 6
8 127.71 107.19 2 4 4 1 1 0.72847 6
8 131.56 93.748 4 4 4 1 1 0.80858 6
8 104.93 74.325 1 3 1 1 0 1.5444 6
8 101.59 128.67 2 2 2 1 1 0.74437 6
8 85.896 100.23 3 1 1 1 1 1.4644 6
8 103.32 134.06 2 2 2 1 1 1.1598 6
8 107.74 151.82 3 2 2 1 1 0.64843 6
8 108.67 117.67 4 2 4 1 0 1.7684 6
8 93.065 64.704 1 3 3 1 1 0.71245 6
8 71 111.16 3 1 2 1 0 0.90452 6
8 132.98 98.246 2 4 4 1 1 0.56856 6
8 87.138 149.74 2 2 2 1 1 0.63251 6
8 124.25 90.883 3 4 4 1 1 0.72837 6
8 121.88 109.92 2 4 4 1 1 0.60037 6
8 111.85 106.14 4 4 4 1 1 2.2964 6
8 72.507 95.076 3 1 1 1 1 1.0504 6
8 75.503 120.2 2 1 2 1 0 2.3443 6
8 135.33 94.302 2 4 4 1 1 0.60024 6
8 120.98 109.66 1 4 4 1 1 0.63212 6
8 104.71 119.43 2 2 1 1 0 1.9602 6
8 117.85 104.56 4 4 4 1 1 0.69659 6
8 56.413 94.264 2 1 1 1 1 0.71242 6
8 113.39 91.561 1 4 4 1 1 0.66449 6
8 89.956 64.863 4 3 3 1 1 1.3186 6
8 66.881 103.13 4 1 1 1 1 0.69643 6
8 124.5 100.25 2 4 4 1 1 0.68046 6
8 53.133 82.592 3 1 1 1 1 0.66015 6
8 140.14 112.93 4 4 4 1 1 0.71245 6
8 113.2 100.19 1 4 4 1 1 0.5685 6
8 75.685 119.72 1 1 1 1 1 2.2002 6
8 63.81 110.56 3 1 1 1 1 0.79233 6
8 95.039 77.257 1 3 1 1 0 5.6725 6
8 101.51 136.75 4 2 2 1 1 0.61618 6
8 71.812 78.352 2 1 4 1 0 0.96845 6
8 140.82 100.94 4 4 4 1 1 1.1383 6
8 117.2 70.548 1 3 3 1 1 1.0963 6
8 131.37 96.305 1 4 4 1 1 0.66135 6
8 91.631 131.59 2 2 2 1 1 0.98445 6
8 97.858 128.19 1 2 2 1 1 0.69648 6
8 118.28 134.39 4 2 4 1 0 1.3843 6
8 39.473 74.96 1 1 1 1 1 0.63232 6
8 94.348 71.337 1 3 3 1 1 0.8244 6
8 98.277 121.06 4 2 1 1 0 2.0244 6
8 100.41 124.77 3 2 2 1 1 1.0484 6
8 57.944 87.101 3 1 1 1 1 0.64842 6
8 128.38 97.975 1 4 4 1 1 0.55252 6
8 102.26 91.893 1 3 3 1 1 0.77644 6
8 97.072 123.33 3 2 1 1 0 3.5285 6
8 103.37 147.21 3 2 2 1 1 0.64843 6
8 88.157 69.825 1 3 3 1 1 0.66436 6
8 67.698 96.766 4 1 1 1 1 0.68087 6
8 106.93 125.34 3 2 4 1 0 0.64842 6
8 102.15 115.69 2 4 1 1 0 0.77202 6
8 122.33 91.673 1 4 2 1 0 1.0483 6
9 104.77 137.2 2 2 4 1 0 1.5199 6
9 106.31 69.963 2 3 3 1 1 1.2883 6
9 94.916 127.7 3 2 2 1 1 2.3123 6
9 109.3 94.724 4 4 1 1 0 0.92015 6
9 108.73 146.08 1 2 4 1 0 0.52037 6
9 64.004 91.564 2 1 1 1 1 0.64826 6
9 139.57 102.71 2 4 4 1 1 0.63117 6
9 124.09 118.91 2 4 4 1 1 1.8005 6
9 63.482 91.567 2 1 1 1 1 1.0485 6
9 87.545 133.79 4 2 2 1 1 1.2565 6
9 122.11 98.63 3 4 4 1 1 2.8406 6
9 73.671 95.878 4 1 1 1 1 1.0965 6
9 101.55 85.011 1 3 1 1 0 4.6646 6
9 108.93 81.938 2 4 3 1 0 0.72836 6
9 90.49 90.771 2 1 1 1 1 0.42464 6
9 69.114 108.52 1 1 1 1 1 0.56709 6
9 137.8 100.42 2 4 4 1 1 0.64845 6
9 100.29 72.852 2 3 3 1 1 1.4804 6
9 72.589 103.31 3 1 1 1 1 1.2564 6
9 78.227 104.33 3 1 1 1 1 1.3683 6
9 124.5 78.177 4 4 4 1 1 1.5444 6
9 64.865 97.452 4 1 1 1 1 0.72839 6
9 119.77 117.65 2 2 4 1 0 0.69532 6
9 80.145 103.81 4 1 3 1 0 1.3685 6
9 88.909 58.429 4 3 1 1 0 1.0965 6
9 116.82 91.335 4 3 4 1 0 1.0485 6
9 81.79 111.54 1 2 1 1 0 1.1922 6
9 115.03 82.638 1 3 4 1 0 0.61638 6
9 101.08 80.825 2 3 1 1 0 1.1604 6
9 97.064 60.284 2 3 3 1 1 0.76022 6
9 96.262 137.63 3 2 2 1 1 0.56858 6
9 114.03 71.214 1 3 3 1 1 0.64848 6
9 113.79 95.295 1 3 1 1 0 2.4853 6
9 82.093 84.705 2 1 1 1 1 0.61642 6
9 98.53 129.25 2 2 2 1 1 1.0165 6
9 90.921 64.416 3 3 3 1 1 1.5598 6
9 104.24 138.9 1 2 2 1 1 0.77636 6
9 70.559 113.66 2 1 1 1 1 0.71242 6
9 104.87 128.24 1 2 4 1 0 1.5124 6
9 112.1 90.087 1 4 1 1 0 1.0156 6
9 70.98 97.498 1 1 1 1 1 0.79133 6
9 77.996 133.37 3 2 2 1 1 1.768 6
9 79.562 79.509 2 3 1 1 0 1.2244 6
9 69.854 99.217 1 1 1 1 1 0.58441 6
9 80.524 83.775 3 3 3 1 1 3.08 6
9 95.906 128.14 2 2 1 1 0 1.7045 6
9 59.37 85.034 1 1 1 1 1 3.4965 6
9 90.34 116.9 3 1 1 1 1 1.8163 6
9 88.153 75.402 2 3 1 1 0 0.72842 6
9 89.463 121.33 4 2 3 1 0 0.79229 6
9 110.02 129.03 3 2 4 1 0 0.79912 6
9 85.609 129.03 1 2 1 1 0 0.67298 6
9 73.17 85.193 1 1 3 1 0 0.69662 6
9 116.98 121.04 4 4 4 1 1 0.58453 6
9 91.665 129.79 3 2 2 1 1 1.9281 6
9 74.121 97.48 4 1 1 1 1 0.76039 6
9 64.7 97.217 4 1 1 1 1 0.69579 6
9 101.69 71.413 2 3 3 1 1 0.70957 6
9 94.807 71.083 1 3 3 1 1 1.1124 6
9 64.013 119.66 4 1 1 1 1 1.2569 6
9 143.61 95.96 1 4 4 1 1 0.66435 6
9 131.21 122.03 4 4 4 1 1 0.53636 6
9 103.34 114.1 2 2 1 1 0 2.8883 6
9 74.074 99.646 2 1 1 1 1 0.87254 6
9 71.674 104.66 1 1 1 1 1 0.58452 6
9 98.49 82.627 3 3 1 1 0 0.50414 6
9 125.02 87.037 2 4 4 1 1 0.87228 6
9 129.02 91.02 2 4 4 1 1 0.53629 6
9 55.968 101.51 3 1 1 1 1 1.2302 6
9 107.25 127.76 1 2 2 1 1 1.7364 6
9 122.82 101.77 4 4 4 1 1 1.4479 6
9 127.71 94.534 3 4 4 1 1 0.60042 6
9 105.36 117.7 2 2 2 1 1 1.2725 6
9 95.845 83.32 2 3 1 1 0 1.4004 6
9 113.07 114.09 3 2 1 1 0 0.79237 6
9 132.73 92.579 4 4 3 1 0 0.63236 6
9 105.37 62.352 3 3 4 1 0 0.47243 6
9 106.52 71.449 4 3 1 1 0 0.4565 6
9 131.4 98.805 3 4 4 1 1 0.80839 6
9 81.981 122.2 4 2 1 1 0 0.66452 6
9 94.876 128.97 3 2 2 1 1 1.0635 6
9 98.473 67.976 1 3 3 1 1 0.76049 6
9 94.894 72.019 3 3 3 1 1 0.71251 6
9 107.72 122.85 4 2 4 1 0 1.0325 6
9 135.33 107.93 4 4 4 1 1 0.42451 6
9 140.93 83.272 1 4 4 1 1 0.5017 6
9 95.81 77.826 3 3 1 1 0 2.6165 6
9 129.28 110.85 1 4 4 1 1 0.55247 6
9 76.145 86.468 1 1 1 1 1 0.58649 6
9 137.02 95.216 1 4 4 1 1 12.888 6
9 68.49 100.38 2 1 1 1 1 1.2242 6
9 84.963 129.49 2 2 2 1 1 0.84039 6
9 110.45 128.43 1 2 3 1 0 0.58389 6
9 122.08 84.683 1 4 4 1 1 1.0163 6
9 125.05 99.471 3 4 4 1 1 1.1284 6
9 70.798 95.527 1 1 1 1 1 1.1435 6
9 103.9 52.984 2 3 3 1 1 0.72838 6
9 91.562 71.13 4 3 1 1 0 0.88843 6
9 130.3 108.11 3 4 4 1 1 0.53699 6
9 127.92 108.38 4 4 4 1 1 0.48849 6
