1 81.331 81.853 4 1 2 1 0 3.0399 8 0 0
1 111.42 105.79 2 4 3 1 0 1.4972 8 0 0
1 108.36 74.954 4 3 4 1 0 5.3692 8 0 0
1 96.006 70.31 4 3 1 1 0 3.5933 8 0 0
1 100.23 73.765 4 3 2 1 0 1.4493 8 0 0
1 105.39 122.35 3 2 2 1 1 1.6253 8 0 0
1 67.055 109.5 2 1 1 1 1 1.5773 8 0 0
1 74.406 94.873 3 1 4 1 0 2.0094 8 0 0
1 91.842 58.59 1 3 3 1 1 1.8012 8 0 0
1 132.97 97.663 1 4 4 1 1 2.0893 8 0 0
1 95.081 129.76 1 2 3 1 0 1.4813 8 0 0
1 99.874 116.05 1 2 2 1 1 1.5453 8 0 0
1 79.921 80.143 3 1 1 1 1 1.0654 8 0 0
1 100.28 82.642 2 3 1 1 0 1.8973 8 0 0
1 136.37 93.27 2 4 4 1 1 1.6733 8 0 0
1 137.08 110.12 3 4 3 1 0 0.98523 8 0 0
1 56.719 111.46 3 1 4 1 0 2.0574 8 0 0
1 103.29 76.818 3 3 2 1 0 2.7773 8 0 0
1 78.451 105.19 1 1 3 1 0 1.6413 8 0 0
1 96.095 76.707 1 3 1 1 0 1.1293 8 0 0
1 96.639 63.931 2 3 4 1 0 1.8813 8 0 0
1 103.49 123.83 3 2 3 1 0 1.0973 8 0 0
1 80.514 110.94 2 1 2 1 0 1.4174 8 0 0
1 101.3 118.25 3 2 1 1 0 0.88929 8 0 0
1 97.504 109.72 4 2 4 1 0 1.0013 8 0 0
1 103.04 133.76 3 2 4 1 0 4.1053 8 0 0
1 108.59 150 4 2 4 1 0 1.6732 8 0 0
1 138.16 109.2 4 4 3 1 0 2.6653 8 0 0
1 101.93 124.92 4 2 2 1 1 2.5053 8 0 0
1 100.26 126.58 2 2 2 1 1 0.74532 8 0 0
1 100.45 75.41 2 3 2 1 0 1.0974 8 0 0
1 125.42 88.357 2 4 3 1 0 1.9612 8 0 0
1 138.1 78.635 3 4 4 1 1 2.4254 8 0 0
1 100.66 138.95 1 2 3 1 0 2.5213 8 0 0
1 65.483 111.99 3 1 1 1 1 0.90534 8 0 0
1 88.46 132.35 3 2 2 1 1 0.90527 8 0 0
1 68.92 110.38 2 1 1 1 1 0.82532 8 0 0
1 143.47 104.91 2 4 4 1 1 1.1454 8 0 0
1 107.66 76.983 3 3 3 1 1 0.76131 8 0 0
1 84.233 137.95 2 2 2 1 1 0.74536 8 0 0
1 135.92 94.174 1 4 3 1 0 0.90524 8 0 0
1 118.36 111.64 1 4 3 1 0 1.1293 8 0 0
1 99.777 123.8 1 2 2 1 1 0.93734 8 0 0
1 105.35 62.113 3 3 2 1 0 0.95324 8 0 0
1 78.156 106.16 1 1 1 1 1 0.71334 8 0 0
1 70.057 97.824 2 1 1 1 1 0.77706 8 0 0
1 58.433 101.94 2 1 1 1 1 0.56924 8 0 0
1 85.51 78.382 1 3 2 1 0 0.80933 8 0 0
1 113.19 81.538 4 4 2 1 0 0.69737 8 0 0
1 132.47 91.274 1 4 4 1 1 0.98537 8 0 0
1 130.11 92.592 2 4 4 1 1 1.6733 8 0 0
1 71.147 98.665 3 1 1 1 1 0.77746 8 0 0
1 111.32 66.94 1 3 3 1 1 0.88925 8 0 0
1 88.727 138.52 3 2 2 1 1 0.90538 8 0 0
1 97.803 130.48 4 2 2 1 1 0.77727 8 0 0
1 94.17 78.633 4 3 2 1 0 0.93729 8 0 0
1 87.493 102.65 3 1 3 1 0 1.8813 8 0 0
1 111.85 115.57 3 2 3 1 0 0.84131 8 0 0
1 108.16 121.17 4 2 2 1 1 2.0893 8 0 0
1 49.067 104.17 4 1 1 1 1 0.64934 8 0 0
1 73.271 112.19 2 1 2 1 0 0.95335 8 0 0
1 79.388 101.95 4 1 1 1 1 1.4814 8 0 0
1 67.719 92.352 3 1 1 1 1 0.66525 8 0 0
1 79.896 81.103 3 3 1 1 0 1.7053 8 0 0
1 129.64 91.975 3 4 3 1 0 1.3853 8 0 0
1 100.19 132.46 3 2 3 1 0 1.6253 8 0 0
1 95.503 80.539 4 3 2 1 0 1.3213 8 0 0
1 84.668 102.75 1 1 1 1 1 1.2094 8 0 0
1 114.29 103.67 4 4 2 1 0 3.1773 8 0 0
1 77.043 103.02 3 1 1 1 1 0.77732 8 0 0
1 96.222 119.36 4 2 3 1 0 4.1372 8 0 0
1 135.48 103.1 3 4 4 1 1 0.87334 8 0 0
1 67.377 101.21 2 1 1 1 1 1.3212 8 0 0
1 97.37 74.791 4 3 2 1 0 2.3292 8 0 0
1 123.59 90.996 2 3 4 1 0 0.68133 8 0 0
1 64.441 99.62 2 1 1 1 1 0.76134 8 0 0
1 95.087 138.82 1 2 3 1 0 0.84132 8 0 0
1 102.03 55.27 4 3 2 1 0 0.82531 8 0 0
1 138.91 109.03 2 4 4 1 1 0.69737 8 0 0
1 78.076 96.265 4 1 1 1 1 0.52137 8 0 0
1 137.35 113.99 1 4 4 1 1 0.58532 8 0 0
1 131.82 93.131 3 4 4 1 1 0.63333 8 0 0
1 135.9 87.263 1 4 4 1 1 0.64931 8 0 0
1 126.81 79.395 1 4 4 1 1 0.8893 8 0 0
1 110.47 86.667 3 3 4 1 0 1.8493 8 0 0
1 105.84 59.327 4 3 3 1 1 0.60129 8 0 0
1 105.29 110.19 4 2 3 1 0 0.52136 8 0 0
1 124.62 98.248 3 4 3 1 0 0.80928 8 0 0
1 75.224 88.377 2 1 1 1 1 0.76138 8 0 0
1 114.2 77.146 2 3 2 1 0 0.96936 8 0 0
1 103.8 134.02 4 2 3 1 0 0.95332 8 0 0
1 94.439 74.619 1 3 2 1 0 0.96941 8 0 0
1 124.8 92.44 2 4 2 1 0 1.3373 8 0 0
1 92.034 75.207 4 3 1 1 0 1.4973 8 0 0
1 109.19 138.07 2 2 2 1 1 0.82529 8 0 0
1 83.097 99.69 3 1 1 1 1 1.0012 8 0 0
1 130.46 86.239 3 4 3 1 0 1.4972 8 0 0
1 150.2 102.4 3 4 4 1 1 0.58529 8 0 0
1 82.728 60.788 3 3 3 1 1 1.1613 8 0 0
1 95.636 122.01 4 2 3 1 0 1.0494 8 0 0
2 101.11 71.326 4 3 3 1 1 4.8318 8 0 0
2 62.399 88.289 3 1 1 1 1 0.6974 8 0 0
2 72.136 96.496 1 1 1 1 1 0.82536 8 0 0
2 86.087 61.63 4 3 1 1 0 1.1934 8 0 0
2 112.83 144.21 2 2 2 1 1 2.0252 8 0 0
2 107.65 124.98 3 2 2 1 1 1.7533 8 0 0
2 86.386 114.75 3 1 2 1 0 1.9292 8 0 0
2 88.839 138.9 4 2 1 1 0 0.77726 8 0 0
2 105.24 69.674 2 3 3 1 1 0.74527 8 0 0
2 80.363 107.58 3 1 2 1 0 1.8972 8 0 0
2 140.56 95.906 3 4 4 1 1 0.71315 8 0 0
2 83.847 132.18 1 2 2 1 1 2.5532 8 0 0
2 102.96 73.328 1 3 3 1 1 1.8493 8 0 0
2 75.227 96.213 4 1 1 1 1 0.87334 8 0 0
2 132.99 87.506 2 4 4 1 1 0.71323 8 0 0
2 85.657 87.331 2 1 2 1 0 1.3692 8 0 0
2 104.56 56.695 4 3 2 1 0 0.95315 8 0 0
2 64.365 104.84 2 1 1 1 1 0.50521 8 0 0
2 104.55 75.985 3 3 3 1 1 1.1773 8 0 0
2 92.918 131.84 1 2 2 1 1 0.92136 8 0 0
2 114.07 154.31 2 2 4 1 0 1.2733 8 0 0
2 99.136 69.971 4 3 3 1 1 0.98486 8 0 0
2 111.52 115.14 1 2 3 1 0 1.7053 8 0 0
2 98.245 120.49 2 2 2 1 1 1.0973 8 0 0
2 77.572 109.99 3 1 1 1 1 0.82533 8 0 0
2 82.452 94.309 3 1 1 1 1 0.79336 8 0 0
2 133.57 96.385 4 4 3 1 0 1.4172 8 0 0
2 61.124 86.306 3 1 1 1 1 0.6492 8 0 0
2 109.85 73.783 1 3 3 1 1 1.5288 8 0 0
2 105.35 58.085 3 3 2 1 0 1.8814 8 0 0
2 104.9 118.62 3 2 2 1 1 1.2733 8 0 0
2 121.92 85.312 4 4 3 1 0 0.84112 8 0 0
2 70.846 89.233 2 1 1 1 1 0.71332 8 0 0
2 101.83 65.421 3 3 2 1 0 2.2973 8 0 0
2 116.97 92.084 4 4 3 1 0 1.3213 8 0 0
2 101.16 128.38 2 2 2 1 1 3.2094 8 0 0
2 120.24 105.37 1 4 1 1 0 1.3693 8 0 0
2 106.46 68.872 4 3 3 1 1 1.1133 8 0 0
2 91.087 110.36 4 2 2 1 1 1.7694 8 0 0
2 88.576 154.71 1 2 2 1 1 1.2893 8 0 0
2 121.31 98.879 1 4 2 1 0 6.8572 8 0 0
2 147.27 83.137 1 4 4 1 1 1.6093 8 0 0
2 106.96 129.73 2 2 3 1 0 1.0493 8 0 0
2 128.1 100.78 4 4 4 1 1 0.6334 8 0 0
2 77.928 100.5 4 1 1 1 1 0.79329 8 0 0
2 84.364 77.564 2 3 1 1 0 0.84131 8 0 0
2 109.08 102.43 2 4 3 1 0 1.4333 8 0 0
2 123.77 91.191 4 4 4 1 1 7.7693 8 0 0
2 126.49 92.918 2 4 4 1 1 1.5934 8 0 0
2 104.2 141.27 3 2 3 1 0 0.98528 8 0 0
2 127.04 102.53 4 4 4 1 1 0.82534 8 0 0
2 136.2 109.88 3 4 4 1 1 0.64932 8 0 0
2 87.314 64.028 2 3 1 1 0 0.82533 8 0 0
2 109.99 128.71 1 2 2 1 1 0.77728 8 0 0
2 134.45 99.393 1 4 3 1 0 0.80928 8 0 0
2 89.249 78.622 4 3 1 1 0 0.85733 8 0 0
2 74.453 101.68 3 1 1 1 1 0.72922 8 0 0
2 105.56 113.27 2 2 2 1 1 3.0173 8 0 0
2 127.81 85.974 2 4 3 1 0 1.8973 8 0 0
2 126.18 107.62 2 4 4 1 1 1.8492 8 0 0
2 76.242 107.64 2 1 1 1 1 0.87336 8 0 0
2 136.8 115.45 4 4 4 1 1 1.1773 8 0 0
2 71.102 89.31 2 1 1 1 1 0.76131 8 0 0
2 73.932 114.88 3 1 1 1 1 0.72921 8 0 0
2 113.1 110.7 1 2 3 1 0 2.3613 8 0 0
2 90.76 118.01 3 2 2 1 1 0.79336 8 0 0
2 100.99 121.59 2 2 2 1 1 3.9931 8 0 0
2 78.088 134.84 2 2 1 1 0 0.76135 8 0 0
2 73.749 110.44 1 1 1 1 1 0.95327 8 0 0
2 101.9 83.963 4 3 2 1 0 1.2093 8 0 0
2 102.34 113.04 4 2 3 1 0 1.2092 8 0 0
2 125.36 108.83 2 4 4 1 1 0.69737 8 0 0
2 111.79 125.11 3 2 3 1 0 2.4252 8 0 0
2 103.79 74.408 4 3 2 1 0 1.0973 8 0 0
2 96.141 112.8 3 2 3 1 0 1.3213 8 0 0
2 79.195 108.9 2 1 1 1 1 0.80937 8 0 0
2 100.29 72.427 1 3 2 1 0 9.2091 8 0 0
2 86.84 95.028 3 3 1 1 0 0.74524 8 0 0
2 124.87 94.913 1 4 3 1 0 2.0892 8 0 0
2 98.409 50.535 3 3 2 1 0 1.4333 8 0 0
2 114.53 61.526 3 3 3 1 1 1.5452 8 0 0
2 102.16 55.752 4 3 3 1 1 1.6253 8 0 0
2 70.723 116.53 4 1 1 1 1 0.82533 8 0 0
2 92.056 65.207 3 3 2 1 0 1.8972 8 0 0
2 131.6 100.05 2 4 4 1 1 0.68133 8 0 0
2 96.491 75.548 2 3 3 1 1 1.8814 8 0 0
2 135.82 105.16 3 4 4 1 1 0.87319 8 0 0
2 95.619 81.297 2 3 3 1 1 0.92127 8 0 0
2 79.308 92.667 4 1 2 1 0 1.9933 8 0 0
2 96.851 93.522 3 1 3 1 0 1.5933 8 0 0
2 82.976 154.25 3 2 3 1 0 1.4492 8 0 0
2 137.4 90.895 3 4 4 1 1 1.9293 8 0 0
2 73.556 72.203 2 3 1 1 0 0.8093 8 0 0
2 69.448 106.47 1 1 1 1 1 0.66539 8 0 0
2 135.16 91.08 3 4 4 1 1 4.0094 8 0 0
2 84.647 111.43 2 1 1 1 1 2.0092 8 0 0
2 80.038 101.41 1 1 1 1 1 1.0494 8 0 0
2 97.194 128.59 1 2 2 1 1 3.3213 8 0 0
2 112.41 118.76 1 4 3 1 0 1.4173 8 0 0
2 81.98 108.69 2 1 2 1 0 1.2413 8 0 0
3 95.194 94.826 4 3 2 1 0 1.5518 8 0 0
3 112.26 78.24 3 3 3 1 1 1.0172 8 0 0
3 99.281 114.32 3 2 3 1 0 0.68128 8 0 0
3 85.173 84.335 3 1 2 1 0 5.8013 8 0 0
3 117.22 127.39 4 2 3 1 0 2.4093 8 0 0
3 98.221 65.457 4 3 3 1 1 1.1453 8 0 0
3 99.356 122.93 2 2 3 1 0 1.0174 8 0 0
3 67.26 96.275 4 1 1 1 1 0.71286 8 0 0
3 80.323 104.7 3 1 1 1 1 0.96922 8 0 0
3 110.72 120.02 3 2 2 1 1 1.4653 8 0 0
3 134.54 105.28 1 4 4 1 1 2.2013 8 0 0
3 93.416 96.683 1 1 2 1 0 1.4013 8 0 0
3 107.34 146.03 3 2 2 1 1 1.8171 8 0 0
3 90.727 115.04 3 2 1 1 0 2.0252 8 0 0
3 59.669 94.748 2 1 1 1 1 0.6173 8 0 0
3 78.534 135.86 4 2 1 1 0 0.55324 8 0 0
3 79.587 92.389 4 1 2 1 0 1.2733 8 0 0
3 68.797 98.916 3 1 2 1 0 0.37737 8 0 0
3 89.896 132.19 1 2 2 1 1 2.2813 8 0 0
3 145.51 105.09 3 4 4 1 1 0.79328 8 0 0
3 62.847 102.1 2 1 1 1 1 0.64926 8 0 0
3 63.9 101.59 4 1 1 1 1 0.69728 8 0 0
3 125.5 91.716 3 4 4 1 1 1.0973 8 0 0
3 110.59 67.354 1 3 3 1 1 1.2093 8 0 0
3 52.279 89.759 3 1 1 1 1 0.71328 8 0 0
3 112.9 126.84 4 2 3 1 0 1.6572 8 0 0
3 129.27 80.77 4 4 3 1 0 6.6972 8 0 0
3 136.68 89.393 3 4 4 1 1 0.50529 8 0 0
3 119.21 107.17 3 4 3 1 0 1.1453 8 0 0
3 104.09 67.894 2 3 3 1 1 1.3372 8 0 0
3 109.89 115.34 4 2 3 1 0 2.8572 8 0 0
3 79.951 141.1 3 2 1 1 0 1.0813 8 0 0
3 94.934 58.117 4 3 2 1 0 0.61733 8 0 0
3 100.31 142.8 1 2 2 1 1 1.0813 8 0 0
3 123.62 140.58 4 2 3 1 0 1.3373 8 0 0
3 96.455 124.97 2 2 2 1 1 1.2254 8 0 0
3 87.743 121.71 1 2 2 1 1 0.61735 8 0 0
3 101.9 52.566 2 3 2 1 0 2.8253 8 0 0
3 105.22 124.71 3 2 2 1 1 1.3692 8 0 0
3 127.58 95.363 4 4 3 1 0 0.50527 8 0 0
3 116.68 143.14 4 2 2 1 1 0.79331 8 0 0
3 136.7 85.785 3 4 4 1 1 0.48935 8 0 0
3 58.379 84.361 4 1 1 1 1 0.71324 8 0 0
3 104.31 130.62 4 2 2 1 1 1.0972 8 0 0
3 121.8 103.95 2 4 4 1 1 0.90529 8 0 0
3 92.592 132.06 3 2 3 1 0 0.76116 8 0 0
3 105.91 134.84 2 2 2 1 1 0.63334 8 0 0
3 64.23 102.61 2 1 1 1 1 0.5373 8 0 0
3 142.54 96.024 1 4 4 1 1 0.52136 8 0 0
3 113.03 96.023 4 4 2 1 0 0.69717 8 0 0
3 149.08 86.517 2 4 4 1 1 0.79324 8 0 0
3 68.081 97.29 3 1 1 1 1 0.52128 8 0 0
3 96.13 74.53 4 3 3 1 1 1.5132 8 0 0
3 127.38 98.414 3 4 4 1 1 0.95328 8 0 0
3 103.82 160.68 3 2 2 1 1 0.93724 8 0 0
3 94.167 86.356 2 3 3 1 1 1.6252 8 0 0
3 133.32 99.716 1 4 4 1 1 0.68125 8 0 0
3 107.42 77.578 2 3 3 1 1 1.4973 8 0 0
3 113.73 110.07 3 4 3 1 0 1.9453 8 0 0
3 94.597 82.411 2 3 3 1 1 1.0814 8 0 0
3 102.12 59.224 1 3 2 1 0 0.66537 8 0 0
3 77.33 102.76 4 1 2 1 0 1.3853 8 0 0
3 126.25 93.826 1 4 4 1 1 0.77729 8 0 0
3 90.263 82.881 3 3 3 1 1 0.68125 8 0 0
3 93.355 104.98 2 1 3 1 0 3.2413 8 0 0
3 116.75 95.248 2 4 4 1 1 0.79337 8 0 0
3 91.41 93.881 2 3 3 1 1 0.5372 8 0 0
3 71.185 108.26 4 1 1 1 1 0.50533 8 0 0
3 117.36 99.67 2 4 3 1 0 1.2572 8 0 0
3 110.07 62.644 1 3 4 1 0 1.6574 8 0 0
3 51.438 108.53 4 1 1 1 1 0.7452 8 0 0
3 98.189 128.34 4 2 2 1 1 1.2253 8 0 0
3 133.69 86.174 2 4 4 1 1 0.79341 8 0 0
3 74.279 93.98 1 1 1 1 1 1.2893 8 0 0
3 143.65 112.93 2 4 4 1 1 0.77722 8 0 0
3 76.579 100.09 4 1 3 1 0 4.9692 8 0 0
3 94.993 68.6 3 3 3 1 1 2.0573 8 0 0
3 110.61 128.72 4 2 2 1 1 0.96939 8 0 0
3 112.99 56.667 1 3 3 1 1 1.4493 8 0 0
3 132.71 98.452 4 4 4 1 1 1.7213 8 0 0
3 105.67 73.16 3 3 3 1 1 5.0492 8 0 0
3 85.758 122.92 1 2 1 1 0 1.3532 8 0 0
3 57.396 106.88 1 1 1 1 1 0.69734 8 0 0
3 94.284 48.611 4 3 3 1 1 1.7533 8 0 0
3 91.876 91.165 4 1 2 1 0 1.3373 8 0 0
3 66.393 108.79 2 1 2 1 0 1.7053 8 0 0
3 87.361 68.211 3 3 3 1 1 1.4492 8 0 0
3 78.275 98.073 1 1 3 1 0 1.4333 8 0 0
3 122.11 103.28 3 4 4 1 1 0.85735 8 0 0
3 103.58 77.844 4 3 3 1 1 1.7532 8 0 0
3 106.94 67.181 1 3 1 1 0 2.5533 8 0 0
3 58.328 73.353 4 1 1 1 1 0.71328 8 0 0
3 96.553 70.742 3 3 3 1 1 1.1613 8 0 0
3 134.9 112.82 4 4 4 1 1 0.93737 8 0 0
3 97.429 121.92 3 2 2 1 1 0.56926 8 0 0
3 90.796 75.564 1 3 3 1 1 2.8253 8 0 0
3 90.995 70.212 1 3 3 1 1 1.4653 8 0 0
3 120.78 94.112 1 4 4 1 1 1.0652 8 0 0
3 88.911 106.9 3 1 2 1 0 1.4813 8 0 0
3 124.72 97.362 2 4 4 1 1 1.0653 8 0 0
4 75.961 119.52 1 1 2 0 0 3.1197 6 75 0
4 101.91 68.71 2 3 3 0 0 1.005 6 75 0
4 141.16 118.94 4 4 4 1 1 0.74532 6 75 0
4 90.591 64.502 2 1 3 0 0 1.3372 6 75 0
4 105.96 87.726 1 3 3 0 0 1.1453 6 75 0
4 129.41 107.43 3 4 4 0 0 0.50533 6 75 0
4 148.4 105.74 3 4 4 1 1 0.74518 6 75 0
4 116.12 104.15 4 4 2 1 0 1.5292 6 75 0
4 92.87 115.4 2 2 2 0 1 1.6413 6 75 0
4 116.93 101.92 4 4 3 0 0 0.95318 6 75 0
4 108.91 79.36 4 3 3 0 0 0.74515 6 75 0
4 115.5 102.46 4 4 3 0 0 2.8413 6 75 0
4 91.515 109.53 3 2 2 0 0 0.92128 6 75 0
4 119.7 106.13 3 4 4 1 1 5.2411 6 75 0
4 88.994 55.479 1 3 3 0 0 1.5291 6 75 0
4 110.72 116.09 2 2 2 0 1 9.2731 6 75 0
4 96.142 70.835 3 3 3 0 1 1.5131 6 75 0
4 81.135 85.89 4 1 1 0 0 1.2893 6 75 0
4 69.777 107.51 4 1 1 0 0 2.0573 6 75 0
4 89.671 66.716 4 3 3 0 0 4.2012 6 75 0
4 100.68 135.61 2 2 2 0 1 3.8648 6 75 0
4 114.94 130.41 3 2 4 1 0 1.4333 6 75 0
4 110.89 77.799 2 3 3 0 0 1.4011 6 75 0
4 107.49 144.64 3 2 2 0 0 5.6412 6 75 0
4 65.666 89.518 4 1 1 1 1 0.69735 6 75 0
4 114.54 65.252 1 3 4 1 0 0.56922 6 75 0
4 92.524 112.37 3 2 2 0 0 1.6893 6 75 0
4 140.28 107.07 2 4 4 0 0 0.72922 6 75 0
4 63.269 104.28 1 1 1 0 1 0.74511 6 75 0
4 110.47 121.21 1 2 2 0 0 1.1613 6 75 0
4 107.58 141.28 3 2 2 0 0 0.66525 6 75 0
4 106.63 68.216 2 3 2 1 0 1.273 6 75 0
4 95.772 76.385 4 3 2 0 0 2.0411 6 75 0
4 107.27 82.169 2 3 3 1 1 1.3052 6 75 0
4 66.173 98.415 2 1 1 0 0 0.71329 6 75 0
4 103.58 78.518 3 3 3 0 1 0.93704 6 75 0
4 108.88 128.95 3 2 2 0 0 1.0653 6 75 0
4 126.18 99.77 1 4 3 0 0 1.5292 6 75 0
4 65.58 106.67 4 1 1 0 0 0.55311 6 75 0
4 116.84 79.516 4 3 4 0 1 1.7693 6 75 0
4 77.293 99.987 1 1 2 1 0 1.6091 6 75 0
4 133.99 82.461 3 4 4 1 1 0.39329 6 75 0
4 69.509 113.49 2 1 1 0 0 0.56929 6 75 0
4 115.63 88.531 3 3 4 0 0 0.36122 6 75 0
4 98.299 66.622 2 3 3 0 0 1.2252 6 75 0
4 74.269 85.795 3 1 2 0 0 2.5532 6 75 0
4 74.106 102.73 3 1 3 0 1 0.68105 6 75 0
4 75.862 108.55 4 1 3 0 0 1.1293 6 75 0
4 107.5 121.61 2 2 4 0 0 1.2572 6 75 0
4 95.06 146.43 3 2 2 0 0 0.71333 6 75 0
4 111.29 71.945 3 3 4 0 0 2.2972 6 75 0
4 72.976 91.851 1 1 1 0 1 1.0332 6 75 0
4 104.3 71.17 2 3 3 0 0 2.1052 6 75 0
4 88.697 141.36 3 2 2 0 0 1.1133 6 75 0
4 98.021 135.47 4 2 3 0 0 1.0332 6 75 0
4 104.87 112.12 3 2 3 0 1 1.3212 6 75 0
4 103.74 91.348 2 4 3 0 0 0.66491 6 75 0
4 63.841 99.981 3 1 1 1 1 0.8411 6 75 0
4 81.367 54.044 2 3 2 0 1 2.8413 6 75 0
4 107.76 101.61 2 4 3 0 0 0.90529 6 75 0
4 129.33 121.82 2 4 4 0 0 0.79329 6 75 0
4 63.01 111.55 1 1 1 1 1 0.95333 6 75 0
4 129.66 100.8 3 4 4 0 0 0.76117 6 75 0
4 116.02 54.02 2 3 3 1 1 1.4172 6 75 0
4 94.721 105.78 3 2 2 0 0 0.72925 6 75 0
4 143.86 102.71 3 4 4 0 0 0.74522 6 75 0
4 123.16 86.321 3 3 2 0 0 1.3052 6 75 0
4 120.12 97.778 1 4 3 1 0 1.2252 6 75 0
4 107.49 124.27 1 2 2 0 0 0.85729 6 75 0
4 77.029 88.631 4 1 1 0 0 1.3372 6 75 0
4 99.892 122.91 4 2 3 0 0 1.0172 6 75 0
4 129.21 95.301 4 4 4 0 1 0.72927 6 75 0
4 87.404 103.16 2 1 3 1 0 0.92125 6 75 0
4 137.43 97.095 3 4 4 0 0 0.56928 6 75 0
4 75.915 124.97 4 1 2 1 0 1.9131 6 75 0
4 108.83 89.459 3 3 3 0 1 0.68117 6 75 0
4 85.261 84.46 3 1 2 0 0 0.71329 6 75 0
4 121.82 81.2 1 4 4 0 0 0.7132 6 75 0
4 93.272 118.26 4 2 2 0 0 1.9291 6 75 0
4 99.229 138.82 2 2 3 0 0 0.63326 6 75 0
4 80.444 103.32 4 1 3 1 0 1.6252 6 75 0
4 106.83 93.879 4 4 3 1 0 1.2092 6 75 0
4 91.393 137.11 2 2 3 1 0 0.69716 6 75 0
4 126.72 117.5 4 4 1 0 0 1.1453 6 75 0
4 84.064 104.13 2 1 1 0 0 0.80927 6 75 0
4 102.92 122.09 2 2 2 1 1 0.79325 6 75 0
4 104.68 56.501 4 3 3 1 1 0.69729 6 75 0
4 67.46 105.32 3 1 1 0 0 0.64928 6 75 0
4 79.913 104.87 1 1 2 0 0 1.0492 6 75 0
4 73.33 105.79 1 1 2 0 0 0.50519 6 75 0
4 132.66 101.59 2 4 3 0 0 2.4246 6 75 0
4 99.04 118.42 3 2 2 0 0 1.0812 6 75 0
4 118 110.77 2 4 3 1 0 0.50522 6 75 0
4 95.911 133.08 1 2 3 1 0 0.48896 6 75 0
4 101.77 60.413 4 3 3 0 0 1.1292 6 75 0
4 108.45 68.655 1 3 3 0 0 0.71318 6 75 0
4 136.55 103.78 2 4 4 0 0 0.93718 6 75 0
4 109.25 147.88 4 2 2 0 0 1.0652 6 75 0
4 134.65 106.72 3 4 1 1 0 0.8732 6 75 0
4 93.391 63.324 3 3 1 0 0 1.1933 6 75 0
5 74.12 99.144 3 1 2 0 0 3.6959 6 75 0
5 68.809 92.921 2 1 1 1 1 1.5452 6 75 0
5 95.711 96.621 3 1 2 1 0 1.2732 6 75 0
5 120.26 88.827 1 4 4 0 0 1.8013 6 75 0
5 83.244 87.235 1 3 2 1 0 1.6412 6 75 0
5 101.17 119.29 2 2 3 0 0 1.7692 6 75 0
5 126.13 115.08 3 4 3 0 1 1.4652 6 75 0
5 98.872 73.991 3 3 2 1 0 2.9053 6 75 0
5 90.435 136.37 2 2 2 0 1 0.85725 6 75 0
5 150.63 101.2 3 4 4 0 0 0.71324 6 75 0
5 131.72 99.714 2 4 2 1 0 3.8652 6 75 0
5 55.679 110.52 1 1 1 1 1 0.80914 6 75 0
5 103.92 117.37 4 2 2 0 0 4.0411 6 75 0
5 68.59 111.24 1 1 2 0 0 1.4973 6 75 0
5 109.41 86.605 1 3 3 0 0 1.4011 6 75 0
5 146.64 104.11 1 4 3 1 0 2.6332 6 75 0
5 96.492 64.001 1 3 2 1 0 3.6092 6 75 0
5 79.833 109.31 4 1 2 0 0 0.74496 6 75 0
5 65.574 101.79 1 1 1 0 1 4.1532 6 75 0
5 60.554 97.491 1 1 1 0 1 0.93718 6 75 0
5 92.722 150.37 3 2 2 0 0 1.1613 6 75 0
5 101.42 66.018 2 3 3 0 0 1.4972 6 75 0
5 84.914 90.149 2 3 3 1 1 0.88934 6 75 0
5 106.2 62.128 3 3 2 0 0 0.69724 6 75 0
5 64.178 95.854 1 1 1 0 1 1.1931 6 75 0
5 104.46 125.87 1 2 4 1 0 0.92124 6 75 0
5 122.17 87.285 2 4 3 0 0 1.1612 6 75 0
5 119.67 98.963 2 4 2 0 1 0.52128 6 75 0
5 95.532 124.7 2 2 1 1 0 1.4653 6 75 0
5 144.12 106.39 3 4 4 0 0 1.3852 6 75 0
5 76.309 94.566 1 1 3 1 0 3.2251 6 75 0
5 98.029 119 3 2 2 1 1 0.85727 6 75 0
5 96.667 66.656 4 3 3 0 0 2.1212 6 75 0
5 69.682 91.355 2 1 2 0 1 0.79314 6 75 0
5 101.47 116.34 2 2 2 0 1 0.48859 6 75 0
5 94.552 61.334 2 3 2 0 1 2.3132 6 75 0
5 78.163 109.64 1 1 3 0 0 1.0172 6 75 0
5 100.45 55.048 3 3 3 0 1 0.71333 6 75 0
5 116.61 107.64 3 4 2 0 0 1.9292 6 75 0
5 89.375 80.253 3 3 3 0 1 1.1932 6 75 0
5 133.38 95.12 2 4 4 0 0 1.2252 6 75 0
5 122.05 99.856 3 4 1 0 0 0.96904 6 75 0
5 102.66 124.97 4 2 2 0 0 1.8332 6 75 0
5 98.018 84.376 2 3 2 0 1 1.2893 6 75 0
5 63.495 112.71 3 1 1 0 0 0.74522 6 75 0
5 109 126.84 3 2 3 0 1 1.4492 6 75 0
5 77.056 105.17 3 1 1 1 1 2.8413 6 75 0
5 92.622 121.35 1 2 2 0 0 10.761 6 75 0
5 103.35 81.916 3 3 3 0 1 3.9451 6 75 0
5 103.78 117.24 3 2 2 1 1 1.0976 6 75 0
5 123.32 82.92 2 3 3 0 0 1.9931 6 75 0
5 111.12 67.162 4 3 3 1 1 1.0332 6 75 0
5 118.59 107.79 3 2 2 0 0 1.1453 6 75 0
5 135.28 131.47 1 4 2 1 0 0.66563 6 75 0
5 119.94 80.981 3 3 2 0 0 0.87296 6 75 0
5 103.06 66.627 3 3 2 0 0 0.9533 6 75 0
5 131.21 109.65 3 4 3 0 1 1.4171 6 75 0
5 97.225 74.907 3 3 4 0 0 6.1051 6 75 0
5 94.577 65.346 2 3 2 1 0 0.8412 6 75 0
5 93.811 81.911 3 3 3 0 1 1.5132 6 75 0
5 116.24 104.32 4 4 1 0 0 2.1852 6 75 0
5 53.26 97.652 1 1 1 0 1 0.68116 6 75 0
5 71.745 107.37 2 1 2 0 1 0.88918 6 75 0
5 126.28 83.819 3 4 4 0 0 0.96912 6 75 0
5 94.904 108.78 4 2 3 1 0 1.5292 6 75 0
5 117.04 134.52 2 2 2 0 1 1.0972 6 75 0
5 123.59 102.76 2 4 2 0 1 2.5213 6 75 0
5 79.825 110.03 3 1 3 0 1 5.4011 6 75 0
5 99.532 110.29 2 2 2 0 1 1.1452 6 75 0
5 136.66 105.03 1 4 3 1 0 3.0652 6 75 0
5 42.798 98.786 2 1 1 0 0 0.88922 6 75 0
5 80.169 102.41 4 1 2 0 0 5.0492 6 75 0
5 103.42 75.886 4 3 2 0 0 1.8171 6 75 0
5 86.379 114.45 4 1 2 0 0 1.3852 6 75 0
5 81.66 102.4 3 1 2 0 0 8.8092 6 75 0
5 118.33 94.643 3 4 3 0 1 0.71313 6 75 0
5 127.1 108.36 4 4 1 0 0 1.6733 6 75 0
5 63.436 97.967 4 1 1 0 0 0.77716 6 75 0
5 99.578 137.41 3 2 2 0 0 1.2892 6 75 0
5 83.511 127.5 4 2 3 0 0 1.0331 6 75 0
5 142.53 91.584 4 4 4 0 1 1.0012 6 75 0
5 91.698 118.62 1 2 2 1 1 2.0412 6 75 0
5 75.862 81.326 1 1 2 1 0 6.8091 6 75 0
5 110.27 135.74 3 2 2 0 0 1.7532 6 75 0
5 93.03 127.92 1 2 3 0 0 3.4011 6 75 0
5 80.033 125.03 3 2 3 1 0 0.68127 6 75 0
5 110.42 97.203 4 4 2 0 0 3.3532 6 75 0
5 132.52 79.367 3 4 4 0 0 1.0011 6 75 0
5 90.777 75.458 1 3 1 1 0 0.63325 6 75 0
5 90.661 114.79 2 2 2 0 1 0.69721 6 75 0
5 60.351 114.31 1 1 2 0 0 1.0652 6 75 0
5 100.57 59.036 2 3 3 0 0 0.74512 6 75 0
5 107.88 133.45 4 2 4 0 1 1.0013 6 75 0
5 138.93 102.89 2 4 4 0 0 1.0652 6 75 0
5 95.969 62.936 3 3 2 0 0 0.71314 6 75 0
5 133.28 109.73 4 4 2 0 0 0.84129 6 75 0
5 105.05 72.423 4 3 3 0 0 2.2172 6 75 0
5 106.04 131.14 4 2 3 1 0 1.0652 6 75 0
5 125.38 93.662 2 4 3 0 0 0.82529 6 75 0
5 63.64 102.47 3 1 1 0 0 0.79326 6 75 0
6 87.952 84.351 1 1 1 0 1 6.7839 6 75 0
6 72.087 111.01 1 1 1 0 1 1.6252 6 75 0
6 99.035 89.404 1 3 2 1 0 1.0009 6 75 0
6 111.12 118.31 4 4 3 1 0 2.7612 6 75 0
6 106.68 75.35 2 3 2 0 1 2.3612 6 75 0
6 90.919 50.4 3 3 2 1 0 1.609 6 75 0
6 65.225 109.44 2 1 1 1 1 1.2728 6 75 0
6 73.609 100.08 4 1 1 1 1 1.4174 6 75 0
6 70.959 107.6 1 1 1 0 1 1.2732 6 75 0
6 81.771 111.11 2 1 1 1 1 1.2891 6 75 0
6 65.618 91.433 3 1 1 0 0 1.0331 6 75 0
6 65.882 90.463 4 1 2 0 0 1.3692 6 75 0
6 77.858 103.26 3 1 2 0 0 1.5132 6 75 0
6 91.959 81.369 2 3 3 1 1 0.79319 6 75 0
6 99.84 81.41 1 3 2 0 0 1.8173 6 75 0
6 89.613 63.608 1 3 3 0 0 0.64894 6 75 0
6 138.79 110.53 1 4 4 0 0 1.4811 6 75 0
6 98.642 67.085 1 3 4 0 0 12.185 6 75 0
6 131.93 115.75 4 4 4 1 1 2.0092 6 75 0
6 76.811 106.37 2 1 2 1 0 2.1372 6 75 0
6 131.28 106.85 3 4 4 1 1 2.7132 6 75 0
6 93.668 67.523 2 3 3 0 0 1.9452 6 75 0
6 119.71 97.126 1 4 3 1 0 1.3693 6 75 0
6 99.288 68.199 4 3 3 0 0 5.0812 6 75 0
6 107.49 67.776 1 3 2 1 0 2.9372 6 75 0
6 104.74 95.854 1 4 3 1 0 2.9852 6 75 0
6 132.46 93.55 2 4 2 0 1 3.9612 6 75 0
6 123.04 92.771 3 4 1 0 0 4.7611 6 75 0
6 105.49 142.37 2 2 2 0 1 2.1049 6 75 0
6 81.446 97.614 2 1 1 0 0 1.721 6 75 0
6 54.54 100.59 2 1 1 0 0 1.9772 6 75 0
6 108.87 89.02 1 4 1 0 1 4.6973 6 75 0
6 90.988 115.65 3 2 2 0 0 2.4253 6 75 0
6 98.031 85.915 2 3 3 1 1 1.9131 6 75 0
6 107.32 140.28 4 2 2 0 0 1.8973 6 75 0
6 125.82 82.164 1 4 3 0 0 1.8811 6 75 0
6 91.934 128.11 4 2 2 0 0 5.5127 6 75 0
6 115.87 77.242 1 3 2 1 0 4.3931 6 75 0
6 89.205 134.14 3 2 2 0 0 4.2972 6 75 0
6 71.973 116.23 3 1 1 1 1 1.7211 6 75 0
6 104.76 75.866 2 3 4 0 0 3.0652 6 75 0
6 64.79 77.371 1 1 1 0 1 1.7371 6 75 0
6 124.48 113.37 2 4 3 0 0 1.4172 6 75 0
6 129.56 104.72 3 4 4 0 0 3.5613 6 75 0
6 123.55 93.888 4 4 2 0 0 4.6171 6 75 0
6 107.7 80.542 1 3 2 0 0 2.4252 6 75 0
6 133.64 103.47 1 4 4 1 1 2.0091 6 75 0
6 105.67 113.86 4 2 3 0 0 1.8812 6 75 0
6 127.55 108.75 2 4 4 0 0 2.1852 6 75 0
6 68.218 104.29 2 1 1 0 0 1.1292 6 75 0
6 61.808 120.11 1 1 1 1 1 2.2012 6 75 0
6 94.161 140.32 2 2 2 1 1 2.0891 6 75 0
6 86.198 132.76 2 2 3 1 0 3.9771 6 75 0
6 111.72 105.18 4 4 2 0 0 4.8091 6 75 0
6 91.988 65.829 4 3 3 0 0 6.3931 6 75 0
6 56.58 97.892 4 1 1 0 0 1.1292 6 75 0
6 122.27 97.825 1 4 4 0 0 1.3212 6 75 0
6 121.04 119.98 1 2 3 0 0 3.2092 6 75 0
6 98.909 143.28 1 2 2 1 1 1.0013 6 75 0
6 94.558 127.32 3 2 1 0 0 2.6651 6 75 0
6 76.533 94.493 3 1 1 0 0 1.0332 6 75 0
6 76.165 80.21 3 1 3 0 1 1.1291 6 75 0
6 71.068 87.646 3 1 4 0 0 1.5771 6 75 0
6 97.639 74.144 1 3 1 1 0 2.6651 6 75 0
6 119.86 94.212 1 4 2 0 0 2.0571 6 75 0
6 107.98 122.28 2 2 2 0 1 0.88917 6 75 0
6 86.987 137.73 2 2 3 0 0 1.7371 6 75 0
6 97.76 139.67 4 2 2 0 0 1.0813 6 75 0
6 101.76 128.04 4 2 3 0 0 1.2092 6 75 0
6 100.73 116.58 2 2 3 1 0 1.1452 6 75 0
6 120.28 123.72 4 2 4 0 1 1.2412 6 75 0
6 113.3 55.992 4 3 2 0 0 1.1452 6 75 0
6 80.01 106.7 1 1 3 0 0 6.345 6 75 0
6 88.565 90.106 2 1 3 0 0 1.7052 6 75 0
6 139.88 103.12 3 4 4 0 0 0.77726 6 75 0
6 97.391 130.76 3 2 2 0 0 1.3691 6 75 0
6 94.481 130.18 3 2 2 0 0 2.9372 6 75 0
6 91.782 124.11 3 2 3 0 1 1.4172 6 75 0
6 136.69 95.045 4 4 4 0 1 1.2412 6 75 0
6 116.47 89.716 1 4 3 0 0 1.1452 6 75 0
6 71.365 100.47 1 1 1 0 1 1.2412 6 75 0
6 104.43 118.43 2 2 2 0 1 1.7693 6 75 0
6 82.918 60.697 4 3 3 0 0 0.79296 6 75 0
6 133.95 86.606 2 4 4 0 0 0.79323 6 75 0
6 106.33 61.389 4 3 3 1 1 1.1772 6 75 0
6 85.629 129.72 4 2 2 0 0 1.6572 6 75 0
6 103.41 73.775 4 3 3 0 0 1.0651 6 75 0
6 129.5 98.678 4 4 3 0 0 3.3532 6 75 0
6 87.689 64.684 4 3 3 0 0 1.6892 6 75 0
6 110.69 65.784 3 3 2 0 0 2.6652 6 75 0
6 93.953 116.25 4 2 4 0 1 1.3212 6 75 0
6 102.05 85.178 1 3 3 0 0 4.6652 6 75 0
6 131.92 123.13 3 4 2 0 0 0.95322 6 75 0
6 133.66 106.89 3 4 3 0 1 1.7211 6 75 0
6 90.957 126.35 3 2 3 1 0 1.0012 6 75 0
6 103.65 80.325 1 3 2 0 0 5.5291 6 75 0
6 98.916 142.17 2 2 2 0 1 2.0092 6 75 0
6 69.83 103.95 2 1 1 0 0 1.3851 6 75 0
6 100.56 73.971 4 3 3 0 0 22.697 6 75 0
6 61.901 110.73 4 1 1 0 0 1.5292 6 75 0
7 100.19 133.48 4 1 2 1 0 2.592 8 0 1
7 67.513 120.72 3 2 1 1 0 1.4492 8 0 1
7 95.353 130.86 2 1 2 1 0 1.4972 8 0 1
7 106.4 126.84 1 1 3 1 0 0.82514 8 0 1
7 124.48 113.5 2 3 4 1 0 0.44126 8 0 1
7 77.531 86.067 1 2 2 1 1 0.44123 8 0 1
7 101.55 83.49 4 4 3 1 0 0.66511 8 0 1
7 116.71 100.27 3 3 4 1 0 0.93732 8 0 1
7 117.5 78.019 2 4 4 1 1 1.467 8 0 1
7 98.179 69.092 2 4 4 1 1 1.0492 8 0 1
7 118.19 104.74 3 3 2 1 0 3.1771 8 0 1
7 66.681 92.02 3 2 1 1 0 0.66523 8 0 1
7 137.08 98.541 4 3 2 1 0 1.2252 8 0 1
7 104.84 64.581 2 4 2 1 0 0.96918 8 0 1
7 109.02 110.12 1 3 3 1 1 0.64913 8 0 1
7 77.653 103.19 2 2 3 1 0 0.7612 8 0 1
7 136.19 96.662 1 3 4 1 0 0.93723 8 0 1
7 114.68 141.24 3 1 1 1 1 0.48918 8 0 1
7 66.948 106.22 1 2 2 1 1 1.0014 8 0 1
7 103.03 121.99 2 1 3 1 0 1.2732 8 0 1
7 82.204 101.04 3 2 1 1 0 1.2252 8 0 1
7 105.5 79.112 2 4 3 1 0 7.8489 8 0 1
7 149.85 85.663 4 3 3 1 1 0.85713 8 0 1
7 103.57 102.01 4 1 2 1 0 4.0251 8 0 1
7 122.53 84.582 1 3 3 1 1 1.4491 8 0 1
7 98.577 125.95 3 1 2 1 0 1.8972 8 0 1
7 56.686 103.6 4 2 1 1 0 2.1371 8 0 1
7 63.689 99.325 4 2 4 1 0 3.8011 8 0 1
7 92.905 122.1 1 1 2 1 0 1.257 8 0 1
7 136.64 100.6 4 3 2 1 0 2.6172 8 0 1
7 64.793 86.673 4 2 1 1 0 0.82524 8 0 1
7 76.401 95.296 2 2 3 1 0 0.79324 8 0 1
7 102.79 116.42 2 1 2 1 0 0.63315 8 0 1
7 65.272 109.84 3 2 2 1 1 1.0331 8 0 1
7 106.8 73.142 1 4 4 1 1 0.77708 8 0 1
7 107.17 132.04 1 1 1 1 1 0.84118 8 0 1
7 109.23 139.79 3 1 2 1 0 0.88917 8 0 1
7 139.65 97.568 4 3 3 1 1 1.6413 8 0 1
7 84.361 143.25 3 1 1 1 1 0.8731 8 0 1
7 140.38 105.71 4 3 2 1 0 0.58523 8 0 1
7 114.9 101.9 4 3 2 1 0 0.56914 8 0 1
7 94.408 49.697 3 4 4 1 1 0.52124 8 0 1
7 104.89 113.38 2 1 2 1 0 0.64939 8 0 1
7 115.33 116.76 2 1 2 1 0 1.3212 8 0 1
7 154.99 97.41 3 3 3 1 1 2.0571 8 0 1
7 100.12 137.38 2 1 2 1 0 0.80926 8 0 1
7 66.984 90.416 2 2 3 1 0 1.3212 8 0 1
7 109.59 66.144 3 4 4 1 1 0.50529 8 0 1
7 62.668 107.74 4 2 1 1 0 9.5291 8 0 1
7 107.71 136.73 3 1 1 1 1 0.90512 8 0 1
7 104.76 57.815 4 4 4 1 1 1.5134 8 0 1
7 75.797 136.11 3 1 1 1 1 0.77722 8 0 1
7 71.138 121.68 1 2 3 1 0 0.98517 8 0 1
7 134.62 92.051 4 3 3 1 1 0.85726 8 0 1
7 97.692 64.121 1 4 4 1 1 1.0493 8 0 1
7 75.413 94.694 3 2 3 1 0 2.6811 8 0 1
7 107.91 64.381 2 4 4 1 1 0.76132 8 0 1
7 96.499 80.838 4 4 3 1 0 0.90514 8 0 1
7 101.7 60.196 4 4 4 1 1 0.80925 8 0 1
7 99.222 84.464 1 4 2 1 0 2.3451 8 0 1
7 118.45 107.25 1 3 2 1 0 1.0169 8 0 1
7 83.552 92.867 2 2 2 1 1 1.0493 8 0 1
7 105.47 122.04 3 1 1 1 1 0.48913 8 0 1
7 64.475 77.533 1 2 3 1 0 0.95325 8 0 1
7 80.613 64.8 3 4 4 1 1 1.0653 8 0 1
7 91.337 66.395 1 4 4 1 1 0.98529 8 0 1
7 112.36 123.11 4 1 2 1 0 1.1291 8 0 1
7 136.03 94.356 1 3 2 1 0 1.3052 8 0 1
7 103.5 142.9 1 1 1 1 1 0.76117 8 0 1
7 72.593 121.4 3 2 2 1 1 1.8333 8 0 1
7 121.21 99.186 2 3 3 1 1 3.3689 8 0 1
7 127.27 101.29 4 3 3 1 1 1.0012 8 0 1
7 109.42 76.845 3 4 4 1 1 0.4573 8 0 1
7 93.601 125.3 1 1 2 1 0 1.5773 8 0 1
7 93.356 125.65 3 1 1 1 1 0.50525 8 0 1
7 101.83 70.986 2 4 4 1 1 1.2412 8 0 1
7 94.301 69.413 2 4 4 1 1 1.4332 8 0 1
7 146.57 88.563 2 3 3 1 1 1.5132 8 0 1
7 136.74 101.5 1 3 3 1 1 1.0492 8 0 1
7 91.971 124.15 2 1 2 1 0 0.60124 8 0 1
7 60.98 93.568 4 2 3 1 0 1.1771 8 0 1
7 58.261 103.39 1 2 3 1 0 2.3131 8 0 1
7 113.65 134.47 2 1 1 1 1 1.1132 8 0 1
7 69.085 87.081 3 2 3 1 0 2.5851 8 0 1
7 100.69 64.568 1 4 3 1 0 0.87319 8 0 1
7 92.969 69.134 2 4 4 1 1 0.84134 8 0 1
7 69.965 86.568 1 2 3 1 0 0.84112 8 0 1
7 97.348 129.19 3 1 1 1 1 1.2893 8 0 1
7 95.99 78.373 4 4 2 1 0 1.7371 8 0 1
7 107.85 71.129 1 4 4 1 1 0.82517 8 0 1
7 103.61 74.101 3 4 4 1 1 0.87316 8 0 1
7 65.786 99.051 3 2 1 1 0 0.98518 8 0 1
7 121.1 94.577 2 3 3 1 1 3.8768 8 0 1
7 67.057 102.81 1 2 3 1 0 1.0813 8 0 1
7 71.871 91 4 2 2 1 1 0.64916 8 0 1
7 106.55 94.586 1 3 3 1 1 1.7851 8 0 1
7 105.35 81.111 2 4 2 1 0 1.1132 8 0 1
7 124.18 129.49 1 3 1 1 0 0.53721 8 0 1
7 121.5 110.05 4 3 2 1 0 1.0331 8 0 1
7 123.18 102.5 3 3 1 1 0 3.5931 8 0 1
8 127.71 107.19 1 3 3 1 1 1.3918 8 0 1
8 88.689 98.299 2 2 3 1 0 2.0092 8 0 1
8 136.27 109.16 2 3 3 1 1 1.2252 8 0 1
8 106.79 73.195 3 4 4 1 1 0.92133 8 0 1
8 94.348 71.337 1 4 4 1 1 1.1293 8 0 1
8 118.28 134.39 2 1 1 1 1 1.2275 8 0 1
8 92.946 88.156 1 4 2 1 0 1.641 8 0 1
8 97.072 123.33 4 1 2 1 0 1.7053 8 0 1
8 122.33 91.673 1 3 3 1 1 1.5291 8 0 1
8 132.98 98.246 4 3 3 1 1 2.6332 8 0 1
8 74.84 110.41 2 2 2 1 1 8.281 8 0 1
8 72.507 95.076 4 2 2 1 1 1.4171 8 0 1
8 77.574 106.8 3 2 1 1 0 1.9612 8 0 1
8 101.51 136.75 4 1 1 1 1 0.85713 8 0 1
8 103.32 134.06 4 1 1 1 1 0.82515 8 0 1
8 128.97 121.71 3 3 2 1 0 1.5611 8 0 1
8 125.76 107.77 4 3 1 1 0 0.68106 8 0 1
8 66.167 70.699 3 2 4 1 0 1.7851 8 0 1
8 103.29 70.961 2 4 3 1 0 1.3211 8 0 1
8 83.69 97.759 1 2 2 1 1 3.0332 8 0 1
8 140.82 100.94 1 3 2 1 0 5.8171 8 0 1
8 101.38 73.017 1 4 3 1 0 1.3532 8 0 1
8 87.327 119.11 2 1 2 1 0 2.2332 8 0 1
8 71.812 78.352 1 2 3 1 0 3.2732 8 0 1
8 71 111.16 3 2 2 1 1 1.3371 8 0 1
8 39.473 74.96 3 2 4 1 0 1.369 8 0 1
8 135.33 94.302 2 3 3 1 1 2.2651 8 0 1
8 102.15 115.69 1 3 1 1 0 1.8013 8 0 1
8 94.46 89.864 1 4 1 1 0 0.6811 8 0 1
8 107.74 151.82 3 1 1 1 1 0.72919 8 0 1
8 113.92 134.08 4 1 2 1 0 0.98528 8 0 1
8 108.76 66.537 3 4 4 1 1 2.2012 8 0 1
8 96.998 144.9 2 1 1 1 1 1.8651 8 0 1
8 102.59 83.574 4 4 3 1 0 3.689 8 0 1
8 85.896 100.23 4 2 3 1 0 2.6331 8 0 1
8 88.929 109.56 2 1 2 1 0 2.5852 8 0 1
8 75.503 120.2 1 2 3 1 0 0.72921 8 0 1
8 124.01 108.19 1 3 4 1 0 1.2892 8 0 1
8 99.869 69.579 2 4 3 1 0 1.0653 8 0 1
8 108.67 117.67 4 1 2 1 0 0.84124 8 0 1
8 91.631 131.59 3 1 4 1 0 2.3452 8 0 1
8 88.072 90.552 3 4 2 1 0 6.7611 8 0 1
8 66.881 103.13 3 2 3 1 0 2.0731 8 0 1
8 90.24 128.23 2 1 2 1 0 1.8173 8 0 1
8 54.726 102.95 2 2 2 1 1 1.5132 8 0 1
8 102.56 50.881 2 4 3 1 0 1.0012 8 0 1
8 93.937 62.462 1 4 4 1 1 0.52132 8 0 1
8 57.944 87.101 4 2 3 1 0 0.84122 8 0 1
8 95.479 69.394 2 4 4 1 1 0.68118 8 0 1
8 123.6 102.77 2 3 2 1 0 1.1293 8 0 1
8 124.25 90.883 3 3 1 1 0 1.7372 8 0 1
8 131.37 96.305 4 3 3 1 1 0.69715 8 0 1
8 131.56 93.748 1 3 4 1 0 1.2732 8 0 1
8 93.065 64.704 4 4 4 1 1 1.6572 8 0 1
8 93.178 65.476 3 4 4 1 1 1.0327 8 0 1
8 86.696 51.709 4 4 4 1 1 0.63319 8 0 1
8 111.85 106.14 3 3 2 1 0 1.6891 8 0 1
8 92.588 154.28 1 1 1 1 1 0.60123 8 0 1
8 104.93 74.325 2 4 3 1 0 6.921 8 0 1
8 87.703 99.619 2 2 3 1 0 2.0091 8 0 1
8 101.59 128.67 1 1 1 1 1 1.1292 8 0 1
8 67.698 96.766 3 2 1 1 0 1.337 8 0 1
8 56.413 94.264 4 2 2 1 1 0.98503 8 0 1
8 120.98 109.66 1 3 2 1 0 1.1771 8 0 1
8 89.956 64.863 4 4 3 1 0 0.68106 8 0 1
8 95.849 76.65 1 4 3 1 0 0.7451 8 0 1
8 140.14 112.93 2 3 2 1 0 2.7772 8 0 1
8 108.88 124.8 4 1 1 1 1 2.0411 8 0 1
8 95.039 77.257 1 4 2 1 0 1.0811 8 0 1
8 87.138 149.74 1 1 1 1 1 0.82515 8 0 1
8 75.685 119.72 1 2 1 1 0 1.3692 8 0 1
8 104.71 119.43 4 1 1 1 1 0.85678 8 0 1
8 113.39 91.561 3 3 3 1 1 0.96917 8 0 1
8 113.2 100.19 1 3 3 1 1 1.0972 8 0 1
8 98.277 121.06 4 1 2 1 0 1.6893 8 0 1
8 117.85 104.56 3 3 3 1 1 0.95317 8 0 1
8 128.38 97.975 3 3 2 1 0 1.6572 8 0 1
8 82.785 71.596 2 4 3 1 0 0.8092 8 0 1
8 87.638 87.9 4 2 3 1 0 1.449 8 0 1
8 69.659 95.394 2 2 3 1 0 9.961 8 0 1
8 117.2 70.548 4 4 4 1 1 0.76135 8 0 1
8 102.26 91.893 4 4 3 1 0 2.7451 8 0 1
8 70.185 112.66 3 2 2 1 1 1.6571 8 0 1
8 133.52 113.66 3 3 2 1 0 1.5132 8 0 1
8 100.41 124.77 2 1 1 1 1 0.98475 8 0 1
8 53.133 82.592 4 2 3 1 0 1.4651 8 0 1
8 124.5 100.25 3 3 3 1 1 3.0652 8 0 1
8 121.88 109.92 2 3 3 1 1 0.76117 8 0 1
8 97.858 128.19 1 1 3 1 0 0.69551 8 0 1
8 111.17 126.9 4 1 3 1 0 0.66513 8 0 1
8 88.952 121.92 1 1 2 1 0 3.8493 8 0 1
8 103.37 147.21 1 1 1 1 1 1.3052 8 0 1
8 88.157 69.825 1 4 2 1 0 1.5133 8 0 1
8 64.871 105.03 4 2 4 1 0 1.6092 8 0 1
8 74.093 102.45 1 2 3 1 0 1.7691 8 0 1
8 98.016 72.591 3 4 4 1 1 1.1933 8 0 1
8 63.81 110.56 3 2 3 1 0 8.3932 8 0 1
8 106.93 125.34 4 1 3 1 0 1.0652 8 0 1
8 104.98 107.99 2 1 4 1 0 5.8972 8 0 1
8 128.04 100.7 4 3 4 1 0 0.92123 8 0 1
9 70.98 97.498 4 2 3 1 0 1.7919 8 0 1
9 143.61 95.96 2 3 3 1 1 0.92117 8 0 1
9 124.09 118.91 2 3 3 1 1 0.82521 8 0 1
9 108.93 81.938 2 3 4 1 0 1.2733 8 0 1
9 71.674 104.66 3 2 3 1 0 0.90514 8 0 1
9 59.37 85.034 4 2 3 1 0 1.1133 8 0 1
9 68.49 100.38 1 2 2 1 1 1.4972 8 0 1
9 107.72 122.85 1 1 2 1 0 0.92129 8 0 1
9 76.145 86.468 2 2 3 1 0 1.1451 8 0 1
9 90.49 90.771 3 2 2 1 1 0.61722 8 0 1
9 63.482 91.567 4 2 3 1 0 2.4412 8 0 1
9 64.865 97.452 1 2 3 1 0 0.90511 8 0 1
9 69.114 108.52 1 2 2 1 1 1.9612 8 0 1
9 122.11 98.63 2 3 2 1 0 1.5291 8 0 1
9 113.79 95.295 1 4 2 1 0 1.0971 8 0 1
9 109.3 94.724 3 3 1 1 0 0.82513 8 0 1
9 90.34 116.9 2 2 3 1 0 1.9452 8 0 1
9 137.8 100.42 2 3 3 1 1 1.1293 8 0 1
9 72.589 103.31 3 2 2 1 1 1.4332 8 0 1
9 80.524 83.775 4 4 3 1 0 1.7691 8 0 1
9 114.03 71.214 1 4 3 1 0 4.6812 8 0 1
9 70.559 113.66 1 2 1 1 0 1.0173 8 0 1
9 94.916 127.7 1 1 1 1 1 0.77714 8 0 1
9 116.98 121.04 3 3 2 1 0 0.76124 8 0 1
9 97.064 60.284 3 4 2 1 0 1.1451 8 0 1
9 107.25 127.76 1 1 1 1 1 1.1772 8 0 1
9 122.08 84.683 3 3 2 1 0 1.9613 8 0 1
9 74.121 97.48 3 2 3 1 0 1.177 8 0 1
9 74.074 99.646 2 2 3 1 0 3.9132 8 0 1
9 81.981 122.2 1 1 2 1 0 1.2089 8 0 1
9 116.82 91.335 3 4 1 1 0 0.93706 8 0 1
9 94.807 71.083 1 4 4 1 1 2.6652 8 0 1
9 140.93 83.272 1 3 3 1 1 3.161 8 0 1
9 125.02 87.037 4 3 3 1 1 0.85723 8 0 1
9 77.996 133.37 3 1 2 1 0 1.1132 8 0 1
9 100.29 72.852 2 4 4 1 1 1.561 8 0 1
9 94.894 72.019 4 4 3 1 0 1.5612 8 0 1
9 127.92 108.38 4 3 3 1 1 0.87315 8 0 1
9 84.963 129.49 2 1 1 1 1 1.1292 8 0 1
9 101.69 71.413 4 4 4 1 1 0.9051 8 0 1
9 82.093 84.705 1 2 3 1 0 1.3051 8 0 1
9 89.463 121.33 4 1 1 1 1 0.8571 8 0 1
9 130.3 108.11 4 3 2 1 0 1.0492 8 0 1
9 55.968 101.51 2 2 3 1 0 1.4331 8 0 1
9 90.921 64.416 4 4 4 1 1 0.71327 8 0 1
9 96.262 137.63 3 1 1 1 1 1.0013 8 0 1
9 101.55 85.011 3 4 3 1 0 0.82483 8 0 1
9 98.473 67.976 2 4 4 1 1 0.61716 8 0 1
9 95.906 128.14 2 1 1 1 1 0.80917 8 0 1
9 73.671 95.878 3 2 2 1 1 1.0812 8 0 1
9 73.17 85.193 4 2 3 1 0 0.69723 8 0 1
9 104.24 138.9 1 1 1 1 1 0.79319 8 0 1
9 132.73 92.579 3 3 3 1 1 1.9291 8 0 1
9 94.876 128.97 3 1 2 1 0 0.95321 8 0 1
9 125.05 99.471 2 3 2 1 0 2.5691 8 0 1
9 139.57 102.71 2 3 3 1 1 0.84117 8 0 1
9 81.79 111.54 3 1 2 1 0 1.8811 8 0 1
9 115.03 82.638 1 4 4 1 1 1.1132 8 0 1
9 87.545 133.79 3 1 1 1 1 1.2093 8 0 1
9 103.34 114.1 1 1 1 1 1 0.82516 8 0 1
9 70.798 95.527 3 2 2 1 1 0.84121 8 0 1
9 112.1 90.087 1 3 3 1 1 0.72915 8 0 1
9 113.07 114.09 1 1 1 1 1 0.68113 8 0 1
9 91.562 71.13 4 4 3 1 0 2.6332 8 0 1
9 104.87 128.24 3 1 1 1 1 1.0332 8 0 1
9 124.5 78.177 3 3 3 1 1 0.85705 8 0 1
9 137.02 95.216 2 3 1 1 0 1.3373 8 0 1
9 106.31 69.963 3 4 3 1 0 0.80927 8 0 1
9 110.45 128.43 1 1 1 1 1 1.0173 8 0 1
9 127.71 94.534 1 3 2 1 0 0.8411 8 0 1
9 69.854 99.217 2 2 3 1 0 0.93717 8 0 1
9 80.145 103.81 2 2 3 1 0 0.85714 8 0 1
9 104.77 137.2 2 1 1 1 1 0.77725 8 0 1
9 98.53 129.25 2 1 2 1 0 1.4812 8 0 1
9 91.665 129.79 2 1 1 1 1 1.1133 8 0 1
9 129.02 91.02 4 3 3 1 1 0.39313 8 0 1
9 129.28 110.85 3 3 2 1 0 1.8652 8 0 1
9 98.49 82.627 3 4 3 1 0 0.95317 8 0 1
9 105.36 117.7 4 1 1 1 1 0.85725 8 0 1
9 103.9 52.984 2 4 4 1 1 1.0012 8 0 1
9 119.77 117.65 2 1 1 1 1 0.9852 8 0 1
9 64.7 97.217 4 2 2 1 1 1.9451 8 0 1
9 88.153 75.402 2 4 4 1 1 1.5771 8 0 1
9 101.08 80.825 4 4 3 1 0 0.88904 8 0 1
9 85.609 129.03 1 1 1 1 1 0.80917 8 0 1
9 122.82 101.77 1 3 1 1 0 2.1211 8 0 1
9 64.004 91.564 3 2 3 1 0 1.3531 8 0 1
9 131.4 98.805 4 3 3 1 1 1.7851 8 0 1
9 78.227 104.33 3 2 2 1 1 1.1611 8 0 1
9 131.21 122.03 3 3 1 1 0 1.9771 8 0 1
9 135.33 107.93 1 3 2 1 0 0.68123 8 0 1
9 88.909 58.429 4 4 4 1 1 1.1612 8 0 1
9 95.81 77.826 1 4 3 1 0 1.0971 8 0 1
9 79.562 79.509 4 4 2 1 0 0.72925 8 0 1
9 95.845 83.32 4 4 3 1 0 1.1612 8 0 1
9 110.02 129.03 2 1 1 1 1 0.66511 8 0 1
9 108.73 146.08 4 1 1 1 1 1.0012 8 0 1
9 64.013 119.66 4 2 2 1 1 1.1291 8 0 1
9 106.52 71.449 3 4 4 1 1 0.79317 8 0 1
9 105.37 62.352 1 4 4 1 1 1.1452 8 0 1
