1 99.1364 69.9712 3 2 0 0 1.1773 0 1 0 0.0000 0.0000
1 105.4727 122.0417 2 2 0 1 1.7137 1 1 0 0.0000 0.0000
1 113.1897 81.5377 4 3 0 0 0.9347 0 1 0 0.0000 0.0000
1 79.9131 104.8711 1 4 0 0 0.9495 0 1 0 0.0000 0.0000
1 103.0445 133.7577 2 3 0 0 1.0773 0 1 0 0.0000 0.0000
1 92.7225 150.3744 2 1 0 0 0.9682 0 1 0 0.0000 0.0000
1 120.2365 105.3651 4 1 0 0 1.1919 0 1 0 0.0000 0.0000
1 122.5304 84.5825 4 1 0 0 1.3757 0 1 0 0.0000 0.0000
1 77.9282 100.4959 1 1 0 1 1.2894 1 1 0 0.0000 0.0000
1 112.8350 144.2134 2 4 0 0 1.1702 0 1 0 0.0000 0.0000
1 131.9209 123.1288 4 4 0 1 2.0709 1 1 0 0.0000 0.0000
1 107.6564 76.9826 3 3 0 1 0.8677 1 1 0 0.0000 0.0000
1 91.5616 71.1302 3 3 0 1 1.1537 1 1 0 0.0000 0.0000
1 80.1447 103.8121 1 2 0 0 0.8233 0 1 0 0.0000 0.0000
1 141.1648 118.9442 4 4 0 1 0.9481 1 1 0 0.0000 0.0000
1 97.8026 130.4800 2 1 0 0 0.7879 0 1 0 0.0000 0.0000
1 108.9303 81.9381 4 3 0 0 0.7698 0 1 0 0.0000 0.0000
1 124.1812 129.4869 4 3 0 0 0.9245 0 1 0 0.0000 0.0000
1 97.0720 123.3270 2 2 0 1 0.3804 1 1 0 0.0000 0.0000
1 103.3680 147.2061 2 4 0 0 0.9582 0 1 0 0.0000 0.0000
1 108.3587 74.9542 3 1 0 0 1.9350 0 1 0 0.0000 0.0000
1 98.6420 67.0848 3 1 0 0 0.9998 0 1 0 0.0000 0.0000
1 115.4950 102.4642 4 1 0 0 0.7305 0 1 0 0.0000 0.0000
1 118.0005 110.7687 4 1 0 0 0.2784 0 1 0 0.0000 0.0000
1 98.0288 118.9963 2 1 0 0 0.2772 0 1 0 0.0000 0.0000
1 72.5890 103.3064 1 1 0 1 0.5490 1 1 0 0.0000 0.0000
1 57.9441 87.1006 1 1 0 1 0.6499 1 1 0 0.0000 0.0000
1 116.0171 54.0204 3 2 0 0 0.8987 0 1 0 0.0000 0.0000
1 101.9112 68.7101 3 4 0 0 0.7864 0 1 0 0.0000 0.0000
1 138.9077 109.0262 4 4 0 1 0.5753 1 1 0 0.0000 0.0000
1 71.3646 100.4742 1 1 0 1 0.7581 1 1 0 0.0000 0.0000
1 105.3690 62.3515 3 3 0 1 1.0249 1 1 0 0.0000 0.0000
1 95.1936 94.8259 3 3 0 1 0.8998 1 1 0 0.0000 0.0000
1 98.5767 125.9519 2 2 0 1 0.8835 1 1 0 0.0000 0.0000
1 85.7585 122.9180 2 1 0 0 0.8333 0 1 0 0.0000 0.0000
1 88.7273 138.5179 2 3 0 0 0.9601 0 1 0 0.0000 0.0000
1 87.7432 121.7098 2 2 0 1 0.6399 1 1 0 0.0000 0.0000
1 63.8414 99.9808 1 1 0 1 0.7917 1 1 0 0.0000 0.0000
1 95.7718 76.3855 3 4 0 0 3.0764 0 1 0 0.0000 0.0000
1 124.8673 94.9131 4 4 0 1 0.7311 1 1 0 0.0000 0.0000
1 123.1581 86.3214 3 2 0 0 1.0460 0 1 0 0.0000 0.0000
1 102.5619 50.8807 3 2 0 0 1.2238 0 1 0 0.0000 0.0000
1 101.1555 128.3788 2 2 0 1 0.8618 1 1 0 0.0000 0.0000
1 71.1468 98.6645 1 1 0 1 0.6664 1 1 0 0.0000 0.0000
1 54.5403 100.5869 1 1 0 1 0.6602 1 1 0 0.0000 0.0000
1 97.5037 109.7229 2 3 0 0 0.6851 0 1 0 0.0000 0.0000
1 94.4389 74.6188 3 2 0 0 0.8539 0 1 0 0.0000 0.0000
1 99.3557 122.9250 2 4 0 0 5.2034 0 1 0 0.0000 0.0000
1 98.4089 50.5345 3 4 0 0 1.0562 0 1 0 0.0000 0.0000
1 57.3956 106.8825 1 1 0 1 0.5320 1 1 0 0.0000 0.0000
1 78.0756 96.2654 1 1 0 1 1.2278 1 1 0 0.0000 0.0000
1 94.5523 61.3336 3 3 0 1 0.9146 1 1 0 0.0000 0.0000
1 72.0866 111.0079 1 1 0 1 0.9633 1 1 0 0.0000 0.0000
1 133.2758 109.7255 4 4 0 1 0.5322 1 1 0 0.0000 0.0000
1 123.7680 91.1913 4 2 0 0 0.6180 0 1 0 0.0000 0.0000
1 121.7999 103.9522 4 2 0 0 0.5459 0 1 0 0.0000 0.0000
1 125.4167 88.3572 4 4 0 1 0.6957 1 1 0 0.0000 0.0000
1 131.2149 122.0328 4 2 0 0 0.7214 0 1 0 0.0000 0.0000
1 61.8078 120.1106 1 1 0 1 0.6512 1 1 0 0.0000 0.0000
1 143.4742 104.9102 4 2 0 0 1.3791 0 1 0 0.0000 0.0000
1 83.0973 99.6898 1 1 0 1 0.8769 1 1 0 0.0000 0.0000
1 88.9087 58.4290 3 3 0 1 0.7487 1 1 0 0.0000 0.0000
1 84.2333 137.9453 2 2 0 1 0.9035 1 1 0 0.0000 0.0000
1 63.4358 97.9667 1 1 0 1 0.7413 1 1 0 0.0000 0.0000
1 75.5032 120.2016 1 1 0 1 1.0231 1 1 0 0.0000 0.0000
1 88.6888 98.2993 1 2 0 0 1.1849 0 1 0 0.0000 0.0000
1 98.4734 67.9758 3 3 0 1 0.8707 1 1 0 0.0000 0.0000
1 95.9106 133.0822 2 3 0 0 0.6125 0 1 0 0.0000 0.0000
1 131.5554 93.7477 4 4 0 1 0.6043 1 1 0 0.0000 0.0000
1 97.8579 128.1863 2 3 0 0 1.1860 0 1 0 0.0000 0.0000
1 111.1157 67.1623 3 4 0 0 0.9029 0 1 0 0.0000 0.0000
1 103.3426 114.0996 2 2 0 1 1.0777 1 1 0 0.0000 0.0000
1 103.3468 81.9164 3 3 0 1 0.7605 1 1 0 0.0000 0.0000
1 94.7207 105.7847 2 3 0 0 0.8033 0 1 0 0.0000 0.0000
1 71.0004 111.1560 1 1 0 1 0.6561 1 1 0 0.0000 0.0000
1 80.3229 104.6976 1 3 0 0 0.8249 0 1 0 0.0000 0.0000
1 111.7934 125.1150 2 4 0 0 1.0767 0 1 0 0.0000 0.0000
1 149.8503 85.6629 4 4 0 1 0.5375 1 1 0 0.0000 0.0000
1 116.1249 104.1484 4 4 0 1 0.7043 1 1 0 0.0000 0.0000
1 63.6886 99.3253 1 1 0 1 0.7322 1 1 0 0.0000 0.0000
1 131.2836 106.8547 4 4 0 1 0.7900 1 1 0 0.0000 0.0000
1 82.9756 154.2510 2 2 0 1 0.9308 1 1 0 0.0000 0.0000
1 111.3216 66.9400 3 3 0 1 0.8166 1 1 0 0.0000 0.0000
1 132.9668 97.6630 4 4 0 1 0.6364 1 1 0 0.0000 0.0000
1 77.0293 88.6312 1 1 0 1 0.9502 1 1 0 0.0000 0.0000
1 79.9215 80.1434 1 1 0 1 0.5340 1 1 0 0.0000 0.0000
1 109.8450 73.7830 3 3 0 1 0.8909 1 1 0 0.0000 0.0000
1 103.0627 66.6268 3 3 0 1 0.8087 1 1 0 0.0000 0.0000
1 103.0292 121.9929 2 2 0 1 0.9164 1 1 0 0.0000 0.0000
1 100.2814 82.6420 3 2 0 0 0.5943 0 1 0 0.0000 0.0000
1 90.6607 114.7931 2 2 0 1 0.8411 1 1 0 0.0000 0.0000
1 82.2037 101.0427 1 2 0 0 1.0779 0 1 0 0.0000 0.0000
1 116.7455 95.2483 4 4 0 1 0.5997 1 1 0 0.0000 0.0000
1 89.6707 66.7162 3 3 0 1 0.5886 1 1 0 0.0000 0.0000
1 56.6860 103.5982 1 1 0 1 0.6753 1 1 0 0.0000 0.0000
1 53.1331 82.5922 1 1 0 1 0.6202 1 1 0 0.0000 0.0000
1 104.4554 125.8732 2 2 0 1 0.9650 1 1 0 0.0000 0.0000
1 118.3561 111.6363 4 2 0 0 0.5968 0 1 0 0.0000 0.0000
1 133.3195 99.7161 4 4 0 1 0.8116 1 1 0 0.0000 0.0000
1 103.2879 70.9612 3 3 0 1 0.8865 1 1 0 0.0000 0.0000
2 126.2479 93.8255 4 4 0 1 1.2573 1 1 0 0.0000 0.0000
2 127.5829 95.3633 4 4 0 1 0.4297 1 1 0 0.0000 0.0000
2 86.6962 51.7089 3 3 0 1 0.8966 1 1 0 0.0000 0.0000
2 90.7955 75.5635 3 3 0 1 0.6704 1 1 0 0.0000 0.0000
2 144.1202 106.3873 4 4 0 1 1.2562 1 1 0 0.0000 0.0000
2 71.0679 87.6457 1 1 0 1 4.5099 1 1 0 0.0000 0.0000
2 68.7974 98.9162 1 1 0 1 1.0156 1 1 0 0.0000 0.0000
2 109.5893 66.1443 3 4 0 0 0.5394 0 1 0 0.0000 0.0000
2 107.3375 146.0332 2 3 0 0 1.1361 0 1 0 0.0000 0.0000
2 103.4156 75.8864 3 3 0 1 0.7240 1 1 0 0.0000 0.0000
2 119.9412 80.9812 3 2 0 0 0.7358 0 1 0 0.0000 0.0000
2 91.7822 124.1051 2 1 0 0 1.4645 0 1 0 0.0000 0.0000
2 96.1417 70.8354 3 3 0 1 1.3964 1 1 0 0.0000 0.0000
2 70.1847 112.6640 1 1 0 1 0.5932 1 1 0 0.0000 0.0000
2 125.7579 107.7674 4 4 0 1 0.8869 1 1 0 0.0000 0.0000
2 91.9341 128.1148 2 2 0 1 0.8058 1 1 0 0.0000 0.0000
2 129.4991 98.6783 4 4 0 1 0.6576 1 1 0 0.0000 0.0000
2 66.1666 70.6993 1 1 0 1 1.2284 1 1 0 0.0000 0.0000
2 78.5336 135.8575 2 2 0 1 1.1062 1 1 0 0.0000 0.0000
2 63.2691 104.2814 1 2 0 0 0.5170 0 1 0 0.0000 0.0000
2 84.0640 104.1338 1 2 0 0 0.8258 0 1 0 0.0000 0.0000
2 133.9500 86.6055 4 4 0 1 0.6466 1 1 0 0.0000 0.0000
2 100.9880 121.5908 2 2 0 1 1.0075 1 1 0 0.0000 0.0000
2 117.8498 104.5631 4 3 0 0 1.0252 0 1 0 0.0000 0.0000
2 96.0948 76.7071 3 3 0 1 1.2200 1 1 0 0.0000 0.0000
2 115.3325 116.7625 2 2 0 1 0.8738 1 1 0 0.0000 0.0000
2 104.7419 95.8541 4 2 0 0 0.6786 0 1 0 0.0000 0.0000
2 108.7611 66.5369 3 3 0 1 0.9265 1 1 0 0.0000 0.0000
2 127.9187 108.3813 4 4 0 1 1.8221 1 1 0 0.0000 0.0000
2 136.5479 103.7805 4 4 0 1 0.4220 1 1 0 0.0000 0.0000
2 65.2718 109.8442 1 1 0 1 0.5688 1 1 0 0.0000 0.0000
2 74.1058 102.7346 1 1 0 1 0.8306 1 1 0 0.0000 0.0000
2 88.9286 109.5578 2 2 0 1 1.4034 1 1 0 0.0000 0.0000
2 77.9959 133.3717 2 2 0 1 0.9182 1 1 0 0.0000 0.0000
2 63.8999 101.5863 1 1 0 1 0.7881 1 1 0 0.0000 0.0000
2 99.8924 122.9074 2 3 0 0 0.9428 0 1 0 0.0000 0.0000
2 98.1793 69.0923 3 3 0 1 0.6226 1 1 0 0.0000 0.0000
2 90.9210 64.4163 3 2 0 0 1.0454 0 1 0 0.0000 0.0000
2 64.6998 97.2169 1 1 0 1 0.6462 1 1 0 0.0000 0.0000
2 91.6975 118.6216 2 3 0 0 0.7351 0 1 0 0.0000 0.0000
2 96.6394 63.9314 3 3 0 1 0.7299 1 1 0 0.0000 0.0000
2 83.2440 87.2348 3 2 0 0 0.9647 0 1 0 0.0000 0.0000
2 70.9801 97.4984 1 1 0 1 3.0934 1 1 0 0.0000 0.0000
2 79.5622 79.5091 3 3 0 1 6.1719 1 1 0 0.0000 0.0000
2 114.6830 141.2372 2 4 0 0 1.2647 0 1 0 0.0000 0.0000
2 58.2609 103.3889 1 1 0 1 0.7774 1 1 0 0.0000 0.0000
2 95.9898 78.3730 3 3 0 1 0.8512 1 1 0 0.0000 0.0000
2 111.7206 105.1756 4 3 0 0 0.7700 0 1 0 0.0000 0.0000
2 89.9558 64.8627 3 3 0 1 1.1798 1 1 0 0.0000 0.0000
2 121.0435 119.9764 2 4 0 0 0.5936 0 1 0 0.0000 0.0000
2 91.9884 65.8295 3 3 0 1 0.6974 1 1 0 0.0000 0.0000
2 129.2816 110.8507 4 4 0 1 1.1552 1 1 0 0.0000 0.0000
2 129.3278 121.8224 4 4 0 1 0.6490 1 1 0 0.0000 0.0000
2 91.3928 137.1108 2 2 0 1 1.4578 1 1 0 0.0000 0.0000
2 63.8100 110.5574 1 1 0 1 1.0226 1 1 0 0.0000 0.0000
2 96.1414 112.7962 2 3 0 0 0.8634 0 1 0 0.0000 0.0000
2 68.2180 104.2906 1 1 0 1 0.6212 1 1 0 0.0000 0.0000
2 100.1946 133.4809 2 2 0 1 1.0931 1 1 0 0.0000 0.0000
2 106.5160 71.4494 3 3 0 1 0.8228 1 1 0 0.0000 0.0000
2 89.4633 121.3259 2 1 0 0 1.2036 0 1 0 0.0000 0.0000
2 69.6821 91.3549 1 1 0 1 0.7304 1 1 0 0.0000 0.0000
2 103.2945 76.8177 3 3 0 1 1.1732 1 1 0 0.0000 0.0000
2 138.9301 102.8864 4 4 0 1 0.4410 1 1 0 0.0000 0.0000
2 101.5544 85.0108 3 4 0 0 0.6519 0 1 0 0.0000 0.0000
2 107.8462 71.1292 3 3 0 1 0.8207 1 1 0 0.0000 0.0000
2 67.7185 92.3521 1 1 0 1 0.8475 1 1 0 0.0000 0.0000
2 99.2808 114.3206 2 3 0 0 0.8933 0 1 0 0.0000 0.0000
2 77.3297 102.7611 1 1 0 1 0.8101 1 1 0 0.0000 0.0000
2 64.4410 99.6203 1 1 0 1 0.6459 1 1 0 0.0000 0.0000
2 103.5026 142.9016 2 2 0 1 0.8147 1 1 0 0.0000 0.0000
2 76.1449 86.4680 1 3 0 0 0.8275 0 1 0 0.0000 0.0000
2 71.8123 78.3524 1 3 0 0 0.7914 0 1 0 0.0000 0.0000
2 104.8713 112.1152 2 2 0 1 0.7722 1 1 0 0.0000 0.0000
2 113.0291 96.0229 4 4 0 1 0.8309 1 1 0 0.0000 0.0000
2 124.7199 97.3623 4 4 0 1 0.6367 1 1 0 0.0000 0.0000
2 136.8027 115.4470 4 4 0 1 0.5646 1 1 0 0.0000 0.0000
2 90.3402 116.8999 1 3 0 0 1.9474 0 1 0 0.0000 0.0000
2 94.1668 86.3556 3 3 0 1 0.9811 1 1 0 0.0000 0.0000
2 104.0930 67.8945 3 3 0 1 1.3019 1 1 0 0.0000 0.0000
2 79.5867 92.3888 1 3 0 0 1.0858 0 1 0 0.0000 0.0000
2 116.9347 101.9188 4 4 0 1 1.2645 1 1 0 0.0000 0.0000
2 98.9164 142.1705 2 2 0 1 1.3683 1 1 0 0.0000 0.0000
2 69.0852 87.0812 1 3 0 0 1.3301 0 1 0 0.0000 0.0000
2 121.3137 98.8788 4 4 0 1 0.7318 1 1 0 0.0000 0.0000
2 135.3313 94.3023 4 4 0 1 2.0246 1 1 0 0.0000 0.0000
2 87.6885 64.6841 3 3 0 1 1.1093 1 1 0 0.0000 0.0000
2 87.4933 102.6541 1 2 0 0 0.9042 0 1 0 0.0000 0.0000
2 103.8216 160.6784 2 2 0 1 0.8389 1 1 0 0.0000 0.0000
2 125.0165 87.0374 4 3 0 0 1.1387 0 1 0 0.0000 0.0000
2 78.1565 106.1586 1 1 0 1 1.6245 1 1 0 0.0000 0.0000
2 101.7649 128.0355 2 2 0 1 0.7444 1 1 0 0.0000 0.0000
2 107.4919 124.2660 2 2 0 1 1.0111 1 1 0 0.0000 0.0000
2 124.2482 90.8835 4 3 0 0 0.8990 0 1 0 0.0000 0.0000
2 104.7563 75.8659 3 4 0 0 0.9457 0 1 0 0.0000 0.0000
2 136.6643 105.0332 4 4 0 1 0.4045 1 1 0 0.0000 0.0000
2 116.4688 89.7162 4 4 0 1 0.6623 1 1 0 0.0000 0.0000
2 93.2724 118.2552 2 3 0 0 0.6062 0 1 0 0.0000 0.0000
2 123.5941 102.7619 4 3 0 0 0.6440 0 1 0 0.0000 0.0000
2 89.8963 132.1882 2 2 0 1 0.7478 1 1 0 0.0000 0.0000
2 108.4486 68.6553 3 3 0 1 0.6297 1 1 0 0.0000 0.0000
3 80.0327 125.0308 2 3 0 0 0.9694 0 1 0 0.0000 0.0000
3 97.4285 121.9249 2 1 0 0 0.8722 0 1 0 0.0000 0.0000
3 91.5153 109.5289 2 3 0 0 0.9829 0 1 0 0.0000 0.0000
3 105.2428 69.6735 3 3 0 1 0.7117 1 1 0 0.0000 0.0000
3 73.1696 85.1931 1 2 0 0 5.1194 0 1 0 0.0000 0.0000
3 131.6035 100.0489 4 4 0 1 1.0171 1 1 0 0.0000 0.0000
3 64.4745 77.5333 1 3 0 0 0.9229 0 1 0 0.0000 0.0000
3 92.6224 121.3498 2 3 0 0 1.0817 0 1 0 0.0000 0.0000
3 132.7261 92.5790 4 4 0 1 1.0365 1 1 0 0.0000 0.0000
3 96.8514 93.5220 1 3 0 0 0.8943 0 1 0 0.0000 0.0000
3 63.4951 112.7103 1 1 0 1 0.7661 1 1 0 0.0000 0.0000
3 108.1576 121.1709 2 2 0 1 1.0509 1 1 0 0.0000 0.0000
3 95.3532 130.8562 2 2 0 1 0.7487 1 1 0 0.0000 0.0000
3 70.8464 89.2329 1 3 0 0 0.9515 0 1 0 0.0000 0.0000
3 93.1776 65.4764 3 3 0 1 0.7593 1 1 0 0.0000 0.0000
3 124.4760 113.3694 4 4 0 1 0.9301 1 1 0 0.0000 0.0000
3 77.2926 99.9871 1 2 0 0 4.8658 0 1 0 0.0000 0.0000
3 100.1930 132.4558 2 2 0 1 0.8684 1 1 0 0.0000 0.0000
3 81.7712 111.1103 1 3 0 0 1.5053 0 1 0 0.0000 0.0000
3 70.7976 95.5266 1 2 0 0 0.7031 0 1 0 0.0000 0.0000
3 88.4604 132.3513 2 2 0 1 0.8079 1 1 0 0.0000 0.0000
3 129.2654 80.7698 4 4 0 1 0.6427 1 1 0 0.0000 0.0000
3 131.9336 115.7457 4 4 0 1 0.6985 1 1 0 0.0000 0.0000
3 140.9303 83.2723 4 4 0 1 0.7563 1 1 0 0.0000 0.0000
3 104.8418 64.5808 3 3 0 1 1.1681 1 1 0 0.0000 0.0000
3 136.3717 93.2697 4 4 0 1 1.1258 1 1 0 0.0000 0.0000
3 90.7274 115.0446 2 3 0 0 2.9566 0 1 0 0.0000 0.0000
3 116.8181 91.3350 3 3 0 1 0.6883 1 1 0 0.0000 0.0000
3 61.1240 86.3064 1 1 0 1 1.2402 1 1 0 0.0000 0.0000
3 98.8722 73.9907 3 3 0 1 0.7510 1 1 0 0.0000 0.0000
3 131.2137 109.6500 4 4 0 1 0.6337 1 1 0 0.0000 0.0000
3 87.3606 68.2106 3 3 0 1 0.7866 1 1 0 0.0000 0.0000
3 105.3467 81.1106 3 4 0 0 0.9104 0 1 0 0.0000 0.0000
3 113.7865 95.2948 3 4 0 0 1.3412 0 1 0 0.0000 0.0000
3 110.8904 77.7991 3 3 0 1 0.8090 1 1 0 0.0000 0.0000
3 107.9136 64.3814 3 3 0 1 0.5978 1 1 0 0.0000 0.0000
3 119.6989 106.1292 4 4 0 1 0.6685 1 1 0 0.0000 0.0000
3 135.2789 131.4748 4 2 0 0 0.9504 0 1 0 0.0000 0.0000
3 88.9518 121.9229 2 2 0 1 0.6463 1 1 0 0.0000 0.0000
3 118.5892 107.7876 2 2 0 1 1.6120 1 1 0 0.0000 0.0000
3 111.4199 105.7905 4 4 0 1 2.4447 1 1 0 0.0000 0.0000
3 93.0651 64.7039 3 3 0 1 3.0424 1 1 0 0.0000 0.0000
3 100.1202 137.3844 2 2 0 1 1.1581 1 1 0 0.0000 0.0000
3 109.2525 147.8820 2 2 0 1 0.9090 1 1 0 0.0000 0.0000
3 138.7935 110.5281 4 4 0 1 1.8047 1 1 0 0.0000 0.0000
3 105.8389 59.3266 3 3 0 1 2.1614 1 1 0 0.0000 0.0000
3 97.3913 130.7559 2 2 0 1 0.6882 1 1 0 0.0000 0.0000
3 136.1853 96.6623 4 4 0 1 0.9360 1 1 0 0.0000 0.0000
3 85.1726 84.3353 1 3 0 0 0.9689 0 1 0 0.0000 0.0000
3 108.7283 146.0765 2 4 0 0 2.6795 0 1 0 0.0000 0.0000
3 81.6602 102.3989 1 3 0 0 2.6275 0 1 1 3.2884 1.0000
3 68.5902 111.2368 1 3 0 0 2.1400 0 1 1 3.5204 1.0000
3 82.9178 60.6965 3 3 0 1 1.6205 1 1 1 2.1218 1.0000
3 82.4519 94.3090 1 3 0 0 1.4200 0 1 1 1.3895 1.0000
3 101.8314 70.9860 3 3 0 1 1.3885 1 1 1 1.2451 1.0000
3 98.0313 85.9155 3 4 0 0 11.5278 0 1 1 1.6300 1.0000
3 66.9838 90.4158 1 1 0 1 1.9400 1 1 0 1.0757 0.8571
3 120.1177 97.7777 4 4 0 1 1.7707 1 1 1 0.9662 0.8750
3 77.6529 103.1860 1 2 0 0 1.9612 0 1 1 2.4887 0.8889
3 117.2038 70.5478 3 4 0 0 1.4786 0 1 1 3.0012 0.9000
3 90.4349 136.3736 2 4 0 0 3.2970 0 1 1 1.4446 0.9091
3 138.1587 109.2010 4 4 0 1 1.1726 1 1 1 1.1523 0.9167
3 118.3336 94.6428 4 4 0 1 1.1753 1 1 1 1.2689 0.9231
3 81.9811 122.2044 2 2 0 1 1.7619 1 1 1 1.5475 0.9286
3 69.8300 103.9540 1 3 0 0 6.2074 0 1 1 1.7388 0.9333
3 96.2220 119.3550 2 4 0 0 2.1387 0 1 1 1.0483 0.9375
3 98.5304 129.2492 2 4 0 0 1.7424 0 1 1 1.9459 0.9412
3 119.7145 97.1257 4 4 0 1 1.7669 1 1 1 1.2005 0.9444
3 104.5539 75.9852 3 3 0 1 3.3794 1 1 1 2.2389 0.9474
3 106.7931 73.1952 3 3 0 1 2.3469 1 1 1 2.7484 0.9500
3 134.8970 112.8241 4 4 0 1 1.2143 1 1 1 1.0030 0.9524
3 97.6917 64.1212 3 3 0 1 1.6079 1 1 1 1.7826 0.9545
3 71.9726 116.2312 1 2 0 0 1.7294 0 1 1 1.7060 0.9565
3 72.5069 95.0757 1 3 0 0 2.2241 0 1 1 0.9496 0.9583
3 122.0819 84.6832 4 4 0 1 3.0495 1 1 1 0.8702 0.9600
3 127.5453 108.7529 4 4 0 1 1.7841 1 1 1 0.9807 0.9615
3 85.6089 129.0267 2 2 0 1 1.7528 1 1 1 0.8504 0.9630
3 73.6712 95.8782 1 3 0 0 1.7804 0 1 1 2.1579 0.9643
3 126.1778 99.7698 4 4 0 1 1.3960 1 1 1 1.2505 0.9655
3 69.8536 99.2167 1 3 0 0 1.3175 0 1 1 1.3561 0.9667
3 89.2050 134.1374 2 4 0 0 1.8911 0 1 1 2.2176 0.9677
3 105.6702 73.1600 3 4 0 0 1.6945 0 1 1 3.2711 0.9688
3 65.8822 90.4625 1 3 0 0 4.9980 0 1 0 0.8045 0.9394
3 101.1719 119.2859 2 4 0 0 1.3095 0 1 1 1.6510 0.9412
3 79.3083 92.6669 1 3 0 0 2.7770 0 1 1 0.7182 0.9429
3 95.7107 96.6214 1 4 0 0 1.5977 0 1 1 0.8682 0.9444
3 101.7032 60.1956 3 3 0 1 2.0712 1 1 0 2.3287 0.9189
3 104.1968 141.2735 2 3 0 0 1.5678 0 1 1 2.3243 0.9211
3 74.0931 102.4500 1 1 0 1 2.7321 1 1 1 0.9758 0.9231
3 135.4754 103.0953 4 4 0 1 1.1408 1 1 1 0.8154 0.9250
3 117.3649 99.6703 4 4 0 1 1.4075 1 1 1 0.9000 0.9268
3 135.3254 107.9271 4 4 0 1 1.1421 1 1 1 0.7697 0.9286
3 100.4068 124.7725 2 2 0 1 1.7428 1 1 1 1.3852 0.9302
3 69.1136 108.5233 1 3 0 0 3.6253 0 1 1 1.1068 0.9318
3 94.9160 127.7004 2 4 0 0 2.1057 0 1 1 0.8783 0.9333
3 131.4001 98.8049 4 4 0 1 0.9114 1 1 1 0.7089 0.9348
3 103.7936 74.4077 3 3 0 1 1.6349 1 1 0 1.6256 0.9149
3 103.8987 52.9844 3 3 0 1 1.3337 1 1 1 0.9403 0.9167
3 95.0387 77.2566 3 3 0 1 1.2631 1 1 1 1.4199 0.9184
3 90.9948 70.2116 3 3 0 1 1.2588 1 1 1 1.4145 0.9200
4 77.5715 109.9897 1 2 2 0 1.7991 1 0 1 1.4666 0.9216
4 87.1385 149.7429 2 2 1 1 1.1008 0 0 1 1.9734 0.9231
4 102.5889 83.5736 3 3 4 1 1.0433 0 0 1 3.5288 0.9245
4 63.6398 102.4741 1 3 1 0 1.2248 0 0 1 1.3723 0.9259
4 96.6668 66.6565 3 3 2 1 1.0584 0 0 1 1.7469 0.9273
4 102.1490 115.6918 4 2 1 0 2.5388 0 0 1 1.1465 0.9286
4 150.1976 102.3980 4 4 4 1 4.0353 1 0 1 2.2508 0.9298
4 122.0531 99.8556 4 4 2 1 2.0889 0 0 1 1.3493 0.9310
4 88.5654 90.1056 1 3 3 0 1.4944 1 0 1 1.3040 0.9322
4 108.8790 128.9527 2 2 3 1 1.2920 0 0 1 1.2506 0.9333
4 97.2248 74.9069 3 3 3 1 0.8727 1 0 1 1.2682 0.9344
4 130.4596 86.2393 4 4 4 1 1.4252 1 0 1 0.9319 0.9355
4 132.4728 91.2742 4 4 1 1 0.9190 0 0 0 1.9005 0.9206
4 140.1412 112.9269 4 4 1 1 0.8885 0 0 0 2.6051 0.9063
4 102.9579 73.3276 3 3 3 1 1.0351 1 0 1 1.2346 0.9077
4 58.3788 84.3613 1 1 4 1 1.8706 0 0 0 1.9652 0.8939
4 91.4105 93.8808 3 3 3 1 1.2912 1 0 1 1.5138 0.8955
4 123.3151 82.9203 3 4 2 0 1.3258 0 0 1 0.6864 0.8971
4 143.8585 102.7132 4 4 1 1 1.4674 0 0 1 2.3980 0.8986
4 107.7221 122.8525 2 2 2 1 1.3110 1 0 1 0.9816 0.9000
4 113.7347 110.0741 4 4 1 1 2.0497 0 0 1 1.2281 0.9014
4 137.7972 100.4247 4 4 3 1 0.8721 0 0 1 1.3078 0.9028
4 127.2725 101.2891 4 4 1 1 1.7737 0 0 1 0.7613 0.9041
4 109.0030 126.8378 2 4 4 0 0.9363 1 0 1 1.9190 0.9054
4 87.5448 133.7851 2 2 4 1 1.3230 0 0 1 2.8755 0.9067
4 109.2279 139.7944 2 4 2 0 1.3934 0 0 1 1.0900 0.9079
4 102.3440 113.0387 2 3 1 0 1.9608 0 0 1 0.8237 0.9091
4 103.4926 123.8252 2 4 2 0 2.1036 0 0 0 1.3243 0.8974
4 79.8331 109.3147 1 3 2 0 1.3133 0 0 1 1.5118 0.8987
4 69.9645 86.5683 1 3 3 0 1.8658 1 0 1 1.3824 0.9000
4 107.1687 132.0388 2 4 1 0 1.4803 0 0 1 4.6659 0.9012
4 87.6377 87.8999 1 3 2 0 1.8217 0 0 1 1.0504 0.9024
4 80.0097 106.6956 1 1 2 1 3.0393 0 0 1 1.0199 0.9036
4 39.4733 74.9602 1 1 4 1 1.6490 0 0 1 1.6565 0.9048
4 120.2761 123.7163 2 2 3 1 3.0213 0 0 1 0.9680 0.9059
4 95.0595 146.4255 2 2 4 1 2.6750 0 0 1 1.1495 0.9070
4 81.4458 97.6135 1 3 1 0 1.5886 0 0 1 0.9861 0.9080
4 130.3035 108.1081 4 4 3 1 1.8872 0 0 1 2.0437 0.9091
4 129.5553 104.7185 4 4 1 1 1.5967 0 0 1 2.7372 0.9101
4 94.3484 71.3368 3 1 1 0 1.8821 1 0 1 1.8737 0.9111
4 99.2293 138.8234 2 4 2 0 3.9176 0 0 1 0.9462 0.9121
4 99.2885 68.1986 3 4 1 0 1.8142 0 0 0 1.0407 0.9022
4 113.0986 110.6975 2 3 3 0 1.7997 1 0 0 2.0533 0.8925
4 83.5111 127.4984 2 4 1 0 4.3330 0 0 1 1.1077 0.8936
4 110.0177 129.0274 2 2 2 1 2.0457 1 0 0 1.1803 0.8842
4 77.0563 105.1720 1 3 3 0 1.4633 1 0 1 1.2738 0.8854
4 119.2084 107.1740 4 3 3 0 2.1029 1 0 1 2.2834 0.8866
4 94.3007 69.4132 3 2 4 0 4.4014 0 0 1 1.3918 0.8878
4 122.8224 101.7694 4 3 3 0 1.5998 1 0 1 1.9603 0.8889
4 101.4158 66.0176 3 4 1 0 2.4393 0 0 0 1.6999 0.8800
4 66.3930 108.7872 1 3 1 0 1.0015 0 0 0 0.0000 0.8800
4 92.5923 132.0602 2 3 4 0 2.2833 0 0 0 0.0000 0.8800
4 83.8468 132.1807 2 2 1 1 1.6457 0 0 0 0.0000 0.8800
4 123.1753 102.4976 4 4 3 1 0.8958 0 0 0 0.0000 0.8800
4 75.8619 108.5506 1 4 3 0 0.9587 0 0 0 0.0000 0.8800
4 69.4482 106.4665 1 4 1 0 0.4792 0 0 0 0.0000 0.8800
4 105.0474 72.4231 3 3 2 1 2.0672 0 0 0 0.0000 0.8800
4 64.2303 102.6138 1 4 2 0 0.4180 0 0 0 0.0000 0.8800
4 101.9040 83.9635 3 2 4 0 1.9397 0 0 0 0.0000 0.8800
4 118.4548 107.2515 4 3 1 0 0.7496 0 0 0 0.0000 0.8800
4 124.0902 118.9130 4 2 1 0 0.9993 0 0 0 0.0000 0.8800
4 70.0570 97.8239 1 3 4 0 0.7772 0 0 0 0.0000 0.8800
4 77.5743 106.8028 1 4 2 0 0.5850 0 0 0 0.0000 0.8800
4 113.3018 55.9921 3 1 1 0 1.1838 1 0 0 0.0000 0.8800
4 81.3666 54.0435 3 2 3 0 3.2214 0 0 0 0.0000 0.8800
4 95.9064 128.1414 2 2 1 1 1.0242 0 0 0 0.0000 0.8800
4 111.1747 126.9010 2 3 1 0 1.7760 0 0 0 0.0000 0.8800
4 74.8396 110.4062 1 3 4 0 0.9028 0 0 0 0.0000 0.8800
4 107.2509 127.7588 2 3 1 0 1.0455 0 0 0 0.0000 0.8800
4 92.9462 88.1557 3 3 2 1 0.7284 0 0 0 0.0000 0.8800
4 137.3987 90.8951 4 1 3 0 1.7462 0 0 0 0.0000 0.8800
4 137.0168 95.2159 4 1 1 0 0.7579 1 0 0 0.0000 0.8800
4 94.9339 58.1167 3 4 4 0 1.6957 1 0 0 0.0000 0.8800
4 112.4084 118.7632 4 2 1 0 1.1725 0 0 0 0.0000 0.8800
4 62.6681 107.7355 1 2 4 0 0.6973 0 0 0 0.0000 0.8800
4 101.4667 116.3394 2 2 3 1 3.5230 0 0 0 0.0000 0.8800
4 139.5657 102.7081 4 1 3 0 0.6447 0 0 0 0.0000 0.8800
4 85.6570 87.3307 1 4 3 0 2.7335 0 0 0 0.0000 0.8800
4 106.3317 61.3886 3 4 1 0 1.9171 0 0 0 0.0000 0.8800
4 69.5087 113.4943 1 4 2 0 0.8699 0 0 0 0.0000 0.8800
4 99.7772 123.8030 2 4 3 0 2.8676 0 0 0 0.0000 0.8800
4 138.1050 78.6352 4 1 4 0 1.3964 0 0 0 0.0000 0.8800
4 106.6255 68.2164 3 2 1 0 0.9422 0 0 0 0.0000 0.8800
4 103.5760 77.8437 3 2 1 0 4.5109 0 0 0 0.0000 0.8800
4 96.0057 70.3104 3 3 4 1 0.9536 0 0 0 0.0000 0.8800
4 113.2000 100.1867 4 2 3 0 0.7944 0 0 0 0.0000 0.8800
4 93.3553 104.9840 1 2 1 0 0.5822 0 0 0 0.0000 0.8800
4 70.7232 116.5256 1 2 1 0 0.7820 0 0 0 0.0000 0.8800
4 131.7155 99.7142 4 1 3 0 9.4635 0 0 0 0.0000 0.8800
4 93.3562 125.6489 2 2 3 1 1.1051 0 0 0 0.0000 0.8800
4 107.7094 136.7320 2 3 3 0 2.2278 1 0 0 0.0000 0.8800
4 100.5722 59.0357 3 4 2 0 4.8985 0 0 0 0.0000 0.8800
4 101.6947 71.4132 3 4 2 0 1.2401 0 0 0 0.0000 0.8800
4 85.6290 129.7241 2 4 4 0 0.7359 1 0 0 0.0000 0.8800
4 66.9476 106.2204 1 3 4 0 1.4668 0 0 0 0.0000 0.8800
4 65.6183 91.4331 1 2 4 0 0.7595 0 0 0 0.0000 0.8800
4 103.6137 74.1008 3 4 3 0 1.4893 0 0 0 0.0000 0.8800
4 110.4242 97.2032 4 1 2 0 3.2970 0 0 0 0.0000 0.8800
4 94.4080 49.6970 3 3 1 1 0.5898 0 0 0 0.0000 0.8800
4 92.9690 69.1337 3 3 3 1 3.5705 1 0 0 0.0000 0.8800
5 73.9319 114.8849 1 3 2 0 6.0091 0 0 0 0.0000 0.8800
5 109.9944 128.7132 2 4 1 0 0.9916 0 0 0 0.0000 0.8800
5 77.5306 86.0670 1 3 1 0 0.6084 0 0 0 0.0000 0.8800
5 100.2872 72.8516 3 3 1 1 0.5362 0 0 0 0.0000 0.8800
5 133.3841 95.1198 4 1 1 0 0.7170 1 0 0 0.0000 0.8800
5 147.2658 83.1370 4 2 2 0 0.2138 1 0 0 0.0000 0.8800
5 150.6347 101.2032 4 2 3 0 0.6906 0 0 0 0.0000 0.8800
5 60.9801 93.5680 1 1 3 1 0.2666 0 0 0 0.0000 0.8800
5 101.0772 80.8251 3 3 4 1 0.7603 0 0 0 0.0000 0.8800
5 94.1701 78.6328 3 2 1 0 0.6431 0 0 0 0.0000 0.8800
5 127.3768 98.4144 4 1 3 0 0.5720 0 0 0 0.0000 0.8800
5 76.2416 107.6445 1 4 2 0 0.6268 0 0 0 0.0000 0.8800
5 96.1304 74.5303 3 3 1 1 0.5396 0 0 0 0.0000 0.8800
5 73.7486 110.4400 1 3 4 0 0.9924 0 0 0 0.0000 0.8800
5 96.4548 124.9745 2 3 3 0 0.9462 1 0 0 0.0000 0.8800
5 65.2252 109.4380 1 4 1 0 0.6910 0 0 0 0.0000 0.8800
5 79.1953 108.8968 1 4 1 0 1.2918 0 0 0 0.0000 0.8800
5 128.0954 100.7774 4 1 4 0 0.8686 0 0 0 0.0000 0.8800
5 104.2406 138.9003 2 2 2 1 1.2024 1 0 0 0.0000 0.8800
5 95.0812 129.7580 2 2 3 1 0.5532 0 0 0 0.0000 0.8800
5 58.4333 101.9441 1 4 2 0 0.3501 0 0 0 0.0000 0.8800
5 104.7057 119.4283 2 3 2 0 0.3499 0 0 0 0.0000 0.8800
5 125.4987 91.7156 4 3 4 0 0.4457 0 0 0 0.0000 0.8800
5 94.1610 140.3225 2 1 4 0 0.1295 0 0 0 0.0000 0.8800
5 67.6983 96.7664 1 4 4 0 0.3803 1 0 0 0.0000 0.8800
5 100.7278 116.5772 2 3 2 0 4.9161 0 0 0 0.0000 0.8800
5 102.0303 55.2700 3 3 4 1 0.0109 0 0 0 0.0000 0.8800
5 101.7707 60.4127 3 2 4 0 0.2586 0 0 0 0.0000 0.8800
5 146.6449 104.1139 4 4 1 1 0.2254 0 0 0 0.0000 0.8800
5 65.4832 111.9926 1 3 2 0 0.7683 0 0 0 0.0000 0.8800
5 99.5317 110.2907 2 3 3 0 4.5070 1 0 0 0.0000 0.8800
5 82.7276 60.7880 3 2 3 0 0.2467 0 0 0 0.0000 0.8800
5 122.2716 97.8254 4 4 4 1 6.3423 1 0 0 0.0000 0.8800
5 123.0373 92.7710 4 1 4 0 0.4329 0 0 0 0.0000 0.8800
5 84.3642 77.5642 3 3 4 1 0.2448 0 0 0 0.0000 0.8800
5 108.8770 124.8040 2 2 4 1 0.2106 0 0 0 0.0000 0.8800
5 98.9094 143.2802 2 4 3 0 0.7365 0 0 0 0.0000 0.8800
5 143.6517 112.9284 4 2 3 0 0.3953 0 0 0 0.0000 0.8800
5 112.9909 56.6666 3 1 2 0 0.2821 0 0 0 0.0000 0.8800
5 64.1784 95.8536 1 3 4 0 0.6650 0 0 0 0.0000 0.8800
5 84.3613 143.2540 2 4 2 0 0.2258 0 0 0 0.0000 0.8800
5 49.0672 104.1744 1 3 4 0 0.4617 0 0 0 0.0000 0.8800
5 113.6511 134.4659 2 2 3 1 0.8475 0 0 0 0.0000 0.8800
5 125.3780 93.6617 4 1 3 0 0.4782 0 0 0 0.0000 0.8800
5 103.7433 91.3476 4 1 3 0 1.8761 0 0 0 0.0000 0.8800
5 100.6883 64.5680 3 4 4 0 0.9879 1 0 0 0.0000 0.8800
5 128.3816 97.9748 4 2 1 0 3.1476 0 0 0 0.0000 0.8800
5 107.5802 141.2795 2 2 1 1 1.1403 0 0 0 0.0000 0.8800
5 114.2944 103.6657 4 4 4 1 0.6651 1 0 0 0.0000 0.8800
5 109.8880 115.3438 2 3 2 0 0.5919 0 0 0 0.0000 0.8800
5 91.9709 124.1509 2 4 4 0 0.6311 1 0 0 0.0000 0.8800
5 96.2624 137.6255 2 2 2 1 0.6218 1 0 0 0.0000 0.8800
5 99.0396 118.4244 2 2 4 1 1.2693 0 0 0 0.0000 0.8800
5 109.4130 86.6045 3 3 3 1 1.2442 1 0 0 0.0000 0.8800
5 100.4535 75.4099 3 4 1 0 4.5458 0 0 0 0.0000 0.8800
5 68.4902 100.3769 1 4 4 0 1.4845 1 0 0 0.0000 0.8800
5 104.9284 74.3248 3 3 4 1 1.2413 0 0 0 0.0000 0.8800
5 123.5472 93.8877 4 2 4 0 0.7850 0 0 0 0.0000 0.8800
5 121.2142 99.1859 4 1 2 0 0.5879 0 0 0 0.0000 0.8800
5 84.6675 102.7472 1 1 4 1 0.3557 0 0 0 0.0000 0.8800
5 92.5239 112.3685 2 1 2 0 0.5316 0 0 0 0.0000 0.8800
5 100.2263 73.7651 3 1 3 0 0.6174 0 0 0 0.0000 0.8800
5 126.2764 83.8192 4 1 3 0 1.2642 0 0 0 0.0000 0.8800
5 117.2242 127.3864 2 2 3 1 1.1279 0 0 0 0.0000 0.8800
5 115.0339 82.6380 3 4 4 0 0.2858 1 0 0 0.0000 0.8800
5 134.5390 105.2827 4 4 4 1 3.1155 1 0 0 0.0000 0.8800
5 88.5755 154.7110 2 4 4 0 1.6352 1 0 0 0.0000 0.8800
5 67.4598 105.3197 1 4 1 0 2.6769 0 0 0 0.0000 0.8800
5 107.5018 121.6098 2 3 1 0 1.9516 0 0 0 0.0000 0.8800
5 93.9370 62.4624 3 2 3 0 5.6252 0 0 0 0.0000 0.8800
5 93.8110 81.9111 3 3 3 1 1.3280 1 0 0 0.0000 0.8800
5 86.8404 95.0285 3 4 1 0 1.2887 0 0 0 0.0000 0.8800
5 60.3511 114.3077 1 3 2 0 4.8964 0 0 0 0.0000 0.8800
5 76.5790 100.0855 1 4 4 0 0.5191 1 0 0 0.0000 0.8800
5 140.8232 100.9438 4 1 2 0 1.7548 0 0 0 0.0000 0.8800
5 104.4290 118.4309 2 2 4 1 0.9426 0 0 0 0.0000 0.8800
5 102.1152 59.2238 3 4 1 0 1.2624 0 0 0 0.0000 0.8800
5 76.4013 95.2955 1 3 3 0 3.2871 1 0 0 0.0000 0.8800
5 143.6140 95.9601 4 2 4 0 1.5849 0 0 0 0.0000 0.8800
5 80.6127 64.8003 3 4 4 0 2.5756 1 0 0 0.0000 0.8800
5 77.8577 103.2591 1 4 4 0 2.0403 1 0 0 0.0000 0.8800
5 66.8812 103.1281 1 3 4 0 5.7478 0 0 0 0.0000 0.8800
5 130.1129 92.5924 4 2 3 0 2.0615 0 0 0 0.0000 0.8800
5 112.0955 90.0869 4 4 1 1 2.5052 0 0 0 0.0000 0.8800
5 73.2713 112.1859 1 3 4 0 5.8088 0 0 0 0.0000 0.8800
5 88.9110 106.8961 1 2 4 0 2.1564 0 0 0 0.0000 0.8800
5 115.8688 77.2415 3 4 3 0 1.2272 0 0 0 0.0000 0.8800
5 76.3090 94.5660 1 3 1 0 2.0330 0 0 0 0.0000 0.8800
5 88.1573 69.8247 3 4 1 0 1.1317 0 0 0 0.0000 0.8800
5 91.9586 81.3687 3 3 2 1 1.3285 0 0 0 0.0000 0.8800
5 104.9786 107.9879 2 4 4 0 1.0492 1 0 0 0.0000 0.8800
5 91.6651 129.7944 2 4 3 0 2.0439 0 0 0 0.0000 0.8800
5 90.9195 50.3999 3 3 2 1 1.8477 0 0 0 0.0000 0.8800
5 108.8706 89.0201 4 4 4 1 1.6775 1 0 0 0.0000 0.8800
5 126.8054 79.3947 4 3 3 0 1.4873 1 0 0 0.0000 0.8800
5 86.3858 114.7453 1 4 4 0 1.9650 1 0 0 0.0000 0.8800
5 124.5032 78.1772 4 2 1 0 1.4788 0 0 0 0.0000 0.8800
5 105.3890 122.3535 2 4 3 0 0.9965 0 0 0 0.0000 0.8800
5 110.5923 67.3542 3 3 2 1 1.0454 0 0 0 0.0000 0.8800
5 68.9197 110.3770 1 4 3 0 0.9692 0 0 0 0.0000 0.8800
6 114.0260 71.2138 3 4 4 0 1.0493 1 0 0 0.0000 0.8800
6 98.0162 72.5907 3 3 1 1 0.4037 0 0 0 0.0000 0.8800
6 56.4131 94.2644 1 4 4 0 0.2945 1 0 0 0.0000 0.8800
6 107.4894 67.7759 3 1 1 0 0.6123 1 0 0 0.0000 0.8800
6 106.9555 129.7324 2 2 2 1 0.3791 1 0 0 0.0000 0.8800
6 114.5281 61.5265 3 4 2 0 0.4440 0 0 0 0.0000 0.8800
6 79.8248 110.0313 1 3 1 0 0.5578 0 0 0 0.0000 0.8800
6 70.5587 113.6624 1 4 1 0 1.8756 0 0 0 0.0000 0.8800
6 81.3311 81.8530 1 3 4 0 0.7004 0 0 0 0.0000 0.8800
6 86.9869 137.7303 2 3 2 0 0.9342 0 0 0 0.0000 0.8800
6 129.2137 95.3005 4 4 2 1 3.9729 0 0 0 0.0000 0.8800
6 84.9137 90.1487 3 3 3 1 2.0645 1 0 0 0.0000 0.8800
6 100.2864 72.4270 3 3 3 1 3.4852 1 0 0 0.0000 0.8800
6 66.6809 92.0205 1 4 4 0 1.7579 1 0 0 0.0000 0.8800
6 149.0769 86.5169 4 1 2 0 1.7157 0 0 0 0.0000 0.8800
6 100.4483 55.0481 3 3 3 1 3.2054 1 0 0 0.0000 0.8800
6 75.4131 94.6944 1 3 1 0 1.7911 0 0 0 0.0000 0.8800
6 127.1002 108.3619 4 2 2 0 0.6279 1 0 0 0.0000 0.8800
6 83.6900 97.7592 1 4 4 0 1.4676 1 0 0 0.0000 0.8800
6 110.2706 135.7376 2 2 1 1 1.1114 0 0 0 0.0000 0.8800
6 88.1528 75.4018 3 3 2 1 1.4843 0 0 0 0.0000 0.8800
6 106.8346 93.8795 4 4 3 1 0.3109 0 0 0 0.0000 0.8800
6 42.7977 98.7857 1 4 3 0 0.8199 0 0 0 0.0000 0.8800
6 134.4524 99.3927 4 4 1 1 0.0156 0 0 0 0.0000 0.8800
6 104.5617 56.6949 3 3 1 1 0.3285 0 0 0 0.0000 0.8800
6 111.8528 115.5680 2 3 4 0 0.3914 0 0 0 0.0000 0.8800
6 116.7106 100.2723 4 3 1 0 0.4253 0 0 0 0.0000 0.8800
6 101.5874 128.6738 2 1 3 0 0.5561 0 0 0 0.0000 0.8800
6 103.3200 134.0606 2 2 4 1 0.2719 0 0 0 0.0000 0.8800
6 76.8107 106.3702 1 2 4 0 0.4947 0 0 0 0.0000 0.8800
6 123.6157 140.5805 2 1 2 0 0.0976 0 0 0 0.0000 0.8800
6 107.7596 101.6084 4 1 2 0 0.1714 0 0 0 0.0000 0.8800
6 89.6134 63.6083 3 3 4 1 0.2143 0 0 0 0.0000 0.8800
6 101.3003 118.2468 2 2 3 1 0.9310 0 0 0 0.0000 0.8800
6 78.1628 109.6438 1 3 3 0 1.5710 1 0 0 0.0000 0.8800
6 110.7191 120.0225 2 4 3 0 1.4106 0 0 0 0.0000 0.8800
6 73.5563 72.2028 3 4 3 0 0.3994 0 0 0 0.0000 0.8800
6 98.2208 65.4573 3 3 1 1 5.4091 0 0 0 0.0000 0.8800
6 146.5705 88.5627 4 4 1 1 1.5697 0 0 0 0.0000 0.8800
6 69.6587 95.3935 1 4 2 0 2.8054 0 0 0 0.0000 0.8800
6 115.6346 88.5311 3 3 1 1 4.5670 0 0 0 0.0000 0.8800
6 119.8556 94.2118 4 2 1 0 2.0817 0 0 0 0.0000 0.8800
6 90.7604 118.0055 2 1 4 0 1.1335 0 0 0 0.0000 0.8800
6 107.7046 80.5418 3 4 2 0 4.9771 0 0 0 0.0000 0.8800
6 90.4904 90.7713 1 3 3 0 2.0558 1 0 0 0.0000 0.8800
6 120.7779 94.1121 4 2 1 0 0.2743 0 0 0 0.0000 0.8800
6 90.7772 75.4578 3 2 3 0 1.0873 0 0 0 0.0000 0.8800
6 92.0338 75.2069 3 2 2 0 9.2649 1 0 0 0.0000 0.8800
6 76.1655 80.2105 1 1 1 1 0.8364 1 0 0 0.0000 0.8800
6 133.5661 96.3853 4 4 2 1 0.7363 0 0 0 0.0000 0.8800
6 65.6660 89.5178 1 3 4 0 0.2981 0 0 0 0.0000 0.8800
6 97.0638 60.2841 3 3 4 1 1.8489 0 0 0 0.0000 0.8800
6 139.6484 97.5681 4 3 3 0 0.6886 1 0 0 0.0000 0.8800
6 125.3602 108.8345 4 4 2 1 0.8094 0 0 0 0.0000 0.8800
6 122.3346 91.6734 4 4 4 1 0.8382 1 0 0 0.0000 0.8800
6 121.9180 85.3120 4 4 3 1 0.6931 0 0 0 0.0000 0.8800
6 87.9524 84.3511 1 3 2 0 0.7829 0 0 0 0.0000 0.8800
6 136.6758 89.3931 4 4 2 1 0.9728 0 0 0 0.0000 0.8800
6 74.0738 99.6458 1 3 2 0 2.1084 0 0 0 0.0000 0.8800
6 55.9682 101.5119 1 2 2 0 1.0672 1 0 0 0.0000 0.8800
6 91.8422 58.5898 3 1 2 0 0.5553 0 0 0 0.0000 0.8800
6 67.0568 102.8144 1 1 1 1 0.6278 1 0 0 0.0000 0.8800
6 90.9880 115.6455 2 1 3 0 1.8356 0 0 0 0.0000 0.8800
6 98.2451 120.4918 2 4 1 0 0.3054 0 0 0 0.0000 0.8800
6 56.7195 111.4643 1 3 3 0 0.6572 1 0 0 0.0000 0.8800
6 126.1796 107.6207 4 1 2 0 1.2741 0 0 0 0.0000 0.8800
6 74.1213 97.4802 1 2 3 0 0.5458 0 0 0 0.0000 0.8800
6 116.9842 121.0366 4 2 2 0 0.5987 1 0 0 0.0000 0.8800
6 95.0873 138.8186 2 4 4 0 1.0205 1 0 0 0.0000 0.8800
6 101.3815 73.0170 3 4 2 0 1.1823 0 0 0 0.0000 0.8800
6 93.4160 96.6826 1 3 2 0 0.6920 0 0 0 0.0000 0.8800
6 114.9372 130.4124 2 4 2 0 1.3079 0 0 0 0.0000 0.8800
6 109.1853 138.0732 2 2 4 1 0.3247 0 0 0 0.0000 0.8800
6 95.6356 122.0070 2 1 3 0 1.1235 0 0 0 0.0000 0.8800
6 135.9208 94.1744 4 4 4 1 9.8299 1 0 0 0.0000 0.8800
6 104.8871 113.3817 2 3 2 0 3.2244 0 0 0 0.0000 0.8800
6 97.7604 139.6673 2 4 1 0 0.7372 0 0 0 0.0000 0.8800
6 112.8966 126.8406 2 2 1 1 0.9690 0 0 0 0.0000 0.8800
6 135.1553 91.0800 4 1 2 0 1.3688 0 0 0 0.0000 0.8800
6 121.8181 81.1996 4 3 4 0 2.1625 0 0 0 0.0000 0.8800
6 87.3270 119.1106 2 4 1 0 0.8174 0 0 0 0.0000 0.8800
6 145.5079 105.0925 4 4 2 1 8.1738 0 0 0 0.0000 0.8800
6 99.8741 116.0471 2 2 2 1 9.2081 1 0 0 0.0000 0.8800
6 97.3704 74.7911 3 1 2 0 0.8427 0 0 0 0.0000 0.8800
6 113.9239 134.0780 2 3 3 0 10.4532 1 0 0 0.0000 0.8800
6 96.9975 144.9041 2 2 2 1 4.5846 1 0 0 0.0000 0.8800
6 95.5026 80.5391 3 4 2 0 4.4369 0 0 0 0.0000 0.8800
6 75.2236 88.3775 1 4 2 0 1.1499 0 0 0 0.0000 0.8800
6 119.6669 98.9626 4 4 2 1 4.9315 0 0 0 0.0000 0.8800
6 94.4599 89.8636 3 2 4 0 1.0162 0 0 0 0.0000 0.8800
6 106.8019 73.1424 3 1 4 0 1.0310 0 0 0 0.0000 0.8800
6 111.5165 115.1448 2 3 1 0 1.2238 0 0 0 0.0000 0.8800
6 71.8706 91.0002 1 2 3 0 1.1486 0 0 0 0.0000 0.8800
6 107.3234 140.2796 2 4 2 0 1.0404 0 0 0 0.0000 0.8800
6 127.7091 94.5345 4 2 1 0 1.6661 0 0 0 0.0000 0.8800
6 75.2274 96.2135 1 1 1 1 3.5708 1 0 0 0.0000 0.8800
6 101.8316 65.4209 3 3 4 1 0.5656 0 0 0 0.0000 0.8800
6 99.8400 81.4098 3 3 1 1 0.2034 0 0 0 0.0000 0.8800
6 72.9761 91.8513 1 3 2 0 0.5533 0 0 0 0.0000 0.8800
6 116.6119 107.6445 4 3 2 0 0.0931 0 0 0 0.0000 0.8800
7 122.1071 98.6297 4 4 3 1 1.1452 0 0 0 0.0000 0.8800
7 103.5842 78.5183 3 3 4 1 0.7865 0 0 0 0.0000 0.8800
7 132.5168 79.3665 4 1 2 0 0.3824 0 0 0 0.0000 0.8800
7 98.4903 82.6266 3 2 4 0 0.3522 0 0 0 0.0000 0.8800
7 95.8491 76.6500 3 4 2 0 0.3680 0 0 0 0.0000 0.8800
7 74.2690 85.7949 1 3 2 0 0.2109 0 0 0 0.0000 0.8800
7 92.9179 131.8423 2 3 2 0 0.3197 0 0 0 0.0000 0.8800
7 96.4913 75.5477 3 4 4 0 0.1446 1 0 0 0.0000 0.8800
7 129.6642 100.7962 4 4 2 1 0.3014 0 0 0 0.0000 0.8800
7 105.9102 134.8433 2 2 2 1 0.3322 1 0 0 0.0000 0.8800
7 121.8793 109.9178 4 1 4 0 0.1560 0 0 0 0.0000 0.8800
7 75.6848 119.7178 1 1 1 1 0.8879 1 0 0 0.0000 0.8800
7 142.5410 96.0239 4 3 2 0 0.7587 0 0 0 0.0000 0.8800
7 86.3785 114.4504 1 3 4 0 0.9295 0 0 0 0.0000 0.8800
7 60.5538 97.4907 1 3 2 0 0.5923 0 0 0 0.0000 0.8800
7 102.0468 85.1780 3 4 3 0 0.7111 0 0 0 0.0000 0.8800
7 123.5913 90.9964 3 3 2 1 0.3370 0 0 0 0.0000 0.8800
7 116.6820 143.1406 2 3 2 0 0.1917 0 0 0 0.0000 0.8800
7 106.0402 131.1355 2 4 4 0 0.2856 1 0 0 0.0000 0.8800
7 67.0555 109.5032 1 2 3 0 0.4785 0 0 0 0.0000 0.8800
7 64.7926 86.6726 1 1 1 1 1.1543 1 0 0 0.0000 0.8800
7 140.5597 95.9058 4 2 4 0 0.5671 0 0 0 0.0000 0.8800
7 72.5930 121.4012 1 1 2 1 0.5090 0 0 0 0.0000 0.8800
7 97.3481 129.1895 2 4 3 0 1.2487 0 0 0 0.0000 0.8800
7 129.0227 91.0200 4 4 2 1 0.8725 0 0 0 0.0000 0.8800
7 101.9013 52.5659 3 3 1 1 0.2134 0 0 0 0.0000 0.8800
7 71.7453 107.3721 1 2 4 0 0.3063 0 0 0 0.0000 0.8800
7 100.3058 142.8041 2 1 2 0 0.6721 0 0 0 0.0000 0.8800
7 94.5580 127.3204 2 3 3 0 0.8559 1 0 0 0.0000 0.8800
7 110.4730 86.6673 3 4 1 0 0.6126 0 0 0 0.0000 0.8800
7 75.8624 81.3255 1 1 2 1 0.5255 0 0 0 0.0000 0.8800
7 89.2490 78.6219 3 2 2 0 0.3053 1 0 0 0.0000 0.8800
7 82.0931 84.7054 1 4 1 0 4.3990 0 0 0 0.0000 0.8800
7 94.8763 128.9719 2 3 1 0 0.2616 0 0 0 0.0000 0.8800
7 98.1891 128.3366 2 4 3 0 2.9645 0 0 0 0.0000 0.8800
7 107.9754 122.2757 2 4 2 0 4.9371 0 0 0 0.0000 0.8800
7 136.6960 85.7850 4 4 2 1 5.3426 0 0 0 0.0000 0.8800
7 85.8959 100.2280 1 1 2 1 0.2703 0 0 0 0.0000 0.8800
7 104.6776 56.5007 3 2 1 0 0.3192 0 0 0 0.0000 0.8800
7 106.5451 94.5860 4 4 3 1 0.7189 0 0 0 0.0000 0.8800
7 103.6479 80.3249 3 2 4 0 1.0468 0 0 0 0.0000 0.8800
7 137.3462 113.9915 4 3 3 0 0.1996 1 0 0 0.0000 0.8800
7 64.0041 91.5645 1 3 4 0 0.2905 0 0 0 0.0000 0.8800
7 114.1970 77.1463 3 4 4 0 4.8492 1 0 0 0.0000 0.8800
7 82.7853 71.5963 3 4 2 0 5.3786 0 0 0 0.0000 0.8800
7 105.3632 117.7025 2 3 3 0 1.8774 1 0 0 0.0000 0.8800
7 128.0394 100.6980 4 2 4 0 1.1321 0 0 0 0.0000 0.8800
7 117.5010 78.0190 3 1 1 0 0.7350 1 0 0 0.0000 0.8800
7 90.5905 64.5018 1 2 1 0 0.7907 0 0 0 0.0000 0.8800
7 111.8529 106.1376 4 3 4 0 0.7685 0 0 0 0.0000 0.8800
7 91.0872 110.3567 2 1 3 0 2.9723 0 0 0 0.0000 0.8800
7 67.2599 96.2754 1 4 4 0 1.8270 1 0 0 0.0000 0.8800
7 124.6191 98.2480 4 2 3 0 0.8428 0 0 0 0.0000 0.8800
7 122.1670 87.2851 4 3 1 0 0.4226 0 0 0 0.0000 0.8800
7 75.7972 136.1125 2 1 4 0 4.8882 0 0 0 0.0000 0.8800
7 107.2683 82.1691 3 4 3 0 0.7160 0 0 0 0.0000 0.8800
7 106.9445 67.1810 3 4 2 0 7.6545 0 0 0 0.0000 0.8800
7 102.1550 55.7520 3 4 3 0 0.2752 0 0 0 0.0000 0.8800
7 77.0428 103.0216 1 3 1 0 0.6900 0 0 0 0.0000 0.8800
7 86.0869 61.6301 3 2 3 0 0.2028 0 0 0 0.0000 0.8800
7 136.6877 95.0447 4 3 1 0 0.4867 0 0 0 0.0000 0.8800
7 107.6510 124.9763 2 4 2 0 0.2995 0 0 0 0.0000 0.8800
7 67.3771 101.2090 1 4 3 0 0.1573 0 0 0 0.0000 0.8800
7 85.2607 84.4604 1 4 1 0 1.1461 0 0 0 0.0000 0.8800
7 140.3759 105.7105 4 3 4 0 2.7998 0 0 0 0.0000 0.8800
7 105.3469 62.1127 3 1 3 0 1.0696 0 0 0 0.0000 0.8800
7 95.4788 69.3943 3 1 4 0 4.7842 0 0 0 0.0000 0.8800
7 80.1687 102.4136 1 4 3 0 5.1888 0 0 0 0.0000 0.8800
7 136.1951 109.8769 4 4 3 1 0.4825 0 0 0 0.0000 0.8800
7 80.0384 101.4079 1 3 3 0 0.3102 1 0 0 0.0000 0.8800
7 97.1936 128.5897 2 3 2 0 0.2762 0 0 0 0.0000 0.8800
7 118.1874 104.7384 4 4 3 1 0.4820 0 0 0 0.0000 0.8800
7 105.2905 110.1930 2 2 1 1 1.1568 0 0 0 0.0000 0.8800
7 64.8705 105.0281 1 3 4 0 1.2576 0 0 0 0.0000 0.8800
7 74.1195 99.1445 1 4 4 0 0.8634 1 0 0 0.0000 0.8800
7 104.3017 71.1701 3 1 3 0 0.8603 0 0 0 0.0000 0.8800
7 106.9334 125.3360 2 3 2 0 0.6831 0 0 0 0.0000 0.8800
7 94.8067 71.0829 3 4 1 0 0.8658 0 0 0 0.0000 0.8800
7 110.4685 121.2093 2 2 3 1 2.5585 0 0 0 0.0000 0.8800
7 88.6969 141.3633 2 2 1 1 0.9024 0 0 0 0.0000 0.8800
7 133.6930 86.1741 4 2 4 0 0.7102 0 0 0 0.0000 0.8800
7 91.6309 131.5931 2 2 1 1 0.6900 0 0 0 0.0000 0.8800
7 110.0655 62.6440 3 2 4 0 0.7458 0 0 0 0.0000 0.8800
7 117.0446 134.5159 2 2 2 1 0.3246 1 0 0 0.0000 0.8800
7 104.9014 118.6219 2 2 4 1 0.9464 0 0 0 0.0000 0.8800
7 51.4384 108.5347 1 1 3 1 0.4173 0 0 0 0.0000 0.8800
7 120.2600 88.8269 4 1 3 0 2.0530 0 0 0 0.0000 0.8800
7 101.5459 83.4905 3 1 4 0 1.0238 0 0 0 0.0000 0.8800
7 95.6192 81.2971 3 1 3 0 0.5616 0 0 0 0.0000 0.8800
7 105.4858 142.3728 2 1 1 0 0.2814 1 0 0 0.0000 0.8800
7 136.2692 109.1555 4 3 3 0 0.7293 1 0 0 0.0000 0.8800
7 109.2990 94.7243 4 4 2 1 0.4840 0 0 0 0.0000 0.8800
7 87.4036 103.1563 1 4 1 0 0.2329 0 0 0 0.0000 0.8800
7 126.1289 115.0799 4 3 1 0 0.0707 0 0 0 0.0000 0.8800
7 62.3993 88.2892 1 4 3 0 0.0146 0 0 0 0.0000 0.8800
7 123.5975 102.7674 4 2 4 0 0.0405 0 0 0 0.0000 0.8800
7 84.9633 129.4892 2 4 3 0 0.2244 0 0 0 0.0000 0.8800
7 81.9795 108.6904 1 1 1 1 1.2952 1 0 0 0.0000 0.8800
7 131.3731 96.3049 4 3 1 0 0.2639 0 0 0 0.0000 0.8800
7 92.8701 115.4010 2 4 1 0 0.2767 0 0 0 0.0000 0.8800
8 79.8961 81.1035 3 4 0 0 1.3053 0 1 0 0.0000 0.8800
8 55.6794 110.5232 1 4 0 0 0.4873 0 1 0 0.0000 0.8800
8 129.6425 91.9746 4 3 0 0 0.2521 0 1 0 0.0000 0.8800
8 127.0373 102.5313 4 3 0 0 0.6680 0 1 0 0.0000 0.8800
8 108.6715 117.6680 2 1 0 0 0.5498 0 1 0 0.0000 0.8800
8 65.5803 106.6743 1 4 0 0 0.3615 0 1 0 0.0000 0.8800
8 128.9701 121.7062 4 4 0 1 0.9544 1 1 0 0.0000 0.8800
8 80.5237 83.7751 3 4 0 0 1.1632 0 1 0 0.0000 0.8800
8 65.5740 101.7929 1 4 0 0 1.4570 0 1 0 0.0000 0.8800
8 87.3135 64.0285 3 3 0 1 1.1178 1 1 0 0.0000 0.8800
8 64.3651 104.8376 1 3 0 0 1.2985 0 1 0 0.0000 0.8800
8 135.8998 87.2633 4 4 0 1 0.3173 1 1 0 0.0000 0.8800
8 78.2270 104.3290 1 4 0 0 0.4293 0 1 0 0.0000 0.8800
8 102.2557 91.8934 3 2 0 0 0.6241 0 1 0 0.0000 0.8800
8 108.5905 150.0014 2 3 0 0 0.6609 0 1 0 0.0000 0.8800
8 135.8160 105.1594 4 4 0 1 0.1087 1 1 0 0.0000 0.8800
8 98.0211 135.4689 2 4 0 0 0.5355 0 1 0 0.0000 0.8800
8 99.8686 69.5788 3 1 0 0 1.8184 0 1 0 0.0000 0.8800
8 78.2750 98.0735 1 1 0 1 4.6710 1 1 0 0.0000 0.8800
8 124.8026 92.4396 4 4 0 1 0.9887 1 1 0 0.0000 0.8800
8 93.6008 125.3017 2 3 0 0 0.2675 0 1 0 0.0000 0.8800
8 137.4330 97.0950 4 3 0 0 0.3793 0 1 0 0.0000 0.8800
8 109.0160 110.1222 4 2 0 0 0.7801 0 1 0 0.0000 0.8800
8 80.3630 107.5832 1 1 0 1 0.0550 1 1 0 0.0000 0.8800
8 68.0811 97.2900 1 1 0 1 0.8809 1 1 0 0.0000 0.8800
8 71.1379 121.6782 1 4 0 0 0.8766 0 1 0 0.0000 0.8800
8 88.9937 55.4789 3 3 0 1 0.2635 1 1 0 0.0000 0.8800
8 92.9046 122.1020 2 3 0 0 1.6373 0 1 0 0.0000 0.8800
8 116.8400 79.5157 3 4 0 0 3.1080 0 1 0 0.0000 0.8800
8 96.4923 64.0008 3 1 0 0 0.2368 0 1 0 0.0000 0.8800
8 89.3754 80.2530 3 3 0 1 0.1855 1 1 0 0.0000 0.8800
8 100.2628 126.5816 2 2 0 1 0.3895 1 1 0 0.0000 0.8800
8 100.6753 135.6078 2 4 0 0 0.2942 0 1 0 0.0000 0.8800
8 118.2760 134.3861 2 3 0 0 0.2441 0 1 0 0.0000 0.8800
8 132.9753 98.2457 4 1 0 0 0.5929 0 1 0 0.0000 0.8800
8 112.2636 78.2404 3 2 0 0 0.3918 0 1 0 0.0000 0.8800
8 81.1348 85.8898 1 3 0 0 0.3126 0 1 0 0.0000 0.8800
8 107.8802 133.4480 2 3 0 0 0.7124 0 1 0 0.0000 0.8800
8 75.9614 119.5233 1 3 0 0 0.2742 0 1 0 0.0000 0.8800
8 112.3647 123.1131 2 3 0 0 0.3041 0 1 0 0.0000 0.8800
8 127.8129 85.9738 4 3 0 0 1.7919 0 1 0 0.0000 0.8800
8 107.4892 144.6437 2 3 0 0 0.1317 0 1 0 0.0000 0.8800
8 136.0329 94.3559 4 3 0 0 0.1896 0 1 0 0.0000 0.8800
8 105.2155 124.7106 2 3 0 0 0.0263 0 1 0 0.0000 0.8800
8 94.9039 108.7768 2 3 0 0 0.1312 0 1 0 0.0000 0.8800
8 106.3064 69.9625 3 3 0 1 0.4791 1 1 0 0.0000 0.8800
8 99.5780 137.4124 2 4 0 0 0.4988 0 1 0 0.0000 0.8800
8 110.6129 128.7154 2 4 0 0 1.0807 0 1 0 0.0000 0.8800
8 104.8673 128.2429 2 4 0 0 0.4926 0 1 0 0.0000 0.8800
8 132.9935 87.5063 4 4 0 1 0.7364 1 1 0 0.0000 0.8800
8 73.6090 100.0768 1 2 0 0 1.0512 0 1 0 0.0000 0.8800
8 88.8389 138.9016 2 1 0 0 1.0060 0 1 0 0.0000 0.8800
8 154.9917 97.4097 4 1 0 0 0.9288 0 1 0 0.0000 0.8800
8 116.9702 92.0839 4 1 0 0 0.3846 0 1 0 0.0000 0.8800
8 67.5129 120.7204 1 1 0 1 1.0104 1 1 0 0.0000 0.8800
8 52.2791 89.7587 1 1 0 1 0.6912 1 1 0 0.0000 0.8800
8 66.1732 98.4152 1 1 0 1 0.6850 1 1 0 0.0000 0.8800
8 104.3078 130.6184 2 2 0 1 0.4529 1 1 0 0.0000 0.8800
8 96.5532 70.7419 3 4 0 0 0.5047 0 1 0 0.0000 0.8800
8 64.8654 97.4523 1 4 0 0 0.7195 0 1 0 0.0000 0.8800
8 63.4817 91.5669 1 4 0 0 0.7303 0 1 0 0.0000 0.8800
8 132.6607 101.5893 4 3 0 0 2.1321 0 1 0 0.0000 0.8800
8 71.6742 104.6640 1 3 0 0 0.7538 0 1 0 0.0000 0.8800
8 106.4592 68.8722 3 4 0 0 0.2867 0 1 0 0.0000 0.8800
8 113.3941 91.5610 4 4 0 1 0.2864 1 1 0 0.0000 0.8800
8 84.6467 111.4268 1 4 0 0 0.8463 0 1 0 0.0000 0.8800
8 86.1985 132.7623 2 4 0 0 0.4131 0 1 0 0.0000 0.8800
8 81.7898 111.5385 2 2 0 1 0.7350 1 1 0 0.0000 0.8800
8 80.4441 103.3211 1 4 0 0 3.0806 0 1 0 0.0000 0.8800
8 96.4990 80.8376 3 3 0 1 1.9494 1 1 0 0.0000 0.8800
8 126.7152 117.4950 4 1 0 0 2.2920 0 1 0 0.0000 0.8800
8 54.7262 102.9481 1 2 0 0 1.0129 0 1 0 0.0000 0.8800
8 103.7841 117.2437 2 4 0 0 0.8867 0 1 0 0.0000 0.8800
8 114.5423 65.2524 3 4 0 0 1.8444 0 1 0 0.0000 0.8800
8 99.2218 84.4636 3 2 0 0 1.6573 0 1 0 0.0000 0.8800
8 109.0777 102.4331 4 4 0 1 1.3860 1 1 0 0.0000 0.8800
8 97.6390 74.1439 3 1 0 0 0.8828 0 1 0 0.0000 0.8800
8 68.8092 92.9212 1 3 0 0 0.7836 0 1 0 0.0000 0.8800
8 106.2040 62.1277 3 4 0 0 0.6334 0 1 0 0.0000 0.8800
8 92.0560 65.2067 3 2 0 0 0.3682 0 1 0 0.0000 0.8800
8 134.6526 106.7230 4 4 0 1 0.7511 1 1 0 0.0000 0.8800
8 111.1212 118.3085 4 4 0 1 0.6629 1 1 0 0.0000 0.8800
8 120.9845 109.6560 4 4 0 1 0.7187 1 1 0 0.0000 0.8800
8 58.3275 73.3529 1 3 0 0 0.9665 0 1 0 0.0000 0.8800
8 113.0652 114.0933 2 4 0 0 0.8853 0 1 0 0.0000 0.8800
8 129.4118 107.4261 4 4 0 1 0.8021 1 1 0 0.0000 0.8800
8 85.5099 78.3823 3 1 0 0 1.1340 0 1 0 0.0000 0.8800
8 91.8763 91.1651 1 2 0 0 0.7528 0 1 0 0.0000 0.8800
8 131.8167 93.1313 4 3 0 0 0.2486 0 1 0 0.0000 0.8800
8 94.2845 48.6109 3 3 0 1 0.7584 1 1 0 0.0000 0.8800
8 90.9566 126.3451 2 1 0 0 1.0382 0 1 0 0.0000 0.8800
8 102.7899 116.4195 2 1 0 0 1.1510 0 1 0 0.0000 0.8800
8 94.5770 65.3457 3 3 0 1 1.3947 1 1 0 0.0000 0.8800
8 108.9143 79.3603 3 3 0 1 1.1826 1 1 0 0.0000 0.8800
8 62.8468 102.1042 1 2 0 0 0.3575 0 1 0 0.0000 0.8800
8 95.9689 62.9362 3 4 0 0 0.5651 0 1 0 0.0000 0.8800
8 103.9174 117.3660 2 4 0 0 0.5240 0 1 0 0.0000 0.8800
8 111.2919 71.9448 3 1 0 0 0.4329 0 1 0 0.0000 0.8800
8 121.4979 110.0468 4 2 0 0 0.8037 0 1 0 0.0000 0.8800
8 125.0520 99.4714 4 1 0 0 0.4315 0 1 0 0.0000 0.8800
9 59.3703 85.0339 1 4 0 0 0.6812 0 1 0 0.0000 0.8800
9 133.5203 113.6583 4 3 0 0 0.8451 0 1 0 0.0000 0.8800
9 121.1033 94.5771 4 4 0 1 1.0659 1 1 0 0.0000 0.8800
9 136.7401 101.5012 4 4 0 1 2.5106 1 1 0 0.0000 0.8800
9 75.9152 124.9741 1 2 0 0 0.7924 0 1 0 0.0000 0.8800
9 74.4528 101.6761 1 1 0 1 2.2741 1 1 0 0.0000 0.8800
9 133.6609 106.8919 4 4 0 1 10.8185 1 1 0 0.0000 0.8800
9 70.9591 107.6042 1 4 0 0 16.4954 0 1 0 0.0000 0.8800
9 93.3909 63.3240 3 3 0 1 0.1568 1 1 0 0.0000 0.8800
9 105.5620 113.2681 2 2 0 1 0.2477 1 1 0 0.0000 0.8800
9 103.8039 134.0234 2 3 0 0 0.4195 0 1 0 0.0000 0.8800
9 106.3990 126.8403 2 1 0 0 0.7903 0 1 0 0.0000 0.8800
9 104.7584 57.8152 3 4 0 0 0.2582 0 1 0 0.0000 0.8800
9 93.0298 127.9223 2 3 0 0 0.3511 0 1 0 0.0000 0.8800
9 90.2395 128.2253 2 2 0 1 0.6409 1 1 0 0.0000 0.8800
9 64.0133 119.6554 1 3 0 0 0.3937 0 1 0 0.0000 0.8800
9 95.8101 77.8261 3 3 0 1 0.3626 1 1 0 0.0000 0.8800
9 122.1147 103.2817 4 4 0 1 0.8613 1 1 0 0.0000 0.8800
9 104.7658 137.1957 2 3 0 0 1.4172 0 1 0 0.0000 0.8800
9 105.3527 58.0847 3 2 0 0 0.3250 0 1 0 0.0000 0.8800
9 107.4212 77.5781 3 3 0 1 0.8508 1 1 0 0.0000 0.8800
9 69.7773 107.5104 1 4 0 0 1.1016 0 1 0 0.0000 0.8800
9 107.7403 151.8154 2 2 0 1 2.6714 1 1 0 0.0000 0.8800
9 114.0655 154.3119 2 2 0 1 2.0250 1 1 0 0.0000 0.8800
9 63.0102 111.5537 1 3 0 0 1.2038 0 1 0 0.0000 0.8800
9 94.5967 82.4114 3 3 0 1 1.0156 1 1 0 0.0000 0.8800
9 126.4884 92.9181 4 4 0 1 1.0474 1 1 0 0.0000 0.8800
9 71.1848 108.2609 1 1 0 1 1.0002 1 1 0 0.0000 0.8800
9 78.0881 134.8433 2 2 0 1 1.1600 1 1 0 0.0000 0.8800
9 98.2771 121.0598 2 2 0 1 1.1638 1 1 0 0.0000 0.8800
9 124.0074 108.1929 4 4 0 1 1.3446 1 1 0 0.0000 0.8800
9 137.0804 110.1187 4 4 0 1 0.8884 1 1 0 0.0000 0.8800
9 79.9510 141.1002 2 2 0 1 0.9972 1 1 0 0.0000 0.8800
9 109.4239 76.8451 3 3 0 1 0.9020 1 1 0 0.0000 0.8800
9 64.7903 77.3709 1 1 0 1 0.8358 1 1 0 0.0000 0.8800
9 76.5329 94.4930 1 1 0 1 0.7366 1 1 0 0.0000 0.8800
9 94.4813 130.1834 2 2 0 1 0.8914 1 1 0 0.0000 0.8800
9 140.2754 107.0743 4 4 0 1 3.0161 1 1 0 0.0000 0.8800
9 139.8791 103.1183 4 4 0 1 7.0986 1 1 0 0.0000 0.8800
9 53.2597 97.6524 1 1 0 1 0.9363 1 1 0 0.0000 0.8800
9 95.8447 83.3202 3 3 0 1 0.8871 1 1 0 0.0000 0.8800
9 99.0352 89.4037 3 3 0 1 0.5639 1 1 0 0.0000 0.8800
9 106.6803 75.3501 3 4 0 0 0.6007 0 1 0 0.0000 0.8800
9 132.7079 98.4518 4 4 0 1 2.4325 1 1 0 0.0000 0.8800
9 127.7061 107.1893 4 4 0 1 0.8713 1 1 0 0.0000 0.8800
9 101.1053 71.3264 3 3 0 1 0.5981 1 1 0 0.0000 0.8800
9 91.3367 66.3946 3 3 0 1 0.5879 1 1 0 0.0000 0.8800
9 56.5795 97.8917 1 1 0 1 0.7857 1 1 0 0.0000 0.8800
9 114.8966 101.9000 4 4 0 1 0.8125 1 1 0 0.0000 0.8800
9 100.6615 138.9520 2 2 0 1 0.9534 1 1 0 0.0000 0.8800
