1 125.7579 107.7674 4 2 0 0 1.7949 0 1 0 0.0000 0.0000
1 69.6587 95.3935 1 1 0 1 2.8901 1 1 0 0.0000 0.0000
1 114.2944 103.6657 4 3 0 0 1.5783 0 1 0 0.0000 0.0000
1 61.9010 110.7270 1 2 0 0 1.8009 0 1 0 0.0000 0.0000
1 123.5941 102.7619 4 4 0 1 2.6053 1 1 0 0.0000 0.0000
1 110.8904 77.7991 3 3 0 1 2.9664 1 1 0 0.0000 0.0000
1 105.3467 81.1106 3 4 0 0 1.7524 0 1 0 0.0000 0.0000
1 114.0260 71.2138 3 1 0 0 1.4827 0 1 0 0.0000 0.0000
1 124.1812 129.4869 4 3 0 0 1.3027 0 1 0 0.0000 0.0000
1 129.5553 104.7185 4 4 0 1 1.9663 1 1 0 0.0000 0.0000
1 121.9180 85.3120 4 3 0 0 2.2787 0 1 0 0.0000 0.0000
1 85.7585 122.9180 2 2 0 1 1.3674 1 1 0 0.0000 0.0000
1 97.7604 139.6673 2 1 0 0 1.5678 0 1 0 0.0000 0.0000
1 110.7191 120.0225 2 3 0 0 2.9419 0 1 0 0.0000 0.0000
1 81.7712 111.1103 1 2 0 0 1.2158 0 1 0 0.0000 0.0000
1 110.4528 128.4331 2 1 0 0 1.4289 0 1 0 0.0000 0.0000
1 77.5715 109.9897 1 2 0 0 1.2318 0 1 0 0.0000 0.0000
1 110.4242 97.2032 4 3 0 0 1.0938 0 1 0 0.0000 0.0000
1 103.8216 160.6784 2 4 0 0 3.5772 0 1 0 0.0000 0.0000
1 103.0445 133.7577 2 3 0 0 1.6587 0 1 0 0.0000 0.0000
1 60.5538 97.4907 1 2 0 0 2.7648 0 1 0 0.0000 0.0000
1 121.3137 98.8788 4 1 0 0 1.1471 0 1 0 0.0000 0.0000
1 80.5136 110.9438 1 3 0 0 2.0304 0 1 0 0.0000 0.0000
1 122.1670 87.2851 4 4 0 1 6.1205 1 1 0 0.0000 0.0000
1 56.6860 103.5982 1 4 0 0 2.3805 0 1 0 0.0000 0.0000
1 102.0468 85.1780 3 1 0 0 1.7277 0 1 0 0.0000 0.0000
1 100.5643 73.9713 3 1 0 0 1.4097 0 1 0 0.0000 0.0000
1 90.4349 136.3736 2 1 0 0 0.9556 0 1 0 0.0000 0.0000
1 107.2509 127.7588 2 1 0 0 0.8577 0 1 0 0.0000 0.0000
1 135.3254 107.9271 4 3 0 0 1.2216 0 1 0 0.0000 0.0000
1 74.0738 99.6458 1 2 0 0 1.3089 0 1 0 0.0000 0.0000
1 133.3195 99.7161 4 4 0 1 1.9239 1 1 0 0.0000 0.0000
1 94.2845 48.6109 3 3 0 1 2.2191 1 1 0 0.0000 0.0000
1 93.9527 116.2486 2 1 0 0 1.4020 0 1 0 0.0000 0.0000
1 103.4128 73.7752 3 3 0 1 1.2042 1 1 0 0.0000 0.0000
1 119.7145 97.1257 4 1 0 0 1.4656 0 1 0 0.0000 0.0000
1 51.4384 108.5347 1 2 0 0 1.2690 0 1 0 0.0000 0.0000
1 95.0595 146.4255 2 4 0 0 1.7241 0 1 0 0.0000 0.0000
1 137.0804 110.1187 4 1 0 0 1.4061 0 1 0 0.0000 0.0000
1 105.6702 73.1600 3 3 0 1 2.1837 1 1 0 0.0000 0.0000
1 64.7926 86.6726 1 2 0 0 2.1657 0 1 0 0.0000 0.0000
1 77.8577 103.2591 1 3 0 0 1.0108 0 1 0 0.0000 0.0000
1 104.6776 56.5007 3 3 0 1 1.1084 1 1 0 0.0000 0.0000
1 77.9959 133.3717 2 4 0 0 2.6155 0 1 0 0.0000 0.0000
1 136.0329 94.3559 4 1 0 0 1.1055 0 1 0 0.0000 0.0000
1 114.0655 154.3119 2 2 0 1 1.6359 1 1 0 0.0000 0.0000
1 121.4979 110.0468 4 1 0 0 2.2758 0 1 0 0.0000 0.0000
1 100.9880 121.5908 2 1 0 0 1.9078 0 1 0 0.0000 0.0000
1 96.0948 76.7071 3 2 0 0 1.1785 0 1 0 0.0000 0.0000
1 73.2713 112.1859 1 4 0 0 4.6226 0 1 0 0.0000 0.0000
1 94.5523 61.3336 3 3 0 1 1.0845 1 1 0 0.0000 0.0000
1 90.4904 90.7713 1 2 0 0 1.2789 0 1 0 0.0000 0.0000
1 73.5563 72.2028 3 3 0 1 1.2056 1 1 0 0.0000 0.0000
1 103.0292 121.9929 2 1 0 0 1.0984 0 1 0 0.0000 0.0000
1 90.9210 64.4163 3 3 0 1 1.1009 1 1 0 0.0000 0.0000
1 133.9500 86.6055 4 3 0 0 2.0316 0 1 0 0.0000 0.0000
1 98.0162 72.5907 3 3 0 1 1.2264 1 1 0 0.0000 0.0000
1 88.5654 90.1056 1 4 0 0 2.9454 0 1 0 0.0000 0.0000
1 103.4926 123.8252 2 1 0 0 3.3175 0 1 0 0.0000 0.0000
1 87.3606 68.2106 3 3 0 1 1.2327 1 1 0 0.0000 0.0000
1 90.7604 118.0055 2 2 0 1 1.1102 1 1 0 0.0000 0.0000
1 125.3602 108.8345 4 2 0 0 1.0970 0 1 0 0.0000 0.0000
1 65.5803 106.6743 1 1 0 1 2.0749 1 1 0 0.0000 0.0000
1 104.8673 128.2429 2 4 0 0 2.1180 0 1 0 0.0000 0.0000
1 79.5867 92.3888 1 3 0 0 3.1066 0 1 0 0.0000 0.0000
1 101.7032 60.1956 3 3 0 1 1.0316 1 1 0 0.0000 0.0000
1 103.5026 142.9016 2 1 0 0 2.4244 0 1 0 0.0000 0.0000
1 69.9645 86.5683 1 3 0 0 1.3247 0 1 0 0.0000 0.0000
1 74.8396 110.4062 1 4 0 0 2.8208 0 1 0 0.0000 0.0000
1 95.6356 122.0070 2 1 0 0 1.2035 0 1 0 0.0000 0.0000
1 95.9689 62.9362 3 3 0 1 1.0003 1 1 0 0.0000 0.0000
1 64.8654 97.4523 1 1 0 1 1.5918 1 1 0 0.0000 0.0000
1 94.5580 127.3204 2 2 0 1 1.2542 1 1 0 0.0000 0.0000
1 140.1412 112.9269 4 4 0 1 1.8846 1 1 0 0.0000 0.0000
1 100.1946 133.4809 2 1 0 0 1.5229 0 1 0 0.0000 0.0000
1 111.4199 105.7905 4 2 0 0 2.3362 0 1 0 0.0000 0.0000
1 111.7206 105.1756 4 4 0 1 2.0977 1 1 0 0.0000 0.0000
1 97.8026 130.4800 2 4 0 0 0.8791 0 1 0 0.0000 0.0000
1 136.8027 115.4470 4 4 0 1 0.7333 1 1 0 0.0000 0.0000
1 118.3561 111.6363 4 4 0 1 0.6312 1 1 0 0.0000 0.0000
1 75.8619 108.5506 1 1 0 1 1.5830 1 1 0 0.0000 0.0000
1 58.4333 101.9441 1 2 0 0 2.6695 0 1 0 0.0000 0.0000
1 75.7972 136.1125 2 4 0 0 4.6795 0 1 0 0.0000 0.0000
1 103.6137 74.1008 3 3 0 1 1.9434 1 1 0 0.0000 0.0000
1 63.8100 110.5574 1 4 0 0 3.8709 0 1 0 0.0000 0.0000
1 81.9795 108.6904 1 3 0 0 1.3866 0 1 0 0.0000 0.0000
1 132.6607 101.5893 4 2 0 0 1.3658 0 1 0 0.0000 0.0000
1 105.9102 134.8433 2 4 0 0 1.9352 0 1 0 0.0000 0.0000
1 88.9087 58.4290 3 3 0 1 1.0161 1 1 0 0.0000 0.0000
1 81.3311 81.8530 1 3 0 0 1.2256 0 1 0 0.0000 0.0000
1 104.5539 75.9852 3 3 0 1 1.2489 1 1 0 0.0000 0.0000
1 98.4089 50.5345 3 3 0 1 1.2243 1 1 0 0.0000 0.0000
1 78.2270 104.3290 1 1 0 1 3.6958 1 1 0 0.0000 0.0000
1 100.1930 132.4558 2 4 0 0 2.7890 0 1 0 0.0000 0.0000
1 95.8447 83.3202 3 3 0 1 1.6507 1 1 0 0.0000 0.0000
1 103.8987 52.9844 3 3 0 1 0.7070 1 1 0 0.0000 0.0000
1 92.9690 69.1337 3 3 0 1 0.4447 1 1 0 0.0000 0.0000
1 124.5032 100.2541 4 2 0 0 1.7589 0 1 0 0.0000 0.0000
1 137.0833 98.5415 4 4 0 1 3.0416 1 1 0 0.0000 0.0000
1 91.9884 65.8295 3 3 0 1 2.5368 1 1 0 0.0000 0.0000
2 83.0973 99.6898 1 2 0 0 2.9060 0 1 0 0.0000 0.0000
2 95.9898 78.3730 3 3 0 1 1.2527 1 1 0 0.0000 0.0000
2 49.0672 104.1744 1 1 0 1 2.4443 1 1 0 0.0000 0.0000
2 96.2220 119.3550 2 2 0 1 1.9051 1 1 0 0.0000 0.0000
2 96.4913 75.5477 3 3 0 1 1.2086 1 1 0 0.0000 0.0000
2 107.6564 76.9826 3 3 0 1 1.7253 1 1 0 0.0000 0.0000
2 132.5168 79.3665 4 3 0 0 1.5518 0 1 0 0.0000 0.0000
2 118.3336 94.6428 4 4 0 1 1.4857 1 1 0 0.0000 0.0000
2 70.5587 113.6624 1 1 0 1 2.7612 1 1 0 0.0000 0.0000
2 83.2440 87.2348 3 3 0 1 2.1176 1 1 0 0.0000 0.0000
2 75.5032 120.2016 1 2 0 0 4.1302 0 1 0 0.0000 0.0000
2 107.4894 67.7759 3 3 0 1 1.0736 1 1 0 0.0000 0.0000
2 133.9920 82.4607 4 4 0 1 2.0511 1 1 0 0.0000 0.0000
2 118.5892 107.7876 2 4 0 0 1.7263 0 1 0 0.0000 0.0000
2 99.8924 122.9074 2 2 0 1 2.6899 1 1 0 0.0000 0.0000
2 78.0881 134.8433 2 1 0 0 2.7331 0 1 0 0.0000 0.0000
2 148.4004 105.7397 4 4 0 1 2.4405 1 1 0 0.0000 0.0000
2 110.0655 62.6440 3 3 0 1 1.5649 1 1 0 0.0000 0.0000
2 104.2406 138.9003 2 2 0 1 2.8748 1 1 0 0.0000 0.0000
2 95.1936 94.8259 3 3 0 1 1.7700 1 1 0 0.0000 0.0000
2 100.5722 59.0357 3 3 0 1 4.2073 1 1 0 0.0000 0.0000
2 88.9518 121.9229 2 1 0 0 6.1944 0 1 0 0.0000 0.0000
2 143.6517 112.9284 4 4 0 1 1.7192 1 1 0 0.0000 0.0000
2 88.8389 138.9016 2 4 0 0 1.7870 0 1 0 0.0000 0.0000
2 111.1157 67.1623 3 3 0 1 1.6165 1 1 0 0.0000 0.0000
2 69.0852 87.0812 1 1 0 1 1.4882 1 1 0 0.0000 0.0000
2 66.8812 103.1281 1 1 0 1 1.7725 1 1 0 0.0000 0.0000
2 65.2252 109.4380 1 1 0 1 1.1674 1 1 0 0.0000 0.0000
2 104.3078 130.6184 2 4 0 0 2.0025 0 1 0 0.0000 0.0000
2 77.0428 103.0216 1 2 0 0 2.3804 0 1 0 0.0000 0.0000
2 82.9178 60.6965 3 3 0 1 1.0235 1 1 0 0.0000 0.0000
2 109.2990 94.7243 4 4 0 1 2.8000 1 1 0 0.0000 0.0000
2 75.9614 119.5233 1 1 0 1 4.6059 1 1 0 0.0000 0.0000
2 102.5619 50.8807 3 3 0 1 1.0660 1 1 0 0.0000 0.0000
2 109.8450 73.7830 3 3 0 1 1.5150 1 1 0 0.0000 0.0000
2 135.4754 103.0953 4 4 0 1 1.8326 1 1 0 0.0000 0.0000
2 120.1177 97.7777 4 4 0 1 2.7990 1 1 0 0.0000 0.0000
2 89.4633 121.3259 2 2 0 1 2.8294 1 1 0 0.0000 0.0000
2 99.5780 137.4124 2 2 0 1 2.0127 1 1 0 0.0000 0.0000
2 146.6449 104.1139 4 4 0 1 1.7025 1 1 0 0.0000 0.0000
2 125.8238 82.1636 4 4 0 1 1.8640 1 1 0 0.0000 0.0000
2 121.7999 103.9522 4 4 0 1 1.2316 1 1 0 0.0000 0.0000
2 90.9566 126.3451 2 1 0 0 1.6065 0 1 0 0.0000 0.0000
2 112.9909 56.6666 3 3 0 1 1.1896 1 1 0 0.0000 0.0000
2 76.3090 94.5660 1 1 0 1 1.7539 1 1 0 0.0000 0.0000
2 113.7865 95.2948 3 3 0 1 12.2046 1 1 0 0.0000 0.0000
2 72.9761 91.8513 1 1 0 1 1.4197 1 1 0 0.0000 0.0000
2 111.2919 71.9448 3 3 0 1 6.1337 1 1 0 0.0000 0.0000
2 102.1490 115.6918 4 2 0 0 2.6344 0 1 0 0.0000 0.0000
2 102.2557 91.8934 3 3 0 1 1.1872 1 1 0 0.0000 0.0000
2 80.6127 64.8003 3 3 0 1 1.5125 1 1 0 0.0000 0.0000
2 94.4389 74.6188 3 3 0 1 0.9345 1 1 0 0.0000 0.0000
2 99.8741 116.0471 2 2 0 1 2.4055 1 1 0 0.0000 0.0000
2 85.2607 84.4604 1 3 0 0 0.9852 0 1 0 0.0000 0.0000
2 106.2040 62.1277 3 3 0 1 1.3686 1 1 0 0.0000 0.0000
2 70.0570 97.8239 1 1 0 1 2.3087 1 1 0 0.0000 0.0000
2 107.3234 140.2796 2 2 0 1 6.4053 1 1 0 0.0000 0.0000
2 100.6753 135.6078 2 2 0 1 1.1197 1 1 0 0.0000 0.0000
2 132.9935 87.5063 4 4 0 1 3.0905 1 1 0 0.0000 0.0000
2 72.5930 121.4012 1 1 0 1 3.4960 1 1 0 0.0000 0.0000
2 114.8966 101.9000 4 4 0 1 3.1431 1 1 0 0.0000 0.0000
2 70.8464 89.2329 1 1 0 1 1.6631 1 1 0 0.0000 0.0000
2 62.3993 88.2892 1 1 0 1 1.1995 1 1 0 0.0000 0.0000
2 133.5661 96.3853 4 4 0 1 2.0201 1 1 0 0.0000 0.0000
2 123.0373 92.7710 4 4 0 1 1.1338 1 1 0 0.0000 0.0000
2 91.8422 58.5898 3 3 0 1 1.2982 1 1 0 0.0000 0.0000
2 63.4358 97.9667 1 1 0 1 1.2747 1 1 0 0.0000 0.0000
2 93.3553 104.9840 1 1 0 1 6.9613 1 1 0 0.0000 0.0000
2 63.8999 101.5863 1 1 0 1 1.4013 1 1 0 0.0000 0.0000
2 113.9239 134.0780 2 4 0 0 2.8826 0 1 0 0.0000 0.0000
2 70.7976 95.5266 1 1 0 1 2.7868 1 1 0 0.0000 0.0000
2 60.3511 114.3077 1 1 0 1 1.4725 1 1 0 0.0000 0.0000
2 88.6969 141.3633 2 4 0 0 3.9959 0 1 0 0.0000 0.0000
2 101.9270 124.9169 2 4 0 0 1.8811 0 1 0 0.0000 0.0000
2 95.0812 129.7580 2 4 0 0 1.1691 0 1 0 0.0000 0.0000
2 99.7772 123.8030 2 2 0 1 1.7338 1 1 0 0.0000 0.0000
2 101.7649 128.0355 2 2 0 1 0.9995 1 1 0 0.0000 0.0000
2 114.5281 61.5265 3 3 0 1 1.3671 1 1 0 0.0000 0.0000
2 109.0160 110.1222 4 2 0 0 1.2009 0 1 0 0.0000 0.0000
2 111.7934 125.1150 2 4 0 0 2.4533 0 1 0 0.0000 0.0000
2 81.6602 102.3989 1 1 0 1 3.9456 1 1 0 0.0000 0.0000
2 106.4592 68.8722 3 3 0 1 1.1244 1 1 0 0.0000 0.0000
2 85.6089 129.0267 2 2 0 1 2.8881 1 1 0 0.0000 0.0000
2 134.4524 99.3927 4 4 0 1 1.6559 1 1 0 0.0000 0.0000
2 134.6237 92.0509 4 4 0 1 1.2886 1 1 0 0.0000 0.0000
2 131.9209 123.1288 4 4 0 1 0.8324 1 1 0 0.0000 0.0000
2 125.4987 91.7156 4 4 0 1 0.5098 1 1 0 0.0000 0.0000
2 136.7401 101.5012 4 4 0 1 0.5626 1 1 0 0.0000 0.0000
2 77.0563 105.1720 1 1 0 1 1.1126 1 1 0 0.0000 0.0000
2 106.3064 69.9625 3 3 0 1 1.4990 1 1 0 0.0000 0.0000
2 108.8706 89.0201 4 3 0 0 3.5281 0 1 0 0.0000 0.0000
2 74.1195 99.1445 1 1 0 1 1.5449 1 1 0 0.0000 0.0000
2 95.7718 76.3855 3 1 0 0 1.6384 0 1 0 0.0000 0.0000
2 79.1953 108.8968 1 1 0 1 4.4380 1 1 0 0.0000 0.0000
2 103.7841 117.2437 2 4 0 0 3.0063 0 1 0 0.0000 0.0000
2 93.6008 125.3017 2 1 0 0 1.3619 0 1 0 0.0000 0.0000
2 86.8404 95.0285 3 3 0 1 1.5946 1 1 0 0.0000 0.0000
2 123.1753 102.4976 4 3 0 0 2.8742 0 1 0 0.0000 0.0000
2 100.1202 137.3844 2 2 0 1 1.8507 1 1 0 0.0000 0.0000
2 142.5410 96.0239 4 4 0 1 1.5834 1 1 0 0.0000 0.0000
3 72.0866 111.0079 1 1 0 1 1.8978 1 1 0 0.0000 0.0000
3 92.7225 150.3744 2 2 0 1 1.6173 1 1 0 0.0000 0.0000
3 131.8167 93.1313 4 3 0 0 1.3444 0 1 0 0.0000 0.0000
3 137.4330 97.0950 4 4 0 1 2.4406 1 1 0 0.0000 0.0000
3 100.4535 75.4099 3 3 0 1 1.5022 1 1 0 0.0000 0.0000
3 124.4834 113.4982 4 4 0 1 14.8270 1 1 0 0.0000 0.0000
3 88.1573 69.8247 3 3 0 1 1.1018 1 1 0 0.0000 0.0000
3 106.3317 61.3886 3 3 0 1 1.1847 1 1 0 0.0000 0.0000
3 122.0819 84.6832 4 4 0 1 2.0853 1 1 0 0.0000 0.0000
3 104.0930 67.8945 3 3 0 1 1.1849 1 1 0 0.0000 0.0000
3 81.3666 54.0435 3 3 0 1 1.3016 1 1 0 0.0000 0.0000
3 63.0102 111.5537 1 2 0 0 1.6610 0 1 0 0.0000 0.0000
3 112.2636 78.2404 3 3 0 1 1.0533 1 1 0 0.0000 0.0000
3 124.4760 113.3694 4 4 0 1 2.5107 1 1 0 0.0000 0.0000
3 140.5597 95.9058 4 4 0 1 1.1572 1 1 0 0.0000 0.0000
3 116.6820 143.1406 2 4 0 0 0.8427 0 1 0 0.0000 0.0000
3 58.3275 73.3529 1 3 0 0 1.1596 0 1 0 0.0000 0.0000
3 89.8963 132.1882 2 1 0 0 4.1566 0 1 0 0.0000 0.0000
3 95.9106 133.0822 2 2 0 1 3.5015 1 1 0 0.0000 0.0000
3 136.6960 85.7850 4 3 0 0 1.1962 0 1 0 0.0000 0.0000
3 128.3816 97.9748 4 4 0 1 1.9685 1 1 0 0.0000 0.0000
3 122.5304 84.5825 4 4 0 1 0.8904 1 1 0 0.0000 0.0000
3 63.6886 99.3253 1 1 0 1 1.2569 1 1 0 0.0000 0.0000
3 136.1951 109.8769 4 4 0 1 1.6468 1 1 0 0.0000 0.0000
3 124.6191 98.2480 4 4 0 1 2.3516 1 1 0 0.0000 0.0000
3 54.7262 102.9481 1 1 0 1 1.3472 1 1 0 0.0000 0.0000
3 111.1747 126.9010 2 4 0 0 1.8993 0 1 0 0.0000 0.0000
3 64.8705 105.0281 1 1 0 1 1.2827 1 1 0 0.0000 0.0000
3 71.8706 91.0002 1 1 0 1 1.5450 1 1 0 0.0000 0.0000
3 79.3883 101.9495 1 1 0 1 3.6062 1 1 0 0.0000 0.0000
3 68.4902 100.3769 1 1 0 1 5.9442 1 1 0 0.0000 0.0000
3 87.1385 149.7429 2 2 0 1 1.7825 1 1 0 0.0000 0.0000
3 75.6848 119.7178 1 1 0 1 2.4741 1 1 0 0.0000 0.0000
3 107.2683 82.1691 3 3 0 1 1.3914 1 1 0 0.0000 0.0000
3 107.4212 77.5781 3 3 0 1 4.2965 1 1 0 0.0000 0.0000
3 126.2479 93.8255 4 3 0 0 1.2128 0 1 0 0.0000 0.0000
3 84.3642 77.5642 3 1 0 0 1.9060 0 1 0 0.0000 0.0000
3 96.6668 66.6565 3 3 0 1 0.7935 1 1 0 0.0000 0.0000
3 81.4458 97.6135 1 3 0 0 1.5875 0 1 0 0.0000 0.0000
3 97.2248 74.9069 3 3 0 1 0.7550 1 1 0 0.0000 0.0000
3 102.3440 113.0387 2 3 0 0 0.8131 0 1 0 0.0000 0.0000
3 86.1985 132.7623 2 2 0 1 2.4090 1 1 0 0.0000 0.0000
3 77.0293 88.6312 1 3 0 0 1.1329 0 1 0 0.0000 0.0000
3 122.1071 98.6297 4 4 0 1 3.0401 1 1 0 0.0000 0.0000
3 104.4290 118.4309 2 4 0 0 1.1897 0 1 0 0.0000 0.0000
3 93.0298 127.9223 2 2 0 1 2.3477 1 1 0 0.0000 0.0000
3 73.1696 85.1931 1 3 0 0 4.4454 0 1 0 0.0000 0.0000
3 105.3890 122.3535 2 4 0 0 2.8693 0 1 0 0.0000 0.0000
3 100.7278 116.5772 2 2 0 1 3.0451 1 1 0 0.0000 0.0000
3 126.1289 115.0799 4 4 0 1 1.3046 1 1 0 0.0000 0.0000
3 76.2416 107.6445 1 1 0 1 2.4491 1 1 0 0.0000 0.0000
3 106.5451 94.5860 4 4 0 1 2.2779 1 1 0 0.0000 0.0000
3 110.5923 67.3542 3 3 0 1 1.3193 1 1 0 0.0000 0.0000
3 144.1202 106.3873 4 4 0 1 1.5018 1 1 0 0.0000 0.0000
3 80.3630 107.5832 1 1 0 1 13.1465 1 1 0 0.0000 0.0000
3 108.9143 79.3603 3 3 0 1 1.3610 1 1 0 0.0000 0.0000
3 64.3651 104.8376 1 1 0 1 1.3860 1 1 0 0.0000 0.0000
3 132.9753 98.2457 4 4 0 1 1.3632 1 1 0 0.0000 0.0000
3 92.5923 132.0602 2 2 0 1 3.3562 1 1 0 0.0000 0.0000
3 98.5767 125.9519 2 2 0 1 1.5442 1 1 0 0.0000 0.0000
3 137.3462 113.9915 4 4 0 1 1.7178 1 1 0 0.0000 0.0000
3 136.5479 103.7805 4 4 0 1 1.0640 1 1 0 0.0000 0.0000
3 87.7432 121.7098 2 2 0 1 2.6989 1 1 0 0.0000 0.0000
3 88.0723 90.5523 3 2 0 0 1.2061 0 1 0 0.0000 0.0000
3 100.6883 64.5680 3 3 0 1 1.2744 1 1 0 0.0000 0.0000
3 108.6715 117.6680 2 4 0 0 6.1288 0 1 0 0.0000 0.0000
3 106.5160 71.4494 3 3 0 1 1.3176 1 1 0 0.0000 0.0000
3 88.4604 132.3513 2 2 0 1 3.0692 1 1 0 0.0000 0.0000
3 56.7195 111.4643 1 1 0 1 3.4574 1 1 0 0.0000 0.0000
3 97.3481 129.1895 2 2 0 1 4.3682 1 1 0 0.0000 0.0000
3 62.6681 107.7355 1 1 0 1 2.3257 1 1 0 0.0000 0.0000
3 69.8536 99.2167 1 2 0 0 1.3027 0 1 0 0.0000 0.0000
3 116.9347 101.9188 4 4 0 1 1.3893 1 1 0 0.0000 0.0000
3 97.0720 123.3270 2 4 0 0 0.9830 0 1 0 0.0000 0.0000
3 136.1853 96.6623 4 4 0 1 0.9194 1 1 0 0.0000 0.0000
3 101.5459 83.4905 3 3 0 1 1.6376 1 1 0 0.0000 0.0000
3 90.5905 64.5018 1 3 0 0 0.9817 0 1 0 0.0000 0.0000
3 76.5329 94.4930 1 1 0 1 3.0448 1 1 0 0.0000 0.0000
3 91.9586 81.3687 3 1 0 0 1.0331 0 1 0 0.0000 0.0000
3 100.3058 142.8041 2 2 0 1 2.4576 1 1 0 0.0000 0.0000
3 101.0772 80.8251 3 3 0 1 1.5982 1 1 0 0.0000 0.0000
3 91.5153 109.5289 2 4 0 0 3.6310 0 1 0 0.0000 0.0000
3 108.4486 68.6553 3 3 0 1 1.4599 1 1 0 0.0000 0.0000
3 120.2365 105.3651 4 4 0 1 3.2637 1 1 0 0.0000 0.0000
3 114.9372 130.4124 2 4 0 0 2.1532 0 1 0 0.0000 0.0000
3 84.6467 111.4268 1 2 0 0 2.3616 0 1 0 0.0000 0.0000
3 77.9282 100.4959 1 4 0 0 2.4444 0 1 0 0.0000 0.0000
3 104.5617 56.6949 3 3 0 1 1.8100 1 1 0 0.0000 0.0000
3 98.1793 69.0923 3 3 0 1 5.4147 1 1 0 0.0000 0.0000
3 90.2632 82.8812 3 4 0 0 17.4960 0 1 0 0.0000 0.0000
3 95.0387 77.2566 3 3 0 1 2.5437 1 1 0 0.0000 0.0000
3 95.5324 124.7046 2 2 0 1 1.7830 1 1 0 0.0000 0.0000
3 127.5453 108.7529 4 4 0 1 3.8020 1 1 0 0.0000 0.0000
3 71.1848 108.2609 1 1 0 1 3.0427 1 1 0 0.0000 0.0000
3 91.4105 93.8808 3 3 0 1 13.3666 1 1 0 0.0000 0.0000
3 106.3990 126.8403 2 2 0 1 14.5804 1 1 0 0.0000 0.0000
3 122.1147 103.2817 4 4 0 1 1.9036 1 1 0 0.0000 0.0000
3 150.1976 102.3980 4 4 0 1 0.8072 1 1 0 0.0000 0.0000
3 97.1936 128.5897 2 2 0 1 4.3871 1 1 0 0.0000 0.0000
3 63.4817 91.5669 1 1 0 1 1.2735 1 1 0 0.0000 0.0000
4 146.5705 88.5627 4 4 3 1 1.5938 0 0 0 0.0000 0.0000
4 136.6421 100.5962 4 4 3 1 0.8812 0 0 0 0.0000 0.0000
4 103.4156 75.8864 3 3 3 1 1.5518 1 0 0 0.0000 0.0000
4 114.5423 65.2524 3 3 3 1 1.6774 1 0 0 0.0000 0.0000
4 97.5037 109.7229 2 2 1 1 1.5827 0 0 0 0.0000 0.0000
4 128.0394 100.6980 4 4 2 1 1.6126 0 0 0 0.0000 0.0000
4 98.6420 67.0848 3 3 4 1 1.5972 0 0 0 0.0000 0.0000
4 98.2451 120.4918 2 2 3 1 1.4848 0 0 0 0.0000 0.0000
4 102.0303 55.2700 3 3 3 1 1.0648 1 0 0 0.0000 0.0000
4 83.5111 127.4984 2 2 4 1 4.5057 0 0 0 0.0000 0.0000
4 103.5842 78.5183 3 3 1 1 1.2187 0 0 0 0.0000 0.0000
4 53.1331 82.5922 1 1 2 1 1.4952 0 0 0 0.0000 0.0000
4 150.6347 101.2032 4 4 3 1 2.6274 0 0 0 0.0000 0.0000
4 89.3754 80.2530 3 3 3 1 3.4853 1 0 0 0.0000 0.0000
4 104.3017 71.1701 3 3 4 1 1.0850 0 0 0 0.0000 0.0000
4 58.3788 84.3613 1 1 2 1 1.2628 0 0 0 0.0000 0.0000
4 99.3557 122.9250 2 2 1 1 1.3014 0 0 0 0.0000 0.0000
4 108.3587 74.9542 3 3 2 1 2.0925 0 0 0 0.0000 0.0000
4 57.9441 87.1006 1 1 1 1 1.9121 1 0 0 0.0000 0.0000
4 116.7455 95.2483 4 4 1 1 2.7665 0 0 0 0.0000 0.0000
4 119.2084 107.1740 4 3 2 0 2.9723 0 0 0 0.0000 0.0000
4 99.8400 81.4098 3 2 4 0 6.5102 0 0 0 0.0000 0.0000
4 131.7155 99.7142 4 4 1 1 1.4187 0 0 0 0.0000 0.0000
4 91.6309 131.5931 2 2 2 1 2.3587 1 0 0 0.0000 0.0000
4 88.1528 75.4018 3 3 4 1 2.3129 0 0 0 0.0000 0.0000
4 104.7658 137.1957 2 2 3 1 26.2678 0 0 0 0.0000 0.0000
4 91.7822 124.1051 2 2 4 1 4.4190 0 0 0 0.0000 0.0000
4 132.4578 93.5496 4 4 3 1 1.3851 0 0 0 0.0000 0.0000
4 113.7347 110.0741 4 3 3 0 2.2434 1 0 0 0.0000 0.0000
4 126.4884 92.9181 4 3 2 0 1.2677 0 0 0 0.0000 0.0000
4 70.9801 97.4984 1 1 1 1 1.3401 1 0 0 0.0000 0.0000
4 104.7419 95.8541 4 2 2 0 6.1805 1 0 0 0.0000 0.0000
4 119.8556 94.2118 4 4 4 1 2.6048 1 0 0 0.0000 0.0000
4 71.8123 78.3524 1 3 4 0 1.7659 0 0 0 0.0000 0.0000
4 94.8067 71.0829 3 3 4 1 4.8583 0 0 0 0.0000 0.0000
4 105.5620 113.2681 2 4 1 0 2.3499 0 0 0 0.0000 0.0000
4 67.2599 96.2754 1 1 4 1 1.1860 0 0 0 0.0000 0.0000
4 105.3690 62.3515 3 3 1 1 1.0144 0 0 0 0.0000 0.0000
4 107.8462 71.1292 3 3 4 1 1.1106 0 0 0 0.0000 0.0000
4 66.9838 90.4158 1 1 3 1 1.1146 0 0 0 0.0000 0.0000
4 111.5165 115.1448 2 2 2 1 1.6133 1 0 0 0.0000 0.0000
4 105.8389 59.3266 3 4 3 0 4.2367 0 0 0 0.0000 0.0000
4 76.4013 95.2955 1 1 2 1 2.1596 0 0 0 0.0000 0.0000
4 139.5657 102.7081 4 4 3 1 1.4836 0 0 0 0.0000 0.0000
4 94.5967 82.4114 3 3 1 1 1.9755 0 0 0 0.0000 0.0000
4 97.6390 74.1439 3 3 2 1 1.2491 0 0 0 0.0000 0.0000
4 107.7596 101.6084 4 2 4 0 1.8011 0 0 0 0.0000 0.0000
4 125.0520 99.4714 4 4 1 1 2.2855 0 0 0 0.0000 0.0000
4 75.2274 96.2135 1 1 4 1 5.7261 0 0 0 0.0000 0.0000
4 131.3731 96.3049 4 2 4 0 3.4945 0 0 0 0.0000 0.0000
4 103.2945 76.8177 3 4 1 0 2.1182 0 0 0 0.0000 0.0000
4 53.2597 97.6524 1 3 1 0 2.0861 0 0 0 0.0000 0.0000
4 137.0168 95.2159 4 3 2 0 2.3060 0 0 0 0.0000 0.0000
4 70.9591 107.6042 1 4 4 0 4.8687 1 0 0 0.0000 0.0000
4 88.9110 106.8961 1 3 2 0 1.5128 0 0 0 0.0000 0.0000
4 81.7898 111.5385 2 1 2 0 2.0716 0 0 0 0.0000 0.0000
4 84.9633 129.4892 2 4 4 0 2.7547 1 0 0 0.0000 0.0000
4 121.0435 119.9764 2 2 2 1 1.6154 1 0 0 0.0000 0.0000
4 97.3913 130.7559 2 3 3 0 1.2302 1 0 0 0.0000 0.0000
4 107.5018 121.6098 2 4 3 0 2.1642 0 0 0 0.0000 0.0000
4 67.7185 92.3521 1 1 2 1 1.2495 0 0 0 0.0000 0.0000
4 57.3956 106.8825 1 3 4 0 1.2397 0 0 0 0.0000 0.0000
4 110.0177 129.0274 2 2 2 1 1.2945 1 0 0 0.0000 0.0000
4 123.1581 86.3214 3 2 1 0 1.2053 0 0 0 0.0000 0.0000
4 131.5554 93.7477 4 4 1 1 1.8820 0 0 0 0.0000 0.0000
4 105.4727 122.0417 2 3 2 0 12.0803 0 0 0 0.0000 0.0000
4 90.2395 128.2253 2 3 4 0 5.5798 0 0 0 0.0000 0.0000
4 82.7276 60.7880 3 3 3 1 1.5374 1 0 0 0.0000 0.0000
4 59.6690 94.7477 1 1 1 1 2.4809 1 0 0 0.0000 0.0000
4 130.4596 86.2393 4 4 1 1 1.5921 0 0 0 0.0000 0.0000
4 121.8181 81.1996 4 2 1 0 1.9588 0 0 0 0.0000 0.0000
4 117.3649 99.6703 4 4 3 1 2.0956 0 0 0 0.0000 0.0000
4 97.0638 60.2841 3 3 1 1 1.2448 0 0 0 0.0000 0.0000
4 77.3297 102.7611 1 1 3 1 1.2200 0 0 0 0.0000 0.0000
4 89.2050 134.1374 2 4 4 0 1.8644 1 0 0 0.0000 0.0000
4 68.2180 104.2906 1 3 2 0 1.1663 0 0 0 0.0000 0.0000
4 72.5069 95.0757 1 1 3 1 1.2351 0 0 0 0.0000 0.0000
4 88.6888 98.2993 1 2 4 0 1.3366 0 0 0 0.0000 0.0000
4 135.2789 131.4748 4 4 1 1 2.4012 0 0 0 0.0000 0.0000
4 99.2885 68.1986 3 3 4 1 3.0122 0 0 0 0.0000 0.0000
4 74.1058 102.7346 1 1 2 1 2.3607 0 0 0 0.0000 0.0000
4 110.2706 135.7376 2 3 4 0 8.1069 0 0 0 0.0000 0.0000
4 95.0873 138.8186 2 4 4 0 1.8901 1 0 0 0.0000 0.0000
4 72.5890 103.3064 1 4 1 0 2.7928 0 0 0 0.0000 0.0000
4 104.8871 113.3817 2 2 1 1 1.3207 0 0 0 0.0000 0.0000
4 104.9786 107.9879 2 1 1 0 0.8487 1 0 0 0.0000 0.0000
4 92.0338 75.2069 3 3 2 1 1.3567 0 0 0 0.0000 0.0000
4 127.2725 101.2891 4 4 1 1 1.7986 0 0 0 0.0000 0.0000
4 94.9339 58.1167 3 3 2 1 1.1146 0 0 0 0.0000 0.0000
4 69.7773 107.5104 1 1 2 1 1.5658 0 0 0 0.0000 0.0000
4 101.1719 119.2859 2 4 2 0 1.2604 0 0 0 0.0000 0.0000
4 138.9077 109.0262 4 1 1 0 2.3869 1 0 0 0.0000 0.0000
4 68.5902 111.2368 1 4 3 0 3.5420 0 0 0 0.0000 0.0000
4 92.0560 65.2067 3 3 1 1 1.2241 0 0 0 0.0000 0.0000
4 139.8791 103.1183 4 2 1 0 1.4708 0 0 0 0.0000 0.0000
4 68.8092 92.9212 1 4 2 0 6.8419 0 0 0 0.0000 0.0000
4 93.4160 96.6826 1 3 4 0 1.4418 0 0 0 0.0000 0.0000
4 90.6607 114.7931 2 2 3 1 1.2771 0 0 0 0.0000 0.0000
4 98.0184 84.3762 3 1 4 0 2.4515 0 0 0 0.0000 0.0000
4 106.0402 131.1355 2 3 2 0 1.2902 0 0 0 0.0000 0.0000
5 79.5622 79.5091 3 1 3 0 6.5024 0 0 0 81.3651 0.0000
5 140.8232 100.9438 4 1 4 0 8.3803 0 0 1 2.6684 0.5000
5 116.1249 104.1484 4 4 3 1 10.5583 0 0 1 1.1907 0.6667
5 131.4001 98.8049 4 4 4 1 4.9642 1 0 0 1.0053 0.5000
5 70.1847 112.6640 1 2 1 0 5.7660 0 0 0 1.1893 0.4000
5 96.4548 124.9745 2 3 4 0 13.7634 0 0 0 1.8882 0.3333
5 92.9046 122.1020 2 3 4 0 9.3596 0 0 0 2.8575 0.2857
5 149.8503 85.6629 4 4 4 1 5.3767 1 0 1 5.7802 0.3750
5 113.3941 91.5610 4 3 1 0 3.9902 0 0 1 4.8538 0.4444
5 104.7584 57.8152 3 3 3 1 2.9610 1 0 1 3.0465 0.5000
5 117.2038 70.5478 3 2 3 0 5.0752 0 0 1 0.6068 0.5455
5 102.1152 59.2238 3 2 1 0 4.6048 0 0 0 0.5564 0.5000
5 115.0339 82.6380 3 3 2 1 7.4494 0 0 0 2.8506 0.4615
5 67.3771 101.2090 1 3 1 0 3.2740 0 0 0 1.1776 0.4286
5 133.6930 86.1741 4 3 4 0 6.2293 0 0 1 2.9916 0.4667
5 143.8585 102.7132 4 4 3 1 3.6583 0 0 0 2.4823 0.4375
5 69.5087 113.4943 1 1 3 1 7.3279 0 0 0 1.3815 0.4118
5 54.5403 100.5869 1 4 3 0 4.7421 0 0 0 3.4181 0.3889
5 100.4068 124.7725 2 3 4 0 2.2397 0 0 1 0.9312 0.4211
5 102.1550 55.7520 3 3 2 1 3.2425 0 0 0 1.4002 0.4000
5 99.2293 138.8234 2 3 3 0 4.5228 1 0 0 0.4893 0.3810
5 117.8498 104.5631 4 4 2 1 5.5406 0 0 0 1.3727 0.3636
5 101.3815 73.0170 3 3 4 1 6.7992 0 0 1 2.7294 0.3913
5 111.8528 115.5680 2 2 4 1 14.4624 0 0 0 3.0988 0.3750
5 97.4285 121.9249 2 4 1 0 3.2715 0 0 0 1.0135 0.3600
5 64.7903 77.3709 1 3 3 0 10.7826 1 0 1 2.9269 0.3846
5 66.1732 98.4152 1 3 2 0 2.4097 0 0 0 2.3404 0.3704
5 86.9869 137.7303 2 4 1 0 4.0320 0 0 1 5.8740 0.3929
5 78.1565 106.1586 1 2 4 0 4.1206 0 0 1 3.8388 0.4138
5 96.0057 70.3104 3 3 3 1 2.9766 1 0 1 1.4170 0.4333
5 65.2718 109.8442 1 1 2 1 7.5468 0 0 1 3.3678 0.4516
5 79.8331 109.3147 1 4 4 0 5.6576 1 0 1 1.2864 0.4688
5 122.8224 101.7694 4 3 3 0 1.9252 1 0 1 1.8581 0.4848
5 64.6998 97.2169 1 1 2 1 4.0794 0 0 0 4.0974 0.4706
5 134.5390 105.2827 4 4 2 1 2.7601 0 0 1 1.9294 0.4857
5 108.1576 121.1709 2 3 2 0 3.2402 0 0 1 2.0389 0.5000
5 68.0811 97.2900 1 2 1 0 3.6409 0 0 1 1.4556 0.5135
5 69.1136 108.5233 1 1 2 1 2.6582 0 0 1 2.2720 0.5263
5 108.8308 89.4585 3 3 2 1 2.7278 0 0 1 1.8320 0.5385
5 95.8491 76.6500 3 3 1 1 2.0694 0 0 1 1.2691 0.5500
5 133.2758 109.7255 4 4 3 1 2.2273 0 0 0 5.0941 0.5366
5 105.3527 58.0847 3 3 4 1 1.7510 0 0 1 2.3825 0.5476
5 96.1304 74.5303 3 2 1 0 2.2827 0 0 1 1.7109 0.5581
5 78.0756 96.2654 1 1 3 1 2.4398 0 0 1 2.3195 0.5682
5 103.9174 117.3660 2 3 4 0 1.5762 0 0 1 1.5785 0.5778
5 122.2716 97.8254 4 3 3 0 4.5927 1 0 1 2.4495 0.5870
5 96.8514 93.5220 1 3 4 0 1.9182 0 0 1 2.8266 0.5957
5 81.9811 122.2044 2 2 3 1 2.9935 0 0 1 1.0475 0.6042
5 118.4548 107.2515 4 4 2 1 5.5040 0 0 0 2.5203 0.5918
5 71.6742 104.6640 1 3 2 0 2.7746 0 0 1 2.3915 0.6000
5 104.8418 64.5808 3 3 4 1 2.9786 0 0 0 3.4498 0.5882
5 87.6885 64.6841 3 3 1 1 3.3302 0 0 0 1.8429 0.5769
5 126.2764 83.8192 4 2 1 0 2.0338 0 0 1 1.5197 0.5849
5 109.0030 126.8378 2 1 3 0 3.0439 0 0 1 3.0991 0.5926
5 106.7931 73.1952 3 3 1 1 1.6079 0 0 1 2.1387 0.6000
5 87.4933 102.6541 1 4 2 0 1.8554 0 0 0 1.5122 0.5893
5 133.6609 106.8919 4 3 2 0 2.9882 0 0 1 1.3785 0.5965
5 73.3303 105.7902 1 3 1 0 1.4273 0 0 1 1.5708 0.6034
5 120.7779 94.1121 4 2 3 0 1.8004 0 0 1 0.9595 0.6102
5 91.8763 91.1651 1 3 4 0 2.0211 0 0 1 2.4992 0.6167
5 86.0869 61.6301 3 3 4 1 1.4410 0 0 1 4.5444 0.6230
5 105.2905 110.1930 2 4 2 0 2.3386 0 0 1 2.0722 0.6290
5 119.7651 117.6533 2 3 2 0 1.2590 0 0 1 1.2861 0.6349
5 65.6183 91.4331 1 1 1 1 2.6604 1 0 1 2.2102 0.6406
5 101.4158 66.0176 3 3 3 1 2.2965 1 0 1 1.8693 0.6462
5 89.9558 64.8627 3 3 4 1 1.6747 0 0 1 2.7027 0.6515
5 114.6830 141.2372 2 3 1 0 4.1984 0 0 1 2.1863 0.6567
5 86.3858 114.7453 1 2 4 0 2.0672 0 0 1 1.0578 0.6618
5 103.2879 70.9612 3 1 1 0 1.9618 1 0 1 3.8457 0.6667
5 98.4903 82.6266 3 4 2 0 2.0221 0 0 1 2.2117 0.6714
5 126.7152 117.4950 4 3 1 0 1.3378 0 0 1 1.2068 0.6761
5 87.3270 119.1106 2 4 3 0 2.8514 0 0 1 1.0467 0.6806
5 81.1348 85.8898 1 2 3 0 1.3903 0 0 1 3.1627 0.6849
5 105.5005 79.1120 3 3 1 1 2.0574 0 0 1 2.1838 0.6892
5 107.7221 122.8525 2 2 1 1 1.4693 0 0 1 2.5566 0.6933
5 107.8802 133.4480 2 1 1 0 1.7389 1 0 1 2.0010 0.6974
5 104.7563 75.8659 3 3 1 1 1.6341 0 0 1 2.8068 0.7013
5 101.4667 116.3394 2 3 4 0 1.4536 0 0 1 1.4519 0.7051
5 95.7107 96.6214 1 2 4 0 1.4068 0 0 1 1.6283 0.7089
5 94.1610 140.3225 2 3 4 0 1.1398 0 0 1 1.3070 0.7125
5 117.2242 127.3864 2 1 1 0 1.7057 1 0 1 1.6625 0.7160
5 107.3375 146.0332 2 3 2 0 1.6226 0 0 1 1.8338 0.7195
5 92.9462 88.1557 3 2 3 0 1.6865 0 0 1 3.4193 0.7229
5 121.1033 94.5771 4 3 4 0 1.3928 0 0 1 2.1903 0.7262
5 131.2137 109.6500 4 2 2 0 2.8698 1 0 1 1.0346 0.7294
5 96.5532 70.7419 3 3 4 1 1.5884 0 0 1 4.4870 0.7326
5 78.4511 105.1860 1 2 1 0 3.5941 0 0 1 1.4557 0.7356
5 97.8579 128.1863 2 4 3 0 2.4994 0 0 0 2.4613 0.7273
5 96.6394 63.9314 3 3 1 1 1.3061 0 0 1 2.1504 0.7303
5 78.5336 135.8575 2 2 4 1 1.5631 0 0 1 1.9008 0.7333
5 141.1648 118.9442 4 3 3 0 1.4663 1 0 1 3.5298 0.7363
5 133.6424 103.4671 4 2 3 0 1.8099 0 0 1 1.5615 0.7391
5 75.2236 88.3775 1 1 4 1 1.5989 0 0 1 6.2256 0.7419
5 110.7196 116.0871 2 4 2 0 2.0008 0 0 1 1.7422 0.7447
5 67.0568 102.8144 1 3 2 0 1.5604 0 0 1 3.9779 0.7474
5 124.0074 108.1929 4 2 4 0 1.7752 0 0 1 2.3744 0.7500
5 111.1212 118.3085 4 3 4 0 1.3926 0 0 1 1.1506 0.7526
5 124.2482 90.8835 4 2 1 0 1.5778 0 0 0 1.6595 0.7449
5 103.7433 91.3476 4 3 4 0 1.5077 0 0 1 1.6203 0.7475
5 102.6554 124.9706 2 4 3 0 2.6189 0 0 1 1.9441 0.7500
6 56.5795 97.8917 1 1 2 1 4.1336 0 0 1 2.3610 0.7525
6 126.8054 79.3947 4 4 1 1 3.0750 0 0 1 1.9159 0.7549
6 101.5083 136.7463 2 2 1 1 2.0906 0 0 1 2.1214 0.7573
6 88.9286 109.5578 2 3 1 0 1.3893 0 0 1 1.3706 0.7596
6 108.8790 128.9527 2 4 4 0 1.6433 1 0 1 1.1349 0.7619
6 85.5099 78.3823 3 1 4 0 1.8335 0 0 1 1.3465 0.7642
6 80.0327 125.0308 2 3 4 0 1.8924 0 0 1 0.9904 0.7664
6 136.6758 89.3931 4 2 1 0 1.5894 0 0 1 1.3040 0.7685
6 130.1129 92.5924 4 3 3 0 2.1995 1 0 1 2.5695 0.7706
6 58.2609 103.3889 1 4 4 0 2.1046 1 0 0 4.1843 0.7636
6 91.0872 110.3567 2 3 2 0 2.4013 0 0 1 1.8486 0.7658
6 85.8959 100.2280 1 2 3 0 1.2378 0 0 1 2.0953 0.7679
6 125.0165 87.0374 4 3 1 0 2.4672 0 0 0 1.4678 0.7611
6 90.7274 115.0446 2 4 3 0 1.6933 0 0 1 1.9233 0.7632
6 74.4056 94.8732 1 3 4 0 1.3455 0 0 1 10.8613 0.7652
6 101.9013 52.5659 3 3 4 1 1.3935 0 0 1 1.9186 0.7672
6 138.9301 102.8864 4 2 4 0 1.3562 0 0 1 1.2569 0.7692
6 139.6484 97.5681 4 1 1 0 1.2697 1 0 1 2.9437 0.7712
6 109.2279 139.7944 2 3 2 0 1.5125 0 0 1 6.4883 0.7731
6 138.1587 109.2010 4 2 2 0 2.6998 1 0 1 1.2103 0.7750
6 91.3367 66.3946 3 3 4 1 1.1903 0 0 1 1.8226 0.7769
6 103.5760 77.8437 3 2 2 0 5.4669 1 0 0 1.3449 0.7705
6 66.1666 70.6993 1 3 3 0 2.5607 1 0 1 1.4212 0.7724
6 109.1853 138.0732 2 4 4 0 5.4389 1 0 1 2.5008 0.7742
6 120.2600 88.8269 4 3 4 0 2.2584 0 0 1 2.2939 0.7760
6 90.7955 75.5635 3 1 1 0 2.1255 1 0 1 1.5810 0.7778
6 59.3703 85.0339 1 2 1 0 1.6510 0 0 1 1.0950 0.7795
6 64.4745 77.5333 1 3 1 0 1.6333 0 0 1 1.7497 0.7813
6 101.3003 118.2468 2 3 3 0 2.1276 1 0 1 9.0392 0.7829
6 84.3613 143.2540 2 4 2 0 2.8839 0 0 1 0.8720 0.7846
6 140.9303 83.2723 4 3 1 0 1.8834 0 0 0 2.0695 0.7786
6 116.6119 107.6445 4 2 4 0 1.4155 0 0 1 19.4137 0.7803
6 80.1687 102.4136 1 1 2 1 2.1008 0 0 1 2.2133 0.7820
6 115.8688 77.2415 3 4 3 0 2.5389 0 0 1 1.7819 0.7836
6 77.2926 99.9871 1 2 2 0 1.3767 1 0 0 2.3820 0.7778
6 127.1002 108.3619 4 3 3 0 1.4486 1 0 1 1.5272 0.7794
6 109.4130 86.6045 3 3 2 1 3.8198 0 0 1 1.2871 0.7810
6 140.3759 105.7105 4 2 1 0 1.4136 0 0 1 0.8034 0.7826
6 65.7857 99.0509 1 1 2 1 2.1812 0 0 1 1.6548 0.7842
6 138.7935 110.5281 4 4 4 1 2.4304 1 0 1 6.5349 0.7857
6 64.2303 102.6138 1 1 3 1 4.9415 0 0 1 1.4465 0.7872
6 90.9948 70.2116 3 3 2 1 1.1290 0 0 1 1.8870 0.7887
6 132.7261 92.5790 4 3 1 0 5.4529 0 0 1 3.7310 0.7902
6 74.0931 102.4500 1 2 2 0 1.4420 1 0 1 1.1529 0.7917
6 98.4734 67.9758 3 3 2 1 2.2839 0 0 1 3.2315 0.7931
6 104.8713 112.1152 2 3 2 0 1.2655 0 0 1 0.9723 0.7945
6 112.8350 144.2134 2 3 3 0 1.3630 1 0 0 1.7275 0.7891
6 93.1776 65.4764 3 4 3 0 2.0898 0 0 1 3.1289 0.7905
6 79.9510 141.1002 2 1 1 0 1.8785 1 0 1 1.4243 0.7919
6 100.2628 126.5816 2 2 2 1 2.4659 1 0 1 1.1945 0.7933
6 114.1970 77.1463 3 3 3 1 1.1908 1 0 1 1.7428 0.7947
6 92.6224 121.3498 2 4 2 0 1.8010 0 0 1 1.5529 0.7961
6 71.0679 87.6457 1 2 1 0 1.7827 0 0 1 3.0858 0.7974
6 101.7707 60.4127 3 3 1 1 1.4341 0 0 0 6.9365 0.7922
6 92.9179 131.8423 2 1 2 0 1.6249 0 0 1 1.1161 0.7935
6 75.8624 81.3255 1 2 4 0 1.3504 0 0 1 1.1705 0.7949
6 107.7046 80.5418 3 3 4 1 4.5585 0 0 1 1.1811 0.7962
6 99.2218 84.4636 3 4 2 0 2.2487 0 0 1 7.8039 0.7975
6 64.0041 91.5645 1 1 3 1 3.0573 0 0 1 1.8655 0.7987
6 116.7106 100.2723 4 3 3 0 1.1905 1 0 1 4.4637 0.8000
6 94.1701 78.6328 3 2 2 0 1.8736 1 0 1 0.9231 0.8012
6 88.7273 138.5179 2 3 3 0 1.5368 1 0 1 0.8816 0.8025
6 94.5770 65.3457 3 2 1 0 2.0855 0 0 1 2.6447 0.8037
6 129.3278 121.8224 4 3 2 0 1.2542 0 0 1 2.7359 0.8049
6 74.2789 93.9803 1 4 1 0 2.0038 0 0 0 4.8962 0.8000
6 72.1357 96.4958 1 1 2 1 1.6589 0 0 1 1.5509 0.8012
6 100.2864 72.4270 3 1 2 0 2.1967 0 0 0 1.8472 0.7964
6 87.9524 84.3511 1 3 3 0 1.4279 1 0 1 1.2820 0.7976
6 94.3007 69.4132 3 2 3 0 1.2959 0 0 1 3.2907 0.7988
6 96.4923 64.0008 3 1 4 0 1.2615 0 0 1 2.0876 0.8000
6 136.2692 109.1555 4 3 4 0 1.2426 0 0 1 3.4919 0.8012
6 98.1891 128.3366 2 4 1 0 1.4685 0 0 1 1.3397 0.8023
6 100.6615 138.9520 2 2 4 1 2.7479 0 0 1 2.7957 0.8035
6 138.1050 78.6352 4 3 3 0 1.3452 1 0 1 1.7249 0.8046
6 103.5668 102.0057 2 1 2 0 5.4624 0 0 1 1.1319 0.8057
6 75.9152 124.9741 1 3 1 0 1.0142 0 0 1 1.4980 0.8068
6 132.9668 97.6630 4 2 3 0 1.2462 0 0 1 1.6079 0.8079
6 90.7772 75.4578 3 3 2 1 1.3426 0 0 0 1.6102 0.8034
6 94.4813 130.1834 2 2 3 1 2.1608 0 0 1 1.4737 0.8045
6 104.7057 119.4283 2 1 2 0 2.6768 0 0 1 7.6991 0.8056
6 61.8078 120.1106 1 2 1 0 1.5416 0 0 1 2.6467 0.8066
6 89.6134 63.6083 3 3 4 1 1.7369 0 0 1 1.3610 0.8077
6 85.6570 87.3307 1 4 3 0 4.4332 0 0 1 1.5810 0.8087
6 127.8129 85.9738 4 3 3 0 1.1574 1 0 1 2.3485 0.8098
6 96.1417 70.8354 3 3 4 1 1.3024 0 0 1 4.8332 0.8108
6 82.2037 101.0427 1 3 1 0 1.8036 0 0 0 1.6051 0.8065
6 107.4919 124.2660 2 2 4 1 1.3234 0 0 1 2.0707 0.8075
6 91.3928 137.1108 2 2 4 1 1.2890 0 0 1 1.9715 0.8085
6 121.2142 99.1859 4 3 2 0 1.3317 0 0 1 2.0313 0.8095
6 93.9370 62.4624 3 1 1 0 2.1453 1 0 1 2.7700 0.8105
6 100.2263 73.7651 3 1 3 0 0.9187 0 0 1 2.6480 0.8115
6 87.7027 99.6187 1 3 2 0 1.6728 0 0 1 1.4864 0.8125
6 80.3229 104.6976 1 3 1 0 3.1865 0 0 1 0.9099 0.8135
6 129.2654 80.7698 4 2 2 0 2.1307 1 0 1 7.3631 0.8144
6 134.8970 112.8241 4 4 2 1 2.8291 0 0 1 1.2151 0.8154
6 124.7199 97.3623 4 1 1 0 4.7153 1 0 1 1.4217 0.8163
6 106.8346 93.8795 4 3 4 0 6.0636 0 0 1 1.3006 0.8173
6 74.1213 97.4802 1 2 2 0 2.3076 1 0 1 2.5679 0.8182
6 116.8181 91.3350 3 4 2 0 2.1352 0 0 1 4.6642 0.8191
6 101.5874 128.6738 2 3 4 0 3.4048 0 0 0 1.6778 0.8150
7 129.2137 95.3005 4 2 3 0 2.0972 0 0 1 4.6722 0.8159
7 127.3768 98.4144 4 1 3 0 1.4613 0 0 1 0.9008 0.8168
7 102.7899 116.4195 2 3 2 0 1.0648 0 0 1 1.3255 0.8177
7 94.9039 108.7768 2 4 2 0 1.9807 0 0 1 1.0655 0.8186
7 61.1240 86.3064 1 1 4 1 1.4583 0 0 1 1.4734 0.8195
7 105.2155 124.7106 2 2 3 1 1.3001 0 0 1 1.3109 0.8204
7 108.8770 124.8040 2 3 1 0 1.9821 0 0 1 0.9233 0.8213
7 67.0555 109.5032 1 2 1 0 3.3437 0 0 1 1.3114 0.8221
7 107.5802 141.2795 2 4 2 0 1.9976 0 0 1 1.6260 0.8230
7 68.7974 98.9162 1 1 2 1 1.4255 0 0 1 1.3271 0.8238
7 52.2791 89.7587 1 1 3 1 1.3104 0 0 1 2.0579 0.8246
7 93.3909 63.3240 3 1 4 0 1.3239 0 0 1 1.1914 0.8255
7 101.8314 70.9860 3 3 4 1 1.2678 0 0 1 1.7898 0.8263
7 83.5518 92.8667 1 2 2 0 1.4014 1 0 1 0.9506 0.8271
7 124.0902 118.9130 4 3 4 0 2.4445 0 0 1 1.2208 0.8279
7 92.8701 115.4010 2 4 1 0 3.1540 0 0 1 1.1492 0.8287
7 125.4167 88.3572 4 1 3 0 1.5123 0 0 1 2.6166 0.8295
7 74.2690 85.7949 1 3 3 0 3.5471 1 0 1 1.4096 0.8303
7 127.0373 102.5313 4 2 1 0 3.1714 0 0 1 1.4222 0.8311
7 133.3841 95.1198 4 3 2 0 1.3608 0 0 1 0.7974 0.8318
7 103.3200 134.0606 2 1 1 0 1.2789 1 0 1 0.8088 0.8326
7 123.5913 90.9964 3 2 4 0 2.1705 0 0 1 0.8916 0.8333
7 60.9801 93.5680 1 1 1 1 1.4556 1 0 1 1.2140 0.8341
7 88.5755 154.7110 2 3 3 0 1.1463 1 0 1 1.1371 0.8348
7 79.3083 92.6669 1 4 2 0 1.4512 0 0 0 1.0342 0.8311
7 79.9215 80.1434 1 1 3 1 1.7458 0 0 1 1.1438 0.8319
7 65.6660 89.5178 1 3 1 0 1.0264 0 0 1 2.1986 0.8326
7 135.9208 94.1744 4 3 4 0 1.1800 0 0 1 1.0602 0.8333
7 116.4688 89.7162 4 2 2 0 1.0368 1 0 1 1.2805 0.8341
7 117.5010 78.0190 3 3 1 1 1.0060 0 0 1 0.9936 0.8348
7 108.7283 146.0765 2 4 2 0 2.0881 0 0 1 3.9603 0.8355
7 143.6140 95.9601 4 3 1 0 1.1943 0 0 0 1.9543 0.8319
7 71.1468 98.6645 1 1 1 1 1.6655 1 0 1 1.6702 0.8326
7 129.4118 107.4261 4 2 1 0 2.4302 0 0 1 1.3661 0.8333
7 145.5079 105.0925 4 3 2 0 1.4618 0 0 1 1.7813 0.8340
7 93.6683 67.5234 3 1 2 0 1.8241 0 0 0 1.1280 0.8305
7 97.3704 74.7911 3 4 3 0 1.4423 0 0 1 1.1211 0.8312
7 99.1364 69.9712 3 1 2 0 1.1796 0 0 1 1.3783 0.8319
7 112.0955 90.0869 4 2 4 0 1.1551 0 0 1 0.9215 0.8326
7 123.5472 93.8877 4 3 3 0 1.0062 1 0 1 1.1543 0.8333
7 69.6821 91.3549 1 2 1 0 1.2449 0 0 1 0.9661 0.8340
7 140.2754 107.0743 4 3 1 0 1.0200 0 0 0 3.3753 0.8306
7 110.6129 128.7154 2 1 1 0 1.2511 1 0 1 1.4364 0.8313
7 131.2149 122.0328 4 4 4 1 3.2940 1 0 1 1.2599 0.8320
7 129.6425 91.9746 4 3 4 0 1.1612 0 0 1 1.5527 0.8327
7 115.4950 102.4642 4 2 2 0 1.2217 1 0 1 1.0387 0.8333
7 126.1778 99.7698 4 3 2 0 1.5110 0 0 1 1.1594 0.8340
7 128.0954 100.7774 4 1 4 0 1.4424 0 0 1 1.0090 0.8347
7 67.5129 120.7204 1 1 3 1 1.3841 0 0 1 1.6371 0.8353
7 102.9168 122.0853 2 2 4 1 6.0120 0 0 0 1.9037 0.8320
7 95.8101 77.8261 3 2 1 0 1.5449 0 0 0 0.0000 0.8320
7 106.9445 67.1810 3 3 2 1 4.2944 0 0 0 0.0000 0.8320
7 100.2872 72.8516 3 1 1 0 1.1304 1 0 0 0.0000 0.8320
7 91.6975 118.6216 2 2 1 1 1.1340 0 0 0 0.0000 0.8320
7 99.5317 110.2907 2 3 3 0 1.0888 1 0 0 0.0000 0.8320
7 66.6809 92.0205 1 1 3 1 1.4427 0 0 0 0.0000 0.8320
7 136.6643 105.0332 4 4 3 1 1.3577 0 0 0 0.0000 0.8320
7 131.2836 106.8547 4 2 2 0 0.8388 1 0 0 0.0000 0.8320
7 109.9944 128.7132 2 3 3 0 1.6018 1 0 0 0.0000 0.8320
7 120.9845 109.6560 4 2 4 0 1.6166 0 0 0 0.0000 0.8320
7 85.1726 84.3353 1 1 3 1 1.0558 0 0 0 0.0000 0.8320
7 110.6893 65.7843 3 3 4 1 1.2974 0 0 0 0.0000 0.8320
7 103.3426 114.0996 2 4 2 0 2.1521 0 0 0 0.0000 0.8320
7 106.6255 68.2164 3 1 3 0 1.1089 0 0 0 0.0000 0.8320
7 106.9334 125.3360 2 2 4 1 1.1271 0 0 0 0.0000 0.8320
7 94.8941 72.0194 3 1 3 0 1.4017 0 0 0 0.0000 0.8320
7 123.5975 102.7674 4 3 3 0 1.1236 1 0 0 0.0000 0.8320
7 95.6192 81.2971 3 4 1 0 5.0144 0 0 0 0.0000 0.8320
7 87.4036 103.1563 1 2 4 0 1.0055 0 0 0 0.0000 0.8320
7 95.4788 69.3943 3 1 1 0 0.9097 1 0 0 0.0000 0.8320
7 135.8160 105.1594 4 2 3 0 1.3546 0 0 0 0.0000 0.8320
7 107.9136 64.3814 3 3 3 1 0.9630 1 0 0 0.0000 0.8320
7 80.1447 103.8121 1 2 1 0 1.3140 0 0 0 0.0000 0.8320
7 112.8966 126.8406 2 4 4 0 2.8090 1 0 0 0.0000 0.8320
7 65.8822 90.4625 1 1 3 1 2.0883 0 0 0 0.0000 0.8320
7 101.1053 71.3264 3 3 3 1 1.2519 1 0 0 0.0000 0.8320
7 115.6346 88.5311 3 2 2 0 1.1789 1 0 0 0.0000 0.8320
7 98.5304 129.2492 2 3 3 0 1.0549 1 0 0 0.0000 0.8320
7 108.5905 150.0014 2 4 3 0 1.6636 0 0 0 0.0000 0.8320
7 106.9555 129.7324 2 2 3 1 1.0081 0 0 0 0.0000 0.8320
7 95.5026 80.5391 3 3 3 1 1.3596 1 0 0 0.0000 0.8320
7 123.3151 82.9203 3 3 3 1 1.1602 1 0 0 0.0000 0.8320
7 103.3468 81.9164 3 3 1 1 0.4616 0 0 0 0.0000 0.8320
7 82.9756 154.2510 2 2 4 1 1.5852 0 0 0 0.0000 0.8320
7 70.7232 116.5256 1 3 4 0 1.5516 0 0 0 0.0000 0.8320
7 67.4598 105.3197 1 4 2 0 1.7751 0 0 0 0.0000 0.8320
7 87.6377 87.8999 1 1 4 1 2.3386 0 0 0 0.0000 0.8320
7 104.1968 141.2735 2 3 3 0 1.1730 1 0 0 0.0000 0.8320
7 88.9937 55.4789 3 1 1 0 2.2493 1 0 0 0.0000 0.8320
7 90.3402 116.8999 1 2 4 0 1.3385 0 0 0 0.0000 0.8320
7 116.0171 54.0204 3 1 1 0 0.8345 1 0 0 0.0000 0.8320
7 105.0474 72.4231 3 3 3 1 1.1663 1 0 0 0.0000 0.8320
7 107.7403 151.8154 2 4 2 0 2.0188 0 0 0 0.0000 0.8320
7 71.3646 100.4742 1 2 2 0 1.7891 1 0 0 0.0000 0.8320
7 63.6398 102.4741 1 2 2 0 1.5215 1 0 0 0.0000 0.8320
7 125.3780 93.6617 4 3 3 0 1.5819 1 0 0 0.0000 0.8320
7 113.6511 134.4659 2 3 1 0 1.9329 0 0 0 0.0000 0.8320
7 71.1379 121.6782 1 2 4 0 1.8922 0 0 0 0.0000 0.8320
7 119.9412 80.9812 3 4 4 0 2.1062 1 0 0 0.0000 0.8320
7 118.2760 134.3861 2 2 4 1 1.0945 0 0 0 0.0000 0.8320
8 68.9197 110.3770 1 1 0 1 1.5458 1 1 0 0.0000 0.8320
8 98.9164 142.1705 2 4 0 0 1.3316 0 1 0 0.0000 0.8320
8 137.3987 90.8951 4 3 0 0 1.0842 0 1 0 0.0000 0.8320
8 127.5829 95.3633 4 2 0 0 1.4064 0 1 0 0.0000 0.8320
8 63.4951 112.7103 1 1 0 1 1.0320 1 1 0 0.0000 0.8320
8 111.3216 66.9400 3 3 0 1 2.0564 1 1 0 0.0000 0.8320
8 79.9131 104.8711 1 1 0 1 3.2996 1 1 0 0.0000 0.8320
8 116.9702 92.0839 4 3 0 0 1.9343 0 1 0 0.0000 0.8320
8 106.8019 73.1424 3 3 0 1 1.5899 1 1 0 0.0000 0.8320
8 105.3469 62.1127 3 3 0 1 1.1886 1 1 0 0.0000 0.8320
8 122.0531 99.8556 4 4 0 1 2.8729 1 1 0 0.0000 0.8320
8 94.4080 49.6970 3 3 0 1 2.5386 1 1 0 0.0000 0.8320
8 132.4728 91.2742 4 2 0 0 1.3633 0 1 0 0.0000 0.8320
8 73.9319 114.8849 1 1 0 1 1.7561 1 1 0 0.0000 0.8320
8 80.5237 83.7751 3 1 0 0 2.9588 0 1 0 0.0000 0.8320
8 149.0769 86.5169 4 2 0 0 1.3284 0 1 0 0.0000 0.8320
8 129.4991 98.6783 4 4 0 1 1.6084 1 1 0 0.0000 0.8320
8 127.7091 94.5345 4 4 0 1 1.1591 1 1 0 0.0000 0.8320
8 66.3930 108.7872 1 1 0 1 0.9867 1 1 0 0.0000 0.8320
8 109.8880 115.3438 2 4 0 0 1.7695 0 1 0 0.0000 0.8320
8 94.1668 86.3556 3 4 0 0 3.1982 0 1 0 0.0000 0.8320
8 94.7207 105.7847 2 2 0 1 0.7604 1 1 0 0.0000 0.8320
8 69.4482 106.4665 1 1 0 1 1.2178 1 1 0 0.0000 0.8320
8 98.0288 118.9963 2 4 0 0 1.5750 0 1 0 0.0000 0.8320
8 82.7853 71.5963 3 3 0 1 1.7658 1 1 0 0.0000 0.8320
8 64.4410 99.6203 1 1 0 1 1.3679 1 1 0 0.0000 0.8320
8 118.1874 104.7384 4 2 0 0 1.1538 0 1 0 0.0000 0.8320
8 105.6745 113.8609 2 4 0 0 1.3332 0 1 0 0.0000 0.8320
8 84.9137 90.1487 3 3 0 1 1.2468 1 1 0 0.0000 0.8320
8 102.5889 83.5736 3 3 0 1 1.2530 1 1 0 0.0000 0.8320
8 110.4730 86.6673 3 4 0 0 1.3867 0 1 0 0.0000 0.8320
8 108.7611 66.5369 3 3 0 1 0.9167 1 1 0 0.0000 0.8320
8 119.6989 106.1292 4 2 0 0 1.1862 0 1 0 0.0000 0.8320
8 136.3717 93.2697 4 4 0 1 1.2386 1 1 0 0.0000 0.8320
8 147.2658 83.1370 4 2 0 0 1.2780 0 1 0 0.0000 0.8320
8 76.1449 86.4680 1 1 0 1 3.2691 1 1 0 0.0000 0.8320
8 113.2000 100.1867 4 4 0 1 1.6305 1 1 0 0.0000 0.8320
8 80.0384 101.4079 1 1 0 1 1.2989 1 1 0 0.0000 0.8320
8 78.2750 98.0735 1 1 0 1 2.0898 1 1 0 0.0000 0.8320
8 92.5239 112.3685 2 4 0 0 3.0936 0 1 0 0.0000 0.8320
8 133.5203 113.6583 4 4 0 1 1.1820 1 1 0 0.0000 0.8320
8 90.9880 115.6455 2 2 0 1 2.8851 1 1 0 0.0000 0.8320
8 112.4084 118.7632 4 4 0 1 1.7493 1 1 0 0.0000 0.8320
8 91.9341 128.1148 2 2 0 1 1.2764 1 1 0 0.0000 0.8320
8 91.6651 129.7944 2 2 0 1 1.1710 1 1 0 0.0000 0.8320
8 91.9709 124.1509 2 2 0 1 0.9826 1 1 0 0.0000 0.8320
8 65.5740 101.7929 1 1 0 1 1.1095 1 1 0 0.0000 0.8320
8 124.8673 94.9131 4 4 0 1 1.0478 1 1 0 0.0000 0.8320
8 55.6794 110.5232 1 1 0 1 1.0497 1 1 0 0.0000 0.8320
8 129.6642 100.7962 4 4 0 1 2.1705 1 1 0 0.0000 0.8320
8 98.0313 85.9155 3 3 0 1 2.0276 1 1 0 0.0000 0.8320
8 80.4441 103.3211 1 2 0 0 2.1346 0 1 0 0.0000 0.8320
8 84.0640 104.1338 1 4 0 0 2.0829 0 1 0 0.0000 0.8320
8 96.9975 144.9041 2 2 0 1 3.6464 1 1 0 0.0000 0.8320
8 101.8316 65.4209 3 4 0 0 1.9539 0 1 0 0.0000 0.8320
8 71.7453 107.3721 1 2 0 0 1.6446 0 1 0 0.0000 0.8320
8 86.6962 51.7089 3 3 0 1 1.4046 1 1 0 0.0000 0.8320
8 64.0133 119.6554 1 1 0 1 1.2542 1 1 0 0.0000 0.8320
8 99.8686 69.5788 3 4 0 0 1.4522 0 1 0 0.0000 0.8320
8 56.4131 94.2644 1 1 0 1 1.0974 1 1 0 0.0000 0.8320
8 62.8468 102.1042 1 1 0 1 1.0828 1 1 0 0.0000 0.8320
8 113.0291 96.0229 4 4 0 1 1.4205 1 1 0 0.0000 0.8320
8 63.2691 104.2814 1 1 0 1 1.0333 1 1 0 0.0000 0.8320
8 98.0211 135.4689 2 4 0 0 1.4652 0 1 0 0.0000 0.8320
8 101.1555 128.3788 2 4 0 0 1.3027 0 1 0 0.0000 0.8320
8 76.5790 100.0855 1 2 0 0 1.3619 0 1 0 0.0000 0.8320
8 71.0004 111.1560 1 1 0 1 1.2267 1 1 0 0.0000 0.8320
8 85.6290 129.7241 2 3 0 0 1.6639 0 1 0 0.0000 0.8320
8 105.4858 142.3728 2 4 0 0 1.4087 0 1 0 0.0000 0.8320
8 83.6900 97.7592 1 3 0 0 1.7899 0 1 0 0.0000 0.8320
8 134.6526 106.7230 4 4 0 1 1.0597 1 1 0 0.0000 0.8320
8 130.3035 108.1081 4 4 0 1 0.8410 1 1 0 0.0000 0.8320
8 76.8107 106.3702 1 1 0 1 2.7269 1 1 0 0.0000 0.8320
8 89.6707 66.7162 3 3 0 1 1.2343 1 1 0 0.0000 0.8320
8 111.8529 106.1376 4 4 0 1 1.4644 1 1 0 0.0000 0.8320
8 89.2490 78.6219 3 3 0 1 1.7632 1 1 0 0.0000 0.8320
8 115.3325 116.7625 2 4 0 0 1.2224 0 1 0 0.0000 0.8320
8 94.9933 68.5995 3 3 0 1 1.6781 1 1 0 0.0000 0.8320
8 99.2808 114.3206 2 4 0 0 6.1440 0 1 0 0.0000 0.8320
8 105.9622 87.7261 3 3 0 1 1.4965 1 1 0 0.0000 0.8320
8 131.9336 115.7457 4 4 0 1 1.3352 1 1 0 0.0000 0.8320
8 107.4892 144.6437 2 2 0 1 6.6582 1 1 0 0.0000 0.8320
8 87.3135 64.0285 3 3 0 1 1.0586 1 1 0 0.0000 0.8320
8 98.2771 121.0598 2 2 0 1 1.7477 1 1 0 0.0000 0.8320
8 103.3680 147.2061 2 2 0 1 1.2861 1 1 0 0.0000 0.8320
8 135.3313 94.3023 4 4 0 1 1.6770 1 1 0 0.0000 0.8320
8 107.9754 122.2757 2 2 0 1 3.0710 1 1 0 0.0000 0.8320
8 98.8722 73.9907 3 3 0 1 1.1556 1 1 0 0.0000 0.8320
8 79.8961 81.1035 3 3 0 1 5.4156 1 1 0 0.0000 0.8320
8 83.8468 132.1807 2 2 0 1 1.3222 1 1 0 0.0000 0.8320
8 90.9195 50.3999 3 3 0 1 1.1058 1 1 0 0.0000 0.8320
8 71.1015 89.3096 1 1 0 1 1.3806 1 1 0 0.0000 0.8320
8 135.1553 91.0800 4 4 0 1 1.4698 1 1 0 0.0000 0.8320
8 99.0352 89.4037 3 3 0 1 3.6438 1 1 0 0.0000 0.8320
8 93.2724 118.2552 2 2 0 1 3.5837 1 1 0 0.0000 0.8320
8 101.5544 85.0108 3 3 0 1 1.7769 1 1 0 0.0000 0.8320
8 136.6877 95.0447 4 4 0 1 1.3964 1 1 0 0.0000 0.8320
8 123.6157 140.5805 2 4 0 0 1.1345 0 1 0 0.0000 0.8320
8 63.8414 99.9808 1 1 0 1 1.5224 1 1 0 0.0000 0.8320
8 103.8039 134.0234 2 2 0 1 1.5515 1 1 0 0.0000 0.8320
9 106.6803 75.3501 3 3 0 1 1.4180 1 1 0 0.0000 0.8320
9 117.0446 134.5159 2 2 0 1 1.8319 1 1 0 0.0000 0.8320
9 122.3346 91.6734 4 4 0 1 2.3319 1 1 0 0.0000 0.8320
9 98.2988 66.6219 3 3 0 1 2.0175 1 1 0 0.0000 0.8320
9 84.2333 137.9453 2 4 0 0 2.7977 0 1 0 0.0000 0.8320
9 123.7680 91.1913 4 4 0 1 3.4405 1 1 0 0.0000 0.8320
9 143.4742 104.9102 4 2 0 0 1.5069 0 1 0 0.0000 0.8320
9 96.1414 112.7962 2 4 0 0 1.5672 0 1 0 0.0000 0.8320
9 113.3018 55.9921 3 3 0 1 1.1701 1 1 0 0.0000 0.8320
9 101.9112 68.7101 3 3 0 1 1.2078 1 1 0 0.0000 0.8320
9 98.9094 143.2802 2 4 0 0 1.7583 0 1 0 0.0000 0.8320
9 103.7936 74.4077 3 3 0 1 1.2203 1 1 0 0.0000 0.8320
9 98.2208 65.4573 3 3 0 1 0.7808 1 1 0 0.0000 0.8320
9 86.3785 114.4504 1 2 0 0 1.1130 0 1 0 0.0000 0.8320
9 97.6917 64.1212 3 3 0 1 0.7947 1 1 0 0.0000 0.8320
9 121.8793 109.9178 4 4 0 1 1.0794 1 1 0 0.0000 0.8320
9 101.9040 83.9635 3 4 0 0 1.0846 0 1 0 0.0000 0.8320
9 103.0627 66.6268 3 3 0 1 1.0910 1 1 0 0.0000 0.8320
9 105.3632 117.7025 2 3 0 0 0.7449 0 1 0 0.0000 0.8320
9 92.5878 154.2830 2 2 0 1 1.2041 1 1 0 0.0000 0.8320
9 94.9160 127.7004 2 2 0 1 1.0641 1 1 0 0.0000 0.8320
9 102.9579 73.3276 3 3 0 1 1.0329 1 1 0 0.0000 0.8320
9 99.0396 118.4244 2 2 0 1 1.2885 1 1 0 0.0000 0.8320
9 135.8998 87.2633 4 3 0 0 1.3751 0 1 0 0.0000 0.8320
9 96.2624 137.6255 2 2 0 1 1.2076 1 1 0 0.0000 0.8320
9 39.4733 74.9602 1 1 0 1 1.2920 1 1 0 0.0000 0.8320
9 65.4832 111.9926 1 3 0 0 1.1554 0 1 0 0.0000 0.8320
9 82.4519 94.3090 1 2 0 0 2.0075 0 1 0 0.0000 0.8320
9 100.2814 82.6420 3 4 0 0 3.4566 0 1 0 0.0000 0.8320
9 107.7094 136.7320 2 3 0 0 1.1523 0 1 0 0.0000 0.8320
9 96.4990 80.8376 3 3 0 1 1.2346 1 1 0 0.0000 0.8320
9 69.8300 103.9540 1 1 0 1 1.3685 1 1 0 0.0000 0.8320
9 93.8110 81.9111 3 3 0 1 1.1378 1 1 0 0.0000 0.8320
9 73.6712 95.8782 1 2 0 0 2.1165 0 1 0 0.0000 0.8320
9 109.0777 102.4331 4 4 0 1 1.7126 1 1 0 0.0000 0.8320
9 73.7486 110.4400 1 3 0 0 2.0024 0 1 0 0.0000 0.8320
9 76.1655 80.2105 1 3 0 0 1.4072 0 1 0 0.0000 0.8320
9 79.8248 110.0313 1 2 0 0 3.1131 0 1 0 0.0000 0.8320
9 119.6669 98.9626 4 4 0 1 1.0712 1 1 0 0.0000 0.8320
9 116.9842 121.0366 4 4 0 1 1.0727 1 1 0 0.0000 0.8320
9 126.1796 107.6207 4 4 0 1 0.5330 1 1 0 0.0000 0.8320
9 116.2361 104.3239 4 4 0 1 0.5102 1 1 0 0.0000 0.8320
9 71.9726 116.2312 1 1 0 1 1.0459 1 1 0 0.0000 0.8320
9 66.9476 106.2204 1 1 0 1 0.9985 1 1 0 0.0000 0.8320
9 104.9014 118.6219 2 4 0 0 1.1417 0 1 0 0.0000 0.8320
9 94.8763 128.9719 2 3 0 0 4.6989 0 1 0 0.0000 0.8320
9 108.9303 81.9381 4 3 0 0 1.6276 0 1 0 0.0000 0.8320
9 113.1897 81.5377 4 3 0 0 1.4380 0 1 0 0.0000 0.8320
9 95.3532 130.8562 2 4 0 0 0.3161 0 1 0 0.0000 0.8320
9 129.0227 91.0200 4 4 0 1 0.6872 1 1 0 0.0000 0.8320
