1 94.7207 105.7847 2 2 0 1 1.5151 1 1 0 0.0000 0.0000
1 95.8491 76.6500 3 2 0 0 1.6122 0 1 0 0.0000 0.0000
1 105.3469 62.1127 3 1 0 0 0.5911 0 1 0 0.0000 0.0000
1 122.8224 101.7694 4 4 0 1 2.0868 1 1 0 0.0000 0.0000
1 103.3468 81.9164 3 3 0 1 1.8749 1 1 0 0.0000 0.0000
1 91.9341 128.1148 2 2 0 1 1.2758 1 1 0 0.0000 0.0000
1 118.3336 94.6428 4 4 0 1 1.1414 1 1 0 0.0000 0.0000
1 70.0570 97.8239 1 2 0 0 1.5621 0 1 0 0.0000 0.0000
1 113.0986 110.6975 2 4 0 0 1.0825 0 1 0 0.0000 0.0000
1 95.9898 78.3730 3 1 0 0 1.4065 0 1 0 0.0000 0.0000
1 140.3759 105.7105 4 4 0 1 1.1132 1 1 0 0.0000 0.0000
1 109.2990 94.7243 4 3 0 0 0.7664 0 1 0 0.0000 0.0000
1 73.2713 112.1859 1 2 0 0 0.9387 0 1 0 0.0000 0.0000
1 135.1553 91.0800 4 4 0 1 0.7957 1 1 0 0.0000 0.0000
1 101.7032 60.1956 3 2 0 0 1.1767 0 1 0 0.0000 0.0000
1 65.2252 109.4380 1 2 0 0 0.7363 0 1 0 0.0000 0.0000
1 92.9046 122.1020 2 1 0 0 0.7333 0 1 0 0.0000 0.0000
1 64.0041 91.5645 1 2 0 0 1.0154 0 1 0 0.0000 0.0000
1 103.7936 74.4077 3 1 0 0 0.7626 0 1 0 0.0000 0.0000
1 103.0292 121.9929 2 3 0 0 1.2058 0 1 0 0.0000 0.0000
1 135.3313 94.3023 4 4 0 1 0.7329 1 1 0 0.0000 0.0000
1 73.5563 72.2028 3 1 0 0 1.4313 0 1 0 0.0000 0.0000
1 134.6526 106.7230 4 4 0 1 0.9161 1 1 0 0.0000 0.0000
1 101.5874 128.6738 2 3 0 0 1.2356 0 1 0 0.0000 0.0000
1 107.6510 124.9763 2 3 0 0 0.4909 0 1 0 0.0000 0.0000
1 119.9412 80.9812 3 3 0 1 0.6080 1 1 0 0.0000 0.0000
1 94.1701 78.6328 3 3 0 1 1.4312 1 1 0 0.0000 0.0000
1 84.6467 111.4268 1 1 0 1 1.4120 1 1 0 0.0000 0.0000
1 81.7712 111.1103 1 1 0 1 0.8963 1 1 0 0.0000 0.0000
1 104.9014 118.6219 2 4 0 0 1.2942 0 1 0 0.0000 0.0000
1 67.2599 96.2754 1 1 0 1 0.8387 1 1 0 0.0000 0.0000
1 106.3064 69.9625 3 2 0 0 0.9159 0 1 0 0.0000 0.0000
1 92.6224 121.3498 2 1 0 0 0.9155 0 1 0 0.0000 0.0000
1 82.4519 94.3090 1 1 0 1 0.5154 1 1 0 0.0000 0.0000
1 87.3606 68.2106 3 1 0 0 0.6326 0 1 0 0.0000 0.0000
1 111.8528 115.5680 2 4 0 0 1.1529 0 1 0 0.0000 0.0000
1 111.1747 126.9010 2 3 0 0 1.4949 0 1 0 0.0000 0.0000
1 94.9339 58.1167 3 3 0 1 1.3173 1 1 0 0.0000 0.0000
1 73.9319 114.8849 1 1 0 1 1.2148 1 1 0 0.0000 0.0000
1 118.0005 110.7687 4 4 0 1 0.7904 1 1 0 0.0000 0.0000
1 103.3680 147.2061 2 2 0 1 0.9788 1 1 0 0.0000 0.0000
1 118.4548 107.2515 4 3 0 0 1.6692 0 1 0 0.0000 0.0000
1 94.3007 69.4132 3 1 0 0 0.6316 0 1 0 0.0000 0.0000
1 135.3254 107.9271 4 4 0 1 0.9451 1 1 0 0.0000 0.0000
1 97.6390 74.1439 3 3 0 1 0.8175 1 1 0 0.0000 0.0000
1 122.0531 99.8556 4 4 0 1 0.9753 1 1 0 0.0000 0.0000
1 111.8529 106.1376 4 4 0 1 0.8794 1 1 0 0.0000 0.0000
1 133.6424 103.4671 4 4 0 1 0.5097 1 1 0 0.0000 0.0000
1 83.5111 127.4984 2 2 0 1 2.1637 1 1 0 0.0000 0.0000
1 128.0394 100.6980 4 4 0 1 0.7562 1 1 0 0.0000 0.0000
1 136.1853 96.6623 4 4 0 1 1.1821 1 1 0 0.0000 0.0000
1 101.4158 66.0176 3 3 0 1 4.9487 1 1 0 0.0000 0.0000
1 105.3890 122.3535 2 1 0 0 1.2288 0 1 0 0.0000 0.0000
1 90.7604 118.0055 2 2 0 1 1.0128 1 1 0 0.0000 0.0000
1 133.2758 109.7255 4 4 0 1 0.5983 1 1 0 0.0000 0.0000
1 87.6377 87.8999 1 2 0 0 0.5591 0 1 0 0.0000 0.0000
1 99.2808 114.3206 2 2 0 1 0.9011 1 1 0 0.0000 0.0000
1 62.8468 102.1042 1 1 0 1 1.3166 1 1 0 0.0000 0.0000
1 122.0819 84.6832 4 4 0 1 1.4378 1 1 0 0.0000 0.0000
1 68.2180 104.2906 1 1 0 1 2.2978 1 1 0 0.0000 0.0000
1 72.5890 103.3064 1 1 0 1 0.4622 1 1 0 0.0000 0.0000
1 125.0520 99.4714 4 4 0 1 1.3633 1 1 0 0.0000 0.0000
1 104.6776 56.5007 3 3 0 1 1.4389 1 1 0 0.0000 0.0000
1 115.6346 88.5311 3 3 0 1 0.8289 1 1 0 0.0000 0.0000
1 136.8027 115.4470 4 4 0 1 0.6993 1 1 0 0.0000 0.0000
1 63.6398 102.4741 1 1 0 1 1.2056 1 1 0 0.0000 0.0000
1 86.8404 95.0285 3 1 0 0 0.7168 0 1 0 0.0000 0.0000
1 72.0866 111.0079 1 1 0 1 0.6324 1 1 0 0.0000 0.0000
1 124.4834 113.4982 4 4 0 1 0.5763 1 1 0 0.0000 0.0000
1 69.9645 86.5683 1 1 0 1 1.1420 1 1 0 0.0000 0.0000
1 85.7585 122.9180 2 2 0 1 1.4847 1 1 0 0.0000 0.0000
1 62.6681 107.7355 1 1 0 1 0.5387 1 1 0 0.0000 0.0000
1 63.0102 111.5537 1 2 0 0 0.7694 0 1 0 0.0000 0.0000
1 112.8350 144.2134 2 4 0 0 0.6699 0 1 0 0.0000 0.0000
1 113.6511 134.4659 2 3 0 0 0.6627 0 1 0 0.0000 0.0000
1 84.9633 129.4892 2 2 0 1 1.1683 1 1 0 0.0000 0.0000
1 124.0074 108.1929 4 3 0 0 1.0469 0 1 0 0.0000 0.0000
1 74.2789 93.9803 1 2 0 0 0.8109 0 1 0 0.0000 0.0000
1 86.9869 137.7303 2 2 0 1 0.5361 1 1 0 0.0000 0.0000
1 135.8998 87.2633 4 4 0 1 0.6385 1 1 0 0.0000 0.0000
1 64.6998 97.2169 1 2 0 0 0.4544 0 1 0 0.0000 0.0000
1 111.5165 115.1448 2 4 0 0 0.6816 0 1 0 0.0000 0.0000
1 98.0288 118.9963 2 2 0 1 0.5621 1 1 0 0.0000 0.0000
1 70.9801 97.4984 1 2 0 0 0.4880 0 1 0 0.0000 0.0000
1 100.5722 59.0357 3 3 0 1 0.9563 1 1 0 0.0000 0.0000
1 88.9518 121.9229 2 1 0 0 1.1347 0 1 0 0.0000 0.0000
1 90.9948 70.2116 3 3 0 1 0.8999 1 1 0 0.0000 0.0000
1 127.7061 107.1893 4 4 0 1 0.7398 1 1 0 0.0000 0.0000
1 90.2632 82.8812 3 3 0 1 0.9272 1 1 0 0.0000 0.0000
1 63.2691 104.2814 1 2 0 0 1.3122 0 1 0 0.0000 0.0000
1 124.6191 98.2480 4 4 0 1 0.6978 1 1 0 0.0000 0.0000
1 69.4482 106.4665 1 2 0 0 1.0750 0 1 0 0.0000 0.0000
1 102.0303 55.2700 3 3 0 1 1.0625 1 1 0 0.0000 0.0000
1 98.2988 66.6219 3 3 0 1 0.7777 1 1 0 0.0000 0.0000
1 84.6675 102.7472 1 3 0 0 0.8535 0 1 0 0.0000 0.0000
1 111.4199 105.7905 4 4 0 1 0.9936 1 1 0 0.0000 0.0000
1 114.0260 71.2138 3 4 0 0 0.5640 0 1 0 0.0000 0.0000
1 73.1696 85.1931 1 2 0 0 1.0028 0 1 0 0.0000 0.0000
1 104.3078 130.6184 2 3 0 0 1.1496 0 1 0 0.0000 0.0000
1 104.5539 75.9852 3 4 0 0 0.6595 0 1 0 0.0000 0.0000
2 106.3990 126.8403 2 4 0 0 1.1462 0 1 0 0.0000 0.0000
2 110.4730 86.6673 3 4 0 0 2.1890 0 1 0 0.0000 0.0000
2 121.8181 81.1996 4 3 0 0 0.3810 0 1 0 0.0000 0.0000
2 107.9754 122.2757 2 1 0 0 0.7998 0 1 0 0.0000 0.0000
2 129.2654 80.7698 4 2 0 0 0.6694 0 1 0 0.0000 0.0000
2 99.2218 84.4636 3 2 0 0 4.1672 0 1 0 0.0000 0.0000
2 105.3467 81.1106 3 4 0 0 4.6015 0 1 0 0.0000 0.0000
2 66.3930 108.7872 1 1 0 1 2.5516 1 1 0 0.0000 0.0000
2 85.1726 84.3353 1 1 0 1 0.7848 1 1 0 0.0000 0.0000
2 129.6425 91.9746 4 4 0 1 1.0044 1 1 0 0.0000 0.0000
2 127.2725 101.2891 4 4 0 1 0.7979 1 1 0 0.0000 0.0000
2 93.8110 81.9111 3 1 0 0 0.5072 0 1 0 0.0000 0.0000
2 103.3426 114.0996 2 3 0 0 0.9127 0 1 0 0.0000 0.0000
2 109.4239 76.8451 3 2 0 0 0.4172 0 1 0 0.0000 0.0000
2 76.8107 106.3702 1 2 0 0 0.9314 0 1 0 0.0000 0.0000
2 138.7935 110.5281 4 4 0 1 0.7714 1 1 0 0.0000 0.0000
2 95.0873 138.8186 2 3 0 0 2.5433 0 1 0 0.0000 0.0000
2 82.7276 60.7880 3 3 0 1 0.8566 1 1 0 0.0000 0.0000
2 104.9284 74.3248 3 4 0 0 0.8861 0 1 0 0.0000 0.0000
2 102.5619 50.8807 3 2 0 0 2.1165 0 1 0 0.0000 0.0000
2 111.1157 67.1623 3 4 0 0 2.3232 0 1 0 0.0000 0.0000
2 121.1033 94.5771 4 3 0 0 0.8240 0 1 0 0.0000 0.0000
2 120.2761 123.7163 2 1 0 0 1.1089 0 1 0 0.0000 0.0000
2 60.9801 93.5680 1 2 0 0 3.0498 0 1 0 0.0000 0.0000
2 71.0004 111.1560 1 2 0 0 0.7531 0 1 0 0.0000 0.0000
2 99.7772 123.8030 2 4 0 0 0.9419 0 1 0 0.0000 0.0000
2 97.4285 121.9249 2 2 0 1 1.5018 1 1 0 0.0000 0.0000
2 55.6794 110.5232 1 1 0 1 2.4622 1 1 0 0.0000 0.0000
2 71.1468 98.6645 1 1 0 1 1.1258 1 1 0 0.0000 0.0000
2 98.9164 142.1705 2 2 0 1 0.9725 1 1 0 0.0000 0.0000
2 73.7486 110.4400 1 1 0 1 0.3825 1 1 0 0.0000 0.0000
2 95.5026 80.5391 3 2 0 0 0.4985 0 1 0 0.0000 0.0000
2 143.6517 112.9284 4 4 0 1 0.9033 1 1 0 0.0000 0.0000
2 75.8624 81.3255 1 1 0 1 1.0464 1 1 0 0.0000 0.0000
2 102.9168 122.0853 2 2 0 1 0.9224 1 1 0 0.0000 0.0000
2 114.6830 141.2372 2 4 0 0 0.8908 0 1 0 0.0000 0.0000
2 78.2270 104.3290 1 1 0 1 1.3384 1 1 0 0.0000 0.0000
2 88.9286 109.5578 2 1 0 0 0.6771 0 1 0 0.0000 0.0000
2 116.4688 89.7162 4 4 0 1 1.1687 1 1 0 0.0000 0.0000
2 121.2142 99.1859 4 3 0 0 1.5590 0 1 0 0.0000 0.0000
2 81.9795 108.6904 1 1 0 1 1.0311 1 1 0 0.0000 0.0000
2 100.2872 72.8516 3 1 0 0 0.9379 0 1 0 0.0000 0.0000
2 94.8941 72.0194 3 1 0 0 0.6678 0 1 0 0.0000 0.0000
2 131.9336 115.7457 4 2 0 0 0.2942 0 1 0 0.0000 0.0000
2 134.6237 92.0509 4 4 0 1 0.4370 1 1 0 0.0000 0.0000
2 112.9909 56.6666 3 4 0 0 0.5041 0 1 0 0.0000 0.0000
2 107.5018 121.6098 2 4 0 0 0.8285 0 1 0 0.0000 0.0000
2 69.7773 107.5104 1 2 0 0 1.1456 0 1 0 0.0000 0.0000
2 93.6683 67.5234 3 2 0 0 1.4400 0 1 0 0.0000 0.0000
2 95.7107 96.6214 1 1 0 1 0.6212 1 1 0 0.0000 0.0000
2 103.8039 134.0234 2 4 0 0 0.9180 0 1 0 0.0000 0.0000
2 100.1202 137.3844 2 4 0 0 0.7899 0 1 0 0.0000 0.0000
2 94.4389 74.6188 3 1 0 0 0.9636 0 1 0 0.0000 0.0000
2 53.1331 82.5922 1 1 0 1 0.9496 1 1 0 0.0000 0.0000
2 131.6035 100.0489 4 4 0 1 0.8375 1 1 0 0.0000 0.0000
2 106.5160 71.4494 3 4 0 0 1.0431 0 1 0 0.0000 0.0000
2 97.0638 60.2841 3 3 0 1 0.4554 1 1 0 0.0000 0.0000
2 80.0097 106.6956 1 3 0 0 1.2438 0 1 0 0.0000 0.0000
2 70.5587 113.6624 1 3 0 0 1.2354 0 1 0 0.0000 0.0000
2 109.0160 110.1222 4 1 0 0 0.5699 0 1 0 0.0000 0.0000
2 64.1784 95.8536 1 2 0 0 0.5141 0 1 0 0.0000 0.0000
2 87.1385 149.7429 2 1 0 0 1.1589 0 1 0 0.0000 0.0000
2 106.4592 68.8722 3 2 0 0 2.1088 0 1 0 0.0000 0.0000
2 93.4160 96.6826 1 2 0 0 0.9552 0 1 0 0.0000 0.0000
2 69.5087 113.4943 1 1 0 1 0.6348 1 1 0 0.0000 0.0000
2 137.3987 90.8951 4 4 0 1 1.3471 1 1 0 0.0000 0.0000
2 54.7262 102.9481 1 1 0 1 0.7491 1 1 0 0.0000 0.0000
2 133.9920 82.4607 4 4 0 1 0.4252 1 1 0 0.0000 0.0000
2 87.3135 64.0285 3 1 0 0 0.3812 0 1 0 0.0000 0.0000
2 124.8026 92.4396 4 4 0 1 0.4479 1 1 0 0.0000 0.0000
2 101.1053 71.3264 3 3 0 1 0.9163 1 1 0 0.0000 0.0000
2 97.3704 74.7911 3 3 0 1 0.9486 1 1 0 0.0000 0.0000
2 71.1848 108.2609 1 2 0 0 1.8132 0 1 0 0.0000 0.0000
2 131.8167 93.1313 4 4 0 1 0.5730 1 1 0 0.0000 0.0000
2 120.7779 94.1121 4 4 0 1 1.2185 1 1 0 0.0000 0.0000
2 112.8966 126.8406 2 4 0 0 0.4901 0 1 0 0.0000 0.0000
2 73.6712 95.8782 1 1 0 1 2.2224 1 1 0 0.0000 0.0000
2 90.2395 128.2253 2 1 0 0 1.4236 0 1 0 0.0000 0.0000
2 80.5136 110.9438 1 2 0 0 1.6128 0 1 0 0.0000 0.0000
2 89.3754 80.2530 3 1 0 0 0.7832 0 1 0 0.0000 0.0000
2 108.9303 81.9381 4 2 0 0 0.6515 0 1 0 0.0000 0.0000
2 103.7433 91.3476 4 3 0 0 0.4852 0 1 0 0.0000 0.0000
2 107.1687 132.0388 2 4 0 0 0.4431 0 1 0 0.0000 0.0000
2 103.5668 102.0057 2 4 0 0 0.5103 0 1 0 0.0000 0.0000
2 142.5256 91.5844 4 1 0 0 0.5955 0 1 0 0.0000 0.0000
2 91.6975 118.6216 2 3 0 0 0.3799 0 1 0 0.0000 0.0000
2 93.2724 118.2552 2 1 0 0 0.9102 0 1 0 0.0000 0.0000
2 110.4242 97.2032 4 3 0 0 0.4462 0 1 0 0.0000 0.0000
2 109.5893 66.1443 3 4 0 0 0.3225 0 1 0 0.0000 0.0000
2 95.9689 62.9362 3 2 0 0 0.4346 0 1 0 0.0000 0.0000
2 66.1666 70.6993 1 2 0 0 0.7105 0 1 0 0.0000 0.0000
2 87.7432 121.7098 2 4 0 0 2.3540 0 1 0 0.0000 0.0000
2 104.4554 125.8732 2 3 0 0 0.8705 0 1 0 0.0000 0.0000
2 99.0396 118.4244 2 2 0 1 2.0073 1 1 0 0.0000 0.0000
2 124.5032 100.2541 4 4 0 1 0.8656 1 1 0 0.0000 0.0000
2 140.1412 112.9269 4 4 0 1 0.5116 1 1 0 0.0000 0.0000
2 103.2945 76.8177 3 2 0 0 1.4448 0 1 0 0.0000 0.0000
2 74.0931 102.4500 1 1 0 1 0.9947 1 1 0 0.0000 0.0000
2 132.9668 97.6630 4 4 0 1 2.2439 1 1 0 0.0000 0.0000
2 81.7898 111.5385 2 2 0 1 5.2865 1 1 0 0.0000 0.0000
3 72.9761 91.8513 1 2 0 0 0.9382 0 1 0 0.0000 0.0000
3 123.5975 102.7674 4 4 0 1 0.7209 1 1 0 0.0000 0.0000
3 62.3993 88.2892 1 1 0 1 2.4752 1 1 0 0.0000 0.0000
3 64.7926 86.6726 1 1 0 1 0.8673 1 1 0 0.0000 0.0000
3 98.5304 129.2492 2 4 0 0 0.8024 0 1 0 0.0000 0.0000
3 80.6127 64.8003 3 2 0 0 2.0952 0 1 0 0.0000 0.0000
3 107.4892 144.6437 2 4 0 0 1.4059 0 1 0 0.0000 0.0000
3 133.3841 95.1198 4 4 0 1 0.8735 1 1 0 0.0000 0.0000
3 70.7976 95.5266 1 1 0 1 1.7842 1 1 0 0.0000 0.0000
3 102.9579 73.3276 3 2 0 0 1.7282 0 1 0 0.0000 0.0000
3 100.5643 73.9713 3 4 0 0 0.9818 0 1 0 0.0000 0.0000
3 104.7057 119.4283 2 1 0 0 0.5516 0 1 0 0.0000 0.0000
3 83.0973 99.6898 1 3 0 0 0.4306 0 1 0 0.0000 0.0000
3 89.4633 121.3259 2 4 0 0 0.9138 0 1 0 0.0000 0.0000
3 121.9180 85.3120 4 4 0 1 0.8026 1 1 0 0.0000 0.0000
3 75.4131 94.6944 1 2 0 0 1.1517 0 1 0 0.0000 0.0000
3 134.8970 112.8241 4 4 0 1 0.5336 1 1 0 0.0000 0.0000
3 128.0954 100.7774 4 4 0 1 0.4592 1 1 0 0.0000 0.0000
3 77.2926 99.9871 1 1 0 1 1.7104 1 1 0 0.0000 0.0000
3 94.1610 140.3225 2 2 0 1 1.2672 1 1 0 0.0000 0.0000
3 110.7191 120.0225 2 1 0 0 0.9235 0 1 0 0.0000 0.0000
3 123.7680 91.1913 4 2 0 0 1.1339 0 1 0 0.0000 0.0000
3 84.2333 137.9453 2 4 0 0 0.8515 0 1 0 0.0000 0.0000
3 56.6860 103.5982 1 1 0 1 0.7051 1 1 0 0.0000 0.0000
3 97.0720 123.3270 2 4 0 0 0.8135 0 1 0 0.0000 0.0000
3 108.4486 68.6553 3 3 0 1 0.6818 1 1 0 0.0000 0.0000
3 110.6129 128.7154 2 4 0 0 0.8839 0 1 0 0.0000 0.0000
3 94.5523 61.3336 3 3 0 1 0.8513 1 1 0 0.0000 0.0000
3 124.8673 94.9131 4 2 0 0 0.8978 0 1 0 0.0000 0.0000
3 101.9270 124.9169 2 1 0 0 0.3541 0 1 0 0.0000 0.0000
3 103.5760 77.8437 3 4 0 0 4.9656 0 1 0 0.0000 0.0000
3 127.5829 95.3633 4 4 0 1 0.4622 1 1 0 0.0000 0.0000
3 119.6989 106.1292 4 4 0 1 0.8176 1 1 0 0.0000 0.0000
3 136.3717 93.2697 4 4 0 1 0.6388 1 1 0 0.0000 0.0000
3 65.4832 111.9926 1 1 0 1 2.9994 1 1 0 0.0000 0.0000
3 88.4604 132.3513 2 1 0 0 1.2464 0 1 0 0.0000 0.0000
3 74.0738 99.6458 1 1 0 1 0.5028 1 1 0 0.0000 0.0000
3 93.9370 62.4624 3 1 0 0 0.6358 0 1 0 0.0000 0.0000
3 67.0568 102.8144 1 1 0 1 0.3882 1 1 0 0.0000 0.0000
3 107.3375 146.0332 2 2 0 1 0.5667 1 1 0 0.0000 0.0000
3 127.0373 102.5313 4 4 0 1 1.0057 1 1 0 0.0000 0.0000
3 78.2750 98.0735 1 2 0 0 0.5450 0 1 0 0.0000 0.0000
3 92.0560 65.2067 3 2 0 0 0.7909 0 1 0 0.0000 0.0000
3 98.4903 82.6266 3 1 0 0 0.3561 0 1 0 0.0000 0.0000
3 63.4817 91.5669 1 1 0 1 0.8377 1 1 0 0.0000 0.0000
3 91.5153 109.5289 2 2 0 1 0.5324 1 1 0 0.0000 0.0000
3 64.2303 102.6138 1 1 0 1 0.5864 1 1 0 0.0000 0.0000
3 127.1002 108.3619 4 4 0 1 0.8976 1 1 0 0.0000 0.0000
3 110.7196 116.0871 2 2 0 1 0.7208 1 1 0 0.0000 0.0000
3 101.7707 60.4127 3 2 0 0 1.2428 0 1 0 0.0000 0.0000
3 110.0177 129.0274 2 2 0 1 0.7868 1 1 0 0.0000 0.0000
3 126.1289 115.0799 4 2 0 0 0.7344 0 1 0 0.0000 0.0000
3 104.1968 141.2735 2 2 0 1 0.8731 1 1 0 0.0000 0.0000
3 109.4130 86.6045 3 4 0 0 0.7442 0 1 0 0.0000 0.0000
3 82.2037 101.0427 1 2 0 0 0.7387 0 1 0 0.0000 0.0000
3 70.9591 107.6042 1 2 0 0 0.4462 0 1 0 0.0000 0.0000
3 139.8791 103.1183 4 2 0 0 0.8334 0 1 0 0.0000 0.0000
3 91.4105 93.8808 3 2 0 0 0.7342 0 1 0 0.0000 0.0000
3 97.2248 74.9069 3 2 0 0 0.6161 0 1 0 0.0000 0.0000
3 100.2814 82.6420 3 1 0 0 0.7193 0 1 0 0.0000 0.0000
3 105.2905 110.1930 2 1 0 0 0.4409 0 1 0 0.0000 0.0000
3 126.1796 107.6207 4 4 0 1 0.3633 1 1 0 0.0000 0.0000
3 95.0595 146.4255 2 2 0 1 0.9724 1 1 0 0.0000 0.0000
3 105.3527 58.0847 3 4 0 0 0.6695 0 1 0 0.0000 0.0000
3 98.1793 69.0923 3 1 0 0 0.4700 0 1 0 0.0000 0.0000
3 103.6137 74.1008 3 3 0 1 0.8888 1 1 0 0.0000 0.0000
3 63.8999 101.5863 1 3 0 0 0.7431 0 1 0 0.0000 0.0000
3 76.1449 86.4680 1 1 0 1 0.6900 1 1 0 0.0000 0.0000
3 84.3613 143.2540 2 2 0 1 1.0351 1 1 0 0.0000 0.0000
3 110.8904 77.7991 3 3 0 1 0.4616 1 1 0 0.0000 0.0000
3 97.6917 64.1212 3 3 0 1 0.6252 1 1 0 0.0000 0.0000
3 95.6192 81.2971 3 2 0 0 1.1304 0 1 0 0.0000 0.0000
3 131.2137 109.6500 4 4 0 1 0.9450 1 1 0 0.0000 0.0000
3 107.8802 133.4480 2 4 0 0 0.7542 0 1 0 0.0000 0.0000
3 105.4727 122.0417 2 3 0 0 0.8626 0 1 0 0.0000 0.0000
3 102.0468 85.1780 3 3 0 1 0.9225 1 1 0 0.0000 0.0000
3 78.1565 106.1586 1 3 0 0 0.5057 0 1 0 0.0000 0.0000
3 107.7094 136.7320 2 1 0 0 0.7041 0 1 0 0.0000 0.0000
3 149.0769 86.5169 4 2 0 0 0.4900 0 1 0 0.0000 0.0000
3 123.1753 102.4976 4 2 0 0 0.7036 0 1 0 0.0000 0.0000
3 122.1071 98.6297 4 4 0 1 0.4108 1 1 0 0.0000 0.0000
3 74.1195 99.1445 1 4 0 0 0.3512 0 1 0 0.0000 0.0000
3 73.3303 105.7902 1 4 0 0 0.8823 0 1 0 0.0000 0.0000
3 96.2624 137.6255 2 3 0 0 0.3687 0 1 0 0.0000 0.0000
3 105.6702 73.1600 3 2 0 0 2.4669 0 1 0 0.0000 0.0000
3 132.4728 91.2742 4 2 0 0 1.2271 0 1 0 0.0000 0.0000
3 113.0291 96.0229 4 3 0 0 0.8510 0 1 0 0.0000 0.0000
3 59.3703 85.0339 1 1 0 1 1.2509 1 1 0 0.0000 0.0000
3 116.9347 101.9188 4 4 0 1 0.3309 1 1 0 0.0000 0.0000
3 143.8585 102.7132 4 4 0 1 0.5557 1 1 0 0.0000 0.0000
3 126.2479 93.8255 4 4 0 1 0.4665 1 1 0 0.0000 0.0000
3 87.3270 119.1106 2 4 0 0 0.4069 0 1 0 0.0000 0.0000
3 96.0948 76.7071 3 4 0 0 0.6973 0 1 0 0.0000 0.0000
3 71.8706 91.0002 1 2 0 0 1.2196 0 1 0 0.0000 0.0000
3 91.3928 137.1108 2 2 0 1 0.6344 1 1 0 0.0000 0.0000
3 101.5459 83.4905 3 3 0 1 0.7708 1 1 0 0.0000 0.0000
3 57.3956 106.8825 1 1 0 1 1.5678 1 1 0 0.0000 0.0000
3 76.5790 100.0855 1 2 0 0 1.0103 0 1 0 0.0000 0.0000
3 88.9937 55.4789 3 3 0 1 0.9327 1 1 0 0.0000 0.0000
3 136.2692 109.1555 4 4 0 1 1.1730 1 1 0 0.0000 0.0000
4 101.5083 136.7463 2 2 1 1 15.1295 0 0 0 0.0000 0.0000
4 107.7596 101.6084 4 3 3 0 2.2419 1 0 0 0.0000 0.0000
4 96.4923 64.0008 3 3 4 1 0.5768 0 0 0 0.0000 0.0000
4 87.4933 102.6541 1 4 2 0 0.5512 0 0 0 0.0000 0.0000
4 133.6609 106.8919 4 4 1 1 0.8460 0 0 0 0.0000 0.0000
4 113.0652 114.0933 2 4 2 0 0.7631 0 0 0 0.0000 0.0000
4 138.1050 78.6352 4 4 3 1 0.4875 0 0 0 0.0000 0.0000
4 91.9884 65.8295 3 1 2 0 1.1330 0 0 0 0.0000 0.0000
4 105.5620 113.2681 2 4 3 0 1.9062 0 0 0 0.0000 0.0000
4 137.7972 100.4247 4 4 4 1 1.1630 1 0 0 0.0000 0.0000
4 83.6900 97.7592 1 4 3 0 0.8013 0 0 0 0.0000 0.0000
4 56.4131 94.2644 1 1 3 1 0.9758 0 0 0 0.0000 0.0000
4 56.5795 97.8917 1 1 1 1 0.8169 1 0 0 0.0000 0.0000
4 98.2451 120.4918 2 4 3 0 0.7989 0 0 0 0.0000 0.0000
4 107.2683 82.1691 3 4 4 0 0.6676 1 0 0 0.0000 0.0000
4 115.8688 77.2415 3 4 3 0 0.6613 0 0 0 0.0000 0.0000
4 107.9136 64.3814 3 4 2 0 0.4780 0 0 0 0.0000 0.0000
4 130.4596 86.2393 4 4 2 1 0.8192 0 0 0 0.0000 0.0000
4 108.3587 74.9542 3 3 4 1 2.0620 0 0 0 0.0000 0.0000
4 120.9845 109.6560 4 3 2 0 1.3382 0 0 0 0.0000 0.0000
4 117.2242 127.3864 2 2 4 1 0.3895 0 0 0 0.0000 0.0000
4 107.2509 127.7588 2 4 3 0 0.5038 0 0 0 0.0000 0.0000
4 97.5037 109.7229 2 2 2 1 0.3174 1 0 0 0.0000 0.0000
4 99.2293 138.8234 2 2 3 1 0.4471 0 0 0 0.0000 0.0000
4 68.7974 98.9162 1 3 2 0 0.4183 0 0 0 0.0000 0.0000
4 136.5479 103.7805 4 4 1 1 0.6770 0 0 0 0.0000 0.0000
4 70.7232 116.5256 1 1 2 1 0.5910 0 0 0 0.0000 0.0000
4 123.5941 102.7619 4 4 1 1 0.4074 0 0 0 0.0000 0.0000
4 86.1985 132.7623 2 3 1 0 0.3157 0 0 0 0.0000 0.0000
4 94.3484 71.3368 3 4 1 0 0.3173 0 0 0 0.0000 0.0000
4 107.3234 140.2796 2 4 1 0 2.0459 0 0 0 0.0000 0.0000
4 98.4089 50.5345 3 4 2 0 1.4024 0 0 0 0.0000 0.0000
4 51.4384 108.5347 1 1 1 1 1.1264 1 0 0 0.0000 0.0000
4 94.4813 130.1834 2 2 3 1 1.1328 0 0 0 0.0000 0.0000
4 92.9179 131.8423 2 1 3 0 0.4811 0 0 0 0.0000 0.0000
4 91.8422 58.5898 3 1 3 0 0.5499 0 0 0 0.0000 0.0000
4 53.2597 97.6524 1 1 4 1 0.6035 0 0 0 0.0000 0.0000
4 71.7453 107.3721 1 1 2 1 0.7066 0 0 0 0.0000 0.0000
4 121.4979 110.0468 4 4 2 1 0.6847 0 0 0 0.0000 0.0000
4 98.2771 121.0598 2 4 4 0 0.4870 1 0 0 0.0000 0.0000
4 122.1670 87.2851 4 4 4 1 0.8906 1 0 0 0.0000 0.0000
4 119.7145 97.1257 4 4 1 1 0.4723 0 0 0 0.0000 0.0000
4 102.2557 91.8934 3 4 2 0 0.6350 0 0 0 0.0000 0.0000
4 109.8880 115.3438 2 4 4 0 1.0585 1 0 0 0.0000 0.0000
4 114.2944 103.6657 4 4 1 1 0.5166 0 0 0 0.0000 0.0000
4 97.7604 139.6673 2 4 1 0 0.5853 0 0 0 0.0000 0.0000
4 106.5451 94.5860 4 3 4 0 0.4317 0 0 0 0.0000 0.0000
4 68.9197 110.3770 1 2 3 0 0.6108 0 0 0 0.0000 0.0000
4 57.9441 87.1006 1 1 3 1 0.4133 0 0 0 0.0000 0.0000
4 99.0352 89.4037 3 4 2 0 0.7852 0 0 0 0.0000 0.0000
4 100.9880 121.5908 2 4 1 0 0.9423 0 0 0 0.0000 0.0000
4 128.9701 121.7062 4 2 4 0 0.6247 0 0 0 0.0000 0.0000
4 88.1573 69.8247 3 1 1 0 0.7146 1 0 0 0.0000 0.0000
4 91.9709 124.1509 2 4 3 0 1.5426 0 0 0 0.0000 0.0000
4 56.7195 111.4643 1 1 2 1 0.7910 0 0 0 0.0000 0.0000
4 135.8160 105.1594 4 4 4 1 0.7562 1 0 0 0.0000 0.0000
4 106.9334 125.3360 2 4 1 0 0.4814 0 0 0 0.0000 0.0000
4 101.4667 116.3394 2 1 3 0 0.4702 0 0 0 0.0000 0.0000
4 58.3275 73.3529 1 1 1 1 1.3393 1 0 0 0.0000 0.0000
4 104.7584 57.8152 3 2 1 0 3.2712 0 0 0 0.0000 0.0000
4 103.7841 117.2437 2 2 3 1 0.8840 0 0 0 0.0000 0.0000
4 132.7261 92.5790 4 2 1 0 0.5957 0 0 0 0.0000 0.0000
4 88.6969 141.3633 2 4 3 0 0.6836 0 0 0 0.0000 0.0000
4 77.0293 88.6312 1 4 3 0 2.1655 0 0 0 0.0000 0.0000
4 92.8701 115.4010 2 4 2 0 0.7403 0 0 0 0.0000 0.0000
4 113.9239 134.0780 2 4 1 0 0.7831 0 0 0 0.0000 0.0000
4 89.6707 66.7162 3 1 1 0 2.0742 1 0 0 0.0000 0.0000
4 66.9476 106.2204 1 1 4 1 1.0643 0 0 0 0.0000 0.0000
4 91.5616 71.1302 3 1 4 0 0.4758 0 0 0 0.0000 0.0000
4 136.6421 100.5962 4 4 4 1 0.5754 1 0 0 0.0000 0.0000
4 64.0133 119.6554 1 1 4 1 0.6311 0 0 0 0.0000 0.0000
4 79.8248 110.0313 1 1 2 1 0.5917 0 0 0 0.0000 0.0000
4 132.4578 93.5496 4 4 1 1 0.4881 0 0 0 0.0000 0.0000
4 67.6983 96.7664 1 1 2 1 0.7017 0 0 0 0.0000 0.0000
4 69.1136 108.5233 1 1 3 1 0.6812 0 0 0 0.0000 0.0000
4 111.1212 118.3085 4 4 3 1 0.6109 0 0 0 0.0000 0.0000
4 79.9131 104.8711 1 4 4 0 0.5701 1 0 0 0.0000 0.0000
4 88.9087 58.4290 3 4 2 0 0.5448 0 0 0 0.0000 0.0000
4 130.3035 108.1081 4 4 2 1 0.3755 0 0 0 0.0000 0.0000
4 90.7955 75.5635 3 4 3 0 0.3928 0 0 0 0.0000 0.0000
4 117.5010 78.0190 3 4 4 0 0.6688 1 0 0 0.0000 0.0000
4 76.3090 94.5660 1 4 4 0 0.4547 1 0 0 0.0000 0.0000
4 72.5069 95.0757 1 4 1 0 0.8114 0 0 0 0.0000 0.0000
4 136.0329 94.3559 4 4 4 1 0.8571 1 0 0 0.0000 0.0000
4 96.1417 70.8354 3 4 2 0 0.7746 0 0 0 0.0000 0.0000
4 78.0756 96.2654 1 3 2 0 1.2351 0 0 0 0.0000 0.0000
4 139.6484 97.5681 4 4 4 1 0.4426 1 0 0 0.0000 0.0000
4 74.4056 94.8732 1 2 2 0 0.6066 1 0 0 0.0000 0.0000
4 90.4904 90.7713 1 4 4 0 0.8061 1 0 0 0.0000 0.0000
4 96.0057 70.3104 3 2 2 0 0.7070 1 0 0 0.0000 0.0000
4 110.4528 128.4331 2 2 1 1 0.8457 0 0 0 0.0000 0.0000
4 113.3941 91.5610 4 2 3 0 0.9077 0 0 0 0.0000 0.0000
4 127.3768 98.4144 4 2 2 0 1.0668 1 0 0 0.0000 0.0000
4 114.1970 77.1463 3 2 4 0 0.7184 0 0 0 0.0000 0.0000
4 87.5448 133.7851 2 3 1 0 0.3919 0 0 0 0.0000 0.0000
4 94.4080 49.6970 3 2 4 0 0.8108 0 0 0 0.0000 0.0000
4 129.3278 121.8224 4 1 1 0 0.5355 1 0 0 0.0000 0.0000
4 79.5622 79.5091 3 1 1 0 0.7659 1 0 0 0.0000 0.0000
4 116.8400 79.5157 3 1 1 0 0.4591 1 0 0 0.0000 0.0000
4 98.2208 65.4573 3 1 4 0 0.5127 0 0 0 0.0000 0.0000
5 143.6140 95.9601 4 1 3 0 1.4022 0 0 0 0.0000 0.0000
5 102.3440 113.0387 2 2 4 1 0.9439 0 0 0 0.0000 0.0000
5 109.0030 126.8378 2 2 4 1 0.7045 0 0 0 0.0000 0.0000
5 127.8129 85.9738 4 2 4 0 0.5382 0 0 0 0.0000 0.0000
5 104.7419 95.8541 4 2 3 0 0.8801 0 0 0 0.0000 0.0000
5 96.5532 70.7419 3 4 1 0 0.6069 0 0 0 0.0000 0.0000
5 147.2658 83.1370 4 4 4 1 0.5360 1 0 0 0.0000 0.0000
5 100.4068 124.7725 2 2 3 1 0.7980 0 0 0 0.0000 0.0000
5 87.4036 103.1563 1 2 3 0 0.5704 0 0 0 0.0000 0.0000
5 74.8396 110.4062 1 2 2 0 0.4337 1 0 0 0.0000 0.0000
5 67.4598 105.3197 1 2 4 0 0.6768 0 0 0 0.0000 0.0000
5 80.3630 107.5832 1 2 4 0 0.4139 0 0 0 0.0000 0.0000
5 100.4483 55.0481 3 2 1 0 0.3687 0 0 0 0.0000 0.0000
5 63.8100 110.5574 1 1 2 1 1.1703 0 0 0 0.0000 0.0000
5 104.7563 75.8659 3 1 3 0 0.2018 0 0 0 0.0000 0.0000
5 98.0162 72.5907 3 1 2 0 0.2799 0 0 0 0.0000 0.0000
5 91.6651 129.7944 2 1 4 0 0.9674 0 0 0 0.0000 0.0000
5 70.8464 89.2329 1 4 2 0 0.7610 0 0 0 0.0000 0.0000
5 126.8054 79.3947 4 4 2 1 0.5974 0 0 0 0.0000 0.0000
5 67.3771 101.2090 1 4 3 0 0.6377 0 0 0 0.0000 0.0000
5 54.5403 100.5869 1 1 2 1 0.3746 0 0 0 0.0000 0.0000
5 125.4987 91.7156 4 4 4 1 0.6660 1 0 0 0.0000 0.0000
5 107.8462 71.1292 3 1 1 0 1.0597 1 0 0 0.0000 0.0000
5 104.2406 138.9003 2 2 2 1 0.9064 1 0 0 0.0000 0.0000
5 97.8026 130.4800 2 2 1 1 0.8889 0 0 0 0.0000 0.0000
5 80.1447 103.8121 1 1 1 1 1.1607 1 0 0 0.0000 0.0000
5 108.6715 117.6680 2 2 3 1 0.9436 0 0 0 0.0000 0.0000
5 134.4524 99.3927 4 1 3 0 0.6244 0 0 0 0.0000 0.0000
5 123.3151 82.9203 3 1 1 0 1.1287 1 0 0 0.0000 0.0000
5 88.5755 154.7110 2 1 4 0 0.7723 0 0 0 0.0000 0.0000
5 149.8503 85.6629 4 1 4 0 0.7367 0 0 0 0.0000 0.0000
5 61.8078 120.1106 1 1 3 1 0.6675 0 0 0 0.0000 0.0000
5 109.9944 128.7132 2 1 4 0 0.4538 0 0 0 0.0000 0.0000
5 60.3511 114.3077 1 1 4 1 0.4265 0 0 0 0.0000 0.0000
5 106.2040 62.1277 3 2 2 0 0.4150 1 0 0 0.0000 0.0000
5 59.6690 94.7477 1 1 3 1 0.8977 0 0 0 0.0000 0.0000
5 118.5892 107.7876 2 4 1 0 0.6097 0 0 0 0.0000 0.0000
5 64.8705 105.0281 1 2 3 0 0.5382 0 0 0 0.0000 0.0000
5 100.6883 64.5680 3 1 2 0 0.4008 0 0 0 0.0000 0.0000
5 90.4349 136.3736 2 4 3 0 0.9628 0 0 0 0.0000 0.0000
5 135.2789 131.4748 4 4 3 1 0.4991 0 0 0 0.0000 0.0000
5 94.9039 108.7768 2 3 3 0 0.3600 1 0 0 0.0000 0.0000
5 137.0804 110.1187 4 3 2 0 0.4409 0 0 0 0.0000 0.0000
5 109.8450 73.7830 3 4 2 0 0.5871 0 0 0 0.0000 0.0000
5 114.5423 65.2524 3 3 4 1 1.2187 0 0 0 0.0000 0.0000
5 124.2482 90.8835 4 4 4 1 0.3294 1 0 0 0.0000 0.0000
5 121.0435 119.9764 2 4 4 0 0.3937 1 0 0 0.0000 0.0000
5 106.8346 93.8795 4 4 2 1 0.3478 0 0 0 0.0000 0.0000
5 106.6255 68.2164 3 3 1 1 0.4462 0 0 0 0.0000 0.0000
5 95.8447 83.3202 3 4 2 0 0.3541 0 0 0 0.0000 0.0000
5 100.3058 142.8041 2 4 1 0 1.3481 0 0 0 0.0000 0.0000
5 133.3195 99.7161 4 3 3 0 0.4297 1 0 0 0.0000 0.0000
5 94.2845 48.6109 3 3 2 1 0.5121 0 0 0 0.0000 0.0000
5 103.8216 160.6784 2 3 3 0 0.5177 1 0 0 0.0000 0.0000
5 114.8966 101.9000 4 3 4 0 0.4592 0 0 0 0.0000 0.0000
5 77.0563 105.1720 1 4 2 0 2.1432 0 0 0 0.0000 0.0000
5 89.9558 64.8627 3 1 2 0 1.0061 0 0 0 0.0000 0.0000
5 86.3858 114.7453 1 3 4 0 6.6713 0 0 0 0.0000 0.0000
5 78.5336 135.8575 2 4 1 0 2.0822 0 0 0 0.0000 0.0000
5 99.8924 122.9074 2 4 3 0 0.8803 0 0 0 0.0000 0.0000
5 131.7155 99.7142 4 4 2 1 0.4958 0 0 0 0.0000 0.0000
5 101.8314 70.9860 3 4 3 0 0.4209 0 0 0 0.0000 0.0000
5 124.7199 97.3623 4 1 4 0 1.0318 0 0 0 0.0000 0.0000
5 87.6885 64.6841 3 4 3 0 0.5386 0 0 0 0.0000 0.0000
5 121.8793 109.9178 4 2 3 0 0.4173 0 0 0 0.0000 0.0000
5 104.3017 71.1701 3 4 2 0 0.3397 0 0 0 0.0000 0.0000
5 78.1628 109.6438 1 4 4 0 0.7413 1 0 0 0.0000 0.0000
5 95.0387 77.2566 3 4 3 0 0.4972 0 0 0 0.0000 0.0000
5 110.6893 65.7843 3 4 4 0 0.6628 1 0 0 0.0000 0.0000
5 129.2137 95.3005 4 4 2 1 0.5124 0 0 0 0.0000 0.0000
5 103.4156 75.8864 3 3 3 1 0.5344 1 0 0 0.0000 0.0000
5 83.5518 92.8667 1 3 1 0 0.4128 0 0 0 0.0000 0.0000
5 129.2816 110.8507 4 4 4 1 0.3840 1 0 0 0.0000 0.0000
5 98.9094 143.2802 2 3 1 0 0.4499 0 0 0 0.0000 0.0000
5 69.0852 87.0812 1 4 4 0 0.3887 1 0 0 0.0000 0.0000
5 103.4926 123.8252 2 4 4 0 0.4071 1 0 0 0.0000 0.0000
5 90.7274 115.0446 2 4 1 0 0.5218 0 0 0 0.0000 0.0000
5 75.9614 119.5233 1 2 1 0 0.8639 0 0 0 0.0000 0.0000
5 128.3816 97.9748 4 4 3 1 0.7345 0 0 0 0.0000 0.0000
5 80.5237 83.7751 3 2 3 0 0.9214 0 0 0 0.0000 0.0000
5 119.8556 94.2118 4 4 3 1 0.7134 0 0 0 0.0000 0.0000
5 116.8181 91.3350 3 2 3 0 0.3565 0 0 0 0.0000 0.0000
5 103.5026 142.9016 2 1 2 0 0.2461 0 0 0 0.0000 0.0000
5 111.2919 71.9448 3 3 4 1 0.3733 0 0 0 0.0000 0.0000
5 101.5544 85.0108 3 4 2 0 0.2924 0 0 0 0.0000 0.0000
5 76.4013 95.2955 1 4 2 0 0.6612 0 0 0 0.0000 0.0000
5 118.3561 111.6363 4 1 4 0 0.8789 0 0 0 0.0000 0.0000
5 107.4894 67.7759 3 2 2 0 0.4287 1 0 0 0.0000 0.0000
5 123.0373 92.7710 4 2 1 0 0.4175 0 0 0 0.0000 0.0000
5 82.9756 154.2510 2 3 1 0 0.7904 0 0 0 0.0000 0.0000
5 101.3003 118.2468 2 4 3 0 0.4515 0 0 0 0.0000 0.0000
5 85.2607 84.4604 1 2 2 0 1.3675 1 0 0 0.0000 0.0000
5 105.4858 142.3728 2 3 3 0 1.8282 1 0 0 0.0000 0.0000
5 104.9786 107.9879 2 3 1 0 0.8275 0 0 0 0.0000 0.0000
5 71.1379 121.6782 1 2 1 0 1.7845 0 0 0 0.0000 0.0000
5 90.5905 64.5018 1 2 1 0 0.8969 0 0 0 0.0000 0.0000
5 126.2764 83.8192 4 4 1 1 0.8498 0 0 0 0.0000 0.0000
5 144.1202 106.3873 4 4 2 1 0.4325 0 0 0 0.0000 0.0000
5 84.0640 104.1338 1 3 1 0 0.8513 0 0 0 0.0000 0.0000
5 61.1240 86.3064 1 3 3 0 0.8808 1 0 0 0.0000 0.0000
6 96.8514 93.5220 1 2 3 0 0.8742 0 0 0 0.0000 0.0000
6 136.6643 105.0332 4 3 3 0 0.7255 1 0 0 0.0000 0.0000
6 71.0679 87.6457 1 3 4 0 0.5610 0 0 0 0.0000 0.0000
6 64.4745 77.5333 1 2 4 0 0.6964 0 0 0 0.0000 0.0000
6 109.0777 102.4331 4 1 3 0 0.4039 0 0 0 0.0000 0.0000
6 98.0313 85.9155 3 4 3 0 0.4195 0 0 0 0.0000 0.0000
6 142.5410 96.0239 4 3 4 0 0.5191 0 0 0 0.0000 0.0000
6 79.3883 101.9495 1 4 4 0 0.3966 1 0 0 0.0000 0.0000
6 94.8763 128.9719 2 4 1 0 0.5750 0 0 0 0.0000 0.0000
6 77.5743 106.8028 1 4 4 0 7.3819 1 0 0 0.0000 0.0000
6 127.9187 108.3813 4 4 1 1 0.8768 0 0 0 0.0000 0.0000
6 122.1147 103.2817 4 4 4 1 0.6205 1 0 0 0.0000 0.0000
6 76.5329 94.4930 1 4 1 0 0.7101 0 0 0 0.0000 0.0000
6 132.6607 101.5893 4 4 1 1 0.7384 0 0 0 0.0000 0.0000
6 81.4458 97.6135 1 3 2 0 1.3420 0 0 0 0.0000 0.0000
6 100.2864 72.4270 3 3 3 1 0.6644 1 0 0 0.0000 0.0000
6 80.0384 101.4079 1 4 2 0 0.9347 0 0 0 0.0000 0.0000
6 136.1951 109.8769 4 3 3 0 1.9271 1 0 0 0.0000 0.0000
6 133.5203 113.6583 4 4 4 1 1.9686 1 0 0 0.0000 0.0000
6 154.9917 97.4097 4 4 2 1 0.6377 0 0 0 0.0000 0.0000
6 107.7046 80.5418 3 3 4 1 0.4070 0 0 0 0.0000 0.0000
6 71.1015 89.3096 1 1 2 1 0.5226 0 0 0 0.0000 0.0000
6 93.0298 127.9223 2 1 4 0 0.4017 0 0 0 0.0000 0.0000
6 101.1555 128.3788 2 2 1 1 0.5969 0 0 0 0.0000 0.0000
6 94.9933 68.5995 3 2 4 0 0.7325 0 0 0 0.0000 0.0000
6 146.6449 104.1139 4 4 2 1 0.6469 0 0 0 0.0000 0.0000
6 79.1953 108.8968 1 1 2 1 0.6245 0 0 0 0.0000 0.0000
6 101.7649 128.0355 2 2 4 1 0.4396 0 0 0 0.0000 0.0000
6 106.8019 73.1424 3 4 1 0 0.4416 0 0 0 0.0000 0.0000
6 105.8389 59.3266 3 3 4 1 0.7936 0 0 0 0.0000 0.0000
6 77.9959 133.3717 2 4 3 0 0.9031 0 0 0 0.0000 0.0000
6 114.9372 130.4124 2 3 3 0 0.6951 1 0 0 0.0000 0.0000
6 64.3651 104.8376 1 3 4 0 0.7523 0 0 0 0.0000 0.0000
6 58.4333 101.9441 1 2 2 0 0.5875 1 0 0 0.0000 0.0000
6 101.8316 65.4209 3 2 3 0 0.5946 0 0 0 0.0000 0.0000
6 102.1152 59.2238 3 1 2 0 0.8570 0 0 0 0.0000 0.0000
6 131.9209 123.1288 4 4 1 1 0.7590 0 0 0 0.0000 0.0000
6 69.6821 91.3549 1 3 4 0 0.5470 0 0 0 0.0000 0.0000
6 136.6960 85.7850 4 2 2 0 0.2809 1 0 0 0.0000 0.0000
6 108.7283 146.0765 2 2 1 1 0.6493 0 0 0 0.0000 0.0000
6 117.3649 99.6703 4 4 2 1 0.6269 0 0 0 0.0000 0.0000
6 125.0165 87.0374 4 4 4 1 0.5396 1 0 0 0.0000 0.0000
6 126.1778 99.7698 4 4 3 1 0.5482 0 0 0 0.0000 0.0000
6 74.2690 85.7949 1 3 4 0 1.8504 0 0 0 0.0000 0.0000
6 86.6962 51.7089 3 2 2 0 0.5461 1 0 0 0.0000 0.0000
6 116.6820 143.1406 2 2 3 1 0.4567 0 0 0 0.0000 0.0000
6 96.9975 144.9041 2 1 1 0 0.4604 1 0 0 0.0000 0.0000
6 104.4290 118.4309 2 4 4 0 2.4650 1 0 0 0.0000 0.0000
6 94.4599 89.8636 3 4 3 0 0.6947 0 0 0 0.0000 0.0000
6 64.4410 99.6203 1 3 2 0 2.0966 0 0 0 0.0000 0.0000
6 100.6753 135.6078 2 2 1 1 0.6866 0 0 0 0.0000 0.0000
6 113.7347 110.0741 4 2 1 0 0.2646 0 0 0 0.0000 0.0000
6 49.0672 104.1744 1 2 4 0 0.4869 0 0 0 0.0000 0.0000
6 125.3780 93.6617 4 4 4 1 0.8118 1 0 0 0.0000 0.0000
6 92.5923 132.0602 2 2 3 1 0.9365 0 0 0 0.0000 0.0000
6 77.5306 86.0670 1 2 2 0 0.7125 1 0 0 0.0000 0.0000
6 105.2428 69.6735 3 2 2 0 0.8512 1 0 0 0.0000 0.0000
6 97.8579 128.1863 2 3 2 0 1.2160 0 0 0 0.0000 0.0000
6 88.0723 90.5523 3 1 4 0 0.5220 0 0 0 0.0000 0.0000
6 122.3346 91.6734 4 2 1 0 0.4792 0 0 0 0.0000 0.0000
6 110.5923 67.3542 3 1 3 0 0.4524 0 0 0 0.0000 0.0000
6 120.2600 88.8269 4 3 4 0 0.2955 0 0 0 0.0000 0.0000
6 75.6848 119.7178 1 4 1 0 0.3115 0 0 0 0.0000 0.0000
6 117.8498 104.5631 4 4 2 1 0.5511 0 0 0 0.0000 0.0000
6 108.1576 121.1709 2 4 1 0 0.4939 0 0 0 0.0000 0.0000
6 96.6668 66.6565 3 4 1 0 0.4822 0 0 0 0.0000 0.0000
6 82.9178 60.6965 3 2 2 0 0.6946 1 0 0 0.0000 0.0000
6 93.3553 104.9840 1 3 1 0 0.7534 0 0 0 0.0000 0.0000
6 93.3909 63.3240 3 3 3 1 2.0445 1 0 0 0.0000 0.0000
6 98.0211 135.4689 2 2 2 1 1.8653 1 0 0 0.0000 0.0000
6 79.8961 81.1035 3 2 1 0 0.5301 0 0 0 0.0000 0.0000
6 99.2885 68.1986 3 3 3 1 0.4248 1 0 0 0.0000 0.0000
6 90.7772 75.4578 3 3 2 1 0.5733 0 0 0 0.0000 0.0000
6 70.1847 112.6640 1 4 2 0 1.0920 0 0 0 0.0000 0.0000
6 102.6554 124.9706 2 4 1 0 0.9524 0 0 0 0.0000 0.0000
6 136.6877 95.0447 4 2 1 0 0.5044 0 0 0 0.0000 0.0000
6 100.2263 73.7651 3 1 2 0 0.4616 0 0 0 0.0000 0.0000
6 117.0446 134.5159 2 4 3 0 0.5144 0 0 0 0.0000 0.0000
6 104.8673 128.2429 2 3 1 0 0.3435 0 0 0 0.0000 0.0000
6 64.7903 77.3709 1 4 2 0 0.5847 0 0 0 0.0000 0.0000
6 72.5930 121.4012 1 3 1 0 0.3695 0 0 0 0.0000 0.0000
6 80.0327 125.0308 2 4 1 0 0.3882 0 0 0 0.0000 0.0000
6 101.6947 71.4132 3 1 1 0 0.6154 1 0 0 0.0000 0.0000
6 99.8400 81.4098 3 1 3 0 0.4310 0 0 0 0.0000 0.0000
6 117.2038 70.5478 3 2 3 0 0.3870 0 0 0 0.0000 0.0000
6 95.7718 76.3855 3 1 1 0 0.3592 1 0 0 0.0000 0.0000
6 106.9555 129.7324 2 1 3 0 0.3446 0 0 0 0.0000 0.0000
6 100.1946 133.4809 2 2 4 1 0.3629 0 0 0 0.0000 0.0000
6 94.9160 127.7004 2 1 4 0 0.5729 0 0 0 0.0000 0.0000
6 140.9303 83.2723 4 4 1 1 0.5160 0 0 0 0.0000 0.0000
6 88.5654 90.1056 1 1 4 1 0.0908 0 0 0 0.0000 0.0000
6 132.9935 87.5063 4 1 3 0 0.1332 0 0 0 0.0000 0.0000
6 96.2220 119.3550 2 2 1 1 0.7360 0 0 0 0.0000 0.0000
6 120.2365 105.3651 4 4 3 1 1.0188 0 0 0 0.0000 0.0000
6 85.6290 129.7241 2 3 3 0 0.7979 1 0 0 0.0000 0.0000
6 61.9010 110.7270 1 3 2 0 0.6507 0 0 0 0.0000 0.0000
6 83.8468 132.1807 2 2 2 1 0.4199 1 0 0 0.0000 0.0000
6 85.8959 100.2280 1 2 1 0 0.3759 0 0 0 0.0000 0.0000
6 103.0627 66.6268 3 4 4 0 0.8434 1 0 0 0.0000 0.0000
6 141.1648 118.9442 4 4 2 1 0.6804 0 0 0 0.0000 0.0000
7 133.9500 86.6055 4 4 0 1 0.7462 1 1 0 0.0000 0.0000
7 74.4528 101.6761 1 3 0 0 0.8753 0 1 0 0.0000 0.0000
7 67.0555 109.5032 1 4 0 0 1.0981 0 1 0 0.0000 0.0000
7 66.1732 98.4152 1 1 0 1 0.4941 1 1 0 0.0000 0.0000
7 106.6803 75.3501 3 1 0 0 0.7212 0 1 0 0.0000 0.0000
7 64.8654 97.4523 1 2 0 0 0.5064 0 1 0 0.0000 0.0000
7 146.5705 88.5627 4 4 0 1 0.7228 1 1 0 0.0000 0.0000
7 78.4511 105.1860 1 1 0 1 1.0056 1 1 0 0.0000 0.0000
7 74.1058 102.7346 1 1 0 1 0.4952 1 1 0 0.0000 0.0000
7 85.6570 87.3307 1 1 0 1 0.4355 1 1 0 0.0000 0.0000
7 90.3402 116.8999 1 1 0 1 0.3583 1 1 0 0.0000 0.0000
7 92.9690 69.1337 3 1 0 0 0.6795 0 1 0 0.0000 0.0000
7 123.6157 140.5805 2 4 0 0 0.5607 0 1 0 0.0000 0.0000
7 129.4118 107.4261 4 3 0 0 0.5995 0 1 0 0.0000 0.0000
7 101.9040 83.9635 3 2 0 0 0.5431 0 1 0 0.0000 0.0000
7 90.9210 64.4163 3 2 0 0 0.3746 0 1 0 0.0000 0.0000
7 124.4760 113.3694 4 4 0 1 0.6178 1 1 0 0.0000 0.0000
7 103.2879 70.9612 3 4 0 0 0.3701 0 1 0 0.0000 0.0000
7 90.9880 115.6455 2 4 0 0 0.4041 0 1 0 0.0000 0.0000
7 132.5168 79.3665 4 4 0 1 0.3425 1 1 0 0.0000 0.0000
7 96.1414 112.7962 2 4 0 0 0.4073 0 1 0 0.0000 0.0000
7 108.8790 128.9527 2 3 0 0 1.0349 0 1 0 0.0000 0.0000
7 71.9726 116.2312 1 3 0 0 0.4309 0 1 0 0.0000 0.0000
7 103.0445 133.7577 2 2 0 1 0.4828 1 1 0 0.0000 0.0000
7 65.6660 89.5178 1 3 0 0 0.8728 0 1 0 0.0000 0.0000
7 90.9566 126.3451 2 2 0 1 0.4404 1 1 0 0.0000 0.0000
7 99.8686 69.5788 3 2 0 0 0.8292 0 1 0 0.0000 0.0000
7 116.7455 95.2483 4 2 0 0 0.3003 0 1 0 0.0000 0.0000
7 114.5281 61.5265 3 3 0 1 0.7487 1 1 0 0.0000 0.0000
7 133.6930 86.1741 4 2 0 0 0.6638 0 1 0 0.0000 0.0000
7 131.2149 122.0328 4 2 0 0 0.5623 0 1 0 0.0000 0.0000
7 68.0811 97.2900 1 3 0 0 0.5214 0 1 0 0.0000 0.0000
7 67.7185 92.3521 1 2 0 0 0.3835 0 1 0 0.0000 0.0000
7 93.9527 116.2486 2 1 0 0 0.4346 0 1 0 0.0000 0.0000
7 72.1357 96.4958 1 2 0 0 0.3257 0 1 0 0.0000 0.0000
7 121.7999 103.9522 4 3 0 0 0.4074 0 1 0 0.0000 0.0000
7 116.7106 100.2723 4 4 0 1 0.5373 1 1 0 0.0000 0.0000
7 74.1213 97.4802 1 4 0 0 0.5440 0 1 0 0.0000 0.0000
7 63.4951 112.7103 1 1 0 1 0.4860 1 1 0 0.0000 0.0000
7 103.6479 80.3249 3 2 0 0 0.5852 0 1 0 0.0000 0.0000
7 82.7853 71.5963 3 3 0 1 0.4496 1 1 0 0.0000 0.0000
7 134.5390 105.2827 4 2 0 0 0.4208 0 1 0 0.0000 0.0000
7 95.5324 124.7046 2 2 0 1 0.3284 1 1 0 0.0000 0.0000
7 107.6564 76.9826 3 2 0 0 0.4899 0 1 0 0.0000 0.0000
7 107.5802 141.2795 2 2 0 1 0.7199 1 1 0 0.0000 0.0000
7 98.5767 125.9519 2 2 0 1 0.4759 1 1 0 0.0000 0.0000
7 80.3229 104.6976 1 2 0 0 0.4015 0 1 0 0.0000 0.0000
7 93.6008 125.3017 2 3 0 0 0.5651 0 1 0 0.0000 0.0000
7 78.0881 134.8433 2 1 0 0 1.1310 0 1 0 0.0000 0.0000
7 103.5842 78.5183 3 2 0 0 0.4150 0 1 0 0.0000 0.0000
7 112.2636 78.2404 3 4 0 0 0.1302 0 1 0 0.0000 0.0000
7 107.4919 124.2660 2 3 0 0 0.9917 0 1 0 0.0000 0.0000
7 89.8963 132.1882 2 4 0 0 0.6085 0 1 0 0.0000 0.0000
7 96.1304 74.5303 3 1 0 0 0.7777 0 1 0 0.0000 0.0000
7 113.1897 81.5377 4 2 0 0 0.5499 0 1 0 0.0000 0.0000
7 86.0869 61.6301 3 2 0 0 0.9109 0 1 0 0.0000 0.0000
7 110.2706 135.7376 2 1 0 0 0.3840 0 1 0 0.0000 0.0000
7 103.3200 134.0606 2 3 0 0 1.1856 0 1 0 0.0000 0.0000
7 101.0772 80.8251 3 4 0 0 0.2964 0 1 0 0.0000 0.0000
7 105.6745 113.8609 2 1 0 0 0.4088 0 1 0 0.0000 0.0000
7 91.7822 124.1051 2 2 0 1 0.3448 1 1 0 0.0000 0.0000
7 102.5889 83.5736 3 2 0 0 0.3475 0 1 0 0.0000 0.0000
7 137.3462 113.9915 4 1 0 0 0.4934 0 1 0 0.0000 0.0000
7 94.8067 71.0829 3 3 0 1 0.6243 1 1 0 0.0000 0.0000
7 68.8092 92.9212 1 3 0 0 0.9362 0 1 0 0.0000 0.0000
7 104.5617 56.6949 3 4 0 0 0.4262 0 1 0 0.0000 0.0000
7 98.6420 67.0848 3 3 0 1 0.4138 1 1 0 0.0000 0.0000
7 148.4004 105.7397 4 3 0 0 0.4009 0 1 0 0.0000 0.0000
7 129.6642 100.7962 4 4 0 1 0.6130 1 1 0 0.0000 0.0000
7 95.9064 128.1414 2 4 0 0 0.4125 0 1 0 0.0000 0.0000
7 115.0339 82.6380 3 4 0 0 0.4628 0 1 0 0.0000 0.0000
7 137.0833 98.5415 4 1 0 0 0.4833 0 1 0 0.0000 0.0000
7 71.6742 104.6640 1 2 0 0 0.6480 0 1 0 0.0000 0.0000
7 92.5239 112.3685 2 1 0 0 0.4964 0 1 0 0.0000 0.0000
7 123.5472 93.8877 4 2 0 0 0.2932 0 1 0 0.0000 0.0000
7 116.0171 54.0204 3 3 0 1 0.5663 1 1 0 0.0000 0.0000
7 75.9152 124.9741 1 3 0 0 0.7655 0 1 0 0.0000 0.0000
7 106.3317 61.3886 3 4 0 0 0.4387 0 1 0 0.0000 0.0000
7 96.4913 75.5477 3 2 0 0 0.3139 0 1 0 0.0000 0.0000
7 129.5553 104.7185 4 1 0 0 0.2982 0 1 0 0.0000 0.0000
7 119.2084 107.1740 4 3 0 0 0.3607 0 1 0 0.0000 0.0000
7 69.6587 95.3935 1 4 0 0 0.3779 0 1 0 0.0000 0.0000
7 108.8706 89.0201 4 3 0 0 0.9086 0 1 0 0.0000 0.0000
7 42.7977 98.7857 1 1 0 1 0.3814 1 1 0 0.0000 0.0000
7 115.4950 102.4642 4 1 0 0 0.3197 0 1 0 0.0000 0.0000
7 114.0655 154.3119 2 4 0 0 0.3521 0 1 0 0.0000 0.0000
7 94.1668 86.3556 3 3 0 1 0.3541 1 1 0 0.0000 0.0000
7 103.9174 117.3660 2 3 0 0 0.5157 0 1 0 0.0000 0.0000
7 39.4733 74.9602 1 2 0 0 0.3624 0 1 0 0.0000 0.0000
7 136.7401 101.5012 4 2 0 0 0.6836 0 1 0 0.0000 0.0000
7 122.2716 97.8254 4 3 0 0 0.8864 0 1 0 0.0000 0.0000
7 99.5780 137.4124 2 4 0 0 0.4556 0 1 0 0.0000 0.0000
7 66.6809 92.0205 1 1 0 1 1.5480 1 1 0 0.0000 0.0000
7 95.0812 129.7580 2 1 0 0 0.6664 0 1 0 0.0000 0.0000
7 150.6347 101.2032 4 4 0 1 0.6903 1 1 0 0.0000 0.0000
7 96.4990 80.8376 3 1 0 0 0.4287 0 1 0 0.0000 0.0000
7 76.2416 107.6445 1 2 0 0 0.5431 0 1 0 0.0000 0.0000
7 104.7658 137.1957 2 1 0 0 0.6298 0 1 0 0.0000 0.0000
7 87.7027 99.6187 1 2 0 0 0.4142 0 1 0 0.0000 0.0000
7 125.8238 82.1636 4 1 0 0 0.2570 0 1 0 0.0000 0.0000
8 60.5538 97.4907 1 1 0 1 1.0022 1 1 0 0.0000 0.0000
8 109.1853 138.0732 2 2 0 1 1.2785 1 1 0 0.0000 0.0000
8 80.1687 102.4136 1 2 0 0 0.5989 0 1 0 0.0000 0.0000
8 95.4788 69.3943 3 1 0 0 0.4781 0 1 0 0.0000 0.0000
8 113.3018 55.9921 3 4 0 0 2.6579 0 1 0 0.0000 0.0000
8 65.5803 106.6743 1 1 0 1 1.1193 1 1 0 0.0000 0.0000
8 131.3731 96.3049 4 4 0 1 0.6287 1 1 0 0.0000 0.0000
8 103.4128 73.7752 3 2 0 0 0.7659 0 1 0 0.0000 0.0000
8 76.1655 80.2105 1 1 0 1 0.5047 1 1 0 0.0000 0.0000
8 137.4330 97.0950 4 4 0 1 0.7975 1 1 0 0.0000 0.0000
8 139.5657 102.7081 4 4 0 1 0.6520 1 1 0 0.0000 0.0000
8 92.7225 150.3744 2 3 0 0 4.0057 0 1 0 0.0000 0.0000
8 104.0930 67.8945 3 3 0 1 0.8375 1 1 0 0.0000 0.0000
8 111.3216 66.9400 3 3 0 1 0.6285 1 1 0 0.0000 0.0000
8 108.8308 89.4585 3 2 0 0 0.6710 0 1 0 0.0000 0.0000
8 95.8101 77.8261 3 2 0 0 0.7921 0 1 0 0.0000 0.0000
8 122.5304 84.5825 4 4 0 1 0.8521 1 1 0 0.0000 0.0000
8 107.7221 122.8525 2 4 0 0 0.6125 0 1 0 0.0000 0.0000
8 67.5129 120.7204 1 1 0 1 1.2469 1 1 0 0.0000 0.0000
8 66.8812 103.1281 1 1 0 1 0.4401 1 1 0 0.0000 0.0000
8 79.9215 80.1434 1 1 0 1 0.6689 1 1 0 0.0000 0.0000
8 65.5740 101.7929 1 1 0 1 0.4880 1 1 0 0.0000 0.0000
8 81.3666 54.0435 3 1 0 0 0.3484 0 1 0 0.0000 0.0000
8 96.4548 124.9745 2 4 0 0 0.6544 0 1 0 0.0000 0.0000
8 75.8619 108.5506 1 4 0 0 0.8399 0 1 0 0.0000 0.0000
8 75.2236 88.3775 1 1 0 1 0.4058 1 1 0 0.0000 0.0000
8 68.4902 100.3769 1 1 0 1 0.4575 1 1 0 0.0000 0.0000
8 65.7857 99.0509 1 1 0 1 0.4450 1 1 0 0.0000 0.0000
8 83.2440 87.2348 3 1 0 0 1.0882 0 1 0 0.0000 0.0000
8 95.6356 122.0070 2 4 0 0 0.8689 0 1 0 0.0000 0.0000
8 77.0428 103.0216 1 1 0 1 0.4198 1 1 0 0.0000 0.0000
8 65.8822 90.4625 1 1 0 1 0.3117 1 1 0 0.0000 0.0000
8 98.8722 73.9907 3 1 0 0 0.7608 0 1 0 0.0000 0.0000
8 123.1581 86.3214 3 2 0 0 0.6457 0 1 0 0.0000 0.0000
8 105.5005 79.1120 3 4 0 0 0.3188 0 1 0 0.0000 0.0000
8 131.4001 98.8049 4 3 0 0 0.4801 0 1 0 0.0000 0.0000
8 113.7865 95.2948 3 4 0 0 0.3420 0 1 0 0.0000 0.0000
8 102.1550 55.7520 3 1 0 0 0.3912 0 1 0 0.0000 0.0000
8 99.5317 110.2907 2 2 0 1 0.7140 1 1 0 0.0000 0.0000
8 101.1719 119.2859 2 2 0 1 0.4039 1 1 0 0.0000 0.0000
8 129.4991 98.6783 4 2 0 0 0.5023 0 1 0 0.0000 0.0000
8 140.2754 107.0743 4 1 0 0 0.3487 0 1 0 0.0000 0.0000
8 98.0184 84.3762 3 2 0 0 1.0707 0 1 0 0.0000 0.0000
8 99.8741 116.0471 2 3 0 0 0.3382 0 1 0 0.0000 0.0000
8 69.8300 103.9540 1 1 0 1 1.5238 1 1 0 0.0000 0.0000
8 109.2525 147.8820 2 1 0 0 0.5810 0 1 0 0.0000 0.0000
8 124.5032 78.1772 4 4 0 1 0.4293 1 1 0 0.0000 0.0000
8 130.1129 92.5924 4 4 0 1 0.4961 1 1 0 0.0000 0.0000
8 129.0227 91.0200 4 4 0 1 0.4689 1 1 0 0.0000 0.0000
8 95.1936 94.8259 3 1 0 0 1.0649 0 1 0 0.0000 0.0000
8 110.4685 121.2093 2 4 0 0 0.4448 0 1 0 0.0000 0.0000
8 124.1812 129.4869 4 4 0 1 0.4009 1 1 0 0.0000 0.0000
8 102.7899 116.4195 2 4 0 0 0.4516 0 1 0 0.0000 0.0000
8 86.3785 114.4504 1 1 0 1 0.4224 1 1 0 0.0000 0.0000
8 125.3602 108.8345 4 1 0 0 0.4417 0 1 0 0.0000 0.0000
8 100.1930 132.4558 2 4 0 0 0.3011 0 1 0 0.0000 0.0000
8 104.8871 113.3817 2 1 0 0 2.1091 0 1 0 0.0000 0.0000
8 112.3647 123.1131 2 4 0 0 0.3318 0 1 0 0.0000 0.0000
8 77.8577 103.2591 1 3 0 0 0.4295 0 1 0 0.0000 0.0000
8 88.6888 98.2993 1 2 0 0 0.4174 0 1 0 0.0000 0.0000
8 91.6309 131.5931 2 1 0 0 0.3734 0 1 0 0.0000 0.0000
8 116.6119 107.6445 4 4 0 1 0.5662 1 1 0 0.0000 0.0000
8 94.5580 127.3204 2 4 0 0 0.3817 0 1 0 0.0000 0.0000
8 100.4535 75.4099 3 4 0 0 0.3513 0 1 0 0.0000 0.0000
8 116.9842 121.0366 4 3 0 0 0.5774 0 1 0 0.0000 0.0000
8 107.7403 151.8154 2 3 0 0 0.7764 0 1 0 0.0000 0.0000
8 115.3325 116.7625 2 4 0 0 0.4697 0 1 0 0.0000 0.0000
8 98.4734 67.9758 3 4 0 0 0.4589 0 1 0 0.0000 0.0000
8 105.2155 124.7106 2 3 0 0 0.4961 0 1 0 0.0000 0.0000
8 108.7611 66.5369 3 1 0 0 0.4213 0 1 0 0.0000 0.0000
8 131.2836 106.8547 4 4 0 1 0.3760 1 1 0 0.0000 0.0000
8 77.6529 103.1860 1 4 0 0 0.3632 0 1 0 0.0000 0.0000
8 116.1249 104.1484 4 3 0 0 0.4615 0 1 0 0.0000 0.0000
8 107.4212 77.5781 3 2 0 0 0.4828 0 1 0 0.0000 0.0000
8 111.7206 105.1756 4 1 0 0 0.5211 0 1 0 0.0000 0.0000
8 89.2490 78.6219 3 4 0 0 0.3819 0 1 0 0.0000 0.0000
8 85.6089 129.0267 2 4 0 0 0.7538 0 1 0 0.0000 0.0000
8 125.4167 88.3572 4 4 0 1 0.7342 1 1 0 0.0000 0.0000
8 75.5032 120.2016 1 4 0 0 2.0577 0 1 0 0.0000 0.0000
8 120.1177 97.7777 4 4 0 1 1.2697 1 1 0 0.0000 0.0000
8 104.8418 64.5808 3 4 0 0 1.3741 0 1 0 0.0000 0.0000
8 55.9682 101.5119 1 1 0 1 0.8884 1 1 0 0.0000 0.0000
8 125.7579 107.7674 4 4 0 1 1.2544 1 1 0 0.0000 0.0000
8 73.6090 100.0768 1 1 0 1 0.4308 1 1 0 0.0000 0.0000
8 135.4754 103.0953 4 4 0 1 0.3049 1 1 0 0.0000 0.0000
8 126.4884 92.9181 4 4 0 1 0.5447 1 1 0 0.0000 0.0000
8 91.3367 66.3946 3 1 0 0 0.8871 0 1 0 0.0000 0.0000
8 87.9524 84.3511 1 1 0 1 0.4679 1 1 0 0.0000 0.0000
8 75.2274 96.2135 1 1 0 1 0.5999 1 1 0 0.0000 0.0000
8 109.2279 139.7944 2 2 0 1 0.8959 1 1 0 0.0000 0.0000
8 79.9510 141.1002 2 2 0 1 0.7666 1 1 0 0.0000 0.0000
8 116.2361 104.3239 4 4 0 1 0.8102 1 1 0 0.0000 0.0000
8 65.6183 91.4331 1 2 0 0 0.9994 0 1 0 0.0000 0.0000
8 105.9622 87.7261 3 2 0 0 0.6323 0 1 0 0.0000 0.0000
8 97.3481 129.1895 2 2 0 1 0.8643 1 1 0 0.0000 0.0000
8 112.4084 118.7632 4 2 0 0 0.7510 0 1 0 0.0000 0.0000
8 119.7651 117.6533 2 4 0 0 0.4581 0 1 0 0.0000 0.0000
8 88.1528 75.4018 3 1 0 0 0.5737 0 1 0 0.0000 0.0000
8 116.9702 92.0839 4 2 0 0 0.4849 0 1 0 0.0000 0.0000
8 93.3562 125.6489 2 4 0 0 0.4244 0 1 0 0.0000 0.0000
9 138.9301 102.8864 4 4 0 1 1.0822 1 1 0 0.0000 0.0000
9 95.9106 133.0822 2 4 0 0 0.5864 0 1 0 0.0000 0.0000
9 102.1490 115.6918 4 1 0 0 0.8164 0 1 0 0.0000 0.0000
9 77.3297 102.7611 1 4 0 0 0.4939 0 1 0 0.0000 0.0000
9 106.7931 73.1952 3 4 0 0 0.6427 0 1 0 0.0000 0.0000
9 100.6615 138.9520 2 1 0 0 1.1318 0 1 0 0.0000 0.0000
9 105.3690 62.3515 3 3 0 1 0.5935 1 1 0 0.0000 0.0000
9 96.6394 63.9314 3 3 0 1 0.3446 1 1 0 0.0000 0.0000
9 52.2791 89.7587 1 3 0 0 0.5522 0 1 0 0.0000 0.0000
9 101.9013 52.5659 3 4 0 0 0.3994 0 1 0 0.0000 0.0000
9 101.3815 73.0170 3 1 0 0 0.8825 0 1 0 0.0000 0.0000
9 127.5453 108.7529 4 4 0 1 0.4817 1 1 0 0.0000 0.0000
9 88.8389 138.9016 2 2 0 1 1.1741 1 1 0 0.0000 0.0000
9 58.3788 84.3613 1 1 0 1 0.4449 1 1 0 0.0000 0.0000
9 75.7972 136.1125 2 2 0 1 0.6405 1 1 0 0.0000 0.0000
9 80.4441 103.3211 1 3 0 0 0.5204 0 1 0 0.0000 0.0000
9 79.5867 92.3888 1 1 0 1 0.3332 1 1 0 0.0000 0.0000
9 136.6758 89.3931 4 4 0 1 0.3984 1 1 0 0.0000 0.0000
9 140.8232 100.9438 4 4 0 1 0.6419 1 1 0 0.0000 0.0000
9 92.0338 75.2069 3 2 0 0 2.0587 0 1 0 0.0000 0.0000
9 138.1587 109.2010 4 4 0 1 0.6951 1 1 0 0.0000 0.0000
9 58.2609 103.3889 1 1 0 1 1.0902 1 1 0 0.0000 0.0000
9 118.1874 104.7384 4 2 0 0 0.6639 0 1 0 0.0000 0.0000
9 77.9282 100.4959 1 4 0 0 0.8161 0 1 0 0.0000 0.0000
9 124.0902 118.9130 4 4 0 1 0.7342 1 1 0 0.0000 0.0000
9 85.5099 78.3823 3 1 0 0 1.0954 0 1 0 0.0000 0.0000
9 90.6607 114.7931 2 4 0 0 3.2264 0 1 0 0.0000 0.0000
9 81.9811 122.2044 2 4 0 0 0.6941 0 1 0 0.0000 0.0000
9 94.5770 65.3457 3 3 0 1 0.5917 1 1 0 0.0000 0.0000
9 113.2000 100.1867 4 3 0 0 0.9184 0 1 0 0.0000 0.0000
9 81.3311 81.8530 1 1 0 1 1.0148 1 1 0 0.0000 0.0000
9 145.5079 105.0925 4 4 0 1 1.6719 1 1 0 0.0000 0.0000
9 84.9137 90.1487 3 4 0 0 0.8940 0 1 0 0.0000 0.0000
9 88.9110 106.8961 1 4 0 0 0.6375 0 1 0 0.0000 0.0000
9 97.1936 128.5897 2 4 0 0 0.6459 0 1 0 0.0000 0.0000
9 63.8414 99.9808 1 4 0 0 0.5599 0 1 0 0.0000 0.0000
9 82.0931 84.7054 1 4 0 0 0.4550 0 1 0 0.0000 0.0000
9 100.7278 116.5772 2 2 0 1 2.3453 1 1 0 0.0000 0.0000
9 101.9112 68.7101 3 4 0 0 0.7805 0 1 0 0.0000 0.0000
9 99.3557 122.9250 2 1 0 0 0.7769 0 1 0 0.0000 0.0000
9 95.3532 130.8562 2 2 0 1 0.4365 1 1 0 0.0000 0.0000
9 118.2760 134.3861 2 2 0 1 0.3753 1 1 0 0.0000 0.0000
9 89.2050 134.1374 2 2 0 1 0.3769 1 1 0 0.0000 0.0000
9 84.3642 77.5642 3 3 0 1 0.9216 1 1 0 0.0000 0.0000
9 140.5597 95.9058 4 2 0 0 0.7292 0 1 0 0.0000 0.0000
9 89.6134 63.6083 3 2 0 0 0.5468 0 1 0 0.0000 0.0000
9 106.9445 67.1810 3 3 0 1 0.4241 1 1 0 0.0000 0.0000
9 71.8123 78.3524 1 3 0 0 0.7463 0 1 0 0.0000 0.0000
9 121.3137 98.8788 4 3 0 0 0.6128 0 1 0 0.0000 0.0000
9 63.4358 97.9667 1 3 0 0 0.9099 0 1 0 0.0000 0.0000
