1 99.874 116.05 4 2 1 1 0 0.91135 6
1 103.29 76.818 3 3 1 1 0 0.71324 6
1 100.26 126.58 1 2 2 1 1 1.0652 6
1 135.9 87.263 4 4 2 1 0 1.2406 6
1 73.271 112.19 2 1 4 1 0 1.0326 6
1 100.19 132.46 3 2 4 1 0 0.72865 6
1 65.483 111.99 3 1 3 1 0 0.69653 6
1 92.034 75.207 1 3 2 1 0 0.74457 6
1 124.8 92.44 4 4 2 1 0 0.82444 6
1 136.37 93.27 4 4 1 1 0 1.0486 6
1 131.82 93.131 3 4 4 1 1 0.66461 6
1 130.46 86.239 2 4 4 1 1 0.68061 6
1 77.043 103.02 4 1 3 1 0 0.82458 6
1 135.92 94.174 1 4 4 1 1 0.55798 6
1 83.097 99.69 1 1 1 1 1 0.72862 6
1 138.1 78.635 3 4 4 1 1 0.52053 6
1 94.439 74.619 3 3 1 1 0 1.1121 6
1 97.803 130.48 3 2 2 1 1 0.84051 6
1 105.29 110.19 4 2 1 1 0 0.96925 6
1 88.727 138.52 1 2 2 1 1 0.7446 6
1 95.087 138.82 4 2 2 1 1 1.1125 6
1 111.85 115.57 4 2 4 1 0 0.95258 6
1 105.35 62.113 1 3 3 1 1 0.98461 6
1 96.639 63.931 2 3 3 1 1 0.63253 6
1 107.66 76.983 3 3 3 1 1 0.76658 6
1 125.42 88.357 1 4 4 1 1 0.74511 6
1 91.842 58.59 1 3 3 1 1 0.84045 6
1 132.47 91.274 2 4 4 1 1 0.66458 6
1 79.896 81.103 4 3 1 1 0 0.76003 6
1 129.64 91.975 2 4 4 1 1 0.74465 6
1 96.006 70.31 3 3 3 1 1 1.9126 6
1 95.081 129.76 3 2 2 1 1 0.66441 6
1 126.81 79.395 3 4 4 1 1 0.53767 6
1 114.2 77.146 4 3 3 1 1 0.90433 6
1 102.03 55.27 1 3 3 1 1 0.53655 6
1 81.331 81.853 3 1 1 1 1 0.60021 6
1 58.433 101.94 3 1 1 1 1 0.76872 6
1 103.49 123.83 4 2 2 1 1 0.71239 6
1 135.48 103.1 3 4 4 1 1 0.54336 6
1 82.728 60.788 3 3 3 1 1 0.62214 6
1 85.51 78.382 3 3 3 1 1 0.73954 6
1 84.668 102.75 2 1 2 1 0 2.9743 6
1 49.067 104.17 2 1 1 1 1 0.98458 6
1 94.17 78.633 3 3 3 1 1 1.8825 6
1 68.92 110.38 3 1 1 1 1 1.5442 6
1 96.222 119.36 2 2 2 1 1 0.79191 6
1 100.66 138.95 2 2 2 1 1 0.84136 6
1 103.04 133.76 1 2 2 1 1 0.76964 6
1 96.095 76.707 4 3 3 1 1 0.75149 6
1 56.719 111.46 2 1 1 1 1 0.76012 6
1 108.36 74.954 3 3 3 1 1 0.8085 6
1 101.93 124.92 4 2 2 1 1 0.64829 6
1 78.451 105.19 2 1 1 1 1 1.8166 6
1 88.46 132.35 2 2 2 1 1 0.7365 6
1 64.441 99.62 1 1 1 1 1 0.84056 6
1 100.23 73.765 3 3 3 1 1 0.64853 6
1 130.11 92.592 2 4 4 1 1 0.66833 6
1 100.45 75.41 3 3 3 1 1 0.68055 6
1 138.16 109.2 4 4 4 1 1 1.2733 6
1 132.97 97.663 1 4 4 1 1 0.55235 6
1 78.156 106.16 1 1 3 1 0 1.5445 6
1 99.777 123.8 1 2 2 1 1 0.92553 6
1 95.503 80.539 1 3 3 1 1 1.0325 6
1 105.39 122.35 3 2 2 1 1 0.6485 6
1 101.3 118.25 2 2 2 1 1 0.61963 6
1 71.147 98.665 2 1 1 1 1 0.9049 6
1 137.35 113.99 1 4 4 1 1 0.60047 6
1 143.47 104.91 1 4 4 1 1 0.50471 6
1 74.406 94.873 3 1 3 1 0 1.2498 6
1 84.233 137.95 2 2 2 1 1 0.66438 6
1 150.2 102.4 1 4 4 1 1 1.0965 6
1 111.42 105.79 3 4 2 1 0 2.0788 6
1 95.636 122.01 1 2 2 1 1 0.8401 6
1 97.504 109.72 2 2 3 1 0 1.3524 6
1 67.377 101.21 2 1 1 1 1 0.67894 6
1 138.91 109.03 3 4 4 1 1 0.58434 6
1 79.921 80.143 2 1 3 1 0 0.87254 6
1 79.388 101.95 4 1 1 1 1 2.6966 6
1 114.29 103.67 4 4 4 1 1 0.61112 6
1 111.32 66.94 3 3 3 1 1 0.66449 6
1 67.055 109.5 1 1 1 1 1 2.5811 6
1 124.62 98.248 2 4 4 1 1 0.56821 6
1 118.36 111.64 2 4 4 1 1 0.6806 6
1 108.16 121.17 4 2 2 1 1 2.3446 6
1 123.59 90.996 2 3 4 1 0 2.1399 6
1 103.8 134.02 3 2 2 1 1 1.3459 6
1 110.47 86.667 2 3 3 1 1 1.9445 6
1 109.19 138.07 4 2 2 1 1 1.077 6
1 67.719 92.352 4 1 1 1 1 0.9521 6
1 100.28 82.642 4 3 3 1 1 0.87249 6
1 75.224 88.377 1 1 3 1 0 0.84053 6
1 78.076 96.265 4 1 1 1 1 0.63253 6
1 108.59 150 4 2 2 1 1 0.6805 6
1 105.84 59.327 2 3 3 1 1 0.61662 6
1 80.514 110.94 1 1 1 1 1 2.9905 6
1 137.08 110.12 3 4 4 1 1 0.58461 6
1 97.37 74.791 2 3 3 1 1 0.6722 6
1 113.19 81.538 4 4 3 1 0 0.77616 6
1 87.493 102.65 3 1 2 1 0 2.5366 6
1 70.057 97.824 1 1 1 1 1 0.53655 6
2 92.056 65.207 2 3 3 1 1 0.92782 6
2 81.98 108.69 2 1 1 1 1 2.1205 6
2 97.194 128.59 3 2 2 1 1 0.71263 6
2 83.847 132.18 1 2 2 1 1 0.64854 6
2 125.36 108.83 1 4 4 1 1 0.66464 6
2 78.088 134.84 1 2 2 1 1 0.66455 6
2 101.11 71.326 1 3 3 1 1 0.61641 6
2 124.87 94.913 4 4 4 1 1 2.4246 6
2 114.07 154.31 3 2 2 1 1 0.60061 6
2 109.08 102.43 2 4 4 1 1 1.5444 6
2 116.97 92.084 1 4 4 1 1 1.3046 6
2 106.46 68.872 3 3 3 1 1 1.5925 6
2 86.087 61.63 1 3 3 1 1 0.55262 6
2 89.249 78.622 1 3 3 1 1 0.80845 6
2 77.928 100.5 3 1 2 1 0 0.61661 6
2 111.52 115.14 4 2 2 1 1 1.1126 6
2 98.245 120.49 1 2 2 1 1 0.66432 6
2 112.41 118.76 1 4 2 1 0 1.1605 6
2 107.65 124.98 1 2 2 1 1 0.8085 6
2 133.57 96.385 4 4 4 1 1 0.80859 6
2 62.399 88.289 1 1 1 1 1 0.80782 6
2 87.314 64.028 2 3 3 1 1 0.68052 6
2 91.087 110.36 2 2 2 1 1 1.6885 6
2 127.81 85.974 3 4 4 1 1 0.55252 6
2 77.572 109.99 1 1 3 1 0 5.1764 6
2 73.749 110.44 1 1 1 1 1 0.66461 6
2 100.29 72.427 4 3 3 1 1 0.79254 6
2 104.2 141.27 1 2 2 1 1 0.93655 6
2 120.24 105.37 2 4 4 1 1 1.417 6
2 96.851 93.522 1 1 3 1 0 4.8725 6
2 70.723 116.53 1 1 1 1 1 0.66459 6
2 102.34 113.04 4 2 2 1 1 1.3525 6
2 103.79 74.408 4 3 3 1 1 1.4645 6
2 136.2 109.88 4 4 4 1 1 1.1606 6
2 86.84 95.028 2 3 1 1 0 2.9205 6
2 73.556 72.203 2 3 1 1 0 0.77651 6
2 74.453 101.68 4 1 1 1 1 0.76056 6
2 64.365 104.84 4 1 3 1 0 0.56858 6
2 121.92 85.312 4 4 4 1 1 0.50447 6
2 135.16 91.08 2 4 4 1 1 0.52063 6
2 82.976 154.25 2 2 2 1 1 0.58465 6
2 88.576 154.71 3 2 2 1 1 0.56862 6
2 131.6 100.05 4 4 4 1 1 0.77653 6
2 123.77 91.191 4 4 4 1 1 0.56861 6
2 84.647 111.43 1 1 2 1 0 2.4246 6
2 128.1 100.78 1 4 4 1 1 0.7605 6
2 90.76 118.01 3 2 2 1 1 0.71239 6
2 96.491 75.548 4 3 1 1 0 1.1765 6
2 80.038 101.41 3 1 2 1 0 1.3045 6
2 61.124 86.306 4 1 1 1 1 0.45657 6
2 147.27 83.137 1 4 4 1 1 0.56866 6
2 79.195 108.9 1 1 2 1 0 1.2564 6
2 105.24 69.674 1 3 3 1 1 0.92049 6
2 86.386 114.75 4 1 2 1 0 1.4324 6
2 76.242 107.64 2 1 2 1 0 0.64857 6
2 82.452 94.309 2 1 1 1 1 1.3045 6
2 102.96 73.328 1 3 1 1 0 1.9125 6
2 109.85 73.783 2 3 4 1 0 0.50454 6
2 135.82 105.16 2 4 4 1 1 0.52052 6
2 85.657 87.331 4 1 2 1 0 1.0006 6
2 101.83 65.421 2 3 4 1 0 2.1687 6
2 126.49 92.918 3 4 4 1 1 0.52046 6
2 104.9 118.62 4 2 2 1 1 0.61628 6
2 73.932 114.88 1 1 1 1 1 1.0325 6
2 111.79 125.11 2 2 2 1 1 0.88859 6
2 109.99 128.71 3 2 2 1 1 0.71253 6
2 114.53 61.526 2 3 3 1 1 0.74439 6
2 70.846 89.233 4 1 3 1 0 1.0646 6
2 112.83 144.21 4 2 4 1 0 0.52051 6
2 140.56 95.906 2 4 4 1 1 0.63253 6
2 126.18 107.62 3 4 4 1 1 1.3366 6
2 136.8 115.45 1 4 4 1 1 0.56857 6
2 100.99 121.59 1 2 2 1 1 0.9205 6
2 80.363 107.58 3 1 2 1 0 5.6405 6
2 101.16 128.38 1 2 2 1 1 0.64859 6
2 99.136 69.971 2 3 3 1 1 0.93651 6
2 92.918 131.84 3 2 2 1 1 0.82463 6
2 96.141 112.8 2 2 2 1 1 0.6645 6
2 69.448 106.47 3 1 1 1 1 0.93565 6
2 105.35 58.085 2 3 3 1 1 0.68046 6
2 106.96 129.73 3 2 2 1 1 0.76062 6
2 79.308 92.667 4 1 3 1 0 4.4245 6
2 121.31 98.879 4 4 4 1 1 1.1446 6
2 101.9 83.963 4 3 2 1 0 2.6165 6
2 134.45 99.393 1 4 4 1 1 0.68048 6
2 102.16 55.752 1 3 3 1 1 0.84048 6
2 95.619 81.297 4 3 3 1 1 1.9765 6
2 72.136 96.496 4 1 1 1 1 1.8326 6
2 113.1 110.7 3 2 2 1 1 3.2405 6
2 71.102 89.31 1 1 1 1 1 1.0805 6
2 98.409 50.535 2 3 3 1 1 0.88852 6
2 137.4 90.895 3 4 4 1 1 0.71288 6
2 132.99 87.506 2 4 4 1 1 1.1126 6
2 84.364 77.564 3 3 3 1 1 1.6244 6
2 75.227 96.213 1 1 1 1 1 2.0886 6
2 104.56 56.695 1 3 3 1 1 0.79259 6
2 104.55 75.985 2 3 3 1 1 0.60047 6
2 105.56 113.27 1 2 2 1 1 0.6325 6
2 88.839 138.9 1 2 2 1 1 0.56847 6
2 127.04 102.53 1 4 4 1 1 0.90456 6
3 94.284 48.611 1 3 3 1 1 0.84803 6
3 112.26 78.24 3 3 3 1 1 1.8645 6
3 99.356 122.93 4 2 2 1 1 0.58462 6
3 142.54 96.024 4 4 4 1 1 0.64857 6
3 97.429 121.92 4 2 2 1 1 0.58456 6
3 63.9 101.59 3 1 1 1 1 0.66458 6
3 96.553 70.742 4 3 3 1 1 0.8885 6
3 110.59 67.354 3 3 3 1 1 0.74443 6
3 105.22 124.71 3 2 2 1 1 0.52059 6
3 105.67 73.16 2 3 3 1 1 1.0804 6
3 74.279 93.98 3 1 1 1 1 0.56694 6
3 105.91 134.84 2 2 2 1 1 0.5844 6
3 88.911 106.9 1 1 2 1 0 1.4964 6
3 127.58 95.363 3 4 4 1 1 0.55253 6
3 96.455 124.97 1 2 2 1 1 0.74456 6
3 80.323 104.7 4 1 1 1 1 1.5126 6
3 149.08 86.517 4 4 4 1 1 0.53644 6
3 145.51 105.09 4 4 4 1 1 0.50451 6
3 109.89 115.34 4 2 2 1 1 1.0965 6
3 98.221 65.457 4 3 3 1 1 0.76054 6
3 94.167 86.356 4 3 3 1 1 4.5684 6
3 119.21 107.17 4 4 1 1 0 1.8804 6
3 110.72 120.02 2 2 2 1 1 0.6325 6
3 66.393 108.79 3 1 1 1 1 0.7286 6
3 127.38 98.414 4 4 4 1 1 0.60046 6
3 57.396 106.88 4 1 1 1 1 0.69661 6
3 91.876 91.165 2 1 2 1 0 1.2886 6
3 92.592 132.06 1 2 2 1 1 0.8085 6
3 87.361 68.211 1 3 3 1 1 0.92052 6
3 89.896 132.19 4 2 2 1 1 0.6803 6
3 133.69 86.174 4 4 4 1 1 2.0565 6
3 77.33 102.76 1 1 1 1 1 1.5605 6
3 136.7 85.785 2 4 4 1 1 2.0885 6
3 112.99 56.667 4 3 3 1 1 2.2804 6
3 68.797 98.916 3 1 1 1 1 1.0005 6
3 98.189 128.34 3 2 2 1 1 1.4486 6
3 116.75 95.248 2 4 4 1 1 1.9925 6
3 94.993 68.6 1 3 3 1 1 1.8805 6
3 101.9 52.566 1 3 3 1 1 1.4165 6
3 76.579 100.09 1 1 1 1 1 0.80867 6
3 102.12 59.224 4 3 3 1 1 0.56853 6
3 134.54 105.28 1 4 4 1 1 0.84063 6
3 134.9 112.82 2 4 4 1 1 1.8486 6
3 62.847 102.1 4 1 1 1 1 0.71257 6
3 125.5 91.716 1 4 4 1 1 1.4486 6
3 113.73 110.07 2 4 2 1 0 3.7365 6
3 99.281 114.32 1 2 2 1 1 1.8964 6
3 110.07 62.644 3 3 3 1 1 0.66446 6
3 112.9 126.84 1 2 2 1 1 0.71266 6
3 59.669 94.748 2 1 1 1 1 0.60051 6
3 143.65 112.93 1 4 4 1 1 0.58451 6
3 121.8 103.95 2 4 2 1 0 1.2085 6
3 94.934 58.117 1 3 3 1 1 0.58453 6
3 117.36 99.67 1 4 2 1 0 2.2645 6
3 103.58 77.844 4 3 3 1 1 0.61685 6
3 100.31 142.8 3 2 2 1 1 0.55256 6
3 64.23 102.61 1 1 1 1 1 0.76046 6
3 91.41 93.881 4 3 3 1 1 1.0166 6
3 90.796 75.564 4 3 1 1 0 1.5125 6
3 90.263 82.881 1 3 2 1 0 0.94674 6
3 122.11 103.28 3 4 4 1 1 3.3044 6
3 67.26 96.275 3 1 1 1 1 0.6486 6
3 90.995 70.212 4 3 3 1 1 0.79245 6
3 85.758 122.92 4 2 2 1 1 0.53651 6
3 124.72 97.362 3 4 4 1 1 0.56857 6
3 106.94 67.181 1 3 3 1 1 0.69656 6
3 51.438 108.53 1 1 1 1 1 0.6326 6
3 94.597 82.411 2 3 3 1 1 2.1525 6
3 113.03 96.023 4 4 4 1 1 0.55261 6
3 79.951 141.1 1 2 2 1 1 0.56858 6
3 133.32 99.716 3 4 4 1 1 0.63251 6
3 71.185 108.26 1 1 1 1 1 0.56853 6
3 96.13 74.53 2 3 3 1 1 0.82451 6
3 78.534 135.86 3 2 2 1 1 0.56847 6
3 79.587 92.389 4 1 1 1 1 2.5205 6
3 104.09 67.894 1 3 3 1 1 3.0004 6
3 78.275 98.073 1 1 2 1 0 1.0486 6
3 107.42 77.578 4 3 4 1 0 0.84049 6
3 104.31 130.62 4 2 2 1 1 0.63253 6
3 93.355 104.98 4 1 2 1 0 1.8005 6
3 107.34 146.03 1 2 2 1 1 0.61658 6
3 58.379 84.361 3 1 1 1 1 0.66451 6
3 123.62 140.58 1 2 2 1 1 2.1526 6
3 52.279 89.759 2 1 1 1 1 0.6486 6
3 116.68 143.14 1 2 2 1 1 0.48828 6
3 95.194 94.826 3 3 3 1 1 1.0485 6
3 93.416 96.683 3 1 3 1 0 4.1845 6
3 68.081 97.29 1 1 1 1 1 0.60056 6
3 58.328 73.353 1 1 1 1 1 0.84049 6
3 129.27 80.77 4 4 4 1 1 0.9685 6
3 103.82 160.68 1 2 2 1 1 0.56858 6
3 110.61 128.72 1 2 2 1 1 0.45654 6
3 87.743 121.71 3 2 2 1 1 0.68052 6
3 85.173 84.335 4 1 2 1 0 2.2645 6
3 132.71 98.452 2 4 4 1 1 0.60051 6
3 90.727 115.04 1 2 3 1 0 1.1285 6
3 126.25 93.826 3 4 4 1 1 0.55261 6
3 120.78 94.112 2 4 4 1 1 1.1925 6
3 117.22 127.39 4 2 2 1 1 0.61645 6
3 136.68 89.393 3 4 4 1 1 0.6485 6
4 79.913 104.87 1 1 2 0 0 1.5016 3
4 120.12 97.778 4 4 4 0 1 0.48106 3
4 116.12 104.15 3 4 4 0 0 0.60048 3
4 103.74 91.348 1 4 3 0 0 1.0324 3
4 114.94 130.41 1 2 2 0 0 0.5845 3
4 81.135 85.89 4 1 1 0 0 0.72845 3
4 100.68 135.61 4 2 2 1 1 0.53653 3
4 106.63 68.216 4 3 4 0 1 0.93645 3
4 95.911 133.08 3 2 2 1 1 0.6165 3
4 106.83 93.879 2 4 4 1 1 0.56849 3
4 126.18 99.77 2 4 3 1 0 1.1924 3
4 108.91 79.36 2 3 1 0 0 0.85651 3
4 81.367 54.044 4 3 1 0 0 0.87245 3
4 88.697 141.36 2 2 2 0 1 0.61629 3
4 65.666 89.518 1 1 3 0 0 1.2245 3
4 116.02 54.02 1 3 4 0 0 0.69662 3
4 129.66 100.8 4 4 4 0 1 1.1766 3
4 90.591 64.502 4 1 3 0 0 0.90486 3
4 63.269 104.28 4 1 1 0 0 0.63245 3
4 63.01 111.55 2 1 3 0 0 0.48849 3
4 102.92 122.09 4 2 1 1 0 1.0963 3
4 93.272 118.26 4 2 3 0 0 0.87246 3
4 137.43 97.095 4 4 4 0 1 0.60054 3
4 105.96 87.726 2 3 2 1 0 0.95257 3
4 104.3 71.17 4 3 3 0 0 1.0485 3
4 92.524 112.37 4 2 3 1 0 0.66455 3
4 116.84 79.516 2 3 3 0 0 0.26454 3
4 93.391 63.324 2 3 3 1 1 0.31249 3
4 110.47 121.21 3 2 2 0 0 0.71247 3
4 107.76 101.61 2 4 1 0 0 0.8885 3
4 84.064 104.13 2 1 3 1 0 0.72847 3
4 114.54 65.252 1 3 3 0 0 0.98453 3
4 85.261 84.46 1 1 2 0 0 1.2723 3
4 99.892 122.91 3 2 2 0 0 0.61649 3
4 72.976 91.851 2 1 1 1 1 0.80854 3
4 65.58 106.67 3 1 1 1 1 0.72824 3
4 141.16 118.94 1 4 4 1 1 0.60046 3
4 143.86 102.71 2 4 4 0 0 0.74447 3
4 110.72 116.09 3 2 2 1 1 0.77638 3
4 107.49 144.64 4 2 2 1 1 0.58451 3
4 148.4 105.74 1 4 4 0 0 0.68052 3
4 75.961 119.52 1 1 1 0 1 0.84055 3
4 107.27 82.169 2 3 2 0 1 0.50461 3
4 73.33 105.79 2 1 3 1 0 0.9203 3
4 101.77 60.413 1 3 3 0 0 0.63242 3
4 91.515 109.53 3 2 2 1 1 0.84056 3
4 75.915 124.97 4 1 1 0 0 0.77642 3
4 99.04 118.42 2 2 2 0 1 0.56827 3
4 94.721 105.78 2 2 3 0 0 0.45661 3
4 104.87 112.12 1 2 1 0 1 0.68038 3
4 123.16 86.321 3 3 4 0 0 0.53651 3
4 67.46 105.32 1 1 1 0 1 0.69658 3
4 80.444 103.32 4 1 1 0 0 1.5125 3
4 77.293 99.987 1 1 2 0 0 0.66448 3
4 134.65 106.72 3 4 3 1 0 0.87248 3
4 107.58 141.28 1 2 2 0 0 0.72849 3
4 107.49 124.27 2 2 2 0 1 0.76047 3
4 140.28 107.07 1 4 4 0 0 0.45652 3
4 74.106 102.73 1 1 1 0 1 0.74372 3
4 126.72 117.5 2 4 3 0 0 0.60044 3
4 129.33 121.82 2 4 3 0 0 0.63248 3
4 129.21 95.301 4 4 3 0 0 0.7443 3
4 66.173 98.415 2 1 1 0 0 0.63249 3
4 132.66 101.59 3 4 2 0 0 1.1445 3
4 96.142 70.835 1 3 3 1 1 0.93644 3
4 108.83 89.459 1 3 1 0 1 1.0001 3
4 118 110.77 1 4 1 0 1 1.0965 3
4 101.91 68.71 4 3 3 0 0 0.76046 3
4 92.87 115.4 3 2 2 1 1 0.85647 3
4 99.229 138.82 1 2 4 0 0 1.0804 3
4 63.841 99.981 4 1 1 0 0 1.1605 3
4 109.25 147.88 2 2 2 0 1 1.1124 3
4 74.269 85.795 1 1 1 1 1 1.3525 3
4 107.5 121.61 4 2 2 0 0 0.90453 3
4 75.862 108.55 1 1 1 0 1 0.80849 3
4 110.89 77.799 2 3 3 0 0 0.61651 3
4 133.99 82.461 3 4 4 0 0 0.28052 3
4 116.93 101.92 4 4 2 0 0 0.7445 3
4 129.41 107.43 4 4 4 1 1 0.56849 3
4 115.5 102.46 1 4 2 0 0 0.53655 3
4 108.88 128.95 4 2 4 0 1 0.50431 3
4 69.509 113.49 1 1 1 0 1 0.64843 3
4 98.021 135.47 4 2 2 0 0 0.68045 3
4 77.029 88.631 3 1 1 0 0 0.6165 3
4 121.82 81.2 3 4 3 0 1 0.76052 3
4 98.299 66.622 1 3 3 1 1 0.9365 3
4 69.777 107.51 4 1 2 0 0 1.1765 3
4 111.29 71.945 3 3 2 0 0 0.66446 3
4 95.06 146.43 4 2 2 0 0 0.74458 3
4 119.7 106.13 4 4 2 0 0 0.40849 3
4 115.63 88.531 4 3 2 0 0 0.47217 3
4 95.772 76.385 4 3 2 1 0 0.37655 3
4 91.393 137.11 2 2 1 0 0 1.6884 3
4 87.404 103.16 1 1 2 1 0 1.0485 3
4 103.58 78.518 3 3 4 0 0 0.55256 3
4 89.671 66.716 4 3 3 1 1 0.88844 3
4 88.994 55.479 3 3 3 0 1 0.44036 3
4 136.55 103.78 2 4 4 0 0 0.5525 3
4 108.45 68.655 2 3 3 0 0 0.79246 3
4 104.68 56.501 3 3 3 0 1 0.24847 3
5 89.375 80.253 1 3 2 0 0 0.63983 3
5 90.777 75.458 2 3 2 0 1 0.23255 3
5 96.492 64.001 4 3 2 1 0 0.58453 3
5 123.32 82.92 2 3 4 0 0 0.29643 3
5 75.862 81.326 3 1 4 0 0 0.16855 3
5 120.26 88.827 2 4 4 1 1 0.1204 3
5 122.05 99.856 3 4 2 0 0 0.64857 3
5 77.056 105.17 3 1 3 0 1 0.56845 3
5 100.57 59.036 4 3 2 0 0 0.26456 3
5 103.92 117.37 1 2 1 0 1 0.13651 3
5 95.969 62.936 2 3 1 0 0 0.44042 3
5 127.1 108.36 3 4 1 0 0 0.088406 3
5 125.38 93.662 3 4 2 0 0 0.44055 3
5 83.511 127.5 3 2 3 1 0 0.36049 3
5 119.94 80.981 3 3 2 0 0 0.72853 3
5 95.532 124.7 1 2 2 0 0 0.77654 3
5 94.552 61.334 1 3 2 1 0 0.50445 3
5 105.05 72.423 2 3 2 0 1 0.44048 3
5 118.59 107.79 2 2 4 1 0 0.58437 3
5 116.24 104.32 4 4 4 1 1 0.55197 3
5 103.06 66.627 1 3 1 0 1 0.58454 3
5 64.178 95.854 1 1 3 0 0 0.63238 3
5 65.574 101.79 1 1 2 1 0 0.29659 3
5 97.225 74.907 3 3 3 0 1 1.4004 3
5 63.495 112.71 3 1 1 0 0 0.61645 3
5 53.26 97.652 4 1 2 0 0 0.52047 3
5 136.66 105.03 4 4 4 0 1 0.55252 3
5 118.33 94.643 2 4 4 0 0 1.8484 3
5 79.825 110.03 2 1 3 0 0 1.1284 3
5 69.682 91.355 4 1 2 0 0 0.37646 3
5 60.351 114.31 1 1 4 1 0 1.5444 3
5 94.904 108.78 3 2 3 0 1 0.76035 3
5 63.436 97.967 3 1 3 0 1 0.39248 3
5 142.53 91.584 4 4 4 0 1 0.66459 3
5 132.52 79.367 4 4 4 0 1 0.5205 3
5 110.42 97.203 1 4 3 0 0 0.71239 3
5 100.45 55.048 3 3 4 0 0 0.58453 3
5 109 126.84 1 2 1 0 1 0.8884 3
5 98.029 119 3 2 1 1 0 0.55237 3
5 131.72 99.714 4 4 4 1 1 0.53649 3
5 146.64 104.11 2 4 2 0 1 1.3685 3
5 83.244 87.235 4 3 3 1 1 0.69648 3
5 90.661 114.79 2 2 2 0 1 0.48869 3
5 103.42 75.886 4 3 3 0 0 0.90483 3
5 55.679 110.52 3 1 3 1 0 2.1845 3
5 135.28 131.47 2 4 4 0 0 0.74451 3
5 71.745 107.37 2 1 2 0 1 0.28053 3
5 96.667 66.656 1 3 2 1 0 0.34432 3
5 95.711 96.621 2 1 3 0 0 0.63245 3
5 126.28 83.819 1 4 3 1 0 0.74447 3
5 68.59 111.24 2 1 1 0 0 0.68055 3
5 104.46 125.87 3 2 2 1 1 0.60028 3
5 133.28 109.73 2 4 4 0 0 0.53653 3
5 80.033 125.03 2 2 2 0 1 0.68045 3
5 138.93 102.89 2 4 4 0 0 0.53648 3
5 91.698 118.62 3 2 4 0 0 0.58453 3
5 99.532 110.29 4 2 4 0 1 0.50434 3
5 101.42 66.018 3 3 1 1 0 0.92047 3
5 106.2 62.128 4 3 3 0 0 0.44036 3
5 93.03 127.92 2 2 3 0 0 1.1923 3
5 63.64 102.47 2 1 4 1 0 0.66432 3
5 133.38 95.12 3 4 1 0 0 0.52052 3
5 110.27 135.74 2 2 2 0 1 0.72847 3
5 131.21 109.65 4 4 3 0 0 0.74434 3
5 126.13 115.08 2 4 4 0 0 0.32851 3
5 60.554 97.491 1 1 1 1 1 1.2085 3
5 94.577 65.346 3 3 3 0 1 0.74446 3
5 93.811 81.911 2 3 3 0 0 0.53655 3
5 76.309 94.566 4 1 4 0 1 0.36041 3
5 119.67 98.963 1 4 2 0 0 0.64832 3
5 78.163 109.64 1 1 3 0 0 0.58429 3
5 109.41 86.605 1 3 1 0 1 0.61648 3
5 107.88 133.45 3 2 2 0 0 0.66448 3
5 90.435 136.37 4 2 4 0 1 0.48843 3
5 144.12 106.39 1 4 2 0 0 0.84043 3
5 98.872 73.991 2 3 1 0 0 0.53637 3
5 74.12 99.144 1 1 3 0 0 0.95244 3
5 99.578 137.41 3 2 2 0 0 0.84052 3
5 116.61 107.64 3 4 3 1 0 1.0965 3
5 103.78 117.24 4 2 3 1 0 0.5204 3
5 123.59 102.76 2 4 3 0 0 0.45643 3
5 122.17 87.285 2 4 3 0 0 0.63246 3
5 101.17 119.29 2 2 3 0 0 0.36046 3
5 98.018 84.376 3 3 3 0 1 0.53651 3
5 79.833 109.31 3 1 2 0 0 1.3045 3
5 81.66 102.4 2 1 1 1 1 1.2072 3
5 92.722 150.37 4 2 1 0 0 0.47248 3
5 92.622 121.35 3 2 1 0 0 0.58456 3
5 111.12 67.162 4 3 1 0 0 0.63245 3
5 42.798 98.786 4 1 3 0 0 0.77634 3
5 106.04 131.14 3 2 2 0 0 0.72852 3
5 103.35 81.916 4 3 4 0 1 0.42418 3
5 102.66 124.97 3 2 2 0 0 0.50454 3
5 68.809 92.921 2 1 3 1 0 0.61637 3
5 150.63 101.2 3 4 3 0 1 0.63252 3
5 101.47 116.34 4 2 4 0 1 0.8405 3
5 117.04 134.52 2 2 4 1 0 0.87249 3
5 80.169 102.41 1 1 2 1 0 1.0164 3
5 84.914 90.149 2 3 3 1 1 0.58441 3
5 86.379 114.45 2 1 1 0 0 0.32854 3
6 132.46 93.55 3 4 3 1 0 0.51185 3
6 124.48 113.37 4 4 4 1 1 0.76042 3
6 89.205 134.14 4 2 2 1 1 0.64846 3
6 98.642 67.085 4 3 1 1 0 0.60043 3
6 129.56 104.72 4 4 2 0 0 0.56855 3
6 105.49 142.37 2 2 1 0 0 0.36048 3
6 91.782 124.11 1 2 3 0 0 0.37674 3
6 68.218 104.29 2 1 2 0 1 0.26444 3
6 115.87 77.242 2 3 2 0 1 0.4725 3
6 90.919 50.4 1 3 2 0 0 0.40844 3
6 119.71 97.126 1 4 2 0 0 0.32851 3
6 85.629 129.72 2 2 2 0 1 0.24849 3
6 87.952 84.351 1 1 4 0 0 0.61644 3
6 121.04 119.98 3 2 4 0 0 0.58446 3
6 116.47 89.716 2 4 4 0 0 0.31249 3
6 111.12 118.31 2 4 4 1 1 0.31251 3
6 80.01 106.7 4 1 1 0 0 0.34449 3
6 104.76 75.866 3 3 2 0 0 0.58437 3
6 76.811 106.37 4 1 2 0 0 0.31254 3
6 101.76 128.04 2 2 3 1 0 0.60041 3
6 127.55 108.75 3 4 4 0 0 0.40847 3
6 131.28 106.85 4 4 3 0 0 0.77636 3
6 97.391 130.76 3 2 3 1 0 0.80861 3
6 54.54 100.59 1 1 4 0 0 0.40851 3
6 86.987 137.73 3 2 4 1 0 0.84044 3
6 131.92 123.13 3 4 1 0 0 0.93652 3
6 94.481 130.18 3 2 3 0 1 0.47238 3
6 120.28 123.72 1 2 1 0 1 0.60062 3
6 76.533 94.493 4 1 2 0 0 0.47255 3
6 123.55 93.888 2 4 3 0 0 0.13628 3
6 61.901 110.73 3 1 2 0 0 0.2165 3
6 65.882 90.463 3 1 3 1 0 0.37641 3
6 88.565 90.106 2 1 1 1 1 0.42448 3
6 104.43 118.43 3 2 1 0 0 0.56845 3
6 81.771 111.11 3 1 4 0 0 0.42443 3
6 93.953 116.25 2 2 1 0 0 0.6482 3
6 69.83 103.95 1 1 1 1 1 0.64849 3
6 97.76 139.67 3 2 4 0 0 0.48852 3
6 107.32 140.28 2 2 2 0 1 0.29646 3
6 73.609 100.08 1 1 2 0 0 0.37626 3
6 133.66 106.89 2 4 4 1 1 0.58447 3
6 87.689 64.684 3 3 3 0 1 0.23246 3
6 113.3 55.992 4 3 3 0 0 0.39241 3
6 107.49 67.776 1 3 1 0 1 0.92037 3
6 72.087 111.01 2 1 2 0 1 0.47248 3
6 99.288 68.199 4 3 1 0 0 0.53648 3
6 110.69 65.784 2 3 2 0 1 0.37655 3
6 71.973 116.23 1 1 1 0 1 0.68036 3
6 93.668 67.523 2 3 3 0 0 0.47238 3
6 106.68 75.35 2 3 4 1 0 0.28055 3
6 122.27 97.825 3 4 2 1 0 0.26448 3
6 103.65 80.325 1 3 1 1 0 0.24839 3
6 108.87 89.02 1 4 2 0 0 0.4083 3
6 82.918 60.697 3 3 3 1 1 0.39239 3
6 71.365 100.47 1 1 3 0 0 0.45644 3
6 76.165 80.21 3 1 3 0 1 0.34448 3
6 107.7 80.542 1 3 1 0 1 0.50449 3
6 97.639 74.144 1 3 3 0 0 0.40857 3
6 86.198 132.76 3 2 2 0 0 0.20052 3
6 99.84 81.41 4 3 4 0 1 0.29644 3
6 138.79 110.53 4 4 3 0 0 0.28029 3
6 65.225 109.44 1 1 1 0 1 0.1205 3
6 94.558 127.32 4 2 4 0 1 0.40841 3
6 131.93 115.75 2 4 3 1 0 0.92054 3
6 104.74 95.854 3 4 3 0 1 0.32849 3
6 103.41 73.775 3 3 3 0 1 0.44044 3
6 91.934 128.11 4 2 4 0 1 0.58449 3
6 99.035 89.404 3 3 2 0 0 0.2964 3
6 133.64 103.47 2 4 4 0 0 0.47248 3
6 89.613 63.608 1 3 3 1 1 0.28006 3
6 100.56 73.971 4 3 2 0 0 0.32849 3
6 98.909 143.28 4 2 1 0 0 0.16847 3
6 81.446 97.614 4 1 1 0 0 0.29638 3
6 98.031 85.915 4 3 1 0 0 0.34431 3
6 129.5 98.678 4 4 3 0 0 0.28053 3
6 123.04 92.771 2 4 4 0 0 0.31197 3
6 125.82 82.164 2 4 2 1 0 0.26455 3
6 136.69 95.045 2 4 4 0 0 0.4724 3
6 91.988 65.829 3 3 3 1 1 0.23253 3
6 100.73 116.58 4 2 2 0 0 0.69636 3
6 90.957 126.35 1 2 3 0 0 0.34416 3
6 102.05 85.178 4 3 4 0 1 0.024567 3
6 64.79 77.371 1 1 4 0 0 0.45631 3
6 70.959 107.6 2 1 4 0 0 0.98421 3
6 94.161 140.32 1 2 1 0 1 0.23249 3
6 106.33 61.389 2 3 1 0 0 0.4245 3
6 91.959 81.369 4 3 3 1 1 0.44044 3
6 77.858 103.26 4 1 1 0 0 0.77644 3
6 61.808 120.11 4 1 1 1 1 0.66432 3
6 107.98 122.28 1 2 3 0 0 0.55235 3
6 98.916 142.17 1 2 4 0 0 0.2325 3
6 111.72 105.18 3 4 2 1 0 0.34421 3
6 65.618 91.433 4 1 4 0 1 0.008388 3
6 139.88 103.12 3 4 3 0 1 0.39242 3
6 133.95 86.606 2 4 3 0 0 0.52038 3
6 90.988 115.65 1 2 3 1 0 0.64842 3
6 105.67 113.86 1 2 4 0 0 0.24847 3
6 56.58 97.892 3 1 3 1 0 0.23247 3
6 119.86 94.212 2 4 1 0 0 0.47246 3
6 71.068 87.646 1 1 2 0 0 0.58427 3
7 109.23 139.79 4 2 3 1 0 0.54394 6
7 92.905 122.1 1 2 1 1 0 0.45663 6
7 118.45 107.25 2 4 1 1 0 0.37649 6
7 106.4 126.84 3 2 1 1 0 0.2965 6
7 97.348 129.19 3 2 1 1 0 0.36043 6
7 100.19 133.48 2 2 1 1 0 0.3285 6
7 67.057 102.81 4 1 1 1 1 0.72843 6
7 139.65 97.568 1 4 4 1 1 0.52085 6
7 60.98 93.568 1 1 1 1 1 0.55246 6
7 103.61 74.101 4 3 3 1 1 0.87246 6
7 106.8 73.142 1 3 3 1 1 1.3526 6
7 58.261 103.39 4 1 1 1 1 0.66449 6
7 109.42 76.845 1 3 3 1 1 0.96843 6
7 121.21 99.186 4 4 4 1 1 0.61649 6
7 69.965 86.568 1 1 1 1 1 0.8565 6
7 136.64 100.6 4 4 4 1 1 0.60051 6
7 118.19 104.74 2 4 2 1 0 1.4804 6
7 63.689 99.325 4 1 1 1 1 0.71259 6
7 71.871 91 1 1 1 1 1 0.61645 6
7 66.948 106.22 1 1 1 1 1 0.60045 6
7 75.797 136.11 4 2 2 1 1 0.72844 6
7 115.33 116.76 4 2 4 1 0 1.0005 6
7 104.89 113.38 1 2 2 1 1 1.1604 6
7 76.401 95.296 1 1 1 1 1 0.64839 6
7 62.668 107.74 3 1 1 1 1 0.76036 6
7 65.786 99.051 2 1 1 1 1 0.60047 6
7 124.48 113.5 2 4 4 1 1 0.64848 6
7 95.353 130.86 2 2 2 1 1 0.64946 6
7 124.18 129.49 1 4 4 1 1 0.85658 6
7 106.55 94.586 3 4 3 1 0 0.82445 6
7 103.03 121.99 2 2 2 1 1 0.55258 6
7 93.356 125.65 4 2 2 1 1 0.58447 6
7 117.5 78.019 3 3 3 1 1 0.74473 6
7 82.204 101.04 4 1 2 1 0 3.0483 6
7 136.03 94.356 2 4 4 1 1 0.5685 6
7 99.222 84.464 3 3 3 1 1 3.6084 6
7 104.76 57.815 1 3 3 1 1 0.58443 6
7 100.12 137.38 3 2 2 1 1 0.85651 6
7 140.38 105.71 3 4 4 1 1 0.56862 6
7 109.59 66.144 2 3 3 1 1 0.56845 6
7 102.79 116.42 4 2 2 1 1 0.56842 6
7 80.613 64.8 2 3 3 1 1 0.52004 6
7 94.301 69.413 3 3 3 1 1 0.72848 6
7 105.47 122.04 4 2 2 1 1 0.52047 6
7 137.08 98.541 1 4 4 1 1 0.61645 6
7 146.57 88.563 2 4 4 1 1 0.60041 6
7 105.35 81.111 3 3 3 1 1 0.82442 6
7 154.99 97.41 3 4 4 1 1 0.52058 6
7 107.85 71.129 1 3 3 1 1 0.5841 6
7 101.83 70.986 1 3 3 1 1 0.88838 6
7 69.085 87.081 1 1 1 1 1 0.84035 6
7 109.02 110.12 1 4 4 1 1 0.56842 6
7 92.969 69.134 3 3 1 1 0 0.63245 6
7 112.36 123.11 2 2 2 1 1 0.6004 6
7 116.71 100.27 1 4 2 1 0 1.1285 6
7 107.71 136.73 1 2 2 1 1 0.66432 6
7 121.1 94.577 1 4 2 1 0 0.96849 6
7 107.91 64.381 3 3 3 1 1 0.76042 6
7 122.53 84.582 1 4 4 1 1 1.0803 6
7 84.361 143.25 3 2 2 1 1 0.64844 6
7 83.552 92.867 2 1 3 1 0 0.95246 6
7 64.475 77.533 3 1 1 1 1 1.3844 6
7 101.7 60.196 3 3 3 1 1 0.88822 6
7 103.5 142.9 2 2 2 1 1 0.60027 6
7 71.138 121.68 1 1 2 1 0 1.2236 6
7 56.686 103.6 2 1 1 1 1 0.45658 6
7 97.692 64.121 3 3 3 1 1 0.64846 6
7 134.62 92.051 3 4 4 1 1 0.79254 6
7 98.577 125.95 3 2 2 1 1 0.60048 6
7 104.84 64.581 4 3 3 1 1 0.60022 6
7 64.793 86.673 2 1 1 1 1 0.64851 6
7 66.681 92.02 3 1 1 1 1 0.60035 6
7 113.65 134.47 3 2 2 1 1 1.8965 6
7 149.85 85.663 2 4 4 1 1 0.53634 6
7 127.27 101.29 3 4 4 1 1 1.7365 6
7 136.74 101.5 3 4 4 1 1 2.9524 6
7 96.499 80.838 1 3 3 1 1 1.0804 6
7 72.593 121.4 4 1 1 1 1 0.90434 6
7 123.18 102.5 3 4 4 1 1 0.98451 6
7 77.531 86.067 4 1 1 1 1 1.2244 6
7 91.971 124.15 1 2 2 1 1 1.1604 6
7 114.68 141.24 2 2 2 1 1 0.71235 6
7 66.984 90.416 2 1 1 1 1 0.76047 6
7 67.513 120.72 4 1 2 1 0 0.60023 6
7 103.57 102.01 3 2 2 1 1 0.64783 6
7 91.337 66.395 2 3 3 1 1 0.88835 6
7 75.413 94.694 1 1 1 1 1 0.6965 6
7 65.272 109.84 4 1 1 1 1 1.1923 6
7 101.55 83.49 3 3 3 1 1 0.6964 6
7 95.99 78.373 1 3 3 1 1 0.96837 6
7 136.19 96.662 4 4 4 1 1 0.79244 6
7 94.408 49.697 4 3 3 1 1 0.69627 6
7 93.601 125.3 1 2 2 1 1 1.928 6
7 100.69 64.568 1 3 3 1 1 0.74443 6
7 77.653 103.19 3 1 1 1 1 1.5285 6
7 98.179 69.092 3 3 3 1 1 0.56877 6
7 105.5 79.112 4 3 3 1 1 0.53646 6
7 114.9 101.9 1 4 2 1 0 1.2564 6
7 107.17 132.04 1 2 2 1 1 0.5205 6
7 121.5 110.05 1 4 4 1 1 0.68051 6
8 132.98 98.246 2 4 3 1 0 1.1041 6
8 106.79 73.195 4 3 3 1 1 0.61635 6
8 103.32 134.06 4 2 2 1 1 0.61652 6
8 97.072 123.33 3 2 2 1 1 0.53615 6
8 87.703 99.619 1 1 3 1 0 1.1283 6
8 88.952 121.92 4 2 2 1 1 0.53651 6
8 53.133 82.592 3 1 1 1 1 0.66442 6
8 63.81 110.56 4 1 1 1 1 0.64838 6
8 54.726 102.95 1 1 1 1 1 0.55251 6
8 125.76 107.77 2 4 4 1 1 0.76039 6
8 140.82 100.94 4 4 4 1 1 0.84048 6
8 57.944 87.101 1 1 1 1 1 0.68039 6
8 69.659 95.394 3 1 1 1 1 2.2004 6
8 88.689 98.299 2 1 1 1 1 3.0165 6
8 133.52 113.66 2 4 4 1 1 0.61642 6
8 128.97 121.71 4 4 4 1 1 0.63233 6
8 87.327 119.11 3 2 2 1 1 1.0804 6
8 95.479 69.394 1 3 3 1 1 0.63244 6
8 97.858 128.19 3 2 2 1 1 0.56849 6
8 71 111.16 2 1 2 1 0 0.44043 6
8 92.946 88.156 1 3 3 1 1 0.68044 6
8 128.38 97.975 3 4 4 1 1 0.56849 6
8 100.41 124.77 4 2 2 1 1 0.68053 6
8 89.956 64.863 2 3 3 1 1 0.76048 6
8 71.812 78.352 1 1 1 1 1 0.87237 6
8 103.29 70.961 1 3 3 1 1 0.66439 6
8 117.2 70.548 4 3 3 1 1 1.1284 6
8 123.6 102.77 2 4 2 1 0 0.69632 6
8 70.185 112.66 1 1 1 1 1 0.63249 6
8 108.88 124.8 2 2 2 1 1 1.7844 6
8 113.39 91.561 2 4 3 1 0 0.77629 6
8 82.785 71.596 4 3 1 1 0 0.52048 6
8 95.849 76.65 3 3 3 1 1 0.92043 6
8 111.85 106.14 1 4 4 1 1 0.80843 6
8 102.15 115.69 2 4 2 1 0 0.87214 6
8 104.71 119.43 3 2 3 1 0 1.0004 6
8 124.25 90.883 2 4 3 1 0 0.84031 6
8 94.348 71.337 1 3 3 1 1 0.60051 6
8 87.638 87.9 1 1 3 1 0 1.8323 6
8 74.093 102.45 2 1 1 1 1 0.60036 6
8 108.76 66.537 3 3 3 1 1 0.74449 6
8 93.178 65.476 1 3 3 1 1 0.5844 6
8 91.631 131.59 4 2 2 1 1 0.56849 6
8 127.71 107.19 2 4 4 1 1 0.58429 6
8 102.56 50.881 4 3 3 1 1 0.53626 6
8 104.98 107.99 1 2 2 1 1 0.69663 6
8 107.74 151.82 1 2 2 1 1 0.77635 6
8 131.56 93.748 4 4 4 1 1 0.56866 6
8 98.277 121.06 4 2 2 1 1 0.58434 6
8 128.04 100.7 4 4 3 1 0 0.58446 6
8 93.065 64.704 1 3 3 1 1 0.55226 6
8 118.28 134.39 4 2 2 1 1 0.52056 6
8 67.698 96.766 4 1 1 1 1 0.87242 6
8 88.072 90.552 2 3 3 1 1 0.8404 6
8 39.473 74.96 1 1 3 1 0 0.45636 6
8 64.871 105.03 3 1 1 1 1 0.71239 6
8 86.696 51.709 1 3 3 1 1 0.60002 6
8 124.01 108.19 3 4 4 1 1 0.95253 6
8 120.98 109.66 3 4 4 1 1 1.1767 6
8 140.14 112.93 4 4 4 1 1 1.2564 6
8 103.37 147.21 3 2 2 1 1 0.84022 6
8 122.33 91.673 4 4 3 1 0 1.0005 6
8 131.37 96.305 4 4 2 1 0 0.87248 6
8 136.27 109.16 4 4 4 1 1 0.64833 6
8 108.67 117.67 3 2 2 1 1 0.87249 6
8 85.896 100.23 1 1 3 1 0 1.2245 6
8 117.85 104.56 1 4 2 1 0 0.88836 6
8 95.039 77.257 2 3 2 1 0 0.66438 6
8 72.507 95.076 1 1 1 1 1 0.68041 6
8 94.46 89.864 2 3 3 1 1 1.4483 6
8 83.69 97.759 2 1 2 1 0 1.4165 6
8 66.167 70.699 2 1 3 1 0 1.5763 6
8 56.413 94.264 4 1 1 1 1 0.96849 6
8 90.24 128.23 2 2 2 1 1 0.63227 6
8 77.574 106.8 4 1 2 1 0 3.2558 6
8 75.685 119.72 3 1 2 1 0 0.71242 6
8 88.929 109.56 4 2 2 1 1 0.72842 6
8 88.157 69.825 1 3 3 1 1 0.61643 6
8 102.59 83.574 4 3 4 1 0 1.3365 6
8 98.016 72.591 4 3 3 1 1 0.76045 6
8 124.5 100.25 2 4 4 1 1 0.64857 6
8 101.38 73.017 4 3 3 1 1 2.4884 6
8 87.138 149.74 2 2 2 1 1 0.79237 6
8 92.588 154.28 4 2 2 1 1 0.66435 6
8 121.88 109.92 3 4 4 1 1 0.72848 6
8 93.937 62.462 1 3 3 1 1 0.58359 6
8 101.59 128.67 4 2 2 1 1 0.53636 6
8 99.869 69.579 1 3 3 1 1 0.6004 6
8 135.33 94.302 1 4 4 1 1 0.66446 6
8 104.93 74.325 3 3 3 1 1 2.8877 6
8 111.17 126.9 4 2 2 1 1 0.63243 6
8 74.84 110.41 1 1 1 1 1 1.5605 6
8 113.92 134.08 4 2 2 1 1 1.8164 6
8 106.93 125.34 3 2 2 1 1 0.85619 6
8 102.26 91.893 4 3 3 1 1 0.6804 6
8 96.998 144.9 3 2 2 1 1 0.63254 6
8 75.503 120.2 2 1 2 1 0 1.0163 6
8 66.881 103.13 3 1 2 1 0 0.88844 6
8 113.2 100.19 1 4 2 1 0 1.2084 6
8 101.51 136.75 1 2 2 1 1 0.6483 6
9 127.92 108.38 1 4 3 1 0 1.4879 6
9 69.114 108.52 3 1 1 1 1 0.82456 6
9 97.064 60.284 1 3 3 1 1 0.68039 6
9 89.463 121.33 2 2 2 1 1 0.87252 6
9 127.71 94.534 1 4 3 1 0 0.66448 6
9 77.996 133.37 1 2 2 1 1 1.5765 6
9 74.121 97.48 2 1 3 1 0 1.2564 6
9 70.98 97.498 3 1 1 1 1 1.3364 6
9 95.81 77.826 4 3 3 1 1 0.7923 6
9 104.24 138.9 3 2 2 1 1 0.60044 6
9 116.82 91.335 2 3 3 1 1 3.9604 6
9 84.963 129.49 4 2 2 1 1 0.76048 6
9 85.609 129.03 3 2 2 1 1 0.56841 6
9 68.49 100.38 3 1 1 1 1 2.1841 6
9 125.02 87.037 4 4 4 1 1 1.4004 6
9 112.1 90.087 1 4 4 1 1 0.7119 6
9 94.876 128.97 3 2 2 1 1 0.84053 6
9 90.34 116.9 4 1 2 1 0 0.95248 6
9 115.03 82.638 3 3 3 1 1 1.0804 6
9 119.77 117.65 2 2 4 1 0 0.69602 6
9 143.61 95.96 1 4 4 1 1 0.55249 6
9 76.145 86.468 2 1 1 1 1 0.64878 6
9 130.3 108.11 4 4 4 1 1 0.7764 6
9 55.968 101.51 2 1 1 1 1 1.2404 6
9 70.798 95.527 4 1 1 1 1 0.61663 6
9 122.82 101.77 3 4 2 1 0 1.0004 6
9 88.909 58.429 4 3 3 1 1 0.85639 6
9 96.262 137.63 4 2 2 1 1 0.68038 6
9 101.55 85.011 3 3 3 1 1 0.72843 6
9 87.545 133.79 2 2 2 1 1 0.63252 6
9 94.894 72.019 1 3 3 1 1 0.6005 6
9 110.45 128.43 1 2 2 1 1 0.55237 6
9 110.02 129.03 2 2 2 1 1 0.71249 6
9 113.79 95.295 4 3 3 1 1 1.0963 6
9 74.074 99.646 4 1 1 1 1 0.77639 6
9 94.916 127.7 2 2 2 1 1 0.72849 6
9 108.73 146.08 4 2 2 1 1 0.58448 6
9 137.02 95.216 2 4 3 1 0 1.2724 6
9 139.57 102.71 3 4 2 1 0 0.8564 6
9 90.921 64.416 2 3 3 1 1 0.93636 6
9 113.07 114.09 1 2 2 1 1 0.60039 6
9 103.9 52.984 4 3 3 1 1 0.60038 6
9 140.93 83.272 1 4 4 1 1 0.98446 6
9 88.153 75.402 2 3 3 1 1 0.66409 6
9 107.25 127.76 2 2 2 1 1 0.56827 6
9 124.09 118.91 4 4 4 1 1 1.4323 6
9 129.28 110.85 1 4 4 1 1 0.79243 6
9 79.562 79.509 4 3 3 1 1 1.1123 6
9 91.665 129.79 1 2 2 1 1 0.60045 6
9 94.807 71.083 4 3 3 1 1 0.79259 6
9 101.69 71.413 2 3 3 1 1 0.72838 6
9 105.36 117.7 1 2 2 1 1 0.64844 6
9 71.674 104.66 2 1 1 1 1 0.95245 6
9 91.562 71.13 3 3 3 1 1 0.6479 6
9 69.854 99.217 1 1 1 1 1 1.1281 6
9 81.79 111.54 3 2 1 1 0 1.2403 6
9 105.37 62.352 3 3 3 1 1 1.4003 6
9 137.8 100.42 2 4 4 1 1 0.72861 6
9 73.671 95.878 3 1 1 1 1 1.8004 6
9 114.03 71.214 1 3 3 1 1 0.68039 6
9 104.87 128.24 4 2 2 1 1 1.1605 6
9 101.08 80.825 2 3 1 1 0 1.0163 6
9 98.53 129.25 4 2 2 1 1 0.85652 6
9 132.73 92.579 3 4 3 1 0 0.80843 6
9 63.482 91.567 3 1 1 1 1 1.3045 6
9 131.21 122.03 1 4 4 1 1 1.9763 6
9 95.845 83.32 1 3 3 1 1 1.0323 6
9 59.37 85.034 3 1 1 1 1 0.55234 6
9 80.145 103.81 3 1 2 1 0 2.6644 6
9 90.49 90.771 2 1 3 1 0 2.2324 6
9 98.49 82.627 4 3 3 1 1 0.84045 6
9 104.77 137.2 1 2 2 1 1 0.68045 6
9 95.906 128.14 1 2 2 1 1 0.6483 6
9 109.3 94.724 3 4 4 1 1 1.0003 6
9 64.7 97.217 3 1 1 1 1 0.6644 6
9 78.227 104.33 4 1 3 1 0 1.0956 6
9 124.5 78.177 3 4 4 1 1 1.3524 6
9 122.11 98.63 3 4 4 1 1 0.80834 6
9 64.865 97.452 2 1 1 1 1 0.71243 6
9 116.98 121.04 4 4 4 1 1 0.69639 6
9 81.981 122.2 4 2 2 1 1 1.1284 6
9 80.524 83.775 2 3 1 1 0 0.82436 6
9 64.013 119.66 3 1 1 1 1 0.87256 6
9 103.34 114.1 3 2 4 1 0 0.64835 6
9 135.33 107.93 4 4 4 1 1 0.58483 6
9 73.17 85.193 4 1 3 1 0 0.5843 6
9 129.02 91.02 4 4 4 1 1 0.52038 6
9 122.08 84.683 4 4 4 1 1 0.63242 6
9 125.05 99.471 4 4 4 1 1 0.53651 6
9 98.473 67.976 2 3 3 1 1 0.71238 6
9 64.004 91.564 1 1 1 1 1 1.1444 6
9 82.093 84.705 1 1 3 1 0 0.80849 6
9 72.589 103.31 4 1 1 1 1 0.74452 6
9 107.72 122.85 2 2 2 1 1 0.8883 6
9 131.4 98.805 2 4 2 1 0 0.93625 6
9 106.31 69.963 3 3 3 1 1 0.7123 6
9 108.93 81.938 2 4 3 1 0 1.3205 6
9 100.29 72.852 4 3 3 1 1 1.1763 6
9 106.52 71.449 3 3 3 1 1 0.74426 6
9 70.559 113.66 1 1 1 1 1 0.56856 6
