1 67.5129 120.7204 1 3 0 0 2.3192 0 1 0 0.0000 0.0000
1 92.9690 69.1337 3 4 0 0 1.4768 0 1 0 0.0000 0.0000
1 64.8705 105.0281 1 1 0 1 1.3154 1 1 0 0.0000 0.0000
1 60.5538 97.4907 1 1 0 1 0.8606 1 1 0 0.0000 0.0000
1 125.7579 107.7674 4 1 0 0 1.2092 0 1 0 0.0000 0.0000
1 69.6821 91.3549 1 2 0 0 0.5597 0 1 0 0.0000 0.0000
1 109.1853 138.0732 2 3 0 0 1.2700 0 1 0 0.0000 0.0000
1 89.9558 64.8627 3 1 0 0 0.8614 0 1 0 0.0000 0.0000
1 74.0738 99.6458 1 2 0 0 1.2891 0 1 0 0.0000 0.0000
1 113.1897 81.5377 4 4 0 1 1.4250 1 1 0 0.0000 0.0000
1 80.3630 107.5832 1 1 0 1 0.9412 1 1 0 0.0000 0.0000
1 129.4991 98.6783 4 4 0 1 0.8590 1 1 0 0.0000 0.0000
1 98.1891 128.3366 2 2 0 1 0.9531 1 1 0 0.0000 0.0000
1 103.8216 160.6784 2 3 0 0 0.6482 0 1 0 0.0000 0.0000
1 77.0293 88.6312 1 1 0 1 1.0078 1 1 0 0.0000 0.0000
1 124.1812 129.4869 4 3 0 0 1.7436 0 1 0 0.0000 0.0000
1 94.3484 71.3368 3 1 0 0 1.6508 0 1 0 0.0000 0.0000
1 111.7206 105.1756 4 4 0 1 0.9636 1 1 0 0.0000 0.0000
1 106.9334 125.3360 2 4 0 0 0.7247 0 1 0 0.0000 0.0000
1 102.3440 113.0387 2 2 0 1 0.7848 1 1 0 0.0000 0.0000
1 124.0074 108.1929 4 3 0 0 1.0994 0 1 0 0.0000 0.0000
1 55.9682 101.5119 1 1 0 1 0.8144 1 1 0 0.0000 0.0000
1 108.1576 121.1709 2 4 0 0 1.4019 0 1 0 0.0000 0.0000
1 104.9284 74.3248 3 4 0 0 1.3325 0 1 0 0.0000 0.0000
1 101.9013 52.5659 3 4 0 0 0.9262 0 1 0 0.0000 0.0000
1 123.5975 102.7674 4 4 0 1 1.4543 1 1 0 0.0000 0.0000
1 119.6669 98.9626 4 4 0 1 0.6824 1 1 0 0.0000 0.0000
1 126.2764 83.8192 4 3 0 0 0.9798 0 1 0 0.0000 0.0000
1 71.8123 78.3524 1 1 0 1 0.7071 1 1 0 0.0000 0.0000
1 77.5306 86.0670 1 1 0 1 0.7479 1 1 0 0.0000 0.0000
1 99.8400 81.4098 3 2 0 0 0.9337 0 1 0 0.0000 0.0000
1 127.2725 101.2891 4 2 0 0 1.5239 0 1 0 0.0000 0.0000
1 95.6192 81.2971 3 4 0 0 1.1525 0 1 0 0.0000 0.0000
1 100.2263 73.7651 3 4 0 0 0.7420 0 1 0 0.0000 0.0000
1 96.4913 75.5477 3 3 0 1 0.5144 1 1 0 0.0000 0.0000
1 88.5755 154.7110 2 2 0 1 0.9983 1 1 0 0.0000 0.0000
1 79.8248 110.0313 1 1 0 1 1.9103 1 1 0 0.0000 0.0000
1 127.8129 85.9738 4 4 0 1 0.8299 1 1 0 0.0000 0.0000
1 87.4933 102.6541 1 1 0 1 0.8268 1 1 0 0.0000 0.0000
1 119.7145 97.1257 4 3 0 0 4.7108 0 1 0 0.0000 0.0000
1 141.1648 118.9442 4 4 0 1 1.2058 1 1 0 0.0000 0.0000
1 69.4482 106.4665 1 1 0 1 0.7151 1 1 0 0.0000 0.0000
1 108.5905 150.0014 2 2 0 1 0.8673 1 1 0 0.0000 0.0000
1 121.8181 81.1996 4 3 0 0 0.5273 0 1 0 0.0000 0.0000
1 127.0373 102.5313 4 4 0 1 0.9461 1 1 0 0.0000 0.0000
1 78.0881 134.8433 2 1 0 0 0.8825 0 1 0 0.0000 0.0000
1 99.8741 116.0471 2 1 0 0 1.3432 0 1 0 0.0000 0.0000
1 89.8963 132.1882 2 1 0 0 0.9674 0 1 0 0.0000 0.0000
1 64.8654 97.4523 1 1 0 1 0.9020 1 1 0 0.0000 0.0000
1 90.9948 70.2116 3 3 0 1 0.6758 1 1 0 0.0000 0.0000
1 84.3642 77.5642 3 1 0 0 0.8267 0 1 0 0.0000 0.0000
1 83.6900 97.7592 1 3 0 0 0.5668 0 1 0 0.0000 0.0000
1 97.8579 128.1863 2 3 0 0 0.7963 0 1 0 0.0000 0.0000
1 70.0570 97.8239 1 1 0 1 0.6490 1 1 0 0.0000 0.0000
1 129.2137 95.3005 4 4 0 1 3.5201 1 1 0 0.0000 0.0000
1 86.3785 114.4504 1 1 0 1 0.7378 1 1 0 0.0000 0.0000
1 122.1071 98.6297 4 4 0 1 1.9957 1 1 0 0.0000 0.0000
1 103.3426 114.0996 2 2 0 1 1.3496 1 1 0 0.0000 0.0000
1 102.9579 73.3276 3 3 0 1 0.6867 1 1 0 0.0000 0.0000
1 111.3216 66.9400 3 3 0 1 0.7253 1 1 0 0.0000 0.0000
1 100.2628 126.5816 2 2 0 1 2.5415 1 1 0 0.0000 0.0000
1 95.3532 130.8562 2 2 0 1 1.3486 1 1 0 0.0000 0.0000
1 104.7563 75.8659 3 2 0 0 0.9423 0 1 0 0.0000 0.0000
1 106.6255 68.2164 3 4 0 0 0.8127 0 1 0 0.0000 0.0000
1 93.8110 81.9111 3 2 0 0 0.5523 0 1 0 0.0000 0.0000
1 116.2361 104.3239 4 2 0 0 4.4450 0 1 0 0.0000 0.0000
1 104.8418 64.5808 3 4 0 0 1.1249 0 1 0 0.0000 0.0000
1 140.9303 83.2723 4 4 0 1 1.0334 1 1 0 0.0000 0.0000
1 99.2885 68.1986 3 3 0 1 1.0658 1 1 0 0.0000 0.0000
1 88.9087 58.4290 3 3 0 1 0.8591 1 1 0 0.0000 0.0000
1 131.2137 109.6500 4 2 0 0 1.7993 0 1 0 0.0000 0.0000
1 80.0384 101.4079 1 3 0 0 0.8757 0 1 0 0.0000 0.0000
1 101.8314 70.9860 3 3 0 1 0.7126 1 1 0 0.0000 0.0000
1 132.7079 98.4518 4 4 0 1 1.1368 1 1 0 0.0000 0.0000
1 64.7926 86.6726 1 1 0 1 0.7557 1 1 0 0.0000 0.0000
1 66.9838 90.4158 1 1 0 1 0.8460 1 1 0 0.0000 0.0000
1 109.0030 126.8378 2 3 0 0 1.9462 0 1 0 0.0000 0.0000
1 84.3613 143.2540 2 3 0 0 0.6427 0 1 0 0.0000 0.0000
1 68.9197 110.3770 1 1 0 1 1.0012 1 1 0 0.0000 0.0000
1 81.1348 85.8898 1 1 0 1 0.5536 1 1 0 0.0000 0.0000
1 99.0396 118.4244 2 2 0 1 1.1510 1 1 0 0.0000 0.0000
1 86.0869 61.6301 3 2 0 0 1.5384 0 1 0 0.0000 0.0000
1 84.9633 129.4892 2 2 0 1 0.7678 1 1 0 0.0000 0.0000
1 113.0291 96.0229 4 3 0 0 0.6654 0 1 0 0.0000 0.0000
1 135.1553 91.0800 4 4 0 1 1.1205 1 1 0 0.0000 0.0000
1 63.2691 104.2814 1 1 0 1 0.7738 1 1 0 0.0000 0.0000
1 100.3058 142.8041 2 3 0 0 1.6644 0 1 0 0.0000 0.0000
1 92.0560 65.2067 3 3 0 1 1.3943 1 1 0 0.0000 0.0000
1 96.9975 144.9041 2 2 0 1 0.6228 1 1 0 0.0000 0.0000
1 91.7822 124.1051 2 2 0 1 1.0127 1 1 0 0.0000 0.0000
1 106.8019 73.1424 3 4 0 0 1.6530 0 1 0 0.0000 0.0000
1 69.8300 103.9540 1 1 0 1 0.6300 1 1 0 0.0000 0.0000
1 109.8880 115.3438 2 4 0 0 0.8763 0 1 0 0.0000 0.0000
1 133.5203 113.6583 4 4 0 1 0.7291 1 1 0 0.0000 0.0000
1 131.7155 99.7142 4 4 0 1 1.1555 1 1 0 0.0000 0.0000
1 103.7841 117.2437 2 3 0 0 2.2156 0 1 0 0.0000 0.0000
1 99.8686 69.5788 3 3 0 1 0.9182 1 1 0 0.0000 0.0000
1 76.1655 80.2105 1 1 0 1 0.9321 1 1 0 0.0000 0.0000
1 107.6564 76.9826 3 2 0 0 0.7065 0 1 0 0.0000 0.0000
1 100.6753 135.6078 2 2 0 1 0.7138 1 1 0 0.0000 0.0000
2 109.5893 66.1443 3 2 0 0 4.0578 0 1 0 0.0000 0.0000
2 107.4919 124.2660 2 3 0 0 0.9017 0 1 0 0.0000 0.0000
2 131.2149 122.0328 4 4 0 1 0.8827 1 1 0 0.0000 0.0000
2 73.6712 95.8782 1 1 0 1 0.4340 1 1 0 0.0000 0.0000
2 95.1936 94.8259 3 3 0 1 2.0682 1 1 0 0.0000 0.0000
2 83.2440 87.2348 3 3 0 1 0.7843 1 1 0 0.0000 0.0000
2 65.2718 109.8442 1 1 0 1 1.1306 1 1 0 0.0000 0.0000
2 93.6683 67.5234 3 3 0 1 0.7346 1 1 0 0.0000 0.0000
2 116.9702 92.0839 4 4 0 1 1.3678 1 1 0 0.0000 0.0000
2 78.1628 109.6438 1 1 0 1 0.8517 1 1 0 0.0000 0.0000
2 96.0057 70.3104 3 3 0 1 0.7201 1 1 0 0.0000 0.0000
2 130.3035 108.1081 4 4 0 1 0.7285 1 1 0 0.0000 0.0000
2 101.1719 119.2859 2 2 0 1 2.3386 1 1 0 0.0000 0.0000
2 107.8462 71.1292 3 3 0 1 0.7408 1 1 0 0.0000 0.0000
2 70.1847 112.6640 1 1 0 1 0.8309 1 1 0 0.0000 0.0000
2 99.3557 122.9250 2 2 0 1 2.0748 1 1 0 0.0000 0.0000
2 86.1985 132.7623 2 2 0 1 1.6379 1 1 0 0.0000 0.0000
2 92.5239 112.3685 2 2 0 1 1.0614 1 1 0 0.0000 0.0000
2 63.8100 110.5574 1 1 0 1 0.8375 1 1 0 0.0000 0.0000
2 63.0102 111.5537 1 1 0 1 0.8668 1 1 0 0.0000 0.0000
2 105.2905 110.1930 2 3 0 0 2.3667 0 1 0 0.0000 0.0000
2 116.1249 104.1484 4 2 0 0 1.4415 0 1 0 0.0000 0.0000
2 71.0004 111.1560 1 1 0 1 0.7650 1 1 0 0.0000 0.0000
2 67.2599 96.2754 1 1 0 1 0.8065 1 1 0 0.0000 0.0000
2 109.8450 73.7830 3 3 0 1 0.8500 1 1 0 0.0000 0.0000
2 90.2395 128.2253 2 2 0 1 0.9266 1 1 0 0.0000 0.0000
2 61.9010 110.7270 1 1 0 1 0.8759 1 1 0 0.0000 0.0000
2 139.8791 103.1183 4 4 0 1 0.8733 1 1 0 0.0000 0.0000
2 149.0769 86.5169 4 4 0 1 0.5516 1 1 0 0.0000 0.0000
2 143.8585 102.7132 4 4 0 1 0.7328 1 1 0 0.0000 0.0000
2 126.4884 92.9181 4 4 0 1 1.2063 1 1 0 0.0000 0.0000
2 137.0833 98.5415 4 4 0 1 0.6832 1 1 0 0.0000 0.0000
2 145.5079 105.0925 4 4 0 1 0.4515 1 1 0 0.0000 0.0000
2 114.2944 103.6657 4 4 0 1 0.5183 1 1 0 0.0000 0.0000
2 53.2597 97.6524 1 1 0 1 0.6673 1 1 0 0.0000 0.0000
2 85.1726 84.3353 1 3 0 0 1.5550 0 1 0 0.0000 0.0000
2 134.6526 106.7230 4 4 0 1 0.7530 1 1 0 0.0000 0.0000
2 103.2945 76.8177 3 2 0 0 1.0536 0 1 0 0.0000 0.0000
2 127.7091 94.5345 4 4 0 1 1.0378 1 1 0 0.0000 0.0000
2 113.3018 55.9921 3 3 0 1 1.0082 1 1 0 0.0000 0.0000
2 87.3270 119.1106 2 2 0 1 0.8801 1 1 0 0.0000 0.0000
2 42.7977 98.7857 1 1 0 1 0.8605 1 1 0 0.0000 0.0000
2 103.5842 78.5183 3 3 0 1 1.1620 1 1 0 0.0000 0.0000
2 91.0872 110.3567 2 2 0 1 1.1033 1 1 0 0.0000 0.0000
2 136.6877 95.0447 4 4 0 1 0.9780 1 1 0 0.0000 0.0000
2 103.0445 133.7577 2 2 0 1 1.7631 1 1 0 0.0000 0.0000
2 100.2864 72.4270 3 3 0 1 0.6787 1 1 0 0.0000 0.0000
2 125.4987 91.7156 4 4 0 1 2.8470 1 1 0 0.0000 0.0000
2 94.3007 69.4132 3 3 0 1 1.2327 1 1 0 0.0000 0.0000
2 80.0327 125.0308 2 2 0 1 1.0944 1 1 0 0.0000 0.0000
2 85.6089 129.0267 2 2 0 1 1.2086 1 1 0 0.0000 0.0000
2 128.0394 100.6980 4 4 0 1 0.9734 1 1 0 0.0000 0.0000
2 66.1732 98.4152 1 1 0 1 0.5105 1 1 0 0.0000 0.0000
2 136.6960 85.7850 4 4 0 1 1.0903 1 1 0 0.0000 0.0000
2 79.5622 79.5091 3 3 0 1 1.4289 1 1 0 0.0000 0.0000
2 135.8998 87.2633 4 4 0 1 0.6716 1 1 0 0.0000 0.0000
2 91.6975 118.6216 2 2 0 1 1.1445 1 1 0 0.0000 0.0000
2 96.4923 64.0008 3 3 0 1 4.7482 1 1 0 0.0000 0.0000
2 103.0627 66.6268 3 3 0 1 0.5568 1 1 0 0.0000 0.0000
2 75.5032 120.2016 1 2 0 0 0.4817 0 1 0 0.0000 0.0000
2 108.7283 146.0765 2 2 0 1 1.4763 1 1 0 0.0000 0.0000
2 91.9884 65.8295 3 3 0 1 0.6244 1 1 0 0.0000 0.0000
2 91.5616 71.1302 3 3 0 1 0.6474 1 1 0 0.0000 0.0000
2 72.1357 96.4958 1 1 0 1 0.9108 1 1 0 0.0000 0.0000
2 127.1002 108.3619 4 4 0 1 0.9578 1 1 0 0.0000 0.0000
2 110.0177 129.0274 2 4 0 0 0.7485 0 1 0 0.0000 0.0000
2 69.7773 107.5104 1 1 0 1 1.0942 1 1 0 0.0000 0.0000
2 123.7680 91.1913 4 4 0 1 1.2424 1 1 0 0.0000 0.0000
2 105.4858 142.3728 2 2 0 1 1.8569 1 1 0 0.0000 0.0000
2 74.1058 102.7346 1 1 0 1 0.6936 1 1 0 0.0000 0.0000
2 88.5654 90.1056 1 3 0 0 2.3997 0 1 0 0.0000 0.0000
2 110.2706 135.7376 2 2 0 1 1.7464 1 1 0 0.0000 0.0000
2 96.2220 119.3550 2 2 0 1 2.0695 1 1 0 0.0000 0.0000
2 129.6425 91.9746 4 4 0 1 0.5775 1 1 0 0.0000 0.0000
2 106.3990 126.8403 2 2 0 1 1.5764 1 1 0 0.0000 0.0000
2 120.7779 94.1121 4 4 0 1 0.7903 1 1 0 0.0000 0.0000
2 132.6607 101.5893 4 4 0 1 0.6432 1 1 0 0.0000 0.0000
2 107.5802 141.2795 2 2 0 1 1.1458 1 1 0 0.0000 0.0000
2 105.5620 113.2681 2 2 0 1 1.9819 1 1 0 0.0000 0.0000
2 93.9370 62.4624 3 3 0 1 1.0802 1 1 0 0.0000 0.0000
2 71.8706 91.0002 1 1 0 1 0.7145 1 1 0 0.0000 0.0000
2 64.6998 97.2169 1 1 0 1 0.7725 1 1 0 0.0000 0.0000
2 73.1696 85.1931 1 1 0 1 1.0557 1 1 0 0.0000 0.0000
2 102.1152 59.2238 3 3 0 1 1.0574 1 1 0 0.0000 0.0000
2 103.9174 117.3660 2 2 0 1 0.8988 1 1 0 0.0000 0.0000
2 100.6615 138.9520 2 2 0 1 3.2479 1 1 0 0.0000 0.0000
2 115.0339 82.6380 3 4 0 0 0.7437 0 1 0 0.0000 0.0000
2 96.6668 66.6565 3 3 0 1 0.7387 1 1 0 0.0000 0.0000
2 64.0041 91.5645 1 1 0 1 0.4760 1 1 0 0.0000 0.0000
2 105.3467 81.1106 3 3 0 1 1.7273 1 1 0 0.0000 0.0000
2 91.3367 66.3946 3 3 0 1 0.6256 1 1 0 0.0000 0.0000
2 57.3956 106.8825 1 1 0 1 0.7442 1 1 0 0.0000 0.0000
2 96.8514 93.5220 1 3 0 0 0.9955 0 1 0 0.0000 0.0000
2 82.7276 60.7880 3 3 0 1 0.9957 1 1 0 0.0000 0.0000
2 100.5643 73.9713 3 3 0 1 0.7717 1 1 0 0.0000 0.0000
2 93.0298 127.9223 2 2 0 1 0.6865 1 1 0 0.0000 0.0000
2 140.3759 105.7105 4 4 0 1 0.5342 1 1 0 0.0000 0.0000
2 75.8624 81.3255 1 1 0 1 2.8901 1 1 0 0.0000 0.0000
2 125.8238 82.1636 4 4 0 1 0.7156 1 1 0 0.0000 0.0000
2 93.9527 116.2486 2 2 0 1 0.7279 1 1 0 0.0000 0.0000
3 150.6347 101.2032 4 4 0 1 5.9457 1 1 0 0.0000 0.0000
3 104.8871 113.3817 2 2 0 1 1.3803 1 1 0 0.0000 0.0000
3 131.3731 96.3049 4 4 0 1 2.1259 1 1 0 0.0000 0.0000
3 96.4548 124.9745 2 3 0 0 0.9242 0 1 0 0.0000 0.0000
3 95.6356 122.0070 2 2 0 1 1.7871 1 1 0 0.0000 0.0000
3 65.6660 89.5178 1 1 0 1 0.8316 1 1 0 0.0000 0.0000
3 95.5026 80.5391 3 3 0 1 1.2920 1 1 0 0.0000 0.0000
3 68.5902 111.2368 1 1 0 1 0.6592 1 1 0 0.0000 0.0000
3 104.7584 57.8152 3 3 0 1 1.0844 1 1 0 0.0000 0.0000
3 97.1936 128.5897 2 2 0 1 1.0080 1 1 0 0.0000 0.0000
3 78.2750 98.0735 1 1 0 1 1.0715 1 1 0 0.0000 0.0000
3 65.6183 91.4331 1 1 0 1 0.6733 1 1 0 0.0000 0.0000
3 97.2248 74.9069 3 3 0 1 0.8727 1 1 0 0.0000 0.0000
3 146.6449 104.1139 4 4 0 1 0.5811 1 1 0 0.0000 0.0000
3 103.8987 52.9844 3 3 0 1 0.7627 1 1 0 0.0000 0.0000
3 88.1528 75.4018 3 3 0 1 1.9096 1 1 0 0.0000 0.0000
3 108.8706 89.0201 4 3 0 0 1.5330 0 1 0 0.0000 0.0000
3 123.1753 102.4976 4 4 0 1 0.4585 1 1 0 0.0000 0.0000
3 69.6587 95.3935 1 1 0 1 0.8462 1 1 0 0.0000 0.0000
3 51.4384 108.5347 1 1 0 1 0.5221 1 1 0 0.0000 0.0000
3 97.6917 64.1212 3 3 0 1 0.9265 1 1 0 0.0000 0.0000
3 113.6511 134.4659 2 2 0 1 1.1328 1 1 0 0.0000 0.0000
3 124.4760 113.3694 4 2 0 0 1.0402 0 1 0 0.0000 0.0000
3 64.0133 119.6554 1 1 0 1 0.7371 1 1 0 0.0000 0.0000
3 116.0171 54.0204 3 3 0 1 0.9869 1 1 0 0.0000 0.0000
3 77.9282 100.4959 1 1 0 1 1.0507 1 1 0 0.0000 0.0000
3 138.9301 102.8864 4 4 0 1 0.7000 1 1 0 0.0000 0.0000
3 106.2040 62.1277 3 3 0 1 1.6694 1 1 0 0.0000 0.0000
3 75.9614 119.5233 1 1 0 1 0.8386 1 1 0 0.0000 0.0000
3 107.7403 151.8154 2 2 0 1 0.8515 1 1 0 0.0000 0.0000
3 103.5026 142.9016 2 2 0 1 0.5902 1 1 0 0.0000 0.0000
3 97.3704 74.7911 3 3 0 1 0.5478 1 1 0 0.0000 0.0000
3 95.8491 76.6500 3 3 0 1 0.5674 1 1 0 0.0000 0.0000
3 81.3311 81.8530 1 1 0 1 1.4044 1 1 0 0.0000 0.0000
3 91.3928 137.1108 2 2 0 1 1.6064 1 1 0 0.0000 0.0000
3 102.1490 115.6918 4 2 0 0 0.8369 0 1 0 0.0000 0.0000
3 108.8770 124.8040 2 3 0 0 2.0012 0 1 0 0.0000 0.0000
3 111.1157 67.1623 3 3 0 1 0.8443 1 1 0 0.0000 0.0000
3 146.5705 88.5627 4 4 0 1 0.8565 1 1 0 0.0000 0.0000
3 118.2760 134.3861 2 4 0 0 0.8695 0 1 0 0.0000 0.0000
3 110.6893 65.7843 3 3 0 1 0.8500 1 1 0 0.0000 0.0000
3 90.4904 90.7713 1 3 0 0 1.3895 0 1 0 0.0000 0.0000
3 136.3717 93.2697 4 4 0 1 0.6811 1 1 0 0.0000 0.0000
3 136.7401 101.5012 4 4 0 1 1.1230 1 1 0 0.0000 0.0000
3 91.9709 124.1509 2 2 0 1 1.3035 1 1 0 0.0000 0.0000
3 116.8400 79.5157 3 3 0 1 0.6082 1 1 0 0.0000 0.0000
3 107.3375 146.0332 2 2 0 1 0.7125 1 1 0 0.0000 0.0000
3 107.7046 80.5418 3 3 0 1 0.6253 1 1 0 0.0000 0.0000
3 105.3469 62.1127 3 3 0 1 0.7283 1 1 0 0.0000 0.0000
3 121.0435 119.9764 2 2 0 1 2.5062 1 1 0 8.5156 0.0000
3 56.7195 111.4643 1 1 0 1 5.8407 1 1 0 2.1777 0.0000
3 65.2252 109.4380 1 1 0 1 5.1122 1 1 0 0.2455 0.0000
3 81.6602 102.3989 1 3 0 0 2.6835 0 1 1 2.7795 0.2500
3 136.0329 94.3559 4 3 0 0 1.8425 0 1 1 2.9894 0.4000
3 127.3768 98.4144 4 3 0 0 1.7036 0 1 1 2.8785 0.5000
3 121.7999 103.9522 4 3 0 0 2.0872 0 1 1 2.3107 0.5714
3 149.8503 85.6629 4 4 0 1 1.3944 1 1 1 1.9696 0.6250
3 58.2609 103.3889 1 1 0 1 1.4749 1 1 1 1.3472 0.6667
3 76.4013 95.2955 1 1 0 1 3.1565 1 1 1 1.4891 0.7000
3 124.6191 98.2480 4 4 0 1 1.3819 1 1 1 1.3318 0.7273
3 103.4128 73.7752 3 3 0 1 1.7331 1 1 1 1.2119 0.7500
3 101.5874 128.6738 2 2 0 1 4.9684 1 1 1 0.9774 0.7692
3 118.3561 111.6363 4 3 0 0 1.6564 0 1 1 1.1178 0.7857
3 71.9726 116.2312 1 1 0 1 1.3366 1 1 0 1.3972 0.7333
3 92.7225 150.3744 2 2 0 1 2.7427 1 1 1 1.0804 0.7500
3 99.8924 122.9074 2 3 0 0 1.9063 0 1 1 1.7575 0.7647
3 108.8308 89.4585 3 2 0 0 1.6725 0 1 1 1.0058 0.7778
3 96.1304 74.5303 3 3 0 1 2.5964 1 1 1 1.2170 0.7895
3 133.6424 103.4671 4 3 0 0 1.6134 0 1 1 1.6157 0.8000
3 98.9094 143.2802 2 2 0 1 1.8627 1 1 1 2.3370 0.8095
3 79.3883 101.9495 1 1 0 1 2.3161 1 1 1 0.5301 0.8182
3 102.0468 85.1780 3 3 0 1 3.2935 1 1 1 0.8124 0.8261
3 132.4728 91.2742 4 3 0 0 1.1988 0 1 1 0.8720 0.8333
3 81.7898 111.5385 2 1 0 0 0.6511 0 1 1 0.8538 0.8400
3 66.8812 103.1281 1 1 0 1 1.2082 1 1 1 0.8986 0.8462
3 97.5037 109.7229 2 3 0 0 2.2810 0 1 1 1.6293 0.8519
3 99.5780 137.4124 2 2 0 1 1.3329 1 1 1 0.6412 0.8571
3 88.1573 69.8247 3 3 0 1 2.9424 1 1 1 0.7568 0.8621
3 91.4105 93.8808 3 3 0 1 1.4620 1 1 1 0.8697 0.8667
3 88.9937 55.4789 3 3 0 1 1.4491 1 1 1 0.9694 0.8710
3 68.7974 98.9162 1 1 0 1 1.6474 1 1 1 0.7416 0.8750
3 117.2242 127.3864 2 4 0 0 1.0462 0 1 1 0.7954 0.8788
3 97.8026 130.4800 2 3 0 0 1.3251 0 1 1 1.1126 0.8824
3 116.9347 101.9188 4 3 0 0 2.4844 0 1 1 0.7510 0.8857
3 74.8396 110.4062 1 1 0 1 1.0252 1 1 0 0.7261 0.8611
3 77.6529 103.1860 1 1 0 1 1.3347 1 1 1 0.7237 0.8649
3 100.5722 59.0357 3 3 0 1 1.1404 1 1 1 1.0992 0.8684
3 58.3275 73.3529 1 1 0 1 1.1250 1 1 1 0.7975 0.8718
3 88.4604 132.3513 2 2 0 1 1.4232 1 1 1 1.0697 0.8750
3 133.9920 82.4607 4 3 0 0 2.0383 0 1 1 0.8686 0.8780
3 65.7857 99.0509 1 1 0 1 1.2417 1 1 1 0.7554 0.8810
3 92.5878 154.2830 2 2 0 1 1.1402 1 1 1 0.6358 0.8837
3 131.6035 100.0489 4 4 0 1 2.3299 1 1 1 0.7553 0.8864
3 69.0852 87.0812 1 1 0 1 2.1813 1 1 1 0.2496 0.8889
3 94.4389 74.6188 3 3 0 1 1.6630 1 1 1 0.5483 0.8913
3 142.5410 96.0239 4 4 0 1 1.6163 1 1 1 0.6772 0.8936
3 108.7611 66.5369 3 3 0 1 1.6842 1 1 1 1.0339 0.8958
3 122.8224 101.7694 4 3 0 0 1.6994 0 1 1 0.7615 0.8980
3 137.3462 113.9915 4 2 0 0 3.6421 0 1 1 0.8019 0.9000
3 107.2509 127.7588 2 2 0 1 1.5246 1 1 1 0.6615 0.9020
4 88.9286 109.5578 2 2 2 1 4.3697 1 0 1 4.8744 0.9038
4 76.5790 100.0855 1 1 3 1 3.1413 0 0 1 1.9515 0.9057
4 95.7107 96.6214 1 3 3 0 2.6385 1 0 1 1.3090 0.9074
4 62.3993 88.2892 1 1 2 1 1.1324 0 0 1 4.8347 0.9091
4 109.4239 76.8451 3 3 1 1 4.4131 0 0 1 1.7843 0.9107
4 102.5619 50.8807 3 3 2 1 2.5794 0 0 1 1.6148 0.9123
4 101.7707 60.4127 3 3 1 1 3.4138 0 0 1 1.1102 0.9138
4 129.5553 104.7185 4 4 2 1 3.0072 0 0 0 1.7346 0.8983
4 127.5829 95.3633 4 3 1 0 2.3379 0 0 1 1.1454 0.9000
4 133.2758 109.7255 4 4 3 1 1.5413 0 0 1 0.7761 0.9016
4 104.5539 75.9852 3 3 2 1 1.8174 0 0 1 2.2904 0.9032
4 85.7585 122.9180 2 1 1 0 1.0027 1 0 1 2.0307 0.9048
4 78.0756 96.2654 1 1 4 1 0.9286 0 0 1 1.4915 0.9063
4 95.9064 128.1414 2 2 3 1 1.3031 0 0 1 3.8100 0.9077
4 123.0373 92.7710 4 4 3 1 1.0573 0 0 1 0.8069 0.9091
4 101.9270 124.9169 2 3 2 0 1.0177 0 0 1 0.8305 0.9104
4 88.6969 141.3633 2 2 4 1 0.8001 0 0 1 0.6866 0.9118
4 107.4894 67.7759 3 2 4 0 0.9724 0 0 1 0.5275 0.9130
4 99.0352 89.4037 3 3 2 1 1.3549 0 0 0 0.8083 0.9000
4 74.4528 101.6761 1 1 3 1 1.4667 0 0 1 2.8427 0.9014
4 80.6127 64.8003 3 1 2 0 0.6735 0 0 1 1.5182 0.9028
4 142.5256 91.5844 4 4 3 1 0.7867 0 0 1 0.6750 0.9041
4 110.7191 120.0225 2 2 1 1 1.8741 0 0 1 1.5479 0.9054
4 117.3649 99.6703 4 4 2 1 3.4425 0 0 0 0.9325 0.8933
4 100.1930 132.4558 2 2 2 1 0.9556 1 0 1 0.8465 0.8947
4 72.5930 121.4012 1 1 4 1 0.9613 0 0 1 0.6291 0.8961
4 101.9040 83.9635 3 2 3 0 0.6908 0 0 1 1.2308 0.8974
4 101.7032 60.1956 3 3 1 1 0.7639 0 0 1 0.5383 0.8987
4 105.3527 58.0847 3 3 2 1 0.5009 0 0 1 0.7173 0.9000
4 84.9137 90.1487 3 2 2 0 1.8858 1 0 1 0.9851 0.9012
4 112.8966 126.8406 2 2 3 1 0.8959 0 0 1 0.8173 0.9024
4 108.9303 81.9381 4 3 2 0 0.9018 0 0 1 0.7926 0.9036
4 85.6570 87.3307 1 1 1 1 0.9865 1 0 1 0.7537 0.9048
4 125.4167 88.3572 4 3 4 0 2.5792 0 0 1 0.8153 0.9059
4 117.0446 134.5159 2 4 2 0 0.8352 0 0 1 0.8356 0.9070
4 140.2754 107.0743 4 4 3 1 1.1115 0 0 1 0.6707 0.9080
4 104.4290 118.4309 2 3 3 0 0.7176 1 0 1 0.9389 0.9091
4 105.2428 69.6735 3 2 4 0 2.5450 0 0 1 1.0210 0.9101
4 53.1331 82.5922 1 1 2 1 0.6301 0 0 1 1.0270 0.9111
4 77.2926 99.9871 1 3 4 0 0.5882 0 0 1 0.6289 0.9121
4 132.4578 93.5496 4 4 3 1 0.6590 0 0 1 2.0470 0.9130
4 94.2845 48.6109 3 2 2 0 0.7057 1 0 1 1.9032 0.9140
4 111.1212 118.3085 4 3 2 0 0.9732 0 0 1 0.7705 0.9149
4 82.7853 71.5963 3 3 2 1 0.6608 0 0 1 0.5620 0.9158
4 117.5010 78.0190 3 1 3 0 2.1095 0 0 0 0.5139 0.9063
4 98.2988 66.6219 3 1 4 0 0.1407 0 0 1 0.7794 0.9072
4 88.6888 98.2993 1 3 1 0 2.2366 0 0 1 1.2501 0.9082
4 105.3690 62.3515 3 4 3 0 1.4073 0 0 1 0.9582 0.9091
4 125.3602 108.8345 4 2 4 0 1.0933 0 0 1 0.8441 0.9100
4 76.8107 106.3702 1 1 2 1 1.5602 0 0 0 0.0000 0.9100
4 99.2293 138.8234 2 2 2 1 4.2956 1 0 0 0.0000 0.9100
4 63.6398 102.4741 1 1 3 1 0.5890 0 0 0 0.0000 0.9100
4 98.0162 72.5907 3 3 1 1 2.2601 0 0 0 0.0000 0.9100
4 92.6224 121.3498 2 2 3 1 0.9338 0 0 0 0.0000 0.9100
4 101.7649 128.0355 2 2 2 1 0.8048 1 0 0 0.0000 0.9100
4 129.2654 80.7698 4 3 2 0 0.7689 0 0 0 0.0000 0.9100
4 120.2600 88.8269 4 3 3 0 1.2760 1 0 0 0.0000 0.9100
4 107.6510 124.9763 2 2 2 1 1.0766 1 0 0 0.0000 0.9100
4 124.5032 100.2541 4 3 4 0 0.9823 0 0 0 0.0000 0.9100
4 115.6346 88.5311 3 3 3 1 0.8858 1 0 0 0.0000 0.9100
4 60.3511 114.3077 1 2 3 0 0.7066 0 0 0 0.0000 0.9100
4 94.1610 140.3225 2 2 2 1 1.0658 1 0 0 0.0000 0.9100
4 81.9795 108.6904 1 1 4 1 0.8770 0 0 0 0.0000 0.9100
4 74.1195 99.1445 1 1 3 1 0.6370 0 0 0 0.0000 0.9100
4 68.2180 104.2906 1 1 4 1 0.6289 0 0 0 0.0000 0.9100
4 119.6989 106.1292 4 4 2 1 0.6376 0 0 0 0.0000 0.9100
4 124.8673 94.9131 4 4 3 1 0.6301 0 0 0 0.0000 0.9100
4 137.0168 95.2159 4 4 4 1 0.9102 1 0 0 0.0000 0.9100
4 101.1053 71.3264 3 3 3 1 0.8136 1 0 0 0.0000 0.9100
4 106.3064 69.9625 3 3 1 1 0.8740 0 0 0 0.0000 0.9100
4 143.6140 95.9601 4 4 4 1 1.4008 1 0 0 0.0000 0.9100
4 101.3003 118.2468 2 2 1 1 1.1096 0 0 0 0.0000 0.9100
4 98.2771 121.0598 2 2 1 1 2.2175 0 0 0 0.0000 0.9100
4 126.1289 115.0799 4 3 3 0 2.1054 1 0 0 0.0000 0.9100
4 75.9152 124.9741 1 1 1 1 1.6707 1 0 0 0.0000 0.9100
4 113.2000 100.1867 4 3 2 0 2.0406 0 0 0 0.0000 0.9100
4 103.4156 75.8864 3 3 1 1 0.7420 0 0 0 0.0000 0.9100
4 89.6707 66.7162 3 1 1 0 1.6149 1 0 0 0.0000 0.9100
4 64.7903 77.3709 1 1 2 1 0.5751 0 0 0 0.0000 0.9100
4 95.0812 129.7580 2 2 4 1 3.0136 0 0 0 0.0000 0.9100
4 92.8701 115.4010 2 3 3 0 0.7301 1 0 0 0.0000 0.9100
4 104.7057 119.4283 2 3 1 0 0.6777 0 0 0 0.0000 0.9100
4 97.6390 74.1439 3 2 2 0 0.7516 1 0 0 0.0000 0.9100
4 72.0866 111.0079 1 1 2 1 1.0172 0 0 0 0.0000 0.9100
4 106.5451 94.5860 4 3 4 0 1.5937 0 0 0 0.0000 0.9100
4 94.9160 127.7004 2 3 2 0 1.5459 0 0 0 0.0000 0.9100
4 130.1129 92.5924 4 4 1 1 1.8319 0 0 0 0.0000 0.9100
4 79.9215 80.1434 1 1 4 1 7.1500 0 0 0 0.0000 0.9100
4 130.4596 86.2393 4 4 4 1 0.6370 1 0 0 0.0000 0.9100
4 91.8763 91.1651 1 1 4 1 0.7398 0 0 0 0.0000 0.9100
4 72.5069 95.0757 1 1 4 1 0.3670 0 0 0 0.0000 0.9100
4 96.1414 112.7962 2 3 2 0 2.2076 0 0 0 0.0000 0.9100
4 65.5803 106.6743 1 1 3 1 0.8017 0 0 0 0.0000 0.9100
4 107.8802 133.4480 2 3 3 0 1.2149 1 0 0 0.0000 0.9100
4 110.4242 97.2032 4 2 1 0 1.0764 0 0 0 0.0000 0.9100
4 80.4441 103.3211 1 1 4 1 0.8860 0 0 0 0.0000 0.9100
4 77.5715 109.9897 1 1 2 1 1.1093 0 0 0 0.0000 0.9100
4 87.3606 68.2106 3 1 3 0 0.2815 0 0 0 0.0000 0.9100
4 83.5111 127.4984 2 1 3 0 0.3280 0 0 0 0.0000 0.9100
4 103.3200 134.0606 2 1 3 0 0.2151 0 0 0 0.0000 0.9100
5 105.2155 124.7106 2 2 2 1 2.0899 1 0 0 0.0000 0.9100
5 74.2690 85.7949 1 1 3 1 0.6401 0 0 0 0.0000 0.9100
5 139.6484 97.5681 4 4 1 1 0.5838 0 0 0 0.0000 0.9100
5 90.5905 64.5018 1 2 1 0 1.1337 0 0 0 0.0000 0.9100
5 140.1412 112.9269 4 2 4 0 0.6582 0 0 0 0.0000 0.9100
5 92.9179 131.8423 2 1 1 0 0.8097 1 0 0 0.0000 0.9100
5 110.7196 116.0871 2 1 1 0 2.0212 1 0 0 0.0000 0.9100
5 80.5237 83.7751 3 4 4 0 1.0084 1 0 0 0.0000 0.9100
5 68.8092 92.9212 1 4 4 0 1.9851 1 0 0 0.0000 0.9100
5 110.4685 121.2093 2 2 2 1 1.1959 1 0 0 0.0000 0.9100
5 54.7262 102.9481 1 4 4 0 0.9457 1 0 0 0.0000 0.9100
5 94.4080 49.6970 3 2 4 0 3.0726 0 0 0 0.0000 0.9100
5 100.4483 55.0481 3 3 1 1 0.8862 0 0 0 0.0000 0.9100
5 112.2636 78.2404 3 1 3 0 3.9885 0 0 0 0.0000 0.9100
5 118.0005 110.7687 4 1 3 0 0.8345 0 0 0 0.0000 0.9100
5 95.9106 133.0822 2 1 4 0 0.7990 0 0 0 0.0000 0.9100
5 78.2270 104.3290 1 4 3 0 0.9381 0 0 0 0.0000 0.9100
5 93.3562 125.6489 2 1 1 0 1.3853 1 0 0 0.0000 0.9100
5 98.2208 65.4573 3 2 4 0 0.8203 0 0 0 0.0000 0.9100
5 100.7278 116.5772 2 1 3 0 0.8967 0 0 0 0.0000 0.9100
5 96.1417 70.8354 3 3 2 1 1.5988 0 0 0 0.0000 0.9100
5 101.5544 85.0108 3 2 4 0 0.6385 0 0 0 0.0000 0.9100
5 69.5087 113.4943 1 4 4 0 0.9487 1 0 0 0.0000 0.9100
5 77.8577 103.2591 1 4 4 0 0.6763 1 0 0 0.0000 0.9100
5 113.7865 95.2948 3 1 4 0 0.7493 0 0 0 0.0000 0.9100
5 75.4131 94.6944 1 4 4 0 0.6479 1 0 0 0.0000 0.9100
5 100.2814 82.6420 3 3 4 1 1.5524 0 0 0 0.0000 0.9100
5 127.9187 108.3813 4 2 3 0 1.0718 0 0 0 0.0000 0.9100
5 104.7419 95.8541 4 1 4 0 1.0434 0 0 0 0.0000 0.9100
5 96.2624 137.6255 2 1 4 0 1.4284 0 0 0 0.0000 0.9100
5 66.6809 92.0205 1 4 3 0 0.8321 0 0 0 0.0000 0.9100
5 133.3841 95.1198 4 4 1 1 2.8444 0 0 0 0.0000 0.9100
5 103.8039 134.0234 2 4 4 0 0.8643 1 0 0 0.0000 0.9100
5 97.3913 130.7559 2 4 1 0 0.3980 0 0 0 0.0000 0.9100
5 85.6290 129.7241 2 4 2 0 0.8480 0 0 0 0.0000 0.9100
5 137.4330 97.0950 4 4 1 1 0.4169 0 0 0 0.0000 0.9100
5 111.8529 106.1376 4 4 3 1 0.4335 0 0 0 0.0000 0.9100
5 104.7658 137.1957 2 3 2 0 0.2275 0 0 0 0.0000 0.9100
5 91.9341 128.1148 2 1 2 0 0.0327 0 0 0 0.0000 0.9100
5 106.6803 75.3501 3 2 2 0 0.3772 1 0 0 0.0000 0.9100
5 124.8026 92.4396 4 2 1 0 0.4570 0 0 0 0.0000 0.9100
5 58.4333 101.9441 1 1 2 1 0.6524 0 0 0 0.0000 0.9100
5 98.1793 69.0923 3 1 4 0 0.6759 0 0 0 0.0000 0.9100
5 125.3780 93.6617 4 1 4 0 0.3640 0 0 0 0.0000 0.9100
5 121.3137 98.8788 4 1 2 0 0.0765 0 0 0 0.0000 0.9100
5 114.6830 141.2372 2 3 4 0 0.1825 0 0 0 0.0000 0.9100
5 118.1874 104.7384 4 3 1 0 0.1150 0 0 0 0.0000 0.9100
5 79.3083 92.6669 1 3 2 0 0.1102 0 0 0 0.0000 0.9100
5 87.9524 84.3511 1 3 4 0 0.5210 0 0 0 0.0000 0.9100
5 97.7604 139.6673 2 3 2 0 0.4142 0 0 0 0.0000 0.9100
5 114.9372 130.4124 2 3 2 0 0.2405 0 0 0 0.0000 0.9100
5 128.0954 100.7774 4 3 2 0 0.2709 0 0 0 0.0000 0.9100
5 131.8167 93.1313 4 3 2 0 0.4938 0 0 0 0.0000 0.9100
5 94.5770 65.3457 3 3 4 1 0.0660 0 0 0 0.0000 0.9100
5 106.3317 61.3886 3 3 2 1 0.0124 0 0 0 0.0000 0.9100
5 107.2683 82.1691 3 3 4 1 0.2308 0 0 0 0.0000 0.9100
5 80.0097 106.6956 1 3 4 0 0.4525 0 0 0 0.0000 0.9100
5 78.5336 135.8575 2 3 3 0 0.1519 1 0 0 0.0000 0.9100
5 110.4528 128.4331 2 3 1 0 0.4354 0 0 0 0.0000 0.9100
5 93.4160 96.6826 1 2 4 0 0.6774 0 0 0 0.0000 0.9100
5 107.4212 77.5781 3 1 1 0 0.0775 1 0 0 0.0000 0.9100
5 114.5423 65.2524 3 1 1 0 0.6463 1 0 0 0.0000 0.9100
5 100.9880 121.5908 2 2 4 1 1.0538 0 0 0 0.0000 0.9100
5 58.3788 84.3613 1 3 3 0 0.5267 1 0 0 0.0000 0.9100
5 150.1976 102.3980 4 2 1 0 2.0029 0 0 0 0.0000 0.9100
5 104.9786 107.9879 2 2 2 1 0.9261 1 0 0 0.0000 0.9100
5 95.7718 76.3855 3 2 3 0 0.5723 0 0 0 0.0000 0.9100
5 64.2303 102.6138 1 3 4 0 0.6256 0 0 0 0.0000 0.9100
5 100.6883 64.5680 3 2 1 0 0.5997 0 0 0 0.0000 0.9100
5 70.7232 116.5256 1 3 4 0 0.3989 0 0 0 0.0000 0.9100
5 67.3771 101.2090 1 3 1 0 0.2913 0 0 0 0.0000 0.9100
5 109.0160 110.1222 4 4 4 1 0.6416 1 0 0 0.0000 0.9100
5 119.2084 107.1740 4 4 3 1 0.5061 0 0 0 0.0000 0.9100
5 114.5281 61.5265 3 2 2 0 0.8623 1 0 0 0.0000 0.9100
5 65.4832 111.9926 1 1 2 1 0.7947 0 0 0 0.0000 0.9100
5 102.1550 55.7520 3 3 3 1 0.9662 1 0 0 0.0000 0.9100
5 99.2218 84.4636 3 3 4 1 0.5976 0 0 0 0.0000 0.9100
5 124.4834 113.4982 4 2 4 0 0.9710 0 0 0 0.0000 0.9100
5 63.8414 99.9808 1 1 4 1 0.1887 0 0 0 0.0000 0.9100
5 94.9039 108.7768 2 4 2 0 0.3619 0 0 0 0.0000 0.9100
5 73.6090 100.0768 1 3 3 0 0.2205 1 0 0 0.0000 0.9100
5 104.2406 138.9003 2 4 1 0 1.8492 0 0 0 0.0000 0.9100
5 59.3703 85.0339 1 3 4 0 1.2467 0 0 0 0.0000 0.9100
5 104.4554 125.8732 2 1 3 0 5.8931 0 0 0 0.0000 0.9100
5 116.6119 107.6445 4 1 2 0 1.1236 0 0 0 0.0000 0.9100
5 135.3313 94.3023 4 3 2 0 0.7272 0 0 0 0.0000 0.9100
5 66.1666 70.6993 1 2 4 0 0.1128 0 0 0 0.0000 0.9100
5 90.3402 116.8999 1 3 1 0 0.4523 0 0 0 0.0000 0.9100
5 94.8067 71.0829 3 3 1 1 0.3600 0 0 0 0.0000 0.9100
5 87.7432 121.7098 2 3 3 0 0.2489 1 0 0 0.0000 0.9100
5 92.0338 75.2069 3 2 2 0 0.6779 1 0 0 0.0000 0.9100
5 133.5661 96.3853 4 4 4 1 0.7986 1 0 0 0.0000 0.9100
5 88.0723 90.5523 3 1 3 0 0.9383 0 0 0 0.0000 0.9100
5 63.4951 112.7103 1 1 4 1 0.4086 0 0 0 0.0000 0.9100
5 101.3815 73.0170 3 1 3 0 0.6334 0 0 0 0.0000 0.9100
5 132.9753 98.2457 4 3 2 0 0.5938 0 0 0 0.0000 0.9100
5 109.2279 139.7944 2 3 4 0 0.1049 0 0 0 0.0000 0.9100
5 140.5597 95.9058 4 2 1 0 0.3537 0 0 0 0.0000 0.9100
5 122.0819 84.6832 4 3 3 0 0.5799 1 0 0 0.0000 0.9100
5 133.6609 106.8919 4 2 3 0 0.4268 0 0 0 0.0000 0.9100
6 103.7433 91.3476 4 3 4 0 2.5379 0 0 0 0.0000 0.9100
6 81.3666 54.0435 3 3 3 1 1.5855 1 0 0 0.0000 0.9100
6 110.5923 67.3542 3 3 1 1 0.8011 0 0 0 0.0000 0.9100
6 121.9180 85.3120 4 4 4 1 0.3792 1 0 0 0.0000 0.9100
6 89.2490 78.6219 3 3 2 1 1.0530 0 0 0 0.0000 0.9100
6 82.2037 101.0427 1 3 4 0 0.8624 0 0 0 0.0000 0.9100
6 111.7934 125.1150 2 2 2 1 0.8921 1 0 0 0.0000 0.9100
6 70.7976 95.5266 1 1 1 1 0.4111 1 0 0 0.0000 0.9100
6 134.6237 92.0509 4 4 4 1 1.2767 1 0 0 0.0000 0.9100
6 105.8389 59.3266 3 3 1 1 0.9646 0 0 0 0.0000 0.9100
6 105.3890 122.3535 2 2 1 1 0.8677 0 0 0 0.0000 0.9100
6 73.2713 112.1859 1 1 3 1 0.5462 0 0 0 0.0000 0.9100
6 133.9500 86.6055 4 4 3 1 1.4944 0 0 0 0.0000 0.9100
6 115.3325 116.7625 2 4 4 0 0.5628 1 0 0 0.0000 0.9100
6 112.3647 123.1131 2 4 2 0 0.7288 0 0 0 0.0000 0.9100
6 102.0303 55.2700 3 3 3 1 0.3061 1 0 0 0.0000 0.9100
6 135.3254 107.9271 4 4 4 1 1.3440 1 0 0 0.0000 0.9100
6 85.2607 84.4604 1 1 1 1 1.0644 1 0 0 0.0000 0.9100
6 71.1848 108.2609 1 1 3 1 0.7442 0 0 0 0.0000 0.9100
6 136.1853 96.6623 4 4 4 1 0.9126 1 0 0 0.0000 0.9100
6 124.7199 97.3623 4 3 1 0 0.9423 0 0 0 0.0000 0.9100
6 59.6690 94.7477 1 1 1 1 0.6205 1 0 0 0.0000 0.9100
6 109.2990 94.7243 4 3 1 0 1.1071 0 0 0 0.0000 0.9100
6 95.0595 146.4255 2 3 3 0 1.0773 1 0 0 0.0000 0.9100
6 114.0260 71.2138 3 2 3 0 0.5528 0 0 0 0.0000 0.9100
6 112.9909 56.6666 3 2 4 0 0.7189 0 0 0 0.0000 0.9100
6 74.0931 102.4500 1 1 2 1 0.6158 0 0 0 0.0000 0.9100
6 107.1687 132.0388 2 2 3 1 1.4543 0 0 0 0.0000 0.9100
6 97.3481 129.1895 2 3 4 0 0.7636 0 0 0 0.0000 0.9100
6 91.8422 58.5898 3 1 1 0 1.6551 1 0 0 0.0000 0.9100
6 94.5580 127.3204 2 1 1 0 1.1923 1 0 0 0.0000 0.9100
6 122.1147 103.2817 4 4 1 1 2.3023 0 0 0 0.0000 0.9100
6 73.7486 110.4400 1 1 4 1 1.0406 0 0 0 0.0000 0.9100
6 63.4358 97.9667 1 1 1 1 0.6105 1 0 0 0.0000 0.9100
6 85.8959 100.2280 1 2 3 0 3.7845 0 0 0 0.0000 0.9100
6 98.4734 67.9758 3 1 4 0 1.9213 0 0 0 0.0000 0.9100
6 64.3651 104.8376 1 1 1 1 0.7133 1 0 0 0.0000 0.9100
6 94.8763 128.9719 2 1 3 0 1.3145 0 0 0 0.0000 0.9100
6 121.4979 110.0468 4 4 1 1 0.6185 0 0 0 0.0000 0.9100
6 111.8528 115.5680 2 4 1 0 0.8157 0 0 0 0.0000 0.9100
6 127.5453 108.7529 4 3 1 0 2.0811 0 0 0 0.0000 0.9100
6 128.9701 121.7062 4 4 2 1 1.4520 0 0 0 0.0000 0.9100
6 75.2274 96.2135 1 1 2 1 0.6148 0 0 0 0.0000 0.9100
6 103.3680 147.2061 2 4 3 0 0.6211 0 0 0 0.0000 0.9100
6 98.4903 82.6266 3 1 1 0 0.5321 1 0 0 0.0000 0.9100
6 73.5563 72.2028 3 1 3 0 0.7434 0 0 0 0.0000 0.9100
6 95.8447 83.3202 3 1 3 0 0.5451 0 0 0 0.0000 0.9100
6 77.3297 102.7611 1 2 3 0 0.5335 0 0 0 0.0000 0.9100
6 83.5518 92.8667 1 1 4 1 0.2658 0 0 0 0.0000 0.9100
6 148.4004 105.7397 4 4 3 1 0.5661 0 0 0 0.0000 0.9100
6 108.9143 79.3603 3 4 2 0 0.9551 0 0 0 0.0000 0.9100
6 113.9239 134.0780 2 4 2 0 0.7157 0 0 0 0.0000 0.9100
6 94.4813 130.1834 2 4 1 0 0.3734 0 0 0 0.0000 0.9100
6 116.8181 91.3350 3 4 2 0 0.0617 0 0 0 0.0000 0.9100
6 144.1202 106.3873 4 4 3 1 0.0369 0 0 0 0.0000 0.9100
6 135.9208 94.1744 4 4 4 1 0.1868 1 0 0 0.0000 0.9100
6 131.5554 93.7477 4 2 1 0 0.4692 0 0 0 0.0000 0.9100
6 100.1946 133.4809 2 1 1 0 0.7278 1 0 0 0.0000 0.9100
6 115.4950 102.4642 4 2 1 0 0.6256 0 0 0 0.0000 0.9100
6 101.4158 66.0176 3 2 3 0 0.8559 0 0 0 0.0000 0.9100
6 94.1668 86.3556 3 2 3 0 0.5002 0 0 0 0.0000 0.9100
6 88.9110 106.8961 1 2 3 0 0.1499 0 0 0 0.0000 0.9100
6 92.5923 132.0602 2 2 1 1 0.1111 0 0 0 0.0000 0.9100
6 129.4118 107.4261 4 2 1 0 0.2150 0 0 0 0.0000 0.9100
6 74.4056 94.8732 1 2 3 0 0.0022 0 0 0 0.0000 0.9100
6 122.0531 99.8556 4 2 1 0 0.0879 0 0 0 0.0000 0.9100
6 100.1202 137.3844 2 2 4 1 0.1122 0 0 0 0.0000 0.9100
6 79.9131 104.8711 1 2 1 0 0.1047 0 0 0 0.0000 0.9100
6 126.1778 99.7698 4 2 3 0 0.0011 0 0 0 0.0000 0.9100
6 143.6517 112.9284 4 2 1 0 0.0551 0 0 0 0.0000 0.9100
6 102.9168 122.0853 2 2 4 1 0.1107 0 0 0 0.0000 0.9100
6 136.8027 115.4470 4 2 1 0 0.1029 0 0 0 0.0000 0.9100
6 110.4730 86.6673 3 2 3 0 0.2545 0 0 0 0.0000 0.9100
6 75.7972 136.1125 2 3 1 0 2.0900 0 0 0 0.0000 0.9100
6 93.3909 63.3240 3 1 3 0 0.6964 0 0 0 0.0000 0.9100
6 123.3151 82.9203 3 4 2 0 0.0170 0 0 0 0.0000 0.9100
6 94.4599 89.8636 3 4 2 0 0.2807 0 0 0 0.0000 0.9100
6 73.3303 105.7902 1 1 2 1 0.2312 0 0 0 0.0000 0.9100
6 129.0227 91.0200 4 1 2 0 0.3076 0 0 0 0.0000 0.9100
6 70.8464 89.2329 1 4 2 0 0.0663 0 0 0 0.0000 0.9100
6 118.5892 107.7876 2 2 1 1 0.0747 0 0 0 0.0000 0.9100
6 125.0520 99.4714 4 2 1 0 0.2469 0 0 0 0.0000 0.9100
6 56.5795 97.8917 1 2 2 0 0.2275 1 0 0 0.0000 0.9100
6 77.0563 105.1720 1 4 2 0 0.2571 0 0 0 0.0000 0.9100
6 113.0652 114.0933 2 1 3 0 0.2706 0 0 0 0.0000 0.9100
6 69.8536 99.2167 1 2 2 0 0.1882 1 0 0 0.0000 0.9100
6 112.8350 144.2134 2 3 1 0 0.7599 0 0 0 0.0000 0.9100
6 57.9441 87.1006 1 2 3 0 0.5613 0 0 0 0.0000 0.9100
6 91.9586 81.3687 3 1 1 0 0.1181 1 0 0 0.0000 0.9100
6 94.5967 82.4114 3 1 1 0 0.6394 1 0 0 0.0000 0.9100
6 108.8790 128.9527 2 3 3 0 0.6459 1 0 0 0.0000 0.9100
6 121.2142 99.1859 4 1 1 0 0.8609 1 0 0 0.0000 0.9100
6 71.3646 100.4742 1 1 4 1 0.5371 0 0 0 0.0000 0.9100
6 100.2872 72.8516 3 3 4 1 0.5893 0 0 0 0.0000 0.9100
6 95.9689 62.9362 3 1 1 0 0.5944 1 0 0 0.0000 0.9100
6 111.2919 71.9448 3 1 2 0 0.6152 0 0 0 0.0000 0.9100
6 79.8331 109.3147 1 2 1 0 0.8611 0 0 0 0.0000 0.9100
6 107.4892 144.6437 2 3 2 0 1.0976 0 0 0 0.0000 0.9100
6 120.2761 123.7163 2 2 2 1 0.3171 1 0 0 0.0000 0.9100
6 90.9880 115.6455 2 1 4 0 0.8291 0 0 0 0.0000 0.9100
7 138.7935 110.5281 4 4 0 1 1.9140 1 1 0 0.0000 0.9100
7 89.2050 134.1374 2 3 0 0 0.9816 0 1 0 0.0000 0.9100
7 82.0931 84.7054 1 3 0 0 0.4705 0 1 0 0.0000 0.9100
7 96.6394 63.9314 3 3 0 1 0.1688 1 1 0 0.0000 0.9100
7 101.8316 65.4209 3 3 0 1 0.5166 1 1 0 0.0000 0.9100
7 104.0930 67.8945 3 3 0 1 0.5201 1 1 0 0.0000 0.9100
7 78.1565 106.1586 1 2 0 0 1.9631 0 1 0 0.0000 0.9100
7 62.8468 102.1042 1 1 0 1 0.4040 1 1 0 0.0000 0.9100
7 94.9339 58.1167 3 3 0 1 1.0604 1 1 0 0.0000 0.9100
7 111.4199 105.7905 4 2 0 0 2.4215 0 1 0 0.0000 0.9100
7 68.4902 100.3769 1 1 0 1 0.6657 1 1 0 0.0000 0.9100
7 73.9319 114.8849 1 1 0 1 1.7455 1 1 0 0.0000 0.9100
7 98.0288 118.9963 2 3 0 0 0.9326 0 1 0 0.0000 0.9100
7 110.6129 128.7154 2 3 0 0 1.1549 0 1 0 0.0000 0.9100
7 101.6947 71.4132 3 2 0 0 0.2006 0 1 0 0.0000 0.9100
7 103.4926 123.8252 2 2 0 1 0.9185 1 1 0 0.0000 0.9100
7 75.2236 88.3775 1 3 0 0 1.5565 0 1 0 0.0000 0.9100
7 82.4519 94.3090 1 3 0 0 0.8837 0 1 0 0.0000 0.9100
7 98.2451 120.4918 2 3 0 0 0.7377 0 1 0 0.0000 0.9100
7 107.3234 140.2796 2 2 0 1 0.9613 1 1 0 0.0000 0.9100
7 82.9756 154.2510 2 2 0 1 0.6884 1 1 0 0.0000 0.9100
7 129.2816 110.8507 4 4 0 1 0.7439 1 1 0 0.0000 0.9100
7 69.9645 86.5683 1 1 0 1 1.3616 1 1 0 0.0000 0.9100
7 93.6008 125.3017 2 2 0 1 3.0185 1 1 0 0.0000 0.9100
7 54.5403 100.5869 1 1 0 1 0.6063 1 1 0 0.0000 0.9100
7 110.8904 77.7991 3 3 0 1 2.0038 1 1 0 0.0000 0.9100
7 83.8468 132.1807 2 2 0 1 0.7975 1 1 0 0.0000 0.9100
7 132.5168 79.3665 4 4 0 1 0.4406 1 1 0 0.0000 0.9100
7 125.0165 87.0374 4 4 0 1 0.5870 1 1 0 0.0000 0.9100
7 133.3195 99.7161 4 4 0 1 0.4491 1 1 0 0.0000 0.9100
7 136.6421 100.5962 4 4 0 1 0.4030 1 1 0 0.0000 0.9100
7 109.0777 102.4331 4 3 0 0 5.2507 0 1 0 0.0000 0.9100
7 104.8713 112.1152 2 2 0 1 1.0566 1 1 0 0.0000 0.9100
7 90.9210 64.4163 3 3 0 1 1.7935 1 1 0 0.0000 0.9100
7 123.1581 86.3214 3 3 0 1 0.6944 1 1 0 0.0000 0.9100
7 122.3346 91.6734 4 3 0 0 1.2313 0 1 0 0.0000 0.9100
7 67.0555 109.5032 1 1 0 1 0.5972 1 1 0 0.0000 0.9100
7 90.9566 126.3451 2 2 0 1 0.7164 1 1 0 0.0000 0.9100
7 119.8556 94.2118 4 3 0 0 0.9017 0 1 0 0.0000 0.9100
7 93.3553 104.9840 1 3 0 0 0.7554 0 1 0 0.0000 0.9100
7 78.4511 105.1860 1 2 0 0 2.0613 0 1 0 0.0000 0.9100
7 95.8101 77.8261 3 3 0 1 0.8403 1 1 0 0.0000 0.9100
7 82.9178 60.6965 3 3 0 1 0.6287 1 1 0 0.0000 0.9100
7 106.5160 71.4494 3 3 0 1 0.5701 1 1 0 0.0000 0.9100
7 62.6681 107.7355 1 1 0 1 1.2785 1 1 0 0.0000 0.9100
7 68.0811 97.2900 1 1 0 1 0.7417 1 1 0 0.0000 0.9100
7 103.5760 77.8437 3 3 0 1 1.0241 1 1 0 0.0000 0.9100
7 71.6742 104.6640 1 3 0 0 0.4966 0 1 0 0.0000 0.9100
7 88.9518 121.9229 2 2 0 1 0.3404 1 1 0 0.0000 0.9100
7 60.9801 93.5680 1 3 0 0 0.7228 0 1 0 0.0000 0.9100
7 75.8619 108.5506 1 3 0 0 0.8119 0 1 0 0.0000 0.9100
7 108.4486 68.6553 3 3 0 1 0.6152 1 1 0 0.0000 0.9100
7 118.3336 94.6428 4 3 0 0 0.6046 0 1 0 0.0000 0.9100
7 56.6860 103.5982 1 1 0 1 0.6735 1 1 0 0.0000 0.9100
7 80.5136 110.9438 1 2 0 0 1.4970 0 1 0 0.0000 0.9100
7 107.7596 101.6084 4 3 0 0 1.3491 0 1 0 0.0000 0.9100
7 99.2808 114.3206 2 3 0 0 1.1194 0 1 0 0.0000 0.9100
7 120.1177 97.7777 4 3 0 0 0.8991 0 1 0 0.0000 0.9100
7 81.7712 111.1103 1 1 0 1 1.8725 1 1 0 0.0000 0.9100
7 81.9811 122.2044 2 1 0 0 0.8548 0 1 0 0.0000 0.9100
7 154.9917 97.4097 4 4 0 1 0.8193 1 1 0 0.0000 0.9100
7 90.2632 82.8812 3 3 0 1 1.3748 1 1 0 0.0000 0.9100
7 98.0184 84.3762 3 3 0 1 0.5366 1 1 0 0.0000 0.9100
7 67.7185 92.3521 1 1 0 1 0.5728 1 1 0 0.0000 0.9100
7 76.2416 107.6445 1 1 0 1 0.8980 1 1 0 0.0000 0.9100
7 137.3987 90.8951 4 4 0 1 0.6408 1 1 0 0.0000 0.9100
7 92.9046 122.1020 2 2 0 1 1.1291 1 1 0 0.0000 0.9100
7 98.8722 73.9907 3 3 0 1 0.8612 1 1 0 0.0000 0.9100
7 103.2879 70.9612 3 3 0 1 1.0672 1 1 0 0.0000 0.9100
7 105.4727 122.0417 2 2 0 1 1.0535 1 1 0 0.0000 0.9100
7 147.2658 83.1370 4 4 0 1 0.7363 1 1 0 0.0000 0.9100
7 110.0655 62.6440 3 3 0 1 1.3062 1 1 0 0.0000 0.9100
7 99.1364 69.9712 3 3 0 1 0.6105 1 1 0 0.0000 0.9100
7 86.9869 137.7303 2 2 0 1 0.5530 1 1 0 0.0000 0.9100
7 107.9754 122.2757 2 3 0 0 0.8141 0 1 0 0.0000 0.9100
7 94.7207 105.7847 2 3 0 0 0.9689 0 1 0 0.0000 0.9100
7 77.9959 133.3717 2 2 0 1 0.7441 1 1 0 0.0000 0.9100
7 74.2789 93.9803 1 3 0 0 0.8981 0 1 0 0.0000 0.9100
7 100.4068 124.7725 2 2 0 1 0.8479 1 1 0 0.0000 0.9100
7 118.4548 107.2515 4 2 0 0 0.4748 0 1 0 0.0000 0.9100
7 136.5479 103.7805 4 3 0 0 0.5408 0 1 0 0.0000 0.9100
7 134.8970 112.8241 4 4 0 1 0.4334 1 1 0 0.0000 0.9100
7 52.2791 89.7587 1 1 0 1 0.4988 1 1 0 0.0000 0.9100
7 75.6848 119.7178 1 2 0 0 4.0214 0 1 0 0.0000 0.9100
7 105.5005 79.1120 3 3 0 1 1.3311 1 1 0 0.0000 0.9100
7 124.2482 90.8835 4 4 0 1 0.7647 1 1 0 0.0000 0.9100
7 117.8498 104.5631 4 4 0 1 0.9350 1 1 0 0.0000 0.9100
7 105.3632 117.7025 2 4 0 0 0.5348 0 1 0 0.0000 0.9100
7 95.4788 69.3943 3 3 0 1 1.1797 1 1 0 0.0000 0.9100
7 104.6776 56.5007 3 3 0 1 0.7048 1 1 0 0.0000 0.9100
7 95.0387 77.2566 3 3 0 1 0.8561 1 1 0 0.0000 0.9100
7 104.8673 128.2429 2 2 0 1 0.4391 1 1 0 0.0000 0.9100
7 109.4130 86.6045 3 3 0 1 0.6936 1 1 0 0.0000 0.9100
7 121.1033 94.5771 4 2 0 0 0.9095 0 1 0 0.0000 0.9100
7 107.5018 121.6098 2 2 0 1 0.6201 1 1 0 0.0000 0.9100
7 134.4524 99.3927 4 2 0 0 0.9308 0 1 0 0.0000 0.9100
7 122.5304 84.5825 4 4 0 1 0.5603 1 1 0 0.0000 0.9100
7 84.2333 137.9453 2 2 0 1 2.1330 1 1 0 0.0000 0.9100
7 105.6702 73.1600 3 3 0 1 0.6903 1 1 0 0.0000 0.9100
7 138.1050 78.6352 4 3 0 0 0.7304 0 1 0 0.0000 0.9100
8 107.9136 64.3814 3 2 0 0 1.0661 0 1 0 0.0000 0.9100
8 64.4410 99.6203 1 1 0 1 0.7668 1 1 0 0.0000 0.9100
8 109.9944 128.7132 2 2 0 1 1.3853 1 1 0 0.0000 0.9100
8 79.9510 141.1002 2 1 0 0 1.0763 0 1 0 0.0000 0.9100
8 55.6794 110.5232 1 1 0 1 0.3744 1 1 0 0.0000 0.9100
8 116.4688 89.7162 4 3 0 0 0.7747 0 1 0 0.0000 0.9100
8 102.2557 91.8934 3 3 0 1 0.8496 1 1 0 0.0000 0.9100
8 86.6962 51.7089 3 3 0 1 0.7494 1 1 0 0.0000 0.9100
8 98.0313 85.9155 3 3 0 1 0.7111 1 1 0 0.0000 0.9100
8 87.3135 64.0285 3 3 0 1 0.6863 1 1 0 0.0000 0.9100
8 121.8793 109.9178 4 4 0 1 0.5818 1 1 0 0.0000 0.9100
8 89.4633 121.3259 2 2 0 1 1.1482 1 1 0 0.0000 0.9100
8 71.7453 107.3721 1 1 0 1 0.6561 1 1 0 0.0000 0.9100
8 129.3278 121.8224 4 4 0 1 0.8882 1 1 0 0.0000 0.9100
8 88.8389 138.9016 2 2 0 1 3.3483 1 1 0 0.0000 0.9100
8 79.5867 92.3888 1 3 0 0 0.6097 0 1 0 0.0000 0.9100
8 136.6643 105.0332 4 4 0 1 0.5836 1 1 0 0.0000 0.9100
8 132.9668 97.6630 4 4 0 1 0.5897 1 1 0 0.0000 0.9100
8 87.6377 87.8999 1 3 0 0 0.8357 0 1 0 0.0000 0.9100
8 93.2724 118.2552 2 3 0 0 0.8320 0 1 0 0.0000 0.9100
8 70.9591 107.6042 1 1 0 1 0.9719 1 1 0 0.0000 0.9100
8 89.6134 63.6083 3 3 0 1 2.0919 1 1 0 0.0000 0.9100
8 133.6930 86.1741 4 4 0 1 0.5834 1 1 0 0.0000 0.9100
8 104.5617 56.6949 3 3 0 1 4.1249 1 1 0 0.0000 0.9100
8 87.6885 64.6841 3 3 0 1 0.7818 1 1 0 0.0000 0.9100
8 94.9933 68.5995 3 3 0 1 0.5681 1 1 0 0.0000 0.9100
8 93.1776 65.4764 3 3 0 1 0.4450 1 1 0 0.0000 0.9100
8 77.5743 106.8028 1 2 0 0 0.6393 0 1 0 0.0000 0.9100
8 90.7604 118.0055 2 2 0 1 1.0620 1 1 0 0.0000 0.9100
8 136.1951 109.8769 4 4 0 1 0.6794 1 1 0 0.0000 0.9100
8 143.4742 104.9102 4 4 0 1 0.5764 1 1 0 0.0000 0.9100
8 126.2479 93.8255 4 4 0 1 0.4229 1 1 0 0.0000 0.9100
8 63.4817 91.5669 1 1 0 1 0.6488 1 1 0 0.0000 0.9100
8 123.5472 93.8877 4 4 0 1 2.0483 1 1 0 0.0000 0.9100
8 131.9209 123.1288 4 2 0 0 1.1961 0 1 0 0.0000 0.9100
8 138.1587 109.2010 4 4 0 1 0.4967 1 1 0 0.0000 0.9100
8 84.6675 102.7472 1 3 0 0 1.4762 0 1 0 0.0000 0.9100
8 103.7936 74.4077 3 3 0 1 1.0247 1 1 0 0.0000 0.9100
8 122.1670 87.2851 4 3 0 0 0.7219 0 1 0 0.0000 0.9100
8 135.4754 103.0953 4 4 0 1 0.5542 1 1 0 0.0000 0.9100
8 120.9845 109.6560 4 3 0 0 2.0154 0 1 0 0.0000 0.9100
8 95.9898 78.3730 3 3 0 1 0.9691 1 1 0 0.0000 0.9100
8 71.1015 89.3096 1 1 0 1 0.7437 1 1 0 0.0000 0.9100
8 99.7772 123.8030 2 2 0 1 0.8026 1 1 0 0.0000 0.9100
8 137.0804 110.1187 4 4 0 1 0.6712 1 1 0 0.0000 0.9100
8 105.6745 113.8609 2 2 0 1 1.4316 1 1 0 0.0000 0.9100
8 102.6554 124.9706 2 2 0 1 0.6604 1 1 0 0.0000 0.9100
8 104.9014 118.6219 2 4 0 0 1.6913 0 1 0 0.0000 0.9100
8 106.0402 131.1355 2 2 0 1 1.2451 1 1 0 0.0000 0.9100
8 98.6420 67.0848 3 3 0 1 0.7891 1 1 0 0.0000 0.9100
8 108.3587 74.9542 3 3 0 1 0.8144 1 1 0 0.0000 0.9100
8 108.6715 117.6680 2 3 0 0 1.1778 0 1 0 0.0000 0.9100
8 103.6137 74.1008 3 3 0 1 2.1744 1 1 0 0.0000 0.9100
8 106.8346 93.8795 4 3 0 0 0.5892 0 1 0 0.0000 0.9100
8 94.1701 78.6328 3 3 0 1 0.7709 1 1 0 0.0000 0.9100
8 101.9112 68.7101 3 3 0 1 0.4774 1 1 0 0.0000 0.9100
8 104.3017 71.1701 3 3 0 1 0.4478 1 1 0 0.0000 0.9100
8 65.8822 90.4625 1 1 0 1 0.5777 1 1 0 0.0000 0.9100
8 72.5890 103.3064 1 1 0 1 0.6154 1 1 0 0.0000 0.9100
8 119.7651 117.6533 2 4 0 0 1.3096 0 1 0 0.0000 0.9100
8 83.0973 99.6898 1 1 0 1 0.5974 1 1 0 0.0000 0.9100
8 79.1953 108.8968 1 1 0 1 0.5080 1 1 0 0.0000 0.9100
8 97.4285 121.9249 2 1 0 0 0.5596 0 1 0 0.0000 0.9100
8 113.3941 91.5610 4 3 0 0 0.7076 0 1 0 0.0000 0.9100
8 71.1468 98.6645 1 1 0 1 0.9403 1 1 0 0.0000 0.9100
8 101.5083 136.7463 2 2 0 1 1.0672 1 1 0 0.0000 0.9100
8 102.5889 83.5736 3 3 0 1 0.7495 1 1 0 0.0000 0.9100
8 95.5324 124.7046 2 3 0 0 0.7431 0 1 0 0.0000 0.9100
8 119.9412 80.9812 3 3 0 1 0.7198 1 1 0 0.0000 0.9100
8 97.0720 123.3270 2 2 0 1 0.7749 1 1 0 0.0000 0.9100
8 79.8961 81.1035 3 3 0 1 1.2015 1 1 0 0.0000 0.9100
8 71.0679 87.6457 1 1 0 1 1.1734 1 1 0 0.0000 0.9100
8 90.7955 75.5635 3 3 0 1 1.5780 1 1 0 0.0000 0.9100
8 100.4535 75.4099 3 3 0 1 0.5048 1 1 0 0.0000 0.9100
8 128.3816 97.9748 4 4 0 1 0.7640 1 1 0 0.0000 0.9100
8 129.6642 100.7962 4 4 0 1 0.7907 1 1 0 0.0000 0.9100
8 90.4349 136.3736 2 1 0 0 0.8171 0 1 0 0.0000 0.9100
8 80.1687 102.4136 1 1 0 1 0.8453 1 1 0 0.0000 0.9100
8 95.0873 138.8186 2 2 0 1 1.2735 1 1 0 0.0000 0.9100
8 70.5587 113.6624 1 1 0 1 0.6565 1 1 0 0.0000 0.9100
8 98.5304 129.2492 2 2 0 1 1.3038 1 1 0 0.0000 0.9100
8 92.9462 88.1557 3 3 0 1 2.7990 1 1 0 0.0000 0.9100
8 107.7094 136.7320 2 2 0 1 0.5570 1 1 0 0.0000 0.9100
8 64.4745 77.5333 1 1 0 1 0.6416 1 1 0 0.0000 0.9100
8 91.6651 129.7944 2 3 0 0 1.0797 0 1 0 0.0000 0.9100
8 69.1136 108.5233 1 1 0 1 0.6339 1 1 0 0.0000 0.9100
8 63.6886 99.3253 1 1 0 1 0.6397 1 1 0 0.0000 0.9100
8 103.0292 121.9929 2 2 0 1 1.4469 1 1 0 0.0000 0.9100
8 116.9842 121.0366 4 4 0 1 1.3456 1 1 0 0.0000 0.9100
8 74.1213 97.4802 1 1 0 1 0.6834 1 1 0 0.0000 0.9100
8 103.3468 81.9164 3 3 0 1 1.1076 1 1 0 0.0000 0.9100
8 76.3090 94.5660 1 1 0 1 2.1189 1 1 0 0.0000 0.9100
8 61.8078 120.1106 1 1 0 1 0.6115 1 1 0 0.0000 0.9100
8 87.1385 149.7429 2 2 0 1 1.4634 1 1 0 0.0000 0.9100
8 126.7152 117.4950 4 4 0 1 0.6742 1 1 0 0.0000 0.9100
8 113.7347 110.0741 4 4 0 1 1.0983 1 1 0 0.0000 0.9100
8 116.7106 100.2723 4 4 0 1 0.6210 1 1 0 0.0000 0.9100
8 99.5317 110.2907 2 3 0 0 1.6349 0 1 0 0.0000 0.9100
8 112.4084 118.7632 4 4 0 1 1.0273 1 1 0 0.0000 0.9100
8 76.5329 94.4930 1 3 0 0 1.9562 0 1 0 0.0000 0.9100
9 114.0655 154.3119 2 2 0 1 2.4898 1 1 0 0.0000 0.9100
9 113.0986 110.6975 2 3 0 0 1.2163 0 1 0 0.0000 0.9100
9 112.0955 90.0869 4 1 0 0 0.0373 0 1 0 0.0000 0.9100
9 86.3858 114.7453 1 3 0 0 0.1116 0 1 0 0.0000 0.9100
9 87.5448 133.7851 2 3 0 0 1.9138 0 1 0 0.0000 0.9100
9 132.9935 87.5063 4 2 0 0 0.4502 0 1 0 0.0000 0.9100
9 81.4458 97.6135 1 1 0 1 1.5726 1 1 0 0.0000 0.9100
9 90.9195 50.3999 3 1 0 0 0.3886 0 1 0 0.0000 0.9100
9 138.9077 109.0262 4 3 0 0 0.6470 0 1 0 0.0000 0.9100
9 66.9476 106.2204 1 4 0 0 0.2069 0 1 0 0.0000 0.9100
9 87.4036 103.1563 1 1 0 1 1.3244 1 1 0 0.0000 0.9100
9 136.2692 109.1555 4 1 0 0 0.3589 0 1 0 0.0000 0.9100
9 101.5459 83.4905 3 1 0 0 0.4709 0 1 0 0.0000 0.9100
9 102.7899 116.4195 2 4 0 0 0.2657 0 1 0 0.0000 0.9100
9 86.8404 95.0285 3 2 0 0 0.0573 0 1 0 0.0000 0.9100
9 116.7455 95.2483 4 2 0 0 0.3764 0 1 0 0.0000 0.9100
9 131.9336 115.7457 4 4 0 1 1.3383 1 1 0 0.0000 0.9100
9 96.4990 80.8376 3 1 0 0 0.5635 0 1 0 0.0000 0.9100
9 98.4089 50.5345 3 4 0 0 2.5546 0 1 0 0.0000 0.9100
9 114.8966 101.9000 4 4 0 1 0.3255 1 1 0 0.0000 0.9100
9 103.6479 80.3249 3 2 0 0 0.2183 0 1 0 0.0000 0.9100
9 64.1784 95.8536 1 1 0 1 0.6639 1 1 0 0.0000 0.9100
9 123.6157 140.5805 2 1 0 0 0.2094 0 1 0 0.0000 0.9100
9 131.4001 98.8049 4 1 0 0 0.5271 0 1 0 0.0000 0.9100
9 96.5532 70.7419 3 3 0 1 0.7586 1 1 0 0.0000 0.9100
9 111.1747 126.9010 2 2 0 1 0.5448 1 1 0 0.0000 0.9100
9 132.7261 92.5790 4 4 0 1 0.7105 1 1 0 0.0000 0.9100
9 56.4131 94.2644 1 1 0 1 0.4461 1 1 0 0.0000 0.9100
9 114.1970 77.1463 3 4 0 0 0.8650 0 1 0 0.0000 0.9100
9 72.9761 91.8513 1 2 0 0 0.5581 0 1 0 0.0000 0.9100
9 111.5165 115.1448 2 3 0 0 1.2354 0 1 0 0.0000 0.9100
9 80.1447 103.8121 1 3 0 0 0.7614 0 1 0 0.0000 0.9100
9 106.7931 73.1952 3 3 0 1 0.5789 1 1 0 0.0000 0.9100
9 90.7274 115.0446 2 3 0 0 0.5200 0 1 0 0.0000 0.9100
9 94.5523 61.3336 3 3 0 1 1.1003 1 1 0 0.0000 0.9100
9 137.7972 100.4247 4 4 0 1 0.5906 1 1 0 0.0000 0.9100
9 96.0948 76.7071 3 3 0 1 0.9943 1 1 0 0.0000 0.9100
9 63.8999 101.5863 1 1 0 1 0.6101 1 1 0 0.0000 0.9100
9 123.5941 102.7619 4 4 0 1 0.5682 1 1 0 0.0000 0.9100
9 77.0428 103.0216 1 1 0 1 0.4933 1 1 0 0.0000 0.9100
9 104.3078 130.6184 2 4 0 0 0.3848 0 1 0 0.0000 0.9100
9 101.1555 128.3788 2 3 0 0 1.1373 0 1 0 0.0000 0.9100
9 67.6983 96.7664 1 4 0 0 0.5005 0 1 0 0.0000 0.9100
9 135.2789 131.4748 4 4 0 1 0.4392 1 1 0 0.0000 0.9100
9 97.0638 60.2841 3 3 0 1 0.7124 1 1 0 0.0000 0.9100
9 67.4598 105.3197 1 1 0 1 0.4653 1 1 0 0.0000 0.9100
9 98.5767 125.9519 2 3 0 0 0.8684 0 1 0 0.0000 0.9100
9 61.1240 86.3064 1 1 0 1 0.5928 1 1 0 0.0000 0.9100
9 124.0902 118.9130 4 4 0 1 0.5518 1 1 0 0.0000 0.9100
9 101.4667 116.3394 2 2 0 1 1.4032 1 1 0 0.0000 0.9100
