1 105.4858 142.3728 2 2 0 1 2.9989 1 1 0 0.0000 0.0000
1 88.4604 132.3513 2 2 0 1 1.2459 1 1 0 0.0000 0.0000
1 92.9462 88.1557 3 2 0 0 0.9652 0 1 0 0.0000 0.0000
1 94.1668 86.3556 3 2 0 0 0.4372 0 1 0 0.0000 0.0000
1 98.4089 50.5345 3 2 0 0 0.5513 0 1 0 0.0000 0.0000
1 100.2263 73.7651 3 1 0 0 0.5423 0 1 0 0.0000 0.0000
1 123.1581 86.3214 3 3 0 1 0.4195 1 1 0 0.0000 0.0000
1 116.8181 91.3350 3 3 0 1 0.5664 1 1 0 0.0000 0.0000
1 105.6745 113.8609 2 3 0 0 1.9165 0 1 0 0.0000 0.0000
1 103.8987 52.9844 3 3 0 1 2.0685 1 1 0 0.0000 0.0000
1 92.5923 132.0602 2 4 0 0 2.6108 0 1 0 0.0000 0.0000
1 68.9197 110.3770 1 2 0 0 0.6194 0 1 0 0.0000 0.0000
1 104.9014 118.6219 2 3 0 0 1.4105 0 1 0 0.0000 0.0000
1 135.1553 91.0800 4 3 0 0 0.7497 0 1 0 0.0000 0.0000
1 136.1853 96.6623 4 1 0 0 0.9202 0 1 0 0.0000 0.0000
1 54.7262 102.9481 1 2 0 0 0.4401 0 1 0 0.0000 0.0000
1 96.8514 93.5220 1 3 0 0 0.5540 0 1 0 0.0000 0.0000
1 125.4167 88.3572 4 4 0 1 0.7680 1 1 0 0.0000 0.0000
1 58.3788 84.3613 1 3 0 0 0.9411 0 1 0 0.0000 0.0000
1 110.0177 129.0274 2 1 0 0 0.5883 0 1 0 0.0000 0.0000
1 98.4903 82.6266 3 1 0 0 0.8835 0 1 0 0.0000 0.0000
1 129.6642 100.7962 4 4 0 1 0.7531 1 1 0 0.0000 0.0000
1 78.5336 135.8575 2 1 0 0 0.8931 0 1 0 0.0000 0.0000
1 132.7079 98.4518 4 4 0 1 0.5883 1 1 0 0.0000 0.0000
1 106.2040 62.1277 3 3 0 1 0.5151 1 1 0 0.0000 0.0000
1 73.5563 72.2028 3 2 0 0 0.7914 0 1 0 0.0000 0.0000
1 104.7584 57.8152 3 1 0 0 0.4671 0 1 0 0.0000 0.0000
1 65.5803 106.6743 1 2 0 0 0.6626 0 1 0 0.0000 0.0000
1 69.6821 91.3549 1 1 0 1 0.6701 1 1 0 0.0000 0.0000
1 94.2845 48.6109 3 2 0 0 0.5341 0 1 0 0.0000 0.0000
1 96.4548 124.9745 2 1 0 0 0.7780 0 1 0 0.0000 0.0000
1 81.1348 85.8898 1 3 0 0 1.0452 0 1 0 0.0000 0.0000
1 69.6587 95.3935 1 2 0 0 0.4708 0 1 0 0.0000 0.0000
1 90.4349 136.3736 2 1 0 0 0.8420 0 1 0 0.0000 0.0000
1 116.0171 54.0204 3 3 0 1 0.7115 1 1 0 0.0000 0.0000
1 145.5079 105.0925 4 4 0 1 0.5647 1 1 0 0.0000 0.0000
1 121.2142 99.1859 4 4 0 1 0.8264 1 1 0 0.0000 0.0000
1 66.8812 103.1281 1 1 0 1 1.2378 1 1 0 0.0000 0.0000
1 80.1687 102.4136 1 2 0 0 0.4927 0 1 0 0.0000 0.0000
1 114.8966 101.9000 4 4 0 1 0.8006 1 1 0 0.0000 0.0000
1 63.0102 111.5537 1 1 0 1 0.7170 1 1 0 0.0000 0.0000
1 91.8763 91.1651 1 3 0 0 0.7265 0 1 0 0.0000 0.0000
1 138.1587 109.2010 4 4 0 1 0.6578 1 1 0 0.0000 0.0000
1 80.0327 125.0308 2 2 0 1 0.8261 1 1 0 0.0000 0.0000
1 52.2791 89.7587 1 1 0 1 0.3754 1 1 0 0.0000 0.0000
1 127.2725 101.2891 4 4 0 1 0.5837 1 1 0 0.0000 0.0000
1 80.0384 101.4079 1 1 0 1 0.7976 1 1 0 0.0000 0.0000
1 109.2990 94.7243 4 4 0 1 0.6968 1 1 0 0.0000 0.0000
1 84.9633 129.4892 2 1 0 0 1.0573 0 1 0 0.0000 0.0000
1 90.7604 118.0055 2 2 0 1 0.8824 1 1 0 0.0000 0.0000
1 94.3484 71.3368 3 3 0 1 1.0244 1 1 0 0.0000 0.0000
1 65.7857 99.0509 1 1 0 1 0.9459 1 1 0 0.0000 0.0000
1 65.2252 109.4380 1 1 0 1 0.7387 1 1 0 0.0000 0.0000
1 101.9040 83.9635 3 4 0 0 0.7167 0 1 0 0.0000 0.0000
1 71.0004 111.1560 1 3 0 0 1.2863 0 1 0 0.0000 0.0000
1 129.4118 107.4261 4 4 0 1 0.5587 1 1 0 0.0000 0.0000
1 93.3562 125.6489 2 1 0 0 0.8682 0 1 0 0.0000 0.0000
1 118.1874 104.7384 4 4 0 1 0.7386 1 1 0 0.0000 0.0000
1 105.9622 87.7261 3 2 0 0 0.5249 0 1 0 0.0000 0.0000
1 104.2406 138.9003 2 4 0 0 0.3696 0 1 0 0.0000 0.0000
1 104.8713 112.1152 2 3 0 0 0.4670 0 1 0 0.0000 0.0000
1 107.7596 101.6084 4 2 0 0 1.0309 0 1 0 0.0000 0.0000
1 124.0902 118.9130 4 4 0 1 0.5368 1 1 0 0.0000 0.0000
1 88.1573 69.8247 3 2 0 0 1.1820 0 1 0 0.0000 0.0000
1 77.0563 105.1720 1 2 0 0 4.1778 0 1 0 0.0000 0.0000
1 99.8741 116.0471 2 3 0 0 1.2044 0 1 0 0.0000 0.0000
1 100.5722 59.0357 3 3 0 1 0.7146 1 1 0 0.0000 0.0000
1 99.2808 114.3206 2 1 0 0 1.1403 0 1 0 0.0000 0.0000
1 124.2482 90.8835 4 4 0 1 0.4730 1 1 0 0.0000 0.0000
1 88.6969 141.3633 2 3 0 0 0.9727 0 1 0 0.0000 0.0000
1 61.1240 86.3064 1 1 0 1 0.7014 1 1 0 0.0000 0.0000
1 116.9842 121.0366 4 4 0 1 1.5097 1 1 0 0.0000 0.0000
1 97.0720 123.3270 2 2 0 1 2.1629 1 1 0 0.0000 0.0000
1 126.7152 117.4950 4 4 0 1 2.2580 1 1 0 0.0000 0.0000
1 95.8101 77.8261 3 3 0 1 0.9153 1 1 0 0.0000 0.0000
1 132.4728 91.2742 4 4 0 1 0.6104 1 1 0 0.0000 0.0000
1 103.4128 73.7752 3 3 0 1 0.8085 1 1 0 0.0000 0.0000
1 76.2416 107.6445 1 2 0 0 1.8755 0 1 0 0.0000 0.0000
1 81.6602 102.3989 1 1 0 1 1.1623 1 1 0 0.0000 0.0000
1 105.3467 81.1106 3 2 0 0 0.7672 0 1 0 0.0000 0.0000
1 102.1550 55.7520 3 3 0 1 2.4102 1 1 0 0.0000 0.0000
1 113.0291 96.0229 4 4 0 1 0.4483 1 1 0 0.0000 0.0000
1 116.2361 104.3239 4 4 0 1 1.5550 1 1 0 0.0000 0.0000
1 78.4511 105.1860 1 2 0 0 2.8173 0 1 0 0.0000 0.0000
1 109.1853 138.0732 2 4 0 0 1.5685 0 1 0 0.0000 0.0000
1 96.1414 112.7962 2 2 0 1 2.3369 1 1 0 0.0000 0.0000
1 90.7274 115.0446 2 2 0 1 0.9009 1 1 0 0.0000 0.0000
1 123.5472 93.8877 4 4 0 1 1.3636 1 1 0 0.0000 0.0000
1 102.5889 83.5736 3 2 0 0 0.7668 0 1 0 0.0000 0.0000
1 93.4160 96.6826 1 4 0 0 0.8420 0 1 0 0.0000 0.0000
1 88.8389 138.9016 2 2 0 1 1.2072 1 1 0 0.0000 0.0000
1 112.8350 144.2134 2 4 0 0 0.6215 0 1 0 0.0000 0.0000
1 122.5304 84.5825 4 4 0 1 1.6687 1 1 0 0.0000 0.0000
1 120.9845 109.6560 4 4 0 1 0.5667 1 1 0 0.0000 0.0000
1 97.6390 74.1439 3 4 0 0 1.9003 0 1 0 0.0000 0.0000
1 91.9709 124.1509 2 4 0 0 3.2209 0 1 0 0.0000 0.0000
1 109.0777 102.4331 4 2 0 0 2.9449 0 1 0 0.0000 0.0000
1 87.4933 102.6541 1 4 0 0 0.5949 0 1 0 0.0000 0.0000
1 90.2632 82.8812 3 2 0 0 0.6185 0 1 0 0.0000 0.0000
1 71.9726 116.2312 1 1 0 1 1.2013 1 1 0 0.0000 0.0000
2 104.3078 130.6184 2 4 0 0 9.5457 0 1 0 0.0000 0.0000
2 100.4483 55.0481 3 3 0 1 0.9476 1 1 0 0.0000 0.0000
2 111.8528 115.5680 2 2 0 1 1.0307 1 1 0 0.0000 0.0000
2 113.2000 100.1867 4 4 0 1 1.4490 1 1 0 0.0000 0.0000
2 100.9880 121.5908 2 4 0 0 1.0462 0 1 0 0.0000 0.0000
2 142.5256 91.5844 4 4 0 1 0.5206 1 1 0 0.0000 0.0000
2 115.6346 88.5311 3 2 0 0 0.5726 0 1 0 0.0000 0.0000
2 147.2658 83.1370 4 4 0 1 0.6106 1 1 0 0.0000 0.0000
2 127.7061 107.1893 4 4 0 1 0.6492 1 1 0 0.0000 0.0000
2 127.5829 95.3633 4 4 0 1 0.4650 1 1 0 0.0000 0.0000
2 98.0313 85.9155 3 4 0 0 0.5642 0 1 0 0.0000 0.0000
2 131.6035 100.0489 4 4 0 1 0.3617 1 1 0 0.0000 0.0000
2 110.8904 77.7991 3 2 0 0 0.5701 0 1 0 0.0000 0.0000
2 136.5479 103.7805 4 4 0 1 0.9117 1 1 0 0.0000 0.0000
2 140.8232 100.9438 4 4 0 1 0.6231 1 1 0 0.0000 0.0000
2 93.0298 127.9223 2 3 0 0 0.9345 0 1 0 0.0000 0.0000
2 66.6809 92.0205 1 1 0 1 0.7428 1 1 0 0.0000 0.0000
2 113.0652 114.0933 2 2 0 1 1.0576 1 1 0 0.0000 0.0000
2 107.5018 121.6098 2 2 0 1 0.6915 1 1 0 0.0000 0.0000
2 104.7658 137.1957 2 3 0 0 5.1965 0 1 0 0.0000 0.0000
2 116.8400 79.5157 3 3 0 1 0.9054 1 1 0 0.0000 0.0000
2 87.6377 87.8999 1 2 0 0 2.1761 0 1 0 0.0000 0.0000
2 117.0446 134.5159 2 4 0 0 0.8629 0 1 0 0.0000 0.0000
2 126.8054 79.3947 4 3 0 0 1.3914 0 1 0 0.0000 0.0000
2 101.5874 128.6738 2 1 0 0 1.9473 0 1 0 0.0000 0.0000
2 80.1447 103.8121 1 1 0 1 0.8040 1 1 0 0.0000 0.0000
2 75.9152 124.9741 1 1 0 1 0.5276 1 1 0 0.0000 0.0000
2 75.8624 81.3255 1 1 0 1 0.3884 1 1 0 0.0000 0.0000
2 77.3297 102.7611 1 1 0 1 0.5012 1 1 0 0.0000 0.0000
2 100.1930 132.4558 2 2 0 1 1.7854 1 1 0 0.0000 0.0000
2 132.7261 92.5790 4 4 0 1 0.5580 1 1 0 0.0000 0.0000
2 68.4902 100.3769 1 1 0 1 0.7403 1 1 0 0.0000 0.0000
2 94.4599 89.8636 3 4 0 0 3.7905 0 1 0 0.0000 0.0000
2 105.2905 110.1930 2 3 0 0 0.7274 0 1 0 0.0000 0.0000
2 121.3137 98.8788 4 4 0 1 3.6172 1 1 0 0.0000 0.0000
2 110.4730 86.6673 3 4 0 0 0.4705 0 1 0 0.0000 0.0000
2 99.2293 138.8234 2 4 0 0 2.6336 0 1 0 0.0000 0.0000
2 101.5544 85.0108 3 4 0 0 1.3813 0 1 0 0.0000 0.0000
2 146.6449 104.1139 4 4 0 1 0.7512 1 1 0 0.0000 0.0000
2 84.6467 111.4268 1 2 0 0 2.0252 0 1 0 0.0000 0.0000
2 89.3754 80.2530 3 3 0 1 3.8294 1 1 0 0.0000 0.0000
2 131.3731 96.3049 4 4 0 1 1.4395 1 1 0 0.0000 0.0000
2 56.7195 111.4643 1 1 0 1 0.6527 1 1 0 0.0000 0.0000
2 85.5099 78.3823 3 3 0 1 0.8055 1 1 0 0.0000 0.0000
2 111.7934 125.1150 2 4 0 0 0.9458 0 1 0 0.0000 0.0000
2 127.5453 108.7529 4 4 0 1 0.5614 1 1 0 0.0000 0.0000
2 100.1202 137.3844 2 2 0 1 0.8062 1 1 0 0.0000 0.0000
2 116.6820 143.1406 2 4 0 0 1.0733 0 1 0 0.0000 0.0000
2 62.8468 102.1042 1 1 0 1 0.6278 1 1 0 0.0000 0.0000
2 149.8503 85.6629 4 4 0 1 0.5393 1 1 0 0.0000 0.0000
2 94.3007 69.4132 3 3 0 1 0.8497 1 1 0 0.0000 0.0000
2 103.3426 114.0996 2 2 0 1 2.6068 1 1 0 0.0000 0.0000
2 64.6998 97.2169 1 1 0 1 0.6645 1 1 0 0.0000 0.0000
2 94.5770 65.3457 3 3 0 1 0.8325 1 1 0 0.0000 0.0000
2 105.9102 134.8433 2 4 0 0 0.4444 0 1 0 0.0000 0.0000
2 75.4131 94.6944 1 1 0 1 0.7359 1 1 0 0.0000 0.0000
2 110.7196 116.0871 2 2 0 1 2.0267 1 1 0 0.0000 0.0000
2 66.9838 90.4158 1 1 0 1 0.6287 1 1 0 0.0000 0.0000
2 101.3003 118.2468 2 2 0 1 1.0995 1 1 0 0.0000 0.0000
2 97.0638 60.2841 3 3 0 1 0.9099 1 1 0 0.0000 0.0000
2 63.2691 104.2814 1 1 0 1 1.8214 1 1 0 0.0000 0.0000
2 109.8450 73.7830 3 3 0 1 4.5456 1 1 0 0.0000 0.0000
2 95.5324 124.7046 2 4 0 0 0.8288 0 1 0 0.0000 0.0000
2 121.1033 94.5771 4 4 0 1 0.4089 1 1 0 0.0000 0.0000
2 135.8160 105.1594 4 4 0 1 0.5229 1 1 0 0.0000 0.0000
2 73.6090 100.0768 1 1 0 1 0.6405 1 1 0 0.0000 0.0000
2 126.1778 99.7698 4 4 0 1 0.5834 1 1 0 0.0000 0.0000
2 99.2885 68.1986 3 4 0 0 0.8630 0 1 0 0.0000 0.0000
2 133.6609 106.8919 4 4 0 1 0.7015 1 1 0 0.0000 0.0000
2 103.5026 142.9016 2 2 0 1 0.7904 1 1 0 0.0000 0.0000
2 86.8404 95.0285 3 3 0 1 0.5772 1 1 0 0.0000 0.0000
2 64.0133 119.6554 1 1 0 1 0.8875 1 1 0 0.0000 0.0000
2 63.4951 112.7103 1 1 0 1 0.5340 1 1 0 0.0000 0.0000
2 143.6517 112.9284 4 4 0 1 0.5866 1 1 0 0.0000 0.0000
2 91.9586 81.3687 3 3 0 1 1.3786 1 1 0 0.0000 0.0000
2 64.8654 97.4523 1 1 0 1 0.8927 1 1 0 0.0000 0.0000
2 100.2814 82.6420 3 3 0 1 1.0351 1 1 0 0.0000 0.0000
2 91.5616 71.1302 3 3 0 1 0.8772 1 1 0 0.0000 0.0000
2 122.0531 99.8556 4 4 0 1 0.6989 1 1 0 0.0000 0.0000
2 64.3651 104.8376 1 1 0 1 1.5089 1 1 0 0.0000 0.0000
2 83.6900 97.7592 1 2 0 0 4.7706 0 1 0 0.0000 0.0000
2 127.7091 94.5345 4 4 0 1 0.4840 1 1 0 0.0000 0.0000
2 104.7057 119.4283 2 2 0 1 1.1436 1 1 0 0.0000 0.0000
2 111.1157 67.1623 3 3 0 1 0.7467 1 1 0 0.0000 0.0000
2 129.2816 110.8507 4 4 0 1 0.7883 1 1 0 0.0000 0.0000
2 64.1784 95.8536 1 1 0 1 1.9190 1 1 0 0.0000 0.0000
2 82.0931 84.7054 1 3 0 0 0.8407 0 1 0 0.0000 0.0000
2 79.3883 101.9495 1 2 0 0 1.1578 0 1 0 0.0000 0.0000
2 78.0881 134.8433 2 3 0 0 1.0987 0 1 0 0.0000 0.0000
2 98.0211 135.4689 2 4 0 0 0.7010 0 1 0 0.0000 0.0000
2 77.5743 106.8028 1 2 0 0 1.7833 0 1 0 0.0000 0.0000
2 104.8418 64.5808 3 2 0 0 1.2765 0 1 0 0.0000 0.0000
2 104.7419 95.8541 4 2 0 0 1.3961 0 1 0 0.0000 0.0000
2 94.5967 82.4114 3 3 0 1 0.3349 1 1 0 0.0000 0.0000
2 101.4158 66.0176 3 3 0 1 0.7825 1 1 0 0.0000 0.0000
2 107.4919 124.2660 2 4 0 0 1.0012 0 1 0 0.0000 0.0000
2 106.5451 94.5860 4 2 0 0 0.6668 0 1 0 0.0000 0.0000
2 106.8019 73.1424 3 3 0 1 3.2343 1 1 0 0.0000 0.0000
2 96.4913 75.5477 3 3 0 1 0.4767 1 1 0 0.0000 0.0000
2 71.0679 87.6457 1 1 0 1 0.7687 1 1 0 0.0000 0.0000
3 97.5037 109.7229 2 3 0 0 2.7780 0 1 0 0.0000 0.0000
3 99.3557 122.9250 2 2 0 1 2.5181 1 1 0 0.0000 0.0000
3 95.9898 78.3730 3 3 0 1 0.7966 1 1 0 0.0000 0.0000
3 82.7853 71.5963 3 3 0 1 0.6154 1 1 0 0.0000 0.0000
3 102.2557 91.8934 3 3 0 1 0.8609 1 1 0 0.0000 0.0000
3 97.8579 128.1863 2 2 0 1 0.6017 1 1 0 0.0000 0.0000
3 88.7273 138.5179 2 2 0 1 0.7673 1 1 0 0.0000 0.0000
3 112.0955 90.0869 4 2 0 0 2.3452 0 1 0 0.0000 0.0000
3 111.8529 106.1376 4 2 0 0 0.5556 0 1 0 0.0000 0.0000
3 113.0986 110.6975 2 3 0 0 0.4480 0 1 0 0.0000 0.0000
3 107.7094 136.7320 2 2 0 1 1.4908 1 1 0 0.0000 0.0000
3 58.4333 101.9441 1 1 0 1 0.7516 1 1 0 0.0000 0.0000
3 76.4013 95.2955 1 1 0 1 3.1458 1 1 0 0.0000 0.0000
3 77.9282 100.4959 1 1 0 1 0.5139 1 1 0 0.0000 0.0000
3 97.3481 129.1895 2 2 0 1 1.6702 1 1 0 0.0000 0.0000
3 136.6758 89.3931 4 4 0 1 0.8241 1 1 0 0.0000 0.0000
3 64.8705 105.0281 1 1 0 1 0.6934 1 1 0 0.0000 0.0000
3 100.5643 73.9713 3 1 0 0 1.2141 0 1 0 0.0000 0.0000
3 107.4212 77.5781 3 3 0 1 2.8208 1 1 0 0.0000 0.0000
3 60.3511 114.3077 1 1 0 1 0.6773 1 1 0 0.0000 0.0000
3 121.4979 110.0468 4 4 0 1 0.6540 1 1 0 0.0000 0.0000
3 96.1417 70.8354 3 3 0 1 1.4145 1 1 0 0.0000 0.0000
3 124.6191 98.2480 4 4 0 1 0.7532 1 1 0 0.0000 0.0000
3 123.0373 92.7710 4 4 0 1 7.5784 1 1 0 0.0000 0.0000
3 72.1357 96.4958 1 1 0 1 1.2535 1 1 0 0.0000 0.0000
3 106.3317 61.3886 3 3 0 1 0.8935 1 1 0 0.0000 0.0000
3 109.4239 76.8451 3 2 0 0 1.6110 0 1 0 0.0000 0.0000
3 143.8585 102.7132 4 4 0 1 0.6170 1 1 0 0.0000 0.0000
3 93.6683 67.5234 3 3 0 1 0.7529 1 1 0 0.0000 0.0000
3 98.2771 121.0598 2 2 0 1 0.5717 1 1 0 0.0000 0.0000
3 111.3216 66.9400 3 3 0 1 2.8976 1 1 0 0.0000 0.0000
3 85.7585 122.9180 2 2 0 1 0.9305 1 1 0 0.0000 0.0000
3 117.5010 78.0190 3 2 0 0 1.8424 0 1 0 0.0000 0.0000
3 106.6803 75.3501 3 3 0 1 0.5860 1 1 0 0.0000 0.0000
3 136.6643 105.0332 4 4 0 1 0.6564 1 1 0 0.0000 0.0000
3 77.0428 103.0216 1 1 0 1 0.5043 1 1 0 0.0000 0.0000
3 114.0260 71.2138 3 3 0 1 0.5412 1 1 0 0.0000 0.0000
3 129.6425 91.9746 4 3 0 0 0.6095 0 1 0 0.0000 0.0000
3 78.1565 106.1586 1 1 0 1 0.8718 1 1 0 0.0000 0.0000
3 146.5705 88.5627 4 4 0 1 0.6775 1 1 0 0.0000 0.0000
3 80.0097 106.6956 1 1 0 1 0.7979 1 1 0 0.0000 0.0000
3 95.0387 77.2566 3 3 0 1 2.4093 1 1 0 0.0000 0.0000
3 70.9801 97.4984 1 1 0 1 1.1333 1 1 0 0.0000 0.0000
3 95.0812 129.7580 2 2 0 1 1.1229 1 1 0 0.0000 0.0000
3 94.4389 74.6188 3 3 0 1 0.5018 1 1 0 0.0000 0.0000
3 122.1670 87.2851 4 2 0 0 2.1211 0 1 0 0.0000 0.0000
3 90.3402 116.8999 1 2 0 0 2.4063 0 1 0 0.0000 0.0000
3 122.0819 84.6832 4 4 0 1 0.6513 1 1 0 0.0000 0.0000
3 79.8331 109.3147 1 1 0 1 0.8668 1 1 0 0.0000 0.0000
3 108.4486 68.6553 3 3 0 1 12.1356 1 1 1 2.6495 1.0000
3 92.6224 121.3498 2 2 0 1 4.8472 1 1 1 4.1978 1.0000
3 108.8706 89.0201 4 4 0 1 2.9130 1 1 1 4.5491 1.0000
3 88.6888 98.2993 1 2 0 0 4.2474 0 1 1 2.0461 1.0000
3 102.9168 122.0853 2 4 0 0 6.2727 0 1 1 2.3168 1.0000
3 126.2764 83.8192 4 4 0 1 2.3416 1 1 1 1.7896 1.0000
3 124.8673 94.9131 4 4 0 1 2.1535 1 1 1 3.1791 1.0000
3 138.9301 102.8864 4 4 0 1 1.4348 1 1 1 1.4826 1.0000
3 140.9303 83.2723 4 4 0 1 1.6315 1 1 1 1.3630 1.0000
3 74.2690 85.7949 1 3 0 0 3.0127 0 1 1 1.8358 1.0000
3 100.4535 75.4099 3 3 0 1 3.0981 1 1 1 1.6208 1.0000
3 110.5923 67.3542 3 4 0 0 3.2607 0 1 1 3.5947 1.0000
3 95.9106 133.0822 2 2 0 1 3.9743 1 1 1 1.5747 1.0000
3 84.2333 137.9453 2 2 0 1 4.5738 1 1 1 1.6785 1.0000
3 124.1812 129.4869 4 4 0 1 1.7850 1 1 1 1.3933 1.0000
3 51.4384 108.5347 1 1 0 1 2.1637 1 1 1 3.1260 1.0000
3 102.5619 50.8807 3 3 0 1 3.0617 1 1 1 1.1192 1.0000
3 89.8963 132.1882 2 2 0 1 5.4506 1 1 1 1.4247 1.0000
3 75.9614 119.5233 1 1 0 1 2.3395 1 1 1 1.5451 1.0000
3 86.3858 114.7453 1 2 0 0 6.3973 0 1 1 1.9165 1.0000
3 64.7903 77.3709 1 1 0 1 1.4846 1 1 1 1.3893 1.0000
3 129.4991 98.6783 4 4 0 1 5.1979 1 1 1 1.4216 1.0000
3 68.7974 98.9162 1 1 0 1 2.3520 1 1 1 1.8311 1.0000
3 103.2945 76.8177 3 3 0 1 3.8135 1 1 1 3.4261 1.0000
3 80.6127 64.8003 3 1 0 0 2.8390 0 1 1 1.8177 1.0000
3 85.6290 129.7241 2 2 0 1 2.3099 1 1 1 1.4993 1.0000
3 111.7206 105.1756 4 4 0 1 3.1209 1 1 1 1.5317 1.0000
3 94.5523 61.3336 3 3 0 1 4.3359 1 1 1 1.3219 1.0000
3 104.8673 128.2429 2 4 0 0 3.4975 0 1 1 2.6062 1.0000
3 139.5657 102.7081 4 4 0 1 1.6483 1 1 1 1.1262 1.0000
3 83.0973 99.6898 1 1 0 1 1.8434 1 1 1 1.6125 1.0000
3 118.4548 107.2515 4 4 0 1 2.1630 1 1 0 1.7345 0.9688
3 123.5913 90.9964 3 4 0 0 7.9206 0 1 1 1.2380 0.9697
3 105.3690 62.3515 3 3 0 1 4.9639 1 1 1 1.5495 0.9706
3 102.1152 59.2238 3 3 0 1 2.0667 1 1 1 0.9777 0.9714
3 69.0852 87.0812 1 1 0 1 2.6011 1 1 1 1.3022 0.9722
3 89.2050 134.1374 2 2 0 1 5.0624 1 1 1 3.2984 0.9730
3 109.2525 147.8820 2 2 0 1 4.3411 1 1 1 1.3436 0.9737
3 125.0520 99.4714 4 4 0 1 1.1516 1 1 1 1.1123 0.9744
3 89.4633 121.3259 2 2 0 1 2.2436 1 1 0 1.2398 0.9500
3 87.7027 99.6187 1 3 0 0 3.6535 0 1 1 1.4534 0.9512
3 83.5518 92.8667 1 3 0 0 3.3770 0 1 1 2.1616 0.9524
3 131.2836 106.8547 4 4 0 1 1.4150 1 1 1 2.8861 0.9535
3 108.6715 117.6680 2 4 0 0 2.4765 0 1 1 2.7748 0.9545
3 136.1951 109.8769 4 4 0 1 1.1645 1 1 1 1.2379 0.9556
3 107.1687 132.0388 2 2 0 1 3.6203 1 1 1 1.5634 0.9565
3 87.3270 119.1106 2 1 0 0 2.2094 0 1 1 2.5005 0.9574
3 106.9334 125.3360 2 2 0 1 4.2257 1 1 1 1.3690 0.9583
3 104.8871 113.3817 2 2 0 1 2.5057 1 1 1 2.0208 0.9592
3 59.3703 85.0339 1 1 0 1 1.4638 1 1 1 1.5591 0.9600
3 72.5930 121.4012 1 1 0 1 2.7008 1 1 1 2.0442 0.9608
4 98.8722 73.9907 3 3 2 1 15.6658 0 0 1 4.9256 0.9615
4 66.1732 98.4152 1 1 4 1 2.9373 0 0 1 2.7823 0.9623
4 87.5448 133.7851 2 3 3 0 2.3872 1 0 1 1.8347 0.9630
4 84.9137 90.1487 3 1 1 0 2.5827 1 0 1 1.8110 0.9636
4 143.4742 104.9102 4 4 2 1 1.8550 0 0 1 2.4417 0.9643
4 64.0041 91.5645 1 2 1 0 4.5008 0 0 0 2.8508 0.9474
4 129.2654 80.7698 4 4 1 1 2.0577 0 0 1 5.2079 0.9483
4 111.2919 71.9448 3 4 4 0 3.4671 1 0 1 4.0133 0.9492
4 101.7707 60.4127 3 2 3 0 1.9215 0 0 1 7.0999 0.9500
4 131.8167 93.1313 4 1 3 0 2.2558 0 0 1 1.7957 0.9508
4 105.5005 79.1120 3 3 2 1 3.0866 0 0 1 2.4400 0.9516
4 56.4131 94.2644 1 2 2 0 1.5237 1 0 1 1.2368 0.9524
4 123.7680 91.1913 4 1 2 0 2.8504 0 0 1 1.8299 0.9531
4 68.2180 104.2906 1 3 2 0 1.8424 0 0 1 2.8106 0.9538
4 106.0402 131.1355 2 2 1 1 3.1674 0 0 1 2.7481 0.9545
4 97.6917 64.1212 3 1 1 0 1.3918 1 0 1 1.1333 0.9552
4 103.3200 134.0606 2 2 2 1 1.7856 1 0 1 2.0484 0.9559
4 54.5403 100.5869 1 3 2 0 5.5702 0 0 1 1.3867 0.9565
4 127.0373 102.5313 4 2 3 0 1.9471 0 0 1 1.8627 0.9571
4 136.8027 115.4470 4 3 3 0 1.6524 1 0 1 2.0250 0.9577
4 127.3768 98.4144 4 1 4 0 1.6419 0 0 1 2.4621 0.9583
4 69.4482 106.4665 1 4 2 0 4.0917 0 0 1 1.2148 0.9589
4 55.9682 101.5119 1 2 1 0 1.9000 0 0 1 1.2868 0.9595
4 67.3771 101.2090 1 2 3 0 1.7009 0 0 1 1.9947 0.9600
4 138.1050 78.6352 4 1 3 0 1.5005 0 0 1 1.4050 0.9605
4 119.2084 107.1740 4 2 4 0 2.2717 0 0 1 1.6213 0.9610
4 64.2303 102.6138 1 3 4 0 1.9166 0 0 1 1.6716 0.9615
4 108.3587 74.9542 3 1 1 0 2.0162 1 0 1 1.8537 0.9620
4 119.6989 106.1292 4 1 2 0 1.1793 0 0 1 1.3321 0.9625
4 112.9909 56.6666 3 2 2 0 1.9712 1 0 1 1.1528 0.9630
4 71.1468 98.6645 1 3 1 0 2.6847 0 0 1 2.1075 0.9634
4 110.2706 135.7376 2 1 2 0 2.6240 0 0 1 2.1889 0.9639
4 77.8577 103.2591 1 2 3 0 2.0187 0 0 1 4.3044 0.9643
4 100.6615 138.9520 2 2 3 1 4.9080 0 0 1 2.5328 0.9647
4 63.6398 102.4741 1 2 2 0 1.4433 1 0 1 2.9468 0.9651
4 99.5317 110.2907 2 3 1 0 3.7072 0 0 1 1.1248 0.9655
4 95.7107 96.6214 1 1 2 1 3.9187 0 0 1 3.8196 0.9659
4 86.9869 137.7303 2 3 1 0 1.4835 0 0 1 1.7873 0.9663
4 105.3890 122.3535 2 2 1 1 1.8793 0 0 1 3.8579 0.9667
4 102.3440 113.0387 2 3 3 0 2.0661 1 0 1 1.8080 0.9670
4 123.1753 102.4976 4 1 4 0 2.5556 0 0 1 1.2235 0.9674
4 112.8966 126.8406 2 2 2 1 2.2758 1 0 1 1.9283 0.9677
4 77.5306 86.0670 1 3 1 0 2.7907 0 0 1 3.1602 0.9681
4 107.3375 146.0332 2 3 4 0 2.5023 0 0 1 1.0394 0.9684
4 114.5281 61.5265 3 1 1 0 1.8474 1 0 1 1.8253 0.9688
4 99.2218 84.4636 3 3 3 1 4.6687 1 0 1 1.0224 0.9691
4 90.5905 64.5018 1 2 1 0 1.4633 0 0 0 3.5927 0.9592
4 72.9761 91.8513 1 1 2 1 2.3872 0 0 1 1.7540 0.9596
4 75.2236 88.3775 1 3 3 0 3.4611 1 0 1 1.0789 0.9600
4 61.9010 110.7270 1 3 4 0 2.0575 0 0 0 0.0000 0.9600
4 93.9527 116.2486 2 2 3 1 4.5006 0 0 0 0.0000 0.9600
4 133.3195 99.7161 4 2 4 0 2.0938 0 0 0 0.0000 0.9600
4 101.6947 71.4132 3 3 3 1 1.0974 1 0 0 0.0000 0.9600
4 101.7032 60.1956 3 3 1 1 2.8593 0 0 0 0.0000 0.9600
4 99.0352 89.4037 3 2 2 0 1.0341 1 0 0 0.0000 0.9600
4 92.9046 122.1020 2 2 2 1 1.7233 1 0 0 0.0000 0.9600
4 88.1528 75.4018 3 3 2 1 0.7186 0 0 0 0.0000 0.9600
4 103.8216 160.6784 2 2 2 1 0.8709 1 0 0 0.0000 0.9600
4 94.8763 128.9719 2 2 1 1 0.5809 0 0 0 0.0000 0.9600
4 132.9935 87.5063 4 4 3 1 0.6669 0 0 0 0.0000 0.9600
4 97.3704 74.7911 3 3 2 1 0.8044 0 0 0 0.0000 0.9600
4 103.0445 133.7577 2 2 1 1 0.9448 0 0 0 0.0000 0.9600
4 106.3990 126.8403 2 2 1 1 1.1680 0 0 0 0.0000 0.9600
4 79.5622 79.5091 3 3 2 1 0.9011 0 0 0 0.0000 0.9600
4 103.3468 81.9164 3 3 2 1 1.1243 0 0 0 0.0000 0.9600
4 124.5032 78.1772 4 1 4 0 1.0002 0 0 0 0.0000 0.9600
4 129.3278 121.8224 4 2 4 0 0.5867 0 0 0 0.0000 0.9600
4 104.6776 56.5007 3 3 4 1 1.1050 0 0 0 0.0000 0.9600
4 140.3759 105.7105 4 4 4 1 0.6441 1 0 0 0.0000 0.9600
4 95.8447 83.3202 3 3 4 1 1.6289 0 0 0 0.0000 0.9600
4 123.5975 102.7674 4 4 2 1 0.6065 0 0 0 0.0000 0.9600
4 101.4667 116.3394 2 2 1 1 1.5086 0 0 0 0.0000 0.9600
4 73.6712 95.8782 1 1 3 1 0.5937 0 0 0 0.0000 0.9600
4 63.8414 99.9808 1 3 1 0 0.7588 0 0 0 0.0000 0.9600
4 69.9645 86.5683 1 2 1 0 0.4020 0 0 0 0.0000 0.9600
4 78.2750 98.0735 1 1 1 1 0.4996 1 0 0 0.0000 0.9600
4 118.3561 111.6363 4 3 1 0 1.1920 0 0 0 0.0000 0.9600
4 105.4727 122.0417 2 2 1 1 1.2299 0 0 0 0.0000 0.9600
4 74.8396 110.4062 1 1 1 1 0.7731 1 0 0 0.0000 0.9600
4 64.4745 77.5333 1 1 2 1 0.5931 0 0 0 0.0000 0.9600
4 125.3602 108.8345 4 3 1 0 2.1834 0 0 0 0.0000 0.9600
4 106.9555 129.7324 2 4 2 0 0.6134 0 0 0 0.0000 0.9600
4 113.6511 134.4659 2 2 1 1 1.2301 0 0 0 0.0000 0.9600
4 108.8308 89.4585 3 2 3 0 2.7716 0 0 0 0.0000 0.9600
4 117.2038 70.5478 3 3 4 1 1.2986 0 0 0 0.0000 0.9600
4 150.6347 101.2032 4 2 1 0 4.8751 0 0 0 0.0000 0.9600
4 101.9013 52.5659 3 1 4 0 1.2328 0 0 0 0.0000 0.9600
4 79.8248 110.0313 1 1 4 1 1.0168 0 0 0 0.0000 0.9600
4 96.9975 144.9041 2 3 4 0 1.0672 0 0 0 0.0000 0.9600
4 82.9178 60.6965 3 3 4 1 0.5264 0 0 0 0.0000 0.9600
4 83.8468 132.1807 2 3 4 0 0.3227 0 0 0 0.0000 0.9600
4 95.7718 76.3855 3 3 3 1 0.3852 1 0 0 0.0000 0.9600
4 120.1177 97.7777 4 4 3 1 2.8338 0 0 0 0.0000 0.9600
4 131.2149 122.0328 4 4 2 1 0.4818 0 0 0 0.0000 0.9600
4 135.4754 103.0953 4 4 3 1 0.9505 0 0 0 0.0000 0.9600
4 135.3313 94.3023 4 2 3 0 0.6146 0 0 0 0.0000 0.9600
4 100.6883 64.5680 3 3 3 1 0.7025 1 0 0 0.0000 0.9600
4 98.2451 120.4918 2 1 4 0 1.4793 0 0 0 0.0000 0.9600
4 92.8701 115.4010 2 1 1 0 0.7885 1 0 0 0.0000 0.9600
4 121.7999 103.9522 4 2 4 0 0.9277 0 0 0 0.0000 0.9600
5 126.2479 93.8255 4 3 3 0 3.6900 1 0 0 0.0000 0.9600
5 63.8100 110.5574 1 1 3 1 0.5804 0 0 0 0.0000 0.9600
5 39.4733 74.9602 1 4 1 0 1.5483 0 0 0 0.0000 0.9600
5 137.7972 100.4247 4 3 1 0 1.1327 0 0 0 0.0000 0.9600
5 84.0640 104.1338 1 4 2 0 1.6802 0 0 0 0.0000 0.9600
5 133.3841 95.1198 4 3 3 0 1.2354 1 0 0 0.0000 0.9600
5 49.0672 104.1744 1 2 1 0 0.9218 0 0 0 0.0000 0.9600
5 74.2789 93.9803 1 2 2 0 2.4245 1 0 0 0.0000 0.9600
5 117.8498 104.5631 4 4 3 1 2.9736 0 0 0 0.0000 0.9600
5 86.3785 114.4504 1 2 1 0 0.9305 0 0 0 0.0000 0.9600
5 112.4084 118.7632 4 1 4 0 2.1944 0 0 0 0.0000 0.9600
5 81.9795 108.6904 1 2 1 0 1.1857 0 0 0 0.0000 0.9600
5 97.2248 74.9069 3 3 4 1 1.2872 0 0 0 0.0000 0.9600
5 93.3553 104.9840 1 4 3 0 3.0546 0 0 0 0.0000 0.9600
5 98.1793 69.0923 3 3 4 1 0.8051 0 0 0 0.0000 0.9600
5 106.7931 73.1952 3 3 2 1 1.3931 0 0 0 0.0000 0.9600
5 134.8970 112.8241 4 2 2 0 5.6428 1 0 0 0.0000 0.9600
5 69.7773 107.5104 1 1 3 1 2.4353 0 0 0 0.0000 0.9600
5 125.0165 87.0374 4 3 2 0 1.5298 0 0 0 0.0000 0.9600
5 116.9347 101.9188 4 2 4 0 3.3520 0 0 0 0.0000 0.9600
5 115.3325 116.7625 2 4 3 0 0.6129 0 0 0 0.0000 0.9600
5 103.0627 66.6268 3 3 3 1 0.9245 1 0 0 0.0000 0.9600
5 100.2864 72.4270 3 2 1 0 1.7864 0 0 0 0.0000 0.9600
5 106.5160 71.4494 3 3 2 1 0.4477 0 0 0 0.0000 0.9600
5 105.0474 72.4231 3 1 1 0 0.6580 1 0 0 0.0000 0.9600
5 106.4592 68.8722 3 1 1 0 0.6339 1 0 0 0.0000 0.9600
5 105.3632 117.7025 2 2 2 1 0.9316 1 0 0 0.0000 0.9600
5 94.5580 127.3204 2 4 4 0 1.5394 1 0 0 0.0000 0.9600
5 115.0339 82.6380 3 3 3 1 0.6287 1 0 0 0.0000 0.9600
5 108.9143 79.3603 3 2 3 0 0.7167 0 0 0 0.0000 0.9600
5 108.7283 146.0765 2 4 1 0 3.1580 0 0 0 0.0000 0.9600
5 81.4458 97.6135 1 2 4 0 2.2709 0 0 0 0.0000 0.9600
5 94.4813 130.1834 2 2 2 1 0.7209 1 0 0 0.0000 0.9600
5 65.2718 109.8442 1 3 2 0 3.3708 0 0 0 0.0000 0.9600
5 67.2599 96.2754 1 4 1 0 0.6344 0 0 0 0.0000 0.9600
5 108.1576 121.1709 2 2 4 1 1.2985 0 0 0 0.0000 0.9600
5 63.4817 91.5669 1 3 1 0 1.1328 0 0 0 0.0000 0.9600
5 79.1953 108.8968 1 1 4 1 1.4248 0 0 0 0.0000 0.9600
5 101.8314 70.9860 3 2 3 0 0.7327 0 0 0 0.0000 0.9600
5 128.0954 100.7774 4 2 4 0 0.8719 0 0 0 0.0000 0.9600
5 90.9566 126.3451 2 2 2 1 1.6378 1 0 0 0.0000 0.9600
5 124.8026 92.4396 4 4 2 1 0.8879 0 0 0 0.0000 0.9600
5 137.3462 113.9915 4 4 4 1 0.7262 1 0 0 0.0000 0.9600
5 86.6962 51.7089 3 3 1 1 0.9762 0 0 0 0.0000 0.9600
5 94.1701 78.6328 3 3 2 1 0.7200 0 0 0 0.0000 0.9600
5 132.5168 79.3665 4 4 1 1 2.0430 0 0 0 0.0000 0.9600
5 107.6510 124.9763 2 2 1 1 1.4634 0 0 0 0.0000 0.9600
5 94.9160 127.7004 2 3 3 0 0.7585 1 0 0 0.0000 0.9600
5 99.0396 118.4244 2 3 4 0 3.0584 0 0 0 0.0000 0.9600
5 119.7651 117.6533 2 4 1 0 2.4883 0 0 0 0.0000 0.9600
5 124.5032 100.2541 4 2 3 0 1.7136 0 0 0 0.0000 0.9600
5 84.6675 102.7472 1 1 1 1 0.7092 1 0 0 0.0000 0.9600
5 87.3135 64.0285 3 3 3 1 0.8471 1 0 0 0.0000 0.9600
5 78.0756 96.2654 1 1 1 1 0.6835 1 0 0 0.0000 0.9600
5 91.8422 58.5898 3 3 4 1 0.3727 0 0 0 0.0000 0.9600
5 136.6877 95.0447 4 2 4 0 2.7885 0 0 0 0.0000 0.9600
5 96.0057 70.3104 3 3 4 1 1.7793 0 0 0 0.0000 0.9600
5 91.3367 66.3946 3 3 3 1 0.6474 1 0 0 0.0000 0.9600
5 122.3346 91.6734 4 4 4 1 1.2305 1 0 0 0.0000 0.9600
5 91.6651 129.7944 2 2 2 1 1.3505 1 0 0 0.0000 0.9600
5 86.1985 132.7623 2 3 2 0 2.8012 0 0 0 0.0000 0.9600
5 68.5902 111.2368 1 1 3 1 1.9692 0 0 0 0.0000 0.9600
5 70.8464 89.2329 1 2 3 0 0.8592 0 0 0 0.0000 0.9600
5 88.9110 106.8961 1 3 2 0 0.5372 0 0 0 0.0000 0.9600
5 110.7191 120.0225 2 4 1 0 1.7427 0 0 0 0.0000 0.9600
5 133.5203 113.6583 4 4 2 1 0.5955 0 0 0 0.0000 0.9600
5 118.0005 110.7687 4 4 3 1 1.1466 0 0 0 0.0000 0.9600
5 105.6702 73.1600 3 3 3 1 0.6070 1 0 0 0.0000 0.9600
5 104.7563 75.8659 3 1 2 0 0.6787 0 0 0 0.0000 0.9600
5 88.9286 109.5578 2 2 2 1 0.8822 1 0 0 0.0000 0.9600
5 107.2683 82.1691 3 4 2 0 0.5130 0 0 0 0.0000 0.9600
5 115.8688 77.2415 3 1 1 0 0.6306 1 0 0 0.0000 0.9600
5 94.7207 105.7847 2 4 4 0 1.1837 1 0 0 0.0000 0.9600
5 96.2624 137.6255 2 2 4 1 0.9169 0 0 0 0.0000 0.9600
5 62.3993 88.2892 1 3 2 0 2.6760 0 0 0 0.0000 0.9600
5 59.6690 94.7477 1 3 3 0 0.3997 1 0 0 0.0000 0.9600
5 77.0293 88.6312 1 4 1 0 4.7358 0 0 0 0.0000 0.9600
5 91.3928 137.1108 2 2 1 1 1.5387 0 0 0 0.0000 0.9600
5 95.6356 122.0070 2 3 1 0 1.9714 0 0 0 0.0000 0.9600
5 135.9208 94.1744 4 4 4 1 0.7338 1 0 0 0.0000 0.9600
5 131.5554 93.7477 4 4 1 1 0.4743 0 0 0 0.0000 0.9600
5 95.9064 128.1414 2 2 2 1 0.7823 1 0 0 0.0000 0.9600
5 131.7155 99.7142 4 4 4 1 0.5062 1 0 0 0.0000 0.9600
5 96.1304 74.5303 3 3 4 1 0.9582 0 0 0 0.0000 0.9600
5 111.5165 115.1448 2 3 3 0 1.2938 1 0 0 0.0000 0.9600
5 109.8880 115.3438 2 3 2 0 0.6141 0 0 0 0.0000 0.9600
5 105.3469 62.1127 3 1 4 0 1.8204 0 0 0 0.0000 0.9600
5 140.5597 95.9058 4 4 4 1 1.1236 1 0 0 0.0000 0.9600
5 97.7604 139.6673 2 2 3 1 0.5996 0 0 0 0.0000 0.9600
5 83.2440 87.2348 3 2 1 0 0.9909 0 0 0 0.0000 0.9600
5 111.4199 105.7905 4 2 3 0 1.8235 0 0 0 0.0000 0.9600
5 108.8790 128.9527 2 2 4 1 2.2620 0 0 0 0.0000 0.9600
5 122.2716 97.8254 4 3 4 0 0.7115 0 0 0 0.0000 0.9600
5 82.2037 101.0427 1 3 4 0 3.6177 0 0 0 0.0000 0.9600
5 75.7972 136.1125 2 2 1 1 0.9324 0 0 0 0.0000 0.9600
5 105.8389 59.3266 3 3 3 1 1.3166 1 0 0 0.0000 0.9600
5 71.6742 104.6640 1 1 3 1 1.4546 0 0 0 0.0000 0.9600
5 116.1249 104.1484 4 4 3 1 2.1246 0 0 0 0.0000 0.9600
5 65.8822 90.4625 1 1 3 1 6.2822 0 0 0 0.0000 0.9600
5 114.2944 103.6657 4 4 3 1 0.5479 0 0 0 0.0000 0.9600
6 101.5459 83.4905 3 3 3 1 1.5141 1 0 0 0.0000 0.9600
6 90.7955 75.5635 3 2 4 0 1.5855 0 0 0 0.0000 0.9600
6 139.6484 97.5681 4 4 3 1 2.3834 0 0 0 0.0000 0.9600
6 69.8300 103.9540 1 1 3 1 1.0111 0 0 0 0.0000 0.9600
6 79.3083 92.6669 1 1 4 1 3.4445 0 0 0 0.0000 0.9600
6 95.6192 81.2971 3 3 4 1 1.8273 0 0 0 0.0000 0.9600
6 98.9164 142.1705 2 2 4 1 1.4976 0 0 0 0.0000 0.9600
6 107.7403 151.8154 2 1 1 0 2.2624 1 0 0 0.0000 0.9600
6 113.9239 134.0780 2 1 2 0 0.7273 0 0 0 0.0000 0.9600
6 140.1412 112.9269 4 2 2 0 1.2949 1 0 0 0.0000 0.9600
6 123.3151 82.9203 3 1 3 0 0.7085 0 0 0 0.0000 0.9600
6 72.0866 111.0079 1 1 4 1 1.6775 0 0 0 0.0000 0.9600
6 92.9179 131.8423 2 2 1 1 0.8955 0 0 0 0.0000 0.9600
6 103.9174 117.3660 2 3 4 0 2.3335 0 0 0 0.0000 0.9600
6 137.3987 90.8951 4 2 1 0 2.1598 0 0 0 0.0000 0.9600
6 70.7232 116.5256 1 4 2 0 1.6461 0 0 0 0.0000 0.9600
6 107.8802 133.4480 2 3 2 0 1.5520 0 0 0 0.0000 0.9600
6 102.7899 116.4195 2 3 3 0 1.1500 1 0 0 0.0000 0.9600
6 121.9180 85.3120 4 3 1 0 0.9301 0 0 0 0.0000 0.9600
6 94.9339 58.1167 3 3 3 1 0.6404 1 0 0 0.0000 0.9600
6 93.6008 125.3017 2 2 4 1 1.9104 0 0 0 0.0000 0.9600
6 134.6526 106.7230 4 2 1 0 1.3576 0 0 0 0.0000 0.9600
6 89.9558 64.8627 3 1 4 0 0.7121 0 0 0 0.0000 0.9600
6 95.1936 94.8259 3 1 4 0 0.5765 0 0 0 0.0000 0.9600
6 122.1147 103.2817 4 1 3 0 0.2644 0 0 0 0.0000 0.9600
6 92.0338 75.2069 3 3 4 1 3.1782 0 0 0 0.0000 0.9600
6 137.0804 110.1187 4 4 4 1 2.3706 1 0 0 0.0000 0.9600
6 132.6607 101.5893 4 4 2 1 0.7426 0 0 0 0.0000 0.9600
6 103.8039 134.0234 2 4 1 0 1.8238 0 0 0 0.0000 0.9600
6 90.6607 114.7931 2 1 1 0 1.2874 1 0 0 0.0000 0.9600
6 125.7579 107.7674 4 4 1 1 0.6898 0 0 0 0.0000 0.9600
6 114.6830 141.2372 2 4 4 0 0.8613 1 0 0 0.0000 0.9600
6 121.8181 81.1996 4 4 4 1 2.6192 1 0 0 0.0000 0.9600
6 104.5539 75.9852 3 4 3 0 0.6929 0 0 0 0.0000 0.9600
6 65.4832 111.9926 1 3 2 0 4.0443 0 0 0 0.0000 0.9600
6 127.1002 108.3619 4 4 3 1 0.5712 0 0 0 0.0000 0.9600
6 104.0930 67.8945 3 3 1 1 1.0402 0 0 0 0.0000 0.9600
6 89.6134 63.6083 3 3 3 1 0.8815 1 0 0 0.0000 0.9600
6 99.1364 69.9712 3 2 2 0 0.7663 1 0 0 0.0000 0.9600
6 76.5790 100.0855 1 1 4 1 2.2006 0 0 0 0.0000 0.9600
6 101.0772 80.8251 3 3 4 1 0.9678 0 0 0 0.0000 0.9600
6 136.6421 100.5962 4 4 4 1 0.8723 1 0 0 0.0000 0.9600
6 125.8238 82.1636 4 2 4 0 1.9102 0 0 0 0.0000 0.9600
6 111.1212 118.3085 4 2 2 0 1.7101 1 0 0 0.0000 0.9600
6 75.6848 119.7178 1 1 3 1 0.6886 0 0 0 0.0000 0.9600
6 99.8686 69.5788 3 3 3 1 0.8106 1 0 0 0.0000 0.9600
6 98.0184 84.3762 3 2 3 0 0.6621 0 0 0 0.0000 0.9600
6 90.9880 115.6455 2 2 3 1 0.7822 0 0 0 0.0000 0.9600
6 80.3630 107.5832 1 1 2 1 1.0960 0 0 0 0.0000 0.9600
6 70.5587 113.6624 1 2 1 0 0.6997 0 0 0 0.0000 0.9600
6 123.6157 140.5805 2 2 1 1 1.1558 0 0 0 0.0000 0.9600
6 126.1796 107.6207 4 4 1 1 1.9911 0 0 0 0.0000 0.9600
6 74.4528 101.6761 1 1 3 1 5.3293 0 0 0 0.0000 0.9600
6 87.1385 149.7429 2 2 2 1 1.2827 1 0 0 0.0000 0.9600
6 123.5941 102.7619 4 3 3 0 1.4830 1 0 0 0.0000 0.9600
6 98.9094 143.2802 2 2 4 1 0.5522 0 0 0 0.0000 0.9600
6 103.0292 121.9929 2 3 2 0 0.4769 0 0 0 0.0000 0.9600
6 99.5780 137.4124 2 2 2 1 1.0878 1 0 0 0.0000 0.9600
6 77.2926 99.9871 1 1 4 1 0.5622 0 0 0 0.0000 0.9600
6 103.7936 74.4077 3 3 2 1 0.5846 0 0 0 0.0000 0.9600
6 66.1666 70.6993 1 3 1 0 1.1817 0 0 0 0.0000 0.9600
6 89.2490 78.6219 3 2 3 0 1.2501 0 0 0 0.0000 0.9600
6 128.3816 97.9748 4 4 3 1 1.4964 0 0 0 0.0000 0.9600
6 77.6529 103.1860 1 3 4 0 3.7323 0 0 0 0.0000 0.9600
6 107.5802 141.2795 2 2 4 1 1.4203 0 0 0 0.0000 0.9600
6 88.5755 154.7110 2 3 4 0 0.6479 0 0 0 0.0000 0.9600
6 73.7486 110.4400 1 1 2 1 0.7670 0 0 0 0.0000 0.9600
6 113.1897 81.5377 4 3 2 0 0.7947 0 0 0 0.0000 0.9600
6 61.8078 120.1106 1 3 2 0 1.2850 0 0 0 0.0000 0.9600
6 93.1776 65.4764 3 3 3 1 0.4603 1 0 0 0.0000 0.9600
6 129.5553 104.7185 4 4 2 1 4.1424 0 0 0 0.0000 0.9600
6 104.4554 125.8732 2 4 4 0 4.8623 1 0 0 0.0000 0.9600
6 67.0555 109.5032 1 2 2 0 2.1988 1 0 0 0.0000 0.9600
6 116.7455 95.2483 4 3 3 0 2.2468 1 0 0 0.0000 0.9600
6 73.9319 114.8849 1 2 4 0 0.8260 0 0 0 0.0000 0.9600
6 91.9341 128.1148 2 1 2 0 1.9116 0 0 0 0.0000 0.9600
6 142.5410 96.0239 4 4 1 1 1.1855 0 0 0 0.0000 0.9600
6 103.6479 80.3249 3 4 1 0 0.9067 0 0 0 0.0000 0.9600
6 114.1970 77.1463 3 3 2 1 0.9555 0 0 0 0.0000 0.9600
6 79.8961 81.1035 3 1 2 0 3.1001 0 0 0 0.0000 0.9600
6 96.6668 66.6565 3 3 2 1 0.7294 0 0 0 0.0000 0.9600
6 97.8026 130.4800 2 2 3 1 1.2122 0 0 0 0.0000 0.9600
6 73.1696 85.1931 1 4 1 0 0.7717 0 0 0 0.0000 0.9600
6 108.9303 81.9381 4 3 3 0 1.1884 1 0 0 0.0000 0.9600
6 76.1655 80.2105 1 3 3 0 1.2588 1 0 0 0.0000 0.9600
6 64.7926 86.6726 1 3 2 0 0.6749 0 0 0 0.0000 0.9600
6 131.2137 109.6500 4 2 1 0 1.5176 0 0 0 0.0000 0.9600
6 109.0160 110.1222 4 2 2 0 1.3085 1 0 0 0.0000 0.9600
6 69.5087 113.4943 1 3 4 0 1.6363 0 0 0 0.0000 0.9600
6 101.8316 65.4209 3 3 1 1 1.1423 0 0 0 0.0000 0.9600
6 110.0655 62.6440 3 1 1 0 0.8906 1 0 0 0.0000 0.9600
6 103.7433 91.3476 4 1 4 0 0.7451 0 0 0 0.0000 0.9600
6 79.5867 92.3888 1 4 1 0 1.9390 0 0 0 0.0000 0.9600
6 88.0723 90.5523 3 1 2 0 0.8431 0 0 0 0.0000 0.9600
6 62.6681 107.7355 1 3 4 0 1.6238 0 0 0 0.0000 0.9600
6 110.6129 128.7154 2 2 3 1 1.2266 0 0 0 0.0000 0.9600
6 67.4598 105.3197 1 1 4 1 1.3289 0 0 0 0.0000 0.9600
6 88.5654 90.1056 1 2 3 0 1.0665 0 0 0 0.0000 0.9600
6 95.0595 146.4255 2 2 1 1 1.2612 0 0 0 0.0000 0.9600
6 100.6753 135.6078 2 2 2 1 0.6609 1 0 0 0.0000 0.9600
7 113.7347 110.0741 4 2 0 0 2.0420 0 1 0 0.0000 0.9600
7 95.9689 62.9362 3 3 0 1 1.6435 1 1 0 0.0000 0.9600
7 101.1053 71.3264 3 3 0 1 0.9076 1 1 0 0.0000 0.9600
7 71.3646 100.4742 1 1 0 1 0.9527 1 1 0 0.0000 0.9600
7 101.3815 73.0170 3 3 0 1 1.4959 1 1 0 0.0000 0.9600
7 91.7822 124.1051 2 2 0 1 1.4442 1 1 0 0.0000 0.9600
7 98.4734 67.9758 3 3 0 1 1.7921 1 1 0 0.0000 0.9600
7 95.3532 130.8562 2 2 0 1 2.5000 1 1 0 0.0000 0.9600
7 87.9524 84.3511 1 3 0 0 1.0342 0 1 0 0.0000 0.9600
7 99.7772 123.8030 2 2 0 1 0.6189 1 1 0 0.0000 0.9600
7 56.6860 103.5982 1 1 0 1 0.5133 1 1 0 0.0000 0.9600
7 109.4130 86.6045 3 3 0 1 1.1260 1 1 0 0.0000 0.9600
7 90.4904 90.7713 1 3 0 0 2.2331 0 1 0 0.0000 0.9600
7 101.5083 136.7463 2 2 0 1 0.6484 1 1 0 0.0000 0.9600
7 104.5617 56.6949 3 3 0 1 0.4316 1 1 0 0.0000 0.9600
7 82.9756 154.2510 2 2 0 1 0.5757 1 1 0 0.0000 0.9600
7 90.9948 70.2116 3 3 0 1 0.3412 1 1 0 0.0000 0.9600
7 103.4926 123.8252 2 2 0 1 0.5960 1 1 0 0.0000 0.9600
7 65.6660 89.5178 1 3 0 0 0.2815 0 1 0 0.0000 0.9600
7 90.2395 128.2253 2 2 0 1 0.6466 1 1 0 0.0000 0.9600
7 101.1719 119.2859 2 3 0 0 0.6378 0 1 0 0.0000 0.9600
7 58.3275 73.3529 1 1 0 1 0.5802 1 1 0 0.0000 0.9600
7 71.1015 89.3096 1 1 0 1 0.5381 1 1 0 0.0000 0.9600
7 63.8999 101.5863 1 1 0 1 0.5114 1 1 0 0.0000 0.9600
7 90.9195 50.3999 3 3 0 1 0.8193 1 1 0 0.0000 0.9600
7 106.9445 67.1810 3 3 0 1 0.6862 1 1 0 0.0000 0.9600
7 73.3303 105.7902 1 1 0 1 1.3817 1 1 0 0.0000 0.9600
7 102.1490 115.6918 4 2 0 0 1.0401 0 1 0 0.0000 0.9600
7 124.0074 108.1929 4 2 0 0 2.3544 0 1 0 0.0000 0.9600
7 154.9917 97.4097 4 4 0 1 1.3004 1 1 0 0.0000 0.9600
7 133.9920 82.4607 4 3 0 0 1.1487 0 1 0 0.0000 0.9600
7 127.8129 85.9738 4 4 0 1 0.3844 1 1 0 0.0000 0.9600
7 144.1202 106.3873 4 4 0 1 0.5787 1 1 0 0.0000 0.9600
7 139.8791 103.1183 4 4 0 1 0.3943 1 1 0 0.0000 0.9600
7 119.6669 98.9626 4 4 0 1 0.4611 1 1 0 0.0000 0.9600
7 101.1555 128.3788 2 2 0 1 1.0726 1 1 0 0.0000 0.9600
7 87.3606 68.2106 3 3 0 1 0.3554 1 1 0 0.0000 0.9600
7 137.0168 95.2159 4 4 0 1 0.7389 1 1 0 0.0000 0.9600
7 85.6570 87.3307 1 2 0 0 1.9029 0 1 0 0.0000 0.9600
7 140.2754 107.0743 4 4 0 1 1.9440 1 1 0 0.0000 0.9600
7 74.1213 97.4802 1 1 0 1 0.4188 1 1 0 0.0000 0.9600
7 91.5153 109.5289 2 1 0 0 3.1552 0 1 0 0.0000 0.9600
7 121.8793 109.9178 4 4 0 1 2.1887 1 1 0 0.0000 0.9600
7 97.1936 128.5897 2 4 0 0 0.5415 0 1 0 0.0000 0.9600
7 119.8556 94.2118 4 4 0 1 0.4360 1 1 0 0.0000 0.9600
7 97.3913 130.7559 2 2 0 1 0.5995 1 1 0 0.0000 0.9600
7 63.4358 97.9667 1 1 0 1 0.7344 1 1 0 0.0000 0.9600
7 95.8491 76.6500 3 3 0 1 0.3439 1 1 0 0.0000 0.9600
7 87.6885 64.6841 3 1 0 0 0.8390 0 1 0 0.0000 0.9600
7 117.3649 99.6703 4 4 0 1 0.8034 1 1 0 0.0000 0.9600
7 94.1610 140.3225 2 2 0 1 0.7846 1 1 0 0.0000 0.9600
7 75.2274 96.2135 1 1 0 1 1.0834 1 1 0 0.0000 0.9600
7 82.7276 60.7880 3 1 0 0 0.7021 0 1 0 0.0000 0.9600
7 118.5892 107.7876 2 4 0 0 0.7594 0 1 0 0.0000 0.9600
7 109.0030 126.8378 2 2 0 1 0.8197 1 1 0 0.0000 0.9600
7 67.7185 92.3521 1 1 0 1 0.6878 1 1 0 0.0000 0.9600
7 88.9087 58.4290 3 3 0 1 0.3124 1 1 0 0.0000 0.9600
7 102.9579 73.3276 3 4 0 0 0.5668 0 1 0 0.0000 0.9600
7 115.4950 102.4642 4 2 0 0 1.0377 0 1 0 0.0000 0.9600
7 67.5129 120.7204 1 1 0 1 0.6060 1 1 0 0.0000 0.9600
7 64.4410 99.6203 1 1 0 1 0.6120 1 1 0 0.0000 0.9600
7 125.3780 93.6617 4 4 0 1 2.0103 1 1 0 0.0000 0.9600
7 85.2607 84.4604 1 1 0 1 0.9343 1 1 0 0.0000 0.9600
7 120.2600 88.8269 4 4 0 1 0.7255 1 1 0 0.0000 0.9600
7 104.1968 141.2735 2 2 0 1 0.5930 1 1 0 0.0000 0.9600
7 134.5390 105.2827 4 4 0 1 0.7754 1 1 0 0.0000 0.9600
7 74.1195 99.1445 1 1 0 1 0.6439 1 1 0 0.0000 0.9600
7 108.8770 124.8040 2 2 0 1 0.6686 1 1 0 0.0000 0.9600
7 96.0948 76.7071 3 3 0 1 0.8698 1 1 0 0.0000 0.9600
7 72.5069 95.0757 1 1 0 1 0.5309 1 1 0 0.0000 0.9600
7 124.4834 113.4982 4 2 0 0 2.3121 0 1 0 0.0000 0.9600
7 103.7841 117.2437 2 2 0 1 0.6029 1 1 0 0.0000 0.9600
7 70.9591 107.6042 1 1 0 1 0.6252 1 1 0 0.0000 0.9600
7 131.9209 123.1288 4 4 0 1 0.6496 1 1 0 0.0000 0.9600
7 94.8067 71.0829 3 3 0 1 0.6100 1 1 0 0.0000 0.9600
7 108.7611 66.5369 3 3 0 1 0.6484 1 1 0 0.0000 0.9600
7 130.3035 108.1081 4 4 0 1 0.7835 1 1 0 0.0000 0.9600
7 78.1628 109.6438 1 1 0 1 0.8443 1 1 0 0.0000 0.9600
7 150.1976 102.3980 4 4 0 1 0.9051 1 1 0 0.0000 0.9600
7 136.6960 85.7850 4 4 0 1 1.2090 1 1 0 0.0000 0.9600
7 76.8107 106.3702 1 1 0 1 1.2490 1 1 0 0.0000 0.9600
7 72.5890 103.3064 1 1 0 1 0.6646 1 1 0 0.0000 0.9600
7 107.7046 80.5418 3 3 0 1 1.6493 1 1 0 0.0000 0.9600
7 103.4156 75.8864 3 3 0 1 0.5946 1 1 0 0.0000 0.9600
7 93.9370 62.4624 3 3 0 1 0.3762 1 1 0 0.0000 0.9600
7 141.1648 118.9442 4 4 0 1 1.1294 1 1 0 0.0000 0.9600
7 93.0651 64.7039 3 3 0 1 0.7192 1 1 0 0.0000 0.9600
7 90.7772 75.4578 3 3 0 1 0.7268 1 1 0 0.0000 0.9600
7 105.5620 113.2681 2 2 0 1 0.6240 1 1 0 0.0000 0.9600
7 69.8536 99.2167 1 1 0 1 0.9515 1 1 0 0.0000 0.9600
7 132.4578 93.5496 4 4 0 1 0.9519 1 1 0 0.0000 0.9600
7 104.4290 118.4309 2 2 0 1 0.5203 1 1 0 0.0000 0.9600
7 105.2155 124.7106 2 2 0 1 0.5252 1 1 0 0.0000 0.9600
7 100.3058 142.8041 2 2 0 1 0.8335 1 1 0 0.0000 0.9600
7 53.1331 82.5922 1 1 0 1 0.7031 1 1 0 0.0000 0.9600
7 98.2988 66.6219 3 3 0 1 0.8402 1 1 0 0.0000 0.9600
7 107.2509 127.7588 2 2 0 1 0.8687 1 1 0 0.0000 0.9600
7 114.5423 65.2524 3 4 0 0 2.3697 0 1 0 0.0000 0.9600
7 104.9786 107.9879 2 2 0 1 0.6313 1 1 0 0.0000 0.9600
7 114.9372 130.4124 2 2 0 1 0.7514 1 1 0 0.0000 0.9600
8 94.8941 72.0194 3 3 0 1 2.3620 1 1 0 0.0000 0.9600
8 92.9690 69.1337 3 3 0 1 0.5857 1 1 0 0.0000 0.9600
8 74.0931 102.4500 1 1 0 1 1.3596 1 1 0 0.0000 0.9600
8 132.9753 98.2457 4 4 0 1 0.9544 1 1 0 0.0000 0.9600
8 69.1136 108.5233 1 1 0 1 0.6984 1 1 0 0.0000 0.9600
8 130.4596 86.2393 4 4 0 1 1.7171 1 1 0 0.0000 0.9600
8 84.3642 77.5642 3 1 0 0 1.1131 0 1 0 0.0000 0.9600
8 100.2872 72.8516 3 3 0 1 0.9095 1 1 0 0.0000 0.9600
8 125.4987 91.7156 4 4 0 1 2.1382 1 1 0 0.0000 0.9600
8 94.9039 108.7768 2 2 0 1 1.4646 1 1 0 0.0000 0.9600
8 118.2760 134.3861 2 2 0 1 1.0458 1 1 0 0.0000 0.9600
8 65.6183 91.4331 1 1 0 1 0.5517 1 1 0 0.0000 0.9600
8 55.6794 110.5232 1 1 0 1 0.5578 1 1 0 0.0000 0.9600
8 128.9701 121.7062 4 2 0 0 0.6761 0 1 0 0.0000 0.9600
8 109.5893 66.1443 3 3 0 1 0.7965 1 1 0 0.0000 0.9600
8 129.2137 95.3005 4 4 0 1 1.0953 1 1 0 0.0000 0.9600
8 114.0655 154.3119 2 2 0 1 0.9724 1 1 0 0.0000 0.9600
8 57.9441 87.1006 1 1 0 1 0.5888 1 1 0 0.0000 0.9600
8 96.2220 119.3550 2 2 0 1 2.2751 1 1 0 0.0000 0.9600
8 126.1289 115.0799 4 4 0 1 0.8043 1 1 0 0.0000 0.9600
8 107.9754 122.2757 2 2 0 1 0.6892 1 1 0 0.0000 0.9600
8 105.3527 58.0847 3 3 0 1 0.6343 1 1 0 0.0000 0.9600
8 73.2713 112.1859 1 1 0 1 0.7215 1 1 0 0.0000 0.9600
8 133.6424 103.4671 4 4 0 1 1.9630 1 1 0 0.0000 0.9600
8 108.5905 150.0014 2 2 0 1 1.6045 1 1 0 0.0000 0.9600
8 74.1058 102.7346 1 1 0 1 2.8521 1 1 0 0.0000 0.9600
8 60.5538 97.4907 1 1 0 1 1.0289 1 1 0 0.0000 0.9600
8 148.4004 105.7397 4 4 0 1 0.6473 1 1 0 0.0000 0.9600
8 65.5740 101.7929 1 1 0 1 0.6400 1 1 0 0.0000 0.9600
8 84.3613 143.2540 2 2 0 1 0.6653 1 1 0 0.0000 0.9600
8 96.6394 63.9314 3 3 0 1 0.4336 1 1 0 0.0000 0.9600
8 120.2365 105.3651 4 4 0 1 4.5946 1 1 0 0.0000 0.9600
8 81.7898 111.5385 2 2 0 1 0.9600 1 1 0 0.0000 0.9600
8 79.9131 104.8711 1 2 0 0 0.8315 0 1 0 0.0000 0.9600
8 85.8959 100.2280 1 1 0 1 1.4206 1 1 0 0.0000 0.9600
8 135.8998 87.2633 4 4 0 1 0.6495 1 1 0 0.0000 0.9600
8 118.3336 94.6428 4 4 0 1 1.5210 1 1 0 0.0000 0.9600
8 120.7779 94.1121 4 2 0 0 2.4793 0 1 0 0.0000 0.9600
8 98.0162 72.5907 3 1 0 0 2.9508 0 1 0 0.0000 0.9600
8 99.8924 122.9074 2 2 0 1 0.8753 1 1 0 0.0000 0.9600
8 110.4242 97.2032 4 2 0 0 0.9360 0 1 0 0.0000 0.9600
8 127.9187 108.3813 4 4 0 1 1.7336 1 1 0 0.0000 0.9600
8 81.9811 122.2044 2 1 0 0 0.7633 0 1 0 0.0000 0.9600
8 85.1726 84.3353 1 2 0 0 0.7096 0 1 0 0.0000 0.9600
8 80.5237 83.7751 3 1 0 0 0.9427 0 1 0 0.0000 0.9600
8 112.3647 123.1131 2 2 0 1 0.8783 1 1 0 0.0000 0.9600
8 81.7712 111.1103 1 1 0 1 1.8375 1 1 0 0.0000 0.9600
8 103.2879 70.9612 3 3 0 1 0.7248 1 1 0 0.0000 0.9600
8 57.3956 106.8825 1 1 0 1 0.6543 1 1 0 0.0000 0.9600
8 138.9077 109.0262 4 4 0 1 0.6626 1 1 0 0.0000 0.9600
8 98.6420 67.0848 3 3 0 1 0.9765 1 1 0 0.0000 0.9600
8 107.8462 71.1292 3 3 0 1 0.7526 1 1 0 0.0000 0.9600
8 68.8092 92.9212 1 3 0 0 1.1297 0 1 0 0.0000 0.9600
8 67.6983 96.7664 1 1 0 1 0.7646 1 1 0 0.0000 0.9600
8 106.6255 68.2164 3 3 0 1 1.1273 1 1 0 0.0000 0.9600
8 56.5795 97.8917 1 1 0 1 0.6185 1 1 0 0.0000 0.9600
8 122.1071 98.6297 4 4 0 1 3.3459 1 1 0 0.0000 0.9600
8 107.7221 122.8525 2 4 0 0 3.4087 0 1 0 0.0000 0.9600
8 75.5032 120.2016 1 1 0 1 0.6249 1 1 0 0.0000 0.9600
8 80.5136 110.9438 1 1 0 1 0.6643 1 1 0 0.0000 0.9600
8 117.2242 127.3864 2 4 0 0 0.8966 0 1 0 0.0000 0.9600
8 85.6089 129.0267 2 2 0 1 1.9874 1 1 0 0.0000 0.9600
8 133.2758 109.7255 4 4 0 1 0.5738 1 1 0 0.0000 0.9600
8 131.9336 115.7457 4 4 0 1 0.8054 1 1 0 0.0000 0.9600
8 136.7401 101.5012 4 4 0 1 1.3462 1 1 0 0.0000 0.9600
8 88.9518 121.9229 2 2 0 1 1.2457 1 1 0 0.0000 0.9600
8 107.9136 64.3814 3 3 0 1 0.7261 1 1 0 0.0000 0.9600
8 128.0394 100.6980 4 4 0 1 0.6237 1 1 0 0.0000 0.9600
8 80.3229 104.6976 1 2 0 0 0.4560 0 1 0 0.0000 0.9600
8 113.7865 95.2948 3 2 0 0 0.9072 0 1 0 0.0000 0.9600
8 107.4892 144.6437 2 2 0 1 0.8884 1 1 0 0.0000 0.9600
8 121.0435 119.9764 2 2 0 1 2.0391 1 1 0 0.0000 0.9600
8 92.7225 150.3744 2 2 0 1 0.7552 1 1 0 0.0000 0.9600
8 94.4080 49.6970 3 3 0 1 1.6775 1 1 0 0.0000 0.9600
8 133.6930 86.1741 4 2 0 0 0.8963 0 1 0 0.0000 0.9600
8 53.2597 97.6524 1 1 0 1 0.5911 1 1 0 0.0000 0.9600
8 92.5239 112.3685 2 2 0 1 0.9338 1 1 0 0.0000 0.9600
8 137.4330 97.0950 4 4 0 1 0.8222 1 1 0 0.0000 0.9600
8 82.4519 94.3090 1 2 0 0 5.1224 0 1 0 0.0000 0.9600
8 116.7106 100.2723 4 4 0 1 1.4057 1 1 0 0.0000 0.9600
8 106.3064 69.9625 3 3 0 1 0.8421 1 1 0 0.0000 0.9600
8 113.3018 55.9921 3 3 0 1 0.5341 1 1 0 0.0000 0.9600
8 135.3254 107.9271 4 4 0 1 0.8740 1 1 0 0.0000 0.9600
8 92.5878 154.2830 2 2 0 1 0.9848 1 1 0 0.0000 0.9600
8 133.5661 96.3853 4 4 0 1 1.2576 1 1 0 0.0000 0.9600
8 66.3930 108.7872 1 1 0 1 0.6907 1 1 0 0.0000 0.9600
8 107.6564 76.9826 3 3 0 1 1.2127 1 1 0 0.0000 0.9600
8 95.5026 80.5391 3 1 0 0 2.1143 0 1 0 0.0000 0.9600
8 102.0468 85.1780 3 3 0 1 0.4011 1 1 0 0.0000 0.9600
8 103.5842 78.5183 3 3 0 1 0.4814 1 1 0 0.0000 0.9600
8 97.4285 121.9249 2 2 0 1 1.0122 1 1 0 0.0000 0.9600
8 92.0560 65.2067 3 3 0 1 1.0138 1 1 0 0.0000 0.9600
8 100.4068 124.7725 2 2 0 1 6.6291 1 1 0 0.0000 0.9600
8 101.7649 128.0355 2 2 0 1 0.7753 1 1 0 0.0000 0.9600
8 98.2208 65.4573 3 3 0 1 0.7721 1 1 0 0.0000 0.9600
8 101.9112 68.7101 3 3 0 1 0.7824 1 1 0 0.0000 0.9600
8 110.4685 121.2093 2 4 0 0 2.9363 0 1 0 0.0000 0.9600
8 79.9215 80.1434 1 3 0 0 1.6924 0 1 0 0.0000 0.9600
8 111.1747 126.9010 2 2 0 1 0.7675 1 1 0 0.0000 0.9600
8 80.4441 103.3211 1 1 0 1 1.0819 1 1 0 0.0000 0.9600
9 91.9884 65.8295 3 3 0 1 0.8581 1 1 0 0.0000 0.9600
9 107.3234 140.2796 2 2 0 1 0.8850 1 1 0 0.0000 0.9600
9 93.8110 81.9111 3 3 0 1 0.5791 1 1 0 0.0000 0.9600
9 68.0811 97.2900 1 1 0 1 0.3762 1 1 0 0.0000 0.9600
9 70.7976 95.5266 1 1 0 1 0.6338 1 1 0 0.0000 0.9600
9 100.7278 116.5772 2 2 0 1 0.7694 1 1 0 0.0000 0.9600
9 120.2761 123.7163 2 2 0 1 1.4053 1 1 0 0.0000 0.9600
9 93.3909 63.3240 3 3 0 1 0.6482 1 1 0 0.0000 0.9600
9 60.9801 93.5680 1 1 0 1 0.6708 1 1 0 0.0000 0.9600
9 81.3666 54.0435 3 3 0 1 0.6313 1 1 0 0.0000 0.9600
9 103.6137 74.1008 3 3 0 1 0.5737 1 1 0 0.0000 0.9600
9 103.5760 77.8437 3 3 0 1 0.5948 1 1 0 0.0000 0.9600
9 126.4884 92.9181 4 4 0 1 1.3364 1 1 0 0.0000 0.9600
9 103.3680 147.2061 2 2 0 1 1.0924 1 1 0 0.0000 0.9600
9 96.4990 80.8376 3 3 0 1 0.9031 1 1 0 0.0000 0.9600
9 130.1129 92.5924 4 4 0 1 0.4210 1 1 0 0.0000 0.9600
9 113.3941 91.5610 4 4 0 1 1.0162 1 1 0 0.0000 0.9600
9 119.9412 80.9812 3 4 0 0 0.5727 0 1 0 0.0000 0.9600
9 93.2724 118.2552 2 3 0 0 0.5641 0 1 0 0.0000 0.9600
9 77.5715 109.9897 1 1 0 1 0.8094 1 1 0 0.0000 0.9600
9 110.4528 128.4331 2 4 0 0 3.7492 0 1 0 0.0000 0.9600
9 71.8123 78.3524 1 1 0 1 0.4786 1 1 0 0.0000 0.9600
9 134.4524 99.3927 4 4 0 1 0.5789 1 1 0 0.0000 0.9600
9 91.4105 93.8808 3 3 0 1 1.3708 1 1 0 0.0000 0.9600
9 131.4001 98.8049 4 4 0 1 0.7076 1 1 0 0.0000 0.9600
9 129.0227 91.0200 4 4 0 1 0.5584 1 1 0 0.0000 0.9600
9 109.9944 128.7132 2 2 0 1 0.9324 1 1 0 0.0000 0.9600
9 63.6886 99.3253 1 1 0 1 0.7867 1 1 0 0.0000 0.9600
9 87.7432 121.7098 2 2 0 1 3.3574 1 1 0 0.0000 0.9600
9 112.2636 78.2404 3 3 0 1 0.8271 1 1 0 0.0000 0.9600
9 78.2270 104.3290 1 1 0 1 0.6627 1 1 0 0.0000 0.9600
9 133.9500 86.6055 4 4 0 1 0.7518 1 1 0 0.0000 0.9600
9 77.9959 133.3717 2 1 0 0 0.7490 0 1 0 0.0000 0.9600
9 71.1848 108.2609 1 1 0 1 1.1594 1 1 0 0.0000 0.9600
9 86.0869 61.6301 3 3 0 1 0.7810 1 1 0 0.0000 0.9600
9 106.8346 93.8795 4 4 0 1 2.2317 1 1 0 0.0000 0.9600
9 135.2789 131.4748 4 4 0 1 0.7613 1 1 0 0.0000 0.9600
9 98.1891 128.3366 2 4 0 0 0.9015 0 1 0 0.0000 0.9600
9 116.6119 107.6445 4 4 0 1 0.7889 1 1 0 0.0000 0.9600
9 74.4056 94.8732 1 1 0 1 0.7052 1 1 0 0.0000 0.9600
9 71.1379 121.6782 1 2 0 0 0.8257 0 1 0 0.0000 0.9600
9 70.1847 112.6640 1 1 0 1 1.0307 1 1 0 0.0000 0.9600
9 103.5668 102.0057 2 2 0 1 1.4011 1 1 0 0.0000 0.9600
9 101.9270 124.9169 2 2 0 1 0.5987 1 1 0 0.0000 0.9600
9 124.4760 113.3694 4 4 0 1 2.2366 1 1 0 0.0000 0.9600
9 119.7145 97.1257 4 4 0 1 0.7506 1 1 0 0.0000 0.9600
9 95.4788 69.3943 3 3 0 1 0.5367 1 1 0 0.0000 0.9600
9 88.9937 55.4789 3 3 0 1 0.8765 1 1 0 0.0000 0.9600
9 116.9702 92.0839 4 4 0 1 1.0161 1 1 0 0.0000 0.9600
9 58.2609 103.3889 1 1 0 1 1.7409 1 1 0 0.0000 0.9600
