1 95.081 129.76 1 1 2 2 1 5.7258
1 132.47 91.274 1 1 4 2 0 2.4572
1 96.095 76.707 1 3 3 3 1 11.509
1 99.777 123.8 1 2 2 2 1 2.6306
1 77.043 103.02 1 4 1 3 0 5.5267
1 123.59 90.996 1 4 3 3 1 0.93425
1 125.42 88.357 1 3 4 4 1 3.1588
1 96.639 63.931 1 4 3 3 1 1.6385
1 94.439 74.619 1 1 3 4 0 1.4308
1 105.35 62.113 1 1 3 3 1 1.9105
1 97.803 130.48 1 1 2 2 1 1.4948
1 80.514 110.94 1 4 1 2 0 2.5025
1 114.2 77.146 1 1 3 4 0 2.1986
1 102.03 55.27 1 3 3 3 1 1.0298
1 88.46 132.35 1 3 2 2 1 0.79047
1 103.04 133.76 1 4 2 1 0 2.3587
1 100.19 132.46 1 2 2 1 0 2.9344
1 111.42 105.79 1 1 4 3 0 2.0705
1 111.32 66.94 1 2 3 3 1 1.0464
1 96.006 70.31 1 4 3 4 0 1.3507
1 137.08 110.12 1 2 4 4 1 3.0625
1 100.26 126.58 1 2 2 2 1 3.3979
1 87.493 102.65 1 1 1 4 0 1.7664
1 73.271 112.19 1 4 1 4 0 1.1262
1 138.91 109.03 1 4 4 4 1 2.9023
1 108.36 74.954 1 4 3 3 1 4.0061
1 95.503 80.539 1 1 3 3 1 1.6862
1 83.097 99.69 1 4 1 4 0 1.0937
1 88.727 138.52 1 4 2 2 1 2.5341
1 68.92 110.38 1 4 1 3 0 2.8696
1 99.874 116.05 1 4 2 4 0 4.4378
1 138.16 109.2 1 2 4 3 0 1.1577
1 95.636 122.01 1 2 2 3 0 1.8137
1 135.48 103.1 1 2 4 4 1 3.2851
1 70.057 97.824 1 3 1 4 0 1.3333
1 110.47 86.667 1 1 3 3 1 3.8135
1 79.388 101.95 1 4 1 4 0 0.94981
1 124.8 92.44 1 3 4 3 0 0.58141
1 137.35 113.99 1 1 4 4 1 0.75761
1 136.37 93.27 1 1 4 3 0 2.2617
1 114.29 103.67 1 3 4 4 1 3.3174
1 101.3 118.25 1 3 2 4 0 1.5895
1 111.85 115.57 1 1 2 4 0 1.1251
1 49.067 104.17 1 3 1 3 0 2.4695
1 78.451 105.19 1 2 1 1 1 2.5493
1 85.51 78.382 1 4 3 4 0 2.1654
1 81.331 81.853 1 4 1 4 0 3.0132
1 65.483 111.99 1 4 1 3 0 0.77306
1 79.896 81.103 1 1 3 4 0 0.86924
1 130.11 92.592 1 2 4 1 0 1.9253
1 71.147 98.665 1 2 1 4 0 0.78883
1 64.441 99.62 1 2 1 4 0 1.8135
1 105.29 110.19 1 3 2 2 1 1.5896
1 108.16 121.17 1 1 2 1 0 1.7334
1 109.19 138.07 1 4 2 2 1 1.6535
1 131.82 93.131 1 1 4 4 1 3.6686
1 135.9 87.263 1 3 4 4 1 1.9731
1 118.36 111.64 1 2 4 1 0 2.901
1 103.8 134.02 1 3 2 2 1 2.005
1 143.47 104.91 1 3 4 1 0 2.5487
1 126.81 79.395 1 2 4 4 1 1.6684
1 92.034 75.207 1 3 3 3 1 1.8606
1 58.433 101.94 1 3 1 4 0 3.2848
1 91.842 58.59 1 2 3 3 1 1.3963
1 105.84 59.327 1 2 3 3 1 2.3563
1 78.156 106.16 1 4 1 1 1 3.9407
1 113.19 81.538 1 2 4 4 1 1.1408
1 84.668 102.75 1 1 1 1 1 2.6125
1 97.37 74.791 1 1 3 4 0 3.253
1 79.921 80.143 1 4 1 1 1 2.5645
1 67.377 101.21 1 1 1 1 1 1.5885
1 132.97 97.663 1 3 4 1 0 1.8765
1 130.46 86.239 1 4 4 1 0 1.7167
1 103.29 76.818 1 4 3 4 0 1.2846
1 107.66 76.983 1 3 3 4 0 0.93244
1 97.504 109.72 1 2 2 1 0 0.85262
1 56.719 111.46 1 1 1 2 0 1.5723
1 82.728 60.788 1 1 3 3 1 2.3242
1 96.222 119.36 1 2 2 1 0 3.6205
1 78.076 96.265 1 4 1 4 0 3.1725
1 100.28 82.642 1 4 3 3 1 1.5724
1 105.39 122.35 1 4 2 4 0 2.3407
1 100.66 138.95 1 4 2 2 1 2.8523
1 75.224 88.377 1 4 1 4 0 10.772
1 100.23 73.765 1 3 3 3 1 1.2362
1 95.087 138.82 1 4 2 2 1 4.0201
1 101.93 124.92 1 1 2 1 0 1.4434
1 135.92 94.174 1 2 4 1 0 3.1396
1 74.406 94.873 1 2 1 4 0 1.4275
1 103.49 123.83 1 4 2 1 0 1.3643
1 138.1 78.635 1 2 4 4 1 1.2519
1 84.233 137.95 1 2 2 2 1 1.86
1 67.055 109.5 1 2 1 3 0 27.252
1 108.59 150 1 4 2 2 1 7.3959
1 124.62 98.248 1 1 4 3 0 3.1234
1 100.45 75.41 1 2 3 4 0 1.6041
1 67.719 92.352 1 2 1 3 0 1.3476
1 94.17 78.633 1 4 3 3 1 0.86777
1 129.64 91.975 1 3 4 3 0 1.3956
1 150.2 102.4 1 1 4 1 0 3.1715
2 81.98 108.69 1 3 1 4 0 3.2959
2 125.36 108.83 1 3 4 4 1 25.203
2 127.81 85.974 1 4 4 4 1 21.779
2 84.364 77.564 1 2 3 3 1 3.9073
2 80.363 107.58 1 1 1 4 0 2.2916
2 96.851 93.522 1 3 1 4 0 3.4752
2 140.56 95.906 1 4 4 1 0 3.5076
2 107.65 124.98 1 1 2 1 0 1.971
2 88.576 154.71 1 1 2 2 1 1.0276
2 111.52 115.14 1 4 2 2 1 0.69124
2 135.82 105.16 1 4 4 1 0 0.78727
2 71.102 89.31 1 3 1 4 0 1.7152
2 92.918 131.84 1 4 2 2 1 1.875
2 91.087 110.36 1 2 2 1 0 2.8349
2 113.1 110.7 1 2 2 4 0 1.027
2 80.038 101.41 1 2 1 3 0 1.2511
2 69.448 106.47 1 1 1 4 0 2.1788
2 102.96 73.328 1 1 3 3 1 1.1546
2 79.308 92.667 1 2 1 4 0 1.1709
2 86.087 61.63 1 2 3 3 1 0.53071
2 72.136 96.496 1 3 1 3 0 0.89869
2 112.83 144.21 1 2 2 2 1 1.4425
2 102.34 113.04 1 2 2 1 0 2.5629
2 97.194 128.59 1 3 2 2 1 1.0908
2 120.24 105.37 1 3 4 1 0 0.94701
2 98.245 120.49 1 4 2 2 1 1.0743
2 76.242 107.64 1 1 1 4 0 1.6348
2 123.77 91.191 1 4 4 4 1 0.75477
2 109.99 128.71 1 4 2 2 1 1.1548
2 88.839 138.9 1 3 2 2 1 0.57861
2 105.24 69.674 1 2 3 3 1 1.8904
2 86.84 95.028 1 4 3 3 1 0.72255
2 136.8 115.45 1 1 4 4 1 1.4427
2 101.83 65.421 1 4 3 3 1 1.2025
2 128.1 100.78 1 2 4 4 1 1.3471
2 147.27 83.137 1 1 4 3 0 2.0343
2 134.45 99.393 1 4 4 4 1 0.7705
2 132.99 87.506 1 4 4 4 1 1.2505
2 101.9 83.963 1 3 3 3 1 0.88241
2 84.647 111.43 1 1 1 4 0 0.9467
2 104.9 118.62 1 4 2 4 0 1.9705
2 121.31 98.879 1 3 4 4 1 1.4903
2 86.386 114.75 1 1 1 1 1 0.86604
2 79.195 108.9 1 4 1 1 1 0.67423
2 61.124 86.306 1 3 1 4 0 0.97845
2 109.85 73.783 1 2 3 4 0 0.88186
2 137.4 90.895 1 4 4 4 1 0.72179
2 83.847 132.18 1 4 2 1 0 0.56204
2 89.249 78.622 1 3 3 1 0 1.298
2 96.491 75.548 1 2 3 4 0 0.96027
2 126.49 92.918 1 3 4 3 0 1.8715
2 85.657 87.331 1 3 1 3 0 0.67331
2 73.749 110.44 1 1 1 4 0 1.0582
2 78.088 134.84 1 4 2 1 0 1.8257
2 62.399 88.289 1 4 1 1 1 1.4577
2 106.96 129.73 1 4 2 1 0 1.6549
2 111.79 125.11 1 3 2 4 0 1.4538
2 82.452 94.309 1 4 1 4 0 0.86092
2 74.453 101.68 1 3 1 4 0 2.0657
2 70.846 89.233 1 3 1 3 0 1.0333
2 77.572 109.99 1 1 1 4 0 1.0418
2 112.41 118.76 1 1 4 4 1 0.75368
2 133.57 96.385 1 4 4 4 1 1.6015
2 109.08 102.43 1 3 4 4 1 0.97764
2 73.932 114.88 1 3 1 4 0 0.7856
2 73.556 72.203 1 4 3 3 1 0.90064
2 90.76 118.01 1 4 2 4 0 0.69352
2 126.18 107.62 1 4 4 4 1 1.5847
2 75.227 96.213 1 2 1 4 0 0.94946
2 121.92 85.312 1 2 4 3 0 1.9363
2 105.35 58.085 1 3 3 3 1 0.97662
2 104.55 75.985 1 2 3 3 1 0.94551
2 106.46 68.872 1 3 3 3 1 0.72114
2 82.976 154.25 1 2 2 2 1 1.1369
2 136.2 109.88 1 1 4 1 0 0.97759
2 114.53 61.526 1 1 3 3 1 1.2014
2 114.07 154.31 1 4 2 2 1 0.70506
2 100.99 121.59 1 4 2 2 1 0.76835
2 99.136 69.971 1 2 3 3 1 1.0413
2 116.97 92.084 1 1 4 4 1 2.6892
2 87.314 64.028 1 1 3 3 1 1.0732
2 104.2 141.27 1 3 2 1 0 1.4887
2 100.29 72.427 1 1 3 3 1 0.92906
2 103.79 74.408 1 3 3 3 1 0.72121
2 124.87 94.913 1 3 4 3 0 1.3929
2 104.56 56.695 1 1 3 3 1 0.94507
2 101.11 71.326 1 4 3 3 1 0.72085
2 135.16 91.08 1 1 4 4 1 1.8568
2 127.04 102.53 1 1 4 4 1 0.88085
2 131.6 100.05 1 3 4 4 1 0.80117
2 105.56 113.27 1 2 2 1 0 0.81648
2 101.16 128.38 1 2 2 2 1 0.81669
2 98.409 50.535 1 1 3 3 1 0.89682
2 92.056 65.207 1 3 3 3 1 0.70461
2 70.723 116.53 1 3 1 2 0 1.2169
2 102.16 55.752 1 4 3 3 1 0.84846
2 96.141 112.8 1 2 2 1 0 1.5688
2 77.928 100.5 1 1 1 1 1 0.72048
2 95.619 81.297 1 1 3 1 0 0.80056
2 64.365 104.84 1 2 1 4 0 1.5999
3 122.11 103.28 1 2 4 4 1 1.648
3 79.951 141.1 1 1 2 2 1 1.3282
3 93.416 96.683 1 1 1 4 0 1.6003
3 78.275 98.073 1 4 1 4 0 2.224
3 104.09 67.894 1 2 3 3 1 1.008
3 127.58 95.363 1 2 4 4 1 1.056
3 94.993 68.6 1 1 3 3 1 0.64017
3 109.89 115.34 1 3 2 1 0 2.7044
3 80.323 104.7 1 3 1 4 0 1.936
3 110.59 67.354 1 4 3 3 1 0.7201
3 68.797 98.916 1 3 1 4 0 4.7516
3 88.911 106.9 1 4 1 4 0 1.1202
3 110.61 128.72 1 3 2 1 0 1.6959
3 149.08 86.517 1 2 4 4 1 1.3438
3 90.995 70.212 1 3 3 3 1 0.75172
3 87.361 68.211 1 4 3 3 1 2.0962
3 105.22 124.71 1 1 2 4 0 0.91202
3 127.38 98.414 1 3 4 4 1 0.94389
3 58.328 73.353 1 1 1 3 0 1.1362
3 94.167 86.356 1 2 3 4 0 2.5278
3 76.579 100.09 1 3 1 4 0 2.096
3 97.429 121.92 1 4 2 1 0 0.8159
3 90.796 75.564 1 4 3 4 0 0.8156
3 105.67 73.16 1 1 3 4 0 1.1679
3 68.081 97.29 1 2 1 4 0 0.7343
3 103.82 160.68 1 2 2 2 1 1.1355
3 87.743 121.71 1 1 2 2 1 7.5837
3 90.727 115.04 1 4 2 2 1 1.1195
3 112.26 78.24 1 3 3 1 0 1.8393
3 79.587 92.389 1 2 1 4 0 1.7751
3 132.71 98.452 1 3 4 4 1 1.7113
3 52.279 89.759 1 4 1 1 1 1.8233
3 106.94 67.181 1 1 3 4 0 6.9752
3 92.592 132.06 1 3 2 1 0 2.3831
3 93.355 104.98 1 1 1 1 1 3.8234
3 134.9 112.82 1 2 4 2 0 1.8871
3 112.99 56.667 1 1 3 3 1 1.4233
3 91.876 91.165 1 1 1 4 0 2.3031
3 96.553 70.742 1 4 3 3 1 1.3433
3 119.21 107.17 1 2 4 4 1 3.1834
3 91.41 93.881 1 3 3 4 0 1.1512
3 105.91 134.84 1 1 2 2 1 1.6151
3 58.379 84.361 1 1 1 1 1 1.2794
3 116.68 143.14 1 2 2 2 1 1.2471
3 57.396 106.88 1 3 1 1 1 1.1029
3 142.54 96.024 1 4 4 1 0 2.3349
3 133.69 86.174 1 2 4 4 1 0.6708
3 110.72 120.02 1 4 2 1 0 1.663
3 78.534 135.86 1 1 2 2 1 0.99097
3 99.356 122.93 1 1 2 2 1 1.3748
3 126.25 93.826 1 3 4 1 0 1.1832
3 117.36 99.67 1 1 4 1 0 1.0072
3 123.62 140.58 1 3 2 2 1 1.0227
3 107.34 146.03 1 3 2 2 1 0.73453
3 66.393 108.79 1 2 1 4 0 1.6466
3 120.78 94.112 1 1 4 4 1 1.9505
3 85.758 122.92 1 3 2 1 0 1.6148
3 100.31 142.8 1 3 2 2 1 1.2141
3 94.597 82.411 1 2 3 4 0 1.3588
3 113.73 110.07 1 1 4 1 0 3.4068
3 64.23 102.61 1 2 1 4 0 2.4301
3 124.72 97.362 1 1 4 4 1 2.4624
3 85.173 84.335 1 1 1 3 0 2.0461
3 77.33 102.76 1 3 1 3 0 1.3586
3 71.185 108.26 1 3 1 4 0 2.3504
3 103.58 77.844 1 2 3 3 1 0.92643
3 89.896 132.19 1 2 2 2 1 1.614
3 116.75 95.248 1 1 4 4 1 3.7424
3 90.263 82.881 1 1 3 3 1 1.294
3 129.27 80.77 1 1 4 4 1 2.3025
3 110.07 62.644 1 3 3 3 1 1.6141
3 51.438 108.53 1 3 1 1 1 2.398
3 134.54 105.28 1 3 4 1 0 2.732
3 63.9 101.59 1 2 1 4 0 2.5421
3 133.32 99.716 1 3 4 1 0 2.318
3 121.8 103.95 1 4 4 4 1 2.2541
3 143.65 112.93 1 4 4 1 0 1.9182
3 136.68 89.393 1 3 4 4 1 2.6543
3 95.194 94.826 1 4 3 4 0 3.0693
3 107.42 77.578 1 1 3 4 0 1.7101
3 98.221 65.457 1 1 3 3 1 6.1898
3 104.31 130.62 1 4 2 1 0 2.0296
3 67.26 96.275 1 2 1 4 0 1.9499
3 99.281 114.32 1 2 2 1 0 3.9652
3 98.189 128.34 1 1 2 1 0 1.1819
3 94.284 48.611 1 1 3 3 1 1.2453
3 74.279 93.98 1 3 1 3 0 1.5653
3 101.9 52.566 1 2 3 3 1 3.2776
3 117.22 127.39 1 3 2 1 0 6.7336
3 96.455 124.97 1 1 2 1 0 1.6292
3 59.669 94.748 1 2 1 1 1 2.5095
3 94.934 58.117 1 1 3 3 1 2.1729
3 112.9 126.84 1 2 2 2 1 2.1735
3 96.13 74.53 1 1 3 3 1 1.6457
3 113.03 96.023 1 4 4 1 0 2.6374
3 145.51 105.09 1 3 4 2 0 1.0691
3 136.7 85.785 1 3 4 1 0 1.1977
3 102.12 59.224 1 4 3 3 1 1.517
3 62.847 102.1 1 4 1 4 0 9.5812
3 125.5 91.716 1 3 4 4 1 2.3813
4 110.47 121.21 0 4 2 2 1 4.2559
4 96.142 70.835 0 3 3 4 0 2.5884
4 108.45 68.655 0 3 3 3 1 1.2293
4 88.994 55.479 0 3 3 3 1 1.1012
4 132.66 101.59 0 4 4 1 0 3.7255
4 133.99 82.461 0 2 4 4 1 3.0691
4 116.02 54.02 0 1 3 3 1 1.6131
4 107.76 101.61 0 4 4 4 1 2.573
4 102.92 122.09 0 4 2 1 0 6.3175
4 99.04 118.42 0 4 2 1 0 1.629
4 114.94 130.41 0 2 2 2 1 1.2128
4 89.671 66.716 0 1 3 3 1 2.7002
4 95.911 133.08 0 4 2 1 0 3.4688
4 93.272 118.26 0 3 2 1 0 2.5405
4 136.55 103.78 0 3 4 1 0 1.8991
4 80.444 103.32 0 1 1 4 0 1.8846
4 115.63 88.531 0 1 3 4 0 3.3086
4 88.697 141.36 0 2 2 2 1 1.5966
4 98.299 66.622 0 1 3 3 1 2.1725
4 105.96 87.726 0 1 3 4 0 2.9724
4 129.21 95.301 0 4 4 4 1 1.4202
4 77.029 88.631 0 3 1 1 1 7.9963
4 87.404 103.16 0 3 1 4 0 1.2283
4 103.58 78.518 0 2 3 4 0 1.0685
4 106.63 68.216 0 2 3 3 1 2.8606
4 75.862 108.55 0 2 1 1 1 3.9165
4 101.91 68.71 0 1 3 4 0 1.3884
4 93.391 63.324 0 1 3 3 1 2.7007
4 104.3 71.17 0 1 3 3 1 0.66859
4 92.524 112.37 0 1 2 4 0 2.3961
4 104.87 112.12 0 2 2 1 0 7.9967
4 69.509 113.49 0 1 1 1 1 2.4763
4 95.06 146.43 0 1 2 2 1 1.5803
4 85.261 84.46 0 3 1 4 0 1.8202
4 116.84 79.516 0 1 3 3 1 1.1648
4 66.173 98.415 0 2 1 4 0 1.692
4 108.83 89.459 0 1 3 4 0 1.2926
4 92.87 115.4 0 4 2 2 1 3.1159
4 104.68 56.501 0 1 3 3 1 1.5001
4 94.721 105.78 0 4 2 4 0 1.5803
4 114.54 65.252 0 4 3 3 1 1.1473
4 77.293 99.987 0 1 1 4 0 1.852
4 116.12 104.15 0 2 4 1 0 13.9
4 107.27 82.169 0 4 3 4 0 2.5236
4 98.021 135.47 0 2 2 1 0 2.4761
4 74.269 85.795 0 1 1 4 0 2.4596
4 111.29 71.945 0 3 3 4 0 7.3237
4 115.5 102.46 0 4 4 4 1 1.6595
4 91.393 137.11 0 2 2 2 1 1.1313
4 95.772 76.385 0 1 3 4 0 1.3557
4 106.83 93.879 0 3 4 4 1 1.3075
4 74.106 102.73 0 3 1 4 0 1.9157
4 121.82 81.2 0 3 4 3 0 1.5634
4 129.33 121.82 0 1 4 1 0 2.2197
4 67.46 105.32 0 2 1 4 0 1.7399
4 129.41 107.43 0 1 4 4 1 3.2276
4 84.064 104.13 0 3 1 1 1 1.8035
4 126.72 117.5 0 4 4 1 0 4.1236
4 148.4 105.74 0 2 4 4 1 5.3709
4 73.33 105.79 0 3 1 4 0 1.9634
4 75.961 119.52 0 2 1 1 1 1.8674
4 99.229 138.82 0 4 2 1 0 2.171
4 81.135 85.89 0 1 1 4 0 2.0597
4 75.915 124.97 0 1 1 4 0 5.4192
4 110.89 77.799 0 2 3 4 0 1.6593
4 140.28 107.07 0 1 4 4 1 1.163
4 120.12 97.778 0 1 4 3 0 0.63464
4 123.16 86.321 0 2 3 3 1 1.1791
4 65.58 106.67 0 2 1 4 0 1.9153
4 109.25 147.88 0 4 2 2 1 1.179
4 63.01 111.55 0 3 1 1 1 1.4988
4 72.976 91.851 0 1 1 4 0 2.6987
4 118 110.77 0 1 4 4 1 2.0105
4 90.591 64.502 0 1 1 3 0 1.8352
4 126.18 99.77 0 4 4 4 1 1.5307
4 110.72 116.09 0 3 2 1 0 1.4189
4 137.43 97.095 0 2 4 4 1 1.6424
4 143.86 102.71 0 1 4 1 0 2.9873
4 107.49 124.27 0 4 2 2 1 2.3464
4 103.74 91.348 0 1 4 4 1 0.90681
4 91.515 109.53 0 2 2 1 0 3.3068
4 100.68 135.61 0 4 2 2 1 1.0989
4 108.91 79.36 0 4 3 4 0 1.6428
4 107.5 121.61 0 1 2 2 1 1.2268
4 108.88 128.95 0 1 2 2 1 0.79488
4 116.93 101.92 0 4 4 1 0 2.1707
4 99.892 122.91 0 1 2 1 0 1.4186
4 79.913 104.87 0 1 1 1 1 2.4907
4 134.65 106.72 0 2 4 1 0 1.2904
4 65.666 89.518 0 2 1 4 0 1.5147
4 63.269 104.28 0 2 1 4 0 1.2425
4 129.66 100.8 0 2 4 1 0 2.3623
4 69.777 107.51 0 1 1 4 0 2.2823
4 63.841 99.981 0 3 1 1 1 3.6261
4 141.16 118.94 0 4 4 1 0 2.3299
4 101.77 60.413 0 1 3 3 1 1.2579
4 119.7 106.13 0 4 4 1 0 1.7857
4 107.58 141.28 0 4 2 4 0 1.8661
4 107.49 144.64 0 1 2 4 0 1.4979
4 81.367 54.044 0 4 3 3 1 0.77826
5 93.03 127.92 0 3 2 2 1 3.2479
5 133.38 95.12 0 2 4 1 0 2.762
5 92.622 121.35 0 3 2 4 0 1.2898
5 131.21 109.65 0 1 4 4 1 1.2254
5 119.67 98.963 0 2 4 4 1 0.55384
5 60.554 97.491 0 3 1 4 0 0.66582
5 90.661 114.79 0 1 2 1 0 0.7616
5 123.59 102.76 0 2 4 4 1 1.1937
5 127.1 108.36 0 1 4 1 0 1.4179
5 94.577 65.346 0 1 3 4 0 0.96987
5 106.2 62.128 0 2 3 4 0 1.1301
5 122.17 87.285 0 3 4 4 1 0.66557
5 103.35 81.916 0 4 3 3 1 0.64938
5 118.59 107.79 0 4 2 1 0 2.1379
5 63.495 112.71 0 2 1 4 0 1.674
5 71.745 107.37 0 3 1 4 0 0.72958
5 136.66 105.03 0 1 4 3 0 0.72932
5 117.04 134.52 0 2 2 2 1 1.2416
5 122.05 99.856 0 1 4 1 0 1.3859
5 94.904 108.78 0 1 2 1 0 1.1138
5 90.435 136.37 0 2 2 2 1 1.3857
5 102.66 124.97 0 1 2 2 1 1.0016
5 78.163 109.64 0 1 1 1 1 7.3529
5 101.47 116.34 0 1 2 4 0 0.58529
5 53.26 97.652 0 3 1 4 0 0.84114
5 133.28 109.73 0 1 4 1 0 2.1851
5 111.12 67.162 0 1 3 4 0 0.87319
5 99.532 110.29 0 3 2 4 0 1.3528
5 150.63 101.2 0 3 4 4 1 2.9373
5 42.798 98.786 0 3 1 4 0 0.79263
5 103.78 117.24 0 3 2 1 0 1.3528
5 95.532 124.7 0 4 2 2 1 0.8088
5 99.578 137.41 0 1 2 2 1 1.0168
5 109 126.84 0 3 2 2 1 1.0489
5 132.52 79.367 0 1 4 4 1 2.1367
5 68.59 111.24 0 3 1 4 0 3.1606
5 86.379 114.45 0 3 1 4 0 7.529
5 75.862 81.326 0 4 1 3 0 2.937
5 77.056 105.17 0 2 1 4 0 2.1374
5 101.42 66.018 0 1 3 3 1 2.1206
5 119.94 80.981 0 1 3 3 1 0.66453
5 89.375 80.253 0 4 3 4 0 0.90472
5 104.46 125.87 0 2 2 2 1 2.4726
5 116.24 104.32 0 4 4 2 0 11.465
5 74.12 99.144 0 4 1 4 0 1.6084
5 60.351 114.31 0 3 1 4 0 1.8485
5 144.12 106.39 0 4 4 4 1 0.98422
5 91.698 118.62 0 2 2 4 0 1.4005
5 103.42 75.886 0 2 3 4 0 0.72864
5 95.969 62.936 0 3 3 4 0 0.84054
5 81.66 102.4 0 2 1 4 0 0.68029
5 107.88 133.45 0 4 2 1 0 1.1922
5 106.04 131.14 0 1 2 2 1 0.56827
5 84.914 90.149 0 1 3 4 0 0.87221
5 146.64 104.11 0 1 4 4 1 1.0314
5 63.64 102.47 0 3 1 4 0 0.93645
5 79.825 110.03 0 1 1 1 1 2.152
5 97.225 74.907 0 1 3 4 0 1.0156
5 116.61 107.64 0 1 4 4 1 0.82421
5 90.777 75.458 0 2 3 4 0 0.82419
5 64.178 95.854 0 1 1 4 0 2.2159
5 100.45 55.048 0 2 3 3 1 0.56862
5 95.711 96.621 0 2 1 4 0 1.8622
5 142.53 91.584 0 4 4 4 1 0.26358
5 79.833 109.31 0 4 1 4 0 0.68
5 55.679 110.52 0 3 1 4 0 0.71204
5 96.492 64.001 0 3 3 4 0 3.4002
5 118.33 94.643 0 2 4 4 1 1.1121
5 110.27 135.74 0 2 2 2 1 0.95173
5 80.169 102.41 0 2 1 2 0 1.1917
5 123.32 82.92 0 1 3 4 0 1.0317
5 135.28 131.47 0 4 4 2 0 1.5758
5 100.57 59.036 0 2 3 3 1 1.032
5 126.28 83.819 0 1 4 3 0 2.9837
5 110.42 97.203 0 2 4 4 1 11.032
5 63.436 97.967 0 2 1 1 1 2.4717
5 125.38 93.662 0 1 4 1 0 1.5597
5 103.06 66.627 0 3 3 4 0 1.5114
5 65.574 101.79 0 3 1 4 0 1.3517
5 98.018 84.376 0 3 3 4 0 1.4796
5 109.41 86.605 0 3 3 4 0 2.3433
5 98.029 119 0 1 2 2 1 2.0875
5 94.552 61.334 0 3 3 3 1 10.279
5 126.13 115.08 0 4 4 1 0 2.4068
5 68.809 92.921 0 4 1 4 0 1.4153
5 101.17 119.29 0 3 2 1 0 1.7674
5 93.811 81.911 0 1 3 1 0 1.655
5 105.05 72.423 0 4 3 4 0 1.6871
5 69.682 91.355 0 2 1 4 0 2.9674
5 103.92 117.37 0 2 2 4 0 2.0394
5 76.309 94.566 0 2 1 4 0 3.9112
5 80.033 125.03 0 1 2 1 0 1.1594
5 83.244 87.235 0 3 3 4 0 0.99876
5 96.667 66.656 0 1 3 4 0 0.55112
5 83.511 127.5 0 4 2 1 0 1.095
5 131.72 99.714 0 4 4 1 0 1.3835
5 120.26 88.827 0 4 4 4 1 1.6231
5 98.872 73.991 0 3 3 4 0 2.503
5 138.93 102.89 0 3 4 4 1 0.98235
5 92.722 150.37 0 1 2 2 1 6.279
6 68.218 104.29 0 4 1 4 0 1.632
6 77.858 103.26 0 3 1 4 0 0.77496
6 104.74 95.854 0 3 4 4 1 1.3348
6 64.79 77.371 0 2 1 3 0 0.88706
6 129.5 98.678 0 3 4 4 1 2.0392
6 91.959 81.369 0 3 3 3 1 0.98243
6 111.12 118.31 0 4 4 1 0 2.1828
6 139.88 103.12 0 3 4 4 1 1.2545
6 107.7 80.542 0 3 3 3 1 0.8702
6 97.639 74.144 0 4 3 3 1 0.64714
6 129.56 104.72 0 2 4 4 1 1.861
6 105.67 113.86 0 1 2 4 0 1.3982
6 87.952 84.351 0 4 1 3 0 2.2458
6 89.205 134.14 0 3 2 2 1 1.4627
6 76.811 106.37 0 2 1 1 1 1.9482
6 93.668 67.523 0 1 3 4 0 1.3503
6 70.959 107.6 0 4 1 4 0 2.9179
6 65.225 109.44 0 1 1 4 0 3.5262
6 65.882 90.463 0 1 1 4 0 1.4783
6 101.76 128.04 0 1 2 2 1 1.9587
6 91.782 124.11 0 1 2 2 1 2.006
6 119.71 97.126 0 2 4 1 0 2.0543
6 138.79 110.53 0 1 4 1 0 0.82222
6 124.48 113.37 0 2 4 1 0 0.64625
6 104.76 75.866 0 3 3 4 0 0.96597
6 69.83 103.95 0 4 1 4 0 1.238
6 97.391 130.76 0 3 2 2 1 1.0938
6 106.33 61.389 0 2 3 3 1 1.0463
6 93.953 116.25 0 3 2 4 0 1.9578
6 131.92 123.13 0 1 4 2 0 0.54965
6 86.987 137.73 0 4 2 4 0 0.64604
6 56.58 97.892 0 2 1 4 0 0.53395
6 72.087 111.01 0 3 1 4 0 0.93455
6 76.165 80.21 0 3 1 1 1 0.91831
6 85.629 129.72 0 4 2 4 0 0.62905
6 98.909 143.28 0 1 2 2 1 0.72559
6 122.27 97.825 0 3 4 1 0 0.58149
6 103.65 80.325 0 2 3 3 1 0.58154
6 123.04 92.771 0 1 4 4 1 1.2217
6 132.46 93.55 0 4 4 3 0 0.8853
6 91.934 128.11 0 2 2 2 1 0.7893
6 98.642 67.085 0 3 3 3 1 0.91756
6 54.54 100.59 0 1 1 4 0 2.0213
6 131.28 106.85 0 3 4 3 0 0.91733
6 107.98 122.28 0 1 2 2 1 0.98151
6 111.72 105.18 0 2 4 4 1 0.4052
6 94.558 127.32 0 2 2 3 0 0.77326
6 127.55 108.75 0 1 4 1 0 0.53289
6 123.55 93.888 0 1 4 4 1 0.45318
6 102.05 85.178 0 4 3 3 1 0.42155
6 106.68 75.35 0 2 3 3 1 0.50107
6 76.533 94.493 0 4 1 4 0 0.4697
6 108.87 89.02 0 2 4 2 0 0.58092
6 113.3 55.992 0 1 3 2 0 0.64497
6 71.365 100.47 0 1 1 4 0 0.7095
6 94.161 140.32 0 1 2 3 0 0.70893
6 100.56 73.971 0 1 3 1 0 0.4853
6 107.49 67.776 0 1 3 1 0 0.62956
6 98.916 142.17 0 2 2 4 0 1.4292
6 90.957 126.35 0 3 2 3 0 0.83696
6 107.32 140.28 0 3 2 4 0 1.557
6 97.76 139.67 0 1 2 3 0 0.59684
6 88.565 90.106 0 1 1 4 0 0.86913
6 133.66 106.89 0 1 4 1 0 0.74068
6 119.86 94.212 0 1 4 4 1 0.46843
6 90.988 115.65 0 2 2 1 0 0.42028
6 82.918 60.697 0 3 3 3 1 0.72486
6 121.04 119.98 0 2 2 1 0 1.4766
6 86.198 132.76 0 1 2 4 0 0.7885
6 100.73 116.58 0 3 2 2 1 0.58046
6 87.689 64.684 0 4 3 3 1 1.892
6 89.613 63.608 0 4 3 3 1 0.58099
6 125.82 82.164 0 2 4 4 1 0.40485
6 99.288 68.199 0 3 3 3 1 0.69246
6 120.28 123.72 0 4 2 1 0 1.5567
6 105.49 142.37 0 1 2 4 0 0.48441
6 116.47 89.716 0 1 4 2 0 0.42047
6 98.031 85.915 0 1 3 3 1 2.8681
6 61.808 120.11 0 1 1 4 0 0.70844
6 71.973 116.23 0 3 1 1 1 0.50034
6 133.95 86.606 0 1 4 4 1 0.35673
6 99.84 81.41 0 3 3 3 1 1.0765
6 110.69 65.784 0 1 3 2 0 1.1086
6 136.69 95.045 0 1 4 1 0 0.56441
6 133.64 103.47 0 3 4 4 1 0.43602
6 73.609 100.08 0 3 1 3 0 0.084446
6 81.771 111.11 0 3 1 3 0 0.7086
6 65.618 91.433 0 3 1 4 0 0.7402
6 99.035 89.404 0 2 3 2 0 1.2197
6 94.481 130.18 0 2 2 3 0 2.5325
6 115.87 77.242 0 2 3 4 0 2.2796
6 91.988 65.829 0 1 3 1 0 0.29188
6 71.068 87.646 0 1 1 2 0 0.82013
6 103.41 73.775 0 2 3 4 0 0.035813
6 104.43 118.43 0 3 2 1 0 0.30778
6 131.93 115.75 0 3 4 3 0 0.58351
6 61.901 110.73 0 2 1 3 0 0.37119
6 80.01 106.7 0 3 1 4 0 0.11584
6 90.919 50.4 0 3 3 2 0 0.38775
6 81.446 97.614 0 3 1 1 1 0.38763
7 77.653 103.19 1 2 1 4 0 0.80002
7 66.984 90.416 1 4 1 3 0 0.43537
7 67.513 120.72 1 2 1 4 0 1.7161
7 121.5 110.05 1 4 4 3 0 0.29203
7 109.59 66.144 1 4 3 1 0 0.53169
7 102.79 116.42 1 4 2 2 1 0.6272
7 56.686 103.6 1 4 1 3 0 0.21156
7 99.222 84.464 1 1 3 1 0 0.38696
7 84.361 143.25 1 3 2 4 0 0.6592
7 65.272 109.84 1 4 1 2 0 14.979
7 97.348 129.19 1 1 2 4 0 0.59459
7 122.53 84.582 1 2 4 3 0 1.0915
7 116.71 100.27 1 2 4 1 0 0.75446
7 71.871 91 1 3 1 4 0 0.67504
7 95.99 78.373 1 1 3 3 1 1.8437
7 62.668 107.74 1 1 1 2 0 6.4353
7 91.337 66.395 1 3 3 4 0 0.35542
7 100.19 133.48 1 2 2 1 0 3.1709
7 114.9 101.9 1 2 4 4 1 3.6669
7 66.948 106.22 1 1 1 2 0 4.1628
7 106.4 126.84 1 3 2 2 1 6.7708
7 98.577 125.95 1 4 2 2 1 8.6591
7 136.64 100.6 1 2 4 4 1 0.53136
7 103.03 121.99 1 4 2 3 0 0.65924
7 71.138 121.68 1 1 1 4 0 0.21098
7 146.57 88.563 1 1 4 2 0 3.1552
7 115.33 116.76 1 3 2 2 1 5.2031
7 91.971 124.15 1 4 2 4 0 0.018538
7 105.35 81.111 1 2 3 3 1 0.45501
7 114.68 141.24 1 1 2 4 0 0.32283
7 80.613 64.8 1 4 3 4 0 0.56252
7 75.413 94.694 1 4 1 1 1 1.3151
7 124.18 129.49 1 4 4 2 0 2.9466
7 118.45 107.25 1 1 4 2 0 5.6507
7 96.499 80.838 1 3 3 3 1 1.4583
7 109.02 110.12 1 1 4 2 0 8.1948
7 105.47 122.04 1 3 2 3 0 0.70632
7 107.91 64.381 1 3 3 2 0 9.8426
7 117.5 78.019 1 3 3 2 0 25.794
7 101.7 60.196 1 3 3 4 0 1.1059
7 93.356 125.65 1 2 2 3 0 0.8665
7 64.475 77.533 1 4 1 2 0 5.3147
7 76.401 95.296 1 3 1 2 0 5.4583
7 100.69 64.568 1 1 3 4 0 0.09813
7 104.76 57.815 1 1 3 3 1 1.4587
7 103.61 74.101 1 2 3 4 0 2.4345
7 92.905 122.1 1 2 2 4 0 1.5223
7 64.793 86.673 1 4 1 4 0 2.9459
7 103.57 102.01 1 2 2 1 0 3.4584
7 104.89 113.38 1 1 2 2 1 1.7941
7 100.12 137.38 1 2 2 2 1 1.5578
7 104.84 64.581 1 3 3 2 0 1.6221
7 137.08 98.541 1 1 4 2 0 1.6817
7 101.83 70.986 1 2 3 1 0 5.2658
7 149.85 85.663 1 3 4 1 0 2.0217
7 93.601 125.3 1 2 2 2 1 0.64184
7 72.593 121.4 1 3 1 4 0 0.40177
7 113.65 134.47 1 3 2 3 0 0.27388
7 106.8 73.142 1 1 3 4 0 1.6697
7 60.98 93.568 1 1 1 3 0 0.21006
7 105.5 79.112 1 1 3 4 0 0.1621
7 124.48 113.5 1 3 4 4 1 2.0858
7 123.18 102.5 1 2 4 3 0 7.0898
7 109.42 76.845 1 4 3 3 1 1.2176
7 69.085 87.081 1 1 1 3 0 5.0254
7 94.408 49.697 1 4 3 3 1 4.2098
7 134.62 92.051 1 3 4 3 0 2.2901
7 65.786 99.051 1 2 1 3 0 4.9133
7 136.19 96.662 1 2 4 3 0 3.9215
7 67.057 102.81 1 4 1 3 0 1.5056
7 66.681 92.02 1 1 1 3 0 3.6175
7 127.27 101.29 1 1 4 3 0 4.6571
7 139.65 97.568 1 3 4 3 0 9.3778
7 112.36 123.11 1 4 2 3 0 0.80132
7 136.03 94.356 1 2 4 3 0 6.0177
7 121.21 99.186 1 1 4 3 0 0.51309
7 106.55 94.586 1 4 4 1 0 1.6333
7 140.38 105.71 1 2 4 2 0 0.56114
7 83.552 92.867 1 2 1 1 1 1.7968
7 121.1 94.577 1 1 4 2 0 2.0653
7 77.531 86.067 1 4 1 1 1 0.16064
7 82.204 101.04 1 1 1 1 1 1.6494
7 92.969 69.134 1 4 3 1 0 16.145
7 69.965 86.568 1 1 1 2 0 0.27295
7 63.689 99.325 1 2 1 1 1 3.0408
7 136.74 101.5 1 4 4 1 0 1.4571
7 98.179 69.092 1 4 3 2 0 0.46505
7 118.19 104.74 1 3 4 2 0 1.9362
7 58.261 103.39 1 3 1 1 1 0.5292
7 107.71 136.73 1 1 2 3 0 1.0605
7 97.692 64.121 1 3 3 3 1 5.9368
7 95.353 130.86 1 2 2 3 0 0.65689
7 75.797 136.11 1 3 2 3 0 0.70508
7 107.85 71.129 1 4 3 3 1 1.4611
7 101.55 83.49 1 2 3 3 1 1.345
7 109.23 139.79 1 2 2 3 0 3.0606
7 154.99 97.41 1 2 4 3 0 1.4405
7 103.5 142.9 1 2 2 3 0 0.1287
7 94.301 69.413 1 3 3 3 1 0.36907
7 107.17 132.04 1 1 2 3 0 0.19288
8 67.698 96.766 1 3 1 4 0 1.216
8 124.01 108.19 1 3 4 4 1 1.0886
8 136.27 109.16 1 3 4 4 1 1.3124
8 128.38 97.975 1 2 4 4 1 0.46477
8 132.98 98.246 1 3 4 4 1 0.49631
8 72.507 95.076 1 1 1 4 0 0.40017
8 57.944 87.101 1 2 1 4 0 0.51192
8 95.849 76.65 1 1 3 4 0 0.7525
8 88.689 98.299 1 4 1 4 0 5.9521
8 88.952 121.92 1 3 2 4 0 0.38444
8 70.185 112.66 1 3 1 4 0 1.4281
8 88.929 109.56 1 1 2 4 0 0.5439
8 131.37 96.305 1 4 4 4 1 0.27192
8 128.97 121.71 1 4 4 4 1 0.28803
8 54.726 102.95 1 3 1 4 0 0.49658
8 83.69 97.759 1 4 1 4 0 0.78366
8 92.588 154.28 1 2 2 4 0 0.67228
8 127.71 107.19 1 1 4 4 1 0.55995
8 128.04 100.7 1 3 4 4 1 10.672
8 111.17 126.9 1 1 2 4 0 0.22379
8 56.413 94.264 1 4 1 4 0 0.51208
8 94.348 71.337 1 2 3 4 0 1.0721
8 135.33 94.302 1 3 4 4 1 1.6156
8 66.881 103.13 1 1 1 4 0 0.14434
8 82.785 71.596 1 3 3 4 0 7.8077
8 113.39 91.561 1 4 4 4 1 11.904
8 103.32 134.06 1 4 2 4 0 1.7279
8 108.67 117.67 1 3 2 4 0 1.0879
8 102.59 83.574 1 2 3 4 0 0.22757
8 117.85 104.56 1 2 4 4 1 0.1954
8 74.093 102.45 1 4 1 4 0 0.1596
8 120.98 109.66 1 4 4 4 1 0.12075
8 111.85 106.14 1 3 4 4 1 0.39944
8 93.937 62.462 1 3 3 4 0 5.7796
8 71.812 78.352 1 2 1 4 0 1.183
8 98.016 72.591 1 4 3 4 0 0.079858
8 97.858 128.19 1 3 2 4 0 0.29109
8 117.2 70.548 1 1 3 4 0 0.17522
8 69.659 95.394 1 4 1 4 0 0.25898
8 123.6 102.77 1 1 4 4 1 0.27518
8 39.473 74.96 1 3 1 4 0 6.8628
8 99.869 69.579 1 3 3 4 0 0.6875
8 102.26 91.893 1 2 3 4 0 0.55947
8 95.479 69.394 1 2 3 4 0 0.43102
8 140.14 112.93 1 2 4 4 1 0.38329
8 102.56 50.881 1 1 3 4 0 5.1195
8 125.76 107.77 1 3 4 4 1 0.67152
8 100.41 124.77 1 3 2 4 0 1.6315
8 87.638 87.9 1 1 1 4 0 0.095059
8 93.178 65.476 1 3 3 4 0 0.91057
8 63.81 110.56 1 1 1 4 0 0.014761
8 107.74 151.82 1 1 2 4 0 0.575
8 121.88 109.92 1 1 4 4 1 0.12713
8 93.065 64.704 1 3 3 3 1 0.51057
8 88.157 69.825 1 4 3 3 1 1.5829
8 98.277 121.06 1 3 2 3 0 1.2788
8 86.696 51.709 1 4 3 3 1 0.014539
8 108.76 66.537 1 4 3 3 1 0.4469
8 131.56 93.748 1 4 4 3 0 0.75423
8 106.93 125.34 1 4 2 3 0 1.2624
8 87.327 119.11 1 4 2 3 0 0.11027
8 97.072 123.33 1 2 2 3 0 0.89786
8 113.92 134.08 1 1 2 3 0 0.46627
8 77.574 106.8 1 4 1 3 0 0.31857
8 118.28 134.39 1 4 2 3 0 0.39837
8 91.631 131.59 1 3 2 3 0 0.78222
8 85.896 100.23 1 1 1 4 0 1.6152
8 101.59 128.67 1 1 2 4 0 0.3184
8 75.685 119.72 1 1 1 4 0 0.41443
8 53.133 82.592 1 3 1 4 0 0.30219
8 106.79 73.195 1 3 3 1 0 0.38203
8 104.71 119.43 1 3 2 2 1 1.6778
8 66.167 70.699 1 4 1 2 0 2.9036
8 104.98 107.99 1 2 2 1 0 0.89421
8 101.38 73.017 1 1 3 2 0 0.43011
8 101.51 136.75 1 1 2 2 1 0.6221
8 102.15 115.69 1 2 4 2 0 0.38214
8 133.52 113.66 1 1 4 2 0 0.35034
8 103.29 70.961 1 1 3 2 0 0.55853
8 71 111.16 1 4 1 2 0 0.11019
8 90.24 128.23 1 1 2 2 1 0.17771
8 140.82 100.94 1 2 4 2 0 0.25447
8 92.946 88.156 1 2 3 2 0 0.29021
8 75.503 120.2 1 1 1 2 0 0.17406
8 74.84 110.41 1 3 1 2 0 5.9021
8 124.25 90.883 1 3 4 2 0 1.3775
8 124.5 100.25 1 4 4 2 0 2.7177
8 96.998 144.9 1 2 2 2 1 0.14142
8 88.072 90.552 1 1 3 2 0 4.3818
8 87.138 149.74 1 1 2 2 1 0.14168
8 103.37 147.21 1 4 2 2 1 5.0861
8 94.46 89.864 1 3 3 2 0 7.5015
8 95.039 77.257 1 2 3 2 0 8.0017
8 64.871 105.03 1 3 1 2 0 5.1015
8 108.88 124.8 1 4 2 2 1 4.4457
8 104.93 74.325 1 2 3 2 0 5.8219
8 89.956 64.863 1 3 3 2 0 0.06135
8 113.2 100.19 1 1 4 2 0 2.2536
8 87.703 99.619 1 3 1 2 0 0.36592
8 122.33 91.673 1 3 4 2 0 0.42931
9 130.3 108.11 1 3 4 3 0 1.1199
9 137.02 95.216 1 4 4 3 0 1.8732
9 89.463 121.33 1 3 2 3 0 2.5411
9 105.37 62.352 1 3 3 3 1 0.22084
9 107.25 127.76 1 1 2 3 0 1.3893
9 74.121 97.48 1 1 1 3 0 5.5653
9 104.87 128.24 1 4 2 3 0 7.6929
9 73.671 95.878 1 1 1 3 0 3.181
9 119.77 117.65 1 4 2 3 0 1.3615
9 70.798 95.527 1 2 1 3 0 3.1005
9 97.064 60.284 1 2 3 3 1 0.3649
9 69.854 99.217 1 2 1 3 0 1.3892
9 122.82 101.77 1 4 4 3 0 1.5171
9 64.7 97.217 1 4 1 3 0 1.6609
9 55.968 101.51 1 1 1 3 0 0.41255
9 84.963 129.49 1 1 2 3 0 0.060813
9 104.24 138.9 1 2 2 3 0 0.66837
9 98.473 67.976 1 4 3 3 1 0.011997
9 107.72 122.85 1 4 2 3 0 0.39673
9 122.08 84.683 1 2 4 3 0 0.2847
9 143.61 95.96 1 2 4 3 0 0.092608
9 114.03 71.214 1 1 3 3 1 1.9969
9 105.36 117.7 1 4 2 3 0 1.7446
9 116.98 121.04 1 4 4 3 0 1.7761
9 80.145 103.81 1 2 1 3 0 2.4447
9 81.79 111.54 1 2 2 3 0 3.7884
9 104.77 137.2 1 4 2 3 0 0.46072
9 88.909 58.429 1 4 3 3 1 0.23624
9 116.82 91.335 1 1 3 3 1 0.15661
9 137.8 100.42 1 1 4 3 0 7.0886
9 95.845 83.32 1 3 3 3 1 3.3722
9 96.262 137.63 1 3 2 3 0 8.3167
9 63.482 91.567 1 1 1 3 0 0.87638
9 68.49 100.38 1 4 1 3 0 2.0641
9 94.876 128.97 1 3 2 3 0 1.6122
9 78.227 104.33 1 2 1 3 0 4.0443
9 64.865 97.452 1 3 1 3 0 1.0877
9 112.1 90.087 1 2 4 3 0 2.1722
9 100.29 72.852 1 2 3 3 1 0.36816
9 71.674 104.66 1 4 1 3 0 1.0399
9 103.34 114.1 1 3 2 3 0 0.20443
9 95.906 128.14 1 2 2 3 0 0.11162
9 129.28 110.85 1 1 4 4 1 0.15644
9 64.013 119.66 1 1 1 4 0 0.38001
9 69.114 108.52 1 2 1 3 0 0.04386
9 82.093 84.705 1 1 1 4 0 0.19725
9 127.92 108.38 1 3 4 4 1 0.12395
9 95.81 77.826 1 3 3 4 0 0.076348
9 131.21 122.03 1 1 4 4 1 0.0051255
9 101.69 71.413 1 4 3 4 0 0.89559
9 79.562 79.509 1 1 3 1 0 1.5478
9 124.09 118.91 1 1 4 1 0 0.33155
9 108.73 146.08 1 2 2 1 0 0.39561
9 124.5 78.177 1 3 4 1 0 0.3158
9 94.894 72.019 1 1 3 1 0 0.39538
9 98.49 82.627 1 3 3 1 0 0.30001
9 88.153 75.402 1 3 3 1 0 0.29965
9 125.05 99.471 1 1 4 1 0 0.33217
9 135.33 107.93 1 4 4 1 0 0.37939
9 80.524 83.775 1 1 3 1 0 0.52367
9 129.02 91.02 1 2 4 1 0 0.42742
9 125.02 87.037 1 4 4 1 0 0.50801
9 76.145 86.468 1 1 1 2 0 1.1477
9 91.665 129.79 1 4 2 2 1 0.39518
9 81.981 122.2 1 2 2 2 1 0.29967
9 106.52 71.449 1 4 3 2 0 0.33156
9 101.55 85.011 1 1 3 2 0 0.65112
9 110.45 128.43 1 1 2 2 1 0.47498
9 98.53 129.25 1 4 2 2 1 0.41146
9 72.589 103.31 1 1 1 2 0 0.44327
9 115.03 82.638 1 1 3 2 0 0.45892
9 73.17 85.193 1 2 1 2 0 0.10688
9 109.3 94.724 1 1 4 2 0 0.34117
9 140.93 83.272 1 3 4 2 0 0.69917
9 113.79 95.295 1 1 3 2 0 0.36312
9 59.37 85.034 1 4 1 2 0 0.6826
9 139.57 102.71 1 3 4 2 0 0.74702
9 101.08 80.825 1 2 3 2 0 0.66706
9 131.4 98.805 1 2 4 2 0 0.10617
9 91.562 71.13 1 2 3 2 0 0.39521
9 64.004 91.564 1 3 1 2 0 2.171
9 106.31 69.963 1 3 3 2 0 1.3548
9 103.9 52.984 1 4 3 1 0 0.47461
9 94.916 127.7 1 2 2 1 0 0.010725
9 87.545 133.79 1 3 2 1 0 0.39393
9 74.074 99.646 1 3 1 1 1 0.61867
9 94.807 71.083 1 3 3 1 0 0.34726
9 90.49 90.771 1 1 1 4 0 0.1704
9 70.559 113.66 1 3 1 4 0 0.29867
9 132.73 92.579 1 3 4 4 1 0.55437
9 122.11 98.63 1 2 4 4 1 0.65025
9 90.921 64.416 1 4 3 4 0 0.26643
9 70.98 97.498 1 1 1 4 0 0.042402
9 77.996 133.37 1 1 2 4 0 0.39418
9 110.02 129.03 1 3 2 4 0 0.68304
9 85.609 129.03 1 2 2 4 0 0.17015
9 108.93 81.938 1 1 4 3 0 1.4544
9 113.07 114.09 1 2 2 3 0 0.26652
9 127.71 94.534 1 4 4 3 0 0.37818
9 90.34 116.9 1 3 1 3 0 0.31419
