1 109.19 138.07 1 1 2 1 0 3.5977
1 130.11 92.592 1 4 4 2 0 9.4722
1 138.1 78.635 1 2 4 3 0 2.4458
1 126.81 79.395 1 1 4 4 1 0.17631
1 105.29 110.19 1 2 2 4 0 0.79995
1 125.42 88.357 1 3 4 4 1 0.67215
1 78.076 96.265 1 4 1 1 1 2.2073
1 111.42 105.79 1 4 4 4 1 1.391
1 100.26 126.58 1 1 2 2 1 2.5919
1 108.16 121.17 1 1 2 2 1 1.1997
1 105.35 62.113 1 3 3 3 1 1.8241
1 96.222 119.36 1 3 2 3 0 1.0717
1 108.36 74.954 1 1 3 4 0 0.60797
1 99.874 116.05 1 2 2 4 0 0.84742
1 94.17 78.633 1 4 3 1 0 0.97581
1 65.483 111.99 1 3 1 1 1 1.4055
1 103.8 134.02 1 1 2 4 0 1.3435
1 100.28 82.642 1 2 3 3 1 0.78275
1 74.406 94.873 1 3 1 1 1 0.97535
1 96.006 70.31 1 3 3 2 0 3.3597
1 97.37 74.791 1 2 3 2 0 1.5833
1 101.3 118.25 1 4 2 4 0 1.2619
1 102.03 55.27 1 1 3 4 0 1.0076
1 97.803 130.48 1 4 2 4 0 1.0055
1 75.224 88.377 1 2 1 1 1 0.97601
1 103.49 123.83 1 4 2 4 0 2.0955
1 95.081 129.76 1 3 2 3 0 0.63982
1 92.034 75.207 1 4 3 4 0 0.92677
1 136.37 93.27 1 1 4 3 0 1.1518
1 79.388 101.95 1 4 1 1 1 0.89498
1 81.331 81.853 1 1 1 1 1 0.84621
1 71.147 98.665 1 1 1 1 1 1.3269
1 135.92 94.174 1 1 4 3 0 1.0873
1 99.777 123.8 1 2 2 4 0 1.7595
1 49.067 104.17 1 3 1 1 1 0.78328
1 67.719 92.352 1 3 1 1 1 2.5584
1 100.45 75.41 1 3 3 3 1 1.0231
1 85.51 78.382 1 4 3 3 1 1.135
1 129.64 91.975 1 1 4 4 1 0.72618
1 68.92 110.38 1 2 1 1 1 0.8141
1 88.46 132.35 1 3 2 3 0 0.78277
1 101.93 124.92 1 4 2 2 1 0.82974
1 64.441 99.62 1 3 1 1 1 1.0361
1 138.16 109.2 1 1 4 4 1 0.84625
1 70.057 97.824 1 4 1 2 0 1.6139
1 143.47 104.91 1 4 4 4 1 1.1139
1 105.39 122.35 1 3 2 3 0 1.4898
1 108.59 150 1 3 2 2 1 1.3421
1 138.91 109.03 1 2 4 2 0 1.0064
1 82.728 60.788 1 3 3 4 0 4.1563
1 130.46 86.239 1 1 4 3 0 0.87873
1 100.23 73.765 1 4 3 2 0 1.5167
1 114.29 103.67 1 2 4 2 0 5.9012
1 91.842 58.59 1 3 3 2 0 1.7259
1 78.156 106.16 1 1 1 2 0 1.2785
1 67.377 101.21 1 2 1 1 1 2.766
1 58.433 101.94 1 4 1 1 1 1.551
1 113.19 81.538 1 2 4 3 0 2.637
1 97.504 109.72 1 4 2 2 1 6.8931
1 84.233 137.95 1 2 2 2 1 2.3022
1 67.055 109.5 1 2 1 1 1 1.4057
1 79.921 80.143 1 4 1 1 1 1.3417
1 137.08 110.12 1 4 4 4 1 3.3418
1 105.84 59.327 1 2 3 3 1 2.6703
1 84.668 102.75 1 1 1 1 1 2.3025
1 132.97 97.663 1 3 4 4 1 1.3898
1 88.727 138.52 1 3 2 3 0 1.4703
1 103.29 76.818 1 4 3 2 0 3.8859
1 132.47 91.274 1 3 4 2 0 1.0694
1 80.514 110.94 1 1 1 3 0 1.8209
1 111.85 115.57 1 4 2 2 1 2.4144
1 118.36 111.64 1 4 4 2 0 1.9983
1 110.47 86.667 1 1 3 3 1 1.9663
1 94.439 74.619 1 1 3 2 0 1.4689
1 124.8 92.44 1 1 4 4 1 1.8605
1 131.82 93.131 1 3 4 4 1 1.2772
1 124.62 98.248 1 2 4 4 1 0.9893
1 135.9 87.263 1 2 4 4 1 1.1662
1 95.636 122.01 1 4 2 3 0 1.3893
1 56.719 111.46 1 3 1 1 1 1.2138
1 100.19 132.46 1 3 2 2 1 1.4374
1 95.087 138.82 1 2 2 2 1 1.4528
1 150.2 102.4 1 4 4 4 1 0.58963
1 114.2 77.146 1 2 3 2 0 0.87677
1 103.04 133.76 1 4 2 2 1 1.0462
1 123.59 90.996 1 2 3 3 1 0.63621
1 73.271 112.19 1 3 1 1 1 1.5169
1 135.48 103.1 1 3 4 3 0 0.99043
1 77.043 103.02 1 3 1 1 1 1.7094
1 87.493 102.65 1 1 1 2 0 2.2531
1 96.639 63.931 1 2 3 2 0 0.98948
1 96.095 76.707 1 2 3 1 0 0.89143
1 137.35 113.99 1 4 4 4 1 0.79742
1 95.503 80.539 1 4 3 2 0 2.989
1 107.66 76.983 1 2 3 3 1 0.52521
1 83.097 99.69 1 4 1 3 0 0.7315
1 79.896 81.103 1 1 3 1 0 1.2296
1 111.32 66.94 1 1 3 3 1 0.86038
1 78.451 105.19 1 4 1 2 0 2.3013
1 100.66 138.95 1 3 2 3 0 1.3089
2 126.18 107.62 1 1 4 4 1 4.0159
2 104.55 75.985 1 3 3 2 0 1.5477
2 140.56 95.906 1 3 4 4 1 1.2921
2 85.657 87.331 1 4 1 2 0 1.0029
2 100.99 121.59 1 4 2 3 0 1.6903
2 132.99 87.506 1 3 4 2 0 1.3408
2 72.136 96.496 1 1 1 1 1 1.0675
2 123.77 91.191 1 2 4 4 1 0.89142
2 133.57 96.385 1 3 4 4 1 1.0517
2 84.364 77.564 1 2 3 3 1 1.6589
2 80.038 101.41 1 2 1 3 0 1.9485
2 79.195 108.9 1 4 1 2 0 1.2115
2 125.36 108.83 1 1 4 4 1 1.1964
2 91.087 110.36 1 3 2 2 1 2.0917
2 64.365 104.84 1 2 1 1 1 1.3084
2 73.932 114.88 1 1 1 2 0 1.3563
2 124.87 94.913 1 1 4 1 0 1.7239
2 70.723 116.53 1 4 1 1 1 1.1474
2 114.07 154.31 1 1 2 4 0 5.0524
2 136.2 109.88 1 3 4 3 0 0.57187
2 81.98 108.69 1 1 1 2 0 1.4366
2 86.087 61.63 1 3 3 2 0 1.98
2 135.16 91.08 1 2 4 4 1 1.1645
2 95.619 81.297 1 2 3 3 1 1.675
2 75.227 96.213 1 1 1 2 0 1.1458
2 111.52 115.14 1 3 2 4 0 1.6122
2 109.99 128.71 1 2 2 3 0 1.2923
2 147.27 83.137 1 3 4 4 1 0.98698
2 71.102 89.31 1 1 1 1 1 0.89121
2 98.409 50.535 1 3 3 2 0 2.9238
2 136.8 115.45 1 4 4 4 1 2.3473
2 137.4 90.895 1 1 4 4 1 1.2585
2 116.97 92.084 1 4 4 4 1 1.1311
2 107.65 124.98 1 2 2 4 0 1.1
2 61.124 86.306 1 1 1 1 1 1.1801
2 101.16 128.38 1 2 2 4 0 1.4678
2 104.9 118.62 1 2 2 2 1 2.9085
2 102.16 55.752 1 2 3 2 0 1.3401
2 83.847 132.18 1 2 2 2 1 1.292
2 104.56 56.695 1 4 3 2 0 1.9626
2 105.56 113.27 1 2 2 3 0 1.6284
2 82.976 154.25 1 1 2 3 0 1.3365
2 127.04 102.53 1 3 4 3 0 1.8667
2 126.49 92.918 1 2 4 4 1 1.1478
2 73.556 72.203 1 3 3 1 0 1.1149
2 92.918 131.84 1 2 2 2 1 2.7296
2 96.851 93.522 1 1 1 3 0 1.6272
2 106.46 68.872 1 4 3 2 0 1.4834
2 103.79 74.408 1 3 3 3 1 1.3718
2 109.85 73.783 1 4 3 3 1 1.3712
2 86.84 95.028 1 4 3 2 0 1.1957
2 105.35 58.085 1 3 3 3 1 1.547
2 127.81 85.974 1 1 4 4 1 2.6985
2 99.136 69.971 1 1 3 3 1 1.9149
2 104.2 141.27 1 3 2 3 0 2.1714
2 135.82 105.16 1 3 4 4 1 1.3859
2 111.79 125.11 1 1 2 4 0 1.3232
2 121.31 98.879 1 1 4 4 1 2.9859
2 92.056 65.207 1 1 3 3 1 2.1388
2 121.92 85.312 1 1 4 4 1 1.0978
2 102.34 113.04 1 3 2 3 0 0.60335
2 84.647 111.43 1 2 1 1 1 1.7713
2 82.452 94.309 1 3 1 3 0 1.2263
2 120.24 105.37 1 2 4 4 1 1.387
2 74.453 101.68 1 1 1 1 1 1.3536
2 106.96 129.73 1 1 2 3 0 5.2581
2 97.194 128.59 1 3 2 4 0 0.66598
2 98.245 120.49 1 4 2 2 1 3.4971
2 112.41 118.76 1 4 4 2 0 4.8416
2 112.83 144.21 1 2 2 3 0 1.7694
2 88.839 138.9 1 1 2 3 0 1.2105
2 100.29 72.427 1 1 3 4 0 0.69724
2 89.249 78.622 1 4 3 3 1 1.9627
2 101.9 83.963 1 4 3 3 1 1.4505
2 73.749 110.44 1 3 1 1 1 1.9308
2 87.314 64.028 1 1 3 2 0 1.7866
2 70.846 89.233 1 3 1 1 1 2.2821
2 78.088 134.84 1 3 2 2 1 1.7701
2 134.45 99.393 1 4 4 4 1 1.1942
2 96.141 112.8 1 3 2 3 0 1.5943
2 131.6 100.05 1 2 4 4 1 1.3692
2 77.928 100.5 1 2 1 1 1 1.6418
2 113.1 110.7 1 2 2 2 1 3.0024
2 101.83 65.421 1 4 3 3 1 3.5608
2 102.96 73.328 1 4 3 3 1 1.4327
2 62.399 88.289 1 1 1 1 1 1.5299
2 101.11 71.326 1 3 3 3 1 1.85
2 76.242 107.64 1 3 1 3 0 2.2982
2 96.491 75.548 1 3 3 3 1 1.3212
2 109.08 102.43 1 3 4 2 0 1.2099
2 69.448 106.47 1 3 1 1 1 1.3698
2 88.576 154.71 1 2 2 2 1 1.6254
2 105.24 69.674 1 1 3 2 0 1.6872
2 114.53 61.526 1 2 3 3 1 1.6426
2 77.572 109.99 1 3 1 2 0 3.5443
2 79.308 92.667 1 1 1 1 1 1.4014
2 128.1 100.78 1 3 4 4 1 1.3062
2 80.363 107.58 1 1 1 3 0 1.7861
2 86.386 114.75 1 1 1 3 0 1.4968
2 90.76 118.01 1 3 2 2 1 3.4175
3 122.11 103.28 1 4 4 4 1 1.4878
3 117.22 127.39 1 2 2 4 0 0.872
3 94.597 82.411 1 3 3 3 1 1.7377
3 107.42 77.578 1 3 3 3 1 0.83967
3 85.758 122.92 1 1 2 3 0 0.74567
3 79.587 92.389 1 4 1 2 0 0.90572
3 110.07 62.644 1 2 3 3 1 0.92102
3 52.279 89.759 1 1 1 1 1 0.66575
3 78.534 135.86 1 4 2 3 0 0.88923
3 68.081 97.29 1 2 1 1 1 1.5284
3 74.279 93.98 1 1 1 1 1 0.79251
3 85.173 84.335 1 2 1 2 0 0.79294
3 99.281 114.32 1 1 2 3 0 1.5614
3 149.08 86.517 1 4 4 4 1 0.58504
3 105.91 134.84 1 1 2 4 0 1.0157
3 110.72 120.02 1 2 2 3 0 0.79199
3 133.32 99.716 1 4 4 4 1 0.55316
3 79.951 141.1 1 3 2 3 0 1.5608
3 95.194 94.826 1 4 3 3 1 1.2091
3 58.379 84.361 1 2 1 1 1 1.0648
3 116.75 95.248 1 2 4 4 1 0.90519
3 119.21 107.17 1 2 4 4 1 2.6332
3 92.592 132.06 1 3 2 4 0 0.90412
3 112.9 126.84 1 4 2 3 0 0.98551
3 113.03 96.023 1 3 4 4 1 0.79199
3 77.33 102.76 1 1 1 1 1 1.8161
3 105.22 124.71 1 2 2 3 0 0.98413
3 121.8 103.95 1 1 4 3 0 0.66522
3 125.5 91.716 1 2 4 4 1 0.47256
3 96.455 124.97 1 3 2 3 0 1.2391
3 134.54 105.28 1 3 4 4 1 1.065
3 110.61 128.72 1 3 2 3 0 1.2071
3 64.23 102.61 1 2 1 1 1 1.3049
3 90.263 82.881 1 1 3 3 1 1.4316
3 136.7 85.785 1 1 4 4 1 1.0157
3 87.361 68.211 1 2 3 3 1 0.74383
3 94.284 48.611 1 4 3 3 1 2.6171
3 91.41 93.881 1 2 3 3 1 0.74435
3 90.995 70.212 1 2 3 3 1 0.90379
3 142.54 96.024 1 3 4 4 1 0.90335
3 113.73 110.07 1 3 4 3 0 0.9193
3 59.669 94.748 1 4 1 1 1 1.2411
3 104.31 130.62 1 3 2 3 0 1.0965
3 71.185 108.26 1 3 1 1 1 1.6566
3 110.59 67.354 1 4 3 3 1 1.7346
3 51.438 108.53 1 4 1 1 1 1.1921
3 78.275 98.073 1 1 1 3 0 3.4641
3 127.38 98.414 1 1 4 4 1 1.7205
3 117.36 99.67 1 4 4 4 1 1.4149
3 106.94 67.181 1 4 3 4 0 0.9358
3 91.876 91.165 1 2 1 3 0 0.80714
3 90.796 75.564 1 4 3 3 1 2.3435
3 145.51 105.09 1 4 4 4 1 0.90193
3 63.9 101.59 1 2 1 1 1 1.4308
3 143.65 112.93 1 1 4 4 1 1.6702
3 124.72 97.362 1 4 4 4 1 1.1281
3 94.167 86.356 1 4 3 3 1 2.1504
3 104.09 67.894 1 3 3 2 0 1.2549
3 133.69 86.174 1 2 4 4 1 1.0318
3 116.68 143.14 1 2 2 4 0 1.446
3 98.221 65.457 1 4 3 3 1 2.2789
3 58.328 73.353 1 2 1 1 1 1.1105
3 93.355 104.98 1 3 1 3 0 1.2717
3 127.58 95.363 1 2 4 4 1 0.35975
3 101.9 52.566 1 4 3 3 1 1.7182
3 68.797 98.916 1 1 1 1 1 1.4318
3 96.13 74.53 1 2 3 3 1 0.99937
3 94.934 58.117 1 2 3 3 1 0.74195
3 66.393 108.79 1 2 1 2 0 1.7187
3 120.78 94.112 1 1 4 3 0 0.77408
3 80.323 104.7 1 1 1 3 0 0.71051
3 126.25 93.826 1 2 4 4 1 1.542
3 112.26 78.24 1 4 3 4 0 0.74043
3 97.429 121.92 1 4 2 3 0 0.79057
3 107.34 146.03 1 3 2 4 0 0.5835
3 76.579 100.09 1 2 1 3 0 0.82664
3 93.416 96.683 1 3 1 3 0 1.256
3 102.12 59.224 1 2 3 2 0 1.6875
3 103.58 77.844 1 1 3 3 1 0.71167
3 105.67 73.16 1 1 3 3 1 0.69561
3 62.847 102.1 1 4 1 1 1 1.0157
3 134.9 112.82 1 1 4 4 1 0.51858
3 87.743 121.71 1 1 2 3 0 0.79107
3 89.896 132.19 1 4 2 3 0 1.1579
3 123.62 140.58 1 2 2 3 0 0.78961
3 136.68 89.393 1 4 4 4 1 0.59928
3 129.27 80.77 1 3 4 4 1 0.6789
3 98.189 128.34 1 2 2 3 0 1.0774
3 112.99 56.667 1 2 3 4 0 1.2052
3 90.727 115.04 1 4 2 2 1 0.82173
3 100.31 142.8 1 2 2 2 1 0.66326
3 88.911 106.9 1 4 1 2 0 0.74087
3 109.89 115.34 1 4 2 2 1 0.82176
3 99.356 122.93 1 2 2 2 1 0.66254
3 132.71 98.452 1 4 4 3 0 1.0776
3 67.26 96.275 1 3 1 1 1 0.88497
3 103.82 160.68 1 2 2 3 0 1.3977
3 94.993 68.6 1 2 3 3 1 1.0788
3 96.553 70.742 1 3 3 3 1 0.69333
3 57.396 106.88 1 2 1 1 1 1.4946
4 119.7 106.13 0 3 4 4 1 1.1359
4 77.293 99.987 0 4 1 3 0 3.2368
4 73.33 105.79 0 1 1 1 1 1.1272
4 98.021 135.47 0 1 2 3 0 1.1093
4 108.83 89.459 0 3 3 2 0 1.6067
4 103.74 91.348 0 4 4 3 0 0.96526
4 108.91 79.36 0 2 3 4 0 0.69454
4 110.47 121.21 0 3 2 1 0 0.4859
4 66.173 98.415 0 2 1 1 1 0.90072
4 65.666 89.518 0 3 1 1 1 0.63047
4 110.89 77.799 0 2 3 3 1 0.95026
4 89.671 66.716 0 4 3 3 1 0.8218
4 94.721 105.78 0 4 2 3 0 0.82189
4 91.515 109.53 0 2 2 2 1 0.62923
4 93.391 63.324 0 4 3 2 0 1.0942
4 106.63 68.216 0 1 3 2 0 0.56467
4 63.01 111.55 0 4 1 1 1 1.2683
4 126.72 117.5 0 2 4 3 0 0.75751
4 129.33 121.82 0 1 4 4 1 0.56656
4 104.87 112.12 0 3 2 3 0 0.87002
4 116.02 54.02 0 4 3 3 1 1.1719
4 105.96 87.726 0 4 3 3 1 1.1563
4 137.43 97.095 0 3 4 1 0 0.78997
4 116.84 79.516 0 2 3 3 1 1.3171
4 101.77 60.413 0 3 3 2 0 0.51531
4 87.404 103.16 0 2 1 1 1 0.99678
4 95.06 146.43 0 3 2 3 0 0.94968
4 74.106 102.73 0 3 1 3 0 0.69237
4 107.76 101.61 0 1 4 3 0 1.0619
4 98.299 66.622 0 1 3 3 1 0.75616
4 104.68 56.501 0 1 3 3 1 0.88536
4 75.862 108.55 0 3 1 3 0 0.85404
4 79.913 104.87 0 2 1 1 1 0.75667
4 74.269 85.795 0 4 1 1 1 1.3017
4 110.72 116.09 0 3 2 4 0 0.85262
4 84.064 104.13 0 4 1 1 1 1.7177
4 107.49 144.64 0 4 2 3 0 1.8462
4 100.68 135.61 0 1 2 2 1 2.1161
4 121.82 81.2 0 3 4 3 0 1.5883
4 90.591 64.502 0 4 1 2 0 1.1092
4 123.16 86.321 0 2 3 4 0 1.2986
4 99.229 138.82 0 2 2 3 0 0.98136
4 115.5 102.46 0 4 4 4 1 0.67754
4 129.41 107.43 0 2 4 4 1 0.6615
4 75.961 119.52 0 3 1 1 1 0.98082
4 129.21 95.301 0 3 4 3 0 0.10062
4 141.16 118.94 0 2 4 4 1 1.1243
4 81.367 54.044 0 3 3 3 1 0.88277
4 116.12 104.15 0 4 4 3 0 0.62965
4 114.94 130.41 0 2 2 2 1 0.78887
4 101.91 68.71 0 1 3 4 0 2.1972
4 118 110.77 0 3 4 3 0 1.0433
4 136.55 103.78 0 3 4 3 0 0.85104
4 75.915 124.97 0 2 1 4 0 1.5402
4 108.88 128.95 0 2 2 3 0 1.5247
4 93.272 118.26 0 1 2 3 0 0.96525
4 63.269 104.28 0 4 1 1 1 1.3489
4 132.66 101.59 0 1 4 3 0 1.2518
4 107.49 124.27 0 4 2 3 0 1.0594
4 72.976 91.851 0 4 1 3 0 0.72444
4 92.524 112.37 0 1 2 4 0 0.21145
4 115.63 88.531 0 1 3 3 1 0.94865
4 67.46 105.32 0 1 1 1 1 0.61272
4 99.892 122.91 0 4 2 3 0 0.80452
4 143.86 102.71 0 1 4 4 1 0.70756
4 92.87 115.4 0 3 2 3 0 1.5178
4 95.911 133.08 0 1 2 3 0 0.86743
4 104.3 71.17 0 3 3 3 1 0.7876
4 88.994 55.479 0 2 3 3 1 0.80402
4 107.27 82.169 0 4 3 3 1 0.86865
4 126.18 99.77 0 4 4 3 0 0.64401
4 81.135 85.89 0 3 1 1 1 0.73969
4 99.04 118.42 0 3 2 2 1 0.80333
4 116.93 101.92 0 4 4 4 1 0.67579
4 129.66 100.8 0 4 4 4 1 0.62869
4 63.841 99.981 0 3 1 1 1 1.3642
4 109.25 147.88 0 4 2 3 0 0.98015
4 108.45 68.655 0 2 3 2 0 0.50023
4 103.58 78.518 0 4 3 3 1 1.7636
4 148.4 105.74 0 2 4 1 0 1.5548
4 120.12 97.778 0 4 4 3 0 0.80364
4 65.58 106.67 0 1 1 1 1 1.2198
4 91.393 137.11 0 1 2 3 0 0.83667
4 107.58 141.28 0 3 2 3 0 0.77086
4 114.54 65.252 0 2 3 4 0 0.72378
4 106.83 93.879 0 2 4 4 1 0.56279
4 69.777 107.51 0 4 1 1 1 1.6182
4 69.509 113.49 0 1 1 1 1 1.4753
4 107.5 121.61 0 4 2 1 0 0.48299
4 133.99 82.461 0 1 4 3 0 0.88128
4 77.029 88.631 0 2 1 1 1 1.0758
4 95.772 76.385 0 4 3 3 1 1.0923
4 134.65 106.72 0 3 4 4 1 1.6839
4 80.444 103.32 0 3 1 3 0 1.2653
4 102.92 122.09 0 4 2 2 1 1.0756
4 96.142 70.835 0 1 3 3 1 1.4913
4 111.29 71.945 0 2 3 3 1 1.2337
4 85.261 84.46 0 4 1 3 0 1.4566
4 140.28 107.07 0 4 4 2 0 1.7153
4 88.697 141.36 0 3 2 3 0 1.3768
5 96.492 64.001 0 3 3 3 1 6.6078
5 110.42 97.203 0 4 4 2 0 4.5313
5 55.679 110.52 0 3 1 1 1 0.70721
5 136.66 105.03 0 4 4 3 0 1.0423
5 125.38 93.662 0 3 4 3 0 0.75165
5 103.78 117.24 0 1 2 2 1 1.2354
5 98.872 73.991 0 3 3 1 0 1.2189
5 79.833 109.31 0 2 1 3 0 0.88123
5 127.1 108.36 0 4 4 4 1 1.3305
5 106.04 131.14 0 4 2 4 0 1.4594
5 100.45 55.048 0 2 3 3 1 1.4112
5 103.35 81.916 0 4 3 2 0 1.6033
5 93.811 81.911 0 3 3 3 1 0.69088
5 110.27 135.74 0 3 2 4 0 0.5145
5 146.64 104.11 0 2 4 3 0 0.86576
5 80.169 102.41 0 3 1 1 1 0.81769
5 95.969 62.936 0 3 3 2 0 0.59511
5 107.88 133.45 0 3 2 2 1 0.89856
5 116.61 107.64 0 3 4 4 1 0.4975
5 60.554 97.491 0 2 1 1 1 1.011
5 69.682 91.355 0 2 1 4 0 0.48323
5 83.244 87.235 0 3 3 4 0 0.84882
5 103.06 66.627 0 1 3 4 0 1.7947
5 100.57 59.036 0 3 3 3 1 0.48308
5 74.12 99.144 0 1 1 3 0 1.1702
5 123.32 82.92 0 4 3 3 1 0.16239
5 101.47 116.34 0 1 2 2 1 5.5528
5 102.66 124.97 0 2 2 4 0 0.4645
5 71.745 107.37 0 4 1 3 0 0.77086
5 105.05 72.423 0 4 3 2 0 0.88288
5 119.67 98.963 0 4 4 3 0 0.35384
5 65.574 101.79 0 3 1 1 1 1.1852
5 118.33 94.643 0 3 4 4 1 0.70556
5 64.178 95.854 0 3 1 3 0 0.3684
5 96.667 66.656 0 4 3 3 1 0.49707
5 120.26 88.827 0 4 4 2 0 1.5861
5 92.722 150.37 0 4 2 1 0 0.65828
5 126.28 83.819 0 3 4 1 0 0.4321
5 101.17 119.29 0 1 2 1 0 1.1058
5 98.029 119 0 4 2 1 0 0.55943
5 84.914 90.149 0 2 3 3 1 1.2822
5 122.17 87.285 0 4 4 3 0 2.0965
5 132.52 79.367 0 4 4 4 1 1.1847
5 150.63 101.2 0 3 4 4 1 1.7301
5 42.798 98.786 0 3 1 1 1 1.298
5 131.72 99.714 0 2 4 4 1 0.86509
5 118.59 107.79 0 2 2 4 0 0.56213
5 117.04 134.52 0 4 2 3 0 0.81681
5 104.46 125.87 0 4 2 4 0 0.4185
5 133.38 95.12 0 1 4 4 1 0.48078
5 77.056 105.17 0 3 1 4 0 0.32842
5 76.309 94.566 0 3 1 3 0 0.24043
5 86.379 114.45 0 2 1 4 0 0.38597
5 94.904 108.78 0 4 2 1 0 0.41779
5 68.809 92.921 0 2 1 2 0 0.48011
5 126.13 115.08 0 1 4 2 0 0.6401
5 90.435 136.37 0 2 2 3 0 1.4737
5 60.351 114.31 0 4 1 1 1 1.4245
5 103.42 75.886 0 4 3 3 1 1.2971
5 90.661 114.79 0 4 2 3 0 1.2172
5 91.698 118.62 0 3 2 4 0 1.7294
5 109 126.84 0 3 2 4 0 0.57627
5 90.777 75.458 0 2 3 4 0 0.38402
5 116.24 104.32 0 1 4 1 0 1.5058
5 109.41 86.605 0 3 3 1 0 1.0561
5 144.12 106.39 0 1 4 4 1 0.89682
5 78.163 109.64 0 4 1 3 0 1.0871
5 63.495 112.71 0 4 1 3 0 0.76724
5 142.53 91.584 0 1 4 4 1 1.7455
5 122.05 99.856 0 4 4 4 1 0.55969
5 123.59 102.76 0 2 4 4 1 0.71836
5 68.59 111.24 0 3 1 1 1 0.38473
5 133.28 109.73 0 1 4 3 0 1.968
5 80.033 125.03 0 1 2 4 0 2.847
5 93.03 127.92 0 4 2 4 0 3.3765
5 99.532 110.29 0 1 2 4 0 10.896
5 95.532 124.7 0 2 2 2 1 0.67337
5 92.622 121.35 0 3 2 1 0 0.65616
5 79.825 110.03 0 1 1 1 1 0.19287
5 63.64 102.47 0 1 1 1 1 0.55889
5 101.42 66.018 0 1 3 1 0 0.44656
5 135.28 131.47 0 2 4 1 0 0.49689
5 81.66 102.4 0 3 1 3 0 1.2168
5 138.93 102.89 0 4 4 1 0 1.2646
5 83.511 127.5 0 1 2 2 1 0.88045
5 119.94 80.981 0 1 3 4 0 1.9835
5 53.26 97.652 0 3 1 3 0 1.3575
5 63.436 97.967 0 4 1 3 0 0.67163
5 75.862 81.326 0 2 1 3 0 0.63928
5 97.225 74.907 0 2 3 1 0 0.73622
5 94.577 65.346 0 2 3 4 0 0.1417
5 98.018 84.376 0 2 3 4 0 0.6886
5 131.21 109.65 0 2 4 1 0 0.33636
5 111.12 67.162 0 1 3 2 0 0.38374
5 89.375 80.253 0 1 3 2 0 1.2623
5 95.711 96.621 0 2 1 3 0 1.2944
5 99.578 137.41 0 3 2 4 0 4.2867
5 103.92 117.37 0 4 2 3 0 0.41528
5 94.552 61.334 0 3 3 1 0 0.67052
5 106.2 62.128 0 2 3 2 0 0.96066
6 91.959 81.369 0 2 3 4 0 1.9518
6 99.035 89.404 0 4 3 4 0 0.68634
6 101.76 128.04 0 4 2 3 0 0.46369
6 99.84 81.41 0 4 3 1 0 0.25607
6 98.916 142.17 0 2 2 1 0 0.70314
6 56.58 97.892 0 4 1 4 0 0.51197
6 133.95 86.606 0 4 4 3 0 0.63903
6 88.565 90.106 0 4 1 3 0 3.5341
6 103.41 73.775 0 4 3 4 0 0.41528
6 61.901 110.73 0 3 1 3 0 3.5357
6 110.69 65.784 0 4 3 4 0 2.2083
6 98.642 67.085 0 2 3 1 0 1.134
6 125.82 82.164 0 3 4 4 1 0.48024
6 94.161 140.32 0 4 2 4 0 0.14249
6 93.953 116.25 0 4 2 4 0 0.096075
6 123.55 93.888 0 4 4 3 0 0.55968
6 89.205 134.14 0 3 2 3 0 1.3741
6 115.87 77.242 0 2 3 1 0 0.79851
6 124.48 113.37 0 3 4 3 0 1.9026
6 116.47 89.716 0 4 4 4 1 0.49573
6 90.957 126.35 0 4 2 2 1 0.49271
6 131.93 115.75 0 2 4 2 0 0.28439
6 102.05 85.178 0 1 3 2 0 1.5675
6 80.01 106.7 0 2 1 4 0 0.54352
6 71.068 87.646 0 3 1 3 0 0.28617
6 107.98 122.28 0 3 2 1 0 1.151
6 91.782 124.11 0 1 2 2 1 1.8555
6 81.771 111.11 0 3 1 4 0 0.36581
6 100.56 73.971 0 1 3 1 0 1.2318
6 120.28 123.72 0 3 2 2 1 1.1357
6 94.558 127.32 0 1 2 4 0 2.1268
6 68.218 104.29 0 4 1 1 1 2.0795
6 139.88 103.12 0 2 4 2 0 2.7832
6 77.858 103.26 0 3 1 4 0 1.246
6 87.689 64.684 0 3 3 1 0 1.4211
6 99.288 68.199 0 1 3 4 0 1.2302
6 70.959 107.6 0 3 1 3 0 1.5813
6 90.919 50.4 0 2 3 3 1 0.84703
6 97.639 74.144 0 2 3 1 0 2.6704
6 98.031 85.915 0 4 3 4 0 1.5347
6 129.5 98.678 0 2 4 4 1 0.49306
6 119.71 97.126 0 1 4 4 1 1.0389
6 71.365 100.47 0 4 1 3 0 0.60628
6 127.55 108.75 0 3 4 2 0 2.0606
6 76.533 94.493 0 4 1 3 0 4.7807
6 97.76 139.67 0 1 2 4 0 2.383
6 103.65 80.325 0 2 3 3 1 1.2624
6 131.92 123.13 0 1 4 3 0 0.78201
6 76.811 106.37 0 2 1 3 0 0.49324
6 119.86 94.212 0 3 4 1 0 1.2144
6 111.72 105.18 0 3 4 4 1 0.49338
6 129.56 104.72 0 3 4 4 1 0.68687
6 133.66 106.89 0 4 4 4 1 1.487
6 81.446 97.614 0 1 1 1 1 1.3251
6 91.988 65.829 0 1 3 1 0 1.4547
6 69.83 103.95 0 1 1 1 1 0.51028
6 86.198 132.76 0 2 2 3 0 2.4144
6 82.918 60.697 0 1 3 3 1 2.0145
6 104.74 95.854 0 3 4 3 0 0.92517
6 85.629 129.72 0 3 2 1 0 2.1893
6 136.69 95.045 0 1 4 3 0 6.6384
6 93.668 67.523 0 4 3 4 0 8.2384
6 65.882 90.463 0 1 1 1 1 1.3391
6 138.79 110.53 0 4 4 4 1 1.4542
6 94.481 130.18 0 1 2 4 0 4.091
6 98.909 143.28 0 3 2 3 0 1.3425
6 105.49 142.37 0 1 2 3 0 0.82847
6 104.43 118.43 0 3 2 3 0 2.0141
6 132.46 93.55 0 2 4 4 1 2.2041
6 121.04 119.98 0 3 2 3 0 2.2697
6 108.87 89.02 0 1 4 2 0 1.8058
6 133.64 103.47 0 4 4 2 0 1.4033
6 65.618 91.433 0 3 1 1 1 0.54049
6 76.165 80.21 0 4 1 1 1 0.54163
6 73.609 100.08 0 3 1 2 0 0.38229
6 91.934 128.11 0 3 2 1 0 1.0687
6 104.76 75.866 0 1 3 2 0 0.79688
6 113.3 55.992 0 2 3 1 0 3.7572
6 105.67 113.86 0 1 2 4 0 3.8699
6 107.32 140.28 0 3 2 3 0 30.398
6 106.33 61.389 0 2 3 4 0 1.3255
6 72.087 111.01 0 3 1 2 0 0.97328
6 111.12 118.31 0 3 4 4 1 0.49382
6 65.225 109.44 0 4 1 1 1 0.44485
6 107.49 67.776 0 2 3 1 0 0.36533
6 122.27 97.825 0 2 4 4 1 0.22102
6 86.987 137.73 0 4 2 3 0 0.09247
6 64.79 77.371 0 1 1 3 0 0.79795
6 107.7 80.542 0 3 3 4 0 0.47466
6 100.73 116.58 0 3 2 3 0 1.294
6 61.808 120.11 0 2 1 1 1 1.2288
6 90.988 115.65 0 4 2 4 0 0.3176
6 87.952 84.351 0 4 1 4 0 1.5813
6 89.613 63.608 0 1 3 1 0 1.2124
6 131.28 106.85 0 1 4 4 1 0.58764
6 106.68 75.35 0 1 3 1 0 0.17276
6 97.391 130.76 0 2 2 3 0 0.045381
6 54.54 100.59 0 3 1 4 0 0.26959
6 123.04 92.771 0 2 4 1 0 0.28449
6 71.973 116.23 0 1 1 2 0 0.63652
7 92.969 69.134 1 4 3 3 1 2.8798
7 118.45 107.25 1 1 4 4 1 0.94131
7 136.74 101.5 1 3 4 4 1 0.90645
7 136.03 94.356 1 2 4 4 1 0.60343
7 103.57 102.01 1 1 2 3 0 1.0215
7 103.5 142.9 1 2 2 2 1 1.148
7 136.64 100.6 1 1 4 4 1 0.5888
7 113.65 134.47 1 3 2 3 0 0.84382
7 62.668 107.74 1 2 1 1 1 0.58519
7 146.57 88.563 1 2 4 4 1 1.2088
7 69.965 86.568 1 1 1 1 1 1.1475
7 106.4 126.84 1 3 2 2 1 0.97122
7 137.08 98.541 1 4 4 4 1 1.5332
7 127.27 101.29 1 3 4 2 0 1.197
7 139.65 97.568 1 1 4 3 0 0.89303
7 64.793 86.673 1 2 1 1 1 1.2434
7 140.38 105.71 1 3 4 3 0 0.89255
7 107.85 71.129 1 4 3 3 1 0.90712
7 121.1 94.577 1 2 4 2 0 0.63493
7 94.408 49.697 1 3 3 3 1 1.4351
7 75.797 136.11 1 4 2 2 1 1.2902
7 124.48 113.5 1 2 4 4 1 0.81078
7 83.552 92.867 1 3 1 3 0 2.0739
7 66.984 90.416 1 2 1 1 1 1.7247
7 91.971 124.15 1 1 2 2 1 1.5952
7 66.681 92.02 1 4 1 2 0 1.5804
7 115.33 116.76 1 2 2 2 1 1.5315
7 97.348 129.19 1 2 2 2 1 1.0663
7 60.98 93.568 1 4 1 1 1 1.132
7 109.59 66.144 1 1 3 2 0 1.2281
7 63.689 99.325 1 2 1 3 0 1.9462
7 103.61 74.101 1 3 3 2 0 0.52298
7 82.204 101.04 1 3 1 1 1 1.2119
7 109.02 110.12 1 4 4 3 0 1.163
7 105.5 79.112 1 4 3 3 1 1.0196
7 106.8 73.142 1 3 3 3 1 0.68345
7 71.138 121.68 1 3 1 2 0 2.0919
7 121.21 99.186 1 4 4 4 1 0.50534
7 75.413 94.694 1 1 1 3 0 0.68351
7 65.786 99.051 1 1 1 2 0 0.74827
7 106.55 94.586 1 2 4 4 1 0.57046
7 149.85 85.663 1 1 4 4 1 3.8327
7 56.686 103.6 1 4 1 1 1 22.204
7 95.353 130.86 1 2 2 2 1 1.1792
7 91.337 66.395 1 4 3 3 1 1.4825
7 66.948 106.22 1 1 1 1 1 1.7379
7 136.19 96.662 1 1 4 4 1 1.3877
7 103.03 121.99 1 4 2 3 0 1.4011
7 109.23 139.79 1 1 2 2 1 1.2742
7 69.085 87.081 1 1 1 1 1 1.7069
7 107.91 64.381 1 2 3 3 1 3.3235
7 84.361 143.25 1 2 2 2 1 1.0194
7 118.19 104.74 1 1 4 3 0 2.154
7 71.871 91 1 1 1 1 1 1.4512
7 99.222 84.464 1 4 3 3 1 2.107
7 93.601 125.3 1 2 2 3 0 1.8194
7 95.99 78.373 1 1 3 3 1 0.87394
7 100.19 133.48 1 2 2 2 1 2.6326
7 105.35 81.111 1 3 3 3 1 1.8353
7 104.84 64.581 1 4 3 3 1 1.4832
7 122.53 84.582 1 2 4 3 0 1.8349
7 76.401 95.296 1 3 1 1 1 2.091
7 114.9 101.9 1 4 4 3 0 1.5615
7 123.18 102.5 1 2 4 3 0 2.9392
7 101.55 83.49 1 3 3 3 1 1.035
7 77.653 103.19 1 2 1 1 1 1.3042
7 100.12 137.38 1 2 2 2 1 1.6249
7 114.68 141.24 1 3 2 2 1 1.1766
7 117.5 78.019 1 2 3 3 1 1.6413
7 97.692 64.121 1 1 3 3 1 1.0185
7 93.356 125.65 1 1 2 2 1 1.8642
7 98.179 69.092 1 4 3 3 1 1.417
7 104.76 57.815 1 3 3 3 1 0.7152
7 77.531 86.067 1 1 1 2 0 1.32
7 65.272 109.84 1 4 1 1 1 0.55306
7 112.36 123.11 1 3 2 2 1 2.4424
7 94.301 69.413 1 1 3 3 1 4.1538
7 107.17 132.04 1 1 2 2 1 3.8647
7 101.83 70.986 1 3 3 3 1 1.2909
7 92.905 122.1 1 4 2 2 1 2.0897
7 98.577 125.95 1 3 2 3 0 1.6902
7 105.47 122.04 1 3 2 2 1 1.9945
7 121.5 110.05 1 2 4 2 0 6.8235
7 80.613 64.8 1 2 3 1 0 4.5864
7 100.69 64.568 1 3 3 3 1 1.2254
7 124.18 129.49 1 1 4 4 1 1.6405
7 58.261 103.39 1 2 1 1 1 1.3041
7 67.057 102.81 1 4 1 1 1 1.6905
7 109.42 76.845 1 3 3 3 1 1.3845
7 116.71 100.27 1 1 4 2 0 1.4187
7 96.499 80.838 1 1 3 3 1 1.4307
7 154.99 97.41 1 1 4 4 1 1.3202
7 134.62 92.051 1 1 4 4 1 2.3605
7 67.513 120.72 1 3 1 1 1 1.7369
7 102.79 116.42 1 4 2 2 1 1.4179
7 107.71 136.73 1 2 2 2 1 1.4804
7 72.593 121.4 1 4 1 1 1 1.5946
7 64.475 77.533 1 4 1 1 1 1.2728
7 104.89 113.38 1 1 2 2 1 1.3694
7 101.7 60.196 1 1 3 3 1 2.9843
8 108.88 124.8 1 1 2 4 0 1.28
8 64.871 105.03 1 2 1 3 0 1.3859
8 99.869 69.579 1 4 3 2 0 0.4556
8 88.929 109.56 1 1 2 2 1 0.93757
8 128.04 100.7 1 4 4 3 0 1.7851
8 95.479 69.394 1 4 3 3 1 1.2074
8 103.37 147.21 1 3 2 2 1 1.018
8 91.631 131.59 1 4 2 4 0 0.51902
8 133.52 113.66 1 4 4 4 1 0.74391
8 97.072 123.33 1 1 2 2 1 0.7912
8 108.67 117.67 1 3 2 2 1 1.2395
8 83.69 97.759 1 1 1 2 0 0.82238
8 102.56 50.881 1 4 3 3 1 1.3672
8 57.944 87.101 1 4 1 1 1 0.71333
8 117.85 104.56 1 4 4 2 0 2.0098
8 72.507 95.076 1 3 1 1 1 1.2573
8 63.81 110.56 1 4 1 1 1 1.2252
8 121.88 109.92 1 4 4 4 1 1.0649
8 102.59 83.574 1 4 3 2 0 1.7532
8 107.74 151.82 1 4 2 2 1 1.1296
8 66.167 70.699 1 3 1 1 1 0.88932
8 113.39 91.561 1 1 4 2 0 0.74368
8 70.185 112.66 1 3 1 1 1 1.4335
8 104.93 74.325 1 4 3 3 1 1.6227
8 88.157 69.825 1 4 3 2 0 1.0956
8 87.703 99.619 1 1 1 2 0 1.929
8 128.97 121.71 1 2 4 4 1 1.3038
8 131.37 96.305 1 2 4 2 0 1.161
8 89.956 64.863 1 1 3 1 0 1.1263
8 71.812 78.352 1 2 1 1 1 1.1932
8 140.14 112.93 1 2 4 4 1 1.7031
8 87.327 119.11 1 2 2 2 1 2.1361
8 131.56 93.748 1 1 4 4 1 1.6877
8 67.698 96.766 1 4 1 1 1 1.5767
8 85.896 100.23 1 2 1 2 0 2.4882
8 113.92 134.08 1 3 2 4 0 1.4966
8 98.016 72.591 1 4 3 3 1 1.3827
8 122.33 91.673 1 2 4 4 1 1.1733
8 92.946 88.156 1 4 3 3 1 1.9745
8 88.689 98.299 1 3 1 2 0 1.3033
8 87.638 87.9 1 1 1 2 0 1.7506
8 97.858 128.19 1 3 2 2 1 2.3924
8 39.473 74.96 1 3 1 1 1 1.0786
8 101.51 136.75 1 4 2 2 1 2.3927
8 106.93 125.34 1 2 2 2 1 1.7203
8 93.937 62.462 1 2 3 3 1 1.2406
8 111.85 106.14 1 4 4 3 0 1.3024
8 87.138 149.74 1 1 2 2 1 1.4485
8 101.38 73.017 1 1 3 3 1 1.5587
8 118.28 134.39 1 3 2 4 0 1.4804
8 124.5 100.25 1 1 4 2 0 0.79259
8 101.59 128.67 1 1 2 2 1 0.69641
8 92.588 154.28 1 3 2 2 1 1.9282
8 75.685 119.72 1 3 1 2 0 0.9529
8 136.27 109.16 1 2 4 4 1 0.69623
8 74.84 110.41 1 3 1 3 0 0.77542
8 102.26 91.893 1 4 3 3 1 2.2619
8 125.76 107.77 1 3 4 3 0 1.2698
8 54.726 102.95 1 1 1 1 1 0.85615
8 103.32 134.06 1 3 2 2 1 3.6056
8 53.133 82.592 1 1 1 1 1 0.75871
8 104.98 107.99 1 4 2 2 1 1.559
8 94.348 71.337 1 1 3 3 1 0.64694
8 132.98 98.246 1 3 4 4 1 0.43811
8 82.785 71.596 1 3 3 3 1 1.2377
8 93.178 65.476 1 1 3 3 1 0.60011
8 102.15 115.69 1 3 4 2 0 0.67994
8 71 111.16 1 3 1 2 0 1.2872
8 86.696 51.709 1 1 3 3 1 0.70936
8 123.6 102.77 1 4 4 4 1 0.77507
8 77.574 106.8 1 1 1 3 0 0.61556
8 93.065 64.704 1 4 3 3 1 1.4775
8 113.2 100.19 1 1 4 2 0 0.95166
8 124.01 108.19 1 3 4 4 1 1.893
8 117.2 70.548 1 4 3 3 1 1.1564
8 135.33 94.302 1 2 4 4 1 1.1896
8 100.41 124.77 1 3 2 2 1 0.82205
8 120.98 109.66 1 2 4 2 0 1.2375
8 124.25 90.883 1 3 4 3 0 1.5738
8 96.998 144.9 1 4 2 2 1 1.191
8 98.277 121.06 1 1 2 2 1 1.4936
8 56.413 94.264 1 1 1 1 1 0.69565
8 127.71 107.19 1 1 4 2 0 3.8464
8 69.659 95.394 1 1 1 1 1 0.56727
8 104.71 119.43 1 1 2 3 0 0.64762
8 108.76 66.537 1 2 3 2 0 1.0305
8 66.881 103.13 1 4 1 1 1 0.91681
8 74.093 102.45 1 1 1 2 0 1.2531
8 90.24 128.23 1 2 2 3 0 0.85431
8 94.46 89.864 1 2 3 3 1 0.80684
8 95.849 76.65 1 3 3 3 1 0.88364
8 103.29 70.961 1 3 3 3 1 1.1899
8 88.072 90.552 1 3 3 2 0 2.1009
8 106.79 73.195 1 4 3 3 1 1.7348
8 128.38 97.975 1 1 4 4 1 14.471
8 140.82 100.94 1 4 4 4 1 0.94935
8 75.503 120.2 1 2 1 2 0 1.3007
8 88.952 121.92 1 2 2 2 1 1.4462
8 95.039 77.257 1 2 3 3 1 1.2677
8 111.17 126.9 1 2 2 4 0 1.3028
9 101.69 71.413 1 2 3 4 0 1.1519
9 124.09 118.91 1 1 4 3 0 0.30803
9 143.61 95.96 1 4 4 4 1 1.4466
9 119.77 117.65 1 1 2 4 0 1.3984
9 105.36 117.7 1 1 2 4 0 0.70956
9 68.49 100.38 1 1 1 4 0 0.40633
9 130.3 108.11 1 2 4 4 1 0.70888
9 95.81 77.826 1 2 3 2 0 0.78816
9 106.31 69.963 1 2 3 3 1 0.74226
9 71.674 104.66 1 1 1 1 1 1.687
9 107.72 122.85 1 3 2 2 1 0.87013
9 94.876 128.97 1 3 2 2 1 0.72448
9 110.45 128.43 1 4 2 2 1 1.4946
9 70.98 97.498 1 3 1 1 1 1.3635
9 106.52 71.449 1 1 3 3 1 3.7182
9 91.665 129.79 1 3 2 2 1 1.0138
9 113.07 114.09 1 3 2 4 0 0.53192
9 73.17 85.193 1 3 1 2 0 1.6536
9 88.909 58.429 1 4 3 3 1 1.094
9 115.03 82.638 1 3 3 2 0 1.4439
9 95.845 83.32 1 1 3 2 0 0.90075
9 90.49 90.771 1 4 1 2 0 0.87041
9 103.9 52.984 1 2 3 3 1 0.77121
9 135.33 107.93 1 2 4 2 0 1.3163
9 129.02 91.02 1 2 4 3 0 1.3151
9 64.865 97.452 1 1 1 1 1 0.64355
9 103.34 114.1 1 3 2 2 1 1.398
9 55.968 101.51 1 2 1 1 1 0.86761
9 124.5 78.177 1 3 4 4 1 0.82182
9 127.71 94.534 1 4 4 4 1 0.76995
9 98.49 82.627 1 3 3 3 1 0.80385
9 79.562 79.509 1 3 3 2 0 1.014
9 89.463 121.33 1 1 2 3 0 0.64403
9 76.145 86.468 1 4 1 3 0 0.96311
9 94.807 71.083 1 3 3 3 1 0.59618
9 131.21 122.03 1 4 4 4 1 0.74115
9 129.28 110.85 1 3 4 3 0 0.61159
9 81.79 111.54 1 1 2 2 1 1.1744
9 70.798 95.527 1 2 1 1 1 0.7876
9 112.1 90.087 1 1 4 3 0 1.3955
9 105.37 62.352 1 4 3 3 1 0.11742
9 90.34 116.9 1 1 1 2 0 0.8525
9 127.92 108.38 1 4 4 3 0 0.61316
9 87.545 133.79 1 1 2 2 1 1.1224
9 109.3 94.724 1 1 4 2 0 0.67641
9 137.02 95.216 1 4 4 4 1 0.81844
9 98.473 67.976 1 1 3 3 1 0.96299
9 74.121 97.48 1 2 1 2 0 0.91482
9 88.153 75.402 1 1 3 3 1 0.67729
9 63.482 91.567 1 4 1 1 1 0.48499
9 69.114 108.52 1 2 1 1 1 1.2051
9 74.074 99.646 1 4 1 1 1 1.1648
9 104.87 128.24 1 1 2 2 1 0.62791
9 113.79 95.295 1 3 3 2 0 1.0132
9 77.996 133.37 1 1 2 2 1 0.96525
9 140.93 83.272 1 4 4 4 1 1.1888
9 107.25 127.76 1 1 2 2 1 0.94681
9 91.562 71.13 1 1 3 3 1 0.96293
9 72.589 103.31 1 3 1 2 0 0.7248
9 80.524 83.775 1 1 3 1 0 0.91664
9 116.98 121.04 1 2 4 4 1 1.0769
9 122.82 101.77 1 3 4 4 1 1.0907
9 116.82 91.335 1 3 3 4 0 0.72236
9 131.4 98.805 1 3 4 4 1 0.82046
9 98.53 129.25 1 2 2 4 0 0.64189
9 81.981 122.2 1 4 2 2 1 0.83695
9 125.02 87.037 1 2 4 4 1 0.77054
9 69.854 99.217 1 4 1 1 1 1.125
9 101.08 80.825 1 1 3 1 0 0.21005
9 64.013 119.66 1 3 1 1 1 0.67687
9 70.559 113.66 1 2 1 2 0 0.9465
9 84.963 129.49 1 1 2 3 0 0.73824
9 100.29 72.852 1 3 3 3 1 1.1083
9 85.609 129.03 1 4 2 2 1 0.38748
9 97.064 60.284 1 3 3 2 0 0.80221
9 122.11 98.63 1 4 4 2 0 0.74015
9 104.24 138.9 1 4 2 4 0 0.94538
9 59.37 85.034 1 2 1 1 1 0.82056
9 101.55 85.011 1 2 3 2 0 1.5079
9 132.73 92.579 1 3 4 4 1 1.123
9 122.08 84.683 1 4 4 4 1 0.83233
9 94.916 127.7 1 4 2 2 1 1.3624
9 96.262 137.63 1 4 2 2 1 2.0361
9 73.671 95.878 1 3 1 1 1 1.0262
9 64.004 91.564 1 3 1 2 0 2.4319
9 108.73 146.08 1 4 2 2 1 0.88058
9 80.145 103.81 1 4 1 1 1 2.5943
9 94.894 72.019 1 3 3 2 0 1.5857
9 90.921 64.416 1 3 3 3 1 4.2437
9 110.02 129.03 1 4 2 4 0 0.957
9 82.093 84.705 1 1 1 2 0 0.91578
9 137.8 100.42 1 3 4 4 1 0.70766
9 114.03 71.214 1 2 3 3 1 0.99503
9 95.906 128.14 1 1 2 2 1 0.96193
9 108.93 81.938 1 1 4 4 1 1.1724
9 78.227 104.33 1 3 1 1 1 0.65844
9 104.77 137.2 1 4 2 3 0 0.67618
9 139.57 102.71 1 1 4 4 1 0.84955
9 125.05 99.471 1 1 4 2 0 1.4433
9 64.7 97.217 1 2 1 1 1 1.1553
