1 79.921 80.143 1 1 1 1 1 2.848
1 136.37 93.27 1 3 4 1 0 0.91619
1 79.896 81.103 1 4 3 1 0 0.85553
1 49.067 104.17 1 1 1 2 0 1.6076
1 105.39 122.35 1 2 2 3 0 3.1129
1 108.16 121.17 1 2 2 4 0 1.1145
1 131.82 93.131 1 1 4 2 0 2.5378
1 73.271 112.19 1 3 1 1 1 1.1615
1 91.842 58.59 1 1 3 4 0 1.2423
1 107.66 76.983 1 4 3 3 1 2.1854
1 79.388 101.95 1 3 1 2 0 0.95403
1 100.28 82.642 1 3 3 3 1 0.64956
1 103.8 134.02 1 3 2 4 0 1.1614
1 137.08 110.12 1 1 4 3 0 0.84212
1 100.23 73.765 1 2 3 1 0 1.4184
1 64.441 99.62 1 2 1 1 1 0.92247
1 96.095 76.707 1 2 3 3 1 0.77717
1 83.097 99.69 1 4 1 2 0 2.5529
1 67.055 109.5 1 4 1 1 1 0.82636
1 77.043 103.02 1 1 1 1 1 0.90621
1 95.503 80.539 1 4 3 4 0 1.6735
1 126.81 79.395 1 3 4 3 0 1.0008
1 143.47 104.91 1 4 4 2 0 0.68152
1 58.433 101.94 1 1 1 1 1 0.72924
1 88.727 138.52 1 3 2 2 1 1.1302
1 108.59 150 1 4 2 2 1 0.7608
1 110.47 86.667 1 4 3 3 1 1.9306
1 88.46 132.35 1 4 2 4 0 0.74618
1 101.93 124.92 1 2 2 2 1 0.69747
1 56.719 111.46 1 1 1 1 1 0.7457
1 65.483 111.99 1 3 1 1 1 2.1373
1 87.493 102.65 1 3 1 3 0 1.3054
1 138.1 78.635 1 3 4 3 0 0.64899
1 118.36 111.64 1 3 4 2 0 2.2022
1 103.29 76.818 1 3 3 4 0 2.0574
1 94.439 74.619 1 2 3 3 1 1.0343
1 97.803 130.48 1 3 2 4 0 1.6903
1 102.03 55.27 1 1 3 3 1 1.0021
1 100.19 132.46 1 2 2 2 1 0.56892
1 96.006 70.31 1 2 3 1 0 1.5615
1 100.66 138.95 1 2 2 2 1 0.90651
1 114.2 77.146 1 2 3 4 0 0.76246
1 137.35 113.99 1 1 4 4 1 1.2095
1 95.636 122.01 1 3 2 4 0 1.1456
1 68.92 110.38 1 2 1 3 0 1.0664
1 97.504 109.72 1 1 2 2 1 0.90661
1 114.29 103.67 1 1 4 3 0 8.4423
1 111.85 115.57 1 3 2 2 1 0.84133
1 95.087 138.82 1 1 2 4 0 1.4724
1 111.42 105.79 1 3 4 2 0 0.57041
1 80.514 110.94 1 1 1 1 1 0.85794
1 74.406 94.873 1 4 1 1 1 1.9136
1 111.32 66.94 1 3 3 4 0 1.4651
1 129.64 91.975 1 1 4 4 1 0.92113
1 70.057 97.824 1 4 1 4 0 1.1772
1 138.91 109.03 1 1 4 3 0 0.96933
1 78.076 96.265 1 2 1 1 1 1.2574
1 138.16 109.2 1 2 4 2 0 1.0655
1 81.331 81.853 1 3 1 3 0 3.786
1 84.233 137.95 1 1 2 2 1 1.4176
1 99.777 123.8 1 3 2 2 1 1.1454
1 71.147 98.665 1 1 1 1 1 1.9788
1 135.92 94.174 1 2 4 4 1 3.2089
1 124.8 92.44 1 2 4 4 1 0.64988
1 108.36 74.954 1 2 3 4 0 0.87379
1 109.19 138.07 1 2 2 2 1 1.0816
1 100.26 126.58 1 1 2 3 0 1.1623
1 96.222 119.36 1 4 2 2 1 1.2096
1 85.51 78.382 1 2 3 2 0 0.64955
1 130.11 92.592 1 3 4 4 1 1.6739
1 135.9 87.263 1 2 4 4 1 1.0015
1 95.081 129.76 1 4 2 2 1 1.3548
1 105.84 59.327 1 1 3 3 1 1.0181
1 123.59 90.996 1 2 3 4 0 7.1923
1 113.19 81.538 1 1 4 3 0 0.8574
1 100.45 75.41 1 2 3 1 0 1.4023
1 105.35 62.113 1 4 3 2 0 0.93745
1 67.719 92.352 1 4 1 1 1 0.71295
1 78.451 105.19 1 1 1 4 0 5.5304
1 103.04 133.76 1 1 2 2 1 0.97027
1 97.37 74.791 1 1 3 3 1 5.4825
1 92.034 75.207 1 3 3 3 1 0.8894
1 96.639 63.931 1 3 3 3 1 4.4743
1 101.3 118.25 1 4 2 4 0 1.7065
1 82.728 60.788 1 2 3 1 0 0.82556
1 132.97 97.663 1 1 4 4 1 1.2252
1 124.62 98.248 1 1 4 4 1 3.5769
1 99.874 116.05 1 2 2 4 0 2.2811
1 103.49 123.83 1 2 2 3 0 0.92217
1 132.47 91.274 1 2 4 4 1 0.93544
1 150.2 102.4 1 3 4 4 1 4.0903
1 125.42 88.357 1 1 4 3 0 3.2903
1 84.668 102.75 1 1 1 1 1 0.74547
1 75.224 88.377 1 2 1 1 1 0.63422
1 135.48 103.1 1 1 4 4 1 9.3056
1 130.46 86.239 1 3 4 4 1 0.96954
1 78.156 106.16 1 2 1 3 0 1.6092
1 94.17 78.633 1 3 3 2 0 0.63456
1 105.29 110.19 1 3 2 4 0 1.2237
1 67.377 101.21 1 3 1 1 1 0.64916
2 101.83 65.421 1 2 3 1 0 2.8639
2 109.85 73.783 1 2 3 2 0 0.88935
2 113.1 110.7 1 3 2 2 1 1.3231
2 123.77 91.191 1 4 4 2 0 1.1774
2 101.16 128.38 1 2 2 2 1 0.80705
2 105.56 113.27 1 2 2 3 0 4.0895
2 62.399 88.289 1 1 1 1 1 0.72975
2 81.98 108.69 1 1 1 2 0 1.2419
2 133.57 96.385 1 4 4 4 1 1.6415
2 85.657 87.331 1 2 1 3 0 3.0482
2 102.96 73.328 1 4 3 4 0 0.68222
2 132.99 87.506 1 3 4 4 1 0.79434
2 121.92 85.312 1 4 4 2 0 1.7064
2 136.2 109.88 1 3 4 3 0 1.3377
2 121.31 98.879 1 2 4 4 1 1.2392
2 92.918 131.84 1 2 2 2 1 3.0335
2 135.82 105.16 1 3 4 4 1 2.0264
2 104.2 141.27 1 2 2 2 1 0.87319
2 106.46 68.872 1 1 3 3 1 2.1703
2 126.18 107.62 1 3 4 4 1 1.2099
2 61.124 86.306 1 4 1 1 1 0.69743
2 70.723 116.53 1 3 1 3 0 6.0897
2 75.227 96.213 1 2 1 3 0 1.6262
2 64.365 104.84 1 3 1 1 1 0.72947
2 82.452 94.309 1 2 1 4 0 3.8661
2 74.453 101.68 1 1 1 3 0 0.60132
2 99.136 69.971 1 4 3 3 1 1.0495
2 76.242 107.64 1 1 1 4 0 1.8497
2 109.08 102.43 1 1 4 2 0 1.2105
2 135.16 91.08 1 3 4 4 1 1.0339
2 147.27 83.137 1 2 4 2 0 2.4256
2 77.928 100.5 1 3 1 1 1 1.0344
2 70.846 89.233 1 1 1 1 1 0.72959
2 127.81 85.974 1 2 4 4 1 1.8664
2 127.04 102.53 1 1 4 4 1 0.8089
2 98.409 50.535 1 2 3 3 1 1.8494
2 107.65 124.98 1 2 2 4 0 2.2494
2 102.34 113.04 1 2 2 2 1 1.0501
2 90.76 118.01 1 2 2 2 1 0.68184
2 82.976 154.25 1 1 2 2 1 1.77
2 91.087 110.36 1 3 2 2 1 7.001
2 72.136 96.496 1 4 1 2 0 0.77845
2 112.83 144.21 1 3 2 4 0 1.1288
2 126.49 92.918 1 3 4 4 1 1.2574
2 96.491 75.548 1 1 3 3 1 1.4333
2 140.56 95.906 1 3 4 4 1 1.0346
2 88.839 138.9 1 1 2 2 1 1.7218
2 105.24 69.674 1 3 3 3 1 3.0025
2 73.556 72.203 1 1 3 1 0 0.72718
2 87.314 64.028 1 1 3 3 1 2.9863
2 134.45 99.393 1 3 4 4 1 0.6656
2 109.99 128.71 1 4 2 2 1 0.90645
2 111.79 125.11 1 3 2 2 1 1.2893
2 114.53 61.526 1 1 3 1 0 1.9121
2 78.088 134.84 1 4 2 2 1 0.97049
2 111.52 115.14 1 3 2 4 0 1.1146
2 125.36 108.83 1 2 4 2 0 6.6984
2 124.87 94.913 1 2 4 4 1 0.93692
2 112.41 118.76 1 4 4 4 1 0.9224
2 86.087 61.63 1 2 3 2 0 0.63359
2 137.4 90.895 1 3 4 4 1 0.95416
2 136.8 115.45 1 2 4 4 1 0.69643
2 96.141 112.8 1 3 2 2 1 1.8661
2 116.97 92.084 1 1 4 2 0 1.7063
2 95.619 81.297 1 3 3 4 0 1.5465
2 86.386 114.75 1 4 1 3 0 3.1625
2 100.29 72.427 1 1 3 3 1 1.5305
2 73.749 110.44 1 3 1 4 0 2.3625
2 80.038 101.41 1 4 1 4 0 2.7464
2 100.99 121.59 1 1 2 2 1 0.52225
2 97.194 128.59 1 3 2 2 1 1.2095
2 98.245 120.49 1 2 2 2 1 0.8252
2 79.195 108.9 1 1 1 2 0 2.8567
2 105.35 58.085 1 3 3 3 1 1.7226
2 102.16 55.752 1 1 3 3 1 5.7367
2 104.56 56.695 1 2 3 3 1 1.4959
2 89.249 78.622 1 3 3 2 0 1.9146
2 103.79 74.408 1 4 3 2 0 1.1932
2 79.308 92.667 1 2 1 2 0 1.0664
2 106.96 129.73 1 4 2 2 1 0.77848
2 101.9 83.963 1 3 3 4 0 1.0183
2 88.576 154.71 1 3 2 2 1 0.84151
2 84.364 77.564 1 2 3 1 0 1.1307
2 128.1 100.78 1 4 4 4 1 0.98627
2 73.932 114.88 1 1 1 4 0 0.92136
2 114.07 154.31 1 2 2 4 0 1.322
2 120.24 105.37 1 2 4 2 0 3.3064
2 71.102 89.31 1 3 1 2 0 1.6889
2 101.11 71.326 1 1 3 3 1 0.53747
2 80.363 107.58 1 1 1 2 0 1.7863
2 104.9 118.62 1 1 2 3 0 1.0014
2 96.851 93.522 1 2 1 2 0 1.0823
2 131.6 100.05 1 1 4 4 1 0.92143
2 69.448 106.47 1 1 1 3 0 1.4984
2 83.847 132.18 1 3 2 2 1 1.177
2 92.056 65.207 1 1 3 3 1 1.3373
2 104.55 75.985 1 1 3 4 0 1.8175
2 77.572 109.99 1 1 1 3 0 1.1942
2 84.647 111.43 1 1 1 1 1 0.61837
2 86.84 95.028 1 4 3 1 0 0.90644
3 104.09 67.894 1 2 3 1 0 5.6639
3 143.65 112.93 1 2 4 4 1 1.129
3 90.995 70.212 1 4 3 3 1 3.3704
3 90.263 82.881 1 1 3 3 1 0.47324
3 106.94 67.181 1 2 3 3 1 1.5626
3 68.081 97.29 1 1 1 3 0 2.0562
3 68.797 98.916 1 2 1 2 0 1.6903
3 112.26 78.24 1 4 3 4 0 0.74447
3 78.275 98.073 1 4 1 3 0 1.0985
3 76.579 100.09 1 2 1 1 1 0.93701
3 119.21 107.17 1 2 4 4 1 4.1371
3 99.356 122.93 1 3 2 2 1 1.6416
3 79.951 141.1 1 2 2 2 1 0.71443
3 95.194 94.826 1 2 3 4 0 5.018
3 96.553 70.742 1 2 3 1 0 1.2101
3 59.669 94.748 1 2 1 1 1 0.69812
3 122.11 103.28 1 2 4 4 1 0.84249
3 126.25 93.826 1 3 4 3 0 1.6742
3 93.416 96.683 1 4 1 2 0 1.9943
3 129.27 80.77 1 2 4 3 0 2.2502
3 90.727 115.04 1 3 2 1 0 0.66615
3 79.587 92.389 1 1 1 1 1 0.76225
3 110.72 120.02 1 1 2 3 0 1.9302
3 112.99 56.667 1 3 3 3 1 1.1132
3 105.67 73.16 1 1 3 3 1 0.76254
3 80.323 104.7 1 2 1 1 1 0.95345
3 110.59 67.354 1 1 3 3 1 0.61832
3 133.32 99.716 1 4 4 4 1 0.87338
3 87.361 68.211 1 1 3 3 1 1.9928
3 64.23 102.61 1 3 1 1 1 0.61735
3 107.34 146.03 1 3 2 2 1 1.2416
3 142.54 96.024 1 4 4 4 1 2.6661
3 136.7 85.785 1 3 4 3 0 1.0971
3 120.78 94.112 1 2 4 4 1 0.90659
3 127.58 95.363 1 3 4 4 1 3.2736
3 134.9 112.82 1 2 4 4 1 1.049
3 117.36 99.67 1 3 4 4 1 1.9773
3 94.284 48.611 1 2 3 3 1 1.0018
3 85.758 122.92 1 4 2 4 0 1.2746
3 74.279 93.98 1 3 1 1 1 0.79408
3 85.173 84.335 1 3 1 1 1 0.6983
3 92.592 132.06 1 3 2 2 1 1.7693
3 89.896 132.19 1 4 2 2 1 1.0983
3 52.279 89.759 1 1 1 1 1 1.5143
3 91.876 91.165 1 4 1 3 0 2.618
3 104.31 130.62 1 2 2 2 1 1.7219
3 91.41 93.881 1 3 3 1 0 2.8746
3 58.328 73.353 1 4 1 1 1 0.97037
3 113.03 96.023 1 3 4 4 1 5.6901
3 109.89 115.34 1 4 2 4 0 1.5624
3 134.54 105.28 1 3 4 4 1 0.80928
3 149.08 86.517 1 1 4 3 0 1.3694
3 136.68 89.393 1 3 4 4 1 1.2568
3 145.51 105.09 1 4 4 4 1 2.5386
3 103.82 160.68 1 4 2 2 1 0.79436
3 103.58 77.844 1 2 3 3 1 1.0984
3 98.221 65.457 1 4 3 3 1 1.0973
3 123.62 140.58 1 4 2 2 1 1.3224
3 94.934 58.117 1 2 3 3 1 1.8332
3 96.455 124.97 1 4 2 2 1 2.7764
3 98.189 128.34 1 1 2 2 1 1.3702
3 66.393 108.79 1 4 1 1 1 0.74592
3 58.379 84.361 1 2 1 1 1 0.70012
3 63.9 101.59 1 1 1 1 1 0.90636
3 93.355 104.98 1 4 1 2 0 0.98629
3 105.91 134.84 1 3 2 2 1 0.9694
3 110.07 62.644 1 1 3 3 1 0.90643
3 94.597 82.411 1 1 3 4 0 1.6902
3 88.911 106.9 1 4 1 4 0 2.4902
3 67.26 96.275 1 3 1 1 1 0.68218
3 116.75 95.248 1 1 4 4 1 0.87362
3 62.847 102.1 1 2 1 1 1 0.60153
3 101.9 52.566 1 1 3 3 1 0.77814
3 71.185 108.26 1 2 1 1 1 0.93794
3 99.281 114.32 1 3 2 4 0 3.2572
3 132.71 98.452 1 2 4 4 1 0.8105
3 97.429 121.92 1 4 2 1 0 0.84194
3 124.72 97.362 1 2 4 4 1 0.76241
3 90.796 75.564 1 2 3 3 1 0.98642
3 102.12 59.224 1 1 3 3 1 0.87325
3 133.69 86.174 1 2 4 4 1 1.4027
3 78.534 135.86 1 2 2 2 1 4.2652
3 113.73 110.07 1 1 4 4 1 0.82639
3 100.31 142.8 1 3 2 2 1 0.90519
3 94.993 68.6 1 2 3 3 1 1.0824
3 57.396 106.88 1 4 1 1 1 0.69729
3 125.5 91.716 1 2 4 4 1 0.74477
3 112.9 126.84 1 1 2 4 0 1.5302
3 107.42 77.578 1 1 3 3 1 0.98396
3 121.8 103.95 1 4 4 3 0 1.7525
3 127.38 98.414 1 2 4 2 0 1.2424
3 105.22 124.71 1 1 2 4 0 1.0968
3 77.33 102.76 1 3 1 1 1 0.73032
3 51.438 108.53 1 4 1 1 1 0.71227
3 94.167 86.356 1 3 3 1 0 1.0342
3 117.22 127.39 1 3 2 4 0 0.76131
3 96.13 74.53 1 4 3 3 1 1.6256
3 110.61 128.72 1 4 2 2 1 1.754
3 116.68 143.14 1 3 2 2 1 1.3982
3 87.743 121.71 1 2 2 4 0 2.36
4 110.47 121.21 0 3 2 4 0 1.7759
4 66.173 98.415 0 2 1 1 1 1.1453
4 93.391 63.324 0 3 3 3 1 1.2894
4 91.515 109.53 0 4 2 2 1 1.6897
4 85.261 84.46 0 4 1 3 0 1.1448
4 123.16 86.321 0 3 3 4 0 1.1294
4 95.772 76.385 0 1 3 3 1 2.5701
4 129.41 107.43 0 4 4 4 1 1.0981
4 99.229 138.82 0 2 2 2 1 0.96986
4 69.509 113.49 0 2 1 2 0 2.0409
4 118 110.77 0 4 4 4 1 0.79448
4 129.66 100.8 0 2 4 4 1 0.74667
4 98.021 135.47 0 1 2 2 1 2.6819
4 77.293 99.987 0 4 1 1 1 1.3531
4 74.106 102.73 0 3 1 1 1 0.79439
4 107.76 101.61 0 2 4 4 1 1.2265
4 73.33 105.79 0 4 1 3 0 0.93848
4 120.12 97.778 0 3 4 2 0 1.6088
4 101.91 68.71 0 3 3 3 1 1.4652
4 107.58 141.28 0 3 2 2 1 1.4646
4 106.83 93.879 0 3 4 4 1 6.7618
4 89.671 66.716 0 4 3 3 1 1.3533
4 105.96 87.726 0 3 3 1 0 2.1066
4 95.06 146.43 0 1 2 1 0 2.9223
4 110.72 116.09 0 4 2 2 1 2.6025
4 148.4 105.74 0 4 4 3 0 2.7127
4 69.777 107.51 0 3 1 4 0 2.7464
4 100.68 135.61 0 4 2 1 0 1.5782
4 119.7 106.13 0 4 4 2 0 8.7133
4 103.58 78.518 0 3 3 3 1 1.2893
4 116.84 79.516 0 3 3 3 1 0.95311
4 103.74 91.348 0 2 4 3 0 0.61522
4 116.12 104.15 0 2 4 4 1 1.7542
4 110.89 77.799 0 3 3 3 1 1.7387
4 93.272 118.26 0 4 2 2 1 0.73024
4 108.45 68.655 0 3 3 3 1 0.69794
4 79.913 104.87 0 2 1 3 0 0.98539
4 75.915 124.97 0 3 1 3 0 0.84187
4 116.93 101.92 0 2 4 1 0 0.55457
4 90.591 64.502 0 3 1 4 0 2.5225
4 129.33 121.82 0 1 4 1 0 1.961
4 108.88 128.95 0 3 2 4 0 1.4656
4 107.49 144.64 0 4 2 2 1 1.2744
4 84.064 104.13 0 3 1 1 1 2.8746
4 114.54 65.252 0 4 3 3 1 1.3543
4 98.299 66.622 0 2 3 3 1 0.82534
4 72.976 91.851 0 1 1 4 0 2.3931
4 107.49 124.27 0 1 2 4 0 0.63313
4 91.393 137.11 0 2 2 3 0 21.834
4 67.46 105.32 0 1 1 3 0 0.82527
4 143.86 102.71 0 1 4 4 1 0.82572
4 99.892 122.91 0 2 2 2 1 0.80937
4 134.65 106.72 0 2 4 2 0 0.65046
4 129.21 95.301 0 2 4 2 0 1.7865
4 74.269 85.795 0 1 1 4 0 1.8177
4 111.29 71.945 0 4 3 2 0 0.66523
4 102.92 122.09 0 2 2 2 1 0.64931
4 77.029 88.631 0 4 1 1 1 1.3536
4 116.02 54.02 0 4 3 2 0 0.72902
4 75.862 108.55 0 3 1 2 0 0.63435
4 80.444 103.32 0 3 1 2 0 0.6494
4 99.04 118.42 0 2 2 2 1 0.85713
4 140.28 107.07 0 4 4 3 0 1.8664
4 65.58 106.67 0 4 1 3 0 1.1143
4 63.269 104.28 0 3 1 4 0 0.96941
4 108.83 89.459 0 1 3 2 0 0.74628
4 81.367 54.044 0 2 3 3 1 1.0489
4 133.99 82.461 0 1 4 2 0 0.74551
4 87.404 103.16 0 1 1 1 1 0.2506
4 114.94 130.41 0 4 2 2 1 0.95425
4 107.5 121.61 0 2 2 2 1 1.21
4 101.77 60.413 0 3 3 1 0 0.95458
4 108.91 79.36 0 1 3 4 0 1.2424
4 65.666 89.518 0 3 1 3 0 1.9931
4 126.72 117.5 0 3 4 2 0 0.76234
4 95.911 133.08 0 2 2 2 1 1.1144
4 63.01 111.55 0 3 1 3 0 0.76225
4 75.961 119.52 0 2 1 3 0 1.0178
4 107.27 82.169 0 4 3 4 0 3.2894
4 132.66 101.59 0 1 4 2 0 1.4658
4 81.135 85.89 0 1 1 3 0 0.76162
4 104.68 56.501 0 1 3 4 0 1.4665
4 121.82 81.2 0 1 4 2 0 0.71335
4 141.16 118.94 0 2 4 1 0 0.24949
4 88.697 141.36 0 3 2 2 1 3.8983
4 104.3 71.17 0 1 3 3 1 0.71314
4 137.43 97.095 0 3 4 4 1 0.50631
4 92.87 115.4 0 3 2 1 0 0.026415
4 63.841 99.981 0 3 1 3 0 0.089842
4 109.25 147.88 0 2 2 3 0 1.0819
4 104.87 112.12 0 4 2 2 1 0.50667
4 136.55 103.78 0 4 4 3 0 0.3129
4 106.63 68.216 0 1 3 2 0 0.056473
4 126.18 99.77 0 3 4 3 0 0.47728
4 88.994 55.479 0 1 3 4 0 0.93699
4 92.524 112.37 0 3 2 4 0 0.82623
4 115.5 102.46 0 4 4 4 1 0.2929
4 115.63 88.531 0 4 3 4 0 0.95324
4 94.721 105.78 0 2 2 4 0 1.2585
4 96.142 70.835 0 3 3 1 0 1.1946
5 90.435 136.37 0 3 2 2 1 4.7999
5 98.018 84.376 0 1 3 2 0 1.2904
5 63.64 102.47 0 2 1 2 0 0.73012
5 122.17 87.285 0 2 4 4 1 1.9932
5 98.029 119 0 2 2 2 1 1.16
5 101.42 66.018 0 2 3 3 1 1.4179
5 94.904 108.78 0 3 2 2 1 0.50651
5 53.26 97.652 0 2 1 1 1 0.68104
5 71.745 107.37 0 3 1 1 1 1.2743
5 99.578 137.41 0 3 2 2 1 1.243
5 118.59 107.79 0 1 2 2 1 0.76217
5 125.38 93.662 0 3 4 3 0 16.586
5 89.375 80.253 0 2 3 3 1 0.89031
5 80.169 102.41 0 4 1 1 1 1.9934
5 55.679 110.52 0 3 1 2 0 1.1465
5 100.57 59.036 0 3 3 3 1 0.66644
5 86.379 114.45 0 3 1 4 0 1.4345
5 103.78 117.24 0 4 2 1 0 1.433
5 83.244 87.235 0 2 3 3 1 0.53832
5 133.28 109.73 0 2 4 2 0 1.0826
5 146.64 104.11 0 3 4 2 0 0.95284
5 79.833 109.31 0 4 1 3 0 1.9623
5 95.969 62.936 0 1 3 3 1 0.56936
5 123.59 102.76 0 3 4 3 0 1.0497
5 60.554 97.491 0 2 1 4 0 1.6585
5 103.35 81.916 0 2 3 3 1 1.2103
5 97.225 74.907 0 4 3 1 0 0.23446
5 81.66 102.4 0 2 1 2 0 4.1066
5 123.32 82.92 0 1 3 1 0 1.786
5 136.66 105.03 0 3 4 1 0 1.3221
5 93.03 127.92 0 4 2 3 0 1.514
5 104.46 125.87 0 1 2 4 0 2.585
5 68.59 111.24 0 1 1 3 0 2.0422
5 99.532 110.29 0 1 2 3 0 0.9215
5 78.163 109.64 0 1 1 2 0 1.1943
5 83.511 127.5 0 4 2 2 1 0.93843
5 91.698 118.62 0 1 2 3 0 1.4175
5 63.495 112.71 0 3 1 2 0 2.1534
5 109 126.84 0 4 2 3 0 1.0226
5 76.309 94.566 0 3 1 1 1 1.0183
5 127.1 108.36 0 4 4 1 0 0.36192
5 94.552 61.334 0 2 3 1 0 0.28205
5 92.722 150.37 0 4 2 1 0 0.35848
5 84.914 90.149 0 4 3 1 0 0.61775
5 120.26 88.827 0 2 4 4 1 0.3298
5 111.12 67.162 0 1 3 4 0 0.58594
5 90.777 75.458 0 1 3 3 1 6.73
5 96.492 64.001 0 4 3 2 0 0.55328
5 126.28 83.819 0 2 4 3 0 0.84106
5 132.52 79.367 0 4 4 2 0 0.77727
5 119.67 98.963 0 3 4 4 1 0.77739
5 106.04 131.14 0 3 2 2 1 1.1137
5 138.93 102.89 0 1 4 3 0 0.61727
5 131.21 109.65 0 3 4 4 1 0.42525
5 110.27 135.74 0 3 2 1 0 0.26591
5 126.13 115.08 0 1 4 2 0 0.23368
5 135.28 131.47 0 1 4 3 0 0.18507
5 42.798 98.786 0 1 1 2 0 1.2907
5 110.42 97.203 0 4 4 4 1 0.82542
5 79.825 110.03 0 4 1 3 0 1.5934
5 100.45 55.048 0 1 3 2 0 0.52263
5 102.66 124.97 0 2 2 2 1 0.98616
5 75.862 81.326 0 4 1 3 0 1.145
5 77.056 105.17 0 3 1 2 0 0.72941
5 133.38 95.12 0 1 4 4 1 0.82516
5 64.178 95.854 0 4 1 4 0 0.93711
5 117.04 134.52 0 2 2 1 0 1.0025
5 119.94 80.981 0 4 3 2 0 1.4826
5 65.574 101.79 0 3 1 3 0 1.1135
5 131.72 99.714 0 1 4 4 1 0.89036
5 122.05 99.856 0 4 4 4 1 1.1939
5 103.42 75.886 0 2 3 1 0 1.5933
5 103.06 66.627 0 4 3 2 0 1.6094
5 94.577 65.346 0 1 3 3 1 1.5142
5 90.661 114.79 0 4 2 2 1 0.77876
5 142.53 91.584 0 2 4 4 1 0.057553
5 118.33 94.643 0 4 4 4 1 0.52161
5 107.88 133.45 0 1 2 2 1 1.0496
5 80.033 125.03 0 1 2 3 0 0.31269
5 63.436 97.967 0 2 1 1 1 0.26249
5 96.667 66.656 0 3 3 3 1 17.657
5 98.872 73.991 0 3 3 3 1 0.85744
5 92.622 121.35 0 2 2 2 1 1.3064
5 101.47 116.34 0 3 2 2 1 0.5377
5 106.2 62.128 0 2 3 4 0 1.7544
5 69.682 91.355 0 1 1 3 0 1.5131
5 95.532 124.7 0 4 2 2 1 1.0018
5 74.12 99.144 0 1 1 1 1 1.0024
5 150.63 101.2 0 3 4 2 0 1.6574
5 116.61 107.64 0 4 4 3 0 2.2498
5 93.811 81.911 0 1 3 2 0 0.77813
5 101.17 119.29 0 2 2 2 1 1.1449
5 109.41 86.605 0 4 3 3 1 2.4102
5 144.12 106.39 0 1 4 2 0 2.3786
5 103.92 117.37 0 3 2 1 0 1.562
5 116.24 104.32 0 1 4 3 0 6.8578
5 95.711 96.621 0 4 1 3 0 0.76246
5 105.05 72.423 0 4 3 3 1 1.2105
5 60.351 114.31 0 3 1 3 0 1.1623
5 68.809 92.921 0 3 1 2 0 6.5205
6 98.909 143.28 0 1 2 4 0 5.6959
6 139.88 103.12 0 3 4 4 1 2.8414
6 101.76 128.04 0 2 2 3 0 2.2492
6 119.71 97.126 0 4 4 2 0 5.7215
6 76.533 94.493 0 2 1 1 1 1.9614
6 81.771 111.11 0 1 1 1 1 1.2745
6 91.934 128.11 0 1 2 4 0 5.0973
6 93.668 67.523 0 1 3 3 1 1.3049
6 104.76 75.866 0 4 3 4 0 1.2089
6 105.67 113.86 0 4 2 4 0 0.77752
6 132.46 93.55 0 4 4 2 0 2.8263
6 131.93 115.75 0 3 4 4 1 0.66516
6 76.165 80.21 0 1 1 1 1 0.9212
6 104.43 118.43 0 4 2 2 1 6.5865
6 73.609 100.08 0 2 1 1 1 1.225
6 70.959 107.6 0 2 1 1 1 1.3542
6 98.642 67.085 0 4 3 2 0 2.2024
6 111.72 105.18 0 2 4 2 0 0.89033
6 125.82 82.164 0 3 4 2 0 0.84115
6 107.32 140.28 0 2 2 4 0 2.3936
6 61.901 110.73 0 3 1 1 1 0.92227
6 65.225 109.44 0 4 1 3 0 1.0343
6 97.391 130.76 0 4 2 2 1 0.97041
6 87.689 64.684 0 2 3 3 1 2.3144
6 72.087 111.01 0 2 1 2 0 2.5521
6 64.79 77.371 0 3 1 1 1 1.8983
6 71.365 100.47 0 4 1 2 0 0.64953
6 94.481 130.18 0 2 2 2 1 1.5458
6 86.987 137.73 0 2 2 2 1 0.77761
6 108.87 89.02 0 1 4 2 0 1.5779
6 120.28 123.72 0 4 2 4 0 2.0586
6 61.808 120.11 0 2 1 1 1 1.0345
6 85.629 129.72 0 1 2 2 1 0.77857
6 56.58 97.892 0 1 1 3 0 0.8747
6 98.031 85.915 0 3 3 4 0 2.2505
6 133.64 103.47 0 2 4 4 1 1.0495
6 133.66 106.89 0 1 4 1 0 0.71312
6 99.035 89.404 0 3 3 3 1 1.4666
6 94.558 127.32 0 2 2 3 0 0.80942
6 131.92 123.13 0 1 4 1 0 1.9456
6 97.639 74.144 0 2 3 3 1 1.5933
6 122.27 97.825 0 4 4 2 0 0.95306
6 136.69 95.045 0 3 4 1 0 0.92131
6 124.48 113.37 0 1 4 2 0 2.7935
6 69.83 103.95 0 4 1 3 0 1.4495
6 127.55 108.75 0 2 4 2 0 0.93717
6 90.919 50.4 0 1 3 1 0 2.0571
6 110.69 65.784 0 3 3 1 0 1.1771
6 119.86 94.212 0 2 4 4 1 1.9773
6 123.04 92.771 0 3 4 3 0 0.84094
6 106.33 61.389 0 4 3 1 0 2.4904
6 76.811 106.37 0 2 1 4 0 3.4019
6 100.73 116.58 0 3 2 1 0 0.74436
6 89.205 134.14 0 3 2 2 1 0.76123
6 107.7 80.542 0 1 3 1 0 1.5457
6 91.782 124.11 0 4 2 2 1 0.84229
6 54.54 100.59 0 1 1 1 1 0.69559
6 80.01 106.7 0 4 1 2 0 1.2092
6 77.858 103.26 0 2 1 2 0 1.7212
6 82.918 60.697 0 2 3 1 0 0.88903
6 129.56 104.72 0 4 4 2 0 1.0019
6 68.218 104.29 0 2 1 1 1 1.1137
6 99.84 81.41 0 4 3 3 1 1.2894
6 116.47 89.716 0 4 4 2 0 0.89034
6 89.613 63.608 0 4 3 4 0 0.72948
6 129.5 98.678 0 3 4 2 0 1.5786
6 107.98 122.28 0 3 2 2 1 0.96944
6 87.952 84.351 0 1 1 4 0 0.98397
6 103.65 80.325 0 2 3 1 0 0.83996
6 90.957 126.35 0 2 2 3 0 0.28153
6 131.28 106.85 0 3 4 2 0 0.28169
6 104.74 95.854 0 1 4 2 0 8.089
6 138.79 110.53 0 1 4 2 0 0.7935
6 102.05 85.178 0 4 3 3 1 0.26638
6 86.198 132.76 0 2 2 4 0 0.24839
6 93.953 116.25 0 2 2 4 0 0.55398
6 71.068 87.646 0 4 1 3 0 0.24932
6 91.988 65.829 0 3 3 1 0 1.4966
6 113.3 55.992 0 4 3 2 0 0.96759
6 99.288 68.199 0 2 3 3 1 0.29585
6 105.49 142.37 0 2 2 2 1 0.31332
6 123.55 93.888 0 4 4 2 0 0.84094
6 100.56 73.971 0 3 3 4 0 0.14744
6 106.68 75.35 0 4 3 4 0 0.31446
6 65.618 91.433 0 3 1 4 0 0.81049
6 88.565 90.106 0 4 1 4 0 0.63453
6 81.446 97.614 0 2 1 4 0 0.72748
6 90.988 115.65 0 1 2 2 1 1.2583
6 65.882 90.463 0 3 1 3 0 0.66568
6 107.49 67.776 0 2 3 4 0 0.6975
6 115.87 77.242 0 2 3 3 1 0.90637
6 71.973 116.23 0 3 1 2 0 1.0181
6 121.04 119.98 0 1 2 2 1 1.7228
6 103.41 73.775 0 3 3 1 0 1.5615
6 133.95 86.606 0 3 4 2 0 1.2409
6 98.916 142.17 0 4 2 3 0 1.0971
6 97.76 139.67 0 2 2 4 0 1.0332
6 94.161 140.32 0 3 2 1 0 0.87337
6 111.12 118.31 0 3 4 2 0 0.63368
6 91.959 81.369 0 2 3 3 1 1.2424
7 118.45 107.25 1 4 4 1 0 4.24
7 72.593 121.4 1 2 1 2 0 5.7698
7 93.356 125.65 1 1 2 3 0 1.2584
7 109.42 76.845 1 4 3 3 1 2.1535
7 121.5 110.05 1 1 4 4 1 2.2318
7 65.272 109.84 1 4 1 1 1 1.8334
7 121.1 94.577 1 2 4 4 1 1.1522
7 77.653 103.19 1 4 1 4 0 2.9529
7 121.21 99.186 1 1 4 3 0 0.77821
7 124.48 113.5 1 1 4 4 1 0.73038
7 136.74 101.5 1 2 4 4 1 0.65057
7 102.79 116.42 1 1 2 4 0 0.66644
7 106.55 94.586 1 4 4 4 1 0.72953
7 92.969 69.134 1 2 3 3 1 2.2182
7 139.65 97.568 1 4 4 4 1 1.3383
7 64.793 86.673 1 4 1 1 1 0.95332
7 105.47 122.04 1 1 2 2 1 1.1611
7 103.61 74.101 1 1 3 3 1 1.3225
7 107.85 71.129 1 1 3 3 1 0.7784
7 83.552 92.867 1 3 1 4 0 5.7696
7 97.692 64.121 1 3 3 3 1 0.90628
7 109.02 110.12 1 2 4 2 0 2.0582
7 66.984 90.416 1 1 1 1 1 0.7144
7 146.57 88.563 1 3 4 4 1 1.8336
7 100.12 137.38 1 3 2 2 1 0.84154
7 62.668 107.74 1 3 1 1 1 0.61842
7 92.905 122.1 1 3 2 2 1 3.0347
7 136.19 96.662 1 2 4 4 1 0.98494
7 134.62 92.051 1 3 4 4 1 1.8505
7 60.98 93.568 1 4 1 1 1 0.6345
7 66.948 106.22 1 3 1 1 1 1.0339
7 101.55 83.49 1 1 3 3 1 1.8336
7 95.99 78.373 1 1 3 3 1 0.73058
7 127.27 101.29 1 1 4 4 1 1.4016
7 65.786 99.051 1 2 1 1 1 0.66584
7 71.138 121.68 1 2 1 4 0 4.2501
7 67.513 120.72 1 2 1 1 1 0.9543
7 124.18 129.49 1 2 4 4 1 0.76264
7 63.689 99.325 1 3 1 1 1 0.69847
7 149.85 85.663 1 3 4 4 1 3.4658
7 95.353 130.86 1 1 2 2 1 0.76229
7 118.19 104.74 1 1 4 2 0 3.5782
7 107.17 132.04 1 1 2 4 0 0.76225
7 154.99 97.41 1 1 4 3 0 1.1298
7 106.8 73.142 1 1 3 3 1 0.98654
7 80.613 64.8 1 4 3 3 1 0.8095
7 103.57 102.01 1 3 2 2 1 1.0816
7 58.261 103.39 1 4 1 1 1 0.68262
7 104.84 64.581 1 2 3 3 1 0.74498
7 114.68 141.24 1 1 2 2 1 0.71334
7 116.71 100.27 1 4 4 3 0 2.1051
7 109.59 66.144 1 1 3 3 1 0.87423
7 77.531 86.067 1 1 1 3 0 1.3384
7 96.499 80.838 1 1 3 4 0 2.2346
7 136.03 94.356 1 1 4 4 1 1.1924
7 75.413 94.694 1 1 1 1 1 0.66519
7 107.71 136.73 1 3 2 2 1 0.73045
7 99.222 84.464 1 4 3 4 0 1.2418
7 93.601 125.3 1 2 2 2 1 0.66571
7 64.475 77.533 1 4 1 1 1 0.90531
7 105.35 81.111 1 2 3 2 0 1.3534
7 100.19 133.48 1 1 2 2 1 1.3854
7 75.797 136.11 1 1 2 4 0 1.8023
7 82.204 101.04 1 4 1 3 0 1.9626
7 98.577 125.95 1 4 2 2 1 5.5618
7 91.971 124.15 1 1 2 2 1 0.87344
7 140.38 105.71 1 3 4 4 1 1.2905
7 117.5 78.019 1 2 3 2 0 1.0342
7 104.89 113.38 1 3 2 2 1 0.98658
7 103.03 121.99 1 2 2 2 1 1.6251
7 112.36 123.11 1 2 2 2 1 0.78635
7 100.69 64.568 1 2 3 3 1 1.1622
7 71.871 91 1 3 1 3 0 0.77853
7 104.76 57.815 1 4 3 3 1 1.049
7 94.408 49.697 1 1 3 3 1 1.321
7 91.337 66.395 1 3 3 3 1 0.68099
7 109.23 139.79 1 3 2 2 1 0.98708
7 97.348 129.19 1 1 2 4 0 2.9064
7 107.91 64.381 1 4 3 3 1 0.73046
7 101.83 70.986 1 3 3 3 1 0.60134
7 94.301 69.413 1 3 3 3 1 0.52186
7 66.681 92.02 1 3 1 3 0 0.34656
7 56.686 103.6 1 2 1 1 1 0.50636
7 76.401 95.296 1 3 1 4 0 2.5063
7 114.9 101.9 1 2 4 4 1 1.4007
7 98.179 69.092 1 1 3 3 1 1.61
7 67.057 102.81 1 4 1 1 1 0.77823
7 103.5 142.9 1 2 2 2 1 0.7144
7 136.64 100.6 1 3 4 4 1 1.8826
7 101.7 60.196 1 1 3 3 1 1.1291
7 84.361 143.25 1 4 2 2 1 0.72963
7 105.5 79.112 1 4 3 3 1 0.77857
7 137.08 98.541 1 2 4 2 0 0.77696
7 122.53 84.582 1 1 4 3 0 0.69787
7 106.4 126.84 1 3 2 2 1 0.79486
7 123.18 102.5 1 2 4 4 1 1.2262
7 69.085 87.081 1 4 1 1 1 0.71355
7 115.33 116.76 1 4 2 2 1 0.84188
7 69.965 86.568 1 2 1 1 1 0.66521
7 113.65 134.47 1 4 2 2 1 0.7624
8 128.97 121.71 1 4 4 2 0 2.7359
8 66.881 103.13 1 4 1 1 1 1.7696
8 106.79 73.195 1 4 3 3 1 1.2263
8 87.703 99.619 1 4 1 3 0 1.3222
8 98.277 121.06 1 4 2 2 1 1.0659
8 128.04 100.7 1 1 4 3 0 1.2745
8 113.2 100.19 1 4 4 4 1 0.79183
8 111.17 126.9 1 2 2 2 1 1.2042
8 87.327 119.11 1 4 2 4 0 1.2418
8 74.84 110.41 1 1 1 2 0 1.5353
8 102.15 115.69 1 3 4 2 0 1.2741
8 101.51 136.75 1 4 2 2 1 0.95342
8 82.785 71.596 1 3 3 4 0 1.0185
8 107.74 151.82 1 1 2 2 1 0.76198
8 121.88 109.92 1 4 4 3 0 1.1303
8 67.698 96.766 1 3 1 1 1 1.5783
8 98.016 72.591 1 2 3 3 1 2.602
8 71 111.16 1 3 1 4 0 2.4823
8 56.413 94.264 1 1 1 3 0 0.61849
8 124.5 100.25 1 1 4 4 1 0.82554
8 91.631 131.59 1 2 2 2 1 1.002
8 131.37 96.305 1 1 4 4 1 4.089
8 127.71 107.19 1 3 4 4 1 0.98597
8 123.6 102.77 1 3 4 4 1 1.8338
8 53.133 82.592 1 1 1 1 1 0.79324
8 124.25 90.883 1 3 4 3 0 5.7215
8 104.93 74.325 1 4 3 3 1 0.98513
8 85.896 100.23 1 1 1 3 0 1.0345
8 136.27 109.16 1 1 4 4 1 1.8983
8 87.138 149.74 1 2 2 2 1 1.0175
8 69.659 95.394 1 3 1 1 1 1.1935
8 108.67 117.67 1 4 2 4 0 2.586
8 87.638 87.9 1 2 1 3 0 1.1623
8 39.473 74.96 1 4 1 1 1 1.0812
8 70.185 112.66 1 3 1 1 1 9.625
8 101.38 73.017 1 4 3 3 1 1.8651
8 77.574 106.8 1 4 1 4 0 1.9134
8 88.689 98.299 1 1 1 3 0 1.4493
8 57.944 87.101 1 1 1 1 1 1.0655
8 101.59 128.67 1 1 2 2 1 2.4421
8 66.167 70.699 1 4 1 3 0 3.0161
8 102.59 83.574 1 4 3 4 0 1.1937
8 113.92 134.08 1 1 2 2 1 1.0976
8 64.871 105.03 1 4 1 3 0 2.9057
8 132.98 98.246 1 4 4 4 1 1.0807
8 131.56 93.748 1 1 4 4 1 0.87462
8 140.82 100.94 1 2 4 4 1 0.6179
8 113.39 91.561 1 2 4 3 0 1.4343
8 103.29 70.961 1 1 3 2 0 1.5612
8 128.38 97.975 1 1 4 4 1 0.9863
8 75.685 119.72 1 1 1 2 0 4.2018
8 94.348 71.337 1 4 3 3 1 1.2574
8 93.065 64.704 1 2 3 3 1 1.0015
8 117.85 104.56 1 4 4 4 1 6.6507
8 117.2 70.548 1 2 3 3 1 4.729
8 108.76 66.537 1 3 3 3 1 0.96956
8 103.37 147.21 1 3 2 2 1 1.2574
8 102.56 50.881 1 3 3 3 1 1.9133
8 122.33 91.673 1 4 4 3 0 3.4502
8 63.81 110.56 1 4 1 1 1 1.2097
8 102.26 91.893 1 4 3 4 0 5.7371
8 104.98 107.99 1 2 2 3 0 1.2731
8 54.726 102.95 1 1 1 1 1 1.1453
8 88.952 121.92 1 2 2 2 1 1.1775
8 71.812 78.352 1 4 1 1 1 4.553
8 140.14 112.93 1 4 4 4 1 1.1773
8 120.98 109.66 1 1 4 4 1 1.1132
8 94.46 89.864 1 4 3 3 1 4.5522
8 72.507 95.076 1 4 1 1 1 1.417
8 100.41 124.77 1 2 2 4 0 3.8811
8 118.28 134.39 1 1 2 4 0 1.0812
8 103.32 134.06 1 2 2 2 1 2.0572
8 97.858 128.19 1 1 2 2 1 1.0808
8 97.072 123.33 1 1 2 2 1 1.7855
8 125.76 107.77 1 3 4 3 0 2.8253
8 104.71 119.43 1 3 2 4 0 1.6733
8 124.01 108.19 1 2 4 3 0 4.0729
8 93.937 62.462 1 1 3 1 0 1.4331
8 135.33 94.302 1 4 4 4 1 1.049
8 99.869 69.579 1 4 3 3 1 3.45
8 111.85 106.14 1 2 4 3 0 2.6816
8 93.178 65.476 1 2 3 3 1 1.7218
8 92.946 88.156 1 4 3 3 1 1.9453
8 95.849 76.65 1 4 3 3 1 1.8491
8 133.52 113.66 1 1 4 4 1 1.4012
8 95.479 69.394 1 3 3 3 1 1.6255
8 74.093 102.45 1 1 1 3 0 2.1063
8 95.039 77.257 1 3 3 3 1 2.4091
8 86.696 51.709 1 3 3 1 0 1.3213
8 88.157 69.825 1 2 3 3 1 0.93713
8 89.956 64.863 1 2 3 3 1 2.0253
8 88.072 90.552 1 3 3 3 1 1.4653
8 75.503 120.2 1 2 1 2 0 1.5453
8 92.588 154.28 1 2 2 2 1 1.1608
8 88.929 109.56 1 3 2 2 1 3.4653
8 108.88 124.8 1 1 2 3 0 5.1288
8 106.93 125.34 1 3 2 4 0 1.9608
8 90.24 128.23 1 4 2 1 0 2.1545
8 83.69 97.759 1 3 1 1 1 1.2889
8 96.998 144.9 1 2 2 2 1 1.2579
9 96.262 137.63 1 3 2 2 1 1.2319
9 125.02 87.037 1 3 4 3 0 1.4014
9 115.03 82.638 1 1 3 3 1 1.2732
9 55.968 101.51 1 1 1 1 1 1.2896
9 108.73 146.08 1 3 2 2 1 1.8157
9 64.013 119.66 1 1 1 1 1 1.3695
9 114.03 71.214 1 4 3 3 1 1.1928
9 95.906 128.14 1 1 2 2 1 1.3372
9 119.77 117.65 1 1 2 4 0 2.2176
9 104.77 137.2 1 2 2 2 1 1.8009
9 122.08 84.683 1 4 4 3 0 1.1293
9 71.674 104.66 1 3 1 1 1 1.433
9 139.57 102.71 1 4 4 4 1 1.2729
9 132.73 92.579 1 4 4 3 0 2.8571
9 70.559 113.66 1 1 1 1 1 1.7539
9 105.36 117.7 1 3 2 4 0 1.5606
9 140.93 83.272 1 3 4 4 1 1.1455
9 135.33 107.93 1 4 4 2 0 2.2803
9 95.81 77.826 1 4 3 3 1 1.161
9 80.145 103.81 1 4 1 1 1 1.3215
9 112.1 90.087 1 1 4 3 0 2.9211
9 106.31 69.963 1 1 3 1 0 2.1852
9 64.7 97.217 1 2 1 1 1 2.4093
9 94.894 72.019 1 4 3 4 0 13.145
9 64.865 97.452 1 2 1 1 1 1.2076
9 94.916 127.7 1 4 2 2 1 1.8174
9 109.3 94.724 1 3 4 3 0 7.385
9 106.52 71.449 1 4 3 3 1 0.74517
9 78.227 104.33 1 3 1 4 0 1.4969
9 100.29 72.852 1 4 3 4 0 1.4973
9 76.145 86.468 1 2 1 1 1 1.4809
9 74.074 99.646 1 4 1 1 1 1.5277
9 64.004 91.564 1 3 1 1 1 1.4164
9 91.665 129.79 1 4 2 2 1 3.4015
9 131.4 98.805 1 4 4 4 1 1.5923
9 116.82 91.335 1 4 3 4 0 1.6253
9 122.11 98.63 1 3 4 4 1 11.77
9 68.49 100.38 1 3 1 1 1 2.0091
9 122.82 101.77 1 2 4 4 1 1.3861
9 87.545 133.79 1 4 2 2 1 1.3691
9 125.05 99.471 1 3 4 4 1 1.2736
9 98.473 67.976 1 2 3 3 1 1.7856
9 107.25 127.76 1 2 2 2 1 2.2963
9 103.9 52.984 1 4 3 3 1 3.5616
9 97.064 60.284 1 4 3 3 1 22.01
9 130.3 108.11 1 3 4 4 1 1.0969
9 69.854 99.217 1 3 1 1 1 1.161
9 90.34 116.9 1 3 1 4 0 1.6059
9 127.92 108.38 1 2 4 4 1 0.96892
9 107.72 122.85 1 1 2 2 1 2.5055
9 94.807 71.083 1 1 3 3 1 8.3775
9 98.53 129.25 1 3 2 2 1 1.1133
9 105.37 62.352 1 3 3 3 1 1.0016
9 131.21 122.03 1 2 4 2 0 0.82551
9 110.02 129.03 1 1 2 4 0 3.7851
9 108.93 81.938 1 2 4 3 0 1.1293
9 143.61 95.96 1 2 4 4 1 1.1467
9 98.49 82.627 1 3 3 3 1 1.9774
9 82.093 84.705 1 4 1 3 0 2.2497
9 90.921 64.416 1 4 3 3 1 1.2416
9 81.981 122.2 1 3 2 2 1 1.225
9 69.114 108.52 1 3 1 1 1 2.2653
9 129.28 110.85 1 2 4 4 1 1.0179
9 63.482 91.567 1 4 1 1 1 1.4979
9 129.02 91.02 1 1 4 4 1 1.1945
9 95.845 83.32 1 1 3 3 1 1.6888
9 73.671 95.878 1 4 1 1 1 1.2251
9 72.589 103.31 1 1 1 1 1 1.5137
9 113.79 95.295 1 2 3 4 0 1.8333
9 80.524 83.775 1 2 3 3 1 3.5305
9 88.909 58.429 1 4 3 3 1 1.1456
9 70.98 97.498 1 2 1 1 1 1.8507
9 110.45 128.43 1 1 2 2 1 2.6186
9 94.876 128.97 1 4 2 2 1 1.3702
9 124.09 118.91 1 2 4 4 1 1.4336
9 85.609 129.03 1 2 2 1 0 3.1132
9 73.17 85.193 1 3 1 3 0 1.5936
9 81.79 111.54 1 1 2 4 0 4.1051
9 137.8 100.42 1 3 4 4 1 2.8104
9 91.562 71.13 1 4 3 3 1 1.8503
9 127.71 94.534 1 1 4 4 1 2.0101
9 101.08 80.825 1 3 3 3 1 3.881
9 124.5 78.177 1 4 4 4 1 2.0895
9 74.121 97.48 1 2 1 1 1 1.3371
9 116.98 121.04 1 2 4 2 0 5.1293
9 104.24 138.9 1 2 2 2 1 0.88948
9 101.55 85.011 1 4 3 4 0 6.9212
9 101.69 71.413 1 4 3 3 1 1.0647
9 89.463 121.33 1 2 2 2 1 0.8104
9 59.37 85.034 1 2 1 1 1 0.74637
9 79.562 79.509 1 2 3 3 1 1.2581
9 90.49 90.771 1 1 1 4 0 2.8091
9 104.87 128.24 1 1 2 2 1 1.4179
9 103.34 114.1 1 4 2 2 1 1.4336
9 88.153 75.402 1 4 3 3 1 1.4337
9 70.798 95.527 1 1 1 3 0 1.2095
9 113.07 114.09 1 1 2 2 1 2.7619
9 137.02 95.216 1 3 4 4 1 2.9055
9 84.963 129.49 1 1 2 2 1 1.7049
9 77.996 133.37 1 4 2 2 1 1.4013
