1 79.921 80.143 1 1 1 2 0 2.6832
1 65.483 111.99 1 4 1 1 1 1.6951
1 125.42 88.357 1 1 4 2 0 1.1564
1 88.46 132.35 1 3 2 3 0 3.1105
1 105.84 59.327 1 4 3 4 0 14.774
1 83.097 99.69 1 3 1 2 0 1.3821
1 100.66 138.95 1 1 2 4 0 1.0783
1 108.16 121.17 1 3 2 3 0 5.4623
1 135.48 103.1 1 2 4 3 0 1.2062
1 56.719 111.46 1 3 1 2 0 1.3344
1 103.8 134.02 1 2 2 1 0 0.74256
1 96.222 119.36 1 4 2 1 0 0.71027
1 101.3 118.25 1 2 2 4 0 0.83878
1 111.85 115.57 1 1 2 3 0 1.9741
1 138.16 109.2 1 2 4 3 0 2.1339
1 78.156 106.16 1 3 1 4 0 1.0603
1 75.224 88.377 1 4 1 1 1 2.0061
1 129.64 91.975 1 4 4 2 0 1.3184
1 137.35 113.99 1 2 4 2 0 1.0457
1 108.36 74.954 1 4 3 3 1 1.9586
1 105.39 122.35 1 1 2 3 0 0.63022
1 84.233 137.95 1 4 2 1 0 1.6535
1 58.433 101.94 1 1 1 1 1 0.45325
1 130.46 86.239 1 1 4 4 1 1.5901
1 68.92 110.38 1 3 1 1 1 1.3662
1 107.66 76.983 1 1 3 3 1 2.1979
1 95.087 138.82 1 3 2 2 1 4.8537
1 81.331 81.853 1 2 1 1 1 0.83696
1 126.81 79.395 1 3 4 3 0 1.4138
1 114.2 77.146 1 3 3 4 0 0.48549
1 95.081 129.76 1 4 2 2 1 0.69288
1 109.19 138.07 1 1 2 2 1 0.75717
1 124.62 98.248 1 1 4 2 0 0.45342
1 101.93 124.92 1 3 2 2 1 0.72574
1 130.11 92.592 1 2 4 2 0 0.45317
1 103.29 76.818 1 2 3 2 0 0.42114
1 96.095 76.707 1 4 3 2 0 0.64514
1 103.04 133.76 1 3 2 3 0 0.93319
1 82.728 60.788 1 4 3 1 0 0.66098
1 110.47 86.667 1 4 3 4 0 0.88517
1 49.067 104.17 1 4 1 1 1 0.67712
1 124.8 92.44 1 2 4 3 0 0.78947
1 100.23 73.765 1 3 3 4 0 0.59753
1 111.42 105.79 1 4 4 2 0 0.46963
1 94.17 78.633 1 2 3 4 0 0.43721
1 97.803 130.48 1 2 2 4 0 0.3095
1 143.47 104.91 1 1 4 4 1 0.74033
1 95.503 80.539 1 3 3 3 1 0.5975
1 114.29 103.67 1 4 4 3 0 1.5571
1 138.1 78.635 1 2 4 4 1 0.64546
1 137.08 110.12 1 1 4 4 1 0.64516
1 70.057 97.824 1 4 1 1 1 0.66091
1 100.19 132.46 1 2 2 2 1 1.0926
1 138.91 109.03 1 4 4 2 0 1.1249
1 74.406 94.873 1 1 1 1 1 0.69269
1 136.37 93.27 1 1 4 4 1 1.589
1 77.043 103.02 1 4 1 1 1 0.67669
1 132.47 91.274 1 2 4 4 1 0.61244
1 105.35 62.113 1 2 3 3 1 0.99685
1 67.719 92.352 1 4 1 1 1 0.72485
1 150.2 102.4 1 1 4 4 1 1.2364
1 79.388 101.95 1 1 1 1 1 1.1563
1 73.271 112.19 1 2 1 1 1 0.61243
1 78.451 105.19 1 3 1 1 1 0.59671
1 96.006 70.31 1 4 3 3 1 1.0607
1 71.147 98.665 1 2 1 1 1 0.83633
1 111.32 66.94 1 2 3 2 0 1.4921
1 97.37 74.791 1 4 3 3 1 0.96416
1 118.36 111.64 1 3 4 2 0 1.3488
1 67.055 109.5 1 2 1 1 1 0.70206
1 94.439 74.619 1 3 3 3 1 0.96455
1 95.636 122.01 1 4 2 2 1 1.4447
1 85.51 78.382 1 3 3 3 1 0.9326
1 92.034 75.207 1 1 3 3 1 1.5886
1 135.9 87.263 1 3 4 4 1 1.1881
1 64.441 99.62 1 4 1 1 1 0.70741
1 113.19 81.538 1 4 4 3 0 1.7003
1 67.377 101.21 1 2 1 1 1 0.80394
1 99.777 123.8 1 2 2 2 1 5.3311
1 87.493 102.65 1 3 1 2 0 1.1721
1 100.45 75.41 1 3 3 3 1 0.8844
1 84.668 102.75 1 4 1 3 0 0.61203
1 108.59 150 1 1 2 2 1 1.2199
1 99.874 116.05 1 2 2 3 0 1.124
1 103.49 123.83 1 4 2 2 1 0.66047
1 102.03 55.27 1 4 3 3 1 0.67539
1 123.59 90.996 1 1 3 3 1 1.7478
1 78.076 96.265 1 1 1 1 1 0.99538
1 97.504 109.72 1 1 2 3 0 1.5875
1 91.842 58.59 1 4 3 3 1 0.85146
1 80.514 110.94 1 1 1 2 0 0.69138
1 100.26 126.58 1 2 2 3 0 0.64317
1 132.97 97.663 1 4 4 4 1 1.8115
1 100.28 82.642 1 1 3 3 1 1.5231
1 135.92 94.174 1 4 4 4 1 0.80317
1 131.82 93.131 1 2 4 4 1 0.83543
1 79.896 81.103 1 3 3 1 0 0.72351
1 88.727 138.52 1 1 2 2 1 1.0916
1 105.29 110.19 1 4 2 2 1 0.88373
1 96.639 63.931 1 1 3 3 1 0.85132
2 88.576 154.71 1 3 2 3 0 3.5358
2 82.452 94.309 1 3 1 3 0 1.07
2 111.79 125.11 1 1 2 3 0 0.4672
2 112.83 144.21 1 2 2 3 0 0.40315
2 135.16 91.08 1 2 4 3 0 0.54745
2 98.245 120.49 1 2 2 3 0 0.51505
2 95.619 81.297 1 2 3 3 1 0.73914
2 79.195 108.9 1 1 1 3 0 0.75498
2 87.314 64.028 1 2 3 1 0 0.72313
2 97.194 128.59 1 3 2 2 1 1.0594
2 104.9 118.62 1 2 2 2 1 0.61128
2 85.657 87.331 1 3 1 2 0 0.62749
2 114.07 154.31 1 1 2 2 1 1.0747
2 137.4 90.895 1 4 4 4 1 0.61091
2 134.45 99.393 1 1 4 4 1 0.46654
2 125.36 108.83 1 1 4 4 1 0.33873
2 103.79 74.408 1 2 3 4 0 0.33841
2 121.31 98.879 1 3 4 4 1 0.65872
2 79.308 92.667 1 3 1 3 0 1.1387
2 73.932 114.88 1 3 1 1 1 0.43437
2 96.141 112.8 1 3 2 2 1 1.3151
2 111.52 115.14 1 2 2 2 1 0.81843
2 131.6 100.05 1 2 4 4 1 1.0742
2 102.16 55.752 1 2 3 2 0 1.0264
2 124.87 94.913 1 1 4 2 0 1.1553
2 80.038 101.41 1 3 1 1 1 1.2663
2 61.124 86.306 1 4 1 1 1 0.78658
2 73.556 72.203 1 1 3 1 0 0.59452
2 75.227 96.213 1 3 1 1 1 0.49898
2 71.102 89.31 1 3 1 1 1 0.65777
2 78.088 134.84 1 2 2 1 0 0.49755
2 82.976 154.25 1 2 2 2 1 0.86675
2 127.04 102.53 1 4 4 4 1 0.70599
2 101.16 128.38 1 3 2 4 0 2.0821
2 106.46 68.872 1 3 3 3 1 0.76919
2 86.386 114.75 1 3 1 2 0 1.2983
2 73.749 110.44 1 3 1 1 1 0.78695
2 128.1 100.78 1 1 4 4 1 0.76947
2 101.11 71.326 1 2 3 3 1 0.99353
2 77.572 109.99 1 4 1 1 1 0.65849
2 136.8 115.45 1 4 4 4 1 0.4813
2 109.08 102.43 1 4 4 4 1 0.75332
2 99.136 69.971 1 2 3 3 1 0.92966
2 90.76 118.01 1 1 2 2 1 0.81757
2 83.847 132.18 1 2 2 2 1 1.0257
2 69.448 106.47 1 3 1 1 1 0.75375
2 123.77 91.191 1 1 4 4 1 0.64224
2 114.53 61.526 1 2 3 3 1 0.81752
2 62.399 88.289 1 2 1 1 1 0.67377
2 126.49 92.918 1 1 4 4 1 0.73792
2 84.364 77.564 1 2 3 3 1 1.122
2 74.453 101.68 1 2 1 1 1 0.72014
2 76.242 107.64 1 4 1 2 0 2.5453
2 86.84 95.028 1 4 3 1 0 1.0099
2 126.18 107.62 1 2 4 4 1 0.65738
2 101.9 83.963 1 4 3 3 1 0.65719
2 106.96 129.73 1 4 2 2 1 1.1054
2 116.97 92.084 1 2 4 4 1 0.88127
2 113.1 110.7 1 3 2 4 0 0.75323
2 91.087 110.36 1 1 2 2 1 1.0733
2 135.82 105.16 1 2 4 4 1 0.56155
2 70.723 116.53 1 4 1 1 1 0.88051
2 109.99 128.71 1 3 2 4 0 0.64197
2 88.839 138.9 1 1 2 2 1 1.1052
2 64.365 104.84 1 3 1 1 1 0.64149
2 98.409 50.535 1 2 3 3 1 0.65752
2 100.29 72.427 1 3 3 3 1 0.6573
2 112.41 118.76 1 2 4 2 0 1.121
2 136.2 109.88 1 1 4 4 1 0.56124
2 92.918 131.84 1 2 2 2 1 1.0088
2 104.55 75.985 1 3 3 3 1 0.8487
2 104.56 56.695 1 1 3 3 1 0.67327
2 102.34 113.04 1 4 2 2 1 1.2489
2 105.24 69.674 1 2 3 3 1 0.79768
2 109.85 73.783 1 3 3 3 1 0.76887
2 127.81 85.974 1 1 4 3 0 0.60939
2 70.846 89.233 1 1 1 1 1 0.73726
2 80.363 107.58 1 1 1 1 1 0.57659
2 102.96 73.328 1 3 3 3 1 1.1036
2 86.087 61.63 1 1 3 3 1 1.2646
2 104.2 141.27 1 4 2 2 1 0.89634
2 81.98 108.69 1 1 1 2 0 1.0882
2 84.647 111.43 1 4 1 2 0 1.6806
2 147.27 83.137 1 3 4 4 1 0.52839
2 105.56 113.27 1 2 2 4 0 0.72049
2 140.56 95.906 1 4 4 4 1 0.46454
2 120.24 105.37 1 3 4 4 1 0.4646
2 96.491 75.548 1 4 3 4 0 0.63939
2 121.92 85.312 1 4 4 4 1 1.1046
2 77.928 100.5 1 1 1 1 1 0.72003
2 92.056 65.207 1 1 3 3 1 1.1363
2 72.136 96.496 1 2 1 1 1 0.72038
2 89.249 78.622 1 2 3 3 1 1.1041
2 107.65 124.98 1 4 2 2 1 1.0084
2 96.851 93.522 1 3 1 3 0 1.1685
2 105.35 58.085 1 1 3 3 1 0.8481
2 132.99 87.506 1 3 4 4 1 0.912
2 100.99 121.59 1 1 2 2 1 0.97646
2 101.83 65.421 1 4 3 3 1 0.81559
2 133.57 96.385 1 4 4 4 1 1.3927
3 112.26 78.24 1 2 3 3 1 6.6238
3 101.9 52.566 1 3 3 3 1 0.62437
3 132.71 98.452 1 1 4 4 1 1.1038
3 68.797 98.916 1 2 1 1 1 0.71833
3 145.51 105.09 1 2 4 4 1 0.60765
3 103.82 160.68 1 1 2 2 1 0.75171
3 123.62 140.58 1 4 2 2 1 0.55948
3 97.429 121.92 1 3 2 4 0 1.3763
3 94.934 58.117 1 2 3 3 1 0.71964
3 120.78 94.112 1 3 4 4 1 0.91185
3 103.58 77.844 1 4 3 4 0 1.5197
3 64.23 102.61 1 4 1 1 1 0.63972
3 90.796 75.564 1 1 3 3 1 0.76772
3 94.597 82.411 1 1 3 2 0 1.1681
3 96.455 124.97 1 1 2 3 0 0.7352
3 80.323 104.7 1 2 1 2 0 0.87955
3 57.396 106.88 1 1 1 1 1 0.4799
3 94.993 68.6 1 1 3 3 1 0.7674
3 113.73 110.07 1 3 4 2 0 2.0154
3 90.263 82.881 1 1 3 4 0 1.1994
3 79.587 92.389 1 2 1 2 0 0.91136
3 121.8 103.95 1 4 4 4 1 0.94362
3 58.328 73.353 1 4 1 1 1 0.76726
3 99.281 114.32 1 3 2 3 0 0.95937
3 85.173 84.335 1 4 1 3 0 0.95942
3 91.41 93.881 1 1 3 4 0 1.2149
3 106.94 67.181 1 3 3 3 1 0.7833
3 109.89 115.34 1 3 2 2 1 0.81508
3 136.68 89.393 1 2 4 4 1 0.65544
3 133.32 99.716 1 1 4 4 1 0.67075
3 105.67 73.16 1 1 3 2 0 0.69161
3 94.167 86.356 1 3 3 2 0 0.97543
3 126.25 93.826 1 3 4 4 1 0.911
3 68.081 97.29 1 1 1 3 0 1.7907
3 58.379 84.361 1 4 1 1 1 0.75117
3 90.995 70.212 1 1 3 3 1 0.92753
3 104.31 130.62 1 4 2 2 1 1.2787
3 110.59 67.354 1 1 3 3 1 1.5986
3 87.743 121.71 1 4 2 2 1 0.94345
3 125.5 91.716 1 1 4 4 1 1.4715
3 63.9 101.59 1 4 1 1 1 0.92707
3 93.416 96.683 1 4 1 2 0 0.97461
3 112.99 56.667 1 4 3 3 1 0.97971
3 134.9 112.82 1 3 4 4 1 0.92644
3 122.11 103.28 1 2 4 4 1 1.1832
3 67.26 96.275 1 2 1 1 1 0.8305
3 116.68 143.14 1 2 2 4 0 0.73447
3 110.61 128.72 1 1 2 2 1 0.87865
3 100.31 142.8 1 3 2 2 1 0.95848
3 91.876 91.165 1 2 1 3 0 0.84686
3 107.42 77.578 1 4 3 3 1 0.75061
3 94.284 48.611 1 4 3 3 1 0.7026
3 88.911 106.9 1 2 1 3 0 0.63906
3 66.393 108.79 1 4 1 1 1 0.81493
3 90.727 115.04 1 2 2 3 0 0.63827
3 51.438 108.53 1 3 1 1 1 0.60493
3 96.553 70.742 1 3 3 3 1 1.0218
3 124.72 97.362 1 2 4 4 1 1.0055
3 107.34 146.03 1 3 2 2 1 1.1658
3 89.896 132.19 1 2 2 2 1 1.0843
3 110.07 62.644 1 2 3 3 1 0.78204
3 112.9 126.84 1 4 2 2 1 1.0688
3 102.12 59.224 1 1 3 3 1 0.67035
3 74.279 93.98 1 3 1 1 1 0.94113
3 92.592 132.06 1 3 2 2 1 0.87835
3 52.279 89.759 1 1 1 1 1 0.86248
3 105.22 124.71 1 2 2 2 1 0.733
3 119.21 107.17 1 2 4 4 1 0.74974
3 95.194 94.826 1 3 3 3 1 1.1018
3 105.91 134.84 1 2 2 2 1 1.1179
3 129.27 80.77 1 2 4 4 1 0.7495
3 78.275 98.073 1 3 1 3 0 1.4059
3 78.534 135.86 1 3 2 2 1 1.4691
3 87.361 68.211 1 1 3 3 1 0.84527
3 59.669 94.748 1 1 1 1 1 0.68547
3 127.38 98.414 1 1 4 4 1 0.71772
3 110.72 120.02 1 4 2 4 0 1.4696
3 127.58 95.363 1 2 4 4 1 0.73368
3 96.13 74.53 1 1 3 3 1 0.97361
3 104.09 67.894 1 3 3 3 1 0.7496
3 149.08 86.517 1 4 4 2 0 0.74956
3 79.951 141.1 1 1 2 1 0 1.0694
3 93.355 104.98 1 4 1 3 0 0.82993
3 98.189 128.34 1 2 2 4 0 0.58891
3 76.579 100.09 1 4 1 2 0 0.57317
3 116.75 95.248 1 1 4 4 1 0.73302
3 143.65 112.93 1 4 4 4 1 0.6211
3 133.69 86.174 1 4 4 4 1 0.54077
3 62.847 102.1 1 3 1 1 1 0.62179
3 117.22 127.39 1 2 2 4 0 0.61985
3 71.185 108.26 1 4 1 1 1 0.78015
3 134.54 105.28 1 4 4 4 1 0.6687
3 99.356 122.93 1 2 2 4 0 0.95697
3 98.221 65.457 1 3 3 3 1 0.76499
3 117.36 99.67 1 2 4 2 0 1.0367
3 136.7 85.785 1 4 4 4 1 0.78077
3 85.758 122.92 1 4 2 2 1 1.1975
3 77.33 102.76 1 2 1 2 0 1.3568
3 113.03 96.023 1 3 4 2 0 0.89258
3 142.54 96.024 1 4 4 4 1 0.58902
4 88.994 55.479 0 3 3 3 1 6.4959
4 105.96 87.726 0 4 3 2 0 1.0529
4 107.27 82.169 0 1 3 3 1 0.90889
4 95.772 76.385 0 1 3 4 0 1.3089
4 84.064 104.13 0 3 1 1 1 0.38061
4 102.92 122.09 0 2 2 2 1 0.74914
4 93.272 118.26 0 1 2 2 1 0.54063
4 136.55 103.78 0 1 4 4 1 0.55628
4 69.777 107.51 0 2 1 4 0 0.66958
4 88.697 141.36 0 4 2 3 0 1.0369
4 114.54 65.252 0 4 3 3 1 0.97171
4 101.91 68.71 0 4 3 2 0 0.68419
4 96.142 70.835 0 2 3 4 0 0.30019
4 80.444 103.32 0 1 1 1 1 0.38074
4 92.524 112.37 0 4 2 1 0 0.68419
4 132.66 101.59 0 1 4 4 1 0.26814
4 104.3 71.17 0 2 3 3 1 0.73084
4 90.591 64.502 0 4 1 2 0 0.61966
4 118 110.77 0 4 4 2 0 0.57267
4 104.87 112.12 0 4 2 2 1 0.46069
4 94.721 105.78 0 2 2 2 1 0.37974
4 148.4 105.74 0 2 4 3 0 0.97224
4 103.58 78.518 0 1 3 3 1 0.66798
4 116.84 79.516 0 1 3 3 1 0.57248
4 74.269 85.795 0 3 1 3 0 0.50865
4 129.66 100.8 0 4 4 1 0 0.53902
4 116.02 54.02 0 1 3 1 0 0.47656
4 81.135 85.89 0 4 1 4 0 1.3078
4 72.976 91.851 0 2 1 4 0 0.65255
4 110.47 121.21 0 1 2 3 0 1.0364
4 93.391 63.324 0 2 3 2 0 0.68436
4 74.106 102.73 0 3 1 3 0 1.2277
4 87.404 103.16 0 3 1 2 0 1.0208
4 81.367 54.044 0 1 3 1 0 2.524
4 98.299 66.622 0 3 3 1 0 0.71625
4 110.72 116.09 0 1 2 2 1 0.18765
4 91.393 137.11 0 1 2 2 1 0.091763
4 140.28 107.07 0 4 4 2 0 0.29915
4 100.68 135.61 0 3 2 3 0 0.44304
4 65.58 106.67 0 1 1 3 0 0.41156
4 77.029 88.631 0 4 1 1 1 0.44266
4 77.293 99.987 0 3 1 4 0 0.39373
4 63.01 111.55 0 4 1 4 0 0.74731
4 116.93 101.92 0 3 4 2 0 0.7459
4 133.99 82.461 0 3 4 1 0 0.53948
4 99.229 138.82 0 4 2 4 0 0.79538
4 99.892 122.91 0 2 2 2 1 0.2999
4 108.88 128.95 0 1 2 3 0 0.32997
4 109.25 147.88 0 2 2 1 0 0.4625
4 129.21 95.301 0 1 4 4 1 0.603
4 114.94 130.41 0 4 2 2 1 0.23575
4 101.77 60.413 0 4 3 3 1 0.43611
4 134.65 106.72 0 2 4 1 0 0.29928
4 115.5 102.46 0 3 4 4 1 0.010209
4 69.509 113.49 0 1 1 3 0 0.53963
4 95.06 146.43 0 2 2 2 1 0.20361
4 106.83 93.879 0 2 4 2 0 0.3472
4 106.63 68.216 0 4 3 2 0 0.57098
4 119.7 106.13 0 1 4 1 0 0.36265
4 99.04 118.42 0 3 2 1 0 0.36348
4 85.261 84.46 0 4 1 3 0 0.26677
4 107.49 144.64 0 1 2 4 0 0.18758
4 63.841 99.981 0 4 1 4 0 0.23574
4 92.87 115.4 0 4 2 2 1 0.25097
4 108.45 68.655 0 1 3 2 0 0.23481
4 103.74 91.348 0 1 4 2 0 0.25066
4 115.63 88.531 0 1 3 2 0 0.21761
4 95.911 133.08 0 4 2 2 1 0.084982
4 126.18 99.77 0 2 4 2 0 0.29862
4 129.41 107.43 0 4 4 2 0 0.2517
4 104.68 56.501 0 4 3 1 0 0.29816
4 75.862 108.55 0 4 1 1 1 0.28097
4 107.49 124.27 0 1 2 3 0 0.33002
4 107.58 141.28 0 2 2 3 0 0.33005
4 73.33 105.79 0 1 1 4 0 0.33131
4 111.29 71.945 0 2 3 4 0 0.33134
4 141.16 118.94 0 1 4 4 1 0.29821
4 66.173 98.415 0 3 1 4 0 0.31333
4 126.72 117.5 0 2 4 4 1 0.53831
4 121.82 81.2 0 1 4 4 1 0.3961
4 75.961 119.52 0 3 1 4 0 0.66571
4 137.43 97.095 0 4 4 4 1 0.3005
4 108.83 89.459 0 2 3 2 0 0.31366
4 129.33 121.82 0 4 4 4 1 0.54679
4 79.913 104.87 0 4 1 2 0 0.57435
4 67.46 105.32 0 2 1 1 1 0.52207
4 91.515 109.53 0 3 2 3 0 0.43595
4 75.915 124.97 0 3 1 2 0 0.29813
4 89.671 66.716 0 1 3 4 0 0.87393
4 98.021 135.47 0 1 2 1 0 0.57079
4 120.12 97.778 0 4 4 4 1 0.36183
4 107.76 101.61 0 4 4 3 0 0.39385
4 116.12 104.15 0 1 4 4 1 0.47429
4 110.89 77.799 0 2 3 3 1 0.68485
4 108.91 79.36 0 1 3 2 0 0.26564
4 123.16 86.321 0 3 3 1 0 0.39374
4 143.86 102.71 0 4 4 4 1 0.45754
4 63.269 104.28 0 3 1 3 0 0.32908
4 107.5 121.61 0 1 2 3 0 0.82563
4 65.666 89.518 0 4 1 1 1 0.68184
5 132.52 79.367 0 1 4 3 0 2.1119
5 79.825 110.03 0 1 1 4 0 0.28109
5 95.532 124.7 0 4 2 2 1 0.39412
5 119.67 98.963 0 2 4 1 0 0.28158
5 126.28 83.819 0 3 4 4 1 0.28149
5 68.809 92.921 0 4 1 3 0 0.29785
5 78.163 109.64 0 1 1 3 0 0.36184
5 122.05 99.856 0 2 4 3 0 0.37736
5 99.532 110.29 0 2 2 3 0 0.36117
5 77.056 105.17 0 3 1 3 0 0.45632
5 110.42 97.203 0 2 4 4 1 0.80948
5 64.178 95.854 0 2 1 3 0 0.68084
5 98.018 84.376 0 1 3 1 0 0.92127
5 119.94 80.981 0 4 3 1 0 0.63367
5 68.59 111.24 0 1 1 4 0 0.88953
5 122.17 87.285 0 1 4 4 1 0.63336
5 103.42 75.886 0 3 3 1 0 0.93678
5 133.38 95.12 0 4 4 1 0 0.63276
5 103.06 66.627 0 2 3 2 0 0.44081
5 101.47 116.34 0 2 2 2 1 0.42494
5 136.66 105.03 0 4 4 2 0 0.3927
5 63.436 97.967 0 4 1 3 0 0.77665
5 127.1 108.36 0 2 4 4 1 0.5691
5 111.12 67.162 0 2 3 1 0 0.34467
5 150.63 101.2 0 2 4 4 1 0.49282
5 90.777 75.458 0 3 3 4 0 0.29669
5 92.722 150.37 0 3 2 4 0 0.31252
5 81.66 102.4 0 2 1 2 0 0.28111
5 104.46 125.87 0 3 2 1 0 0.3135
5 133.28 109.73 0 4 4 3 0 0.34527
5 83.511 127.5 0 2 2 2 1 0.37759
5 103.35 81.916 0 2 3 2 0 0.44061
5 53.26 97.652 0 3 1 2 0 0.4564
5 65.574 101.79 0 2 1 4 0 0.26448
5 103.92 117.37 0 1 2 4 0 0.12141
5 84.914 90.149 0 2 3 1 0 0.37624
5 123.59 102.76 0 3 4 4 1 0.16873
5 63.64 102.47 0 1 1 4 0 0.5206
5 91.698 118.62 0 2 2 4 0 0.39225
5 93.03 127.92 0 1 2 4 0 0.44105
5 83.244 87.235 0 3 3 4 0 0.24807
5 135.28 131.47 0 2 4 4 1 0.28029
5 117.04 134.52 0 4 2 4 0 0.2644
5 74.12 99.144 0 1 1 4 0 0.32845
5 90.661 114.79 0 2 2 3 0 1.3569
5 96.492 64.001 0 2 3 1 0 0.34377
5 90.435 136.37 0 1 2 1 0 0.16766
5 144.12 106.39 0 1 4 2 0 0.40802
5 131.72 99.714 0 2 4 1 0 0.58453
5 142.53 91.584 0 4 4 3 0 0.26457
5 107.88 133.45 0 2 2 4 0 0.28016
5 126.13 115.08 0 3 4 4 1 0.31165
5 71.745 107.37 0 2 1 4 0 0.50786
5 118.59 107.79 0 2 2 2 1 0.39183
5 89.375 80.253 0 4 3 1 0 0.43948
5 63.495 112.71 0 4 1 3 0 0.15191
5 106.2 62.128 0 1 3 4 0 0.85591
5 98.029 119 0 2 2 4 0 0.24797
5 60.351 114.31 0 2 1 1 1 0.35949
5 93.811 81.911 0 1 3 2 0 0.24736
5 101.17 119.29 0 2 2 2 1 0.18348
5 125.38 93.662 0 1 4 2 0 0.10356
5 97.225 74.907 0 2 3 2 0 0.27965
5 76.309 94.566 0 4 1 2 0 0.19977
5 101.42 66.018 0 4 3 2 0 0.24774
5 94.552 61.334 0 4 3 1 0 0.29578
5 138.93 102.89 0 2 4 2 0 0.2955
5 116.24 104.32 0 3 4 4 1 0.27977
5 109 126.84 0 3 2 3 0 1.3835
5 118.33 94.643 0 3 4 3 0 0.37556
5 80.033 125.03 0 4 2 3 0 0.32711
5 69.682 91.355 0 4 1 4 0 0.26345
5 103.78 117.24 0 2 2 4 0 0.29555
5 123.32 82.92 0 2 3 2 0 0.31215
5 86.379 114.45 0 4 1 1 1 0.53905
5 98.872 73.991 0 3 3 1 0 0.21582
5 110.27 135.74 0 1 2 3 0 0.34413
5 99.578 137.41 0 3 2 3 0 0.31077
5 116.61 107.64 0 2 4 4 1 0.24783
5 79.833 109.31 0 2 1 4 0 0.31157
5 120.26 88.827 0 2 4 2 0 0.37491
5 131.21 109.65 0 4 4 2 0 0.27918
5 94.904 108.78 0 2 2 1 0 0.43884
5 96.667 66.656 0 3 3 1 0 0.26313
5 75.862 81.326 0 1 1 3 0 0.40753
5 146.64 104.11 0 4 4 3 0 0.14807
5 100.45 55.048 0 4 3 4 0 0.31084
5 109.41 86.605 0 4 3 4 0 0.27929
5 102.66 124.97 0 1 2 2 1 0.63083
5 80.169 102.41 0 4 1 2 0 0.3101
5 95.711 96.621 0 1 1 1 1 0.72749
5 100.57 59.036 0 2 3 1 0 0.2795
5 95.969 62.936 0 1 3 3 1 0.4073
5 55.679 110.52 0 1 1 3 0 0.19868
5 105.05 72.423 0 2 3 4 0 0.31024
5 106.04 131.14 0 3 2 4 0 0.2624
5 94.577 65.346 0 2 3 2 0 0.40641
5 92.622 121.35 0 1 2 2 1 0.27981
5 42.798 98.786 0 1 1 1 1 0.37446
5 60.554 97.491 0 3 1 1 1 0.31029
6 113.3 55.992 0 1 3 4 0 1.1839
6 82.918 60.697 0 1 3 4 0 0.27912
6 65.225 109.44 0 3 1 4 0 0.27868
6 91.988 65.829 0 3 3 4 0 0.31053
6 86.987 137.73 0 4 2 4 0 0.26256
6 87.689 64.684 0 4 3 3 1 0.29441
6 121.04 119.98 0 3 2 3 0 0.15011
6 88.565 90.106 0 1 1 2 0 1.9577
6 102.05 85.178 0 3 3 2 0 0.93429
6 133.95 86.606 0 1 4 4 1 1.4622
6 81.771 111.11 0 2 1 1 1 1.1626
6 65.618 91.433 0 3 1 3 0 1.7657
6 93.668 67.523 0 3 3 3 1 0.34611
6 89.205 134.14 0 4 2 3 0 0.070423
6 87.952 84.351 0 3 1 3 0 0.38971
6 106.33 61.389 0 2 3 4 0 2.6621
6 76.533 94.493 0 1 1 4 0 0.27838
6 76.165 80.21 0 1 1 2 0 0.69288
6 107.98 122.28 0 4 2 4 0 2.3714
6 123.55 93.888 0 3 4 3 0 3.4775
6 104.43 118.43 0 4 2 3 0 0.33951
6 81.446 97.614 0 4 1 3 0 0.54667
6 100.56 73.971 0 4 3 3 1 0.21235
6 125.82 82.164 0 4 4 4 1 0.10045
6 89.613 63.608 0 4 3 4 0 0.25899
6 119.71 97.126 0 3 4 2 0 0.29108
6 97.639 74.144 0 4 3 1 0 0.32573
6 101.76 128.04 0 1 2 1 0 0.098884
6 97.76 139.67 0 2 2 1 0 0.29192
6 90.957 126.35 0 4 2 4 0 0.099378
6 94.161 140.32 0 1 2 4 0 0.25513
6 132.46 93.55 0 3 4 3 0 0.38853
6 131.93 115.75 0 3 4 3 0 0.29174
6 86.198 132.76 0 3 2 3 0 0.27203
6 99.84 81.41 0 3 3 3 1 0.22856
6 91.959 81.369 0 3 3 3 1 0.22633
6 103.41 73.775 0 4 3 3 1 0.19473
6 65.882 90.463 0 4 1 3 0 0.23866
6 110.69 65.784 0 2 3 4 0 0.22713
6 70.959 107.6 0 2 1 4 0 0.17886
6 100.73 116.58 0 3 2 2 1 0.52642
6 119.86 94.212 0 3 4 2 0 0.50806
6 131.92 123.13 0 4 4 2 0 0.24554
6 68.218 104.29 0 1 1 2 0 0.11474
6 116.47 89.716 0 4 4 1 0 0.31027
6 124.48 113.37 0 2 4 1 0 0.67601
6 97.391 130.76 0 3 2 1 0 0.32242
6 139.88 103.12 0 2 4 1 0 0.2492
6 107.32 140.28 0 2 2 1 0 0.29057
6 122.27 97.825 0 1 4 3 0 0.28641
6 77.858 103.26 0 2 1 3 0 0.29138
6 103.65 80.325 0 2 3 3 1 0.259
6 107.49 67.776 0 1 3 3 1 0.25729
6 133.64 103.47 0 3 4 3 0 0.084861
6 99.035 89.404 0 4 3 3 1 0.14833
6 129.5 98.678 0 1 4 3 0 0.11644
6 138.79 110.53 0 4 4 3 0 0.35679
6 131.28 106.85 0 2 4 3 0 0.27504
6 94.558 127.32 0 4 2 4 0 0.34256
6 98.031 85.915 0 3 3 4 0 0.24472
6 106.68 75.35 0 2 3 4 0 0.21203
6 90.919 50.4 0 1 3 4 0 0.31553
6 111.12 118.31 0 2 4 2 0 0.40483
6 105.67 113.86 0 3 2 2 1 0.30624
6 127.55 108.75 0 2 4 2 0 0.21255
6 136.69 95.045 0 3 4 2 0 0.2449
6 61.901 110.73 0 2 1 2 0 0.14857
6 107.7 80.542 0 2 3 4 0 0.29242
6 120.28 123.72 0 1 2 4 0 0.37239
6 105.49 142.37 0 2 2 3 0 0.26045
6 54.54 100.59 0 3 1 3 0 0.26008
6 93.953 116.25 0 1 2 3 0 0.23583
6 72.087 111.01 0 3 1 3 0 0.056961
6 115.87 77.242 0 1 3 3 1 0.25998
6 71.068 87.646 0 3 1 2 0 2.0362
6 104.74 95.854 0 2 4 2 0 0.75627
6 129.56 104.72 0 1 4 4 1 1.396
6 85.629 129.72 0 1 2 1 0 1.6685
6 133.66 106.89 0 4 4 2 0 1.172
6 98.909 143.28 0 3 2 2 1 1.1882
6 104.76 75.866 0 1 3 1 0 0.9162
6 108.87 89.02 0 2 4 1 0 0.93199
6 71.365 100.47 0 3 1 3 0 0.53092
6 91.782 124.11 0 1 2 4 0 0.74006
6 61.808 120.11 0 3 1 3 0 0.43573
6 98.642 67.085 0 3 3 2 0 0.78792
6 80.01 106.7 0 1 1 2 0 0.65879
6 71.973 116.23 0 1 1 3 0 0.67568
6 111.72 105.18 0 4 4 2 0 0.45112
6 73.609 100.08 0 3 1 3 0 0.77209
6 64.79 77.371 0 1 1 3 0 0.62738
6 99.288 68.199 0 2 3 1 0 1.0439
6 69.83 103.95 0 1 1 3 0 0.85196
6 56.58 97.892 0 4 1 3 0 0.59543
6 123.04 92.771 0 1 4 3 0 0.43537
6 91.934 128.11 0 4 2 4 0 0.37493
6 94.481 130.18 0 2 2 4 0 0.40307
6 76.811 106.37 0 3 1 2 0 0.51523
6 90.988 115.65 0 2 2 1 0 0.48345
6 98.916 142.17 0 4 2 4 0 0.54594
7 94.408 49.697 1 3 3 4 0 1.5839
7 101.83 70.986 1 1 3 4 0 0.73886
7 136.74 101.5 1 2 4 4 1 0.96425
7 124.18 129.49 1 1 4 4 1 0.85166
7 60.98 93.568 1 2 1 3 0 1.3148
7 121.21 99.186 1 3 4 4 1 0.91571
7 105.35 81.111 1 2 3 4 0 1.0116
7 75.413 94.694 1 1 1 1 1 1.5391
7 106.55 94.586 1 2 4 2 0 2.8671
7 64.475 77.533 1 1 1 1 1 0.99473
7 83.552 92.867 1 1 1 1 1 0.92997
7 67.057 102.81 1 4 1 1 1 0.80402
7 118.19 104.74 1 2 4 4 1 1.0109
7 113.65 134.47 1 3 2 4 0 1.0113
7 139.65 97.568 1 3 4 4 1 0.97936
7 96.499 80.838 1 2 3 3 1 1.6189
7 104.89 113.38 1 4 2 2 1 2.8515
7 66.681 92.02 1 1 1 1 1 1.011
7 97.348 129.19 1 2 2 3 0 2.0344
7 118.45 107.25 1 2 4 3 0 1.8104
7 136.03 94.356 1 4 4 4 1 0.80537
7 69.965 86.568 1 1 1 1 1 1.0147
7 99.222 84.464 1 4 3 3 1 1.4249
7 149.85 85.663 1 1 4 4 1 0.96302
7 95.353 130.86 1 3 2 2 1 2.4664
7 64.793 86.673 1 1 1 1 1 1.0752
7 98.577 125.95 1 4 2 2 1 1.7628
7 107.85 71.129 1 2 3 3 1 0.94147
7 100.19 133.48 1 1 2 2 1 1.1052
7 101.55 83.49 1 1 3 3 1 1.1064
7 63.689 99.325 1 1 1 1 1 0.96245
7 140.38 105.71 1 2 4 4 1 0.93004
7 97.692 64.121 1 3 3 3 1 1.0267
7 106.8 73.142 1 4 3 3 1 0.97809
7 71.871 91 1 2 1 1 1 0.94671
7 136.19 96.662 1 4 4 4 1 0.83502
7 109.59 66.144 1 1 3 3 1 1.122
7 114.9 101.9 1 3 4 3 0 0.94662
7 117.5 78.019 1 3 3 3 1 1.3787
7 137.08 98.541 1 2 4 4 1 1.1542
7 56.686 103.6 1 2 1 1 1 0.88182
7 103.03 121.99 1 3 2 2 1 1.8101
7 72.593 121.4 1 3 1 1 1 1.2503
7 58.261 103.39 1 3 1 1 1 0.45034
7 69.085 87.081 1 1 1 1 1 0.49846
7 136.64 100.6 1 3 4 4 1 0.59434
7 103.61 74.101 1 1 3 4 0 0.56249
7 112.36 123.11 1 3 2 2 1 0.97762
7 109.02 110.12 1 2 4 2 0 0.64112
7 106.4 126.84 1 4 2 2 1 0.84955
7 101.7 60.196 1 4 3 3 1 0.67341
7 154.99 97.41 1 4 4 4 1 0.64191
7 66.984 90.416 1 3 1 1 1 0.52939
7 103.57 102.01 1 3 2 2 1 0.8817
7 115.33 116.76 1 2 2 4 0 0.70515
7 84.361 143.25 1 1 2 2 1 0.8631
7 100.69 64.568 1 2 3 3 1 0.77034
7 122.53 84.582 1 1 4 4 1 0.59385
7 121.1 94.577 1 4 4 4 1 0.62529
7 71.138 121.68 1 3 1 1 1 0.71965
7 146.57 88.563 1 4 4 4 1 0.62606
7 93.356 125.65 1 4 2 2 1 1.2811
7 109.42 76.845 1 2 3 3 1 1.0576
7 127.27 101.29 1 3 4 4 1 0.81747
7 91.971 124.15 1 3 2 2 1 0.76936
7 107.17 132.04 1 3 2 2 1 1.0095
7 123.18 102.5 1 4 4 2 0 1.0419
7 82.204 101.04 1 1 1 1 1 0.67397
7 93.601 125.3 1 1 2 2 1 1.1857
7 91.337 66.395 1 3 3 3 1 0.70507
7 76.401 95.296 1 2 1 3 0 0.97776
7 103.5 142.9 1 2 2 2 1 1.2968
7 102.79 116.42 1 3 2 2 1 1.1374
7 67.513 120.72 1 1 1 1 1 0.64103
7 65.272 109.84 1 3 1 1 1 0.68871
7 121.5 110.05 1 1 4 4 1 0.81647
7 114.68 141.24 1 2 2 4 0 0.52936
7 107.71 136.73 1 2 2 2 1 0.66477
7 100.12 137.38 1 2 2 2 1 0.48915
7 66.948 106.22 1 2 1 1 1 0.65623
7 77.531 86.067 1 2 1 1 1 0.67353
7 80.613 64.8 1 2 3 1 0 0.68851
7 116.71 100.27 1 3 4 2 0 0.75267
7 62.668 107.74 1 4 1 1 1 0.59338
7 75.797 136.11 1 4 2 2 1 1.0413
7 109.23 139.79 1 2 2 2 1 0.57688
7 77.653 103.19 1 3 1 2 0 1.0568
7 94.301 69.413 1 4 3 3 1 0.84926
7 104.84 64.581 1 4 3 3 1 0.73731
7 98.179 69.092 1 4 3 3 1 0.72035
7 134.62 92.051 1 3 4 4 1 0.90017
7 104.76 57.815 1 2 3 3 1 0.97665
7 95.99 78.373 1 2 3 3 1 0.72055
7 105.47 122.04 1 1 2 2 1 0.85821
7 107.91 64.381 1 4 3 3 1 0.65611
7 92.905 122.1 1 3 2 1 0 0.8973
7 65.786 99.051 1 2 1 1 1 0.68815
7 105.5 79.112 1 4 3 3 1 0.81653
7 92.969 69.134 1 3 3 3 1 0.88078
7 124.48 113.5 1 4 4 4 1 0.80029
8 57.944 87.101 1 2 1 1 1 1.0079
8 104.71 119.43 1 2 2 4 0 0.73633
8 85.896 100.23 1 3 1 1 1 0.60845
8 66.881 103.13 1 1 1 1 1 0.59181
8 97.858 128.19 1 1 2 2 1 0.86359
8 108.88 124.8 1 4 2 2 1 1.1627
8 91.631 131.59 1 4 2 2 1 0.62411
8 94.348 71.337 1 4 3 3 1 0.62409
8 87.638 87.9 1 4 1 3 0 0.39992
8 92.946 88.156 1 4 3 3 1 0.52647
8 128.38 97.975 1 3 4 4 1 0.91086
8 106.93 125.34 1 1 2 2 1 0.78352
8 132.98 98.246 1 3 4 4 1 1.7435
8 135.33 94.302 1 1 4 4 1 0.52741
8 95.479 69.394 1 3 3 3 1 0.68349
8 100.41 124.77 1 1 2 2 1 0.7202
8 97.072 123.33 1 3 2 2 1 0.65559
8 94.46 89.864 1 1 3 3 1 0.59154
8 96.998 144.9 1 1 2 2 1 0.6539
8 95.039 77.257 1 4 3 3 1 0.86415
8 66.167 70.699 1 2 1 1 1 0.57518
8 93.937 62.462 1 4 3 3 1 0.60765
8 111.17 126.9 1 3 2 2 1 0.8158
8 71 111.16 1 3 1 1 1 0.78356
8 108.67 117.67 1 2 2 4 0 0.65627
8 104.93 74.325 1 4 3 3 1 0.71829
8 128.04 100.7 1 2 4 4 1 1.2314
8 77.574 106.8 1 2 1 1 1 0.60733
8 98.016 72.591 1 2 3 3 1 0.78331
8 102.59 83.574 1 4 3 3 1 0.65495
8 75.685 119.72 1 1 1 1 1 0.8156
8 121.88 109.92 1 2 4 3 0 0.70305
8 103.29 70.961 1 2 3 3 1 0.81491
8 113.39 91.561 1 1 4 2 0 1.3588
8 136.27 109.16 1 3 4 4 1 0.60763
8 74.093 102.45 1 4 1 1 1 0.59124
8 113.92 134.08 1 2 2 2 1 0.91073
8 99.869 69.579 1 4 3 3 1 0.7831
8 131.37 96.305 1 4 4 4 1 0.63922
8 120.98 109.66 1 1 4 4 1 0.59065
8 140.14 112.93 1 2 4 4 1 0.52673
8 64.871 105.03 1 1 1 1 1 0.71916
8 118.28 134.39 1 4 2 2 1 0.94247
8 102.56 50.881 1 4 3 3 1 0.62351
8 140.82 100.94 1 2 4 4 1 0.75062
8 107.74 151.82 1 4 2 2 1 0.65452
8 103.37 147.21 1 3 2 2 1 0.70955
8 53.133 82.592 1 4 1 3 0 0.60655
8 74.84 110.41 1 1 1 3 0 0.67153
8 98.277 121.06 1 2 2 1 0 1.0874
8 67.698 96.766 1 2 1 1 1 0.73533
8 117.85 104.56 1 4 4 4 1 0.83017
8 54.726 102.95 1 4 1 1 1 0.57522
8 70.185 112.66 1 3 1 1 1 0.65437
8 89.956 64.863 1 4 3 3 1 0.60469
8 133.52 113.66 1 3 4 4 1 1.1186
8 87.327 119.11 1 2 2 3 0 1.2947
8 101.38 73.017 1 3 3 3 1 1.1184
8 72.507 95.076 1 3 1 3 0 1.3577
8 92.588 154.28 1 4 2 2 1 1.5661
8 101.51 136.75 1 3 2 2 1 1.0697
8 101.59 128.67 1 4 2 2 1 1.1179
8 102.26 91.893 1 3 3 3 1 1.4221
8 39.473 74.96 1 3 1 1 1 0.94234
8 106.79 73.195 1 1 3 3 1 1.2947
8 83.69 97.759 1 2 1 2 0 2.3178
8 128.97 121.71 1 1 4 4 1 1.1179
8 95.849 76.65 1 2 3 3 1 1.3587
8 71.812 78.352 1 2 1 1 1 1.0701
8 127.71 107.19 1 1 4 4 1 1.2617
8 88.072 90.552 1 3 3 3 1 1.7089
8 86.696 51.709 1 4 3 3 1 1.1981
8 131.56 93.748 1 2 4 4 1 1.0373
8 63.81 110.56 1 3 1 1 1 1.2138
8 111.85 106.14 1 1 4 3 0 1.2135
8 103.32 134.06 1 2 2 2 1 2.5905
8 108.76 66.537 1 2 3 3 1 1.4858
8 88.157 69.825 1 4 3 3 1 0.78211
8 113.2 100.19 1 4 4 4 1 1.2787
8 87.138 149.74 1 3 2 2 1 1.3416
8 88.929 109.56 1 2 2 2 1 2.0292
8 75.503 120.2 1 1 1 3 0 1.4374
8 124.25 90.883 1 3 4 4 1 1.2137
8 87.703 99.619 1 2 1 1 1 1.5662
8 93.065 64.704 1 4 3 3 1 1.3102
8 104.98 107.99 1 3 2 4 0 1.3554
8 93.178 65.476 1 2 3 3 1 1.4054
8 69.659 95.394 1 4 1 1 1 1.8064
8 122.33 91.673 1 2 4 4 1 1.261
8 56.413 94.264 1 1 1 1 1 1.1172
8 82.785 71.596 1 3 3 3 1 1.2619
8 125.76 107.77 1 2 4 4 1 1.1014
8 90.24 128.23 1 1 2 2 1 2.8289
8 124.01 108.19 1 2 4 4 1 1.6453
8 88.952 121.92 1 2 2 3 0 2.0128
8 123.6 102.77 1 4 4 4 1 1.1499
8 88.689 98.299 1 1 1 3 0 1.3733
8 117.2 70.548 1 1 3 4 0 1.038
8 124.5 100.25 1 4 4 4 1 1.8369
8 102.15 115.69 1 2 4 2 0 2.1072
9 94.916 127.7 1 1 2 2 1 7.9358
9 63.482 91.567 1 2 1 1 1 1.2287
9 106.52 71.449 1 3 3 3 1 1.2599
9 113.79 95.295 1 1 3 3 1 0.62113
9 129.02 91.02 1 1 4 4 1 1.101
9 85.609 129.03 1 3 2 3 0 1.0366
9 122.82 101.77 1 1 4 4 1 1.0845
9 97.064 60.284 1 3 3 3 1 1.0696
9 91.665 129.79 1 2 2 2 1 0.84513
9 131.4 98.805 1 3 4 4 1 1.1329
9 137.8 100.42 1 1 4 4 1 0.76446
9 125.02 87.037 1 3 4 4 1 0.73247
9 91.562 71.13 1 2 3 3 1 1.1553
9 73.671 95.878 1 2 1 1 1 1.4201
9 80.145 103.81 1 3 1 1 1 1.052
9 116.98 121.04 1 4 4 4 1 1.1644
9 139.57 102.71 1 2 4 4 1 0.7803
9 143.61 95.96 1 3 4 4 1 0.54029
9 137.02 95.216 1 4 4 4 1 0.44391
9 70.798 95.527 1 2 1 1 1 1.212
9 64.004 91.564 1 4 1 1 1 0.50765
9 116.82 91.335 1 3 3 4 0 1.1008
9 122.11 98.63 1 1 4 4 1 2.4915
9 69.854 99.217 1 4 1 1 1 1.0982
9 69.114 108.52 1 3 1 1 1 1.0676
9 113.07 114.09 1 3 2 4 0 1.9319
9 132.73 92.579 1 2 4 4 1 0.69664
9 104.87 128.24 1 1 2 4 0 0.78106
9 72.589 103.31 1 4 1 1 1 12.572
9 107.72 122.85 1 4 2 4 0 1.0838
9 106.31 69.963 1 4 3 3 1 1.0841
9 101.69 71.413 1 2 3 3 1 0.83991
9 115.03 82.638 1 3 3 3 1 0.82197
9 59.37 85.034 1 3 1 1 1 0.81728
9 88.909 58.429 1 1 3 3 1 1.0518
9 78.227 104.33 1 3 1 2 0 2.4273
9 70.559 113.66 1 4 1 1 1 1.692
9 95.81 77.826 1 1 3 3 1 1.3233
9 122.08 84.683 1 1 4 4 1 1.0272
9 127.92 108.38 1 1 4 4 1 1.1279
9 119.77 117.65 1 4 2 4 0 0.93801
9 110.02 129.03 1 4 2 2 1 2.2679
9 98.49 82.627 1 2 3 3 1 1.0203
9 80.524 83.775 1 4 3 3 1 1.1154
9 95.845 83.32 1 3 3 3 1 1.3935
9 89.463 121.33 1 3 2 2 1 1.2439
9 98.53 129.25 1 1 2 2 1 1.2118
9 55.968 101.51 1 4 1 1 1 1.0569
9 101.55 85.011 1 4 3 3 1 2.0108
9 103.34 114.1 1 1 2 3 0 0.87617
9 64.7 97.217 1 3 1 1 1 1.0933
9 70.98 97.498 1 2 1 1 1 0.82428
9 127.71 94.534 1 1 4 4 1 0.98592
9 64.865 97.452 1 2 1 1 1 1.0028
9 77.996 133.37 1 3 2 2 1 2.2678
9 73.17 85.193 1 1 1 3 0 1.5787
9 84.963 129.49 1 4 2 2 1 1.2596
9 108.73 146.08 1 2 2 2 1 1.0628
9 82.093 84.705 1 4 1 3 0 1.0753
9 81.981 122.2 1 1 2 2 1 1.6433
9 104.24 138.9 1 1 2 2 1 1.0194
9 74.121 97.48 1 1 1 1 1 1.0991
9 105.37 62.352 1 2 3 3 1 1.1632
9 103.9 52.984 1 4 3 3 1 0.85754
9 90.49 90.771 1 1 1 3 0 1.5155
9 135.33 107.93 1 4 4 4 1 0.82736
9 104.77 137.2 1 3 2 2 1 1.0339
9 130.3 108.11 1 3 4 4 1 0.95516
9 79.562 79.509 1 4 3 3 1 1.3083
9 71.674 104.66 1 4 1 1 1 1.3712
9 107.25 127.76 1 4 2 2 1 5.9778
9 109.3 94.724 1 4 4 3 0 1.114
9 76.145 86.468 1 2 1 3 0 0.87444
9 94.894 72.019 1 3 3 3 1 0.89063
9 124.5 78.177 1 1 4 4 1 1.0668
9 140.93 83.272 1 1 4 4 1 0.87419
9 124.09 118.91 1 3 4 4 1 0.92247
9 95.906 128.14 1 1 2 2 1 1.066
9 131.21 122.03 1 1 4 4 1 0.92266
9 88.153 75.402 1 1 3 3 1 1.2908
9 94.807 71.083 1 1 3 3 1 1.0975
9 105.36 117.7 1 4 2 2 1 1.0352
9 112.1 90.087 1 3 4 3 0 1.0341
9 114.03 71.214 1 4 3 3 1 1.1967
9 64.013 119.66 1 2 1 1 1 0.97009
9 90.921 64.416 1 2 3 3 1 1.133
9 68.49 100.38 1 4 1 1 1 0.9058
9 98.473 67.976 1 2 3 3 1 1.0831
9 74.074 99.646 1 4 1 1 1 0.9701
9 108.93 81.938 1 2 4 4 1 0.98565
9 96.262 137.63 1 1 2 2 1 1.0176
9 110.45 128.43 1 3 2 2 1 1.0511
9 100.29 72.852 1 1 3 4 0 1.2736
9 94.876 128.97 1 3 2 2 1 1.1312
9 101.08 80.825 1 1 3 3 1 0.92204
9 125.05 99.471 1 1 4 4 1 0.95484
9 87.545 133.79 1 4 2 2 1 1.0643
9 81.79 111.54 1 3 2 1 0 1.2743
9 129.28 110.85 1 3 4 4 1 1.0176
9 90.34 116.9 1 3 1 2 0 1.4173
