1 88.46 132.35 1 3 2 3 0 3.7256
1 111.42 105.79 1 2 4 4 1 1.1102
1 100.19 132.46 1 2 2 2 1 1.2644
1 92.034 75.207 1 2 3 4 0 0.94563
1 103.04 133.76 1 3 2 2 1 0.76952
1 107.66 76.983 1 2 3 1 0 1.5058
1 87.493 102.65 1 1 1 2 0 2.2898
1 132.97 97.663 1 2 4 4 1 1.4096
1 105.29 110.19 1 3 2 3 0 0.8016
1 64.441 99.62 1 4 1 1 1 0.89686
1 103.29 76.818 1 3 3 4 0 1.0898
1 95.081 129.76 1 4 2 2 1 0.78511
1 138.91 109.03 1 1 4 4 1 1.0894
1 135.92 94.174 1 1 4 3 0 1.3249
1 75.224 88.377 1 4 1 1 1 0.80065
1 79.388 101.95 1 1 1 1 1 1.056
1 82.728 60.788 1 3 3 1 0 0.88127
1 95.636 122.01 1 3 2 2 1 0.89663
1 95.503 80.539 1 2 3 4 0 1.9535
1 100.66 138.95 1 1 2 3 0 0.67277
1 130.11 92.592 1 3 4 1 0 0.40059
1 137.08 110.12 1 3 4 4 1 0.81741
1 108.16 121.17 1 4 2 3 0 0.76874
1 129.64 91.975 1 1 4 4 1 0.70567
1 99.874 116.05 1 4 2 2 1 2.4018
1 110.47 86.667 1 3 3 1 0 0.46549
1 138.1 78.635 1 4 4 2 0 1.5209
1 125.42 88.357 1 4 4 1 0 0.52926
1 79.896 81.103 1 2 3 2 0 2.0015
1 135.48 103.1 1 3 4 1 0 0.76902
1 105.35 62.113 1 2 3 4 0 0.38479
1 103.49 123.83 1 4 2 3 0 0.43256
1 118.36 111.64 1 1 4 1 0 0.54329
1 131.82 93.131 1 3 4 2 0 0.62508
1 96.639 63.931 1 2 3 4 0 1.6482
1 81.331 81.853 1 2 1 3 0 0.6241
1 97.803 130.48 1 4 2 4 0 0.38484
1 67.377 101.21 1 3 1 2 0 2.0805
1 56.719 111.46 1 2 1 1 1 0.48074
1 71.147 98.665 1 1 1 1 1 0.57669
1 77.043 103.02 1 2 1 1 1 0.70508
1 100.45 75.41 1 1 3 2 0 1.2007
1 132.47 91.274 1 2 4 4 1 0.65649
1 109.19 138.07 1 3 2 2 1 1.0084
1 136.37 93.27 1 3 4 3 0 1.185
1 130.46 86.239 1 3 4 4 1 1.4078
1 114.2 77.146 1 2 3 2 0 2.5764
1 126.81 79.395 1 4 4 4 1 1.0726
1 67.055 109.5 1 2 1 1 1 0.80136
1 102.03 55.27 1 1 3 2 0 1.5521
1 101.3 118.25 1 1 2 4 0 0.84844
1 111.32 66.94 1 1 3 3 1 3.8403
1 83.097 99.69 1 2 1 2 0 1.3124
1 68.92 110.38 1 4 1 1 1 0.81647
1 74.406 94.873 1 3 1 1 1 0.62413
1 143.47 104.91 1 1 4 3 0 0.48062
1 70.057 97.824 1 3 1 4 0 0.4638
1 103.8 134.02 1 1 2 2 1 1.2485
1 124.62 98.248 1 1 4 4 1 0.94359
1 94.439 74.619 1 2 3 2 0 2.2398
1 100.23 73.765 1 1 3 3 1 0.57537
1 91.842 58.59 1 2 3 2 0 1.472
1 94.17 78.633 1 4 3 1 0 1.8636
1 97.37 74.791 1 1 3 1 0 0.68686
1 123.59 90.996 1 1 3 4 0 0.81554
1 79.921 80.143 1 4 1 4 0 1.0553
1 88.727 138.52 1 3 2 3 0 0.57564
1 101.93 124.92 1 1 2 2 1 0.35208
1 97.504 109.72 1 1 2 2 1 1.2153
1 84.668 102.75 1 1 1 3 0 1.1184
1 138.16 109.2 1 1 4 4 1 0.44743
1 105.39 122.35 1 2 2 4 0 0.54313
1 108.59 150 1 1 2 4 0 0.25508
1 67.719 92.352 1 4 1 1 1 1.4705
1 58.433 101.94 1 4 1 2 0 2.2719
1 113.19 81.538 1 1 4 1 0 0.56394
1 111.85 115.57 1 1 2 2 1 0.63947
1 100.26 126.58 1 2 2 4 0 0.63897
1 49.067 104.17 1 1 1 3 0 0.26735
1 96.006 70.31 1 2 3 4 0 1.4707
1 96.095 76.707 1 2 3 2 0 1.5945
1 85.51 78.382 1 4 3 3 1 0.99119
1 96.222 119.36 1 1 2 4 0 1.3862
1 150.2 102.4 1 3 4 4 1 2.4926
1 135.9 87.263 1 3 4 3 0 1.8386
1 95.087 138.82 1 2 2 2 1 1.5506
1 100.28 82.642 1 3 3 2 0 1.0551
1 78.451 105.19 1 4 1 1 1 0.89255
1 124.8 92.44 1 4 4 2 0 1.1341
1 65.483 111.99 1 1 1 1 1 0.89452
1 80.514 110.94 1 4 1 1 1 0.54231
1 99.777 123.8 1 1 2 4 0 1.0699
1 78.156 106.16 1 3 1 1 1 0.76559
1 108.36 74.954 1 2 3 4 0 0.87689
1 137.35 113.99 1 4 4 2 0 0.7817
1 105.84 59.327 1 3 3 2 0 0.90967
1 78.076 96.265 1 2 1 1 1 0.75036
1 73.271 112.19 1 3 1 1 1 0.66978
1 114.29 103.67 1 3 4 2 0 1.1819
1 84.233 137.95 1 1 2 1 0 0.84491
2 62.399 88.289 1 2 1 1 1 1.744
2 132.99 87.506 1 3 4 4 1 1.9773
2 147.27 83.137 1 1 4 4 1 1.0375
2 109.99 128.71 1 2 2 2 1 6.1414
2 104.56 56.695 1 4 3 4 0 0.90972
2 78.088 134.84 1 1 2 1 0 0.90994
2 124.87 94.913 1 3 4 3 0 0.74115
2 111.79 125.11 1 3 2 2 1 0.79823
2 73.932 114.88 1 4 1 1 1 0.7664
2 82.452 94.309 1 1 1 1 1 0.63807
2 113.1 110.7 1 1 2 4 0 1.6141
2 72.136 96.496 1 2 1 1 1 0.84547
2 126.18 107.62 1 3 4 3 0 1.2299
2 106.46 68.872 1 1 3 2 0 0.76529
2 92.056 65.207 1 4 3 4 0 0.766
2 87.314 64.028 1 1 3 1 0 0.58978
2 105.24 69.674 1 4 3 3 1 0.92544
2 140.56 95.906 1 4 4 4 1 0.89431
2 79.308 92.667 1 1 1 1 1 0.66849
2 81.98 108.69 1 4 1 1 1 0.65373
2 86.386 114.75 1 1 1 1 1 0.65057
2 102.16 55.752 1 1 3 2 0 1.0046
2 70.723 116.53 1 3 1 1 1 0.55421
2 104.9 118.62 1 1 2 4 0 0.89321
2 71.102 89.31 1 3 1 1 1 0.86082
2 86.087 61.63 1 3 3 1 0 0.58965
2 109.08 102.43 1 4 4 3 0 0.95645
2 116.97 92.084 1 1 4 2 0 0.50991
2 133.57 96.385 1 3 4 4 1 0.53589
2 98.409 50.535 1 4 3 3 1 1.5651
2 70.846 89.233 1 1 1 1 1 0.92516
2 96.141 112.8 1 3 2 2 1 1.8448
2 74.453 101.68 1 2 1 1 1 1.5805
2 77.572 109.99 1 2 1 4 0 1.1324
2 96.491 75.548 1 4 3 3 1 0.71761
2 73.749 110.44 1 1 1 1 1 0.77578
2 106.96 129.73 1 1 2 2 1 0.86093
2 105.35 58.085 1 4 3 4 0 0.71637
2 112.83 144.21 1 3 2 3 0 0.54151
2 95.619 81.297 1 2 3 3 1 1.3259
2 86.84 95.028 1 2 3 4 0 0.80937
2 79.195 108.9 1 2 1 1 1 1.1328
2 114.07 154.31 1 3 2 2 1 0.85903
2 90.76 118.01 1 2 2 4 0 1.1807
2 91.087 110.36 1 4 2 2 1 1.2274
2 137.4 90.895 1 4 4 2 0 0.73212
2 88.576 154.71 1 2 2 2 1 0.90741
2 76.242 107.64 1 4 1 1 1 1.4052
2 85.657 87.331 1 2 1 1 1 0.60741
2 120.24 105.37 1 4 4 3 0 0.93995
2 101.83 65.421 1 2 3 4 0 0.6035
2 123.77 91.191 1 2 4 3 0 2.1069
2 104.55 75.985 1 2 3 4 0 0.42769
2 127.81 85.974 1 2 4 1 0 0.63567
2 73.556 72.203 1 4 3 2 0 0.4281
2 77.928 100.5 1 4 1 1 1 0.66561
2 103.79 74.408 1 1 3 2 0 0.89527
2 83.847 132.18 1 4 2 2 1 0.79649
2 100.29 72.427 1 4 3 4 0 0.93765
2 111.52 115.14 1 1 2 3 0 0.77999
2 99.136 69.971 1 2 3 4 0 0.94007
2 121.92 85.312 1 4 4 3 0 0.5237
2 98.245 120.49 1 3 2 2 1 0.73185
2 88.839 138.9 1 1 2 4 0 0.71335
2 102.96 73.328 1 1 3 3 1 0.60374
2 96.851 93.522 1 2 1 2 0 0.52108
2 131.6 100.05 1 1 4 4 1 0.60318
2 61.124 86.306 1 1 1 1 1 0.57187
2 109.85 73.783 1 1 3 3 1 1.0199
2 64.365 104.84 1 1 1 1 1 0.77089
2 112.41 118.76 1 1 4 4 1 0.94867
2 82.976 154.25 1 3 2 2 1 1.307
2 104.2 141.27 1 2 2 2 1 0.73109
2 136.2 109.88 1 4 4 2 0 0.81797
2 84.364 77.564 1 4 3 1 0 0.78959
2 80.363 107.58 1 4 1 1 1 0.57096
2 84.647 111.43 1 2 1 1 1 0.58717
2 101.11 71.326 1 1 3 4 0 1.0991
2 97.194 128.59 1 1 2 2 1 0.89113
2 101.9 83.963 1 1 3 4 0 0.9709
2 128.1 100.78 1 4 4 3 0 2.2236
2 135.82 105.16 1 2 4 2 0 1.1149
2 80.038 101.41 1 1 1 1 1 1.5209
2 114.53 61.526 1 1 3 4 0 0.79472
2 105.56 113.27 1 1 2 3 0 0.69725
2 89.249 78.622 1 2 3 1 0 1.0987
2 127.04 102.53 1 1 4 2 0 3.0829
2 107.65 124.98 1 4 2 3 0 1.5783
2 102.34 113.04 1 1 2 2 1 1.5301
2 121.31 98.879 1 3 4 2 0 0.65025
2 136.8 115.45 1 1 4 4 1 0.55468
2 100.99 121.59 1 3 2 3 0 0.77878
2 92.918 131.84 1 2 2 1 0 0.85839
2 125.36 108.83 1 2 4 2 0 0.82696
2 134.45 99.393 1 3 4 4 1 0.81079
2 69.448 106.47 1 2 1 3 0 0.48998
2 126.49 92.918 1 4 4 4 1 0.85803
2 75.227 96.213 1 1 1 3 0 0.71457
2 135.16 91.08 1 3 4 2 0 0.55323
2 101.16 128.38 1 4 2 4 0 0.8092
3 117.36 99.67 1 3 4 4 1 1.4719
3 136.7 85.785 1 4 4 4 1 0.89036
3 85.173 84.335 1 1 1 1 1 1.3061
3 96.13 74.53 1 4 3 1 0 0.89565
3 122.11 103.28 1 2 4 3 0 0.6496
3 87.361 68.211 1 4 3 2 0 0.50558
3 67.26 96.275 1 4 1 1 1 0.84217
3 68.797 98.916 1 3 1 1 1 0.66565
3 117.22 127.39 1 4 2 4 0 0.86919
3 107.42 77.578 1 3 3 2 0 0.65225
3 102.12 59.224 1 3 3 3 1 0.69756
3 63.9 101.59 1 4 1 3 0 0.14594
3 91.41 93.881 1 1 3 1 0 0.56066
3 79.587 92.389 1 1 1 1 1 0.55396
3 64.23 102.61 1 1 1 1 1 0.55382
3 134.9 112.82 1 1 4 4 1 2.2168
3 109.89 115.34 1 4 2 4 0 0.96904
3 129.27 80.77 1 3 4 4 1 0.8575
3 113.03 96.023 1 4 4 4 1 0.85778
3 112.99 56.667 1 2 3 4 0 0.80865
3 91.876 91.165 1 3 1 4 0 1.05
3 110.59 67.354 1 4 3 2 0 0.69727
3 52.279 89.759 1 2 1 1 1 0.74507
3 113.73 110.07 1 4 4 3 0 1.8978
3 94.167 86.356 1 4 3 4 0 1.52
3 94.597 82.411 1 2 3 2 0 1.1294
3 105.22 124.71 1 1 2 3 0 0.44095
3 149.08 86.517 1 4 4 4 1 0.40941
3 85.758 122.92 1 4 2 2 1 0.48954
3 51.438 108.53 1 2 1 1 1 0.56879
3 106.94 67.181 1 3 3 4 0 2.0247
3 94.284 48.611 1 1 3 3 1 0.76125
3 124.72 97.362 1 4 4 3 0 0.64816
3 143.65 112.93 1 3 4 2 0 1.6076
3 134.54 105.28 1 3 4 4 1 1.3048
3 110.61 128.72 1 3 2 3 0 1.4005
3 136.68 89.393 1 3 4 3 0 1.3522
3 99.356 122.93 1 3 2 2 1 1.3536
3 120.78 94.112 1 3 4 2 0 2.3273
3 94.934 58.117 1 4 3 1 0 3.4968
3 99.281 114.32 1 4 2 4 0 0.50418
3 77.33 102.76 1 3 1 1 1 1.2242
3 112.9 126.84 1 1 2 4 0 2.0243
3 112.26 78.24 1 4 3 3 1 0.60106
3 100.31 142.8 1 2 2 3 0 1.0323
3 133.32 99.716 1 4 4 2 0 0.48855
3 104.09 67.894 1 1 3 4 0 1.2401
3 132.71 98.452 1 3 4 2 0 0.88768
3 96.455 124.97 1 2 2 3 0 1.4005
3 96.553 70.742 1 3 3 1 0 1.5279
3 123.62 140.58 1 2 2 4 0 1.7681
3 101.9 52.566 1 2 3 3 1 0.50459
3 105.91 134.84 1 3 2 3 0 0.88772
3 94.993 68.6 1 3 3 4 0 1.9914
3 93.355 104.98 1 4 1 2 0 0.66127
3 116.68 143.14 1 3 2 1 0 0.40774
3 80.323 104.7 1 4 1 1 1 0.99997
3 142.54 96.024 1 2 4 1 0 1.0634
3 93.416 96.683 1 3 1 2 0 0.23106
3 110.07 62.644 1 1 3 1 0 0.69574
3 104.31 130.62 1 1 2 4 0 0.46519
3 90.995 70.212 1 3 3 3 1 0.48753
3 95.194 94.826 1 3 3 2 0 1.608
3 62.847 102.1 1 2 1 1 1 1.5599
3 145.51 105.09 1 1 4 4 1 1.4949
3 121.8 103.95 1 2 4 3 0 0.99841
3 78.534 135.86 1 2 2 1 0 1.0474
3 58.379 84.361 1 2 1 1 1 0.5655
3 90.263 82.881 1 1 3 1 0 0.72754
3 57.396 106.88 1 2 1 1 1 0.48654
3 98.221 65.457 1 3 3 1 0 0.86093
3 58.328 73.353 1 3 1 1 1 0.65341
3 92.592 132.06 1 1 2 2 1 2.1191
3 103.58 77.844 1 4 3 3 1 1.4127
3 103.82 160.68 1 4 2 2 1 1.399
3 90.796 75.564 1 4 3 3 1 1.2642
3 59.669 94.748 1 2 1 1 1 1.175
3 68.081 97.29 1 2 1 1 1 1.1268
3 71.185 108.26 1 4 1 1 1 0.99885
3 110.72 120.02 1 3 2 4 0 1.4784
3 127.38 98.414 1 1 4 3 0 1.0781
3 87.743 121.71 1 3 2 2 1 1.4471
3 105.67 73.16 1 2 3 3 1 2.4864
3 98.189 128.34 1 2 2 2 1 1.798
3 127.58 95.363 1 4 4 2 0 2.2145
3 89.896 132.19 1 4 2 2 1 1.9118
3 78.275 98.073 1 2 1 1 1 1.2381
3 97.429 121.92 1 1 2 1 0 1.2048
3 66.393 108.79 1 4 1 1 1 0.77538
3 119.21 107.17 1 2 4 4 1 1.4304
3 116.75 95.248 1 3 4 3 0 1.8941
3 79.951 141.1 1 3 2 2 1 1.5584
3 88.911 106.9 1 2 1 4 0 1.3977
3 74.279 93.98 1 3 1 1 1 4.9821
3 76.579 100.09 1 2 1 1 1 2.1649
3 126.25 93.826 1 2 4 4 1 1.4942
3 133.69 86.174 1 1 4 4 1 1.698
3 125.5 91.716 1 3 4 3 0 0.61515
3 107.34 146.03 1 3 2 2 1 1.7203
3 90.727 115.04 1 3 2 4 0 1.3348
4 65.58 106.67 0 3 1 1 1 1.1839
4 116.84 79.516 0 3 3 4 0 4.2779
4 98.021 135.47 0 4 2 2 1 1.2066
4 92.524 112.37 0 2 2 2 1 1.6373
4 121.82 81.2 0 3 4 4 1 1.5416
4 87.404 103.16 0 2 1 1 1 2.0537
4 63.01 111.55 0 2 1 1 1 1.1427
4 63.269 104.28 0 4 1 3 0 1.1388
4 63.841 99.981 0 2 1 1 1 1.014
4 69.777 107.51 0 3 1 4 0 1.2538
4 106.83 93.879 0 2 4 1 0 1.6945
4 81.367 54.044 0 2 3 4 0 0.51656
4 119.7 106.13 0 4 4 3 0 3.9917
4 118 110.77 0 3 4 2 0 1.3973
4 137.43 97.095 0 2 4 4 1 0.62968
4 126.72 117.5 0 1 4 3 0 0.35656
4 106.63 68.216 0 1 3 4 0 0.9178
4 66.173 98.415 0 3 1 2 0 1.2541
4 115.63 88.531 0 3 3 3 1 0.5336
4 89.671 66.716 0 2 3 4 0 0.96626
4 108.91 79.36 0 1 3 2 0 0.77386
4 101.77 60.413 0 2 3 1 0 3.2696
4 77.293 99.987 0 2 1 1 1 0.46905
4 94.721 105.78 0 4 2 2 1 0.70878
4 115.5 102.46 0 4 4 4 1 1.3488
4 105.96 87.726 0 1 3 3 1 0.46933
4 148.4 105.74 0 1 4 4 1 0.32526
4 104.3 71.17 0 2 3 2 0 0.58065
4 107.76 101.61 0 4 4 2 0 2.0203
4 140.28 107.07 0 1 4 1 0 1.4762
4 107.5 121.61 0 4 2 1 0 0.73121
4 69.509 113.49 0 4 1 4 0 1.5974
4 104.68 56.501 0 3 3 3 1 1.2355
4 103.74 91.348 0 2 4 2 0 1.3802
4 109.25 147.88 0 3 2 4 0 0.70709
4 85.261 84.46 0 3 1 3 0 0.28459
4 110.72 116.09 0 2 2 3 0 0.66097
4 114.54 65.252 0 3 3 3 1 0.73492
4 99.229 138.82 0 2 2 4 0 0.88115
4 107.49 144.64 0 2 2 2 1 1.2518
4 123.16 86.321 0 4 3 1 0 0.61126
4 116.02 54.02 0 2 3 1 0 1.2517
4 74.106 102.73 0 1 1 2 0 0.35632
4 80.444 103.32 0 1 1 4 0 0.48473
4 81.135 85.89 0 2 1 3 0 0.40342
4 75.915 124.97 0 2 1 4 0 0.53225
4 93.272 118.26 0 4 2 4 0 0.59505
4 88.994 55.479 0 2 3 2 0 1.1001
4 116.12 104.15 0 1 4 1 0 0.64362
4 99.892 122.91 0 3 2 4 0 1.9554
4 110.47 121.21 0 3 2 2 1 1.3799
4 108.83 89.459 0 1 3 1 0 0.43556
4 108.45 68.655 0 3 3 1 0 0.72396
4 133.99 82.461 0 3 4 2 0 0.4997
4 90.591 64.502 0 3 1 3 0 0.4807
4 114.94 130.41 0 2 2 2 1 1.5408
4 103.58 78.518 0 3 3 3 1 1.0587
4 107.49 124.27 0 2 2 2 1 1.4919
4 88.697 141.36 0 4 2 2 1 1.3297
4 129.21 95.301 0 2 4 1 0 1.3958
4 120.12 97.778 0 3 4 2 0 0.41882
4 100.68 135.61 0 1 2 3 0 0.96467
4 84.064 104.13 0 1 1 4 0 0.88349
4 102.92 122.09 0 3 2 1 0 0.54716
4 136.55 103.78 0 1 4 3 0 0.46819
4 132.66 101.59 0 4 4 2 0 0.49968
4 110.89 77.799 0 2 3 4 0 0.463
4 108.88 128.95 0 1 2 3 0 0.11534
4 95.06 146.43 0 3 2 1 0 1.1208
4 75.862 108.55 0 3 1 2 0 0.41949
4 101.91 68.71 0 3 3 4 0 1.461
4 141.16 118.94 0 4 4 2 0 1.746
4 91.515 109.53 0 3 2 1 0 0.3853
4 126.18 99.77 0 2 4 4 1 0.56272
4 75.961 119.52 0 2 1 1 1 1.4117
4 67.46 105.32 0 3 1 4 0 1.7153
4 95.911 133.08 0 3 2 3 0 0.37185
4 116.93 101.92 0 3 4 3 0 0.46625
4 79.913 104.87 0 4 1 3 0 0.41849
4 93.391 63.324 0 3 3 4 0 0.45015
4 73.33 105.79 0 2 1 4 0 1.1379
4 99.04 118.42 0 3 2 1 0 1.7628
4 134.65 106.72 0 4 4 2 0 0.46652
4 129.41 107.43 0 3 4 2 0 0.434
4 111.29 71.945 0 1 3 2 0 3.5706
4 91.393 137.11 0 3 2 1 0 1.1974
4 74.269 85.795 0 1 1 1 1 1.0851
4 72.976 91.851 0 1 1 1 1 3.7731
4 98.299 66.622 0 4 3 4 0 0.6042
4 143.86 102.71 0 4 4 3 0 0.9902
4 92.87 115.4 0 3 2 4 0 2.9624
4 96.142 70.835 0 4 3 2 0 1.186
4 129.66 100.8 0 3 4 1 0 1.5137
4 104.87 112.12 0 3 2 4 0 1.3782
4 107.27 82.169 0 3 3 1 0 0.86297
4 95.772 76.385 0 4 3 2 0 0.1128
4 107.58 141.28 0 3 2 3 0 1.0317
4 65.666 89.518 0 1 1 4 0 0.43448
4 77.029 88.631 0 3 1 2 0 0.3854
4 129.33 121.82 0 4 4 1 0 0.81829
5 95.532 124.7 0 4 2 4 0 0.9758
5 92.722 150.37 0 4 2 4 0 0.36902
5 64.178 95.854 0 1 1 3 0 0.48138
5 90.777 75.458 0 4 3 1 0 0.60644
5 98.029 119 0 4 2 4 0 0.94589
5 106.04 131.14 0 4 2 4 0 0.38203
5 81.66 102.4 0 1 1 4 0 0.36992
5 123.59 102.76 0 3 4 2 0 0.4668
5 92.622 121.35 0 2 2 1 0 0.8013
5 100.45 55.048 0 3 3 3 1 0.43333
5 122.05 99.856 0 1 4 4 1 0.96041
5 86.379 114.45 0 1 1 2 0 0.94539
5 144.12 106.39 0 4 4 1 0 1.1537
5 80.169 102.41 0 3 1 1 1 1.2497
5 60.554 97.491 0 2 1 1 1 0.8982
5 94.577 65.346 0 1 3 3 1 0.4016
5 138.93 102.89 0 1 4 2 0 1.0423
5 101.17 119.29 0 2 2 4 0 0.32297
5 117.04 134.52 0 3 2 3 0 0.96209
5 146.64 104.11 0 4 4 4 1 0.081884
5 63.64 102.47 0 2 1 4 0 0.83365
5 119.94 80.981 0 3 3 2 0 0.41405
5 123.32 82.92 0 2 3 1 0 0.38513
5 78.163 109.64 0 3 1 3 0 0.27242
5 105.05 72.423 0 3 3 3 1 0.64083
5 83.511 127.5 0 1 2 3 0 1.0414
5 96.492 64.001 0 2 3 3 1 0.65438
5 83.244 87.235 0 1 3 2 0 0.23099
5 133.28 109.73 0 2 4 2 0 2.1916
5 131.21 109.65 0 3 4 4 1 0.36546
5 96.667 66.656 0 3 3 3 1 0.30983
5 126.13 115.08 0 2 4 2 0 0.75332
5 98.872 73.991 0 3 3 2 0 1.0879
5 90.435 136.37 0 2 2 3 0 0.5694
5 79.833 109.31 0 2 1 1 1 1.1518
5 68.59 111.24 0 3 1 2 0 0.76183
5 118.59 107.79 0 2 2 3 0 0.47502
5 150.63 101.2 0 1 4 3 0 0.75338
5 89.375 80.253 0 4 3 4 0 0.16038
5 84.914 90.149 0 2 3 4 0 0.43155
5 90.661 114.79 0 4 2 3 0 0.22726
5 103.42 75.886 0 2 3 2 0 1.7037
5 142.53 91.584 0 1 4 1 0 0.72028
5 103.35 81.916 0 4 3 1 0 0.3702
5 100.57 59.036 0 4 3 4 0 0.41559
5 97.225 74.907 0 2 3 3 1 0.46328
5 104.46 125.87 0 3 2 2 1 0.29365
5 122.17 87.285 0 1 4 4 1 0.73676
5 120.26 88.827 0 4 4 1 0 0.65645
5 93.03 127.92 0 2 2 3 0 0.52703
5 136.66 105.03 0 2 4 2 0 0.39941
5 68.809 92.921 0 2 1 4 0 1.3942
5 93.811 81.911 0 1 3 1 0 0.46355
5 95.711 96.621 0 1 1 2 0 0.56848
5 95.969 62.936 0 1 3 3 1 0.75969
5 125.38 93.662 0 1 4 4 1 0.44831
5 75.862 81.326 0 4 1 4 0 0.46983
5 103.78 117.24 0 2 2 4 0 0.57491
5 77.056 105.17 0 4 1 4 0 0.6309
5 131.72 99.714 0 1 4 2 0 0.70495
5 116.61 107.64 0 3 4 2 0 0.44679
5 102.66 124.97 0 2 2 2 1 0.39941
5 110.27 135.74 0 1 2 2 1 0.94411
5 118.33 94.643 0 3 4 3 0 0.15873
5 119.67 98.963 0 3 4 1 0 0.38252
5 69.682 91.355 0 1 1 3 0 0.31894
5 63.436 97.967 0 2 1 4 0 0.68829
5 101.47 116.34 0 3 2 4 0 0.11352
5 99.532 110.29 0 2 2 2 1 0.30266
5 91.698 118.62 0 4 2 4 0 3.4079
5 60.351 114.31 0 4 1 3 0 1.2956
5 132.52 79.367 0 2 4 4 1 0.23878
5 80.033 125.03 0 2 2 2 1 1.0079
5 71.745 107.37 0 3 1 1 1 1.0822
5 76.309 94.566 0 1 1 4 0 0.56269
5 53.26 97.652 0 1 1 3 0 1.0894
5 98.018 84.376 0 3 3 4 0 2.7675
5 94.552 61.334 0 3 3 3 1 0.92673
5 111.12 67.162 0 1 3 2 0 0.36562
5 106.2 62.128 0 4 3 1 0 0.36192
5 109.41 86.605 0 1 3 2 0 1.6466
5 126.28 83.819 0 4 4 4 1 0.34936
5 63.495 112.71 0 4 1 3 0 0.15816
5 103.06 66.627 0 3 3 1 0 1.2296
5 110.42 97.203 0 3 4 2 0 0.20034
5 42.798 98.786 0 1 1 1 1 0.30182
5 74.12 99.144 0 1 1 1 1 1.0706
5 127.1 108.36 0 1 4 1 0 0.55799
5 133.38 95.12 0 4 4 1 0 1.116
5 135.28 131.47 0 1 4 3 0 1.4208
5 107.88 133.45 0 4 2 2 1 1.2782
5 116.24 104.32 0 1 4 3 0 0.34913
5 109 126.84 0 2 2 2 1 0.42979
5 65.574 101.79 0 3 1 2 0 0.36593
5 94.904 108.78 0 2 2 1 0 0.56311
5 99.578 137.41 0 2 2 4 0 0.22655
5 101.42 66.018 0 2 3 4 0 2.9583
5 103.92 117.37 0 1 2 3 0 0.66858
5 55.679 110.52 0 3 1 1 1 1.1177
5 79.825 110.03 0 2 1 4 0 2.4302
6 72.087 111.01 0 1 1 3 0 1.1519
6 94.558 127.32 0 1 2 4 0 0.28618
6 64.79 77.371 0 4 1 1 1 1.4054
6 106.33 61.389 0 3 3 2 0 0.31755
6 116.47 89.716 0 4 4 4 1 0.69058
6 91.934 128.11 0 2 2 3 0 0.38136
6 103.41 73.775 0 4 3 4 0 0.36556
6 110.69 65.784 0 3 3 3 1 0.8448
6 98.916 142.17 0 4 2 3 0 0.34957
6 105.49 142.37 0 2 2 2 1 0.17347
6 111.72 105.18 0 3 4 1 0 0.23721
6 94.161 140.32 0 4 2 2 1 0.17437
6 82.918 60.697 0 3 3 1 0 1.0698
6 91.959 81.369 0 1 3 3 1 1.0199
6 80.01 106.7 0 3 1 2 0 1.7573
6 98.642 67.085 0 2 3 1 0 0.49295
6 133.95 86.606 0 4 4 4 1 0.82915
6 65.882 90.463 0 4 1 2 0 0.34886
6 91.782 124.11 0 1 2 3 0 0.34872
6 132.46 93.55 0 4 4 4 1 1.4211
6 61.901 110.73 0 4 1 3 0 0.39442
6 81.446 97.614 0 1 1 1 1 0.74874
6 120.28 123.72 0 1 2 2 1 0.73313
6 129.56 104.72 0 4 4 4 1 0.78097
6 123.04 92.771 0 1 4 2 0 0.42826
6 100.73 116.58 0 3 2 1 0 0.49349
6 122.27 97.825 0 1 4 3 0 0.23751
6 76.533 94.493 0 1 1 4 0 0.28577
6 107.49 67.776 0 3 3 3 1 0.57316
6 99.035 89.404 0 2 3 2 0 0.86084
6 70.959 107.6 0 1 1 1 1 0.4123
6 87.952 84.351 0 3 1 4 0 0.34905
6 81.771 111.11 0 2 1 3 0 0.15958
6 71.068 87.646 0 2 1 2 0 0.076449
6 119.71 97.126 0 2 4 1 0 1.0533
6 90.919 50.4 0 3 3 3 1 1.1165
6 98.031 85.915 0 2 3 4 0 0.78114
6 97.76 139.67 0 3 2 2 1 1.1643
6 89.205 134.14 0 3 2 1 0 0.22075
6 124.48 113.37 0 2 4 2 0 0.040615
6 107.7 80.542 0 2 3 2 0 0.71564
6 90.957 126.35 0 4 2 2 1 0.10798
6 121.04 119.98 0 2 2 1 0 1.6917
6 87.689 64.684 0 2 3 4 0 0.1402
6 106.68 75.35 0 4 3 3 1 0.38058
6 104.74 95.854 0 3 4 3 0 0.044022
6 104.76 75.866 0 2 3 4 0 0.74553
6 102.05 85.178 0 3 3 2 0 1.8992
6 91.988 65.829 0 2 3 2 0 0.15657
6 129.5 98.678 0 1 4 1 0 0.23649
6 131.28 106.85 0 4 4 1 0 0.42821
6 113.3 55.992 0 4 3 2 0 0.42781
6 131.93 115.75 0 4 4 2 0 0.73189
6 93.668 67.523 0 1 3 4 0 2.332
6 127.55 108.75 0 4 4 3 0 0.68176
6 139.88 103.12 0 1 4 4 1 0.32447
6 136.69 95.045 0 2 4 1 0 0.39603
6 65.225 109.44 0 2 1 2 0 0.23522
6 108.87 89.02 0 3 4 2 0 0.091262
6 103.65 80.325 0 4 3 2 0 3.5692
6 99.288 68.199 0 4 3 1 0 1.0344
6 99.84 81.41 0 1 3 2 0 0.6365
6 97.391 130.76 0 2 2 4 0 0.98708
6 138.79 110.53 0 1 4 3 0 0.36359
6 115.87 77.242 0 2 3 3 1 0.010357
6 105.67 113.86 0 1 2 3 0 0.33163
6 68.218 104.29 0 2 1 4 0 0.3468
6 88.565 90.106 0 4 1 1 1 0.3252
6 133.64 103.47 0 2 4 2 0 0.42477
6 125.82 82.164 0 1 4 2 0 0.428
6 56.58 97.892 0 1 1 1 1 1.1313
6 65.618 91.433 0 2 1 1 1 0.51389
6 61.808 120.11 0 4 1 1 1 0.52111
6 90.988 115.65 0 3 2 2 1 0.76394
6 131.92 123.13 0 3 4 4 1 0.94394
6 94.481 130.18 0 3 2 3 0 0.69891
6 77.858 103.26 0 4 1 4 0 0.64964
6 71.973 116.23 0 3 1 4 0 0.65131
6 93.953 116.25 0 4 2 3 0 0.058879
6 85.629 129.72 0 4 2 3 0 4.1995
6 119.86 94.212 0 4 4 4 1 0.34494
6 76.165 80.21 0 1 1 3 0 0.8278
6 71.365 100.47 0 4 1 1 1 0.36254
6 107.98 122.28 0 4 2 2 1 0.95504
6 54.54 100.59 0 3 1 1 1 1.9626
6 69.83 103.95 0 4 1 4 0 1.0815
6 101.76 128.04 0 3 2 3 0 0.44196
6 86.198 132.76 0 4 2 3 0 0.44657
6 133.66 106.89 0 4 4 1 0 0.44299
6 97.639 74.144 0 2 3 4 0 0.87584
6 107.32 140.28 0 2 2 4 0 1.1776
6 86.987 137.73 0 2 2 3 0 0.58278
6 98.909 143.28 0 1 2 3 0 3.7087
6 73.609 100.08 0 3 1 1 1 1.6536
6 100.56 73.971 0 3 3 1 0 0.45776
6 123.55 93.888 0 4 4 4 1 1.7971
6 111.12 118.31 0 2 4 2 0 4.1119
6 104.43 118.43 0 1 2 4 0 1.2414
6 89.613 63.608 0 2 3 3 1 0.42637
6 76.811 106.37 0 1 1 1 1 1.3541
7 112.36 123.11 1 4 2 4 0 1.5199
7 77.653 103.19 1 1 1 3 0 0.040072
7 105.47 122.04 1 1 2 1 0 1.8302
7 101.55 83.49 1 2 3 2 0 0.43543
7 98.577 125.95 1 1 2 4 0 0.22522
7 94.301 69.413 1 4 3 3 1 0.20143
7 101.83 70.986 1 2 3 3 1 0.31496
7 64.793 86.673 1 1 1 3 0 0.28141
7 123.18 102.5 1 2 4 4 1 0.42612
7 136.19 96.662 1 2 4 1 0 0.13379
7 100.12 137.38 1 1 2 4 0 1.2919
7 103.5 142.9 1 3 2 3 0 2.4096
7 136.03 94.356 1 2 4 1 0 0.47377
7 146.57 88.563 1 3 4 2 0 0.60133
7 75.797 136.11 1 3 2 1 0 0.82594
7 67.057 102.81 1 4 1 4 0 1.6466
7 137.08 98.541 1 2 4 4 1 1.5605
7 97.692 64.121 1 1 3 4 0 0.85969
7 154.99 97.41 1 3 4 3 0 5.1772
7 107.91 64.381 1 1 3 4 0 2.6329
7 77.531 86.067 1 1 1 4 0 1.5134
7 114.9 101.9 1 2 4 2 0 0.40866
7 104.76 57.815 1 2 3 1 0 0.41523
7 136.64 100.6 1 3 4 3 0 0.42539
7 118.19 104.74 1 3 4 4 1 0.48763
7 76.401 95.296 1 1 1 4 0 0.86311
7 69.965 86.568 1 2 1 3 0 1.0648
7 104.89 113.38 1 4 2 2 1 1.0648
7 136.74 101.5 1 4 4 1 0 1.8997
7 69.085 87.081 1 1 1 4 0 0.051122
7 91.971 124.15 1 3 2 3 0 0.26388
7 71.871 91 1 3 1 1 1 2.2649
7 121.21 99.186 1 3 4 2 0 0.7129
7 114.68 141.24 1 2 2 4 0 0.45673
7 67.513 120.72 1 4 1 1 1 1.3689
7 95.353 130.86 1 4 2 1 0 1.7198
7 96.499 80.838 1 1 3 2 0 0.76893
7 106.55 94.586 1 3 4 4 1 1.3364
7 105.35 81.111 1 2 3 3 1 1.1264
7 66.948 106.22 1 1 1 4 0 2.8083
7 106.8 73.142 1 1 3 2 0 1.6112
7 65.272 109.84 1 4 1 1 1 1.8233
7 117.5 78.019 1 4 3 2 0 1.8958
7 118.45 107.25 1 4 4 4 1 1.2801
7 105.5 79.112 1 1 3 3 1 1.4018
7 149.85 85.663 1 3 4 4 1 1.7681
7 102.79 116.42 1 3 2 1 0 1.4252
7 115.33 116.76 1 2 2 3 0 1.1393
7 100.19 133.48 1 2 2 4 0 1.5122
7 121.1 94.577 1 2 4 4 1 8.2639
7 139.65 97.568 1 3 4 3 0 0.77623
7 121.5 110.05 1 3 4 1 0 0.42102
7 93.356 125.65 1 2 2 2 1 0.42258
7 64.475 77.533 1 2 1 1 1 1.2068
7 91.337 66.395 1 3 3 1 0 0.80731
7 107.17 132.04 1 2 2 1 0 1.0787
7 100.69 64.568 1 2 3 4 0 5.6391
7 82.204 101.04 1 4 1 3 0 0.21489
7 124.18 129.49 1 4 4 1 0 0.34349
7 72.593 121.4 1 2 1 4 0 1.9182
7 63.689 99.325 1 4 1 1 1 2.38
7 66.681 92.02 1 4 1 1 1 1.2923
7 109.23 139.79 1 2 2 3 0 1.8815
7 99.222 84.464 1 1 3 4 0 0.63235
7 95.99 78.373 1 3 3 3 1 0.47504
7 65.786 99.051 1 4 1 1 1 1.1464
7 109.42 76.845 1 1 3 2 0 6.3428
7 124.48 113.5 1 1 4 4 1 1.4793
7 127.27 101.29 1 1 4 4 1 1.4469
7 92.969 69.134 1 3 3 3 1 1.607
7 98.179 69.092 1 3 3 3 1 1.5701
7 83.552 92.867 1 2 1 3 0 2.1792
7 109.02 110.12 1 4 4 4 1 1.8635
7 122.53 84.582 1 3 4 4 1 1.7446
7 93.601 125.3 1 3 2 3 0 1.9264
7 107.71 136.73 1 2 2 1 0 0.63367
7 113.65 134.47 1 2 2 2 1 0.55734
7 103.61 74.101 1 1 3 2 0 0.918
7 104.84 64.581 1 4 3 4 0 1.7336
7 66.984 90.416 1 2 1 1 1 1.8714
7 107.85 71.129 1 2 3 3 1 1.2699
7 106.4 126.84 1 3 2 4 0 2.2309
7 58.261 103.39 1 2 1 1 1 1.3597
7 62.668 107.74 1 3 1 2 0 1.7429
7 134.62 92.051 1 4 4 2 0 2.1316
7 140.38 105.71 1 4 4 4 1 5.3823
7 103.57 102.01 1 2 2 3 0 0.45318
7 60.98 93.568 1 4 1 1 1 1.2547
7 84.361 143.25 1 3 2 2 1 1.6019
7 109.59 66.144 1 1 3 4 0 1.2221
7 80.613 64.8 1 3 3 3 1 0.96655
7 116.71 100.27 1 3 4 3 0 1.3346
7 56.686 103.6 1 2 1 1 1 1.1264
7 97.348 129.19 1 2 2 4 0 1.5424
7 103.03 121.99 1 4 2 4 0 0.69428
7 101.7 60.196 1 2 3 4 0 0.42189
7 71.138 121.68 1 4 1 3 0 0.66194
7 75.413 94.694 1 2 1 2 0 0.26201
7 92.905 122.1 1 2 2 1 0 0.43475
7 94.408 49.697 1 3 3 4 0 0.46974
8 93.065 64.704 1 3 3 3 1 0.92793
8 87.703 99.619 1 4 1 4 0 0.36893
8 124.01 108.19 1 3 4 3 0 0.50016
8 85.896 100.23 1 4 1 2 0 0.21321
8 104.71 119.43 1 3 2 4 0 3.2539
8 125.76 107.77 1 2 4 2 0 3.0326
8 113.39 91.561 1 3 4 1 0 0.32499
8 92.946 88.156 1 3 3 4 0 0.37369
8 64.871 105.03 1 1 1 3 0 0.85225
8 135.33 94.302 1 3 4 1 0 5.0286
8 66.881 103.13 1 1 1 2 0 2.3097
8 92.588 154.28 1 4 2 4 0 1.893
8 96.998 144.9 1 2 2 3 0 0.55548
8 82.785 71.596 1 3 3 4 0 1.2458
8 107.74 151.82 1 3 2 3 0 1.0606
8 98.016 72.591 1 2 3 4 0 0.90108
8 131.56 93.748 1 3 4 2 0 0.96468
8 113.2 100.19 1 2 4 4 1 0.11681
8 39.473 74.96 1 1 1 1 1 1.5252
8 88.929 109.56 1 4 2 4 0 2.5624
8 88.157 69.825 1 3 3 3 1 0.62051
8 108.76 66.537 1 4 3 2 0 3.157
8 106.79 73.195 1 2 3 2 0 0.78807
8 140.14 112.93 1 2 4 4 1 0.13568
8 111.17 126.9 1 4 2 3 0 0.37342
8 87.138 149.74 1 4 2 4 0 0.49326
8 56.413 94.264 1 1 1 2 0 0.37178
8 106.93 125.34 1 3 2 1 0 0.26045
8 140.82 100.94 1 2 4 2 0 0.38983
8 70.185 112.66 1 4 1 4 0 0.4842
8 57.944 87.101 1 4 1 1 1 0.97757
8 87.327 119.11 1 2 2 3 0 0.37147
8 95.039 77.257 1 2 3 3 1 1.6842
8 100.41 124.77 1 2 2 4 0 1.1644
8 128.97 121.71 1 1 4 4 1 1.229
8 131.37 96.305 1 1 4 3 0 1.2977
8 128.38 97.975 1 1 4 3 0 1.0289
8 54.726 102.95 1 1 1 1 1 0.98232
8 91.631 131.59 1 4 2 2 1 3.4587
8 108.88 124.8 1 2 2 3 0 0.46745
8 75.685 119.72 1 2 1 1 1 1.3764
8 121.88 109.92 1 1 4 4 1 1.2524
8 87.638 87.9 1 2 1 1 1 1.1194
8 66.167 70.699 1 3 1 1 1 1.1076
8 95.479 69.394 1 1 3 4 0 1.1724
8 103.37 147.21 1 2 2 3 0 0.42013
8 120.98 109.66 1 4 4 2 0 0.42096
8 74.093 102.45 1 4 1 1 1 1.1396
8 74.84 110.41 1 1 1 1 1 1.7808
8 122.33 91.673 1 4 4 4 1 0.24329
8 124.25 90.883 1 2 4 3 0 1.431
8 104.98 107.99 1 4 2 4 0 0.88406
8 88.072 90.552 1 2 3 2 0 0.25855
8 90.24 128.23 1 1 2 3 0 2.104
8 77.574 106.8 1 2 1 1 1 1.1614
8 63.81 110.56 1 2 1 1 1 0.88337
8 132.98 98.246 1 4 4 4 1 1.2037
8 71 111.16 1 1 1 1 1 1.0277
8 94.46 89.864 1 2 3 4 0 1.1868
8 118.28 134.39 1 3 2 3 0 0.73756
8 113.92 134.08 1 2 2 4 0 3.8109
8 75.503 120.2 1 2 1 2 0 1.568
8 133.52 113.66 1 4 4 1 0 0.65936
8 101.59 128.67 1 2 2 4 0 1.2344
8 101.51 136.75 1 1 2 3 0 0.69005
8 117.85 104.56 1 3 4 4 1 1.5713
8 93.178 65.476 1 4 3 4 0 6.5463
8 99.869 69.579 1 1 3 2 0 1.3871
8 95.849 76.65 1 3 3 1 0 0.46474
8 86.696 51.709 1 1 3 3 1 0.34819
8 94.348 71.337 1 1 3 3 1 0.40001
8 108.67 117.67 1 1 2 3 0 1.1378
8 102.15 115.69 1 3 4 4 1 1.0674
8 88.689 98.299 1 4 1 1 1 1.0127
8 101.38 73.017 1 1 3 2 0 0.93078
8 69.659 95.394 1 2 1 1 1 2.2274
8 53.133 82.592 1 3 1 1 1 1.043
8 88.952 121.92 1 2 2 1 0 1.008
8 97.858 128.19 1 2 2 4 0 1.8257
8 102.26 91.893 1 4 3 3 1 0.44939
8 128.04 100.7 1 1 4 2 0 0.35671
8 123.6 102.77 1 4 4 4 1 0.31198
8 67.698 96.766 1 1 1 3 0 0.37115
8 103.29 70.961 1 2 3 3 1 1.215
8 104.93 74.325 1 3 3 3 1 0.88162
8 103.32 134.06 1 3 2 2 1 1.5861
8 117.2 70.548 1 2 3 3 1 1.241
8 127.71 107.19 1 3 4 2 0 1.426
8 111.85 106.14 1 1 4 2 0 1.3947
8 98.277 121.06 1 3 2 2 1 0.75423
8 102.59 83.574 1 1 3 3 1 1.0104
8 71.812 78.352 1 2 1 1 1 1.1859
8 93.937 62.462 1 2 3 3 1 1.4747
8 72.507 95.076 1 1 1 1 1 1.7502
8 124.5 100.25 1 3 4 2 0 1.7356
8 102.56 50.881 1 4 3 3 1 1.2815
8 83.69 97.759 1 3 1 1 1 1.0897
8 89.956 64.863 1 4 3 3 1 1.2491
8 97.072 123.33 1 2 2 2 1 1.298
8 136.27 109.16 1 3 4 4 1 1.009
9 125.02 87.037 1 2 4 2 0 1.6799
9 129.28 110.85 1 1 4 2 0 0.93034
9 124.5 78.177 1 2 4 4 1 0.99397
9 131.21 122.03 1 3 4 2 0 1.5684
9 108.73 146.08 1 4 2 2 1 1.3483
9 143.61 95.96 1 1 4 4 1 1.7304
9 101.55 85.011 1 1 3 1 0 1.473
9 130.3 108.11 1 4 4 2 0 1.3137
9 74.121 97.48 1 3 1 1 1 1.1589
9 104.77 137.2 1 3 2 2 1 1.3527
9 132.73 92.579 1 1 4 4 1 1.2966
9 113.79 95.295 1 3 3 4 0 1.6625
9 94.894 72.019 1 2 3 3 1 1.1535
9 78.227 104.33 1 2 1 1 1 1.3128
9 73.17 85.193 1 4 1 1 1 1.0892
9 103.9 52.984 1 3 3 3 1 1.6168
9 127.71 94.534 1 3 4 2 0 1.4572
9 98.53 129.25 1 1 2 2 1 1.3929
9 113.07 114.09 1 2 2 2 1 1.422
9 95.81 77.826 1 3 3 3 1 1.5365
9 116.82 91.335 1 1 3 2 0 1.7459
9 107.72 122.85 1 2 2 2 1 1.3934
9 72.589 103.31 1 2 1 1 1 1.2057
9 90.49 90.771 1 1 1 3 0 1.3128
9 95.906 128.14 1 3 2 2 1 1.1847
9 109.3 94.724 1 1 4 3 0 1.5204
9 96.262 137.63 1 2 2 2 1 1.2769
9 64.004 91.564 1 3 1 1 1 1.1201
9 115.03 82.638 1 2 3 3 1 1.7131
9 90.34 116.9 1 3 1 3 0 1.9524
9 80.524 83.775 1 3 3 1 0 1.3126
9 79.562 79.509 1 4 3 1 0 1.2481
9 70.798 95.527 1 3 1 1 1 1.019
9 140.93 83.272 1 3 4 4 1 1.1837
9 70.98 97.498 1 3 1 1 1 1.1364
9 139.57 102.71 1 3 4 4 1 1.2957
9 122.11 98.63 1 3 4 4 1 1.3857
9 85.609 129.03 1 4 2 2 1 1.3114
9 74.074 99.646 1 4 1 1 1 1.3853
9 122.08 84.683 1 1 4 3 0 2.2883
9 98.49 82.627 1 4 3 3 1 1.312
9 91.562 71.13 1 3 3 3 1 1.4086
9 110.02 129.03 1 3 2 2 1 0.99413
9 127.92 108.38 1 4 4 2 0 1.3908
9 137.8 100.42 1 2 4 4 1 1.1512
9 82.093 84.705 1 2 1 1 1 1.1669
9 88.153 75.402 1 1 3 1 0 0.93448
9 55.968 101.51 1 2 1 1 1 1.0876
9 88.909 58.429 1 3 3 3 1 1.3019
9 101.08 80.825 1 2 3 2 0 1.6469
9 119.77 117.65 1 3 2 2 1 1.6788
9 64.865 97.452 1 3 1 1 1 1.0867
9 76.145 86.468 1 1 1 1 1 0.77495
9 114.03 71.214 1 2 3 3 1 1.1514
9 125.05 99.471 1 1 4 2 0 1.952
9 81.981 122.2 1 1 2 1 0 3.6623
9 107.25 127.76 1 4 2 2 1 2.0604
9 64.7 97.217 1 4 1 1 1 1.4841
9 97.064 60.284 1 1 3 3 1 1.0868
9 77.996 133.37 1 1 2 2 1 1.6807
9 94.916 127.7 1 4 2 2 1 1.4876
9 81.79 111.54 1 2 2 2 1 2.1049
9 89.463 121.33 1 3 2 2 1 1.1594
9 105.36 117.7 1 3 2 2 1 1.1662
9 73.671 95.878 1 3 1 1 1 1.5457
9 64.013 119.66 1 1 1 1 1 1.2152
9 106.31 69.963 1 4 3 3 1 1.5397
9 103.34 114.1 1 3 2 2 1 1.583
9 122.82 101.77 1 3 4 4 1 1.8401
9 95.845 83.32 1 1 3 3 1 1.2459
9 108.93 81.938 1 2 4 3 0 1.1032
9 94.876 128.97 1 4 2 2 1 1.1512
9 80.145 103.81 1 3 1 3 0 2.0653
9 87.545 133.79 1 2 2 2 1 1.4729
9 98.473 67.976 1 1 3 3 1 1.3909
9 101.69 71.413 1 2 3 3 1 1.1024
9 104.24 138.9 1 3 2 2 1 1.552
9 129.02 91.02 1 3 4 2 0 3.4865
9 68.49 100.38 1 4 1 1 1 1.1507
9 84.963 129.49 1 2 2 1 0 1.7101
9 116.98 121.04 1 3 4 2 0 1.4578
9 106.52 71.449 1 2 3 3 1 1.2466
9 131.4 98.805 1 3 4 2 0 1.3435
9 91.665 129.79 1 2 2 2 1 1.7794
9 105.37 62.352 1 4 3 3 1 2.1581
9 137.02 95.216 1 1 4 4 1 1.0862
9 63.482 91.567 1 3 1 1 1 1.0181
9 69.114 108.52 1 4 1 1 1 1.0223
9 59.37 85.034 1 1 1 1 1 0.95813
9 135.33 107.93 1 1 4 4 1 1.6943
9 124.09 118.91 1 1 4 2 0 1.4063
9 104.87 128.24 1 2 2 2 1 1.2085
9 70.559 113.66 1 4 1 1 1 1.066
9 94.807 71.083 1 1 3 3 1 1.9805
9 110.45 128.43 1 1 2 2 1 1.2693
9 100.29 72.852 1 4 3 3 1 1.4702
9 69.854 99.217 1 2 1 1 1 1.022
9 112.1 90.087 1 2 4 2 0 1.8537
9 71.674 104.66 1 4 1 1 1 1.772
9 90.921 64.416 1 2 3 3 1 1.2454
