1 96.222 119.36 1 3 2 1 0 9.0559
1 99.874 116.05 1 2 2 2 1 8.0491
1 126.81 79.395 1 1 4 2 0 1.2695
1 100.26 126.58 1 3 2 3 0 0.726
1 130.46 86.239 1 4 4 1 0 0.90182
1 99.777 123.8 1 2 2 4 0 0.56629
1 100.45 75.41 1 3 3 2 0 1.0462
1 56.719 111.46 1 2 1 1 1 2.9828
1 88.727 138.52 1 4 2 2 1 3.03
1 111.32 66.94 1 1 3 3 1 1.4782
1 123.59 90.996 1 2 3 3 1 0.85423
1 65.483 111.99 1 3 1 1 1 1.0295
1 96.095 76.707 1 4 3 2 0 1.5416
1 102.03 55.27 1 3 3 3 1 0.39018
1 79.388 101.95 1 2 1 2 0 2.4543
1 135.9 87.263 1 3 4 1 0 3.5419
1 75.224 88.377 1 1 1 4 0 0.46954
1 105.84 59.327 1 2 3 1 0 5.9257
1 95.081 129.76 1 4 2 2 1 1.0615
1 137.08 110.12 1 4 4 2 0 1.5912
1 78.451 105.19 1 3 1 3 0 0.7103
1 114.29 103.67 1 4 4 1 0 3.99
1 125.42 88.357 1 2 4 2 0 1.3818
1 137.35 113.99 1 1 4 2 0 1.2059
1 132.47 91.274 1 3 4 4 1 0.838
1 103.8 134.02 1 2 2 1 0 6.6457
1 81.331 81.853 1 4 1 3 0 0.93392
1 103.04 133.76 1 4 2 2 1 0.59111
1 105.39 122.35 1 3 2 3 0 1.004
1 101.93 124.92 1 1 2 4 0 1.8462
1 68.92 110.38 1 3 1 3 0 0.63006
1 108.36 74.954 1 1 3 2 0 0.82216
1 88.46 132.35 1 4 2 3 0 0.3795
1 82.728 60.788 1 4 3 1 0 0.8376
1 67.055 109.5 1 4 1 3 0 0.98183
1 135.48 103.1 1 2 4 2 0 0.99665
1 110.47 86.667 1 3 3 2 0 5.0779
1 95.087 138.82 1 2 2 2 1 1.1097
1 131.82 93.131 1 3 4 1 0 4.2943
1 95.503 80.539 1 1 3 3 1 7.0625
1 108.59 150 1 2 2 4 0 1.0779
1 78.156 106.16 1 1 1 3 0 0.86994
1 77.043 103.02 1 2 1 3 0 1.7345
1 58.433 101.94 1 1 1 3 0 0.69331
1 97.504 109.72 1 2 2 2 1 0.61355
1 107.66 76.983 1 2 3 1 0 0.61111
1 100.23 73.765 1 1 3 4 0 0.38946
1 80.514 110.94 1 2 1 3 0 0.66195
1 138.91 109.03 1 2 4 1 0 1.0295
1 96.639 63.931 1 1 3 3 1 0.74178
1 118.36 111.64 1 1 4 2 0 1.0301
1 105.29 110.19 1 1 2 1 0 0.93398
1 78.076 96.265 1 4 1 4 0 1.9424
1 73.271 112.19 1 3 1 2 0 1.0619
1 129.64 91.975 1 4 4 1 0 0.58237
1 49.067 104.17 1 1 1 3 0 0.5821
1 108.16 121.17 1 1 2 2 1 0.9659
1 101.3 118.25 1 1 2 1 0 1.0301
1 132.97 97.663 1 1 4 2 0 1.7229
1 97.803 130.48 1 4 2 2 1 0.50219
1 100.28 82.642 1 4 3 1 0 1.0493
1 109.19 138.07 1 3 2 2 1 0.53384
1 113.19 81.538 1 1 4 4 1 1.3174
1 111.85 115.57 1 1 2 4 0 0.58191
1 95.636 122.01 1 3 2 2 1 0.5503
1 138.1 78.635 1 1 4 1 0 0.85381
1 103.29 76.818 1 4 3 4 0 1.1903
1 96.006 70.31 1 4 3 1 0 1.8614
1 85.51 78.382 1 4 3 3 1 0.90187
1 114.2 77.146 1 3 3 2 0 0.79048
1 84.668 102.75 1 3 1 4 0 1.2534
1 111.42 105.79 1 4 4 4 1 1.3814
1 143.47 104.91 1 2 4 1 0 1.5262
1 100.66 138.95 1 2 2 2 1 0.96708
1 67.719 92.352 1 2 1 3 0 1.0417
1 97.37 74.791 1 1 3 4 0 0.47014
1 79.921 80.143 1 3 1 4 0 0.9342
1 83.097 99.69 1 2 1 1 1 0.93397
1 64.441 99.62 1 4 1 3 0 1.4626
1 79.896 81.103 1 2 3 4 0 0.74177
1 124.8 92.44 1 1 4 1 0 0.99806
1 91.842 58.59 1 4 3 3 1 1.0775
1 67.377 101.21 1 1 1 4 0 1.3179
1 150.2 102.4 1 1 4 4 1 1.5098
1 70.057 97.824 1 2 1 1 1 4.0696
1 135.92 94.174 1 1 4 4 1 2.2137
1 94.17 78.633 1 3 3 1 0 1.1249
1 84.233 137.95 1 2 2 2 1 0.90175
1 87.493 102.65 1 1 1 1 1 1.2219
1 92.034 75.207 1 4 3 3 1 2.4376
1 124.62 98.248 1 2 4 1 0 1.1418
1 74.406 94.873 1 2 1 1 1 1.6863
1 136.37 93.27 1 1 4 3 0 1.3821
1 94.439 74.619 1 2 3 1 0 1.3498
1 100.19 132.46 1 4 2 2 1 1.5583
1 103.49 123.83 1 1 2 2 1 0.75842
1 130.11 92.592 1 3 4 4 1 1.2928
1 71.147 98.665 1 4 1 1 1 2.0543
1 105.35 62.113 1 1 3 3 1 0.87023
1 138.16 109.2 1 2 4 4 1 2.1012
2 124.87 94.913 1 2 4 3 0 1.5999
2 73.749 110.44 1 3 1 2 0 3.462
2 135.16 91.08 1 1 4 4 1 1.5905
2 112.41 118.76 1 3 4 2 0 0.79379
2 86.087 61.63 1 3 3 3 1 0.85441
2 126.18 107.62 1 4 4 2 0 1.4142
2 132.99 87.506 1 4 4 4 1 0.66184
2 96.851 93.522 1 1 1 1 1 0.75793
2 121.31 98.879 1 4 4 4 1 1.2219
2 111.52 115.14 1 1 2 2 1 0.82209
2 127.81 85.974 1 4 4 1 0 0.88614
2 82.452 94.309 1 1 1 4 0 0.91834
2 105.56 113.27 1 4 2 2 1 0.82176
2 98.245 120.49 1 1 2 2 1 1.6222
2 82.976 154.25 1 3 2 2 1 0.72053
2 105.35 58.085 1 4 3 3 1 0.9326
2 100.99 121.59 1 4 2 2 1 2.3102
2 113.1 110.7 1 3 2 4 0 1.7663
2 101.83 65.421 1 2 3 3 1 0.85399
2 99.136 69.971 1 3 3 3 1 1.1737
2 86.386 114.75 1 1 1 4 0 0.94994
2 102.96 73.328 1 4 3 3 1 1.094
2 116.97 92.084 1 1 4 3 0 1.9424
2 106.96 129.73 1 4 2 2 1 0.566
2 104.55 75.985 1 1 3 1 0 1.0146
2 97.194 128.59 1 4 2 1 0 1.0298
2 135.82 105.16 1 3 4 1 0 0.662
2 90.76 118.01 1 2 2 4 0 0.93445
2 147.27 83.137 1 1 4 3 0 0.90246
2 136.8 115.45 1 1 4 4 1 0.98228
2 101.11 71.326 1 1 3 3 1 0.75826
2 140.56 95.906 1 2 4 3 0 1.0782
2 78.088 134.84 1 2 2 2 1 1.6702
2 69.448 106.47 1 3 1 4 0 0.95052
2 125.36 108.83 1 2 4 2 0 0.72584
2 95.619 81.297 1 3 3 1 0 1.9903
2 84.647 111.43 1 3 1 4 0 0.90224
2 79.308 92.667 1 3 1 3 0 0.93417
2 72.136 96.496 1 1 1 3 0 0.82187
2 109.99 128.71 1 2 2 2 1 1.0623
2 136.2 109.88 1 3 4 4 1 0.99781
2 131.6 100.05 1 2 4 4 1 1.0943
2 89.249 78.622 1 4 3 1 0 0.98215
2 87.314 64.028 1 2 3 3 1 1.062
2 126.49 92.918 1 3 4 4 1 1.3185
2 86.84 95.028 1 2 3 3 1 0.91798
2 133.57 96.385 1 2 4 4 1 0.75731
2 92.918 131.84 1 4 2 2 1 1.4843
2 81.98 108.69 1 2 1 3 0 1.6063
2 73.932 114.88 1 3 1 4 0 0.80647
2 127.04 102.53 1 4 4 4 1 2.0708
2 73.556 72.203 1 4 3 3 1 1.3017
2 105.24 69.674 1 4 3 1 0 1.4141
2 109.08 102.43 1 3 4 4 1 2.1665
2 104.2 141.27 1 4 2 2 1 0.6621
2 61.124 86.306 1 1 1 3 0 0.91859
2 123.77 91.191 1 4 4 3 0 2.9505
2 96.491 75.548 1 4 3 3 1 0.8379
2 112.83 144.21 1 2 2 2 1 3.2546
2 106.46 68.872 1 4 3 4 0 0.71058
2 102.34 113.04 1 2 2 2 1 0.58235
2 80.038 101.41 1 2 1 1 1 1.1953
2 80.363 107.58 1 1 1 3 0 1.3022
2 64.365 104.84 1 2 1 3 0 0.79017
2 92.056 65.207 1 4 3 4 0 0.71046
2 120.24 105.37 1 3 4 2 0 1.9262
2 114.53 61.526 1 4 3 3 1 0.90237
2 101.16 128.38 1 2 2 4 0 1.0624
2 88.839 138.9 1 1 2 2 1 0.75799
2 76.242 107.64 1 2 1 1 1 1.8138
2 101.9 83.963 1 4 3 3 1 2.3101
2 85.657 87.331 1 4 1 3 0 1.9581
2 83.847 132.18 1 2 2 2 1 1.6701
2 88.576 154.71 1 4 2 2 1 0.85451
2 79.195 108.9 1 2 1 4 0 3.9738
2 128.1 100.78 1 1 4 1 0 1.4571
2 107.65 124.98 1 4 2 4 0 0.96628
2 121.92 85.312 1 3 4 3 0 0.61393
2 71.102 89.31 1 2 1 3 0 7.6382
2 77.928 100.5 1 2 1 3 0 1.7181
2 100.29 72.427 1 2 3 3 1 0.99854
2 74.453 101.68 1 3 1 1 1 1.0619
2 111.79 125.11 1 2 2 2 1 0.67854
2 70.846 89.233 1 3 1 1 1 2.0384
2 104.56 56.695 1 4 3 3 1 0.90197
2 102.16 55.752 1 2 3 3 1 0.90243
2 62.399 88.289 1 4 1 1 1 1.3663
2 77.572 109.99 1 1 1 1 1 1.4944
2 114.07 154.31 1 2 2 2 1 1.2709
2 134.45 99.393 1 3 4 1 0 1.9419
2 84.364 77.564 1 1 3 3 1 1.7982
2 70.723 116.53 1 4 1 4 0 1.1581
2 104.9 118.62 1 2 2 4 0 2.0067
2 98.409 50.535 1 3 3 3 1 0.82214
2 137.4 90.895 1 4 4 4 1 1.6865
2 109.85 73.783 1 3 3 1 0 0.93454
2 96.141 112.8 1 4 2 4 0 1.4618
2 103.79 74.408 1 3 3 3 1 0.80625
2 75.227 96.213 1 3 1 4 0 1.1743
2 91.087 110.36 1 1 2 4 0 0.90199
3 134.9 112.82 1 1 4 4 1 3.3919
3 116.75 95.248 1 1 4 3 0 1.0301
3 104.09 67.894 1 4 3 1 0 0.85437
3 93.416 96.683 1 2 1 4 0 1.0141
3 107.34 146.03 1 1 2 2 1 0.58209
3 94.993 68.6 1 3 3 3 1 0.80643
3 104.31 130.62 1 3 2 2 1 1.5097
3 87.743 121.71 1 2 2 1 0 1.7658
3 145.51 105.09 1 3 4 2 0 1.2865
3 90.727 115.04 1 3 2 4 0 0.91778
3 68.797 98.916 1 1 1 1 1 1.2699
3 96.553 70.742 1 2 3 3 1 0.74216
3 142.54 96.024 1 3 4 4 1 0.96626
3 125.5 91.716 1 4 4 1 0 1.2382
3 105.22 124.71 1 1 2 2 1 0.7579
3 113.03 96.023 1 2 4 4 1 0.88618
3 94.167 86.356 1 4 3 1 0 1.7668
3 52.279 89.759 1 2 1 3 0 4.0704
3 74.279 93.98 1 2 1 1 1 0.86995
3 102.12 59.224 1 4 3 3 1 1.1172
3 127.58 95.363 1 3 4 4 1 5.1426
3 149.08 86.517 1 2 4 3 0 0.87005
3 58.379 84.361 1 1 1 4 0 1.255
3 62.847 102.1 1 3 1 4 0 3.9742
3 80.323 104.7 1 3 1 3 0 0.79017
3 106.94 67.181 1 4 3 3 1 0.83826
3 58.328 73.353 1 4 1 3 0 0.94965
3 96.13 74.53 1 3 3 1 0 1.5104
3 51.438 108.53 1 3 1 4 0 1.3186
3 57.396 106.88 1 1 1 2 0 1.0456
3 89.896 132.19 1 3 2 2 1 0.50247
3 122.11 103.28 1 3 4 4 1 0.80614
3 133.69 86.174 1 4 4 1 0 2.4221
3 92.592 132.06 1 2 2 2 1 0.67809
3 94.284 48.611 1 2 3 3 1 0.67826
3 94.934 58.117 1 2 3 3 1 0.66226
3 127.38 98.414 1 3 4 4 1 0.9179
3 97.429 121.92 1 3 2 1 0 1.2857
3 99.356 122.93 1 1 2 2 1 0.4701
3 87.361 68.211 1 1 3 3 1 0.78925
3 112.9 126.84 1 2 2 2 1 0.58152
3 98.221 65.457 1 2 3 1 0 0.53396
3 113.73 110.07 1 1 4 1 0 0.72624
3 94.597 82.411 1 1 3 4 0 0.62937
3 123.62 140.58 1 4 2 1 0 0.45419
3 59.669 94.748 1 3 1 4 0 1.1257
3 88.911 106.9 1 1 1 2 0 0.9822
3 96.455 124.97 1 2 2 2 1 0.58249
3 95.194 94.826 1 1 3 4 0 1.3338
3 133.32 99.716 1 2 4 3 0 0.91763
3 110.59 67.354 1 4 3 4 0 1.3341
3 134.54 105.28 1 2 4 4 1 0.85383
3 64.23 102.61 1 2 1 1 1 1.0622
3 93.355 104.98 1 1 1 2 0 0.47045
3 105.67 73.16 1 2 3 3 1 0.78932
3 63.9 101.59 1 3 1 2 0 0.82251
3 79.951 141.1 1 3 2 2 1 0.64665
3 85.173 84.335 1 3 1 4 0 0.90227
3 112.99 56.667 1 4 3 1 0 0.69432
3 101.9 52.566 1 4 3 3 1 0.66194
3 91.876 91.165 1 3 1 4 0 0.79035
3 100.31 142.8 1 2 2 2 1 0.64547
3 90.995 70.212 1 2 3 1 0 1.174
3 77.33 102.76 1 4 1 4 0 2.086
3 105.91 134.84 1 4 2 2 1 0.67771
3 67.26 96.275 1 3 1 4 0 1.3816
3 110.07 62.644 1 2 3 3 1 0.83776
3 129.27 80.77 1 3 4 4 1 4.4377
3 103.82 160.68 1 2 2 2 1 0.83726
3 71.185 108.26 1 1 1 1 1 1.5264
3 120.78 94.112 1 3 4 4 1 1.5574
3 107.42 77.578 1 4 3 3 1 1.3014
3 143.65 112.93 1 2 4 1 0 2.5023
3 91.41 93.881 1 2 3 4 0 0.74037
3 90.263 82.881 1 3 3 1 0 0.7584
3 132.71 98.452 1 1 4 2 0 0.58202
3 85.758 122.92 1 1 2 2 1 0.48549
3 109.89 115.34 1 2 2 2 1 3.7018
3 78.275 98.073 1 1 1 3 0 0.87008
3 116.68 143.14 1 1 2 2 1 0.63017
3 68.081 97.29 1 2 1 4 0 0.93416
3 117.22 127.39 1 2 2 2 1 0.77357
3 66.393 108.79 1 3 1 1 1 0.7418
3 99.281 114.32 1 1 2 4 0 0.95035
3 121.8 103.95 1 1 4 1 0 0.40606
3 90.796 75.564 1 1 3 3 1 0.71024
3 136.7 85.785 1 2 4 4 1 0.80624
3 136.68 89.393 1 4 4 1 0 0.71024
3 117.36 99.67 1 4 4 4 1 0.56557
3 103.58 77.844 1 2 3 1 0 0.75665
3 124.72 97.362 1 2 4 4 1 1.238
3 110.72 120.02 1 1 2 1 0 1.2864
3 79.587 92.389 1 3 1 4 0 0.86277
3 76.579 100.09 1 1 1 3 0 0.74167
3 78.534 135.86 1 2 2 2 1 0.58601
3 126.25 93.826 1 2 4 4 1 0.78981
3 98.189 128.34 1 4 2 2 1 0.86936
3 112.26 78.24 1 2 3 1 0 0.80596
3 110.61 128.72 1 4 2 4 0 1.9103
3 119.21 107.17 1 2 4 4 1 3.3655
4 92.524 112.37 0 4 2 4 0 4.992
4 75.915 124.97 0 2 1 2 0 2.0538
4 77.029 88.631 0 2 1 1 1 1.9418
4 133.99 82.461 0 1 4 4 1 2.6459
4 91.393 137.11 0 3 2 2 1 0.88616
4 120.12 97.778 0 1 4 4 1 1.5259
4 88.697 141.36 0 3 2 2 1 0.48584
4 95.772 76.385 0 3 3 1 0 1.1895
4 132.66 101.59 0 1 4 4 1 1.4615
4 114.94 130.41 0 2 2 2 1 0.66159
4 96.142 70.835 0 2 3 1 0 1.1904
4 65.666 89.518 0 4 1 4 0 0.69441
4 116.12 104.15 0 1 4 4 1 0.74188
4 106.83 93.879 0 2 4 4 1 0.64683
4 74.106 102.73 0 3 1 1 1 0.82189
4 74.269 85.795 0 3 1 4 0 0.77537
4 107.5 121.61 0 4 2 4 0 1.9899
4 123.16 86.321 0 3 3 1 0 1.0142
4 89.671 66.716 0 3 3 3 1 1.382
4 102.92 122.09 0 3 2 3 0 1.2383
4 105.96 87.726 0 3 3 3 1 0.60548
4 79.913 104.87 0 3 1 4 0 4.3891
4 94.721 105.78 0 4 2 3 0 1.3499
4 109.25 147.88 0 2 2 2 1 0.80631
4 140.28 107.07 0 2 4 4 1 1.0145
4 103.58 78.518 0 4 3 3 1 1.2374
4 121.82 81.2 0 4 4 3 0 1.5099
4 126.72 117.5 0 1 4 3 0 1.1574
4 116.02 54.02 0 4 3 1 0 0.88665
4 143.86 102.71 0 2 4 4 1 0.83721
4 111.29 71.945 0 1 3 4 0 0.74202
4 81.135 85.89 0 1 1 1 1 0.64572
4 85.261 84.46 0 1 1 1 1 0.67809
4 80.444 103.32 0 4 1 1 1 0.62942
4 84.064 104.13 0 1 1 4 0 0.91767
4 73.33 105.79 0 3 1 4 0 0.69366
4 118 110.77 0 3 4 4 1 2.165
4 107.49 124.27 0 1 2 4 0 0.54968
4 88.994 55.479 0 1 3 3 1 0.90176
4 110.72 116.09 0 3 2 4 0 1.1417
4 98.021 135.47 0 4 2 2 1 0.72531
4 75.961 119.52 0 3 1 1 1 1.0305
4 129.21 95.301 0 2 4 3 0 1.126
4 103.74 91.348 0 1 4 4 1 0.31018
4 104.87 112.12 0 1 2 4 0 0.998
4 63.01 111.55 0 3 1 4 0 0.93415
4 107.76 101.61 0 2 4 1 0 0.91751
4 92.87 115.4 0 1 2 4 0 0.8703
4 87.404 103.16 0 3 1 4 0 0.69429
4 93.391 63.324 0 2 3 2 0 0.69387
4 91.515 109.53 0 2 2 2 1 0.80564
4 93.272 118.26 0 2 2 2 1 0.48608
4 129.66 100.8 0 2 4 4 1 1.2703
4 108.88 128.95 0 4 2 2 1 0.96638
4 104.3 71.17 0 4 3 3 1 0.67766
4 129.41 107.43 0 2 4 2 0 1.2345
4 107.27 82.169 0 1 3 1 0 0.89308
4 104.68 56.501 0 4 3 4 0 0.39026
4 137.43 97.095 0 4 4 3 0 0.35774
4 65.58 106.67 0 4 1 2 0 1.2703
4 101.91 68.71 0 1 3 4 0 0.64568
4 63.841 99.981 0 1 1 4 0 0.69371
4 69.509 113.49 0 4 1 3 0 0.43829
4 136.55 103.78 0 3 4 4 1 0.96623
4 119.7 106.13 0 3 4 1 0 0.35736
4 108.91 79.36 0 1 3 2 0 0.69425
4 66.173 98.415 0 1 1 2 0 1.7657
4 148.4 105.74 0 1 4 2 0 1.8937
4 69.777 107.51 0 1 1 1 1 2.4861
4 101.77 60.413 0 3 3 2 0 0.82256
4 108.45 68.655 0 4 3 3 1 0.8539
4 95.911 133.08 0 2 2 2 1 0.67841
4 110.47 121.21 0 1 2 2 1 0.74146
4 81.367 54.044 0 2 3 1 0 1.4136
4 107.58 141.28 0 3 2 2 1 0.64591
4 107.49 144.64 0 2 2 2 1 0.64598
4 98.299 66.622 0 3 3 4 0 0.86972
4 115.63 88.531 0 1 3 1 0 0.4703
4 129.33 121.82 0 3 4 4 1 0.67773
4 126.18 99.77 0 2 4 1 0 0.5978
4 75.862 108.55 0 1 1 2 0 1.062
4 77.293 99.987 0 3 1 4 0 0.53458
4 110.89 77.799 0 2 3 3 1 0.77431
4 99.04 118.42 0 3 2 2 1 0.88597
4 63.269 104.28 0 3 1 1 1 0.79027
4 72.976 91.851 0 2 1 4 0 0.51865
4 67.46 105.32 0 4 1 2 0 0.90217
4 106.63 68.216 0 1 3 1 0 0.7103
4 99.892 122.91 0 3 2 2 1 0.88561
4 141.16 118.94 0 1 4 4 1 0.6943
4 108.83 89.459 0 3 3 4 0 0.45445
4 116.93 101.92 0 1 4 2 0 0.37361
4 90.591 64.502 0 4 1 3 0 0.66184
4 100.68 135.61 0 3 2 2 1 0.73664
4 134.65 106.72 0 3 4 2 0 0.53354
4 114.54 65.252 0 2 3 4 0 0.8062
4 116.84 79.516 0 2 3 3 1 1.1969
4 95.06 146.43 0 2 2 2 1 1.2702
4 99.229 138.82 0 2 2 2 1 6.4379
4 115.5 102.46 0 2 4 1 0 1.1257
5 95.969 62.936 0 3 3 4 0 2.1439
5 74.12 99.144 0 2 1 3 0 0.24536
5 68.809 92.921 0 4 1 2 0 0.67838
5 132.52 79.367 0 3 4 2 0 0.774
5 71.745 107.37 0 2 1 1 1 0.3739
5 122.05 99.856 0 3 4 2 0 0.45392
5 104.46 125.87 0 1 2 2 1 0.37399
5 126.28 83.819 0 3 4 3 0 0.83817
5 94.577 65.346 0 1 3 3 1 0.56568
5 60.554 97.491 0 4 1 4 0 0.59817
5 64.178 95.854 0 3 1 1 1 2.9336
5 118.33 94.643 0 1 4 4 1 1.8461
5 86.379 114.45 0 1 1 2 0 0.69403
5 98.029 119 0 4 2 2 1 0.99875
5 98.018 84.376 0 2 3 1 0 0.83861
5 107.88 133.45 0 4 2 4 0 0.82216
5 80.033 125.03 0 4 2 2 1 0.58096
5 144.12 106.39 0 2 4 4 1 0.74197
5 110.42 97.203 0 4 4 1 0 0.24539
5 142.53 91.584 0 4 4 2 0 0.21672
5 63.436 97.967 0 4 1 2 0 0.69688
5 76.309 94.566 0 1 1 2 0 0.79129
5 131.72 99.714 0 4 4 4 1 0.27769
5 103.42 75.886 0 4 3 3 1 0.47001
5 101.42 66.018 0 4 3 1 0 0.37318
5 92.622 121.35 0 1 2 2 1 0.23534
5 95.532 124.7 0 4 2 4 0 0.26241
5 109 126.84 0 1 2 4 0 0.78344
5 99.578 137.41 0 2 2 2 1 0.53441
5 65.574 101.79 0 3 1 1 1 0.9992
5 80.169 102.41 0 2 1 1 1 0.51759
5 138.93 102.89 0 1 4 3 0 2.4764
5 77.056 105.17 0 3 1 4 0 0.94958
5 90.661 114.79 0 1 2 2 1 0.56611
5 78.163 109.64 0 1 1 4 0 0.69385
5 109.41 86.605 0 2 3 2 0 1.0273
5 117.04 134.52 0 1 2 2 1 0.58218
5 79.833 109.31 0 1 1 4 0 0.61382
5 126.13 115.08 0 3 4 1 0 0.18184
5 60.351 114.31 0 2 1 3 0 0.6941
5 116.24 104.32 0 3 4 2 0 0.50158
5 103.78 117.24 0 2 2 1 0 0.38972
5 84.914 90.149 0 3 3 4 0 0.214
5 99.532 110.29 0 2 2 2 1 0.3423
5 150.63 101.2 0 1 4 4 1 0.45334
5 69.682 91.355 0 3 1 4 0 0.45413
5 120.26 88.827 0 1 4 4 1 0.39019
5 101.47 116.34 0 2 2 1 0 0.4861
5 95.711 96.621 0 2 1 2 0 0.61394
5 106.04 131.14 0 2 2 2 1 0.64625
5 123.59 102.76 0 4 4 4 1 0.96505
5 93.811 81.911 0 3 3 4 0 0.51841
5 131.21 109.65 0 2 4 2 0 0.80596
5 89.375 80.253 0 1 3 1 0 0.93321
5 123.32 82.92 0 1 3 1 0 1.7655
5 110.27 135.74 0 3 2 2 1 0.77369
5 103.92 117.37 0 1 2 4 0 0.61417
5 127.1 108.36 0 1 4 4 1 0.71007
5 106.2 62.128 0 1 3 3 1 0.61398
5 133.28 109.73 0 2 4 4 1 1.142
5 63.495 112.71 0 1 1 2 0 0.85405
5 102.66 124.97 0 4 2 1 0 0.27181
5 100.45 55.048 0 2 3 3 1 0.29383
5 63.64 102.47 0 1 1 4 0 0.24607
5 79.825 110.03 0 4 1 3 0 0.277
5 136.66 105.03 0 1 4 1 0 0.61415
5 42.798 98.786 0 1 1 2 0 0.64605
5 119.67 98.963 0 1 4 2 0 0.43667
5 75.862 81.326 0 1 1 1 1 0.29395
5 118.59 107.79 0 1 2 4 0 0.29394
5 103.06 66.627 0 4 3 3 1 0.30962
5 81.66 102.4 0 1 1 1 1 0.34173
5 96.492 64.001 0 4 3 1 0 0.38955
5 93.03 127.92 0 3 2 2 1 0.82141
5 83.244 87.235 0 4 3 4 0 0.24609
5 98.872 73.991 0 2 3 1 0 0.61398
5 100.57 59.036 0 2 3 4 0 0.2936
5 68.59 111.24 0 4 1 3 0 1.1256
5 92.722 150.37 0 1 2 2 1 0.35691
5 111.12 67.162 0 1 3 4 0 0.34166
5 116.61 107.64 0 1 4 2 0 0.59873
5 90.777 75.458 0 2 3 4 0 0.83832
5 119.94 80.981 0 3 3 2 0 0.3577
5 97.225 74.907 0 2 3 1 0 0.26202
5 96.667 66.656 0 1 3 3 1 0.52219
5 55.679 110.52 0 3 1 2 0 0.43794
5 146.64 104.11 0 1 4 2 0 0.50214
5 101.17 119.29 0 1 2 2 1 0.46994
5 94.904 108.78 0 3 2 4 0 0.59785
5 133.38 95.12 0 4 4 1 0 0.46992
5 125.38 93.662 0 1 4 4 1 0.78991
5 122.17 87.285 0 2 4 3 0 0.53401
5 105.05 72.423 0 2 3 2 0 0.32518
5 135.28 131.47 0 3 4 4 1 0.37419
5 103.35 81.916 0 2 3 3 1 0.4994
5 90.435 136.37 0 4 2 2 1 0.053893
5 91.698 118.62 0 1 2 1 0 0.35814
5 53.26 97.652 0 2 1 4 0 0.29386
5 83.511 127.5 0 1 2 3 0 0.43734
5 94.552 61.334 0 4 3 2 0 0.053809
6 54.54 100.59 0 1 1 1 1 1.072
6 86.987 137.73 0 1 2 2 1 0.39014
6 107.98 122.28 0 3 2 2 1 1.1904
6 113.3 55.992 0 2 3 3 1 0.4224
6 131.28 106.85 0 2 4 2 0 0.29378
6 72.087 111.01 0 3 1 4 0 0.32581
6 111.72 105.18 0 1 4 2 0 1.078
6 71.068 87.646 0 2 1 1 1 0.38913
6 138.79 110.53 0 4 4 3 0 0.62975
6 91.959 81.369 0 3 3 1 0 0.24603
6 98.909 143.28 0 2 2 2 1 0.22944
6 104.43 118.43 0 2 2 4 0 0.40587
6 123.55 93.888 0 2 4 2 0 0.56612
6 80.01 106.7 0 1 1 1 1 0.75833
6 116.47 89.716 0 1 4 3 0 1.1899
6 94.161 140.32 0 2 2 4 0 0.43788
6 87.952 84.351 0 2 1 1 1 0.96663
6 103.65 80.325 0 3 3 4 0 0.59783
6 90.957 126.35 0 2 2 4 0 0.69395
6 129.56 104.72 0 3 4 2 0 0.61423
6 94.481 130.18 0 1 2 1 0 0.80603
6 129.5 98.678 0 1 4 3 0 0.69389
6 99.288 68.199 0 1 3 2 0 0.50223
6 106.68 75.35 0 3 3 3 1 0.64584
6 90.988 115.65 0 3 2 2 1 0.55034
6 119.86 94.212 0 4 4 1 0 0.10229
6 93.953 116.25 0 2 2 3 0 0.37406
6 133.64 103.47 0 3 4 2 0 2.3742
6 91.934 128.11 0 4 2 1 0 0.42203
6 73.609 100.08 0 3 1 4 0 0.35801
6 90.919 50.4 0 3 3 1 0 0.55038
6 65.882 90.463 0 3 1 2 0 0.74189
6 97.76 139.67 0 4 2 3 0 0.82115
6 99.84 81.41 0 2 3 3 1 1.1092
6 127.55 108.75 0 3 4 2 0 1.1098
6 133.95 86.606 0 4 4 4 1 0.67747
6 131.92 123.13 0 1 4 4 1 0.54927
6 99.035 89.404 0 3 3 2 0 0.67753
6 108.87 89.02 0 3 4 1 0 1.0132
6 104.74 95.854 0 2 4 3 0 0.61196
6 81.446 97.614 0 4 1 2 0 0.34133
6 107.49 67.776 0 4 3 3 1 1.3979
6 93.668 67.523 0 4 3 2 0 0.94878
6 133.66 106.89 0 1 4 4 1 0.98154
6 121.04 119.98 0 1 2 2 1 0.82182
6 76.811 106.37 0 1 1 2 0 3.0934
6 76.533 94.493 0 1 1 4 0 2.5974
6 82.918 60.697 0 2 3 3 1 0.78843
6 100.56 73.971 0 4 3 1 0 0.42167
6 89.613 63.608 0 3 3 2 0 0.32476
6 100.73 116.58 0 2 2 4 0 0.021151
6 69.83 103.95 0 4 1 1 1 0.27756
6 125.82 82.164 0 3 4 3 0 0.69295
6 122.27 97.825 0 4 4 3 0 0.54935
6 98.916 142.17 0 2 2 2 1 0.70901
6 87.689 64.684 0 3 3 3 1 0.6294
6 68.218 104.29 0 4 1 4 0 0.91737
6 81.771 111.11 0 1 1 1 1 0.75671
6 103.41 73.775 0 4 3 1 0 0.88554
6 97.639 74.144 0 3 3 3 1 1.0774
6 61.808 120.11 0 1 1 1 1 0.51731
6 107.32 140.28 0 4 2 4 0 0.85294
6 70.959 107.6 0 4 1 4 0 0.82005
6 65.225 109.44 0 2 1 1 1 0.59619
6 139.88 103.12 0 2 4 3 0 0.98092
6 110.69 65.784 0 3 3 3 1 3.5573
6 71.973 116.23 0 3 1 1 1 0.64423
6 123.04 92.771 0 4 4 4 1 0.70894
6 101.76 128.04 0 2 2 4 0 0.96496
6 61.901 110.73 0 3 1 2 0 1.7969
6 64.79 77.371 0 2 1 1 1 3.3967
6 124.48 113.37 0 3 4 4 1 0.9487
6 56.58 97.892 0 3 1 2 0 0.61313
6 65.618 91.433 0 1 1 1 1 0.78848
6 115.87 77.242 0 2 3 1 0 0.74055
6 77.858 103.26 0 1 1 4 0 2.5158
6 119.71 97.126 0 1 4 3 0 0.82021
6 102.05 85.178 0 4 3 1 0 0.5007
6 104.76 75.866 0 3 3 4 0 0.24412
6 97.391 130.76 0 1 2 3 0 0.27965
6 136.69 95.045 0 2 4 2 0 0.24416
6 105.49 142.37 0 4 2 2 1 0.61185
6 94.558 127.32 0 1 2 4 0 0.82073
6 89.205 134.14 0 2 2 2 1 0.29181
6 131.93 115.75 0 2 4 2 0 0.69258
6 106.33 61.389 0 4 3 1 0 0.34036
6 85.629 129.72 0 2 2 3 0 0.96434
6 98.642 67.085 0 2 3 3 1 0.88429
6 86.198 132.76 0 1 2 4 0 0.83507
6 105.67 113.86 0 2 2 1 0 0.26045
6 88.565 90.106 0 1 1 4 0 0.22819
6 98.031 85.915 0 1 3 3 1 0.37193
6 120.28 123.72 0 1 2 2 1 0.30811
6 91.782 124.11 0 1 2 4 0 0.14812
6 91.988 65.829 0 3 3 3 1 0.77046
6 71.365 100.47 0 4 1 1 1 0.58012
6 76.165 80.21 0 4 1 4 0 0.3078
6 107.7 80.542 0 1 3 1 0 0.35566
6 132.46 93.55 0 2 4 2 0 0.73912
6 111.12 118.31 0 3 4 4 1 0.32252
7 101.7 60.196 1 2 3 4 0 0.87984
7 75.797 136.11 1 3 2 2 1 0.1158
7 96.499 80.838 1 1 3 2 0 0.53193
7 64.793 86.673 1 1 1 4 0 0.80383
7 93.601 125.3 1 2 2 4 0 0.89885
7 149.85 85.663 1 3 4 1 0 0.59572
7 106.4 126.84 1 2 2 2 1 0.78767
7 66.984 90.416 1 1 1 3 0 0.40349
7 137.08 98.541 1 2 4 4 1 0.70713
7 106.8 73.142 1 2 3 1 0 0.30764
7 121.21 99.186 1 3 4 2 0 0.19559
7 109.23 139.79 1 4 2 4 0 0.2268
7 77.531 86.067 1 1 1 3 0 0.51486
7 95.353 130.86 1 4 2 2 1 0.72373
7 75.413 94.694 1 2 1 1 1 0.45127
7 121.5 110.05 1 3 4 4 1 2.4833
7 62.668 107.74 1 4 1 1 1 0.77149
7 104.84 64.581 1 1 3 3 1 1.059
7 69.085 87.081 1 4 1 1 1 2.0511
7 80.613 64.8 1 4 3 3 1 1.027
7 67.057 102.81 1 4 1 1 1 1.1393
7 114.9 101.9 1 2 4 4 1 0.69125
7 136.74 101.5 1 1 4 4 1 0.64321
7 65.786 99.051 1 3 1 4 0 2.0028
7 58.261 103.39 1 4 1 4 0 5.7467
7 112.36 123.11 1 4 2 1 0 0.29065
7 71.138 121.68 1 1 1 2 0 0.3219
7 116.71 100.27 1 2 4 1 0 0.4671
7 118.45 107.25 1 4 4 1 0 1.3305
7 91.337 66.395 1 4 3 4 0 2.8667
7 134.62 92.051 1 1 4 1 0 8.2748
7 121.1 94.577 1 3 4 2 0 0.35481
7 72.593 121.4 1 2 1 4 0 0.48247
7 93.356 125.65 1 4 2 3 0 0.33871
7 113.65 134.47 1 1 2 2 1 0.67502
7 154.99 97.41 1 1 4 4 1 2.1151
7 124.48 113.5 1 1 4 4 1 0.61012
7 107.71 136.73 1 3 2 2 1 0.93
7 124.18 129.49 1 3 4 4 1 0.80272
7 101.83 70.986 1 2 3 1 0 0.67432
7 100.19 133.48 1 2 2 2 1 0.8188
7 136.03 94.356 1 2 4 4 1 0.88273
7 123.18 102.5 1 3 4 1 0 0.94681
7 99.222 84.464 1 2 3 4 0 0.68984
7 136.64 100.6 1 4 4 4 1 0.27414
7 65.272 109.84 1 1 1 4 0 0.77032
7 118.19 104.74 1 3 4 1 0 0.78557
7 105.5 79.112 1 2 3 2 0 2.1304
7 101.55 83.49 1 1 3 3 1 0.32245
7 140.38 105.71 1 1 4 4 1 0.53062
7 84.361 143.25 1 2 2 2 1 0.44941
7 139.65 97.568 1 1 4 4 1 0.77014
7 105.47 122.04 1 4 2 4 0 0.8811
7 66.681 92.02 1 4 1 1 1 1.0418
7 82.204 101.04 1 1 1 1 1 0.78624
7 103.03 121.99 1 1 2 4 0 0.99371
7 117.5 78.019 1 4 3 1 0 1.1376
7 98.179 69.092 1 3 3 4 0 0.70585
7 92.905 122.1 1 4 2 2 1 0.65832
7 76.401 95.296 1 4 1 4 0 0.78639
7 83.552 92.867 1 3 1 1 1 0.57818
7 103.61 74.101 1 2 3 1 0 0.86503
7 98.577 125.95 1 2 2 4 0 0.91432
7 63.689 99.325 1 3 1 1 1 0.9943
7 91.971 124.15 1 1 2 4 0 0.99278
7 103.5 142.9 1 1 2 2 1 1.0259
7 104.76 57.815 1 3 3 1 0 0.62378
7 107.91 64.381 1 4 3 3 1 0.81804
7 97.692 64.121 1 2 3 3 1 0.83353
7 146.57 88.563 1 2 4 2 0 0.81697
7 106.55 94.586 1 1 4 4 1 0.56209
7 66.948 106.22 1 3 1 1 1 0.52909
7 122.53 84.582 1 4 4 1 0 1.0897
7 107.17 132.04 1 3 2 4 0 0.19351
7 97.348 129.19 1 3 2 3 0 0.59337
7 103.57 102.01 1 4 2 1 0 0.56042
7 56.686 103.6 1 3 1 1 1 0.75222
7 127.27 101.29 1 3 4 4 1 0.4977
7 77.653 103.19 1 1 1 4 0 0.52899
7 64.475 77.533 1 3 1 1 1 0.68855
7 114.68 141.24 1 2 2 2 1 0.52906
7 109.42 76.845 1 1 3 1 0 1.3451
7 136.19 96.662 1 3 4 4 1 1.1372
7 92.969 69.134 1 3 3 1 0 0.81666
7 104.89 113.38 1 3 2 4 0 0.56096
7 100.12 137.38 1 1 2 3 0 0.047965
7 94.301 69.413 1 4 3 3 1 0.44915
7 102.79 116.42 1 4 2 4 0 0.84795
7 67.513 120.72 1 1 1 4 0 1.9051
7 60.98 93.568 1 1 1 1 1 0.78463
7 109.02 110.12 1 1 4 1 0 0.73701
7 95.99 78.373 1 1 3 4 0 0.65631
7 71.871 91 1 1 1 1 1 0.72086
7 109.59 66.144 1 4 3 1 0 1.6645
7 100.69 64.568 1 3 3 4 0 0.38475
7 115.33 116.76 1 4 2 2 1 0.95958
7 107.85 71.129 1 1 3 1 0 0.72095
7 69.965 86.568 1 1 1 4 0 1.0407
7 105.35 81.111 1 1 3 1 0 0.27291
7 94.408 49.697 1 2 3 4 0 0.57701
8 106.93 125.34 1 4 2 1 0 0.81595
8 135.33 94.302 1 1 4 4 1 0.28861
8 127.71 107.19 1 2 4 1 0 0.24079
8 136.27 109.16 1 4 4 2 0 0.3517
8 92.588 154.28 1 1 2 2 1 0.41633
8 104.71 119.43 1 3 2 4 0 0.55968
8 74.093 102.45 1 1 1 3 0 0.5923
8 95.479 69.394 1 4 3 2 0 0.63977
8 101.38 73.017 1 2 3 3 1 1.0548
8 92.946 88.156 1 2 3 1 0 0.65574
8 53.133 82.592 1 4 1 3 0 0.28813
8 71.812 78.352 1 1 1 1 1 1.1836
8 90.24 128.23 1 3 2 4 0 0.91167
8 111.17 126.9 1 1 2 4 0 0.73651
8 57.944 87.101 1 3 1 4 0 0.46456
8 102.59 83.574 1 2 3 4 0 0.64049
8 101.59 128.67 1 2 2 2 1 0.44744
8 95.039 77.257 1 3 3 1 0 1.0879
8 111.85 106.14 1 4 4 1 0 0.99244
8 106.79 73.195 1 1 3 3 1 0.49651
8 56.413 94.264 1 1 1 3 0 0.57598
8 69.659 95.394 1 1 1 1 1 0.43236
8 117.85 104.56 1 1 4 2 0 5.9992
8 71 111.16 1 4 1 4 0 0.51221
8 89.956 64.863 1 3 3 2 0 1.7917
8 102.15 115.69 1 1 4 4 1 0.35151
8 118.28 134.39 1 2 2 2 1 0.57576
8 121.88 109.92 1 4 4 1 0 0.736
8 102.26 91.893 1 3 3 1 0 1.0559
8 108.67 117.67 1 1 2 4 0 0.41589
8 124.01 108.19 1 4 4 2 0 0.25553
8 63.81 110.56 1 1 1 4 0 0.39954
8 98.277 121.06 1 1 2 2 1 0.5577
8 88.689 98.299 1 1 1 2 0 0.62392
8 83.69 97.759 1 4 1 4 0 0.47985
8 122.33 91.673 1 1 4 1 0 0.55941
8 75.503 120.2 1 4 1 3 0 0.83098
8 88.952 121.92 1 3 2 1 0 0.71954
8 100.41 124.77 1 1 2 4 0 0.38172
8 87.138 149.74 1 1 2 2 1 0.60766
8 140.82 100.94 1 2 4 1 0 0.91032
8 101.51 136.75 1 2 2 4 0 0.54277
8 87.638 87.9 1 1 1 2 0 0.1906
8 120.98 109.66 1 2 4 1 0 0.60776
8 128.04 100.7 1 2 4 4 1 0.51044
8 94.348 71.337 1 2 3 3 1 0.5436
8 102.56 50.881 1 3 3 3 1 0.70348
8 86.696 51.709 1 2 3 3 1 0.55872
8 87.703 99.619 1 3 1 1 1 0.4784
8 125.76 107.77 1 1 4 4 1 0.54321
8 131.37 96.305 1 2 4 4 1 0.54323
8 103.37 147.21 1 4 2 2 1 0.65521
8 74.84 110.41 1 4 1 4 0 0.59097
8 123.6 102.77 1 2 4 4 1 0.73531
8 88.072 90.552 1 2 3 1 0 0.5113
8 66.167 70.699 1 4 1 4 0 0.30363
8 96.998 144.9 1 2 2 2 1 0.55931
8 108.76 66.537 1 3 3 1 0 0.71791
8 107.74 151.82 1 1 2 2 1 0.70308
8 64.871 105.03 1 3 1 1 1 0.6868
8 124.25 90.883 1 2 4 4 1 0.65495
8 93.937 62.462 1 2 3 1 0 0.65408
8 75.685 119.72 1 1 1 1 1 0.92674
8 113.92 134.08 1 1 2 2 1 0.79815
8 140.14 112.93 1 2 4 2 0 0.89467
8 104.98 107.99 1 1 2 4 0 0.63841
8 77.574 106.8 1 1 1 1 1 1.1829
8 117.2 70.548 1 2 3 4 0 0.78205
8 82.785 71.596 1 1 3 3 1 0.97378
8 95.849 76.65 1 1 3 1 0 0.76653
8 88.157 69.825 1 1 3 1 0 0.59002
8 128.38 97.975 1 1 4 2 0 0.8776
8 103.32 134.06 1 4 2 4 0 0.62237
8 124.5 100.25 1 4 4 2 0 0.43068
8 67.698 96.766 1 3 1 2 0 1.4697
8 70.185 112.66 1 4 1 3 0 4.3023
8 66.881 103.13 1 3 1 2 0 0.7822
8 108.88 124.8 1 3 2 4 0 0.25419
8 94.46 89.864 1 4 3 2 0 1.8051
8 54.726 102.95 1 2 1 3 0 0.4659
8 131.56 93.748 1 2 4 4 1 1.1339
8 133.52 113.66 1 3 4 4 1 0.90956
8 113.2 100.19 1 2 4 1 0 0.60588
8 128.97 121.71 1 4 4 4 1 0.7505
8 104.93 74.325 1 4 3 1 0 0.65457
8 113.39 91.561 1 3 4 3 0 0.46175
8 87.327 119.11 1 2 2 1 0 0.78121
8 132.98 98.246 1 2 4 1 0 0.60574
8 93.178 65.476 1 1 3 1 0 0.68544
8 103.29 70.961 1 2 3 3 1 0.39735
8 88.929 109.56 1 4 2 4 0 7.9796
8 72.507 95.076 1 1 1 1 1 0.34946
8 97.072 123.33 1 3 2 4 0 0.95665
8 91.631 131.59 1 1 2 1 0 0.31716
8 99.869 69.579 1 1 3 1 0 0.71711
8 93.065 64.704 1 1 3 3 1 0.46094
8 85.896 100.23 1 4 1 4 0 0.8462
8 97.858 128.19 1 4 2 4 0 0.86091
8 98.016 72.591 1 1 3 3 1 0.74993
8 39.473 74.96 1 4 1 1 1 0.87766
9 106.52 71.449 1 3 3 1 0 0.83196
9 115.03 82.638 1 1 3 4 0 0.90848
9 100.29 72.852 1 4 3 2 0 0.25378
9 139.57 102.71 1 1 4 4 1 0.41336
9 116.98 121.04 1 3 4 3 0 0.62119
9 113.79 95.295 1 2 3 1 0 1.451
9 94.894 72.019 1 2 3 1 0 0.7652
9 88.153 75.402 1 4 3 4 0 0.71696
9 64.865 97.452 1 2 1 1 1 0.68543
9 73.17 85.193 1 1 1 4 0 0.044783
9 103.34 114.1 1 3 2 2 1 0.02896
9 101.08 80.825 1 4 3 3 1 0.32061
9 131.4 98.805 1 4 4 1 0 0.26845
9 74.121 97.48 1 3 1 1 1 0.66886
9 124.09 118.91 1 4 4 2 0 0.4743
9 82.093 84.705 1 2 1 4 0 0.25303
9 64.004 91.564 1 1 1 1 1 0.19286
9 108.73 146.08 1 4 2 2 1 0.70079
9 90.34 116.9 1 2 1 2 0 0.49244
9 85.609 129.03 1 4 2 3 0 0.33263
9 105.36 117.7 1 3 2 1 0 0.31487
9 73.671 95.878 1 1 1 2 0 0.74601
9 55.968 101.51 1 4 1 4 0 0.55614
9 109.3 94.724 1 2 4 1 0 0.65227
9 71.674 104.66 1 1 1 2 0 0.34874
9 95.845 83.32 1 3 3 3 1 0.34747
9 76.145 86.468 1 1 1 2 0 0.86107
9 127.92 108.38 1 3 4 4 1 1.0845
9 122.08 84.683 1 4 4 1 0 0.28385
9 95.81 77.826 1 2 3 2 0 0.62063
9 89.463 121.33 1 3 2 4 0 0.30087
9 90.921 64.416 1 2 3 3 1 0.58756
9 96.262 137.63 1 1 2 1 0 0.52424
9 72.589 103.31 1 4 1 1 1 0.5878
9 107.72 122.85 1 2 2 4 0 0.44481
9 135.33 107.93 1 3 4 2 0 0.36376
9 143.61 95.96 1 4 4 4 1 0.3004
9 137.02 95.216 1 4 4 2 0 0.23669
9 125.02 87.037 1 1 4 4 1 0.23615
9 122.11 98.63 1 2 4 1 0 0.41209
9 114.03 71.214 1 3 3 1 0 0.60408
9 95.906 128.14 1 4 2 3 0 0.82824
9 70.798 95.527 1 2 1 2 0 1.964
9 106.31 69.963 1 1 3 1 0 0.69916
9 98.53 129.25 1 1 2 2 1 0.71628
9 94.876 128.97 1 4 2 4 0 0.92345
9 88.909 58.429 1 2 3 1 0 0.77961
9 130.3 108.11 1 3 4 2 0 0.60415
9 74.074 99.646 1 2 1 2 0 0.90693
9 101.69 71.413 1 3 3 1 0 0.81124
9 77.996 133.37 1 1 2 2 1 0.76396
9 119.77 117.65 1 2 2 4 0 0.39434
9 70.559 113.66 1 2 1 3 0 0.2356
9 124.5 78.177 1 2 4 2 0 0.34797
9 70.98 97.498 1 2 1 2 0 0.41206
9 87.545 133.79 1 4 2 2 1 0.93927
9 80.145 103.81 1 3 1 4 0 2.4114
9 81.981 122.2 1 4 2 1 0 1.7559
9 78.227 104.33 1 3 1 1 1 1.1639
9 113.07 114.09 1 4 2 4 0 1.2112
9 107.25 127.76 1 1 2 2 1 1.1315
9 94.807 71.083 1 2 3 3 1 1.6595
9 108.93 81.938 1 2 4 2 0 0.71495
9 137.8 100.42 1 1 4 3 0 0.55611
9 98.49 82.627 1 2 3 1 0 0.69984
9 98.473 67.976 1 2 3 1 0 0.39559
9 69.114 108.52 1 3 1 4 0 0.7958
9 81.79 111.54 1 2 2 1 0 0.26741
9 64.7 97.217 1 4 1 4 0 0.15438
9 129.02 91.02 1 1 4 2 0 0.010778
9 59.37 85.034 1 1 1 1 1 0.043083
9 110.02 129.03 1 2 2 4 0 0.18693
9 69.854 99.217 1 4 1 2 0 0.041704
9 79.562 79.509 1 3 3 1 0 0.043393
9 105.37 62.352 1 2 3 3 1 0.29921
9 125.05 99.471 1 2 4 4 1 0.73149
9 90.49 90.771 1 1 1 1 1 0.57118
9 140.93 83.272 1 2 4 1 0 0.68097
9 110.45 128.43 1 1 2 2 1 1.0508
9 97.064 60.284 1 4 3 1 0 0.79432
9 112.1 90.087 1 1 4 4 1 0.66704
9 91.665 129.79 1 2 2 1 0 0.37882
9 131.21 122.03 1 2 4 2 0 1.2269
9 68.49 100.38 1 1 1 1 1 0.32955
9 101.55 85.011 1 1 3 4 0 0.34659
9 91.562 71.13 1 2 3 1 0 0.69901
9 116.82 91.335 1 4 3 2 0 0.23506
9 104.87 128.24 1 2 2 4 0 0.31844
9 104.77 137.2 1 1 2 1 0 1.4221
9 103.9 52.984 1 3 3 3 1 0.19059
9 132.73 92.579 1 1 4 2 0 0.25163
9 63.482 91.567 1 4 1 4 0 0.47414
9 104.24 138.9 1 2 2 2 1 0.26658
9 84.963 129.49 1 2 2 1 0 0.50727
9 129.28 110.85 1 4 4 3 0 0.21837
9 127.71 94.534 1 3 4 4 1 0.25009
9 122.82 101.77 1 2 4 4 1 0.77879
9 64.013 119.66 1 2 1 1 1 0.63416
9 80.524 83.775 1 3 3 1 0 0.69727
9 94.916 127.7 1 2 2 3 0 0.80968
