1 124.8 92.44 1 1 4 1 0 1.6319
1 78.076 96.265 1 4 1 2 0 1.0659
1 108.36 74.954 1 1 3 4 0 1.4933
1 97.504 109.72 1 3 2 2 1 1.0162
1 100.26 126.58 1 2 2 2 1 1.0637
1 95.636 122.01 1 4 2 2 1 0.71172
1 97.803 130.48 1 2 2 2 1 0.64516
1 135.9 87.263 1 2 4 4 1 0.82638
1 49.067 104.17 1 3 1 1 1 0.9789
1 100.19 132.46 1 2 2 2 1 0.7577
1 67.719 92.352 1 1 1 3 0 1.3048
1 77.043 103.02 1 4 1 2 0 0.76308
1 65.483 111.99 1 1 1 1 1 0.50144
1 129.64 91.975 1 2 4 4 1 0.85498
1 71.147 98.665 1 3 1 2 0 1.9401
1 111.85 115.57 1 1 2 2 1 0.75253
1 114.29 103.67 1 4 4 2 0 0.55623
1 109.19 138.07 1 3 2 2 1 0.98512
1 108.16 121.17 1 2 2 4 0 0.8865
1 79.388 101.95 1 4 1 1 1 0.92106
1 137.35 113.99 1 4 4 4 1 1.1493
1 101.3 118.25 1 2 2 2 1 0.74369
1 135.48 103.1 1 2 4 4 1 0.73085
1 124.62 98.248 1 2 4 4 1 0.61041
1 70.057 97.824 1 2 1 1 1 0.69276
1 99.777 123.8 1 3 2 2 1 0.62063
1 73.271 112.19 1 1 1 1 1 0.63172
1 64.441 99.62 1 3 1 1 1 0.584
1 138.1 78.635 1 1 4 4 1 0.41635
1 97.37 74.791 1 2 3 4 0 0.91777
1 83.097 99.69 1 1 1 3 0 0.49238
1 126.81 79.395 1 2 4 4 1 0.58654
1 138.16 109.2 1 4 4 4 1 0.57848
1 105.84 59.327 1 2 3 4 0 0.58246
1 105.39 122.35 1 4 2 2 1 1.2898
1 80.514 110.94 1 2 1 1 1 0.87367
1 85.51 78.382 1 3 3 1 0 1.3734
1 111.42 105.79 1 3 4 4 1 0.67326
1 82.728 60.788 1 4 3 4 0 1.0938
1 67.377 101.21 1 2 1 1 1 1.0885
1 111.32 66.94 1 4 3 4 0 0.89236
1 132.47 91.274 1 4 4 4 1 0.68728
1 101.93 124.92 1 3 2 2 1 0.81412
1 100.66 138.95 1 1 2 2 1 0.79665
1 108.59 150 1 3 2 2 1 0.9606
1 87.493 102.65 1 4 1 2 0 0.87988
1 78.451 105.19 1 3 1 1 1 1.2485
1 118.36 111.64 1 3 4 4 1 1.2145
1 143.47 104.91 1 3 4 4 1 0.68709
1 75.224 88.377 1 3 1 1 1 0.84775
1 95.081 129.76 1 2 2 2 1 0.76824
1 94.17 78.633 1 1 3 2 0 0.92558
1 100.45 75.41 1 4 3 4 0 1.055
1 137.08 110.12 1 1 4 4 1 0.73293
1 103.49 123.83 1 3 2 2 1 1.1508
1 99.874 116.05 1 2 2 2 1 1.1177
1 94.439 74.619 1 2 3 4 0 1.5663
1 102.03 55.27 1 1 3 2 0 0.97616
1 96.095 76.707 1 3 3 2 0 1.1818
1 136.37 93.27 1 2 4 4 1 0.84655
1 91.842 58.59 1 3 3 3 1 0.77975
1 131.82 93.131 1 1 4 4 1 1.5359
1 81.331 81.853 1 1 1 3 0 0.6065
1 105.35 62.113 1 2 3 3 1 0.91216
1 130.46 86.239 1 1 4 4 1 0.97466
1 79.921 80.143 1 1 1 3 0 1.1647
1 74.406 94.873 1 2 1 1 1 1.4067
1 150.2 102.4 1 4 4 4 1 1.1199
1 138.91 109.03 1 3 4 4 1 0.78097
1 56.719 111.46 1 2 1 1 1 0.8309
1 67.055 109.5 1 3 1 1 1 1.0402
1 96.222 119.36 1 2 2 2 1 0.83086
1 103.8 134.02 1 3 2 2 1 0.97662
1 96.639 63.931 1 1 3 4 0 1.1194
1 58.433 101.94 1 2 1 1 1 0.75016
1 88.46 132.35 1 1 2 2 1 0.62385
1 95.087 138.82 1 3 2 2 1 1.0336
1 100.28 82.642 1 1 3 4 0 0.87869
1 105.29 110.19 1 4 2 2 1 1.04
1 125.42 88.357 1 1 4 4 1 0.97513
1 78.156 106.16 1 3 1 3 0 0.57595
1 110.47 86.667 1 2 3 2 0 0.73303
1 95.503 80.539 1 3 3 4 0 0.63891
1 135.92 94.174 1 4 4 4 1 0.65261
1 68.92 110.38 1 1 1 2 0 1.3107
1 96.006 70.31 1 2 3 3 1 1.7432
1 103.04 133.76 1 3 2 2 1 1.192
1 84.233 137.95 1 1 2 2 1 1.2472
1 130.11 92.592 1 4 4 4 1 1.0229
1 114.2 77.146 1 1 3 4 0 0.81409
1 100.23 73.765 1 1 3 3 1 1.5986
1 113.19 81.538 1 4 4 3 0 0.55633
1 88.727 138.52 1 3 2 2 1 0.95867
1 92.034 75.207 1 3 3 3 1 0.81316
1 103.29 76.818 1 2 3 3 1 1.0718
1 84.668 102.75 1 3 1 2 0 1.3757
1 132.97 97.663 1 1 4 4 1 0.6226
1 107.66 76.983 1 4 3 4 0 0.64002
1 79.896 81.103 1 1 3 3 1 0.39822
1 123.59 90.996 1 4 3 4 0 0.81336
2 83.847 132.18 1 3 2 1 0 1.1679
2 73.556 72.203 1 1 3 2 0 0.82041
2 86.386 114.75 1 4 1 3 0 0.57614
2 125.36 108.83 1 4 4 4 1 0.28635
2 81.98 108.69 1 1 1 2 0 0.79662
2 74.453 101.68 1 2 1 1 1 0.7364
2 84.364 77.564 1 3 3 3 1 1.1661
2 127.04 102.53 1 1 4 2 0 0.63652
2 109.99 128.71 1 3 2 4 0 0.52605
2 137.4 90.895 1 1 4 4 1 0.52589
2 86.84 95.028 1 1 3 3 1 1.2751
2 127.81 85.974 1 2 4 4 1 1.0231
2 92.918 131.84 1 2 2 2 1 0.78165
2 101.16 128.38 1 4 2 2 1 0.92628
2 86.087 61.63 1 4 3 3 1 0.68462
2 111.79 125.11 1 3 2 4 0 2.6048
2 100.29 72.427 1 4 3 3 1 0.89375
2 84.647 111.43 1 3 1 2 0 1.3894
2 70.846 89.233 1 1 1 1 1 0.52508
2 100.99 121.59 1 3 2 2 1 0.86327
2 80.038 101.41 1 4 1 2 0 1.4867
2 112.41 118.76 1 1 4 2 0 0.76569
2 114.07 154.31 1 2 2 4 0 0.62449
2 109.85 73.783 1 1 3 4 0 1.1811
2 88.839 138.9 1 2 2 2 1 0.8255
2 101.11 71.326 1 1 3 3 1 1.424
2 73.749 110.44 1 2 1 1 1 0.97213
2 77.572 109.99 1 4 1 3 0 1.4882
2 90.76 118.01 1 4 2 2 1 0.79769
2 136.8 115.45 1 4 4 4 1 0.7517
2 135.82 105.16 1 3 4 4 1 0.78227
2 80.363 107.58 1 4 1 2 0 1.9513
2 133.57 96.385 1 4 4 4 1 1.0375
2 71.102 89.31 1 3 1 2 0 1.5828
2 61.124 86.306 1 4 1 1 1 0.57048
2 111.52 115.14 1 1 2 2 1 0.89551
2 147.27 83.137 1 3 4 4 1 0.75142
2 78.088 134.84 1 2 2 2 1 0.67137
2 113.1 110.7 1 3 2 4 0 1.467
2 132.99 87.506 1 2 4 4 1 1.0871
2 116.97 92.084 1 2 4 2 0 1.6308
2 104.56 56.695 1 4 3 4 0 1.0244
2 64.365 104.84 1 2 1 1 1 0.79869
2 82.976 154.25 1 4 2 2 1 1.1351
2 109.08 102.43 1 3 4 2 0 1.4869
2 107.65 124.98 1 1 2 2 1 0.7828
2 126.18 107.62 1 4 4 3 0 1.4065
2 123.77 91.191 1 3 4 4 1 0.79751
2 120.24 105.37 1 1 4 4 1 1.1361
2 104.2 141.27 1 4 2 2 1 0.97407
2 98.245 120.49 1 1 2 2 1 0.876
2 96.491 75.548 1 1 3 3 1 1.2283
2 134.45 99.393 1 3 4 4 1 1.0861
2 124.87 94.913 1 4 4 3 0 0.76569
2 73.932 114.88 1 1 1 2 0 0.84502
2 76.242 107.64 1 3 1 1 1 0.75192
2 62.399 88.289 1 3 1 1 1 0.89347
2 128.1 100.78 1 2 4 3 0 1.2315
2 101.9 83.963 1 1 3 3 1 0.83041
2 82.452 94.309 1 4 1 3 0 2.4445
2 121.31 98.879 1 3 4 4 1 0.84467
2 91.087 110.36 1 2 2 2 1 1.2767
2 96.141 112.8 1 2 2 3 0 1.5176
2 102.96 73.328 1 3 3 3 1 0.76393
2 92.056 65.207 1 3 3 3 1 0.75224
2 126.49 92.918 1 2 4 4 1 1.6453
2 131.6 100.05 1 3 4 4 1 0.63835
2 98.409 50.535 1 3 3 3 1 1.8244
2 69.448 106.47 1 3 1 3 0 2.8158
2 104.9 118.62 1 3 2 3 0 1.3106
2 106.46 68.872 1 4 3 3 1 0.55852
2 87.314 64.028 1 4 3 3 1 0.59114
2 72.136 96.496 1 2 1 3 0 0.68553
2 102.16 55.752 1 4 3 3 1 0.5875
2 102.34 113.04 1 3 2 3 0 0.70001
2 105.56 113.27 1 1 2 2 1 0.51216
2 79.308 92.667 1 1 1 3 0 0.63614
2 136.2 109.88 1 4 4 4 1 1.2308
2 95.619 81.297 1 2 3 3 1 0.92771
2 88.576 154.71 1 3 2 2 1 0.65632
2 96.851 93.522 1 4 1 3 0 0.91218
2 103.79 74.408 1 2 3 2 0 0.47793
2 77.928 100.5 1 2 1 1 1 0.81578
2 105.35 58.085 1 4 3 3 1 0.67027
2 104.55 75.985 1 2 3 3 1 0.67189
2 105.24 69.674 1 2 3 3 1 1.1345
2 106.96 129.73 1 1 2 2 1 0.90939
2 75.227 96.213 1 4 1 1 1 1.9653
2 135.16 91.08 1 2 4 4 1 0.70203
2 89.249 78.622 1 1 3 3 1 0.87707
2 79.195 108.9 1 1 1 2 0 1.0541
2 140.56 95.906 1 1 4 4 1 0.75191
2 85.657 87.331 1 1 1 3 0 0.73466
2 121.92 85.312 1 2 4 4 1 0.62097
2 112.83 144.21 1 2 2 2 1 0.71779
2 101.83 65.421 1 3 3 3 1 0.7329
2 70.723 116.53 1 4 1 1 1 0.94296
2 114.53 61.526 1 3 3 3 1 0.7959
2 97.194 128.59 1 3 2 2 1 1.0082
2 99.136 69.971 1 2 3 3 1 1.7755
3 116.68 143.14 1 2 2 2 1 2.1759
3 76.579 100.09 1 2 1 1 1 1.1998
3 124.72 97.362 1 2 4 4 1 1.2309
3 99.281 114.32 1 2 2 2 1 0.98851
3 112.99 56.667 1 3 3 3 1 0.90944
3 87.361 68.211 1 3 3 3 1 1.0399
3 127.58 95.363 1 4 4 4 1 1.6623
3 133.32 99.716 1 2 4 4 1 0.68606
3 58.328 73.353 1 4 1 1 1 0.87942
3 79.951 141.1 1 2 2 2 1 0.70278
3 104.31 130.62 1 1 2 2 1 0.65433
3 100.31 142.8 1 1 2 2 1 0.67121
3 66.393 108.79 1 2 1 1 1 0.91036
3 106.94 67.181 1 4 3 3 1 1.2629
3 122.11 103.28 1 4 4 2 0 1.2471
3 133.69 86.174 1 1 4 4 1 0.67105
3 57.396 106.88 1 4 1 1 1 0.66473
3 129.27 80.77 1 3 4 4 1 0.98912
3 58.379 84.361 1 2 1 1 1 0.99061
3 67.26 96.275 1 2 1 1 1 0.5908
3 132.71 98.452 1 3 4 4 1 0.81464
3 92.592 132.06 1 1 2 2 1 0.79818
3 112.26 78.24 1 1 3 3 1 1.1179
3 62.847 102.1 1 2 1 1 1 0.58873
3 63.9 101.59 1 2 1 1 1 0.59086
3 96.13 74.53 1 1 3 3 1 1.4225
3 126.25 93.826 1 2 4 4 1 2.3663
3 98.189 128.34 1 4 2 2 1 0.71846
3 98.221 65.457 1 4 3 3 1 1.1357
3 116.75 95.248 1 1 4 4 1 1.4229
3 143.65 112.93 1 4 4 4 1 0.73645
3 105.91 134.84 1 2 2 2 1 2.1102
3 102.12 59.224 1 2 3 3 1 0.70067
3 78.534 135.86 1 3 2 1 0 1.3274
3 117.22 127.39 1 3 2 3 0 1.4681
3 113.03 96.023 1 2 4 3 0 0.78423
3 110.72 120.02 1 2 2 4 0 0.64007
3 89.896 132.19 1 4 2 3 0 1.6001
3 59.669 94.748 1 4 1 1 1 2.8937
3 136.68 89.393 1 4 4 4 1 0.8164
3 94.167 86.356 1 4 3 3 1 1.5518
3 110.59 67.354 1 1 3 3 1 0.75217
3 94.284 48.611 1 2 3 3 1 0.67065
3 121.8 103.95 1 2 4 4 1 1.3551
3 94.934 58.117 1 1 3 3 1 0.58864
3 110.07 62.644 1 4 3 3 1 0.60518
3 134.54 105.28 1 3 4 4 1 1.3604
3 71.185 108.26 1 1 1 1 1 0.65234
3 68.081 97.29 1 3 1 1 1 1.2626
3 79.587 92.389 1 3 1 1 1 0.8603
3 80.323 104.7 1 1 1 1 1 0.78449
3 96.455 124.97 1 1 2 3 0 1.1677
3 136.7 85.785 1 2 4 3 0 1.2324
3 95.194 94.826 1 3 3 2 0 1.7757
3 99.356 122.93 1 1 2 2 1 0.84689
3 110.61 128.72 1 4 2 2 1 0.78396
3 90.727 115.04 1 2 2 3 0 1.8845
3 109.89 115.34 1 3 2 4 0 1.6793
3 52.279 89.759 1 3 1 3 0 1.182
3 103.58 77.844 1 3 3 2 0 2.1275
3 125.5 91.716 1 2 4 4 1 0.97632
3 91.41 93.881 1 1 3 3 1 2.5751
3 94.597 82.411 1 2 3 3 1 2.4004
3 113.73 110.07 1 2 4 2 0 0.87995
3 68.797 98.916 1 3 1 3 0 1.0237
3 142.54 96.024 1 4 4 4 1 0.7032
3 134.9 112.82 1 3 4 4 1 0.66986
3 120.78 94.112 1 1 4 3 0 1.3283
3 88.911 106.9 1 2 1 3 0 0.70229
3 101.9 52.566 1 1 3 3 1 0.75289
3 105.67 73.16 1 1 3 3 1 0.63976
3 85.758 122.92 1 3 2 2 1 0.84689
3 94.993 68.6 1 4 3 3 1 0.57623
3 103.82 160.68 1 1 2 2 1 0.81328
3 91.876 91.165 1 4 1 3 0 0.78366
3 78.275 98.073 1 2 1 2 0 0.63591
3 117.36 99.67 1 2 4 2 0 1.3915
3 90.263 82.881 1 2 3 3 1 0.91197
3 74.279 93.98 1 2 1 1 1 1.07
3 127.38 98.414 1 2 4 4 1 1.1178
3 93.355 104.98 1 4 1 3 0 2.5262
3 149.08 86.517 1 4 4 4 1 0.70341
3 145.51 105.09 1 2 4 4 1 0.60777
3 90.995 70.212 1 4 3 3 1 1.0082
3 85.173 84.335 1 1 1 3 0 0.60516
3 107.34 146.03 1 2 2 2 1 0.83246
3 123.62 140.58 1 1 2 2 1 1.471
3 93.416 96.683 1 2 1 3 0 0.99155
3 77.33 102.76 1 2 1 3 0 0.91242
3 90.796 75.564 1 3 3 3 1 0.76618
3 51.438 108.53 1 2 1 1 1 0.79727
3 87.743 121.71 1 1 2 2 1 1.1201
3 105.22 124.71 1 2 2 4 0 1.3584
3 104.09 67.894 1 4 3 4 0 0.62448
3 96.553 70.742 1 2 3 3 1 0.4944
3 97.429 121.92 1 4 2 2 1 0.86393
3 112.9 126.84 1 3 2 2 1 1.136
3 107.42 77.578 1 3 3 3 1 4.0317
3 119.21 107.17 1 3 4 3 0 1.0065
3 64.23 102.61 1 1 1 1 1 1.3262
4 99.04 118.42 0 4 2 3 0 3.1039
4 98.299 66.622 0 3 3 3 1 1.2143
4 108.91 79.36 0 4 3 4 0 1.5642
4 105.96 87.726 0 4 3 4 0 1.47
4 107.5 121.61 0 3 2 4 0 1.9837
4 100.68 135.61 0 4 2 2 1 0.49451
4 95.06 146.43 0 1 2 2 1 1.4365
4 65.58 106.67 0 1 1 1 1 0.68662
4 92.524 112.37 0 3 2 3 0 0.70121
4 98.021 135.47 0 2 2 3 0 1.6949
4 148.4 105.74 0 3 4 4 1 0.65423
4 95.772 76.385 0 4 3 3 1 1.0556
4 95.911 133.08 0 2 2 2 1 1.3745
4 129.33 121.82 0 4 4 4 1 0.70366
4 114.54 65.252 0 3 3 3 1 0.79638
4 79.913 104.87 0 4 1 3 0 1.6451
4 74.106 102.73 0 4 1 3 0 0.7503
4 69.777 107.51 0 1 1 2 0 0.82836
4 65.666 89.518 0 1 1 1 1 1.2139
4 107.49 144.64 0 3 2 2 1 1.3745
4 91.515 109.53 0 1 2 3 0 1.2468
4 94.721 105.78 0 2 2 3 0 0.79903
4 91.393 137.11 0 3 2 2 1 0.5759
4 84.064 104.13 0 2 1 1 1 0.14375
4 114.94 130.41 0 1 2 4 0 0.68731
4 106.83 93.879 0 2 4 3 0 0.46249
4 110.89 77.799 0 1 3 4 0 1.6636
4 137.43 97.095 0 2 4 4 1 0.98877
4 104.87 112.12 0 4 2 3 0 0.95895
4 115.5 102.46 0 3 4 2 0 0.27035
4 99.892 122.91 0 3 2 2 1 0.86095
4 88.994 55.479 0 1 3 2 0 1.3283
4 77.293 99.987 0 2 1 2 0 0.79809
4 77.029 88.631 0 2 1 2 0 0.91018
4 87.404 103.16 0 1 1 2 0 1.1974
4 108.83 89.459 0 3 3 3 1 0.76452
4 109.25 147.88 0 4 2 3 0 1.3093
4 133.99 82.461 0 1 4 4 1 1.246
4 106.63 68.216 0 3 3 2 0 1.6288
4 129.66 100.8 0 3 4 4 1 0.60835
4 75.915 124.97 0 1 1 3 0 0.33465
4 99.229 138.82 0 3 2 4 0 1.3733
4 85.261 84.46 0 3 1 3 0 1.0869
4 93.272 118.26 0 1 2 2 1 1.4073
4 134.65 106.72 0 4 4 4 1 2.6359
4 92.87 115.4 0 4 2 2 1 1.999
4 129.41 107.43 0 4 4 3 0 0.84653
4 75.961 119.52 0 4 1 1 1 1.2143
4 110.47 121.21 0 2 2 2 1 1.9359
4 101.91 68.71 0 2 3 2 0 1.7891
4 103.58 78.518 0 1 3 2 0 0.71789
4 115.63 88.531 0 1 3 4 0 0.54303
4 102.92 122.09 0 2 2 3 0 0.6077
4 90.591 64.502 0 2 1 4 0 0.94052
4 140.28 107.07 0 1 4 4 1 0.048326
4 69.509 113.49 0 3 1 2 0 0.047729
4 118 110.77 0 1 4 3 0 0.19172
4 123.16 86.321 0 4 3 1 0 0.2402
4 143.86 102.71 0 4 4 4 1 0.095578
4 103.74 91.348 0 2 4 3 0 1.6473
4 126.18 99.77 0 3 4 2 0 0.079622
4 75.862 108.55 0 4 1 3 0 0.14382
4 101.77 60.413 0 3 3 1 0 0.20927
4 107.58 141.28 0 4 2 4 0 0.30386
4 104.68 56.501 0 2 3 3 1 1.0399
4 73.33 105.79 0 1 1 2 0 0.080175
4 66.173 98.415 0 3 1 3 0 0.23673
4 119.7 106.13 0 3 4 3 0 0.73324
4 96.142 70.835 0 1 3 3 1 0.63759
4 121.82 81.2 0 1 4 2 0 0.71983
4 67.46 105.32 0 1 1 1 1 1.2936
4 104.3 71.17 0 4 3 4 0 0.20701
4 81.367 54.044 0 3 3 3 1 1.5501
4 108.88 128.95 0 1 2 2 1 0.92688
4 72.976 91.851 0 4 1 3 0 1.9839
4 111.29 71.945 0 1 3 4 0 0.25471
4 141.16 118.94 0 1 4 4 1 0.54127
4 116.02 54.02 0 4 3 3 1 0.97323
4 63.01 111.55 0 3 1 2 0 0.031484
4 136.55 103.78 0 2 4 3 0 0.14411
4 74.269 85.795 0 1 1 4 0 1.0081
4 116.12 104.15 0 2 4 4 1 0.99924
4 63.269 104.28 0 1 1 3 0 0.12688
4 89.671 66.716 0 4 3 2 0 0.015249
4 107.76 101.61 0 2 4 2 0 0.28535
4 88.697 141.36 0 3 2 2 1 0.81607
4 81.135 85.89 0 3 1 3 0 0.22114
4 120.12 97.778 0 4 4 4 1 0.079583
4 129.21 95.301 0 2 4 4 1 0.15693
4 126.72 117.5 0 4 4 4 1 1.2148
4 110.72 116.09 0 3 2 3 0 1.1995
4 80.444 103.32 0 4 1 2 0 1.039
4 132.66 101.59 0 2 4 4 1 1.0043
4 93.391 63.324 0 2 3 3 1 0.36495
4 116.84 79.516 0 3 3 1 0 0.015132
4 63.841 99.981 0 2 1 4 0 0.15521
4 107.49 124.27 0 3 2 1 0 0.014037
4 108.45 68.655 0 2 3 4 0 0.015562
4 107.27 82.169 0 1 3 1 0 0.076613
4 116.93 101.92 0 2 4 1 0 0.59051
5 109 126.84 0 4 2 3 0 0.3359
5 131.72 99.714 0 3 4 4 1 0.30293
5 60.554 97.491 0 3 1 3 0 0.013887
5 103.06 66.627 0 2 3 1 0 0.048444
5 95.969 62.936 0 4 3 4 0 0.17354
5 55.679 110.52 0 2 1 4 0 0.20439
5 97.225 74.907 0 2 3 3 1 0.28616
5 132.52 79.367 0 3 4 1 0 0.31828
5 120.26 88.827 0 3 4 3 0 0.41321
5 126.13 115.08 0 1 4 4 1 0.33631
5 79.833 109.31 0 4 1 1 1 0.23876
5 146.64 104.11 0 3 4 1 0 0.17327
5 92.722 150.37 0 1 2 1 0 0.012368
5 122.17 87.285 0 1 4 1 0 0.045824
5 127.1 108.36 0 3 4 1 0 0.25551
5 125.38 93.662 0 2 4 1 0 0.012705
5 53.26 97.652 0 2 1 2 0 0.27103
5 96.667 66.656 0 3 3 4 0 0.51136
5 68.59 111.24 0 2 1 1 1 0.094155
5 93.811 81.911 0 2 3 4 0 0.11011
5 144.12 106.39 0 4 4 2 0 0.28596
5 77.056 105.17 0 4 1 4 0 0.40007
5 76.309 94.566 0 3 1 3 0 0.094398
5 95.532 124.7 0 3 2 2 1 0.063322
5 94.904 108.78 0 1 2 1 0 0.22369
5 118.33 94.643 0 4 4 2 0 0.15841
5 103.35 81.916 0 1 3 4 0 0.28573
5 80.033 125.03 0 2 2 3 0 0.094914
5 98.018 84.376 0 1 3 1 0 0.2229
5 78.163 109.64 0 4 1 2 0 0.25198
5 100.57 59.036 0 1 3 2 0 0.15867
5 99.532 110.29 0 2 2 2 1 0.25543
5 122.05 99.856 0 4 4 2 0 0.12594
5 81.66 102.4 0 4 1 1 1 0.016058
5 110.27 135.74 0 3 2 1 0 0.33174
5 60.351 114.31 0 1 1 1 1 0.33603
5 63.64 102.47 0 1 1 1 1 0.25463
5 91.698 118.62 0 3 2 1 0 0.03168
5 102.66 124.97 0 2 2 2 1 0.26836
5 83.511 127.5 0 3 2 1 0 0.87807
5 123.32 82.92 0 3 3 1 0 0.1734
5 103.42 75.886 0 1 3 1 0 0.30372
5 96.492 64.001 0 4 3 1 0 0.098474
5 118.59 107.79 0 2 2 1 0 0.25541
5 109.41 86.605 0 4 3 2 0 0.048135
5 119.94 80.981 0 3 3 2 0 0.20801
5 99.578 137.41 0 3 2 3 0 0.15667
5 63.436 97.967 0 4 1 1 1 0.078622
5 133.38 95.12 0 4 4 1 0 0.17572
5 71.745 107.37 0 4 1 4 0 0.23978
5 98.029 119 0 3 2 4 0 0.08009
5 119.67 98.963 0 1 4 2 0 0.06336
5 116.24 104.32 0 1 4 1 0 0.14142
5 101.17 119.29 0 4 2 2 1 0.047756
5 94.577 65.346 0 4 3 1 0 0.25376
5 104.46 125.87 0 3 2 2 1 0.15978
5 133.28 109.73 0 1 4 1 0 0.10985
5 136.66 105.03 0 1 4 4 1 0.077659
5 69.682 91.355 0 4 1 2 0 0.17545
5 150.63 101.2 0 2 4 3 0 0.062064
5 68.809 92.921 0 2 1 3 0 0.19051
5 86.379 114.45 0 1 1 2 0 0.043521
5 95.711 96.621 0 4 1 1 1 0.092672
5 84.914 90.149 0 1 3 2 0 0.063871
5 131.21 109.65 0 4 4 1 0 0.22188
5 123.59 102.76 0 2 4 2 0 0.47861
5 126.28 83.819 0 3 4 2 0 0.6855
5 75.862 81.326 0 3 1 2 0 0.15929
5 93.03 127.92 0 3 2 1 0 0.15726
5 103.92 117.37 0 2 2 2 1 0.093945
5 98.872 73.991 0 3 3 1 0 0.17451
5 94.552 61.334 0 1 3 2 0 0.28453
5 90.435 136.37 0 1 2 1 0 0.27176
5 135.28 131.47 0 3 4 1 0 0.061299
5 79.825 110.03 0 3 1 1 1 0.029756
5 100.45 55.048 0 4 3 2 0 0.028559
5 142.53 91.584 0 4 4 2 0 0.10902
5 110.42 97.203 0 2 4 1 0 0.17328
5 117.04 134.52 0 4 2 3 0 0.10827
5 63.495 112.71 0 1 1 1 1 0.20755
5 107.88 133.45 0 4 2 2 1 0.015616
5 89.375 80.253 0 2 3 1 0 0.25608
5 90.777 75.458 0 4 3 3 1 0.014716
5 65.574 101.79 0 4 1 1 1 0.20629
5 116.61 107.64 0 3 4 3 0 0.11154
5 103.78 117.24 0 4 2 1 0 0.38024
5 106.2 62.128 0 1 3 2 0 0.19065
5 42.798 98.786 0 2 1 1 1 3.884
5 64.178 95.854 0 1 1 2 0 0.14046
5 90.661 114.79 0 3 2 1 0 0.015476
5 101.47 116.34 0 3 2 1 0 0.27002
5 92.622 121.35 0 4 2 3 0 0.093746
5 138.93 102.89 0 1 4 3 0 0.045276
5 105.05 72.423 0 3 3 3 1 0.14265
5 83.244 87.235 0 1 3 1 0 0.54126
5 80.169 102.41 0 3 1 1 1 4.8282
5 74.12 99.144 0 1 1 2 0 0.2078
5 106.04 131.14 0 1 2 1 0 0.38272
5 101.42 66.018 0 3 3 2 0 0.26967
5 111.12 67.162 0 3 3 1 0 0.044233
6 72.087 111.01 0 3 1 1 1 0.81588
6 120.28 123.72 0 3 2 1 0 0.52702
6 100.73 116.58 0 3 2 1 0 0.79627
6 111.12 118.31 0 4 4 1 0 0.093418
6 123.04 92.771 0 4 4 3 0 0.045953
6 91.782 124.11 0 1 2 4 0 0.429
6 125.82 82.164 0 3 4 2 0 0.15741
6 71.365 100.47 0 4 1 1 1 1.6952
6 64.79 77.371 0 3 1 2 0 0.79629
6 61.808 120.11 0 4 1 2 0 0.28769
6 87.952 84.351 0 3 1 1 1 0.046722
6 111.72 105.18 0 1 4 1 0 0.092643
6 104.74 95.854 0 2 4 2 0 0.23772
6 98.642 67.085 0 3 3 2 0 0.10284
6 139.88 103.12 0 2 4 1 0 0.34807
6 97.391 130.76 0 3 2 4 0 3.7082
6 56.58 97.892 0 4 1 3 0 0.095893
6 105.49 142.37 0 3 2 2 1 0.51023
6 119.86 94.212 0 1 4 1 0 12.062
6 131.92 123.13 0 3 4 2 0 0.12565
6 105.67 113.86 0 4 2 3 0 5.9345
6 80.01 106.7 0 1 1 2 0 0.38276
6 77.858 103.26 0 3 1 4 0 0.28628
6 107.32 140.28 0 1 2 1 0 0.41308
6 101.76 128.04 0 2 2 1 0 0.22358
6 65.225 109.44 0 2 1 1 1 0.027808
6 131.93 115.75 0 1 4 3 0 0.11097
6 99.84 81.41 0 2 3 1 0 0.18734
6 104.76 75.866 0 4 3 4 0 0.2082
6 94.161 140.32 0 3 2 3 0 0.21939
6 81.446 97.614 0 4 1 3 0 0.4961
6 97.639 74.144 0 4 3 3 1 1.1493
6 65.882 90.463 0 4 1 2 0 0.50787
6 89.613 63.608 0 2 3 4 0 0.35053
6 91.959 81.369 0 3 3 3 1 0.10944
6 121.04 119.98 0 3 2 1 0 0.38031
6 133.66 106.89 0 3 4 1 0 0.38339
6 87.689 64.684 0 2 3 4 0 0.031322
6 91.988 65.829 0 2 3 2 0 0.70161
6 129.56 104.72 0 1 4 2 0 1.2145
6 116.47 89.716 0 2 4 2 0 1.3889
6 136.69 95.045 0 2 4 3 0 1.0366
6 102.05 85.178 0 4 3 3 1 0.28436
6 133.95 86.606 0 1 4 1 0 0.63739
6 93.668 67.523 0 1 3 2 0 0.042607
6 93.953 116.25 0 4 2 1 0 0.57303
6 113.3 55.992 0 3 3 1 0 0.30088
6 103.41 73.775 0 1 3 1 0 2.0769
6 98.031 85.915 0 2 3 2 0 0.49429
6 122.27 97.825 0 2 4 2 0 0.49198
6 133.64 103.47 0 4 4 2 0 0.18902
6 99.288 68.199 0 3 3 2 0 0.30163
6 104.43 118.43 0 1 2 2 1 0.38015
6 103.65 80.325 0 4 3 1 0 0.70242
6 85.629 129.72 0 4 2 2 1 0.029811
6 82.918 60.697 0 1 3 3 1 0.12364
6 68.218 104.29 0 1 1 2 0 0.36702
6 100.56 73.971 0 1 3 3 1 0.12625
6 76.533 94.493 0 4 1 1 1 0.3337
6 131.28 106.85 0 1 4 1 0 0.14292
6 106.33 61.389 0 2 3 1 0 0.25088
6 132.46 93.55 0 4 4 3 0 0.63919
6 73.609 100.08 0 1 1 1 1 0.046482
6 76.165 80.21 0 2 1 1 1 0.76288
6 115.87 77.242 0 3 3 2 0 0.74643
6 97.76 139.67 0 2 2 3 0 0.64529
6 88.565 90.106 0 1 1 3 0 0.58777
6 61.901 110.73 0 2 1 3 0 0.60521
6 90.988 115.65 0 3 2 3 0 0.1091
6 69.83 103.95 0 4 1 1 1 0.012257
6 124.48 113.37 0 2 4 2 0 0.061352
6 106.68 75.35 0 1 3 1 0 0.078648
6 129.5 98.678 0 1 4 1 0 0.12694
6 108.87 89.02 0 2 4 1 0 0.15724
6 89.205 134.14 0 3 2 3 0 0.20382
6 98.909 143.28 0 1 2 1 0 0.027522
6 138.79 110.53 0 4 4 1 0 0.061644
6 86.987 137.73 0 1 2 1 0 0.1419
6 110.69 65.784 0 1 3 1 0 0.13916
6 123.55 93.888 0 1 4 1 0 0.20284
6 54.54 100.59 0 3 1 1 1 0.14151
6 90.957 126.35 0 1 2 3 0 0.33348
6 94.481 130.18 0 4 2 2 1 0.013771
6 107.49 67.776 0 3 3 1 0 1.7739
6 107.7 80.542 0 4 3 1 0 0.52737
6 107.98 122.28 0 3 2 4 0 0.19695
6 94.558 127.32 0 2 2 2 1 0.079067
6 99.035 89.404 0 4 3 2 0 0.045367
6 76.811 106.37 0 2 1 3 0 2.6047
6 91.934 128.11 0 1 2 4 0 0.13877
6 70.959 107.6 0 2 1 2 0 0.1245
6 119.71 97.126 0 2 4 4 1 0.24525
6 71.068 87.646 0 1 1 4 0 0.59078
6 90.919 50.4 0 2 3 1 0 0.014653
6 86.198 132.76 0 3 2 1 0 0.078429
6 65.618 91.433 0 3 1 2 0 0.013725
6 81.771 111.11 0 4 1 2 0 0.1046
6 127.55 108.75 0 2 4 1 0 1.4698
6 71.973 116.23 0 1 1 2 0 0.1261
6 98.916 142.17 0 2 2 1 0 0.6213
7 118.45 107.25 1 1 4 4 1 1.2799
7 93.356 125.65 1 3 2 2 1 0.33153
7 114.9 101.9 1 3 4 3 0 0.41325
7 117.5 78.019 1 2 3 4 0 0.029033
7 101.83 70.986 1 3 3 4 0 0.18853
7 91.337 66.395 1 2 3 2 0 0.06035
7 136.74 101.5 1 1 4 1 0 0.19068
7 60.98 93.568 1 3 1 1 1 0.076839
7 69.965 86.568 1 4 1 3 0 0.18954
7 77.531 86.067 1 1 1 3 0 0.12492
7 92.905 122.1 1 3 2 2 1 0.075061
7 105.5 79.112 1 3 3 3 1 0.20407
7 97.348 129.19 1 1 2 1 0 0.20658
7 66.984 90.416 1 4 1 3 0 0.55793
7 118.19 104.74 1 4 4 1 0 0.060152
7 104.89 113.38 1 1 2 3 0 0.30072
7 66.948 106.22 1 4 1 2 0 0.06037
7 71.138 121.68 1 3 1 3 0 0.23534
7 121.1 94.577 1 4 4 2 0 0.012506
7 67.057 102.81 1 2 1 2 0 0.046041
7 64.475 77.533 1 4 1 1 1 0.17173
7 96.499 80.838 1 4 3 1 0 0.060501
7 123.18 102.5 1 4 4 1 0 0.22312
7 72.593 121.4 1 1 1 3 0 0.013147
7 101.55 83.49 1 2 3 3 1 1.0085
7 102.79 116.42 1 4 2 3 0 0.092139
7 107.91 64.381 1 1 3 4 0 2.4108
7 124.18 129.49 1 4 4 1 0 0.48733
7 127.27 101.29 1 2 4 1 0 0.22062
7 149.85 85.663 1 1 4 1 0 0.031434
7 75.413 94.694 1 1 1 2 0 2.2529
7 95.353 130.86 1 2 2 2 1 0.59004
7 105.35 81.111 1 3 3 2 0 1.9459
7 75.797 136.11 1 2 2 1 0 0.19108
7 137.08 98.541 1 2 4 4 1 0.18717
7 103.61 74.101 1 1 3 1 0 0.34882
7 113.65 134.47 1 4 2 4 0 0.26951
7 139.65 97.568 1 4 4 3 0 0.1586
7 94.408 49.697 1 2 3 3 1 0.57415
7 83.552 92.867 1 4 1 3 0 0.42987
7 91.971 124.15 1 3 2 4 0 0.4279
7 136.19 96.662 1 3 4 3 0 2.4267
7 103.5 142.9 1 4 2 1 0 0.6857
7 112.36 123.11 1 1 2 4 0 0.14155
7 109.23 139.79 1 2 2 2 1 0.094182
7 106.8 73.142 1 1 3 2 0 0.2524
7 107.71 136.73 1 3 2 2 1 0.17126
7 134.62 92.051 1 2 4 3 0 0.060177
7 80.613 64.8 1 1 3 3 1 0.14235
7 58.261 103.39 1 1 1 4 0 0.15536
7 65.786 99.051 1 1 1 3 0 2.9079
7 98.179 69.092 1 4 3 1 0 0.41226
7 100.12 137.38 1 3 2 3 0 6.3972
7 146.57 88.563 1 1 4 4 1 0.22129
7 71.871 91 1 1 1 3 0 11.388
7 66.681 92.02 1 3 1 1 1 0.15531
7 84.361 143.25 1 1 2 2 1 0.41455
7 95.99 78.373 1 2 3 3 1 1.7733
7 114.68 141.24 1 2 2 2 1 0.39695
7 106.55 94.586 1 4 4 2 0 0.98952
7 104.76 57.815 1 4 3 2 0 0.18882
7 115.33 116.76 1 3 2 3 0 4.1397
7 76.401 95.296 1 3 1 3 0 4.3168
7 92.969 69.134 1 3 3 3 1 0.87475
7 63.689 99.325 1 2 1 2 0 1.3251
7 67.513 120.72 1 2 1 1 1 0.015349
7 77.653 103.19 1 4 1 3 0 0.095046
7 121.5 110.05 1 3 4 1 0 0.223
7 136.03 94.356 1 2 4 2 0 0.34795
7 101.7 60.196 1 3 3 3 1 0.060829
7 94.301 69.413 1 2 3 1 0 3.2459
7 64.793 86.673 1 1 1 3 0 0.79528
7 103.57 102.01 1 4 2 2 1 0.20154
7 154.99 97.41 1 1 4 2 0 0.20698
7 104.84 64.581 1 3 3 2 0 0.39701
7 106.4 126.84 1 4 2 3 0 0.68572
7 56.686 103.6 1 3 1 2 0 0.22112
7 99.222 84.464 1 2 3 1 0 1.757
7 103.03 121.99 1 4 2 2 1 0.31295
7 122.53 84.582 1 1 4 2 0 0.029219
7 93.601 125.3 1 1 2 2 1 0.056539
7 124.48 113.5 1 1 4 3 0 0.2695
7 100.19 133.48 1 4 2 4 0 0.092193
7 107.17 132.04 1 3 2 1 0 0.47727
7 69.085 87.081 1 3 1 1 1 0.033426
7 109.02 110.12 1 2 4 1 0 0.44635
7 116.71 100.27 1 1 4 2 0 0.58771
7 109.42 76.845 1 3 3 2 0 0.15671
7 97.692 64.121 1 2 3 2 0 0.25383
7 65.272 109.84 1 1 1 1 1 0.90917
7 109.59 66.144 1 1 3 3 1 0.060118
7 136.64 100.6 1 4 4 1 0 0.20696
7 140.38 105.71 1 3 4 4 1 0.26343
7 62.668 107.74 1 3 1 2 0 0.17274
7 100.69 64.568 1 3 3 2 0 0.15849
7 107.85 71.129 1 4 3 2 0 0.20545
7 82.204 101.04 1 3 1 3 0 0.0599
7 98.577 125.95 1 1 2 4 0 0.17337
7 105.47 122.04 1 4 2 2 1 0.66875
7 121.21 99.186 1 4 4 1 0 0.33342
8 39.473 74.96 1 3 1 1 1 1.04
8 135.33 94.302 1 2 4 4 1 0.35097
8 54.726 102.95 1 3 1 2 0 0.15749
8 77.574 106.8 1 3 1 3 0 0.77996
8 125.76 107.77 1 2 4 2 0 0.39635
8 104.71 119.43 1 3 2 1 0 0.22221
8 74.093 102.45 1 3 1 3 0 7.0052
8 88.157 69.825 1 1 3 2 0 0.081181
8 118.28 134.39 1 3 2 4 0 1.4842
8 69.659 95.394 1 1 1 1 1 0.18995
8 120.98 109.66 1 3 4 1 0 48.509
8 101.51 136.75 1 3 2 4 0 0.71178
8 71 111.16 1 3 1 2 0 0.55696
8 101.59 128.67 1 3 2 2 1 0.3368
8 57.944 87.101 1 3 1 2 0 0.73306
8 95.849 76.65 1 3 3 1 0 0.2558
8 88.689 98.299 1 4 1 3 0 0.1552
8 123.6 102.77 1 1 4 1 0 0.28677
8 136.27 109.16 1 1 4 2 0 0.36793
8 102.56 50.881 1 4 3 3 1 0.030231
8 117.85 104.56 1 2 4 2 0 3.885
8 90.24 128.23 1 2 2 1 0 7.084
8 121.88 109.92 1 1 4 2 0 0.21978
8 93.065 64.704 1 1 3 4 0 0.15791
8 108.67 117.67 1 3 2 2 1 0.30284
8 63.81 110.56 1 2 1 2 0 0.19037
8 113.2 100.19 1 1 4 2 0 0.1718
8 102.15 115.69 1 1 4 1 0 0.043375
8 99.869 69.579 1 4 3 4 0 1.1468
8 88.952 121.92 1 4 2 4 0 0.093937
8 87.138 149.74 1 2 2 3 0 8.492
8 85.896 100.23 1 1 1 1 1 1.0534
8 75.503 120.2 1 1 1 1 1 0.18962
8 104.93 74.325 1 1 3 1 0 0.31878
8 111.85 106.14 1 4 4 2 0 0.19108
8 66.881 103.13 1 1 1 2 0 0.03073
8 131.56 93.748 1 4 4 1 0 0.12393
8 103.29 70.961 1 4 3 4 0 0.13887
8 92.588 154.28 1 2 2 2 1 0.41576
8 56.413 94.264 1 2 1 1 1 0.10837
8 107.74 151.82 1 2 2 4 0 0.22038
8 98.277 121.06 1 4 2 4 0 0.12356
8 94.348 71.337 1 1 3 1 0 0.077748
8 64.871 105.03 1 3 1 4 0 0.030572
8 127.71 107.19 1 4 4 2 0 0.045604
8 88.072 90.552 1 3 3 4 0 0.11038
8 101.38 73.017 1 2 3 3 1 0.1903
8 103.32 134.06 1 2 2 3 0 0.39497
8 66.167 70.699 1 3 1 1 1 0.20446
8 74.84 110.41 1 3 1 3 0 0.15953
8 97.858 128.19 1 2 2 3 0 0.20595
8 124.01 108.19 1 3 4 3 0 0.093659
8 82.785 71.596 1 1 3 4 0 0.22181
8 128.97 121.71 1 2 4 1 0 0.52604
8 95.479 69.394 1 4 3 2 0 0.2277
8 100.41 124.77 1 4 2 2 1 0.17494
8 97.072 123.33 1 2 2 2 1 0.14199
8 102.26 91.893 1 4 3 2 0 0.34803
8 95.039 77.257 1 1 3 1 0 0.11096
8 91.631 131.59 1 4 2 1 0 0.20674
8 124.5 100.25 1 4 4 2 0 0.22207
8 103.37 147.21 1 1 2 4 0 0.81266
8 71.812 78.352 1 2 1 4 0 0.14356
8 88.929 109.56 1 2 2 2 1 0.25526
8 117.2 70.548 1 2 3 3 1 0.15697
8 111.17 126.9 1 2 2 2 1 0.20599
8 87.327 119.11 1 1 2 1 0 0.06113
8 93.178 65.476 1 1 3 2 0 0.22189
8 67.698 96.766 1 1 1 1 1 0.063985
8 96.998 144.9 1 3 2 1 0 0.11002
8 93.937 62.462 1 1 3 2 0 0.25508
8 131.37 96.305 1 1 4 1 0 0.17142
8 106.79 73.195 1 3 3 2 0 0.013191
8 122.33 91.673 1 1 4 4 1 0.7659
8 92.946 88.156 1 3 3 1 0 0.077591
8 87.703 99.619 1 2 1 3 0 0.030482
8 108.88 124.8 1 1 2 3 0 0.074765
8 70.185 112.66 1 2 1 1 1 0.27062
8 94.46 89.864 1 1 3 1 0 0.13971
8 108.76 66.537 1 1 3 2 0 0.062175
8 140.82 100.94 1 2 4 4 1 0.30256
8 140.14 112.93 1 4 4 2 0 0.1108
8 72.507 95.076 1 3 1 4 0 0.029796
8 128.04 100.7 1 2 4 2 0 0.12343
8 133.52 113.66 1 2 4 1 0 0.044456
8 104.98 107.99 1 4 2 3 0 0.029828
8 124.25 90.883 1 4 4 3 0 0.2224
8 98.016 72.591 1 1 3 1 0 0.043472
8 132.98 98.246 1 4 4 1 0 0.34958
8 53.133 82.592 1 3 1 4 0 0.02965
8 102.59 83.574 1 2 3 2 0 0.31721
8 89.956 64.863 1 2 3 2 0 0.2687
8 75.685 119.72 1 3 1 2 0 3.933
8 87.638 87.9 1 1 1 3 0 0.20629
8 113.39 91.561 1 4 4 4 1 0.23757
8 128.38 97.975 1 2 4 2 0 0.31716
8 86.696 51.709 1 1 3 2 0 0.17126
8 113.92 134.08 1 3 2 2 1 0.51043
8 106.93 125.34 1 4 2 4 0 0.20173
8 83.69 97.759 1 4 1 2 0 0.092528
9 74.121 97.48 1 2 1 1 1 0.73583
9 108.93 81.938 1 1 4 2 0 0.10796
9 104.77 137.2 1 4 2 2 1 0.059685
9 94.807 71.083 1 3 3 3 1 0.061344
9 101.69 71.413 1 2 3 3 1 0.045364
9 95.845 83.32 1 4 3 2 0 0.15685
9 127.92 108.38 1 4 4 4 1 0.34948
9 90.34 116.9 1 1 1 2 0 4.1396
9 101.08 80.825 1 4 3 2 0 2.7978
9 98.473 67.976 1 4 3 3 1 0.15397
9 137.8 100.42 1 2 4 3 0 0.012047
9 96.262 137.63 1 2 2 1 0 0.27022
9 85.609 129.03 1 3 2 4 0 2.5089
9 94.916 127.7 1 1 2 3 0 0.26731
9 110.45 128.43 1 4 2 2 1 0.29679
9 122.82 101.77 1 2 4 4 1 0.94103
9 129.02 91.02 1 4 4 1 0 0.23893
9 135.33 107.93 1 1 4 4 1 0.31646
9 110.02 129.03 1 3 2 4 0 0.26736
9 89.463 121.33 1 1 2 4 0 0.20499
9 80.145 103.81 1 2 1 2 0 0.10906
9 87.545 133.79 1 3 2 4 0 0.50932
9 124.09 118.91 1 4 4 4 1 0.1884
9 68.49 100.38 1 2 1 3 0 0.23747
9 70.98 97.498 1 2 1 2 0 0.1874
9 95.906 128.14 1 2 2 4 0 2.9741
9 79.562 79.509 1 1 3 4 0 5.4701
9 140.93 83.272 1 3 4 1 0 0.30264
9 143.61 95.96 1 4 4 4 1 9.9826
9 116.82 91.335 1 1 3 2 0 0.54184
9 122.11 98.63 1 1 4 2 0 7.0675
9 70.559 113.66 1 2 1 2 0 0.013133
9 88.909 58.429 1 4 3 4 0 0.027944
9 81.79 111.54 1 1 2 4 0 0.092151
9 74.074 99.646 1 2 1 3 0 17.39
9 98.53 129.25 1 4 2 2 1 0.3004
9 91.562 71.13 1 4 3 1 0 0.41433
9 63.482 91.567 1 3 1 3 0 0.075571
9 107.25 127.76 1 4 2 1 0 0.20338
9 80.524 83.775 1 4 3 3 1 0.21988
9 131.21 122.03 1 4 4 2 0 0.09333
9 71.674 104.66 1 3 1 1 1 0.060432
9 98.49 82.627 1 4 3 2 0 0.20442
9 104.24 138.9 1 4 2 1 0 0.061368
9 116.98 121.04 1 2 4 2 0 0.12611
9 77.996 133.37 1 1 2 1 0 0.14227
9 129.28 110.85 1 2 4 1 0 0.046422
9 113.07 114.09 1 3 2 2 1 0.093139
9 107.72 122.85 1 3 2 2 1 0.090969
9 105.36 117.7 1 3 2 1 0 0.059716
9 131.4 98.805 1 1 4 1 0 0.011448
9 76.145 86.468 1 2 1 2 0 0.17484
9 69.854 99.217 1 3 1 2 0 0.14159
9 64.013 119.66 1 1 1 2 0 0.077763
9 112.1 90.087 1 1 4 2 0 0.075447
9 139.57 102.71 1 2 4 2 0 0.12539
9 127.71 94.534 1 1 4 2 0 0.042884
9 101.55 85.011 1 2 3 2 0 0.10891
9 103.34 114.1 1 3 2 3 0 29.1
9 113.79 95.295 1 1 3 1 0 0.14023
9 64.865 97.452 1 3 1 3 0 0.3527
9 106.52 71.449 1 4 3 1 0 0.028196
9 132.73 92.579 1 1 4 3 0 0.12138
9 82.093 84.705 1 1 1 4 0 0.20208
9 73.671 95.878 1 2 1 2 0 0.075113
9 94.876 128.97 1 2 2 1 0 0.074702
9 106.31 69.963 1 4 3 1 0 0.34859
9 88.153 75.402 1 1 3 1 0 0.55931
9 69.114 108.52 1 4 1 1 1 0.2226
9 108.73 146.08 1 3 2 1 0 0.015083
9 70.798 95.527 1 3 1 1 1 0.12341
9 105.37 62.352 1 2 3 1 0 1.0674
9 103.9 52.984 1 4 3 3 1 0.061184
9 94.894 72.019 1 4 3 2 0 0.14186
9 100.29 72.852 1 3 3 2 0 0.028917
9 114.03 71.214 1 1 3 3 1 1.0192
9 90.921 64.416 1 2 3 4 0 0.5416
9 59.37 85.034 1 2 1 3 0 0.17241
9 64.7 97.217 1 4 1 2 0 0.39522
9 109.3 94.724 1 3 4 1 0 0.33348
9 97.064 60.284 1 4 3 2 0 0.33429
9 130.3 108.11 1 4 4 2 0 0.46236
9 125.02 87.037 1 4 4 1 0 0.3994
9 137.02 95.216 1 2 4 2 0 0.011735
9 64.004 91.564 1 2 1 2 0 0.23534
9 124.5 78.177 1 3 4 1 0 0.014256
9 84.963 129.49 1 3 2 3 0 1.6279
9 55.968 101.51 1 4 1 3 0 0.078037
9 90.49 90.771 1 4 1 1 1 0.26866
9 104.87 128.24 1 4 2 2 1 0.22198
9 95.81 77.826 1 3 3 1 0 0.1114
9 72.589 103.31 1 4 1 1 1 0.076178
9 125.05 99.471 1 1 4 2 0 0.11287
9 91.665 129.79 1 1 2 1 0 0.17314
9 119.77 117.65 1 1 2 1 0 0.077416
9 122.08 84.683 1 3 4 3 0 0.20605
9 73.17 85.193 1 2 1 2 0 0.12537
9 78.227 104.33 1 4 1 3 0 0.20127
9 115.03 82.638 1 4 3 1 0 0.20605
9 81.981 122.2 1 3 2 2 1 0.22265
