1 91.6975 118.6216 2 1 0 0 1.3599 0 1 0 0.0000 0.0000
1 105.3690 62.3515 3 2 0 0 1.1083 0 1 0 0.0000 0.0000
1 70.8464 89.2329 1 2 0 0 0.6440 0 1 0 0.0000 0.0000
1 107.7403 151.8154 2 1 0 0 0.0153 0 1 0 0.0000 0.0000
1 88.1528 75.4018 3 1 0 0 0.1765 0 1 0 0.0000 0.0000
1 95.8491 76.6500 3 2 0 0 0.7985 0 1 0 0.0000 0.0000
1 105.5620 113.2681 2 2 0 1 1.4592 1 1 0 0.0000 0.0000
1 125.3780 93.6617 4 1 0 0 0.4702 0 1 0 0.0000 0.0000
1 127.9187 108.3813 4 1 0 0 1.6983 0 1 0 0.0000 0.0000
1 105.2428 69.6735 3 1 0 0 0.0672 0 1 0 0.0000 0.0000
1 98.5767 125.9519 2 1 0 0 1.6773 0 1 0 0.0000 0.0000
1 94.7207 105.7847 2 1 0 0 0.7915 0 1 0 0.0000 0.0000
1 105.3890 122.3535 2 2 0 1 0.3449 1 1 0 0.0000 0.0000
1 81.3311 81.8530 1 1 0 1 0.2181 1 1 0 0.0000 0.0000
1 130.4596 86.2393 4 1 0 0 1.4203 0 1 0 0.0000 0.0000
1 88.6969 141.3633 2 1 0 0 0.8942 0 1 0 0.0000 0.0000
1 95.9689 62.9362 3 2 0 0 0.5163 0 1 0 0.0000 0.0000
1 95.7107 96.6214 1 2 0 0 1.9607 0 1 0 0.0000 0.0000
1 103.3680 147.2061 2 1 0 0 0.4395 0 1 0 0.0000 0.0000
1 145.5079 105.0925 4 1 0 0 0.4816 0 1 0 0.0000 0.0000
1 73.2713 112.1859 1 2 0 0 0.0897 0 1 0 0.0000 0.0000
1 116.6119 107.6445 4 2 0 0 1.7631 0 1 0 0.0000 0.0000
1 132.9935 87.5063 4 2 0 0 1.8102 0 1 0 0.0000 0.0000
1 108.6715 117.6680 2 1 0 0 1.6672 0 1 0 0.0000 0.0000
1 42.7977 98.7857 1 1 0 1 1.4208 1 1 0 0.0000 0.0000
1 75.8624 81.3255 1 1 0 1 1.7487 1 1 0 0.0000 0.0000
1 69.1136 108.5233 1 2 0 0 0.0933 0 1 0 0.0000 0.0000
1 133.5661 96.3853 4 2 0 0 1.6380 0 1 0 0.0000 0.0000
1 94.1610 140.3225 2 2 0 1 1.3721 1 1 0 0.0000 0.0000
1 111.7934 125.1150 2 1 0 0 1.6245 0 1 0 0.0000 0.0000
1 77.6529 103.1860 1 1 0 1 1.3731 1 1 0 0.0000 0.0000
1 100.2814 82.6420 3 1 0 0 0.3748 0 1 0 0.0000 0.0000
1 72.5890 103.3064 1 1 0 1 0.2972 1 1 0 0.0000 0.0000
1 75.6848 119.7178 1 2 0 0 1.9153 0 1 0 0.0000 0.0000
1 70.9591 107.6042 1 1 0 1 0.4784 1 1 0 0.0000 0.0000
1 87.3270 119.1106 2 2 0 1 1.2645 1 1 0 0.0000 0.0000
1 123.5913 90.9964 3 2 0 0 1.1552 0 1 0 0.0000 0.0000
1 94.2845 48.6109 3 2 0 0 1.8244 0 1 0 0.0000 0.0000
1 105.2905 110.1930 2 2 0 1 1.2674 1 1 0 0.0000 0.0000
1 69.0852 87.0812 1 2 0 0 0.9851 0 1 0 0.0000 0.0000
1 108.8308 89.4585 3 1 0 0 1.3501 0 1 0 0.0000 0.0000
1 99.8924 122.9074 2 1 0 0 1.5155 0 1 0 0.0000 0.0000
1 95.4788 69.3943 3 1 0 0 0.4445 0 1 0 0.0000 0.0000
1 122.1147 103.2817 4 1 0 0 1.9733 0 1 0 0.0000 0.0000
1 131.6035 100.0489 4 1 0 0 1.9572 0 1 0 0.0000 0.0000
1 83.5518 92.8667 1 2 0 0 1.0710 0 1 0 0.0000 0.0000
1 136.3717 93.2697 4 2 0 0 1.9554 0 1 0 0.0000 0.0000
1 125.0165 87.0374 4 2 0 0 0.9033 0 1 0 0.0000 0.0000
1 116.0171 54.0204 3 1 0 0 0.1143 0 1 0 0.0000 0.0000
1 94.4389 74.6188 3 2 0 0 1.3649 0 1 0 0.0000 0.0000
1 135.8998 87.2633 4 2 0 0 1.6883 0 1 0 0.0000 0.0000
1 63.8100 110.5574 1 2 0 0 1.7377 0 1 0 0.0000 0.0000
1 96.0948 76.7071 3 2 0 0 0.9200 0 1 0 0.0000 0.0000
1 80.6127 64.8003 3 1 0 0 1.6539 0 1 0 0.0000 0.0000
1 114.1970 77.1463 3 2 0 0 0.7051 0 1 0 0.0000 0.0000
1 99.8686 69.5788 3 1 0 0 0.7466 0 1 0 0.0000 0.0000
1 86.3785 114.4504 1 2 0 0 1.5101 0 1 0 0.0000 0.0000
1 75.2236 88.3775 1 2 0 0 0.5347 0 1 0 0.0000 0.0000
1 110.4528 128.4331 2 2 0 1 0.6798 1 1 0 0.0000 0.0000
1 100.4535 75.4099 3 1 0 0 1.3324 0 1 0 0.0000 0.0000
1 126.1796 107.6207 4 2 0 0 1.4089 0 1 0 0.0000 0.0000
1 103.8216 160.6784 2 1 0 0 1.0578 0 1 0 0.0000 0.0000
1 70.7232 116.5256 1 1 0 1 0.3918 1 1 0 0.0000 0.0000
1 129.4991 98.6783 4 2 0 0 1.0768 0 1 0 0.0000 0.0000
1 104.4554 125.8732 2 1 0 0 0.6913 0 1 0 0.0000 0.0000
1 90.9195 50.3999 3 1 0 0 0.3483 0 1 0 0.0000 0.0000
1 100.9880 121.5908 2 2 0 1 0.6799 1 1 0 0.0000 0.0000
1 82.9756 154.2510 2 1 0 0 0.6958 0 1 0 0.0000 0.0000
1 108.1576 121.1709 2 2 0 1 0.3178 1 1 0 0.0000 0.0000
1 82.4519 94.3090 1 1 0 1 0.0243 1 1 0 0.0000 0.0000
1 96.4913 75.5477 3 1 0 0 0.5787 0 1 0 0.0000 0.0000
1 89.8963 132.1882 2 1 0 0 1.4722 0 1 0 0.0000 0.0000
1 104.6776 56.5007 3 2 0 0 1.7889 0 1 0 0.0000 0.0000
1 88.6888 98.2993 1 2 0 0 0.5860 0 1 0 0.0000 0.0000
1 121.3137 98.8788 4 2 0 0 0.7597 0 1 0 0.0000 0.0000
1 107.8462 71.1292 3 1 0 0 1.9261 0 1 0 0.0000 0.0000
1 126.2479 93.8255 4 2 0 0 0.2940 0 1 0 0.0000 0.0000
1 147.2658 83.1370 4 1 0 0 0.7141 0 1 0 0.0000 0.0000
1 114.8966 101.9000 4 2 0 0 0.9099 0 1 0 0.0000 0.0000
1 75.9614 119.5233 1 1 0 1 0.6566 1 1 0 0.0000 0.0000
1 73.3303 105.7902 1 2 0 0 1.9070 0 1 0 0.0000 0.0000
1 91.0872 110.3567 2 1 0 0 0.6132 0 1 0 0.0000 0.0000
1 98.1793 69.0923 3 2 0 0 0.5102 0 1 0 0.0000 0.0000
1 74.1058 102.7346 1 2 0 0 1.4625 0 1 0 0.0000 0.0000
1 49.0672 104.1744 1 2 0 0 0.9554 0 1 0 0.0000 0.0000
1 114.5423 65.2524 3 1 0 0 0.9196 0 1 0 0.0000 0.0000
1 113.1897 81.5377 4 1 0 0 0.2888 0 1 0 0.0000 0.0000
1 127.0373 102.5313 4 1 0 0 0.9916 0 1 0 0.0000 0.0000
1 132.6607 101.5893 4 1 0 0 1.3192 0 1 0 0.0000 0.0000
1 79.9131 104.8711 1 2 0 0 0.4339 0 1 0 0.0000 0.0000
1 94.5770 65.3457 3 1 0 0 1.1402 0 1 0 0.0000 0.0000
1 141.1648 118.9442 4 1 0 0 1.3232 0 1 0 0.0000 0.0000
1 91.6651 129.7944 2 2 0 1 0.7975 1 1 0 0.0000 0.0000
1 135.9208 94.1744 4 2 0 0 0.4685 0 1 0 0.0000 0.0000
1 97.3913 130.7559 2 1 0 0 1.8307 0 1 0 0.0000 0.0000
1 90.2395 128.2253 2 2 0 1 1.8805 1 1 0 0.0000 0.0000
1 137.3987 90.8951 4 2 0 0 0.0191 0 1 0 0.0000 0.0000
1 107.9136 64.3814 3 2 0 0 1.4666 0 1 0 0.0000 0.0000
1 129.2654 80.7698 4 1 0 0 0.2445 0 1 0 0.0000 0.0000
1 70.0570 97.8239 1 2 0 0 0.6109 0 1 0 0.0000 0.0000
2 73.6712 95.8782 1 1 0 1 1.3614 1 1 0 0.0000 0.0000
2 102.1152 59.2238 3 2 0 0 1.0854 0 1 0 0.0000 0.0000
2 134.5390 105.2827 4 1 0 0 0.1164 0 1 0 0.0000 0.0000
2 135.3254 107.9271 4 1 0 0 0.8153 0 1 0 0.0000 0.0000
2 94.3484 71.3368 3 2 0 0 0.0902 0 1 0 0.0000 0.0000
2 100.1202 137.3844 2 1 0 0 1.8673 0 1 0 0.0000 0.0000
2 120.9845 109.6560 4 2 0 0 0.4155 0 1 0 0.0000 0.0000
2 87.7027 99.6187 1 2 0 0 1.3619 0 1 0 0.0000 0.0000
2 108.3587 74.9542 3 2 0 0 1.3749 0 1 0 0.0000 0.0000
2 63.6398 102.4741 1 1 0 1 0.0799 1 1 0 0.0000 0.0000
2 111.1157 67.1623 3 1 0 0 0.4247 0 1 0 0.0000 0.0000
2 88.9087 58.4290 3 1 0 0 1.3528 0 1 0 0.0000 0.0000
2 80.5136 110.9438 1 1 0 1 1.8105 1 1 0 0.0000 0.0000
2 124.5032 100.2541 4 1 0 0 1.0519 0 1 0 0.0000 0.0000
2 131.2149 122.0328 4 1 0 0 1.0035 0 1 0 0.0000 0.0000
2 134.6237 92.0509 4 2 0 0 0.9615 0 1 0 0.0000 0.0000
2 101.7649 128.0355 2 2 0 1 0.5500 1 1 0 0.0000 0.0000
2 117.3649 99.6703 4 2 0 0 1.9708 0 1 0 0.0000 0.0000
2 121.8793 109.9178 4 2 0 0 0.5058 0 1 0 0.0000 0.0000
2 109.0777 102.4331 4 2 0 0 0.5644 0 1 0 0.0000 0.0000
2 94.8941 72.0194 3 2 0 0 0.1928 0 1 0 0.0000 0.0000
2 138.9301 102.8864 4 2 0 0 0.5878 0 1 0 0.0000 0.0000
2 72.1357 96.4958 1 2 0 0 0.7065 0 1 0 0.0000 0.0000
2 96.1304 74.5303 3 2 0 0 0.2630 0 1 0 0.0000 0.0000
2 65.2718 109.8442 1 2 0 0 1.6718 0 1 0 0.0000 0.0000
2 98.2771 121.0598 2 2 0 1 1.4892 1 1 0 0.0000 0.0000
2 107.4919 124.2660 2 1 0 0 1.0485 0 1 0 0.0000 0.0000
2 63.4951 112.7103 1 1 0 1 1.9173 1 1 0 0.0000 0.0000
2 103.4156 75.8864 3 2 0 0 0.5784 0 1 0 0.0000 0.0000
2 112.2636 78.2404 3 1 0 0 1.6888 0 1 0 0.0000 0.0000
2 113.0291 96.0229 4 2 0 0 0.8227 0 1 0 0.0000 0.0000
2 56.5795 97.8917 1 2 0 0 0.1602 0 1 0 0.0000 0.0000
2 79.3083 92.6669 1 2 0 0 0.4909 0 1 0 0.0000 0.0000
2 76.5790 100.0855 1 1 0 1 0.1987 1 1 0 0.0000 0.0000
2 77.9282 100.4959 1 2 0 0 1.7038 0 1 0 0.0000 0.0000
2 134.6526 106.7230 4 1 0 0 1.1423 0 1 0 0.0000 0.0000
2 124.0902 118.9130 4 2 0 0 0.7679 0 1 0 0.0000 0.0000
2 101.1719 119.2859 2 1 0 0 1.2557 0 1 0 0.0000 0.0000
2 60.5538 97.4907 1 2 0 0 1.6801 0 1 0 0.0000 0.0000
2 96.2624 137.6255 2 1 0 0 1.9726 0 1 0 0.0000 0.0000
2 96.8514 93.5220 1 2 0 0 1.6563 0 1 0 0.0000 0.0000
2 113.7865 95.2948 3 1 0 0 1.4380 0 1 0 0.0000 0.0000
2 92.5923 132.0602 2 1 0 0 0.3433 0 1 0 0.0000 0.0000
2 69.4482 106.4665 1 2 0 0 0.3782 0 1 0 0.0000 0.0000
2 100.4068 124.7725 2 2 0 1 1.4930 1 1 0 0.0000 0.0000
2 81.9795 108.6904 1 2 0 0 0.8340 0 1 0 0.0000 0.0000
2 98.4903 82.6266 3 2 0 0 1.7490 0 1 0 0.0000 0.0000
2 107.9754 122.2757 2 2 0 1 1.6680 1 1 0 0.0000 0.0000
2 90.9880 115.6455 2 2 0 1 1.5079 1 1 0 0.0000 0.0000
2 95.0873 138.8186 2 1 0 0 1.9981 0 1 0 0.0000 0.0000
2 129.4118 107.4261 4 2 0 0 1.7368 0 1 0 0.0000 0.0000
2 116.8400 79.5157 3 2 0 0 0.2817 0 1 0 0.0000 0.0000
2 64.2303 102.6138 1 2 0 0 1.5671 0 1 0 0.0000 0.0000
2 68.4902 100.3769 1 1 0 1 0.7561 1 1 0 0.0000 0.0000
2 92.0560 65.2067 3 2 0 0 0.5646 0 1 0 0.0000 0.0000
2 103.7841 117.2437 2 1 0 0 1.2203 0 1 0 0.0000 0.0000
2 91.4105 93.8808 3 2 0 0 1.7713 0 1 0 0.0000 0.0000
2 80.3630 107.5832 1 1 0 1 1.1799 1 1 0 0.0000 0.0000
2 93.2724 118.2552 2 2 0 1 0.9896 1 1 0 0.0000 0.0000
2 69.9645 86.5683 1 1 0 1 1.0938 1 1 0 0.0000 0.0000
2 102.6554 124.9706 2 2 0 1 0.6228 1 1 0 0.0000 0.0000
2 89.4633 121.3259 2 2 0 1 0.6354 1 1 0 0.0000 0.0000
2 122.2716 97.8254 4 2 0 0 0.8065 0 1 0 0.0000 0.0000
2 108.7283 146.0765 2 1 0 0 0.5832 0 1 0 0.0000 0.0000
2 100.6615 138.9520 2 1 0 0 1.8520 0 1 0 0.0000 0.0000
2 132.9668 97.6630 4 2 0 0 1.3400 0 1 0 0.0000 0.0000
2 101.5544 85.0108 3 2 0 0 0.1937 0 1 0 0.0000 0.0000
2 87.4036 103.1563 1 1 0 1 1.0807 1 1 0 0.0000 0.0000
2 100.1946 133.4809 2 1 0 0 0.5834 0 1 0 0.0000 0.0000
2 108.7611 66.5369 3 2 0 0 0.7081 0 1 0 0.0000 0.0000
2 107.4894 67.7759 3 1 0 0 1.5800 0 1 0 0.0000 0.0000
2 79.8331 109.3147 1 1 0 1 1.8690 1 1 0 0.0000 0.0000
2 122.0531 99.8556 4 1 0 0 1.5816 0 1 0 0.0000 0.0000
2 105.4858 142.3728 2 1 0 0 0.1002 0 1 0 0.0000 0.0000
2 125.4167 88.3572 4 2 0 0 1.4785 0 1 0 0.0000 0.0000
2 101.4667 116.3394 2 1 0 0 1.7990 0 1 0 0.0000 0.0000
2 74.8396 110.4062 1 2 0 0 0.8040 0 1 0 0.0000 0.0000
2 67.0555 109.5032 1 2 0 0 0.6389 0 1 0 0.0000 0.0000
2 108.9303 81.9381 4 1 0 0 1.0969 0 1 0 0.0000 0.0000
2 84.9137 90.1487 3 2 0 0 0.5008 0 1 0 0.0000 0.0000
2 124.0074 108.1929 4 1 0 0 1.2400 0 1 0 0.0000 0.0000
2 116.9702 92.0839 4 1 0 0 0.0118 0 1 0 0.0000 0.0000
2 93.0651 64.7039 3 2 0 0 1.1175 0 1 0 0.0000 0.0000
2 95.8101 77.8261 3 1 0 0 0.6685 0 1 0 0.0000 0.0000
2 81.9811 122.2044 2 2 0 1 1.6771 1 1 0 0.0000 0.0000
2 56.4131 94.2644 1 1 0 1 0.6347 1 1 0 0.0000 0.0000
2 101.9040 83.9635 3 2 0 0 1.8928 0 1 0 0.0000 0.0000
2 95.5026 80.5391 3 2 0 0 0.4961 0 1 0 0.0000 0.0000
2 77.5743 106.8028 1 2 0 0 0.5991 0 1 0 0.0000 0.0000
2 135.1553 91.0800 4 1 0 0 1.9110 0 1 0 0.0000 0.0000
2 94.5523 61.3336 3 2 0 0 1.8464 0 1 0 0.0000 0.0000
2 102.1490 115.6918 4 2 0 0 0.7333 0 1 0 0.0000 0.0000
2 123.5472 93.8877 4 2 0 0 1.2991 0 1 0 0.0000 0.0000
2 106.3990 126.8403 2 1 0 0 0.7033 0 1 0 0.0000 0.0000
2 103.2879 70.9612 3 2 0 0 0.3338 0 1 0 0.0000 0.0000
2 87.5448 133.7851 2 2 0 1 0.5085 1 1 0 0.0000 0.0000
2 99.7772 123.8030 2 2 0 1 1.4569 1 1 0 0.0000 0.0000
2 95.9898 78.3730 3 2 0 0 0.5879 0 1 0 0.0000 0.0000
2 113.6511 134.4659 2 2 0 1 0.3440 1 1 0 0.0000 0.0000
2 121.8181 81.1996 4 2 0 0 1.7800 0 1 0 0.0000 0.0000
3 87.3606 68.2106 3 2 0 0 1.3532 0 1 0 0.0000 0.0000
3 127.7091 94.5345 4 1 0 0 0.1436 0 1 0 0.0000 0.0000
3 95.9064 128.1414 2 1 0 0 0.5818 0 1 0 0.0000 0.0000
3 74.0738 99.6458 1 2 0 0 1.1345 0 1 0 0.0000 0.0000
3 95.9106 133.0822 2 1 0 0 1.0349 0 1 0 0.0000 0.0000
3 116.8181 91.3350 3 2 0 0 0.1125 0 1 0 0.0000 0.0000
3 104.8673 128.2429 2 2 0 1 1.3035 1 1 0 0.0000 0.0000
3 115.6346 88.5311 3 2 0 0 0.1338 0 1 0 0.0000 0.0000
3 88.1573 69.8247 3 2 0 0 1.9440 0 1 0 0.0000 0.0000
3 113.7347 110.0741 4 1 0 0 1.9879 0 1 0 0.0000 0.0000
3 95.1936 94.8259 3 2 0 0 0.6324 0 1 0 0.0000 0.0000
3 105.8389 59.3266 3 2 0 0 1.3266 0 1 0 0.0000 0.0000
3 104.9014 118.6219 2 1 0 0 1.6072 0 1 0 0.0000 0.0000
3 75.8619 108.5506 1 2 0 0 0.1797 0 1 0 0.0000 0.0000
3 81.7898 111.5385 2 1 0 0 1.8588 0 1 0 0.0000 0.0000
3 131.5554 93.7477 4 1 0 0 1.6689 0 1 0 0.0000 0.0000
3 91.5616 71.1302 3 2 0 0 1.6626 0 1 0 0.0000 0.0000
3 103.6137 74.1008 3 2 0 0 1.8403 0 1 0 0.0000 0.0000
3 89.2050 134.1374 2 1 0 0 1.0405 0 1 0 0.0000 0.0000
3 53.2597 97.6524 1 2 0 0 1.7280 0 1 0 0.0000 0.0000
3 81.6602 102.3989 1 1 0 1 1.8460 1 1 0 0.0000 0.0000
3 137.4330 97.0950 4 2 0 0 1.6152 0 1 0 0.0000 0.0000
3 65.2252 109.4380 1 2 0 0 0.4200 0 1 0 0.0000 0.0000
3 93.8110 81.9111 3 1 0 0 0.3482 0 1 0 0.0000 0.0000
3 94.8763 128.9719 2 1 0 0 0.1958 0 1 0 0.0000 0.0000
3 107.5018 121.6098 2 2 0 1 1.1754 1 1 0 0.0000 0.0000
3 81.3666 54.0435 3 1 0 0 0.7707 0 1 0 0.0000 0.0000
3 94.9039 108.7768 2 1 0 0 1.5346 0 1 0 0.0000 0.0000
3 122.5304 84.5825 4 1 0 0 0.6592 0 1 0 0.0000 0.0000
3 136.5479 103.7805 4 1 0 0 0.6780 0 1 0 0.0000 0.0000
3 135.4754 103.0953 4 2 0 0 1.2552 0 1 0 0.0000 0.0000
3 113.3018 55.9921 3 1 0 0 0.4397 0 1 0 0.0000 0.0000
3 84.3642 77.5642 3 1 0 0 1.7412 0 1 0 0.0000 0.0000
3 111.1212 118.3085 4 2 0 0 1.1571 0 1 0 0.0000 0.0000
3 119.6989 106.1292 4 1 0 0 0.5736 0 1 0 0.0000 0.0000
3 85.6570 87.3307 1 1 0 1 1.7519 1 1 0 0.0000 0.0000
3 106.3064 69.9625 3 2 0 0 0.9158 0 1 0 0.0000 0.0000
3 69.5087 113.4943 1 1 0 1 0.0996 1 1 0 0.0000 0.0000
3 77.5715 109.9897 1 2 0 0 0.6969 0 1 0 0.0000 0.0000
3 64.0133 119.6554 1 2 0 0 0.3672 0 1 0 0.0000 0.0000
3 63.8414 99.9808 1 2 0 0 0.5808 0 1 0 0.0000 0.0000
3 92.7225 150.3744 2 2 0 1 0.1837 1 1 0 0.0000 0.0000
3 65.4832 111.9926 1 1 0 1 0.3839 1 1 0 0.0000 0.0000
3 131.2836 106.8547 4 1 0 0 0.6468 0 1 0 0.0000 0.0000
3 104.9786 107.9879 2 2 0 1 1.9608 1 1 0 0.0000 0.0000
3 71.8706 91.0002 1 2 0 0 0.2622 0 1 0 0.0000 0.0000
3 124.8026 92.4396 4 1 0 0 0.8820 0 1 0 0.0000 0.0000
3 140.1412 112.9269 4 1 0 0 0.7553 0 1 0 0.0000 0.0000
3 128.0954 100.7774 4 2 0 0 1.7418 0 1 0 0.0000 0.0000
3 87.1385 149.7429 2 1 0 0 0.3810 0 1 1 1.4793 1.0000
3 93.6683 67.5234 3 1 0 0 1.0350 0 1 0 0.3713 0.5000
3 132.4728 91.2742 4 1 0 0 1.8435 0 1 1 0.9474 0.6667
3 90.2632 82.8812 3 2 0 0 0.1214 0 1 1 0.3908 0.7500
3 98.2208 65.4573 3 2 0 0 0.1363 0 1 0 1.9238 0.6000
3 137.7972 100.4247 4 1 0 0 1.4550 0 1 0 1.4368 0.5000
3 86.1985 132.7623 2 2 0 1 0.6753 1 1 0 1.3442 0.4286
3 67.2599 96.2754 1 2 0 0 1.0255 0 1 0 0.1277 0.3750
3 110.5923 67.3542 3 1 0 0 1.6898 0 1 0 1.5851 0.3333
3 90.7274 115.0446 2 2 0 1 1.2786 1 1 0 0.4340 0.3000
3 103.0445 133.7577 2 2 0 1 0.7464 1 1 1 0.5478 0.3636
3 121.9180 85.3120 4 1 0 0 0.0010 0 1 1 1.3040 0.4167
3 68.2180 104.2906 1 2 0 0 0.9161 0 1 0 0.2662 0.3846
3 96.6394 63.9314 3 2 0 0 0.6006 0 1 1 0.9103 0.4286
3 129.2137 95.3005 4 1 0 0 0.2270 0 1 1 0.1474 0.4667
3 143.4742 104.9102 4 2 0 0 0.8157 0 1 0 1.1480 0.4375
3 77.0563 105.1720 1 1 0 1 1.7841 1 1 0 0.2367 0.4118
3 98.0211 135.4689 2 2 0 1 0.6064 1 1 0 1.1240 0.3889
3 121.7999 103.9522 4 1 0 0 0.6143 0 1 1 0.0463 0.4211
3 78.1565 106.1586 1 2 0 0 1.1574 0 1 0 1.3983 0.4000
3 79.5622 79.5091 3 2 0 0 0.8797 0 1 0 1.3977 0.3810
3 99.2293 138.8234 2 2 0 1 0.0456 1 1 0 0.9855 0.3636
3 61.8078 120.1106 1 1 0 1 1.5945 1 1 1 0.0982 0.3913
3 81.4458 97.6135 1 2 0 0 0.0663 0 1 1 1.1210 0.4167
3 109.2279 139.7944 2 2 0 1 0.6854 1 1 1 0.8186 0.4400
3 105.4727 122.0417 2 1 0 0 0.2394 0 1 1 1.4331 0.4615
3 124.5032 78.1772 4 1 0 0 0.5398 0 1 1 0.2449 0.4815
3 132.9753 98.2457 4 1 0 0 0.4080 0 1 1 1.8954 0.5000
3 97.6917 64.1212 3 1 0 0 1.5956 0 1 0 1.7690 0.4828
3 117.2242 127.3864 2 1 0 0 1.8296 0 1 0 0.8642 0.4667
3 65.6183 91.4331 1 1 0 1 1.7353 1 1 1 0.0276 0.4839
3 67.0568 102.8144 1 2 0 0 0.8466 0 1 0 0.0013 0.4688
3 107.3234 140.2796 2 1 0 0 1.6634 0 1 0 0.2887 0.4545
3 98.4734 67.9758 3 2 0 0 1.2323 0 1 0 1.7846 0.4412
3 148.4004 105.7397 4 1 0 0 1.0653 0 1 0 0.7420 0.4286
3 90.9566 126.3451 2 2 0 1 0.8971 1 1 1 1.0211 0.4444
3 94.5580 127.3204 2 2 0 1 0.7408 1 1 1 0.8422 0.4595
3 132.5168 79.3665 4 1 0 0 1.3595 0 1 0 0.9537 0.4474
3 98.5304 129.2492 2 2 0 1 1.7438 1 1 1 1.3790 0.4615
3 123.0373 92.7710 4 1 0 0 1.6252 0 1 1 0.7666 0.4750
3 94.9339 58.1167 3 1 0 0 0.0010 0 1 0 0.4944 0.4634
3 63.4358 97.9667 1 1 0 1 1.8088 1 1 0 1.3624 0.4524
3 98.0313 85.9155 3 1 0 0 1.1756 0 1 1 0.6957 0.4651
3 71.1848 108.2609 1 1 0 1 0.3855 1 1 1 0.1454 0.4773
3 64.7903 77.3709 1 2 0 0 0.3616 0 1 0 1.1637 0.4667
3 124.4760 113.3694 4 1 0 0 1.8973 0 1 1 1.0465 0.4783
3 114.6830 141.2372 2 1 0 0 0.5210 0 1 0 1.7175 0.4681
3 65.5740 101.7929 1 2 0 0 0.0841 0 1 1 1.1172 0.4792
3 100.2263 73.7651 3 2 0 0 1.3390 0 1 0 1.9130 0.4694
3 76.3090 94.5660 1 2 0 0 1.9948 0 1 1 1.5361 0.4800
3 104.7563 75.8659 3 1 0 0 0.0895 0 1 1 1.6872 0.4902
4 131.9209 123.1288 4 1 1 0 0.1100 1 0 0 0.7198 0.4808
4 101.4158 66.0176 3 1 1 0 0.5218 1 0 0 1.0659 0.4717
4 101.3003 118.2468 2 1 1 0 1.3839 1 0 1 1.4282 0.4815
4 104.9284 74.3248 3 1 1 0 0.0931 1 0 0 1.8809 0.4727
4 94.4813 130.1834 2 2 1 1 0.2736 0 0 0 0.4271 0.4643
4 126.4884 92.9181 4 1 1 0 1.8289 1 0 1 0.7591 0.4737
4 106.3317 61.3886 3 1 1 0 1.7776 1 0 0 0.6945 0.4655
4 68.0811 97.2900 1 1 1 1 0.8745 1 0 0 0.7318 0.4576
4 64.6998 97.2169 1 2 1 0 0.2491 0 0 0 1.0260 0.4500
4 85.2607 84.4604 1 2 1 0 1.9823 0 0 1 0.5657 0.4590
4 84.2333 137.9453 2 2 1 1 1.7789 0 0 0 1.7134 0.4516
4 121.2142 99.1859 4 2 1 0 0.6823 0 0 1 1.8198 0.4603
4 101.1555 128.3788 2 2 1 1 1.4071 0 0 1 1.9297 0.4688
4 144.1202 106.3873 4 2 1 0 1.1227 0 0 1 1.7503 0.4769
4 78.5336 135.8575 2 1 1 0 0.9095 1 0 0 0.3174 0.4697
4 118.0005 110.7687 4 1 1 0 1.7538 1 0 1 0.1241 0.4776
4 116.7455 95.2483 4 2 1 0 0.1469 0 0 0 0.4591 0.4706
4 73.6090 100.0768 1 2 1 0 0.5140 0 0 0 0.2895 0.4638
4 68.8092 92.9212 1 1 1 1 0.5534 1 0 0 1.2396 0.4571
4 71.9726 116.2312 1 2 1 0 1.0410 0 0 1 0.7935 0.4648
4 103.4926 123.8252 2 1 1 0 1.7575 1 0 1 0.4509 0.4722
4 64.1784 95.8536 1 1 1 1 1.8223 1 0 0 0.2465 0.4658
4 108.9143 79.3603 3 2 1 0 1.4674 0 0 0 1.2289 0.4595
4 89.6134 63.6083 3 1 1 0 1.2784 1 0 1 1.0469 0.4667
4 85.6290 129.7241 2 1 1 0 0.1068 1 0 1 0.4428 0.4737
4 97.2248 74.9069 3 2 1 0 1.7808 0 0 1 1.7795 0.4805
4 103.3468 81.9164 3 1 1 0 1.6916 1 0 0 1.4922 0.4744
4 134.4524 99.3927 4 1 1 0 0.9215 1 0 1 1.3160 0.4810
4 137.0168 95.2159 4 2 1 0 1.6091 0 0 0 1.6926 0.4750
4 98.1891 128.3366 2 2 1 1 1.0262 0 0 1 1.3418 0.4815
4 87.7432 121.7098 2 2 1 1 0.9109 0 0 0 1.9146 0.4756
4 90.7955 75.5635 3 2 1 0 0.4307 0 0 1 1.5599 0.4819
4 101.5874 128.6738 2 1 1 0 1.8790 1 0 1 1.1630 0.4881
4 86.3858 114.7453 1 1 1 1 0.3786 1 0 0 0.8937 0.4824
4 94.1668 86.3556 3 2 1 0 0.9710 0 0 0 1.1254 0.4767
4 132.4578 93.5496 4 2 1 0 0.3185 0 0 0 0.0035 0.4713
4 124.8673 94.9131 4 1 1 0 0.5450 1 0 1 1.6511 0.4773
4 53.1331 82.5922 1 1 1 1 1.4121 1 0 0 1.5876 0.4719
4 139.5657 102.7081 4 2 1 0 1.8812 0 0 1 1.6830 0.4778
4 127.5829 95.3633 4 2 1 0 0.6310 0 0 0 0.7995 0.4725
4 102.9579 73.3276 3 2 1 0 1.7128 0 0 0 0.4928 0.4674
4 139.6484 97.5681 4 1 1 0 1.6024 1 0 0 0.4115 0.4624
4 71.8123 78.3524 1 1 1 1 0.3879 1 0 0 0.7407 0.4574
4 91.8763 91.1651 1 2 1 0 1.5126 0 0 1 0.3566 0.4632
4 79.8248 110.0313 1 1 1 1 0.8154 1 0 0 0.2958 0.4583
4 110.4685 121.2093 2 1 1 0 0.9545 1 0 0 1.9932 0.4536
4 90.3402 116.8999 1 1 1 1 0.7228 1 0 0 0.5323 0.4490
4 83.5111 127.4984 2 2 1 1 0.1480 0 0 1 1.2641 0.4545
4 80.0097 106.6956 1 1 1 1 0.6024 1 0 1 0.9893 0.4600
4 80.1447 103.8121 1 2 1 0 1.7148 0 0 1 0.6654 0.4653
4 136.6643 105.0332 4 1 1 0 1.0600 1 0 1 0.9380 0.4706
4 68.7974 98.9162 1 1 1 1 0.6118 1 0 0 1.6337 0.4660
4 99.2218 84.4636 3 2 1 0 0.3793 0 0 0 0.8856 0.4615
4 107.6510 124.9763 2 1 1 0 0.2087 1 0 0 0.4619 0.4571
4 150.1976 102.3980 4 1 1 0 1.4585 1 0 1 0.0632 0.4623
4 88.4604 132.3513 2 1 1 0 0.5812 1 0 0 0.2217 0.4579
4 118.5892 107.7876 2 1 1 0 0.8746 1 0 0 0.1548 0.4537
4 97.3481 129.1895 2 2 1 1 0.9513 0 0 1 1.8939 0.4587
4 65.8822 90.4625 1 2 1 0 0.8650 0 0 1 0.0609 0.4636
4 133.6930 86.1741 4 2 1 0 1.5383 0 0 1 1.0945 0.4685
4 138.7935 110.5281 4 2 1 0 1.7729 0 0 1 1.8702 0.4732
4 91.9586 81.3687 3 2 1 0 1.0776 0 0 1 0.0689 0.4779
4 101.8316 65.4209 3 1 1 0 1.4582 1 0 0 0.2673 0.4737
4 109.4239 76.8451 3 2 1 0 1.5627 0 0 0 0.0905 0.4696
4 90.7772 75.4578 3 1 1 0 0.9732 1 0 1 0.8491 0.4741
4 123.5941 102.7619 4 2 1 0 0.7326 0 0 1 1.0991 0.4786
4 96.4923 64.0008 3 2 1 0 0.0460 0 0 0 0.9443 0.4746
4 71.3646 100.4742 1 1 1 1 0.8852 1 0 0 1.8994 0.4706
4 94.9933 68.5995 3 2 1 0 0.7430 0 0 1 0.1263 0.4750
4 54.5403 100.5869 1 1 1 1 1.5530 1 0 1 1.4825 0.4793
4 116.4688 89.7162 4 2 1 0 0.2240 0 0 1 1.3668 0.4836
4 120.2761 123.7163 2 2 1 1 0.8891 0 0 1 1.5330 0.4878
4 106.7931 73.1952 3 1 1 0 0.1819 1 0 1 0.0194 0.4919
4 97.7604 139.6673 2 2 1 1 0.4732 0 0 0 0.4810 0.4880
4 74.2690 85.7949 1 2 1 0 1.6684 0 0 1 0.3603 0.4921
4 132.7261 92.5790 4 2 2 0 1.9361 1 0 0 1.3544 0.4882
4 104.8713 112.1152 2 2 2 1 1.8841 1 0 1 1.3814 0.4922
4 116.2361 104.3239 4 2 2 0 0.4292 1 0 0 0.5758 0.4884
4 82.7853 71.5963 3 1 2 0 0.5686 0 0 0 1.0365 0.4846
4 98.2451 120.4918 2 1 2 0 1.4117 0 0 1 1.2450 0.4885
4 91.7822 124.1051 2 1 2 0 0.8896 0 0 0 1.6701 0.4848
4 98.4089 50.5345 3 2 2 0 0.9579 1 0 1 1.8898 0.4887
4 62.8468 102.1042 1 2 2 0 1.7348 1 0 0 1.9960 0.4851
4 80.0384 101.4079 1 1 2 1 0.4748 0 0 0 1.4892 0.4815
4 104.3078 130.6184 2 1 2 0 1.6537 0 0 1 1.5280 0.4853
4 103.0292 121.9929 2 1 2 0 0.1538 0 0 0 1.0640 0.4818
4 76.1655 80.2105 1 1 2 1 0.7856 0 0 1 0.4913 0.4855
4 101.6947 71.4132 3 2 2 0 0.2638 1 0 1 1.1738 0.4892
4 84.0640 104.1338 1 1 2 1 1.5220 0 0 0 0.6438 0.4857
4 138.1587 109.2010 4 2 2 0 1.4305 1 0 0 0.3082 0.4823
4 91.9884 65.8295 3 1 2 0 0.8598 0 0 0 1.5485 0.4789
4 140.3759 105.7105 4 2 2 0 0.4970 1 0 0 1.5895 0.4755
4 98.8722 73.9907 3 2 2 0 1.8720 1 0 0 1.8802 0.4722
4 64.4745 77.5333 1 1 2 1 0.7874 0 0 1 0.7994 0.4759
4 77.9959 133.3717 2 1 2 0 0.4138 0 0 0 0.3729 0.4726
4 116.1249 104.1484 4 1 2 0 0.8665 0 0 1 0.5391 0.4762
4 85.5099 78.3823 3 1 2 0 0.9142 0 0 1 1.0411 0.4797
4 116.6820 143.1406 2 1 2 0 0.8216 0 0 0 0.2421 0.4765
4 124.2482 90.8835 4 2 2 0 1.4468 1 0 1 1.7000 0.4800
4 102.5619 50.8807 3 1 2 0 0.0003 0 0 1 0.7143 0.4834
5 126.1778 99.7698 4 2 2 0 1.6852 1 0 0 0.3574 0.4803
5 65.7857 99.0509 1 2 2 0 1.3968 1 0 1 0.8313 0.4837
5 93.4160 96.6826 1 1 2 1 1.1203 0 0 1 1.9895 0.4870
5 114.0260 71.2138 3 2 2 0 1.2463 1 0 1 1.4124 0.4903
5 105.5005 79.1120 3 1 2 0 1.2813 0 0 1 1.7355 0.4936
5 103.5842 78.5183 3 1 2 0 0.4796 0 0 0 0.1898 0.4904
5 68.5902 111.2368 1 2 2 0 0.0086 1 0 0 1.8145 0.4873
5 91.6309 131.5931 2 2 2 1 0.3667 1 0 1 1.2882 0.4906
5 136.6960 85.7850 4 1 2 0 1.9008 0 0 1 0.1410 0.4938
5 107.4892 144.6437 2 1 2 0 1.6764 0 0 1 0.5384 0.4969
5 80.1687 102.4136 1 1 2 1 0.0602 0 0 1 1.2192 0.5000
5 105.9102 134.8433 2 1 2 0 1.0927 0 0 0 0.7503 0.4969
5 84.6675 102.7472 1 2 2 0 0.0445 1 0 1 1.3868 0.5000
5 109.8880 115.3438 2 1 2 0 0.5833 0 0 0 0.9646 0.4970
5 92.8701 115.4010 2 2 2 1 1.9788 1 0 0 1.5029 0.4940
5 94.5967 82.4114 3 2 2 0 1.0654 1 0 0 0.6876 0.4910
5 131.8167 93.1313 4 1 2 0 1.4278 0 0 1 1.4912 0.4940
5 86.6962 51.7089 3 1 2 0 1.9711 0 0 0 1.1199 0.4911
5 85.1726 84.3353 1 2 2 0 1.5309 1 0 0 1.2106 0.4882
5 122.0819 84.6832 4 1 2 0 1.8304 0 0 0 1.8024 0.4854
5 72.5069 95.0757 1 2 2 0 1.5410 1 0 1 0.0898 0.4884
5 125.3602 108.8345 4 1 2 0 1.6155 0 0 1 1.8916 0.4913
5 66.3930 108.7872 1 2 2 0 0.9017 1 0 0 0.1604 0.4885
5 96.2220 119.3550 2 2 2 1 0.7740 1 0 1 1.7404 0.4914
5 101.9112 68.7101 3 1 2 0 1.9458 0 0 1 0.3796 0.4943
5 58.2609 103.3889 1 2 2 0 0.8966 1 0 1 1.4540 0.4972
5 123.6157 140.5805 2 2 2 1 1.2616 1 0 1 0.0826 0.5000
5 69.6587 95.3935 1 1 2 1 1.2234 0 0 1 0.7779 0.5028
5 129.6425 91.9746 4 2 2 0 1.9285 1 0 0 1.6416 0.5000
5 105.3467 81.1106 3 2 2 0 0.8135 1 0 0 0.0176 0.4972
5 101.5083 136.7463 2 1 2 0 0.3664 0 0 0 0.6767 0.4945
5 73.1696 85.1931 1 1 2 1 1.7357 0 0 0 1.0032 0.4918
5 76.2416 107.6445 1 1 2 1 1.6483 0 0 0 0.3473 0.4891
5 83.8468 132.1807 2 2 2 1 1.6888 1 0 1 1.4118 0.4919
5 97.0638 60.2841 3 2 2 0 0.4143 1 0 1 1.5573 0.4946
5 99.2885 68.1986 3 1 2 0 0.4812 0 0 1 0.5146 0.4973
5 66.8812 103.1281 1 2 2 0 0.4378 1 0 0 0.3358 0.4947
5 85.7585 122.9180 2 2 2 1 1.2125 1 0 1 0.8828 0.4974
5 66.1666 70.6993 1 2 2 0 0.9130 1 0 0 0.4581 0.4947
5 129.6642 100.7962 4 2 2 0 1.6066 1 0 1 0.7454 0.4974
5 105.6702 73.1600 3 2 2 0 0.7976 1 0 0 0.2342 0.4948
5 117.0446 134.5159 2 2 2 1 0.6297 1 0 0 0.5827 0.4922
5 142.5410 96.0239 4 2 2 0 0.1996 1 0 0 0.0835 0.4897
5 75.2274 96.2135 1 1 2 1 1.8574 0 0 1 0.7233 0.4923
5 104.0930 67.8945 3 1 2 0 1.4761 0 0 1 1.7957 0.4949
5 73.9319 114.8849 1 1 2 1 0.9759 0 0 0 1.0239 0.4924
5 60.3511 114.3077 1 2 2 0 1.1236 1 0 0 0.4640 0.4899
5 92.9179 131.8423 2 1 2 0 0.2337 0 0 1 0.0956 0.4925
5 79.1953 108.8968 1 2 2 0 1.5738 1 0 0 1.6319 0.4900
5 103.7936 74.4077 3 1 2 0 0.8360 0 0 0 0.0000 0.4900
5 95.8447 83.3202 3 2 3 0 0.5499 0 0 0 0.0000 0.4900
5 83.2440 87.2348 3 1 3 0 0.0638 0 0 0 0.0000 0.4900
5 93.6008 125.3017 2 1 3 0 1.7338 0 0 0 0.0000 0.4900
5 103.0627 66.6268 3 2 3 0 1.4134 0 0 0 0.0000 0.4900
5 94.9160 127.7004 2 2 3 1 1.4692 0 0 0 0.0000 0.4900
5 137.0804 110.1187 4 1 3 0 0.3452 0 0 0 0.0000 0.4900
5 140.9303 83.2723 4 2 3 0 1.1436 0 0 0 0.0000 0.4900
5 102.5889 83.5736 3 2 3 0 1.9601 0 0 0 0.0000 0.4900
5 138.1050 78.6352 4 2 3 0 0.5366 0 0 0 0.0000 0.4900
5 120.1177 97.7777 4 2 3 0 1.6229 0 0 0 0.0000 0.4900
5 94.4080 49.6970 3 2 3 0 0.6275 0 0 0 0.0000 0.4900
5 97.8026 130.4800 2 1 3 0 0.9052 0 0 0 0.0000 0.4900
5 115.4950 102.4642 4 1 3 0 0.4886 0 0 0 0.0000 0.4900
5 61.1240 86.3064 1 2 3 0 0.0515 0 0 0 0.0000 0.4900
5 110.4242 97.2032 4 2 3 0 0.9993 0 0 0 0.0000 0.4900
5 137.0833 98.5415 4 1 3 0 1.1741 0 0 0 0.0000 0.4900
5 108.4486 68.6553 3 1 3 0 0.1406 0 0 0 0.0000 0.4900
5 92.9046 122.1020 2 1 3 0 1.3932 0 0 0 0.0000 0.4900
5 87.3135 64.0285 3 2 3 0 0.8884 0 0 0 0.0000 0.4900
5 75.5032 120.2016 1 2 3 0 1.2658 0 0 0 0.0000 0.4900
5 121.4979 110.0468 4 2 3 0 1.8662 0 0 0 0.0000 0.4900
5 99.5780 137.4124 2 2 3 1 0.3406 0 0 0 0.0000 0.4900
5 76.5329 94.4930 1 1 3 1 0.8912 0 0 0 0.0000 0.4900
5 100.2864 72.4270 3 2 3 0 1.7463 0 0 0 0.0000 0.4900
5 77.8577 103.2591 1 2 3 0 0.8993 0 0 0 0.0000 0.4900
5 72.5930 121.4012 1 1 3 1 0.5323 0 0 0 0.0000 0.4900
5 101.0772 80.8251 3 2 3 0 1.5342 0 0 0 0.0000 0.4900
5 123.5975 102.7674 4 1 3 0 1.1147 0 0 0 0.0000 0.4900
5 80.4441 103.3211 1 2 3 0 0.4615 0 0 0 0.0000 0.4900
5 106.9555 129.7324 2 1 3 0 1.0216 0 0 0 0.0000 0.4900
5 118.3561 111.6363 4 2 3 0 0.7464 0 0 0 0.0000 0.4900
5 136.8027 115.4470 4 2 3 0 0.6758 0 0 0 0.0000 0.4900
5 95.3532 130.8562 2 2 3 1 1.9993 0 0 0 0.0000 0.4900
5 105.9622 87.7261 3 2 3 0 0.3406 0 0 0 0.0000 0.4900
5 104.8871 113.3817 2 2 3 1 1.0558 0 0 0 0.0000 0.4900
5 136.6758 89.3931 4 2 3 0 0.7512 0 0 0 0.0000 0.4900
5 96.1417 70.8354 3 1 3 0 1.2798 0 0 0 0.0000 0.4900
5 71.1379 121.6782 1 1 3 1 0.0516 0 0 0 0.0000 0.4900
5 105.6745 113.8609 2 1 3 0 1.6005 0 0 0 0.0000 0.4900
5 88.7273 138.5179 2 2 3 1 0.8970 0 0 0 0.0000 0.4900
5 111.8529 106.1376 4 1 3 0 1.6045 0 0 0 0.0000 0.4900
5 112.0955 90.0869 4 2 3 0 1.9963 0 0 0 0.0000 0.4900
5 107.5802 141.2795 2 2 3 1 0.9877 0 0 0 0.0000 0.4900
5 97.0720 123.3270 2 2 3 1 1.1048 0 0 0 0.0000 0.4900
5 142.5256 91.5844 4 1 3 0 0.1809 0 0 0 0.0000 0.4900
5 86.9869 137.7303 2 1 3 0 0.4060 0 0 0 0.0000 0.4900
5 126.2764 83.8192 4 2 3 0 1.3082 0 0 0 0.0000 0.4900
5 99.8400 81.4098 3 1 3 0 1.2675 0 0 0 0.0000 0.4900
5 106.6255 68.2164 3 2 3 0 1.0350 0 0 0 0.0000 0.4900
5 122.1071 98.6297 4 1 3 0 0.8201 0 0 0 0.0000 0.4900
6 99.2808 114.3206 2 1 3 0 1.6247 0 0 0 0.0000 0.4900
6 123.1581 86.3214 3 2 3 0 0.5662 0 0 0 0.0000 0.4900
6 94.3007 69.4132 3 2 3 0 1.2068 0 0 0 0.0000 0.4900
6 80.5237 83.7751 3 1 3 0 1.9894 0 0 0 0.0000 0.4900
6 78.1628 109.6438 1 1 3 1 1.4240 0 0 0 0.0000 0.4900
6 94.4599 89.8636 3 1 3 0 1.6800 0 0 0 0.0000 0.4900
6 104.4290 118.4309 2 2 3 1 0.6846 0 0 0 0.0000 0.4900
6 99.0352 89.4037 3 1 3 0 1.1626 0 0 0 0.0000 0.4900
6 104.5539 75.9852 3 2 3 0 1.5058 0 0 0 0.0000 0.4900
6 83.6900 97.7592 1 2 3 0 1.6238 0 0 0 0.0000 0.4900
6 90.6607 114.7931 2 1 3 0 1.4875 0 0 0 0.0000 0.4900
6 101.1053 71.3264 3 1 3 0 1.5311 0 0 0 0.0000 0.4900
6 67.6983 96.7664 1 2 3 0 0.8295 0 0 0 0.0000 0.4900
6 66.9838 90.4158 1 2 3 0 0.4389 0 0 0 0.0000 0.4900
6 111.4199 105.7905 4 2 3 0 0.2844 0 0 0 0.0000 0.4900
6 74.4056 94.8732 1 2 3 0 1.6936 0 0 0 0.0000 0.4900
6 69.8536 99.2167 1 1 3 1 0.2228 0 0 0 0.0000 0.4900
6 100.2628 126.5816 2 1 3 0 0.5850 0 0 0 0.0000 0.4900
6 99.5317 110.2907 2 2 3 1 0.5173 0 0 0 0.0000 0.4900
6 73.7486 110.4400 1 1 3 1 1.4949 0 0 0 0.0000 0.4900
6 105.3469 62.1127 3 2 3 0 0.7453 0 0 0 0.0000 0.4900
6 63.6886 99.3253 1 2 3 0 1.7408 0 0 0 0.0000 0.4900
6 109.0030 126.8378 2 1 3 0 0.9121 0 0 0 0.0000 0.4900
6 136.7401 101.5012 4 2 3 0 0.3680 0 0 0 0.0000 0.4900
6 70.9801 97.4984 1 2 3 0 1.8757 0 0 0 0.0000 0.4900
6 112.3647 123.1131 2 1 4 0 1.9827 0 0 0 0.0000 0.4900
6 90.5905 64.5018 1 1 4 1 0.8740 0 0 0 0.0000 0.4900
6 126.8054 79.3947 4 2 4 0 0.8159 0 0 0 0.0000 0.4900
6 103.5026 142.9016 2 1 4 0 0.0687 0 0 0 0.0000 0.4900
6 103.5668 102.0057 2 1 4 0 1.2019 0 0 0 0.0000 0.4900
6 95.6192 81.2971 3 1 4 0 1.9619 0 0 0 0.0000 0.4900
6 89.6707 66.7162 3 2 4 0 0.0138 0 0 0 0.0000 0.4900
6 104.7057 119.4283 2 1 4 0 0.8218 0 0 0 0.0000 0.4900
6 127.7061 107.1893 4 2 4 0 0.7461 0 0 0 0.0000 0.4900
6 110.7191 120.0225 2 2 4 1 0.0464 0 0 0 0.0000 0.4900
6 77.0293 88.6312 1 2 4 0 0.3219 0 0 0 0.0000 0.4900
6 94.1701 78.6328 3 2 4 0 0.1819 0 0 0 0.0000 0.4900
6 101.9013 52.5659 3 2 4 0 0.7444 0 0 0 0.0000 0.4900
6 77.0428 103.0216 1 1 4 1 1.3959 0 0 0 0.0000 0.4900
6 87.6377 87.8999 1 2 4 0 0.5831 0 0 0 0.0000 0.4900
6 127.1002 108.3619 4 2 4 0 0.8572 0 0 0 0.0000 0.4900
6 39.4733 74.9602 1 2 4 0 1.9548 0 0 0 0.0000 0.4900
6 149.8503 85.6629 4 1 4 0 0.7920 0 0 0 0.0000 0.4900
6 65.6660 89.5178 1 2 4 0 0.3610 0 0 0 0.0000 0.4900
6 130.1129 92.5924 4 1 4 0 1.0900 0 0 0 0.0000 0.4900
6 71.1468 98.6645 1 1 4 1 1.7550 0 0 0 0.0000 0.4900
6 146.6449 104.1139 4 1 4 0 0.3099 0 0 0 0.0000 0.4900
6 115.8688 77.2415 3 1 4 0 0.9205 0 0 0 0.0000 0.4900
6 136.1951 109.8769 4 1 4 0 1.2324 0 0 0 0.0000 0.4900
6 120.2600 88.8269 4 2 4 0 0.5987 0 0 0 0.0000 0.4900
6 140.2754 107.0743 4 1 4 0 0.7888 0 0 0 0.0000 0.4900
6 95.0595 146.4255 2 2 4 1 0.6640 0 0 0 0.0000 0.4900
6 124.6191 98.2480 4 2 4 0 1.4928 0 0 0 0.0000 0.4900
6 130.3035 108.1081 4 1 4 0 1.3812 0 0 0 0.0000 0.4900
6 114.0655 154.3119 2 2 4 1 0.6229 0 0 0 0.0000 0.4900
6 103.5760 77.8437 3 2 4 0 1.2859 0 0 0 0.0000 0.4900
6 97.8579 128.1863 2 2 4 1 0.7780 0 0 0 0.0000 0.4900
6 74.4528 101.6761 1 1 4 1 0.1722 0 0 0 0.0000 0.4900
6 125.7579 107.7674 4 2 4 0 1.2126 0 0 0 0.0000 0.4900
6 119.8556 94.2118 4 1 4 0 1.3713 0 0 0 0.0000 0.4900
6 64.0041 91.5645 1 1 4 1 1.9405 0 0 0 0.0000 0.4900
6 56.7195 111.4643 1 1 4 1 1.0724 0 0 0 0.0000 0.4900
6 88.9286 109.5578 2 2 4 1 0.2129 0 0 0 0.0000 0.4900
6 105.3632 117.7025 2 2 4 1 0.9701 0 0 0 0.0000 0.4900
6 108.8706 89.0201 4 1 4 0 1.2713 0 0 0 0.0000 0.4900
6 100.1930 132.4558 2 1 4 0 0.1935 0 0 0 0.0000 0.4900
6 154.9917 97.4097 4 1 4 0 0.7875 0 0 0 0.0000 0.4900
6 90.9210 64.4163 3 1 4 0 0.1959 0 0 0 0.0000 0.4900
6 120.2365 105.3651 4 1 4 0 1.9048 0 0 0 0.0000 0.4900
6 110.4730 86.6673 3 2 4 0 1.1685 0 0 0 0.0000 0.4900
6 106.9445 67.1810 3 2 4 0 1.4371 0 0 0 0.0000 0.4900
6 119.7651 117.6533 2 2 4 1 1.7877 0 0 0 0.0000 0.4900
6 106.8019 73.1424 3 1 4 0 0.7918 0 0 0 0.0000 0.4900
6 124.7199 97.3623 4 2 4 0 0.1584 0 0 0 0.0000 0.4900
6 73.5563 72.2028 3 2 4 0 0.1958 0 0 0 0.0000 0.4900
6 123.3151 82.9203 3 1 4 0 0.2074 0 0 0 0.0000 0.4900
6 150.6347 101.2032 4 1 4 0 1.4342 0 0 0 0.0000 0.4900
6 111.8528 115.5680 2 1 4 0 1.9210 0 0 0 0.0000 0.4900
6 98.6420 67.0848 3 1 4 0 0.7049 0 0 0 0.0000 0.4900
6 98.9164 142.1705 2 2 4 1 0.9842 0 0 0 0.0000 0.4900
6 100.2872 72.8516 3 2 4 0 1.6003 0 0 0 0.0000 0.4900
6 107.7094 136.7320 2 1 4 0 1.4424 0 0 0 0.0000 0.4900
6 63.2691 104.2814 1 1 4 1 1.2689 0 0 0 0.0000 0.4900
6 60.9801 93.5680 1 1 4 1 1.6474 0 0 0 0.0000 0.4900
6 113.0652 114.0933 2 1 4 0 1.7885 0 0 0 0.0000 0.4900
6 106.4592 68.8722 3 2 4 0 0.8193 0 0 0 0.0000 0.4900
6 96.1414 112.7962 2 1 4 0 0.1425 0 0 0 0.0000 0.4900
6 136.6877 95.0447 4 1 4 0 1.8244 0 0 0 0.0000 0.4900
6 107.2509 127.7588 2 1 4 0 1.4579 0 0 0 0.0000 0.4900
6 132.7079 98.4518 4 1 4 0 1.2483 0 0 0 0.0000 0.4900
6 67.7185 92.3521 1 1 4 1 1.1307 0 0 0 0.0000 0.4900
6 55.9682 101.5119 1 1 4 1 1.6257 0 0 0 0.0000 0.4900
6 75.9152 124.9741 1 2 4 0 0.1381 0 0 0 0.0000 0.4900
6 138.9077 109.0262 4 1 4 0 1.5702 0 0 0 0.0000 0.4900
6 64.8654 97.4523 1 1 4 1 0.2443 0 0 0 0.0000 0.4900
6 127.2725 101.2891 4 1 4 0 0.1754 0 0 0 0.0000 0.4900
6 121.1033 94.5771 4 2 4 0 1.8431 0 0 0 0.0000 0.4900
6 88.0723 90.5523 3 1 4 0 1.6625 0 0 0 0.0000 0.4900
6 88.8389 138.9016 2 2 4 1 1.5782 0 0 0 0.0000 0.4900
6 90.9948 70.2116 3 2 4 0 0.9968 0 0 0 0.0000 0.4900
7 98.2988 66.6219 3 1 0 0 0.4844 0 1 0 0.0000 0.4900
7 121.0435 119.9764 2 1 0 0 1.0831 0 1 0 0.0000 0.4900
7 107.2683 82.1691 3 1 0 0 1.4322 0 1 0 0.0000 0.4900
7 125.0520 99.4714 4 1 0 0 1.5161 0 1 0 0.0000 0.4900
7 51.4384 108.5347 1 1 0 1 1.5217 1 1 0 0.0000 0.4900
7 111.2919 71.9448 3 1 0 0 0.5404 0 1 0 0.0000 0.4900
7 124.4834 113.4982 4 2 0 0 0.4921 0 1 0 0.0000 0.4900
7 75.4131 94.6944 1 1 0 1 1.9900 1 1 0 0.0000 0.4900
7 112.8966 126.8406 2 1 0 0 0.0724 0 1 0 0.0000 0.4900
7 96.4990 80.8376 3 1 0 0 1.7647 0 1 0 0.0000 0.4900
7 85.8959 100.2280 1 2 0 0 0.0028 0 1 0 0.0000 0.4900
7 52.2791 89.7587 1 1 0 1 0.2919 1 1 0 0.0000 0.4900
7 143.8585 102.7132 4 1 0 0 0.5487 0 1 0 0.0000 0.4900
7 104.2406 138.9003 2 2 0 1 1.4488 1 1 0 0.0000 0.4900
7 102.3440 113.0387 2 1 0 0 0.8806 0 1 0 0.0000 0.4900
7 106.8346 93.8795 4 1 0 0 0.3110 0 1 0 0.0000 0.4900
7 114.5281 61.5265 3 1 0 0 1.7198 0 1 0 0.0000 0.4900
7 98.9094 143.2802 2 2 0 1 1.7112 1 1 0 0.0000 0.4900
7 136.0329 94.3559 4 2 0 0 1.2699 0 1 0 0.0000 0.4900
7 133.3841 95.1198 4 2 0 0 0.7352 0 1 0 0.0000 0.4900
7 100.4483 55.0481 3 1 0 0 0.7521 0 1 0 0.0000 0.4900
7 66.1732 98.4152 1 1 0 1 0.4507 1 1 0 0.0000 0.4900
7 102.2557 91.8934 3 1 0 0 0.0931 0 1 0 0.0000 0.4900
7 90.4904 90.7713 1 1 0 1 0.0236 1 1 0 0.0000 0.4900
7 89.2490 78.6219 3 2 0 0 0.0118 0 1 0 0.0000 0.4900
7 143.6517 112.9284 4 2 0 0 0.6413 0 1 0 0.0000 0.4900
7 122.3346 91.6734 4 1 0 0 0.9860 0 1 0 0.0000 0.4900
7 79.8961 81.1035 3 1 0 0 1.9992 0 1 0 0.0000 0.4900
7 83.0973 99.6898 1 1 0 1 0.2930 1 1 0 0.0000 0.4900
7 131.2137 109.6500 4 1 0 0 0.6164 0 1 0 0.0000 0.4900
7 69.7773 107.5104 1 1 0 1 1.0236 1 1 0 0.0000 0.4900
7 119.7145 97.1257 4 1 0 0 1.1171 0 1 0 0.0000 0.4900
7 110.2706 135.7376 2 1 0 0 0.9374 0 1 0 0.0000 0.4900
7 106.6803 75.3501 3 1 0 0 0.5514 0 1 0 0.0000 0.4900
7 106.5160 71.4494 3 2 0 0 1.0210 0 1 0 0.0000 0.4900
7 89.9558 64.8627 3 2 0 0 1.5379 0 1 0 0.0000 0.4900
7 64.3651 104.8376 1 2 0 0 0.4067 0 1 0 0.0000 0.4900
7 78.4511 105.1860 1 2 0 0 0.9571 0 1 0 0.0000 0.4900
7 103.8039 134.0234 2 1 0 0 1.6763 0 1 0 0.0000 0.4900
7 109.5893 66.1443 3 2 0 0 0.3444 0 1 0 0.0000 0.4900
7 99.1364 69.9712 3 1 0 0 1.0073 0 1 0 0.0000 0.4900
7 104.7658 137.1957 2 1 0 0 0.3599 0 1 0 0.0000 0.4900
7 131.9336 115.7457 4 1 0 0 0.6979 0 1 0 0.0000 0.4900
7 99.3557 122.9250 2 2 0 1 1.7902 1 1 0 0.0000 0.4900
7 129.0227 91.0200 4 2 0 0 0.6695 0 1 0 0.0000 0.4900
7 140.5597 95.9058 4 2 0 0 0.1391 0 1 0 0.0000 0.4900
7 80.3229 104.6976 1 2 0 0 1.5804 0 1 0 0.0000 0.4900
7 57.3956 106.8825 1 1 0 1 1.4587 1 1 0 0.0000 0.4900
7 78.0881 134.8433 2 1 0 0 0.6335 0 1 0 0.0000 0.4900
7 140.8232 100.9438 4 2 0 0 0.2357 0 1 0 0.0000 0.4900
7 68.9197 110.3770 1 1 0 1 1.7160 1 1 0 0.0000 0.4900
7 76.4013 95.2955 1 2 0 0 0.4886 0 1 0 0.0000 0.4900
7 77.3297 102.7611 1 2 0 0 1.3651 0 1 0 0.0000 0.4900
7 112.9909 56.6666 3 1 0 0 1.2679 0 1 0 0.0000 0.4900
7 129.3278 121.8224 4 1 0 0 0.1639 0 1 0 0.0000 0.4900
7 79.9510 141.1002 2 1 0 0 1.3503 0 1 0 0.0000 0.4900
7 114.2944 103.6657 4 2 0 0 1.1502 0 1 0 0.0000 0.4900
7 64.4410 99.6203 1 2 0 0 1.2408 0 1 0 0.0000 0.4900
7 59.3703 85.0339 1 2 0 0 0.2942 0 1 0 0.0000 0.4900
7 82.2037 101.0427 1 1 0 1 0.6316 1 1 0 0.0000 0.4900
7 110.7196 116.0871 2 1 0 0 1.7117 0 1 0 0.0000 0.4900
7 117.8498 104.5631 4 1 0 0 0.1770 0 1 0 0.0000 0.4900
7 110.0655 62.6440 3 1 0 0 0.4851 0 1 0 0.0000 0.4900
7 90.4349 136.3736 2 1 0 0 1.5604 0 1 0 0.0000 0.4900
7 109.2525 147.8820 2 1 0 0 0.5953 0 1 0 0.0000 0.4900
7 124.1812 129.4869 4 2 0 0 0.6885 0 1 0 0.0000 0.4900
7 87.4933 102.6541 1 2 0 0 0.2218 0 1 0 0.0000 0.4900
7 114.9372 130.4124 2 1 0 0 1.9821 0 1 0 0.0000 0.4900
7 86.8404 95.0285 3 2 0 0 1.5530 0 1 0 0.0000 0.4900
7 101.7707 60.4127 3 2 0 0 1.5125 0 1 0 0.0000 0.4900
7 79.5867 92.3888 1 1 0 1 1.3659 1 1 0 0.0000 0.4900
7 128.0394 100.6980 4 1 0 0 0.0189 0 1 0 0.0000 0.4900
7 92.0338 75.2069 3 2 0 0 0.8614 0 1 0 0.0000 0.4900
7 97.3704 74.7911 3 1 0 0 1.5902 0 1 0 0.0000 0.4900
7 100.6753 135.6078 2 2 0 1 1.0974 1 1 0 0.0000 0.4900
7 95.0387 77.2566 3 1 0 0 1.4301 0 1 0 0.0000 0.4900
7 103.3200 134.0606 2 1 0 0 0.3785 0 1 0 0.0000 0.4900
7 91.3928 137.1108 2 2 0 1 1.3157 1 1 0 0.0000 0.4900
7 133.6424 103.4671 4 1 0 0 0.1765 0 1 0 0.0000 0.4900
7 70.5587 113.6624 1 2 0 0 1.7455 0 1 0 0.0000 0.4900
7 106.5451 94.5860 4 2 0 0 1.1752 0 1 0 0.0000 0.4900
7 127.3768 98.4144 4 1 0 0 0.6513 0 1 0 0.0000 0.4900
7 101.8314 70.9860 3 1 0 0 0.2560 0 1 0 0.0000 0.4900
7 108.8770 124.8040 2 2 0 1 0.6103 1 1 0 0.0000 0.4900
7 110.6129 128.7154 2 2 0 1 0.1876 1 1 0 0.0000 0.4900
7 116.9842 121.0366 4 1 0 0 0.9760 0 1 0 0.0000 0.4900
7 67.5129 120.7204 1 1 0 1 0.3268 1 1 0 0.0000 0.4900
7 65.5803 106.6743 1 1 0 1 0.1909 1 1 0 0.0000 0.4900
7 69.8300 103.9540 1 1 0 1 0.9924 1 1 0 0.0000 0.4900
7 111.7206 105.1756 4 1 0 0 0.3321 0 1 0 0.0000 0.4900
7 119.9412 80.9812 3 1 0 0 1.3138 0 1 0 0.0000 0.4900
7 111.5165 115.1448 2 2 0 1 0.5935 1 1 0 0.0000 0.4900
7 104.3017 71.1701 3 2 0 0 1.4100 0 1 0 0.0000 0.4900
7 118.2760 134.3861 2 1 0 0 1.0585 0 1 0 0.0000 0.4900
7 125.8238 82.1636 4 1 0 0 1.6280 0 1 0 0.0000 0.4900
7 100.5643 73.9713 3 2 0 0 1.3540 0 1 0 0.0000 0.4900
7 71.1015 89.3096 1 1 0 1 1.2992 1 1 0 0.0000 0.4900
7 103.3426 114.0996 2 1 0 0 1.8447 0 1 0 0.0000 0.4900
7 95.6356 122.0070 2 2 0 1 1.6331 1 1 0 0.0000 0.4900
7 103.9174 117.3660 2 2 0 1 1.7012 1 1 0 0.0000 0.4900
8 70.1847 112.6640 1 2 0 0 1.6951 0 1 0 0.0000 0.4900
8 122.8224 101.7694 4 2 0 0 0.2919 0 1 0 0.0000 0.4900
8 106.2040 62.1277 3 1 0 0 1.6506 0 1 0 0.0000 0.4900
8 62.3993 88.2892 1 1 0 1 1.1617 1 1 0 0.0000 0.4900
8 113.2000 100.1867 4 2 0 0 1.7096 0 1 0 0.0000 0.4900
8 67.4598 105.3197 1 1 0 1 0.2811 1 1 0 0.0000 0.4900
8 74.2789 93.9803 1 1 0 1 0.6141 1 1 0 0.0000 0.4900
8 96.5532 70.7419 3 1 0 0 1.9398 0 1 0 0.0000 0.4900
8 136.1853 96.6623 4 2 0 0 1.2876 0 1 0 0.0000 0.4900
8 96.6668 66.6565 3 2 0 0 1.1556 0 1 0 0.0000 0.4900
8 82.0931 84.7054 1 1 0 1 0.5438 1 1 0 0.0000 0.4900
8 149.0769 86.5169 4 1 0 0 0.3840 0 1 0 0.0000 0.4900
8 100.3058 142.8041 2 1 0 0 0.0740 0 1 0 0.0000 0.4900
8 116.7106 100.2723 4 2 0 0 0.9534 0 1 0 0.0000 0.4900
8 87.6885 64.6841 3 1 0 0 0.2884 0 1 0 0.0000 0.4900
8 135.2789 131.4748 4 2 0 0 0.0438 0 1 0 0.0000 0.4900
8 110.8904 77.7991 3 2 0 0 1.2381 0 1 0 0.0000 0.4900
8 127.8129 85.9738 4 2 0 0 0.3779 0 1 0 0.0000 0.4900
8 92.9690 69.1337 3 1 0 0 0.4284 0 1 0 0.0000 0.4900
8 90.7604 118.0055 2 2 0 1 0.0323 1 1 0 0.0000 0.4900
8 94.8067 71.0829 3 1 0 0 0.3175 0 1 0 0.0000 0.4900
8 137.3462 113.9915 4 2 0 0 1.9555 0 1 0 0.0000 0.4900
8 78.0756 96.2654 1 1 0 1 0.6397 1 1 0 0.0000 0.4900
8 92.5878 154.2830 2 2 0 1 1.6487 1 1 0 0.0000 0.4900
8 143.6140 95.9601 4 2 0 0 0.9851 0 1 0 0.0000 0.4900
8 93.3553 104.9840 1 1 0 1 0.7458 1 1 0 0.0000 0.4900
8 82.9178 60.6965 3 1 0 0 1.4216 0 1 0 0.0000 0.4900
8 105.3527 58.0847 3 2 0 0 0.9110 0 1 0 0.0000 0.4900
8 103.6479 80.3249 3 2 0 0 0.6977 0 1 0 0.0000 0.4900
8 80.0327 125.0308 2 2 0 1 0.6779 1 1 0 0.0000 0.4900
8 63.0102 111.5537 1 1 0 1 1.7690 1 1 0 0.0000 0.4900
8 71.6742 104.6640 1 2 0 0 0.7822 0 1 0 0.0000 0.4900
8 97.1936 128.5897 2 1 0 0 0.3218 0 1 0 0.0000 0.4900
8 54.7262 102.9481 1 2 0 0 1.4806 0 1 0 0.0000 0.4900
8 81.1348 85.8898 1 2 0 0 1.0232 0 1 0 0.0000 0.4900
8 97.5037 109.7229 2 1 0 0 1.3377 0 1 0 0.0000 0.4900
8 102.7899 116.4195 2 2 0 1 1.3811 1 1 0 0.0000 0.4900
8 79.3883 101.9495 1 2 0 0 0.3499 0 1 0 0.0000 0.4900
8 126.7152 117.4950 4 2 0 0 1.4597 0 1 0 0.0000 0.4900
8 102.1550 55.7520 3 2 0 0 1.7023 0 1 0 0.0000 0.4900
8 103.7433 91.3476 4 2 0 0 1.9770 0 1 0 0.0000 0.4900
8 129.2816 110.8507 4 2 0 0 0.3306 0 1 0 0.0000 0.4900
8 100.6883 64.5680 3 1 0 0 1.4437 0 1 0 0.0000 0.4900
8 55.6794 110.5232 1 2 0 0 0.0234 0 1 0 0.0000 0.4900
8 81.7712 111.1103 1 2 0 0 0.0025 0 1 0 0.0000 0.4900
8 107.1687 132.0388 2 2 0 1 1.6278 1 1 0 0.0000 0.4900
8 118.4548 107.2515 4 1 0 0 1.3406 0 1 0 0.0000 0.4900
8 93.0298 127.9223 2 2 0 1 0.6277 1 1 0 0.0000 0.4900
8 75.7972 136.1125 2 2 0 1 1.7733 1 1 0 0.0000 0.4900
8 128.3816 97.9748 4 2 0 0 0.4423 0 1 0 0.0000 0.4900
8 104.5617 56.6949 3 2 0 0 1.0576 0 1 0 0.0000 0.4900
8 74.0931 102.4500 1 1 0 1 0.3203 1 1 0 0.0000 0.4900
8 88.5654 90.1056 1 1 0 1 0.3103 1 1 0 0.0000 0.4900
8 109.9944 128.7132 2 1 0 0 0.0311 0 1 0 0.0000 0.4900
8 106.0402 131.1355 2 1 0 0 0.5004 0 1 0 0.0000 0.4900
8 93.9370 62.4624 3 1 0 0 0.4821 0 1 0 0.0000 0.4900
8 136.2692 109.1555 4 2 0 0 0.7853 0 1 0 0.0000 0.4900
8 91.3367 66.3946 3 1 0 0 0.9489 0 1 0 0.0000 0.4900
8 146.5705 88.5627 4 2 0 0 1.9079 0 1 0 0.0000 0.4900
8 56.6860 103.5982 1 1 0 1 1.6313 1 1 0 0.0000 0.4900
8 102.0303 55.2700 3 2 0 0 1.8053 0 1 0 0.0000 0.4900
8 74.1213 97.4802 1 2 0 0 0.9555 0 1 0 0.0000 0.4900
8 63.8999 101.5863 1 1 0 1 1.8777 1 1 0 0.0000 0.4900
8 106.9334 125.3360 2 1 0 0 0.9124 0 1 0 0.0000 0.4900
8 85.6089 129.0267 2 2 0 1 0.7379 1 1 0 0.0000 0.4900
8 107.7046 80.5418 3 1 0 0 0.4399 0 1 0 0.0000 0.4900
8 139.8791 103.1183 4 2 0 0 0.2204 0 1 0 0.0000 0.4900
8 107.3375 146.0332 2 2 0 1 1.3245 1 1 0 0.0000 0.4900
8 108.8790 128.9527 2 2 0 1 0.2658 1 1 0 0.0000 0.4900
8 107.6564 76.9826 3 2 0 0 1.9023 0 1 0 0.0000 0.4900
8 103.2945 76.8177 3 2 0 0 1.9775 0 1 0 0.0000 0.4900
8 98.0162 72.5907 3 2 0 0 0.4397 0 1 0 0.0000 0.4900
8 117.2038 70.5478 3 1 0 0 1.4073 0 1 0 0.0000 0.4900
8 88.9518 121.9229 2 2 0 1 1.2332 1 1 0 0.0000 0.4900
8 99.0396 118.4244 2 1 0 0 0.7339 0 1 0 0.0000 0.4900
8 88.5755 154.7110 2 2 0 1 1.1073 1 1 0 0.0000 0.4900
8 71.0679 87.6457 1 2 0 0 0.3202 0 1 0 0.0000 0.4900
8 74.1195 99.1445 1 1 0 1 1.5329 1 1 0 0.0000 0.4900
8 110.0177 129.0274 2 2 0 1 1.2268 1 1 0 0.0000 0.4900
8 133.5203 113.6583 4 1 0 0 1.3900 0 1 0 0.0000 0.4900
8 67.3771 101.2090 1 2 0 0 0.5620 0 1 0 0.0000 0.4900
8 95.5324 124.7046 2 1 0 0 1.2703 0 1 0 0.0000 0.4900
8 133.3195 99.7161 4 2 0 0 0.8221 0 1 0 0.0000 0.4900
8 112.4084 118.7632 4 2 0 0 1.1696 0 1 0 0.0000 0.4900
8 118.1874 104.7384 4 1 0 0 0.1781 0 1 0 0.0000 0.4900
8 97.4285 121.9249 2 2 0 1 0.1298 1 1 0 0.0000 0.4900
8 72.9761 91.8513 1 2 0 0 0.9781 0 1 0 0.0000 0.4900
8 95.7718 76.3855 3 2 0 0 0.8985 0 1 0 0.0000 0.4900
8 107.4212 77.5781 3 1 0 0 1.2731 0 1 0 0.0000 0.4900
8 134.8970 112.8241 4 2 0 0 1.5736 0 1 0 0.0000 0.4900
8 131.7155 99.7142 4 2 0 0 0.4893 0 1 0 0.0000 0.4900
8 70.7976 95.5266 1 2 0 0 0.5245 0 1 0 0.0000 0.4900
8 120.7779 94.1121 4 2 0 0 1.9032 0 1 0 0.0000 0.4900
8 92.9462 88.1557 3 1 0 0 1.6384 0 1 0 0.0000 0.4900
8 84.9633 129.4892 2 1 0 0 1.7708 0 1 0 0.0000 0.4900
8 61.9010 110.7270 1 2 0 0 1.1502 0 1 0 0.0000 0.4900
8 112.8350 144.2134 2 1 0 0 1.9597 0 1 0 0.0000 0.4900
8 107.8802 133.4480 2 1 0 0 0.0485 0 1 0 0.0000 0.4900
8 104.8418 64.5808 3 2 0 0 0.0116 0 1 0 0.0000 0.4900
8 123.1753 102.4976 4 2 0 0 0.7856 0 1 0 0.0000 0.4900
9 58.4333 101.9441 1 2 0 0 0.4669 0 1 0 0.0000 0.4900
9 127.5453 108.7529 4 2 0 0 1.5720 0 1 0 0.0000 0.4900
9 105.0474 72.4231 3 2 0 0 1.1406 0 1 0 0.0000 0.4900
9 105.2155 124.7106 2 1 0 0 0.3771 0 1 0 0.0000 0.4900
9 91.9709 124.1509 2 2 0 1 0.3245 1 1 0 0.0000 0.4900
9 135.3313 94.3023 4 1 0 0 0.4176 0 1 0 0.0000 0.4900
9 91.5153 109.5289 2 2 0 1 1.7921 1 1 0 0.0000 0.4900
9 77.2926 99.9871 1 1 0 1 0.4008 1 1 0 0.0000 0.4900
9 100.7278 116.5772 2 2 0 1 0.0100 1 1 0 0.0000 0.4900
9 93.3562 125.6489 2 1 0 0 0.9355 0 1 0 0.0000 0.4900
9 93.1776 65.4764 3 2 0 0 1.8919 0 1 0 0.0000 0.4900
9 115.0339 82.6380 3 1 0 0 1.6981 0 1 0 0.0000 0.4900
9 72.0866 111.0079 1 2 0 0 1.1050 0 1 0 0.0000 0.4900
9 133.2758 109.7255 4 2 0 0 0.1948 0 1 0 0.0000 0.4900
9 122.1670 87.2851 4 1 0 0 0.2388 0 1 0 0.0000 0.4900
9 58.3275 73.3529 1 2 0 0 1.7941 0 1 0 0.0000 0.4900
9 109.4130 86.6045 3 2 0 0 1.7420 0 1 0 0.0000 0.4900
9 131.4001 98.8049 4 1 0 0 0.8431 0 1 0 0.0000 0.4900
9 88.9937 55.4789 3 1 0 0 1.6692 0 1 0 0.0000 0.4900
9 119.2084 107.1740 4 1 0 0 1.5891 0 1 0 0.0000 0.4900
9 59.6690 94.7477 1 1 0 1 1.5774 1 1 0 0.0000 0.4900
9 98.0288 118.9963 2 1 0 0 1.8474 0 1 0 0.0000 0.4900
9 118.3336 94.6428 4 1 0 0 0.2115 0 1 0 0.0000 0.4900
9 100.5722 59.0357 3 2 0 0 0.2969 0 1 0 0.0000 0.4900
9 103.8987 52.9844 3 1 0 0 1.8415 0 1 0 0.0000 0.4900
9 58.3788 84.3613 1 1 0 1 1.3752 1 1 0 0.0000 0.4900
9 77.5306 86.0670 1 2 0 0 1.6745 0 1 0 0.0000 0.4900
9 111.1747 126.9010 2 2 0 1 0.2244 1 1 0 0.0000 0.4900
9 117.5010 78.0190 3 1 0 0 1.0905 0 1 0 0.0000 0.4900
9 96.9975 144.9041 2 1 0 0 1.3037 0 1 0 0.0000 0.4900
9 113.9239 134.0780 2 1 0 0 1.1174 0 1 0 0.0000 0.4900
9 101.9270 124.9169 2 1 0 0 1.2992 0 1 0 0.0000 0.4900
9 63.4817 91.5669 1 2 0 0 1.3159 0 1 0 0.0000 0.4900
9 102.0468 85.1780 3 2 0 0 1.0463 0 1 0 0.0000 0.4900
9 133.9920 82.4607 4 1 0 0 0.9244 0 1 0 0.0000 0.4900
9 79.9215 80.1434 1 2 0 0 0.1655 0 1 0 0.0000 0.4900
9 93.9527 116.2486 2 1 0 0 1.7383 0 1 0 0.0000 0.4900
9 97.6390 74.1439 3 1 0 0 0.2902 0 1 0 0.0000 0.4900
9 66.9476 106.2204 1 1 0 1 0.7944 1 1 0 0.0000 0.4900
9 129.5553 104.7185 4 2 0 0 0.2993 0 1 0 0.0000 0.4900
9 109.0160 110.1222 4 1 0 0 0.2958 0 1 0 0.0000 0.4900
9 84.3613 143.2540 2 2 0 1 0.2502 1 1 0 0.0000 0.4900
9 99.8741 116.0471 2 2 0 1 0.1434 1 1 0 0.0000 0.4900
9 133.9500 86.6055 4 2 0 0 1.7459 0 1 0 0.0000 0.4900
9 126.1289 115.0799 4 1 0 0 0.7343 0 1 0 0.0000 0.4900
9 76.8107 106.3702 1 2 0 0 1.6082 0 1 0 0.0000 0.4900
9 78.2750 98.0735 1 1 0 1 0.9787 1 1 0 0.0000 0.4900
9 96.0057 70.3104 3 1 0 0 1.0256 0 1 0 0.0000 0.4900
9 71.7453 107.3721 1 1 0 1 1.9488 1 1 0 0.0000 0.4900
9 128.9701 121.7062 4 2 0 0 0.3732 0 1 0 0.0000 0.4900
