1 106.3064 69.9625 3 1 0 0 3.6949 0 1 0 0.0000 0.0000
1 131.5554 93.7477 4 3 0 0 3.1760 0 1 0 0.0000 0.0000
1 121.3137 98.8788 4 2 0 0 1.3618 0 1 0 0.0000 0.0000
1 80.1687 102.4136 1 4 0 0 0.7654 0 1 0 0.0000 0.0000
1 104.8418 64.5808 3 1 0 0 2.8085 0 1 0 0.0000 0.0000
1 114.8966 101.9000 4 2 0 0 2.4398 0 1 0 0.0000 0.0000
1 122.5304 84.5825 4 2 0 0 1.5340 0 1 0 0.0000 0.0000
1 138.1587 109.2010 4 2 0 0 0.7656 0 1 0 0.0000 0.0000
1 101.3815 73.0170 3 3 0 1 0.8413 1 1 0 0.0000 0.0000
1 95.5026 80.5391 3 3 0 1 0.5023 1 1 0 0.0000 0.0000
1 124.6191 98.2480 4 3 0 0 0.6345 0 1 0 0.0000 0.0000
1 112.9909 56.6666 3 1 0 0 1.5216 0 1 0 0.0000 0.0000
1 124.2482 90.8835 4 1 0 0 1.4083 0 1 0 0.0000 0.0000
1 88.5755 154.7110 2 2 0 1 1.1627 1 1 0 0.0000 0.0000
1 68.5902 111.2368 1 3 0 0 1.2474 0 1 0 0.0000 0.0000
1 65.4832 111.9926 1 2 0 0 0.7099 0 1 0 0.0000 0.0000
1 71.1379 121.6782 1 1 0 1 0.4462 1 1 0 0.0000 0.0000
1 73.7486 110.4400 1 1 0 1 1.0402 1 1 0 0.0000 0.0000
1 85.1726 84.3353 1 4 0 0 1.2501 0 1 0 0.0000 0.0000
1 78.0881 134.8433 2 2 0 1 0.8882 1 1 0 0.0000 0.0000
1 98.5767 125.9519 2 2 0 1 0.6617 1 1 0 0.0000 0.0000
1 101.9270 124.9169 2 2 0 1 0.6853 1 1 0 0.0000 0.0000
1 136.7401 101.5012 4 4 0 1 1.7184 1 1 0 0.0000 0.0000
1 126.1289 115.0799 4 4 0 1 0.4252 1 1 0 0.0000 0.0000
1 103.8987 52.9844 3 3 0 1 1.7708 1 1 0 0.0000 0.0000
1 115.8688 77.2415 3 3 0 1 0.5915 1 1 0 0.0000 0.0000
1 132.4578 93.5496 4 3 0 0 0.6775 0 1 0 0.0000 0.0000
1 94.8067 71.0829 3 1 0 0 1.2455 0 1 0 0.0000 0.0000
1 96.1417 70.8354 3 3 0 1 0.9492 1 1 0 0.0000 0.0000
1 110.4528 128.4331 2 1 0 0 2.7081 0 1 0 0.0000 0.0000
1 109.4130 86.6045 3 2 0 0 2.0482 0 1 0 0.0000 0.0000
1 77.6529 103.1860 1 1 0 1 2.6189 1 1 0 0.0000 0.0000
1 103.7433 91.3476 4 1 0 0 0.9969 0 1 0 0.0000 0.0000
1 72.9761 91.8513 1 1 0 1 0.9333 1 1 0 0.0000 0.0000
1 105.3632 117.7025 2 3 0 0 1.6044 0 1 0 0.0000 0.0000
1 70.8464 89.2329 1 1 0 1 0.6609 1 1 0 0.0000 0.0000
1 96.4548 124.9745 2 1 0 0 1.2457 0 1 0 0.0000 0.0000
1 94.8941 72.0194 3 3 0 1 1.5244 1 1 0 0.0000 0.0000
1 83.2440 87.2348 3 1 0 0 1.4911 0 1 0 0.0000 0.0000
1 150.1976 102.3980 4 4 0 1 1.2007 1 1 0 0.0000 0.0000
1 98.0211 135.4689 2 2 0 1 4.4053 1 1 0 0.0000 0.0000
1 98.0184 84.3762 3 3 0 1 2.3656 1 1 0 0.0000 0.0000
1 89.2490 78.6219 3 1 0 0 4.1448 0 1 0 0.0000 0.0000
1 76.5790 100.0855 1 3 0 0 0.5941 0 1 0 0.0000 0.0000
1 95.9064 128.1414 2 3 0 0 0.6148 0 1 0 0.0000 0.0000
1 106.6255 68.2164 3 3 0 1 1.1334 1 1 0 0.0000 0.0000
1 78.2750 98.0735 1 1 0 1 0.5757 1 1 0 0.0000 0.0000
1 96.0948 76.7071 3 1 0 0 1.7652 0 1 0 0.0000 0.0000
1 95.0812 129.7580 2 2 0 1 1.1772 1 1 0 0.0000 0.0000
1 79.9215 80.1434 1 3 0 0 0.7040 0 1 0 0.0000 0.0000
1 121.9180 85.3120 4 1 0 0 1.0660 0 1 0 0.0000 0.0000
1 97.8026 130.4800 2 2 0 1 1.0375 1 1 0 0.0000 0.0000
1 109.2990 94.7243 4 4 0 1 2.8651 1 1 0 0.0000 0.0000
1 92.9046 122.1020 2 4 0 0 0.7538 0 1 0 0.0000 0.0000
1 101.1053 71.3264 3 3 0 1 6.2675 1 1 0 0.0000 0.0000
1 64.1784 95.8536 1 1 0 1 3.0125 1 1 0 0.0000 0.0000
1 87.7027 99.6187 1 3 0 0 0.8249 0 1 0 0.0000 0.0000
1 135.2789 131.4748 4 2 0 0 0.7884 0 1 0 0.0000 0.0000
1 77.5743 106.8028 1 1 0 1 1.3933 1 1 0 0.0000 0.0000
1 93.9370 62.4624 3 3 0 1 1.5008 1 1 0 0.0000 0.0000
1 87.4036 103.1563 1 1 0 1 0.9868 1 1 0 0.0000 0.0000
1 96.6394 63.9314 3 3 0 1 3.8515 1 1 0 0.0000 0.0000
1 76.4013 95.2955 1 1 0 1 0.7091 1 1 0 0.0000 0.0000
1 77.8577 103.2591 1 3 0 0 0.6227 0 1 0 0.0000 0.0000
1 74.4528 101.6761 1 1 0 1 1.7975 1 1 0 0.0000 0.0000
1 125.4987 91.7156 4 4 0 1 2.6189 1 1 0 0.0000 0.0000
1 109.2279 139.7944 2 2 0 1 2.1489 1 1 0 0.0000 0.0000
1 74.8396 110.4062 1 1 0 1 4.2916 1 1 0 0.0000 0.0000
1 82.9756 154.2510 2 2 0 1 1.8496 1 1 0 0.0000 0.0000
1 131.2137 109.6500 4 4 0 1 1.9380 1 1 0 0.0000 0.0000
1 101.9112 68.7101 3 3 0 1 12.4261 1 1 0 0.0000 0.0000
1 91.8422 58.5898 3 3 0 1 4.0318 1 1 0 0.0000 0.0000
1 102.9168 122.0853 2 2 0 1 4.3505 1 1 0 0.0000 0.0000
1 92.5239 112.3685 2 2 0 1 0.9998 1 1 0 0.0000 0.0000
1 115.6346 88.5311 3 2 0 0 1.4502 0 1 0 0.0000 0.0000
1 89.6707 66.7162 3 3 0 1 2.5673 1 1 0 0.0000 0.0000
1 129.4991 98.6783 4 4 0 1 1.9524 1 1 0 0.0000 0.0000
1 87.3270 119.1106 2 2 0 1 7.6738 1 1 0 0.0000 0.0000
1 125.7579 107.7674 4 4 0 1 0.9832 1 1 0 0.0000 0.0000
1 118.5892 107.7876 2 2 0 1 1.1259 1 1 0 0.0000 0.0000
1 88.9518 121.9229 2 2 0 1 1.2907 1 1 0 0.0000 0.0000
1 68.2180 104.2906 1 3 0 0 3.0758 0 1 0 0.0000 0.0000
1 124.8026 92.4396 4 3 0 0 0.6814 0 1 0 0.0000 0.0000
1 85.6570 87.3307 1 3 0 0 1.8086 0 1 0 0.0000 0.0000
1 85.7585 122.9180 2 1 0 0 0.6445 0 1 0 0.0000 0.0000
1 135.1553 91.0800 4 4 0 1 1.4837 1 1 0 0.0000 0.0000
1 119.6669 98.9626 4 4 0 1 0.9677 1 1 0 0.0000 0.0000
1 117.2242 127.3864 2 4 0 0 1.8300 0 1 0 0.0000 0.0000
1 74.4056 94.8732 1 1 0 1 1.8500 1 1 0 0.0000 0.0000
1 90.7772 75.4578 3 1 0 0 4.1767 0 1 0 0.0000 0.0000
1 123.6157 140.5805 2 2 0 1 1.3951 1 1 0 0.0000 0.0000
1 125.0520 99.4714 4 1 0 0 3.8874 0 1 0 0.0000 0.0000
1 85.8959 100.2280 1 1 0 1 4.2173 1 1 0 0.0000 0.0000
1 140.9303 83.2723 4 2 0 0 1.6290 0 1 0 0.0000 0.0000
1 112.3647 123.1131 2 2 0 1 3.8077 1 1 0 0.0000 0.0000
1 103.7841 117.2437 2 2 0 1 3.0001 1 1 0 0.0000 0.0000
1 133.6609 106.8919 4 4 0 1 1.4537 1 1 0 0.0000 0.0000
1 64.4410 99.6203 1 3 0 0 3.4496 0 1 0 0.0000 0.0000
1 101.1555 128.3788 2 2 0 1 1.4800 1 1 0 0.0000 0.0000
1 94.9933 68.5995 3 3 0 1 1.3320 1 1 0 0.0000 0.0000
2 117.5010 78.0190 3 3 0 1 1.1944 1 1 0 0.0000 0.0000
2 96.1414 112.7962 2 2 0 1 4.4534 1 1 0 0.0000 0.0000
2 95.0873 138.8186 2 2 0 1 1.1342 1 1 0 0.0000 0.0000
2 73.2713 112.1859 1 2 0 0 1.5379 0 1 0 0.0000 0.0000
2 104.2406 138.9003 2 2 0 1 0.7839 1 1 0 0.0000 0.0000
2 79.3083 92.6669 1 3 0 0 1.2902 0 1 0 0.0000 0.0000
2 116.9702 92.0839 4 3 0 0 0.9134 0 1 0 0.0000 0.0000
2 67.5129 120.7204 1 1 0 1 0.8789 1 1 0 0.0000 0.0000
2 64.0133 119.6554 1 1 0 1 0.7637 1 1 0 0.0000 0.0000
2 86.6962 51.7089 3 3 0 1 1.2061 1 1 0 0.0000 0.0000
2 76.1449 86.4680 1 3 0 0 1.7232 0 1 0 0.0000 0.0000
2 104.7057 119.4283 2 1 0 0 2.7495 0 1 0 0.0000 0.0000
2 122.1147 103.2817 4 1 0 0 1.0828 0 1 0 0.0000 0.0000
2 92.5878 154.2830 2 2 0 1 2.7015 1 1 0 0.0000 0.0000
2 105.3469 62.1127 3 3 0 1 1.0183 1 1 0 0.0000 0.0000
2 132.5168 79.3665 4 4 0 1 3.5782 1 1 0 0.0000 0.0000
2 81.9795 108.6904 1 1 0 1 1.6126 1 1 0 0.0000 0.0000
2 111.5165 115.1448 2 2 0 1 2.3969 1 1 0 0.0000 0.0000
2 113.0291 96.0229 4 4 0 1 1.5373 1 1 0 0.0000 0.0000
2 150.6347 101.2032 4 4 0 1 1.1505 1 1 0 0.0000 0.0000
2 108.5905 150.0014 2 2 0 1 1.9696 1 1 0 0.0000 0.0000
2 64.0041 91.5645 1 1 0 1 0.8424 1 1 0 0.0000 0.0000
2 105.9622 87.7261 3 1 0 0 1.1100 0 1 0 0.0000 0.0000
2 105.4858 142.3728 2 2 0 1 0.8412 1 1 0 0.0000 0.0000
2 103.4156 75.8864 3 1 0 0 1.7015 0 1 0 0.0000 0.0000
2 101.7707 60.4127 3 3 0 1 0.9205 1 1 0 0.0000 0.0000
2 148.4004 105.7397 4 4 0 1 2.6302 1 1 0 0.0000 0.0000
2 143.6140 95.9601 4 4 0 1 0.9599 1 1 0 0.0000 0.0000
2 127.7091 94.5345 4 4 0 1 0.8782 1 1 0 0.0000 0.0000
2 109.0160 110.1222 4 4 0 1 1.7862 1 1 0 0.0000 0.0000
2 60.3511 114.3077 1 2 0 0 4.6696 0 1 0 0.0000 0.0000
2 127.3768 98.4144 4 2 0 0 1.0053 0 1 0 0.0000 0.0000
2 100.2814 82.6420 3 1 0 0 0.4781 0 1 0 0.0000 0.0000
2 107.5802 141.2795 2 2 0 1 0.9605 1 1 0 0.0000 0.0000
2 88.7273 138.5179 2 2 0 1 3.6655 1 1 0 0.0000 0.0000
2 134.4524 99.3927 4 4 0 1 1.8156 1 1 0 0.0000 0.0000
2 105.5620 113.2681 2 4 0 0 1.3235 0 1 0 0.0000 0.0000
2 71.1468 98.6645 1 2 0 0 1.3791 0 1 0 0.0000 0.0000
2 138.9077 109.0262 4 2 0 0 0.9091 0 1 0 0.0000 0.0000
2 84.2333 137.9453 2 2 0 1 0.5859 1 1 0 0.0000 0.0000
2 88.1573 69.8247 3 3 0 1 4.2577 1 1 0 0.0000 0.0000
2 108.7283 146.0765 2 2 0 1 1.5889 1 1 0 0.0000 0.0000
2 97.4285 121.9249 2 1 0 0 1.9577 0 1 0 0.0000 0.0000
2 116.4688 89.7162 4 2 0 0 1.3905 0 1 0 0.0000 0.0000
2 110.8904 77.7991 3 3 0 1 1.4016 1 1 0 0.0000 0.0000
2 92.7225 150.3744 2 2 0 1 0.9164 1 1 0 0.0000 0.0000
2 102.1152 59.2238 3 3 0 1 0.5961 1 1 0 0.0000 0.0000
2 95.0595 146.4255 2 2 0 1 0.9860 1 1 0 0.0000 0.0000
2 106.7931 73.1952 3 3 0 1 0.5068 1 1 0 0.0000 0.0000
2 126.1778 99.7698 4 1 0 0 1.5347 0 1 0 0.0000 0.0000
2 94.5770 65.3457 3 3 0 1 1.0047 1 1 0 0.0000 0.0000
2 101.7032 60.1956 3 4 0 0 1.8834 0 1 0 0.0000 0.0000
2 65.5803 106.6743 1 1 0 1 1.8750 1 1 0 0.0000 0.0000
2 125.0165 87.0374 4 4 0 1 1.9453 1 1 0 0.0000 0.0000
2 127.5829 95.3633 4 4 0 1 1.2493 1 1 0 0.0000 0.0000
2 83.5518 92.8667 1 1 0 1 2.3425 1 1 0 0.0000 0.0000
2 70.7232 116.5256 1 2 0 0 1.3049 0 1 0 0.0000 0.0000
2 63.4951 112.7103 1 1 0 1 1.0262 1 1 0 0.0000 0.0000
2 114.2944 103.6657 4 4 0 1 1.2508 1 1 0 0.0000 0.0000
2 90.9948 70.2116 3 3 0 1 1.2884 1 1 0 0.0000 0.0000
2 101.3003 118.2468 2 2 0 1 1.1060 1 1 0 0.0000 0.0000
2 85.5099 78.3823 3 3 0 1 2.5171 1 1 0 0.0000 0.0000
2 121.8793 109.9178 4 4 0 1 1.8047 1 1 0 0.0000 0.0000
2 60.5538 97.4907 1 3 0 0 5.2805 0 1 0 0.0000 0.0000
2 53.1331 82.5922 1 1 0 1 0.9270 1 1 0 0.0000 0.0000
2 69.6821 91.3549 1 1 0 1 0.9579 1 1 0 0.0000 0.0000
2 80.0384 101.4079 1 1 0 1 1.2130 1 1 0 0.0000 0.0000
2 66.1732 98.4152 1 1 0 1 1.1225 1 1 0 0.0000 0.0000
2 79.5622 79.5091 3 3 0 1 1.3654 1 1 0 0.0000 0.0000
2 129.2816 110.8507 4 4 0 1 1.1504 1 1 0 0.0000 0.0000
2 94.7207 105.7847 2 4 0 0 4.2743 0 1 0 0.0000 0.0000
2 108.8790 128.9527 2 4 0 0 1.1256 0 1 0 0.0000 0.0000
2 94.9339 58.1167 3 3 0 1 1.0004 1 1 0 0.0000 0.0000
2 109.2525 147.8820 2 2 0 1 2.3608 1 1 0 0.0000 0.0000
2 110.6129 128.7154 2 2 0 1 0.8611 1 1 0 0.0000 0.0000
2 70.9591 107.6042 1 1 0 1 4.6013 1 1 0 0.0000 0.0000
2 90.9210 64.4163 3 3 0 1 0.9494 1 1 0 0.0000 0.0000
2 94.3484 71.3368 3 4 0 0 1.2857 0 1 0 0.0000 0.0000
2 94.1668 86.3556 3 3 0 1 2.0929 1 1 0 0.0000 0.0000
2 136.0329 94.3559 4 4 0 1 1.0170 1 1 0 0.0000 0.0000
2 52.2791 89.7587 1 3 0 0 2.2812 0 1 0 0.0000 0.0000
2 103.5760 77.8437 3 3 0 1 14.6495 1 1 0 0.0000 0.0000
2 104.0930 67.8945 3 3 0 1 1.1120 1 1 0 0.0000 0.0000
2 82.4519 94.3090 1 3 0 0 4.3942 0 1 0 0.0000 0.0000
2 110.4242 97.2032 4 3 0 0 1.8258 0 1 0 0.0000 0.0000
2 135.4754 103.0953 4 2 0 0 1.5430 0 1 0 0.0000 0.0000
2 102.1550 55.7520 3 3 0 1 1.0298 1 1 0 0.0000 0.0000
2 71.3646 100.4742 1 1 0 1 2.6784 1 1 0 0.0000 0.0000
2 100.6615 138.9520 2 2 0 1 1.6340 1 1 0 0.0000 0.0000
2 137.3462 113.9915 4 4 0 1 1.1081 1 1 0 0.0000 0.0000
2 87.3135 64.0285 3 3 0 1 6.5510 1 1 0 0.0000 0.0000
2 64.7926 86.6726 1 1 0 1 0.7264 1 1 0 0.0000 0.0000
2 89.2050 134.1374 2 2 0 1 2.7999 1 1 0 0.0000 0.0000
2 133.9500 86.6055 4 4 0 1 0.7350 1 1 0 0.0000 0.0000
2 99.8686 69.5788 3 3 0 1 3.4638 1 1 0 0.0000 0.0000
2 74.1195 99.1445 1 1 0 1 2.0234 1 1 0 0.0000 0.0000
2 111.1747 126.9010 2 2 0 1 1.4898 1 1 0 0.0000 0.0000
2 80.0097 106.6956 1 3 0 0 3.4385 0 1 0 0.0000 0.0000
2 106.9555 129.7324 2 2 0 1 0.8622 1 1 0 0.0000 0.0000
2 139.5657 102.7081 4 4 0 1 1.0341 1 1 0 0.0000 0.0000
3 118.3336 94.6428 4 3 0 0 4.3303 0 1 0 0.0000 0.0000
3 107.6564 76.9826 3 3 0 1 1.3848 1 1 0 0.0000 0.0000
3 98.9164 142.1705 2 2 0 1 0.8348 1 1 0 0.0000 0.0000
3 80.3630 107.5832 1 2 0 0 4.3030 0 1 0 0.0000 0.0000
3 119.6989 106.1292 4 2 0 0 1.0442 0 1 0 0.0000 0.0000
3 100.6883 64.5680 3 3 0 1 1.5442 1 1 0 0.0000 0.0000
3 88.9937 55.4789 3 1 0 0 1.8150 0 1 0 0.0000 0.0000
3 115.3325 116.7625 2 2 0 1 3.6933 1 1 0 0.0000 0.0000
3 129.6642 100.7962 4 4 0 1 1.0930 1 1 0 0.0000 0.0000
3 109.9944 128.7132 2 2 0 1 8.3585 1 1 0 0.0000 0.0000
3 116.7455 95.2483 4 3 0 0 3.8922 0 1 0 0.0000 0.0000
3 93.3553 104.9840 1 1 0 1 1.2155 1 1 0 0.0000 0.0000
3 109.0777 102.4331 4 3 0 0 1.2695 0 1 0 0.0000 0.0000
3 116.0171 54.0204 3 3 0 1 0.9879 1 1 0 0.0000 0.0000
3 100.2864 72.4270 3 3 0 1 1.4199 1 1 0 0.0000 0.0000
3 65.8822 90.4625 1 1 0 1 0.8391 1 1 0 0.0000 0.0000
3 103.8039 134.0234 2 2 0 1 0.9154 1 1 0 0.0000 0.0000
3 86.9869 137.7303 2 2 0 1 1.2182 1 1 0 0.0000 0.0000
3 101.8314 70.9860 3 3 0 1 1.5122 1 1 0 0.0000 0.0000
3 87.6377 87.8999 1 1 0 1 1.0133 1 1 0 0.0000 0.0000
3 113.6511 134.4659 2 2 0 1 1.0776 1 1 0 0.0000 0.0000
3 99.0396 118.4244 2 2 0 1 0.7921 1 1 0 0.0000 0.0000
3 128.9701 121.7062 4 4 0 1 1.5552 1 1 0 0.0000 0.0000
3 89.9558 64.8627 3 3 0 1 2.0015 1 1 0 0.0000 0.0000
3 133.3841 95.1198 4 3 0 0 1.8507 0 1 0 0.0000 0.0000
3 55.6794 110.5232 1 1 0 1 4.6238 1 1 0 0.0000 0.0000
3 96.2220 119.3550 2 2 0 1 3.0530 1 1 0 0.0000 0.0000
3 79.9131 104.8711 1 1 0 1 3.1218 1 1 0 0.0000 0.0000
3 101.4158 66.0176 3 3 0 1 4.5041 1 1 0 0.0000 0.0000
3 101.6947 71.4132 3 3 0 1 1.2817 1 1 0 0.0000 0.0000
3 112.8966 126.8406 2 2 0 1 1.5445 1 1 0 0.0000 0.0000
3 123.7680 91.1913 4 2 0 0 2.0244 0 1 0 0.0000 0.0000
3 90.7604 118.0055 2 2 0 1 1.3173 1 1 0 0.0000 0.0000
3 109.1853 138.0732 2 2 0 1 1.4872 1 1 0 0.0000 0.0000
3 91.9884 65.8295 3 3 0 1 1.5659 1 1 0 0.0000 0.0000
3 93.4160 96.6826 1 3 0 0 0.8927 0 1 0 0.0000 0.0000
3 86.8404 95.0285 3 1 0 0 3.9294 0 1 0 0.0000 0.0000
3 104.8673 128.2429 2 2 0 1 0.5170 1 1 0 0.0000 0.0000
3 98.4734 67.9758 3 3 0 1 2.3614 1 1 0 0.0000 0.0000
3 97.0638 60.2841 3 3 0 1 0.6698 1 1 0 0.0000 0.0000
3 104.9786 107.9879 2 2 0 1 0.8853 1 1 0 0.0000 0.0000
3 100.2872 72.8516 3 3 0 1 0.7390 1 1 0 0.0000 0.0000
3 136.6960 85.7850 4 4 0 1 1.3398 1 1 0 0.0000 0.0000
3 79.5867 92.3888 1 3 0 0 3.7985 0 1 0 0.0000 0.0000
3 106.5451 94.5860 4 3 0 0 1.3401 0 1 0 0.0000 0.0000
3 67.4598 105.3197 1 1 0 1 0.4848 1 1 0 0.0000 0.0000
3 95.8491 76.6500 3 3 0 1 4.3438 1 1 0 0.0000 0.0000
3 105.2155 124.7106 2 2 0 1 0.9099 1 1 0 0.0000 0.0000
3 117.2038 70.5478 3 3 0 1 2.4114 1 1 0 0.0000 0.0000
3 80.3229 104.6976 1 2 0 0 9.3184 0 1 1 2.7519 1.0000
3 59.3703 85.0339 1 1 0 1 3.4959 1 1 1 0.2699 1.0000
3 139.6484 97.5681 4 4 0 1 3.1878 1 1 1 0.3839 1.0000
3 110.5923 67.3542 3 3 0 1 7.9276 1 1 0 0.5585 0.7500
3 133.6424 103.4671 4 4 0 1 5.2740 1 1 1 2.7788 0.8000
3 118.0005 110.7687 4 4 0 1 2.8160 1 1 1 2.2583 0.8333
3 83.0973 99.6898 1 2 0 0 2.6364 0 1 1 0.9712 0.8571
3 63.8999 101.5863 1 1 0 1 2.6574 1 1 1 2.4650 0.8750
3 58.3788 84.3613 1 1 0 1 1.8395 1 1 1 1.8178 0.8889
3 68.9197 110.3770 1 1 0 1 2.2137 1 1 1 2.0251 0.9000
3 94.9039 108.7768 2 2 0 1 3.5606 1 1 1 0.8800 0.9091
3 133.6930 86.1741 4 4 0 1 2.2120 1 1 1 1.2556 0.9167
3 79.8331 109.3147 1 1 0 1 5.0610 1 1 1 1.1047 0.9231
3 128.0954 100.7774 4 4 0 1 2.6031 1 1 1 1.5758 0.9286
3 103.4926 123.8252 2 4 0 0 2.4770 0 1 1 1.2702 0.9333
3 93.0298 127.9223 2 2 0 1 1.5878 1 1 1 0.8230 0.9375
3 95.9689 62.9362 3 3 0 1 2.7613 1 1 1 1.0520 0.9412
3 130.4596 86.2393 4 4 0 1 1.8607 1 1 1 1.5659 0.9444
3 103.5026 142.9016 2 2 0 1 1.5076 1 1 1 1.0295 0.9474
3 121.4979 110.0468 4 4 0 1 2.5891 1 1 1 1.0508 0.9500
3 134.5390 105.2827 4 4 0 1 1.6991 1 1 1 1.5287 0.9524
3 71.0679 87.6457 1 1 0 1 1.6131 1 1 1 1.3770 0.9545
3 64.3651 104.8376 1 1 0 1 1.2502 1 1 1 1.0213 0.9565
3 107.7596 101.6084 4 2 0 0 5.1735 0 1 1 0.9973 0.9583
3 122.0819 84.6832 4 4 0 1 2.4279 1 1 1 1.1081 0.9600
3 107.1687 132.0388 2 4 0 0 2.4771 0 1 1 1.4164 0.9615
3 77.2926 99.9871 1 1 0 1 1.1952 1 1 1 0.6454 0.9630
3 80.6127 64.8003 3 1 0 0 2.1473 0 1 1 0.9814 0.9643
3 129.0227 91.0200 4 4 0 1 4.0600 1 1 1 0.8782 0.9655
3 116.9347 101.9188 4 4 0 1 1.9704 1 1 1 0.8165 0.9667
3 104.8713 112.1152 2 4 0 0 8.2122 0 1 1 0.9143 0.9677
3 133.3195 99.7161 4 4 0 1 3.1610 1 1 1 0.7416 0.9688
3 113.0986 110.6975 2 4 0 0 24.0529 0 1 1 1.2093 0.9697
3 120.2365 105.3651 4 4 0 1 1.8300 1 1 1 0.6716 0.9706
3 62.8468 102.1042 1 1 0 1 1.4064 1 1 1 1.1167 0.9714
3 106.2040 62.1277 3 3 0 1 1.6395 1 1 0 1.3883 0.9444
3 104.7419 95.8541 4 2 0 0 4.1254 0 1 1 0.7866 0.9459
3 107.8462 71.1292 3 3 0 1 4.4518 1 1 1 0.7366 0.9474
3 111.7934 125.1150 2 2 0 1 3.2165 1 1 1 0.8469 0.9487
3 72.5890 103.3064 1 2 0 0 4.6268 0 1 1 1.6861 0.9500
3 107.7221 122.8525 2 4 0 0 3.6152 0 1 1 0.7744 0.9512
3 108.8308 89.4585 3 3 0 1 3.4322 1 1 1 0.8918 0.9524
3 93.3909 63.3240 3 3 0 1 2.2255 1 1 1 0.7266 0.9535
3 58.3275 73.3529 1 1 0 1 2.1041 1 1 1 1.0977 0.9545
3 78.1565 106.1586 1 1 0 1 4.3083 1 1 1 0.5425 0.9556
3 96.5532 70.7419 3 3 0 1 2.2512 1 1 1 0.8968 0.9565
3 111.2919 71.9448 3 3 0 1 5.9746 1 1 1 0.4907 0.9574
3 100.1946 133.4809 2 2 0 1 1.6055 1 1 1 1.1303 0.9583
3 98.0288 118.9963 2 2 0 1 1.8450 1 1 1 0.7671 0.9592
3 81.7712 111.1103 1 1 0 1 3.1681 1 1 1 0.8442 0.9600
3 70.0570 97.8239 1 1 0 1 3.0885 1 1 1 0.8265 0.9608
4 108.1576 121.1709 2 4 4 0 5.6237 1 0 1 1.8439 0.9615
4 128.3816 97.9748 4 3 3 0 2.8171 1 0 1 0.7091 0.9623
4 105.3890 122.3535 2 2 4 1 2.7405 0 0 1 0.8695 0.9630
4 123.1753 102.4976 4 4 2 1 2.3925 0 0 1 1.0401 0.9636
4 90.3402 116.8999 1 2 4 0 5.1924 0 0 1 0.9213 0.9643
4 108.6715 117.6680 2 4 4 0 3.1832 1 0 1 0.7800 0.9649
4 87.3606 68.2106 3 3 3 1 1.2615 1 0 1 0.8572 0.9655
4 96.4923 64.0008 3 3 1 1 3.1651 0 0 1 1.1139 0.9661
4 69.8300 103.9540 1 1 2 1 1.1734 0 0 1 1.1994 0.9667
4 96.8514 93.5220 1 3 4 0 8.9089 0 0 1 0.6698 0.9672
4 102.5889 83.5736 3 3 1 1 5.2923 0 0 1 0.7521 0.9677
4 131.2836 106.8547 4 4 2 1 3.0903 0 0 1 0.8468 0.9683
4 138.7935 110.5281 4 4 4 1 3.9077 1 0 1 1.1078 0.9688
4 131.2149 122.0328 4 4 3 1 12.2071 0 0 0 0.9957 0.9538
4 97.8579 128.1863 2 1 4 0 4.6997 0 0 1 0.6881 0.9545
4 127.0373 102.5313 4 4 1 1 2.6243 0 0 1 0.7032 0.9552
4 91.3367 66.3946 3 3 4 1 1.6640 0 0 0 1.0788 0.9412
4 106.8019 73.1424 3 1 3 0 4.1663 0 0 1 0.8799 0.9420
4 121.7999 103.9522 4 2 4 0 2.8367 0 0 1 1.7377 0.9429
4 122.0531 99.8556 4 3 1 0 3.5572 0 0 1 0.9398 0.9437
4 110.0655 62.6440 3 1 2 0 3.8423 0 0 1 0.8661 0.9444
4 90.9195 50.3999 3 3 4 1 2.2465 0 0 1 1.9800 0.9452
4 119.9412 80.9812 3 2 4 0 6.4141 0 0 1 1.0704 0.9459
4 122.3346 91.6734 4 3 1 0 5.3054 0 0 0 1.0206 0.9333
4 125.4167 88.3572 4 2 4 0 7.3328 0 0 1 0.9245 0.9342
4 73.3303 105.7902 1 1 4 1 2.5466 0 0 1 0.9441 0.9351
4 113.2000 100.1867 4 4 2 1 1.6860 0 0 1 0.8772 0.9359
4 74.0738 99.6458 1 1 2 1 1.9696 0 0 1 0.8312 0.9367
4 131.9209 123.1288 4 3 2 0 1.8588 0 0 1 0.9423 0.9375
4 102.3440 113.0387 2 2 1 1 9.1719 0 0 1 0.6346 0.9383
4 97.1936 128.5897 2 1 4 0 6.2007 0 0 1 1.2038 0.9390
4 102.2557 91.8934 3 4 1 0 2.2241 0 0 1 1.0909 0.9398
4 80.4441 103.3211 1 1 1 1 3.0036 1 0 1 1.3000 0.9405
4 56.5795 97.8917 1 1 4 1 0.9628 0 0 1 1.5747 0.9412
4 97.7604 139.6673 2 2 3 1 1.1159 0 0 1 0.7078 0.9419
4 137.7972 100.4247 4 4 2 1 1.7798 0 0 1 0.7326 0.9425
4 99.2293 138.8234 2 3 2 0 2.6525 0 0 1 3.2133 0.9432
4 119.7145 97.1257 4 4 1 1 1.6933 0 0 1 1.1229 0.9438
4 100.6753 135.6078 2 2 4 1 4.1415 0 0 1 1.2029 0.9444
4 116.6820 143.1406 2 1 2 0 2.1907 0 0 1 1.1392 0.9451
4 66.1666 70.6993 1 1 2 1 0.8463 0 0 1 0.9739 0.9457
4 100.9880 121.5908 2 1 1 0 2.2611 1 0 1 1.6578 0.9462
4 104.5617 56.6949 3 3 1 1 0.8982 0 0 1 0.7410 0.9468
4 95.9898 78.3730 3 1 3 0 2.8856 0 0 1 1.6269 0.9474
4 82.7853 71.5963 3 2 3 0 1.8584 0 0 1 3.4707 0.9479
4 91.6309 131.5931 2 3 1 0 2.9187 0 0 1 1.1000 0.9485
4 116.7106 100.2723 4 2 1 0 9.6697 0 0 1 0.7299 0.9490
4 105.5005 79.1120 3 4 2 0 5.4984 0 0 1 0.9141 0.9495
4 127.7061 107.1893 4 1 4 0 14.8220 0 0 1 1.2328 0.9500
4 131.6035 100.0489 4 2 4 0 6.2859 0 0 1 1.6763 0.9505
4 61.1240 86.3064 1 1 4 1 2.5807 0 0 1 1.3638 0.9510
4 94.4389 74.6188 3 3 3 1 1.4439 1 0 1 0.7718 0.9515
4 80.5237 83.7751 3 1 1 0 2.1330 1 0 1 0.8871 0.9519
4 69.9645 86.5683 1 1 1 1 1.0185 1 0 1 0.9432 0.9524
4 63.4358 97.9667 1 1 2 1 0.7897 0 0 1 1.2853 0.9528
4 92.9179 131.8423 2 2 4 1 1.1396 0 0 1 0.6832 0.9533
4 81.3311 81.8530 1 1 1 1 2.0260 1 0 1 0.7135 0.9537
4 100.5643 73.9713 3 3 3 1 1.4811 1 0 1 0.5851 0.9541
4 69.5087 113.4943 1 1 2 1 2.6125 0 0 1 0.7054 0.9545
4 78.5336 135.8575 2 1 3 0 3.0430 0 0 1 0.8446 0.9550
4 70.1847 112.6640 1 2 2 0 3.6640 1 0 1 1.1129 0.9554
4 124.7199 97.3623 4 4 4 1 5.2026 1 0 1 3.3307 0.9558
4 123.5941 102.7619 4 4 4 1 1.3663 1 0 1 0.8355 0.9561
4 51.4384 108.5347 1 1 3 1 2.1503 0 0 1 0.7483 0.9565
4 137.0833 98.5415 4 4 4 1 2.9729 1 0 1 0.7234 0.9569
4 98.1891 128.3366 2 4 3 0 2.0834 0 0 1 1.0909 0.9573
4 110.4685 121.2093 2 4 4 0 1.9161 1 0 1 1.2717 0.9576
4 76.5329 94.4930 1 2 1 0 1.9096 0 0 1 1.5549 0.9580
4 103.8216 160.6784 2 3 2 0 1.4633 0 0 1 1.3196 0.9583
4 111.1212 118.3085 4 4 3 1 7.6865 0 0 1 0.9036 0.9587
4 101.5874 128.6738 2 2 1 1 3.0358 0 0 1 0.7255 0.9590
4 72.1357 96.4958 1 3 1 0 1.4454 0 0 1 0.7422 0.9593
4 71.7453 107.3721 1 1 4 1 1.3353 0 0 1 0.8701 0.9597
4 79.8248 110.0313 1 2 1 0 6.9865 0 0 1 1.5624 0.9600
4 95.8447 83.3202 3 3 2 1 3.4242 0 0 1 2.5306 0.9603
4 64.8705 105.0281 1 1 3 1 1.2340 0 0 1 0.7656 0.9606
4 93.1776 65.4764 3 1 1 0 1.5027 1 0 1 1.0719 0.9609
4 70.7976 95.5266 1 3 3 0 1.7054 1 0 0 1.0722 0.9535
4 92.9690 69.1337 3 1 2 0 5.5932 0 0 1 0.8201 0.9538
4 120.7779 94.1121 4 1 2 0 5.3979 0 0 1 0.8204 0.9542
4 97.0720 123.3270 2 2 1 1 2.5991 0 0 1 0.9171 0.9545
4 105.4727 122.0417 2 3 3 0 6.2974 1 0 0 1.0826 0.9474
4 123.5913 90.9964 3 3 3 1 18.1635 1 0 1 3.6723 0.9478
4 98.4903 82.6266 3 2 1 0 1.3012 0 0 1 0.6907 0.9481
4 66.6809 92.0205 1 3 3 0 2.6419 1 0 1 0.7851 0.9485
4 113.3018 55.9921 3 2 2 0 1.7151 1 0 1 0.7631 0.9489
4 103.0292 121.9929 2 4 4 0 2.9726 1 0 1 1.2050 0.9493
4 111.8528 115.5680 2 3 4 0 4.5300 0 0 1 1.1385 0.9496
4 113.7865 95.2948 3 1 1 0 3.2621 1 0 1 0.9840 0.9500
4 106.5160 71.4494 3 3 3 1 1.3576 1 0 1 0.8744 0.9504
4 68.8092 92.9212 1 2 4 0 3.8850 0 0 0 0.8778 0.9437
4 107.9754 122.2757 2 1 3 0 3.6653 0 0 0 1.0666 0.9371
4 42.7977 98.7857 1 3 1 0 2.5470 0 0 1 0.6558 0.9375
4 142.5256 91.5844 4 4 4 1 19.4854 1 0 1 1.7087 0.9379
4 132.9668 97.6630 4 1 1 0 13.7495 1 0 1 0.7654 0.9384
4 107.4892 144.6437 2 3 2 0 15.2780 0 0 1 0.7712 0.9388
4 114.0655 154.3119 2 4 2 0 2.7400 0 0 1 0.6468 0.9392
4 140.1412 112.9269 4 2 3 0 4.0202 0 0 1 0.8818 0.9396
4 111.3216 66.9400 3 3 1 1 0.9493 0 0 1 0.6647 0.9400
4 74.1213 97.4802 1 1 3 1 2.0706 0 0 1 1.3190 0.9404
5 90.2395 128.2253 2 3 3 0 2.4793 1 0 1 0.8909 0.9408
5 123.1581 86.3214 3 2 3 0 1.2652 0 0 0 0.8604 0.9346
5 82.0931 84.7054 1 1 2 1 1.2804 0 0 1 0.9728 0.9351
5 116.2361 104.3239 4 4 3 1 4.8675 0 0 1 0.9239 0.9355
5 112.2636 78.2404 3 1 1 0 2.3051 1 0 1 1.6715 0.9359
5 109.8450 73.7830 3 4 2 0 1.6337 0 0 1 0.6470 0.9363
5 110.0177 129.0274 2 2 4 1 12.5325 0 0 1 1.2513 0.9367
5 118.1874 104.7384 4 3 2 0 1.9532 0 0 1 0.7013 0.9371
5 94.5580 127.3204 2 2 1 1 2.8603 0 0 1 0.6111 0.9375
5 132.9935 87.5063 4 1 2 0 1.5852 0 0 1 0.8221 0.9379
5 116.9842 121.0366 4 4 4 1 1.0651 1 0 1 0.8667 0.9383
5 133.5661 96.3853 4 4 2 1 0.9834 0 0 1 0.8119 0.9387
5 108.8770 124.8040 2 3 1 0 2.3742 0 0 1 0.7189 0.9390
5 117.0446 134.5159 2 1 1 0 21.2305 1 0 0 0.4004 0.9333
5 69.6587 95.3935 1 2 2 0 2.0443 1 0 1 1.1643 0.9337
5 135.8998 87.2633 4 4 3 1 1.1602 0 0 1 0.6418 0.9341
5 132.7261 92.5790 4 3 1 0 1.9670 0 0 1 0.7802 0.9345
5 67.6983 96.7664 1 1 2 1 1.3902 0 0 1 1.0546 0.9349
5 112.4084 118.7632 4 2 3 0 1.6605 0 0 1 0.3861 0.9353
5 145.5079 105.0925 4 4 1 1 0.4252 0 0 1 0.5116 0.9357
5 104.4554 125.8732 2 2 2 1 1.9620 1 0 1 1.2072 0.9360
5 105.3527 58.0847 3 1 4 0 1.9883 0 0 1 1.1103 0.9364
5 134.6237 92.0509 4 1 4 0 2.8017 0 0 1 1.6698 0.9368
5 143.6517 112.9284 4 3 2 0 1.8705 0 0 1 1.1946 0.9371
5 54.5403 100.5869 1 4 1 0 2.0558 0 0 1 0.6810 0.9375
5 77.9959 133.3717 2 2 3 1 1.0322 0 0 1 0.7661 0.9379
5 74.2690 85.7949 1 3 2 0 2.3840 0 0 1 0.8421 0.9382
5 83.6900 97.7592 1 2 2 0 2.0931 1 0 1 1.3899 0.9385
5 116.8400 79.5157 3 3 3 1 1.9360 1 0 1 0.7650 0.9389
5 101.1719 119.2859 2 1 3 0 1.7258 0 0 1 0.7902 0.9392
5 131.4001 98.8049 4 3 4 0 0.9203 0 0 1 1.5478 0.9396
5 75.5032 120.2016 1 2 3 0 2.2733 0 0 0 1.1754 0.9344
5 127.1002 108.3619 4 1 2 0 7.3798 0 0 1 2.0307 0.9348
5 104.9014 118.6219 2 4 4 0 1.3296 1 0 1 1.2307 0.9351
5 137.0804 110.1187 4 4 3 1 0.6044 0 0 1 1.0632 0.9355
5 91.5616 71.1302 3 3 2 1 1.4563 0 0 1 0.8167 0.9358
5 87.1385 149.7429 2 2 4 1 1.0782 0 0 1 4.6213 0.9362
5 85.2607 84.4604 1 2 1 0 0.8182 0 0 1 2.7381 0.9365
5 49.0672 104.1744 1 3 4 0 3.2689 0 0 0 1.6208 0.9316
5 106.6803 75.3501 3 2 4 0 5.5011 0 0 1 0.7420 0.9319
5 112.8350 144.2134 2 3 3 0 2.1347 1 0 1 1.6875 0.9323
5 64.8654 97.4523 1 1 1 1 2.3036 1 0 1 0.7622 0.9326
5 120.2600 88.8269 4 4 2 1 2.2682 0 0 1 0.8962 0.9330
5 87.5448 133.7851 2 2 2 1 1.4778 1 0 1 1.3674 0.9333
5 69.4482 106.4665 1 2 4 0 0.7122 0 0 0 0.9197 0.9286
5 117.8498 104.5631 4 2 2 0 3.5488 1 0 1 1.9233 0.9289
5 54.7262 102.9481 1 2 1 0 0.9956 0 0 1 2.2800 0.9293
5 107.4212 77.5781 3 1 4 0 1.7299 0 0 1 0.9228 0.9296
5 96.4990 80.8376 3 4 3 0 3.1682 0 0 1 1.0886 0.9300
5 113.7347 110.0741 4 2 3 0 1.3323 0 0 0 0.0000 0.9300
5 84.0640 104.1338 1 2 4 0 0.9744 0 0 0 0.0000 0.9300
5 99.2885 68.1986 3 3 3 1 3.0221 1 0 0 0.0000 0.9300
5 92.5923 132.0602 2 3 1 0 4.4525 0 0 0 0.0000 0.9300
5 67.0555 109.5032 1 3 4 0 1.3418 0 0 0 0.0000 0.9300
5 103.7936 74.4077 3 3 2 1 0.6950 0 0 0 0.0000 0.9300
5 59.6690 94.7477 1 1 1 1 0.7673 1 0 0 0.0000 0.9300
5 63.8414 99.9808 1 1 1 1 0.4106 1 0 0 0.0000 0.9300
5 123.0373 92.7710 4 3 3 0 0.7001 1 0 0 0.0000 0.9300
5 122.1670 87.2851 4 3 1 0 2.1820 0 0 0 0.0000 0.9300
5 102.5619 50.8807 3 3 3 1 1.2696 1 0 0 0.0000 0.9300
5 93.2724 118.2552 2 3 1 0 4.1426 0 0 0 0.0000 0.9300
5 63.8100 110.5574 1 1 1 1 1.3144 1 0 0 0.0000 0.9300
5 79.8961 81.1035 3 1 1 0 0.7171 1 0 0 0.0000 0.9300
5 105.2428 69.6735 3 3 4 1 1.8938 0 0 0 0.0000 0.9300
5 126.7152 117.4950 4 2 4 0 1.2814 0 0 0 0.0000 0.9300
5 122.1071 98.6297 4 4 4 1 0.8275 1 0 0 0.0000 0.9300
5 91.8763 91.1651 1 3 3 0 3.6253 1 0 0 0.0000 0.9300
5 104.1968 141.2735 2 2 2 1 1.1985 1 0 0 0.0000 0.9300
5 101.4667 116.3394 2 2 1 1 2.5969 0 0 0 0.0000 0.9300
5 110.7191 120.0225 2 3 1 0 1.6636 0 0 0 0.0000 0.9300
5 86.1985 132.7623 2 1 1 0 1.0624 1 0 0 0.0000 0.9300
5 116.6119 107.6445 4 4 4 1 1.9791 1 0 0 0.0000 0.9300
5 76.3090 94.5660 1 1 3 1 0.6448 0 0 0 0.0000 0.9300
5 84.9633 129.4892 2 3 2 0 0.9895 0 0 0 0.0000 0.9300
5 98.9094 143.2802 2 2 2 1 4.4314 1 0 0 0.0000 0.9300
5 88.9087 58.4290 3 3 4 1 0.7939 0 0 0 0.0000 0.9300
5 81.3666 54.0435 3 3 3 1 0.5991 1 0 0 0.0000 0.9300
5 114.0260 71.2138 3 1 1 0 1.6782 1 0 0 0.0000 0.9300
5 93.6683 67.5234 3 1 4 0 3.9376 0 0 0 0.0000 0.9300
5 105.8389 59.3266 3 3 2 1 0.5913 0 0 0 0.0000 0.9300
5 94.9160 127.7004 2 2 3 1 1.5273 0 0 0 0.0000 0.9300
5 72.5930 121.4012 1 1 4 1 0.5825 0 0 0 0.0000 0.9300
5 108.7611 66.5369 3 1 3 0 1.0376 0 0 0 0.0000 0.9300
5 137.4330 97.0950 4 3 2 0 0.4804 0 0 0 0.0000 0.9300
5 103.9174 117.3660 2 3 4 0 1.5284 0 0 0 0.0000 0.9300
5 116.1249 104.1484 4 4 2 1 0.7279 0 0 0 0.0000 0.9300
5 98.1793 69.0923 3 3 4 1 1.0480 0 0 0 0.0000 0.9300
5 63.4817 91.5669 1 3 3 0 1.1787 1 0 0 0.0000 0.9300
5 142.5410 96.0239 4 1 3 0 2.3834 0 0 0 0.0000 0.9300
5 109.5893 66.1443 3 1 2 0 6.9795 0 0 0 0.0000 0.9300
5 84.6675 102.7472 1 3 4 0 2.4637 0 0 0 0.0000 0.9300
5 75.7972 136.1125 2 1 1 0 4.1344 1 0 0 0.0000 0.9300
5 108.9143 79.3603 3 3 4 1 1.9920 0 0 0 0.0000 0.9300
5 92.6224 121.3498 2 4 1 0 5.8598 0 0 0 0.0000 0.9300
5 63.0102 111.5537 1 1 1 1 0.7220 1 0 0 0.0000 0.9300
5 73.9319 114.8849 1 1 1 1 0.5088 1 0 0 0.0000 0.9300
5 57.9441 87.1006 1 3 3 0 2.1938 1 0 0 0.0000 0.9300
5 98.2988 66.6219 3 3 1 1 0.6247 0 0 0 0.0000 0.9300
5 102.0303 55.2700 3 4 3 0 1.0475 0 0 0 0.0000 0.9300
5 121.0435 119.9764 2 2 3 1 0.9214 0 0 0 0.0000 0.9300
6 114.6830 141.2372 2 4 1 0 1.9463 0 0 0 0.0000 0.9300
6 126.2479 93.8255 4 1 3 0 2.8416 0 0 0 0.0000 0.9300
6 129.2654 80.7698 4 3 3 0 1.1945 1 0 0 0.0000 0.9300
6 104.9284 74.3248 3 3 2 1 1.5049 0 0 0 0.0000 0.9300
6 121.1033 94.5771 4 3 1 0 1.0070 0 0 0 0.0000 0.9300
6 103.5668 102.0057 2 1 3 0 1.2644 0 0 0 0.0000 0.9300
6 75.9152 124.9741 1 4 4 0 0.7132 1 0 0 0.0000 0.9300
6 146.5705 88.5627 4 4 4 1 0.7720 1 0 0 0.0000 0.9300
6 99.0352 89.4037 3 3 3 1 1.8403 1 0 0 0.0000 0.9300
6 136.6643 105.0332 4 4 3 1 1.1587 0 0 0 0.0000 0.9300
6 106.4592 68.8722 3 3 3 1 0.8454 1 0 0 0.0000 0.9300
6 101.5459 83.4905 3 3 1 1 1.5622 0 0 0 0.0000 0.9300
6 63.6398 102.4741 1 1 2 1 2.7137 0 0 0 0.0000 0.9300
6 136.8027 115.4470 4 4 3 1 1.4633 0 0 0 0.0000 0.9300
6 75.9614 119.5233 1 2 4 0 1.2096 0 0 0 0.0000 0.9300
6 91.9709 124.1509 2 2 3 1 1.0573 0 0 0 0.0000 0.9300
6 103.0627 66.6268 3 3 1 1 0.8196 0 0 0 0.0000 0.9300
6 99.1364 69.9712 3 3 4 1 0.7213 0 0 0 0.0000 0.9300
6 97.3704 74.7911 3 1 1 0 0.9228 1 0 0 0.0000 0.9300
6 87.9524 84.3511 1 1 3 1 1.1948 0 0 0 0.0000 0.9300
6 68.7974 98.9162 1 2 2 0 26.6253 1 0 0 0.0000 0.9300
6 128.0394 100.6980 4 4 2 1 1.7197 0 0 0 0.0000 0.9300
6 135.8160 105.1594 4 3 2 0 0.6705 0 0 0 0.0000 0.9300
6 100.2628 126.5816 2 1 1 0 0.6976 1 0 0 0.0000 0.9300
6 106.9334 125.3360 2 1 4 0 0.5806 0 0 0 0.0000 0.9300
6 122.2716 97.8254 4 2 2 0 2.0599 1 0 0 0.0000 0.9300
6 94.2845 48.6109 3 3 4 1 0.7780 0 0 0 0.0000 0.9300
6 90.5905 64.5018 1 1 4 1 0.4548 0 0 0 0.0000 0.9300
6 82.2037 101.0427 1 3 4 0 1.2271 0 0 0 0.0000 0.9300
6 99.2218 84.4636 3 2 4 0 1.8274 0 0 0 0.0000 0.9300
6 149.0769 86.5169 4 4 4 1 0.7010 1 0 0 0.0000 0.9300
6 98.8722 73.9907 3 1 4 0 3.3678 0 0 0 0.0000 0.9300
6 74.2789 93.9803 1 1 2 1 0.6297 0 0 0 0.0000 0.9300
6 91.9586 81.3687 3 3 4 1 1.5018 0 0 0 0.0000 0.9300
6 136.1853 96.6623 4 2 3 0 0.7637 0 0 0 0.0000 0.9300
6 103.6479 80.3249 3 2 4 0 0.7928 0 0 0 0.0000 0.9300
6 84.9137 90.1487 3 3 1 1 2.1836 0 0 0 0.0000 0.9300
6 94.8763 128.9719 2 2 1 1 0.9516 0 0 0 0.0000 0.9300
6 94.1610 140.3225 2 4 3 0 0.5848 0 0 0 0.0000 0.9300
6 110.7196 116.0871 2 1 2 0 2.0327 0 0 0 0.0000 0.9300
6 118.2760 134.3861 2 2 1 1 5.1326 0 0 0 0.0000 0.9300
6 136.1951 109.8769 4 3 1 0 0.6475 0 0 0 0.0000 0.9300
6 69.7773 107.5104 1 3 4 0 1.5679 0 0 0 0.0000 0.9300
6 79.9510 141.1002 2 2 1 1 2.9917 0 0 0 0.0000 0.9300
6 114.1970 77.1463 3 1 3 0 1.9729 0 0 0 0.0000 0.9300
6 65.6660 89.5178 1 3 2 0 7.8099 0 0 0 0.0000 0.9300
6 64.6998 97.2169 1 1 3 1 1.4260 0 0 0 0.0000 0.9300
6 96.1304 74.5303 3 2 3 0 0.6556 0 0 0 0.0000 0.9300
6 105.3467 81.1106 3 2 2 0 0.7280 1 0 0 0.0000 0.9300
6 103.3680 147.2061 2 2 2 1 0.8347 1 0 0 0.0000 0.9300
6 96.2624 137.6255 2 2 3 1 0.6087 0 0 0 0.0000 0.9300
6 99.3557 122.9250 2 2 2 1 0.9999 1 0 0 0.0000 0.9300
6 132.7079 98.4518 4 4 2 1 3.0818 0 0 0 0.0000 0.9300
6 88.1528 75.4018 3 3 2 1 1.6645 0 0 0 0.0000 0.9300
6 99.5317 110.2907 2 2 2 1 0.7897 1 0 0 0.0000 0.9300
6 102.7899 116.4195 2 2 1 1 0.9462 0 0 0 0.0000 0.9300
6 67.0568 102.8144 1 2 2 0 1.5697 1 0 0 0.0000 0.9300
6 71.0004 111.1560 1 2 1 0 0.5617 0 0 0 0.0000 0.9300
6 114.9372 130.4124 2 1 3 0 35.8938 0 0 0 0.0000 0.9300
6 57.3956 106.8825 1 3 2 0 2.2621 0 0 0 0.0000 0.9300
6 133.5203 113.6583 4 4 1 1 1.3369 0 0 0 0.0000 0.9300
6 118.3561 111.6363 4 2 2 0 0.4500 1 0 0 0.0000 0.9300
6 70.5587 113.6624 1 1 2 1 6.7258 0 0 0 0.0000 0.9300
6 75.2274 96.2135 1 3 2 0 0.5620 0 0 0 0.0000 0.9300
6 131.8167 93.1313 4 2 3 0 0.7027 0 0 0 0.0000 0.9300
6 74.1058 102.7346 1 4 1 0 1.4359 0 0 0 0.0000 0.9300
6 93.0651 64.7039 3 3 1 1 0.9239 0 0 0 0.0000 0.9300
6 63.6886 99.3253 1 4 2 0 2.7629 0 0 0 0.0000 0.9300
6 98.2771 121.0598 2 4 1 0 0.8271 0 0 0 0.0000 0.9300
6 93.3562 125.6489 2 2 4 1 0.5218 0 0 0 0.0000 0.9300
6 66.8812 103.1281 1 3 3 0 0.7357 1 0 0 0.0000 0.9300
6 87.7432 121.7098 2 2 2 1 4.6008 1 0 0 0.0000 0.9300
6 91.7822 124.1051 2 2 1 1 1.1737 0 0 0 0.0000 0.9300
6 130.3035 108.1081 4 4 4 1 2.9560 1 0 0 0.0000 0.9300
6 104.7563 75.8659 3 4 3 0 1.9843 0 0 0 0.0000 0.9300
6 65.2252 109.4380 1 2 2 0 1.9808 1 0 0 0.0000 0.9300
6 90.2632 82.8812 3 2 1 0 0.5840 0 0 0 0.0000 0.9300
6 118.4548 107.2515 4 2 4 0 0.8452 0 0 0 0.0000 0.9300
6 87.6885 64.6841 3 3 3 1 1.0975 1 0 0 0.0000 0.9300
6 61.8078 120.1106 1 2 1 0 1.1810 0 0 0 0.0000 0.9300
6 104.6776 56.5007 3 3 3 1 1.1539 1 0 0 0.0000 0.9300
6 131.7155 99.7142 4 4 3 1 0.7578 0 0 0 0.0000 0.9300
6 105.9102 134.8433 2 4 2 0 1.2498 0 0 0 0.0000 0.9300
6 69.1136 108.5233 1 2 3 0 2.2665 0 0 0 0.0000 0.9300
6 69.0852 87.0812 1 3 4 0 0.9389 0 0 0 0.0000 0.9300
6 117.3649 99.6703 4 2 4 0 0.9700 0 0 0 0.0000 0.9300
6 127.2725 101.2891 4 1 3 0 0.7953 0 0 0 0.0000 0.9300
6 108.9303 81.9381 4 3 2 0 0.8084 0 0 0 0.0000 0.9300
6 99.8924 122.9074 2 2 2 1 5.8286 1 0 0 0.0000 0.9300
6 89.6134 63.6083 3 3 2 1 0.6743 0 0 0 0.0000 0.9300
6 102.1490 115.6918 4 2 4 0 0.6987 0 0 0 0.0000 0.9300
6 131.3731 96.3049 4 3 1 0 3.6046 0 0 0 0.0000 0.9300
6 65.6183 91.4331 1 1 3 1 1.2402 0 0 0 0.0000 0.9300
6 100.3058 142.8041 2 2 2 1 0.7842 1 0 0 0.0000 0.9300
6 109.8880 115.3438 2 1 1 0 3.8521 1 0 0 0.0000 0.9300
6 93.9527 116.2486 2 1 2 0 0.8829 0 0 0 0.0000 0.9300
6 62.3993 88.2892 1 1 3 1 0.8488 0 0 0 0.0000 0.9300
6 101.9013 52.5659 3 3 4 1 0.4457 0 0 0 0.0000 0.9300
6 107.7046 80.5418 3 1 4 0 1.0392 0 0 0 0.0000 0.9300
6 111.8529 106.1376 4 2 3 0 0.8817 0 0 0 0.0000 0.9300
7 139.8791 103.1183 4 2 0 0 1.0504 0 1 0 0.0000 0.9300
7 91.5153 109.5289 2 3 0 0 1.5815 0 1 0 0.0000 0.9300
7 134.6526 106.7230 4 4 0 1 1.9192 1 1 0 0.0000 0.9300
7 107.7094 136.7320 2 2 0 1 15.4636 1 1 0 0.0000 0.9300
7 98.5304 129.2492 2 1 0 0 3.2916 0 1 0 0.0000 0.9300
7 97.3481 129.1895 2 2 0 1 1.7836 1 1 0 0.0000 0.9300
7 65.5740 101.7929 1 3 0 0 2.0292 0 1 0 0.0000 0.9300
7 105.3690 62.3515 3 3 0 1 0.9524 1 1 0 0.0000 0.9300
7 71.9726 116.2312 1 1 0 1 3.5122 1 1 0 0.0000 0.9300
7 104.7584 57.8152 3 1 0 0 1.6091 0 1 0 0.0000 0.9300
7 63.2691 104.2814 1 1 0 1 1.2263 1 1 0 0.0000 0.9300
7 90.7955 75.5635 3 3 0 1 0.6091 1 1 0 0.0000 0.9300
7 124.5032 100.2541 4 4 0 1 3.9449 1 1 0 0.0000 0.9300
7 84.6467 111.4268 1 2 0 0 0.8526 0 1 0 0.0000 0.9300
7 95.6356 122.0070 2 2 0 1 2.9297 1 1 0 0.0000 0.9300
7 102.0468 85.1780 3 4 0 0 2.1000 0 1 0 0.0000 0.9300
7 103.3468 81.9164 3 3 0 1 0.8820 1 1 0 0.0000 0.9300
7 125.3780 93.6617 4 4 0 1 1.3124 1 1 0 0.0000 0.9300
7 56.7195 111.4643 1 2 0 0 2.6003 0 1 0 0.0000 0.9300
7 99.8400 81.4098 3 3 0 1 1.5380 1 1 0 0.0000 0.9300
7 101.7649 128.0355 2 2 0 1 1.0755 1 1 0 0.0000 0.9300
7 91.9341 128.1148 2 2 0 1 1.1580 1 1 0 0.0000 0.9300
7 55.9682 101.5119 1 1 0 1 0.7947 1 1 0 0.0000 0.9300
7 103.0445 133.7577 2 2 0 1 2.2294 1 1 0 0.0000 0.9300
7 88.6969 141.3633 2 2 0 1 0.6627 1 1 0 0.0000 0.9300
7 103.2879 70.9612 3 3 0 1 0.4794 1 1 0 0.0000 0.9300
7 108.8706 89.0201 4 2 0 0 1.5701 0 1 0 0.0000 0.9300
7 126.4884 92.9181 4 3 0 0 2.1457 0 1 0 0.0000 0.9300
7 91.6651 129.7944 2 2 0 1 1.3269 1 1 0 0.0000 0.9300
7 104.3078 130.6184 2 2 0 1 0.6480 1 1 0 0.0000 0.9300
7 113.1897 81.5377 4 2 0 0 1.5196 0 1 0 0.0000 0.9300
7 116.8181 91.3350 3 3 0 1 1.3096 1 1 0 0.0000 0.9300
7 119.8556 94.2118 4 3 0 0 0.6676 0 1 0 0.0000 0.9300
7 83.5111 127.4984 2 3 0 0 0.6772 0 1 0 0.0000 0.9300
7 106.3990 126.8403 2 2 0 1 0.6703 1 1 0 0.0000 0.9300
7 133.2758 109.7255 4 4 0 1 0.7115 1 1 0 0.0000 0.9300
7 95.5324 124.7046 2 2 0 1 0.7375 1 1 0 0.0000 0.9300
7 96.4913 75.5477 3 3 0 1 1.3550 1 1 0 0.0000 0.9300
7 134.8970 112.8241 4 4 0 1 0.9499 1 1 0 0.0000 0.9300
7 100.2263 73.7651 3 3 0 1 1.0458 1 1 0 0.0000 0.9300
7 88.9110 106.8961 1 1 0 1 1.9433 1 1 0 0.0000 0.9300
7 93.6008 125.3017 2 1 0 0 0.6245 0 1 0 0.0000 0.9300
7 60.9801 93.5680 1 1 0 1 0.5830 1 1 0 0.0000 0.9300
7 89.8963 132.1882 2 2 0 1 1.0210 1 1 0 0.0000 0.9300
7 141.1648 118.9442 4 4 0 1 0.7016 1 1 0 0.0000 0.9300
7 102.9579 73.3276 3 3 0 1 1.8948 1 1 0 0.0000 0.9300
7 103.6137 74.1008 3 3 0 1 0.7347 1 1 0 0.0000 0.9300
7 90.6607 114.7931 2 2 0 1 0.8724 1 1 0 0.0000 0.9300
7 120.1177 97.7777 4 4 0 1 0.9663 1 1 0 0.0000 0.9300
7 64.4745 77.5333 1 1 0 1 0.8064 1 1 0 0.0000 0.9300
7 103.5842 78.5183 3 3 0 1 1.1375 1 1 0 0.0000 0.9300
7 129.6425 91.9746 4 4 0 1 1.4779 1 1 0 0.0000 0.9300
7 73.6712 95.8782 1 1 0 1 1.3306 1 1 0 0.0000 0.9300
7 98.2451 120.4918 2 2 0 1 1.0346 1 1 0 0.0000 0.9300
7 101.5083 136.7463 2 2 0 1 1.0690 1 1 0 0.0000 0.9300
7 76.1655 80.2105 1 1 0 1 0.8645 1 1 0 0.0000 0.9300
7 77.9282 100.4959 1 1 0 1 0.7649 1 1 0 0.0000 0.9300
7 108.3587 74.9542 3 3 0 1 1.2705 1 1 0 0.0000 0.9300
7 84.3613 143.2540 2 2 0 1 0.7977 1 1 0 0.0000 0.9300
7 110.4730 86.6673 3 4 0 0 2.1536 0 1 0 0.0000 0.9300
7 78.1628 109.6438 1 2 0 0 0.6492 0 1 0 0.0000 0.9300
7 106.8346 93.8795 4 3 0 0 1.3132 0 1 0 0.0000 0.9300
7 103.3426 114.0996 2 2 0 1 1.9940 1 1 0 0.0000 0.9300
7 123.3151 82.9203 3 4 0 0 0.7732 0 1 0 0.0000 0.9300
7 138.9301 102.8864 4 4 0 1 0.7370 1 1 0 0.0000 0.9300
7 94.5967 82.4114 3 1 0 0 1.1798 0 1 0 0.0000 0.9300
7 77.0293 88.6312 1 1 0 1 0.6102 1 1 0 0.0000 0.9300
7 88.4604 132.3513 2 2 0 1 1.1930 1 1 0 0.0000 0.9300
7 126.1796 107.6207 4 4 0 1 2.2381 1 1 0 0.0000 0.9300
7 143.8585 102.7132 4 4 0 1 0.6561 1 1 0 0.0000 0.9300
7 71.1848 108.2609 1 1 0 1 0.8413 1 1 0 0.0000 0.9300
7 140.5597 95.9058 4 4 0 1 2.6804 1 1 0 0.0000 0.9300
7 71.1015 89.3096 1 1 0 1 2.0053 1 1 0 0.0000 0.9300
7 123.5472 93.8877 4 2 0 0 1.4256 0 1 0 0.0000 0.9300
7 65.7857 99.0509 1 1 0 1 0.8141 1 1 0 0.0000 0.9300
7 93.8110 81.9111 3 3 0 1 2.0415 1 1 0 0.0000 0.9300
7 95.7107 96.6214 1 3 0 0 2.1650 0 1 0 0.0000 0.9300
7 115.0339 82.6380 3 3 0 1 0.6766 1 1 0 0.0000 0.9300
7 123.5975 102.7674 4 4 0 1 0.7679 1 1 0 0.0000 0.9300
7 77.0428 103.0216 1 1 0 1 1.1942 1 1 0 0.0000 0.9300
7 146.6449 104.1139 4 4 0 1 0.5278 1 1 0 0.0000 0.9300
7 121.2142 99.1859 4 3 0 0 0.6290 0 1 0 0.0000 0.9300
7 96.6668 66.6565 3 3 0 1 1.5969 1 1 0 0.0000 0.9300
7 66.3930 108.7872 1 1 0 1 0.8941 1 1 0 0.0000 0.9300
7 120.9845 109.6560 4 4 0 1 1.0209 1 1 0 0.0000 0.9300
7 90.9880 115.6455 2 2 0 1 2.1748 1 1 0 0.0000 0.9300
7 84.3642 77.5642 3 1 0 0 2.6072 0 1 0 0.0000 0.9300
7 86.3785 114.4504 1 2 0 0 0.9856 0 1 0 0.0000 0.9300
7 77.5715 109.9897 1 1 0 1 0.7788 1 1 0 0.0000 0.9300
7 95.4788 69.3943 3 3 0 1 1.6859 1 1 0 0.0000 0.9300
7 100.4535 75.4099 3 3 0 1 0.7287 1 1 0 0.0000 0.9300
7 87.4933 102.6541 1 2 0 0 1.8754 0 1 0 0.0000 0.9300
7 111.1157 67.1623 3 3 0 1 0.7791 1 1 0 0.0000 0.9300
7 80.1447 103.8121 1 1 0 1 1.9098 1 1 0 0.0000 0.9300
7 77.5306 86.0670 1 1 0 1 0.6250 1 1 0 0.0000 0.9300
7 107.5018 121.6098 2 2 0 1 2.7133 1 1 0 0.0000 0.9300
7 111.4199 105.7905 4 2 0 0 2.0224 0 1 0 0.0000 0.9300
7 136.6877 95.0447 4 4 0 1 0.5301 1 1 0 0.0000 0.9300
7 91.6975 118.6216 2 2 0 1 0.7116 1 1 0 0.0000 0.9300
7 94.4080 49.6970 3 3 0 1 0.7220 1 1 0 0.0000 0.9300
8 99.2808 114.3206 2 2 0 1 1.8664 1 1 0 0.0000 0.9300
8 107.7403 151.8154 2 2 0 1 1.1528 1 1 0 0.0000 0.9300
8 119.2084 107.1740 4 4 0 1 0.9827 1 1 0 0.0000 0.9300
8 113.9239 134.0780 2 4 0 0 0.9526 0 1 0 0.0000 0.9300
8 124.8673 94.9131 4 4 0 1 0.5859 1 1 0 0.0000 0.9300
8 126.2764 83.8192 4 4 0 1 2.4329 1 1 0 0.0000 0.9300
8 56.4131 94.2644 1 1 0 1 0.7914 1 1 0 0.0000 0.9300
8 95.8101 77.8261 3 2 0 0 2.0201 0 1 0 0.0000 0.9300
8 88.9286 109.5578 2 1 0 0 1.5197 0 1 0 0.0000 0.9300
8 86.3858 114.7453 1 2 0 0 1.3266 0 1 0 0.0000 0.9300
8 89.4633 121.3259 2 2 0 1 1.0789 1 1 0 0.0000 0.9300
8 81.6602 102.3989 1 1 0 1 1.3372 1 1 0 0.0000 0.9300
8 120.2761 123.7163 2 4 0 0 1.1859 0 1 0 0.0000 0.9300
8 143.4742 104.9102 4 4 0 1 0.6655 1 1 0 0.0000 0.9300
8 127.8129 85.9738 4 3 0 0 21.5851 0 1 0 0.0000 0.9300
8 56.6860 103.5982 1 1 0 1 0.8025 1 1 0 0.0000 0.9300
8 58.2609 103.3889 1 1 0 1 0.5113 1 1 0 0.0000 0.9300
8 132.9753 98.2457 4 4 0 1 2.4040 1 1 0 0.0000 0.9300
8 105.2905 110.1930 2 2 0 1 2.6016 1 1 0 0.0000 0.9300
8 90.7274 115.0446 2 2 0 1 2.3723 1 1 0 0.0000 0.9300
8 100.7278 116.5772 2 2 0 1 0.7372 1 1 0 0.0000 0.9300
8 109.0030 126.8378 2 4 0 0 0.9388 0 1 0 0.0000 0.9300
8 94.1701 78.6328 3 3 0 1 0.6356 1 1 0 0.0000 0.9300
8 136.6421 100.5962 4 4 0 1 0.8191 1 1 0 0.0000 0.9300
8 140.8232 100.9438 4 4 0 1 0.5927 1 1 0 0.0000 0.9300
8 69.8536 99.2167 1 1 0 1 0.8227 1 1 0 0.0000 0.9300
8 65.2718 109.8442 1 1 0 1 0.4830 1 1 0 0.0000 0.9300
8 107.2509 127.7588 2 2 0 1 0.9814 1 1 0 0.0000 0.9300
8 66.9838 90.4158 1 1 0 1 0.9817 1 1 0 0.0000 0.9300
8 95.0387 77.2566 3 3 0 1 2.1014 1 1 0 0.0000 0.9300
8 104.7658 137.1957 2 2 0 1 0.7861 1 1 0 0.0000 0.9300
8 133.9920 82.4607 4 4 0 1 0.7337 1 1 0 0.0000 0.9300
8 126.8054 79.3947 4 4 0 1 0.9673 1 1 0 0.0000 0.9300
8 107.3234 140.2796 2 2 0 1 1.0168 1 1 0 0.0000 0.9300
8 91.0872 110.3567 2 2 0 1 2.6820 1 1 0 0.0000 0.9300
8 76.2416 107.6445 1 1 0 1 1.1736 1 1 0 0.0000 0.9300
8 94.5523 61.3336 3 3 0 1 0.6824 1 1 0 0.0000 0.9300
8 135.3254 107.9271 4 4 0 1 1.3487 1 1 0 0.0000 0.9300
8 129.5553 104.7185 4 4 0 1 1.2147 1 1 0 0.0000 0.9300
8 127.5453 108.7529 4 4 0 1 0.5495 1 1 0 0.0000 0.9300
8 100.1202 137.3844 2 2 0 1 0.8910 1 1 0 0.0000 0.9300
8 131.9336 115.7457 4 4 0 1 0.7450 1 1 0 0.0000 0.9300
8 90.4349 136.3736 2 2 0 1 0.8193 1 1 0 0.0000 0.9300
8 64.7903 77.3709 1 1 0 1 0.7370 1 1 0 0.0000 0.9300
8 61.9010 110.7270 1 1 0 1 0.9861 1 1 0 0.0000 0.9300
8 101.5544 85.0108 3 3 0 1 2.5537 1 1 0 0.0000 0.9300
8 100.4483 55.0481 3 3 0 1 0.5308 1 1 0 0.0000 0.9300
8 136.5479 103.7805 4 2 0 0 0.9360 0 1 0 0.0000 0.9300
8 99.5780 137.4124 2 2 0 1 0.7764 1 1 0 0.0000 0.9300
8 88.8389 138.9016 2 2 0 1 0.5641 1 1 0 0.0000 0.9300
8 101.0772 80.8251 3 3 0 1 2.2015 1 1 0 0.0000 0.9300
8 119.7651 117.6533 2 2 0 1 0.6827 1 1 0 0.0000 0.9300
8 64.2303 102.6138 1 1 0 1 0.6751 1 1 0 0.0000 0.9300
8 110.2706 135.7376 2 2 0 1 0.9235 1 1 0 0.0000 0.9300
8 129.3278 121.8224 4 4 0 1 0.9706 1 1 0 0.0000 0.9300
8 96.0057 70.3104 3 3 0 1 1.1622 1 1 0 0.0000 0.9300
8 103.2945 76.8177 3 3 0 1 1.4234 1 1 0 0.0000 0.9300
8 110.6893 65.7843 3 3 0 1 0.8118 1 1 0 0.0000 0.9300
8 105.0474 72.4231 3 3 0 1 0.5530 1 1 0 0.0000 0.9300
8 124.4834 113.4982 4 4 0 1 2.1592 1 1 0 0.0000 0.9300
8 71.8706 91.0002 1 1 0 1 0.7833 1 1 0 0.0000 0.9300
8 98.4089 50.5345 3 3 0 1 0.9384 1 1 0 0.0000 0.9300
8 75.8624 81.3255 1 1 0 1 0.7944 1 1 0 0.0000 0.9300
8 71.6742 104.6640 1 1 0 1 0.9336 1 1 0 0.0000 0.9300
8 95.6192 81.2971 3 3 0 1 1.6054 1 1 0 0.0000 0.9300
8 70.9801 97.4984 1 1 0 1 0.6159 1 1 0 0.0000 0.9300
8 67.7185 92.3521 1 1 0 1 0.7515 1 1 0 0.0000 0.9300
8 130.1129 92.5924 4 2 0 0 4.8257 0 1 0 0.0000 0.9300
8 104.3017 71.1701 3 3 0 1 0.6690 1 1 0 0.0000 0.9300
8 95.1936 94.8259 3 3 0 1 1.1426 1 1 0 0.0000 0.9300
8 107.4919 124.2660 2 3 0 0 1.0514 0 1 0 0.0000 0.9300
8 124.4760 113.3694 4 2 0 0 0.7185 0 1 0 0.0000 0.9300
8 107.6510 124.9763 2 2 0 1 0.6638 1 1 0 0.0000 0.9300
8 136.3717 93.2697 4 4 0 1 1.1193 1 1 0 0.0000 0.9300
8 73.5563 72.2028 3 1 0 0 0.8525 0 1 0 0.0000 0.9300
8 127.9187 108.3813 4 2 0 0 1.0108 0 1 0 0.0000 0.9300
8 67.2599 96.2754 1 1 0 1 0.6440 1 1 0 0.0000 0.9300
8 100.1930 132.4558 2 2 0 1 0.9088 1 1 0 0.0000 0.9300
8 53.2597 97.6524 1 1 0 1 0.9408 1 1 0 0.0000 0.9300
8 101.8316 65.4209 3 3 0 1 1.5171 1 1 0 0.0000 0.9300
8 95.7718 76.3855 3 3 0 1 3.1970 1 1 0 0.0000 0.9300
8 101.9040 83.9635 3 3 0 1 1.5911 1 1 0 0.0000 0.9300
8 68.0811 97.2900 1 1 0 1 0.7126 1 1 0 0.0000 0.9300
8 81.1348 85.8898 1 1 0 1 1.4741 1 1 0 0.0000 0.9300
8 75.4131 94.6944 1 1 0 1 0.4798 1 1 0 0.0000 0.9300
8 154.9917 97.4097 4 4 0 1 2.2600 1 1 0 0.0000 0.9300
8 39.4733 74.9602 1 1 0 1 0.6625 1 1 0 0.0000 0.9300
8 107.9136 64.3814 3 3 0 1 1.8233 1 1 0 0.0000 0.9300
8 88.6888 98.2993 1 1 0 1 3.4139 1 1 0 0.0000 0.9300
8 129.4118 107.4261 4 4 0 1 2.7402 1 1 0 0.0000 0.9300
8 73.6090 100.0768 1 1 0 1 0.7227 1 1 0 0.0000 0.9300
8 113.0652 114.0933 2 4 0 0 1.5171 0 1 0 0.0000 0.9300
8 83.8468 132.1807 2 2 0 1 1.2450 1 1 0 0.0000 0.9300
8 92.0338 75.2069 3 3 0 1 0.7079 1 1 0 0.0000 0.9300
8 112.0955 90.0869 4 2 0 0 0.7178 0 1 0 0.0000 0.9300
8 86.0869 61.6301 3 3 0 1 1.1270 1 1 0 0.0000 0.9300
8 97.2248 74.9069 3 3 0 1 0.8736 1 1 0 0.0000 0.9300
8 111.7206 105.1756 4 2 0 0 1.0341 0 1 0 0.0000 0.9300
8 103.4128 73.7752 3 3 0 1 0.9392 1 1 0 0.0000 0.9300
8 94.4599 89.8636 3 2 0 0 4.2691 0 1 0 0.0000 0.9300
9 103.3200 134.0606 2 2 0 1 1.1145 1 1 0 0.0000 0.9300
9 132.6607 101.5893 4 4 0 1 4.1106 1 1 0 0.0000 0.9300
9 73.1696 85.1931 1 1 0 1 1.3936 1 1 0 0.0000 0.9300
9 105.6745 113.8609 2 2 0 1 1.3098 1 1 0 0.0000 0.9300
9 102.6554 124.9706 2 2 0 1 0.8391 1 1 0 0.0000 0.9300
9 66.9476 106.2204 1 1 0 1 0.8182 1 1 0 0.0000 0.9300
9 77.3297 102.7611 1 1 0 1 1.1355 1 1 0 0.0000 0.9300
9 90.9566 126.3451 2 2 0 1 1.0131 1 1 0 0.0000 0.9300
9 109.4239 76.8451 3 3 0 1 1.7977 1 1 0 0.0000 0.9300
9 107.8802 133.4480 2 2 0 1 2.1889 1 1 0 0.0000 0.9300
9 62.6681 107.7355 1 1 0 1 2.6512 1 1 0 0.0000 0.9300
9 113.3941 91.5610 4 4 0 1 1.4940 1 1 0 0.0000 0.9300
9 90.4904 90.7713 1 2 0 0 6.8034 0 1 0 0.0000 0.9300
9 67.3771 101.2090 1 1 0 1 0.9367 1 1 0 0.0000 0.9300
9 125.8238 82.1636 4 4 0 1 1.2243 1 1 0 0.0000 0.9300
9 97.6917 64.1212 3 3 0 1 1.5191 1 1 0 0.0000 0.9300
9 98.0162 72.5907 3 3 0 1 0.8126 1 1 0 0.0000 0.9300
9 135.3313 94.3023 4 4 0 1 1.1602 1 1 0 0.0000 0.9300
9 140.2754 107.0743 4 4 0 1 1.1637 1 1 0 0.0000 0.9300
9 104.8871 113.3817 2 2 0 1 0.7214 1 1 0 0.0000 0.9300
9 79.1953 108.8968 1 1 0 1 1.6741 1 1 0 0.0000 0.9300
9 74.0931 102.4500 1 1 0 1 1.1157 1 1 0 0.0000 0.9300
9 144.1202 106.3873 4 4 0 1 0.9605 1 1 0 0.0000 0.9300
9 75.8619 108.5506 1 1 0 1 0.7376 1 1 0 0.0000 0.9300
9 78.0756 96.2654 1 1 0 1 0.6369 1 1 0 0.0000 0.9300
9 107.4894 67.7759 3 3 0 1 1.5404 1 1 0 0.0000 0.9300
9 140.3759 105.7105 4 4 0 1 0.7228 1 1 0 0.0000 0.9300
9 71.8123 78.3524 1 1 0 1 1.1331 1 1 0 0.0000 0.9300
9 147.2658 83.1370 4 4 0 1 0.6571 1 1 0 0.0000 0.9300
9 80.0327 125.0308 2 2 0 1 0.9376 1 1 0 0.0000 0.9300
9 98.0313 85.9155 3 3 0 1 2.3758 1 1 0 0.0000 0.9300
9 78.4511 105.1860 1 1 0 1 1.9793 1 1 0 0.0000 0.9300
9 106.9445 67.1810 3 3 0 1 0.9974 1 1 0 0.0000 0.9300
9 92.0560 65.2067 3 3 0 1 0.6462 1 1 0 0.0000 0.9300
9 94.3007 69.4132 3 3 0 1 0.5413 1 1 0 0.0000 0.9300
9 105.6702 73.1600 3 3 0 1 0.5773 1 1 0 0.0000 0.9300
9 104.4290 118.4309 2 2 0 1 0.8228 1 1 0 0.0000 0.9300
9 98.2208 65.4573 3 3 0 1 2.0980 1 1 0 0.0000 0.9300
9 95.3532 130.8562 2 2 0 1 0.8625 1 1 0 0.0000 0.9300
9 77.0563 105.1720 1 1 0 1 1.2275 1 1 0 0.0000 0.9300
9 100.4068 124.7725 2 2 0 1 1.2656 1 1 0 0.0000 0.9300
9 124.5032 78.1772 4 4 0 1 1.5608 1 1 0 0.0000 0.9300
9 138.1050 78.6352 4 4 0 1 0.9055 1 1 0 0.0000 0.9300
9 99.7772 123.8030 2 2 0 1 0.8406 1 1 0 0.0000 0.9300
9 137.0168 95.2159 4 4 0 1 0.6606 1 1 0 0.0000 0.9300
9 92.8701 115.4010 2 2 0 1 2.0935 1 1 0 0.0000 0.9300
9 136.2692 109.1555 4 4 0 1 0.5854 1 1 0 0.0000 0.9300
9 92.9462 88.1557 3 3 0 1 1.5197 1 1 0 0.0000 0.9300
9 98.6420 67.0848 3 3 0 1 0.7349 1 1 0 0.0000 0.9300
9 135.9208 94.1744 4 2 0 0 1.2404 0 1 0 0.0000 0.9300
