condition phase block subject accuracy
3.000000 1.000000 1.000000 8.000000 0.560000
3.000000 1.000000 2.000000 8.000000 0.720000
3.000000 1.000000 3.000000 8.000000 0.520000
3.000000 1.000000 4.000000 8.000000 0.600000
3.000000 1.000000 5.000000 8.000000 0.480000
3.000000 1.000000 6.000000 8.000000 0.560000
3.000000 2.000000 13.000000 8.000000 0.560000
3.000000 2.000000 14.000000 8.000000 0.240000
3.000000 2.000000 15.000000 8.000000 0.440000
3.000000 2.000000 16.000000 8.000000 0.360000
3.000000 2.000000 17.000000 8.000000 0.440000
3.000000 2.000000 18.000000 8.000000 0.680000
3.000000 2.000000 19.000000 8.000000 0.520000
3.000000 2.000000 20.000000 8.000000 0.320000
3.000000 2.000000 21.000000 8.000000 0.480000
3.000000 2.000000 22.000000 8.000000 0.400000
3.000000 2.000000 23.000000 8.000000 0.440000
3.000000 2.000000 24.000000 8.000000 0.720000
3.000000 2.000000 25.000000 8.000000 0.560000
3.000000 2.000000 26.000000 8.000000 0.520000
3.000000 2.000000 27.000000 8.000000 0.560000
3.000000 2.000000 28.000000 8.000000 0.400000
3.000000 3.000000 29.000000 8.000000 0.280000
3.000000 3.000000 30.000000 8.000000 0.400000
3.000000 3.000000 31.000000 8.000000 0.640000
3.000000 3.000000 32.000000 8.000000 0.640000
3.000000 3.000000 33.000000 8.000000 0.320000
3.000000 3.000000 34.000000 8.000000 0.320000
3.000000 1.000000 1.000000 13.000000 0.360000
3.000000 1.000000 2.000000 13.000000 0.680000
3.000000 1.000000 3.000000 13.000000 0.680000
3.000000 1.000000 4.000000 13.000000 0.560000
3.000000 1.000000 5.000000 13.000000 0.640000
3.000000 1.000000 6.000000 13.000000 0.600000
3.000000 2.000000 13.000000 13.000000 0.960000
3.000000 2.000000 14.000000 13.000000 0.840000
3.000000 2.000000 15.000000 13.000000 0.680000
3.000000 2.000000 16.000000 13.000000 0.720000
3.000000 2.000000 17.000000 13.000000 0.720000
3.000000 2.000000 18.000000 13.000000 0.720000
3.000000 2.000000 19.000000 13.000000 0.640000
3.000000 2.000000 20.000000 13.000000 0.680000
3.000000 2.000000 21.000000 13.000000 0.640000
3.000000 2.000000 22.000000 13.000000 0.480000
3.000000 2.000000 23.000000 13.000000 0.800000
3.000000 2.000000 24.000000 13.000000 0.880000
3.000000 2.000000 25.000000 13.000000 0.520000
3.000000 2.000000 26.000000 13.000000 0.600000
3.000000 2.000000 27.000000 13.000000 0.640000
3.000000 2.000000 28.000000 13.000000 0.720000
3.000000 3.000000 29.000000 13.000000 0.800000
3.000000 3.000000 30.000000 13.000000 0.920000
3.000000 3.000000 31.000000 13.000000 0.840000
3.000000 3.000000 32.000000 13.000000 0.720000
3.000000 3.000000 33.000000 13.000000 0.600000
3.000000 3.000000 34.000000 13.000000 0.520000
3.000000 1.000000 1.000000 18.000000 0.480000
3.000000 1.000000 2.000000 18.000000 0.440000
3.000000 1.000000 3.000000 18.000000 0.480000
3.000000 1.000000 4.000000 18.000000 0.680000
3.000000 1.000000 5.000000 18.000000 0.560000
3.000000 1.000000 6.000000 18.000000 0.560000
3.000000 2.000000 13.000000 18.000000 0.760000
3.000000 2.000000 14.000000 18.000000 0.840000
3.000000 2.000000 15.000000 18.000000 0.400000
3.000000 2.000000 16.000000 18.000000 0.640000
3.000000 2.000000 17.000000 18.000000 0.640000
3.000000 2.000000 18.000000 18.000000 0.640000
3.000000 2.000000 19.000000 18.000000 0.640000
3.000000 2.000000 20.000000 18.000000 0.680000
3.000000 2.000000 21.000000 18.000000 0.680000
3.000000 2.000000 22.000000 18.000000 0.680000
3.000000 2.000000 23.000000 18.000000 0.640000
3.000000 2.000000 24.000000 18.000000 0.680000
3.000000 2.000000 25.000000 18.000000 0.440000
3.000000 2.000000 26.000000 18.000000 0.480000
3.000000 2.000000 27.000000 18.000000 0.120000
3.000000 2.000000 28.000000 18.000000 0.400000
3.000000 3.000000 29.000000 18.000000 0.680000
3.000000 3.000000 30.000000 18.000000 0.480000
3.000000 3.000000 31.000000 18.000000 0.600000
3.000000 3.000000 32.000000 18.000000 0.680000
3.000000 3.000000 33.000000 18.000000 0.520000
3.000000 3.000000 34.000000 18.000000 0.480000
3.000000 1.000000 1.000000 23.000000 0.240000
3.000000 1.000000 2.000000 23.000000 0.320000
3.000000 1.000000 3.000000 23.000000 0.160000
3.000000 1.000000 4.000000 23.000000 0.640000
3.000000 1.000000 5.000000 23.000000 0.600000
3.000000 1.000000 6.000000 23.000000 0.680000
3.000000 2.000000 13.000000 23.000000 0.760000
3.000000 2.000000 14.000000 23.000000 0.480000
3.000000 2.000000 15.000000 23.000000 0.160000
3.000000 2.000000 16.000000 23.000000 0.160000
3.000000 2.000000 17.000000 23.000000 0.120000
3.000000 2.000000 18.000000 23.000000 0.200000
3.000000 2.000000 19.000000 23.000000 0.240000
3.000000 2.000000 20.000000 23.000000 0.160000
3.000000 2.000000 21.000000 23.000000 0.200000
3.000000 2.000000 22.000000 23.000000 0.320000
3.000000 2.000000 23.000000 23.000000 0.480000
3.000000 2.000000 24.000000 23.000000 0.440000
3.000000 2.000000 25.000000 23.000000 0.400000
3.000000 2.000000 26.000000 23.000000 0.280000
3.000000 2.000000 27.000000 23.000000 0.200000
3.000000 2.000000 28.000000 23.000000 0.200000
3.000000 3.000000 29.000000 23.000000 0.160000
3.000000 3.000000 30.000000 23.000000 0.840000
3.000000 3.000000 31.000000 23.000000 0.600000
3.000000 3.000000 32.000000 23.000000 0.520000
3.000000 3.000000 33.000000 23.000000 0.440000
3.000000 3.000000 34.000000 23.000000 0.800000
3.000000 1.000000 1.000000 28.000000 0.080000
3.000000 1.000000 2.000000 28.000000 0.440000
3.000000 1.000000 3.000000 28.000000 0.400000
3.000000 1.000000 4.000000 28.000000 0.560000
3.000000 1.000000 5.000000 28.000000 0.440000
3.000000 1.000000 6.000000 28.000000 0.880000
3.000000 2.000000 13.000000 28.000000 0.640000
3.000000 2.000000 14.000000 28.000000 0.520000
3.000000 2.000000 15.000000 28.000000 0.640000
3.000000 2.000000 16.000000 28.000000 0.640000
3.000000 2.000000 17.000000 28.000000 0.760000
3.000000 2.000000 18.000000 28.000000 0.720000
3.000000 2.000000 19.000000 28.000000 0.600000
3.000000 2.000000 20.000000 28.000000 0.840000
3.000000 2.000000 21.000000 28.000000 0.560000
3.000000 2.000000 22.000000 28.000000 0.680000
3.000000 2.000000 23.000000 28.000000 0.520000
3.000000 2.000000 24.000000 28.000000 0.680000
3.000000 2.000000 25.000000 28.000000 0.520000
3.000000 2.000000 26.000000 28.000000 0.680000
3.000000 2.000000 27.000000 28.000000 0.320000
3.000000 2.000000 28.000000 28.000000 0.480000
3.000000 3.000000 29.000000 28.000000 0.400000
3.000000 3.000000 30.000000 28.000000 0.760000
3.000000 3.000000 31.000000 28.000000 0.680000
3.000000 3.000000 32.000000 28.000000 0.600000
3.000000 3.000000 33.000000 28.000000 0.440000
3.000000 3.000000 34.000000 28.000000 0.600000
3.000000 1.000000 1.000000 33.000000 0.360000
3.000000 1.000000 2.000000 33.000000 0.640000
3.000000 1.000000 3.000000 33.000000 0.840000
3.000000 1.000000 4.000000 33.000000 0.840000
3.000000 1.000000 5.000000 33.000000 0.760000
3.000000 1.000000 6.000000 33.000000 0.800000
3.000000 2.000000 13.000000 33.000000 0.680000
3.000000 2.000000 14.000000 33.000000 0.400000
3.000000 2.000000 15.000000 33.000000 0.440000
3.000000 2.000000 16.000000 33.000000 0.640000
3.000000 2.000000 17.000000 33.000000 0.560000
3.000000 2.000000 18.000000 33.000000 0.520000
3.000000 2.000000 19.000000 33.000000 0.280000
3.000000 2.000000 20.000000 33.000000 0.120000
3.000000 2.000000 21.000000 33.000000 0.240000
3.000000 2.000000 22.000000 33.000000 0.400000
3.000000 2.000000 23.000000 33.000000 0.480000
3.000000 2.000000 24.000000 33.000000 0.360000
3.000000 2.000000 25.000000 33.000000 0.240000
3.000000 2.000000 26.000000 33.000000 0.160000
3.000000 2.000000 27.000000 33.000000 0.240000
3.000000 2.000000 28.000000 33.000000 0.320000
3.000000 3.000000 29.000000 33.000000 0.480000
3.000000 3.000000 30.000000 33.000000 0.560000
3.000000 3.000000 31.000000 33.000000 0.520000
3.000000 3.000000 32.000000 33.000000 0.480000
3.000000 3.000000 33.000000 33.000000 0.200000
3.000000 3.000000 34.000000 33.000000 0.480000
3.000000 1.000000 1.000000 38.000000 0.280000
3.000000 1.000000 2.000000 38.000000 0.480000
3.000000 1.000000 3.000000 38.000000 0.680000
3.000000 1.000000 4.000000 38.000000 0.760000
3.000000 1.000000 5.000000 38.000000 0.440000
3.000000 1.000000 6.000000 38.000000 0.480000
3.000000 2.000000 13.000000 38.000000 0.680000
3.000000 2.000000 14.000000 38.000000 0.320000
3.000000 2.000000 15.000000 38.000000 0.480000
3.000000 2.000000 16.000000 38.000000 0.600000
3.000000 2.000000 17.000000 38.000000 0.640000
3.000000 2.000000 18.000000 38.000000 0.440000
3.000000 2.000000 19.000000 38.000000 0.440000
3.000000 2.000000 20.000000 38.000000 0.520000
3.000000 2.000000 21.000000 38.000000 0.360000
3.000000 2.000000 22.000000 38.000000 0.320000
3.000000 2.000000 23.000000 38.000000 0.400000
3.000000 2.000000 24.000000 38.000000 0.360000
3.000000 2.000000 25.000000 38.000000 0.360000
3.000000 2.000000 26.000000 38.000000 0.240000
3.000000 2.000000 27.000000 38.000000 0.280000
3.000000 2.000000 28.000000 38.000000 0.280000
3.000000 3.000000 29.000000 38.000000 0.240000
3.000000 3.000000 30.000000 38.000000 0.080000
3.000000 3.000000 31.000000 38.000000 0.240000
3.000000 3.000000 32.000000 38.000000 0.320000
3.000000 3.000000 33.000000 38.000000 0.240000
3.000000 3.000000 34.000000 38.000000 0.160000
3.000000 1.000000 1.000000 43.000000 0.400000
3.000000 1.000000 2.000000 43.000000 0.240000
3.000000 1.000000 3.000000 43.000000 0.440000
3.000000 1.000000 4.000000 43.000000 0.400000
3.000000 1.000000 5.000000 43.000000 0.480000
3.000000 1.000000 6.000000 43.000000 0.440000
3.000000 2.000000 13.000000 43.000000 0.480000
3.000000 2.000000 14.000000 43.000000 0.520000
3.000000 2.000000 15.000000 43.000000 0.520000
3.000000 2.000000 16.000000 43.000000 0.560000
3.000000 2.000000 17.000000 43.000000 0.360000
3.000000 2.000000 18.000000 43.000000 0.400000
3.000000 2.000000 19.000000 43.000000 0.360000
3.000000 2.000000 20.000000 43.000000 0.320000
3.000000 2.000000 21.000000 43.000000 0.520000
3.000000 2.000000 22.000000 43.000000 0.480000
3.000000 2.000000 23.000000 43.000000 0.720000
3.000000 2.000000 24.000000 43.000000 0.560000
3.000000 2.000000 25.000000 43.000000 0.440000
3.000000 2.000000 26.000000 43.000000 0.360000
3.000000 2.000000 27.000000 43.000000 0.280000
3.000000 2.000000 28.000000 43.000000 0.480000
3.000000 3.000000 29.000000 43.000000 0.400000
3.000000 3.000000 30.000000 43.000000 0.320000
3.000000 3.000000 31.000000 43.000000 0.320000
3.000000 3.000000 32.000000 43.000000 0.200000
3.000000 3.000000 33.000000 43.000000 0.640000
3.000000 3.000000 34.000000 43.000000 0.400000
3.000000 1.000000 1.000000 48.000000 0.480000
3.000000 1.000000 2.000000 48.000000 0.680000
3.000000 1.000000 3.000000 48.000000 0.640000
3.000000 1.000000 4.000000 48.000000 0.280000
3.000000 1.000000 5.000000 48.000000 0.440000
3.000000 1.000000 6.000000 48.000000 0.680000
3.000000 2.000000 13.000000 48.000000 0.240000
3.000000 2.000000 14.000000 48.000000 0.280000
3.000000 2.000000 15.000000 48.000000 0.240000
3.000000 2.000000 16.000000 48.000000 0.440000
3.000000 2.000000 17.000000 48.000000 0.240000
3.000000 2.000000 18.000000 48.000000 0.120000
3.000000 2.000000 19.000000 48.000000 0.280000
3.000000 2.000000 20.000000 48.000000 0.280000
3.000000 2.000000 21.000000 48.000000 0.160000
3.000000 2.000000 22.000000 48.000000 0.160000
3.000000 2.000000 23.000000 48.000000 0.240000
3.000000 2.000000 24.000000 48.000000 0.280000
3.000000 2.000000 25.000000 48.000000 0.320000
3.000000 2.000000 26.000000 48.000000 0.360000
3.000000 2.000000 27.000000 48.000000 0.280000
3.000000 2.000000 28.000000 48.000000 0.320000
3.000000 3.000000 29.000000 48.000000 0.320000
3.000000 3.000000 30.000000 48.000000 0.200000
3.000000 3.000000 31.000000 48.000000 0.280000
3.000000 3.000000 32.000000 48.000000 0.560000
3.000000 3.000000 33.000000 48.000000 0.360000
3.000000 3.000000 34.000000 48.000000 0.280000
3.000000 1.000000 1.000000 53.000000 0.360000
3.000000 1.000000 2.000000 53.000000 0.480000
3.000000 1.000000 3.000000 53.000000 0.720000
3.000000 1.000000 4.000000 53.000000 0.720000
3.000000 1.000000 5.000000 53.000000 0.760000
3.000000 1.000000 6.000000 53.000000 0.640000
3.000000 2.000000 13.000000 53.000000 0.600000
3.000000 2.000000 14.000000 53.000000 0.480000
3.000000 2.000000 15.000000 53.000000 0.600000
3.000000 2.000000 16.000000 53.000000 0.560000
3.000000 2.000000 17.000000 53.000000 0.520000
3.000000 2.000000 18.000000 53.000000 0.440000
3.000000 2.000000 19.000000 53.000000 0.520000
3.000000 2.000000 20.000000 53.000000 0.440000
3.000000 2.000000 21.000000 53.000000 0.360000
3.000000 2.000000 22.000000 53.000000 0.520000
3.000000 2.000000 23.000000 53.000000 0.440000
3.000000 2.000000 24.000000 53.000000 0.600000
3.000000 2.000000 25.000000 53.000000 0.320000
3.000000 2.000000 26.000000 53.000000 0.240000
3.000000 2.000000 27.000000 53.000000 0.320000
3.000000 2.000000 28.000000 53.000000 0.080000
3.000000 3.000000 29.000000 53.000000 0.280000
3.000000 3.000000 30.000000 53.000000 0.200000
3.000000 3.000000 31.000000 53.000000 0.200000
3.000000 3.000000 32.000000 53.000000 0.200000
3.000000 3.000000 33.000000 53.000000 0.240000
3.000000 3.000000 34.000000 53.000000 0.160000
3.000000 1.000000 1.000000 57.000000 0.480000
3.000000 1.000000 2.000000 57.000000 0.640000
3.000000 1.000000 3.000000 57.000000 0.600000
3.000000 1.000000 4.000000 57.000000 0.720000
3.000000 1.000000 5.000000 57.000000 0.680000
3.000000 1.000000 6.000000 57.000000 0.840000
3.000000 2.000000 13.000000 57.000000 0.880000
3.000000 2.000000 14.000000 57.000000 0.800000
3.000000 2.000000 15.000000 57.000000 0.800000
3.000000 2.000000 16.000000 57.000000 0.800000
3.000000 2.000000 17.000000 57.000000 0.600000
3.000000 2.000000 18.000000 57.000000 0.720000
3.000000 2.000000 19.000000 57.000000 0.760000
3.000000 2.000000 20.000000 57.000000 0.800000
3.000000 2.000000 21.000000 57.000000 0.760000
3.000000 2.000000 22.000000 57.000000 0.680000
3.000000 2.000000 23.000000 57.000000 0.800000
3.000000 2.000000 24.000000 57.000000 0.520000
3.000000 2.000000 25.000000 57.000000 0.560000
3.000000 2.000000 26.000000 57.000000 0.560000
3.000000 2.000000 27.000000 57.000000 0.640000
3.000000 2.000000 28.000000 57.000000 0.560000
3.000000 3.000000 29.000000 57.000000 0.480000
3.000000 3.000000 30.000000 57.000000 0.400000
3.000000 3.000000 31.000000 57.000000 0.440000
3.000000 3.000000 32.000000 57.000000 0.600000
3.000000 3.000000 33.000000 57.000000 0.760000
3.000000 3.000000 34.000000 57.000000 0.360000
3.000000 1.000000 1.000000 61.000000 0.640000
3.000000 1.000000 2.000000 61.000000 0.520000
3.000000 1.000000 3.000000 61.000000 0.480000
3.000000 1.000000 4.000000 61.000000 0.480000
3.000000 1.000000 5.000000 61.000000 0.560000
3.000000 1.000000 6.000000 61.000000 0.280000
3.000000 2.000000 13.000000 61.000000 0.400000
3.000000 2.000000 14.000000 61.000000 0.160000
3.000000 2.000000 15.000000 61.000000 0.280000
3.000000 2.000000 16.000000 61.000000 0.160000
3.000000 2.000000 17.000000 61.000000 0.320000
3.000000 2.000000 18.000000 61.000000 0.240000
3.000000 2.000000 19.000000 61.000000 0.200000
3.000000 2.000000 20.000000 61.000000 0.320000
3.000000 2.000000 21.000000 61.000000 0.280000
3.000000 2.000000 22.000000 61.000000 0.120000
3.000000 2.000000 23.000000 61.000000 0.240000
3.000000 2.000000 24.000000 61.000000 0.240000
3.000000 2.000000 25.000000 61.000000 0.360000
3.000000 2.000000 26.000000 61.000000 0.280000
3.000000 2.000000 27.000000 61.000000 0.240000
3.000000 2.000000 28.000000 61.000000 0.320000
3.000000 3.000000 29.000000 61.000000 0.280000
3.000000 3.000000 30.000000 61.000000 0.320000
3.000000 3.000000 31.000000 61.000000 0.200000
3.000000 3.000000 32.000000 61.000000 0.440000
3.000000 3.000000 33.000000 61.000000 0.360000
3.000000 3.000000 34.000000 61.000000 0.320000
3.000000 1.000000 1.000000 65.000000 0.360000
3.000000 1.000000 2.000000 65.000000 0.480000
3.000000 1.000000 3.000000 65.000000 0.520000
3.000000 1.000000 4.000000 65.000000 0.560000
3.000000 1.000000 5.000000 65.000000 0.440000
3.000000 1.000000 6.000000 65.000000 0.400000
3.000000 2.000000 13.000000 65.000000 0.680000
3.000000 2.000000 14.000000 65.000000 0.520000
3.000000 2.000000 15.000000 65.000000 0.560000
3.000000 2.000000 16.000000 65.000000 0.360000
3.000000 2.000000 17.000000 65.000000 0.560000
3.000000 2.000000 18.000000 65.000000 0.560000
3.000000 2.000000 19.000000 65.000000 0.520000
3.000000 2.000000 20.000000 65.000000 0.400000
3.000000 2.000000 21.000000 65.000000 0.240000
3.000000 2.000000 22.000000 65.000000 0.320000
3.000000 2.000000 23.000000 65.000000 0.520000
3.000000 2.000000 24.000000 65.000000 0.680000
3.000000 2.000000 25.000000 65.000000 0.560000
3.000000 2.000000 26.000000 65.000000 0.520000
3.000000 2.000000 27.000000 65.000000 0.600000
3.000000 2.000000 28.000000 65.000000 0.360000
3.000000 3.000000 29.000000 65.000000 0.440000
3.000000 3.000000 30.000000 65.000000 0.600000
3.000000 3.000000 31.000000 65.000000 0.680000
3.000000 3.000000 32.000000 65.000000 0.840000
3.000000 3.000000 33.000000 65.000000 0.880000
3.000000 3.000000 34.000000 65.000000 0.800000
3.000000 1.000000 1.000000 69.000000 0.200000
3.000000 1.000000 2.000000 69.000000 0.640000
3.000000 1.000000 3.000000 69.000000 0.760000
3.000000 1.000000 4.000000 69.000000 0.840000
3.000000 1.000000 5.000000 69.000000 0.680000
3.000000 1.000000 6.000000 69.000000 0.800000
3.000000 2.000000 13.000000 69.000000 0.720000
3.000000 2.000000 14.000000 69.000000 0.560000
3.000000 2.000000 15.000000 69.000000 0.400000
3.000000 2.000000 16.000000 69.000000 0.640000
3.000000 2.000000 17.000000 69.000000 0.520000
3.000000 2.000000 18.000000 69.000000 0.480000
3.000000 2.000000 19.000000 69.000000 0.480000
3.000000 2.000000 20.000000 69.000000 0.440000
3.000000 2.000000 21.000000 69.000000 0.320000
3.000000 2.000000 22.000000 69.000000 0.200000
3.000000 2.000000 23.000000 69.000000 0.280000
3.000000 2.000000 24.000000 69.000000 0.320000
3.000000 2.000000 25.000000 69.000000 0.440000
3.000000 2.000000 26.000000 69.000000 0.200000
3.000000 2.000000 27.000000 69.000000 0.400000
3.000000 2.000000 28.000000 69.000000 0.320000
3.000000 3.000000 29.000000 69.000000 0.600000
3.000000 3.000000 30.000000 69.000000 0.480000
3.000000 3.000000 31.000000 69.000000 0.560000
3.000000 3.000000 32.000000 69.000000 0.480000
3.000000 3.000000 33.000000 69.000000 0.600000
3.000000 3.000000 34.000000 69.000000 0.520000
3.000000 1.000000 1.000000 85.000000 0.320000
3.000000 1.000000 2.000000 85.000000 0.320000
3.000000 1.000000 3.000000 85.000000 0.080000
3.000000 1.000000 4.000000 85.000000 0.280000
3.000000 1.000000 5.000000 85.000000 0.280000
3.000000 1.000000 6.000000 85.000000 0.440000
3.000000 2.000000 13.000000 85.000000 0.480000
3.000000 2.000000 14.000000 85.000000 0.600000
3.000000 2.000000 15.000000 85.000000 0.760000
3.000000 2.000000 16.000000 85.000000 0.560000
3.000000 2.000000 17.000000 85.000000 0.560000
3.000000 2.000000 18.000000 85.000000 0.560000
3.000000 2.000000 19.000000 85.000000 0.640000
3.000000 2.000000 20.000000 85.000000 0.600000
3.000000 2.000000 21.000000 85.000000 0.760000
3.000000 2.000000 22.000000 85.000000 0.400000
3.000000 2.000000 23.000000 85.000000 0.440000
3.000000 2.000000 24.000000 85.000000 0.520000
3.000000 2.000000 25.000000 85.000000 0.440000
3.000000 2.000000 26.000000 85.000000 0.480000
3.000000 2.000000 27.000000 85.000000 0.520000
3.000000 2.000000 28.000000 85.000000 0.320000
3.000000 3.000000 29.000000 85.000000 0.440000
3.000000 3.000000 30.000000 85.000000 0.560000
3.000000 3.000000 31.000000 85.000000 0.560000
3.000000 3.000000 32.000000 85.000000 0.600000
3.000000 3.000000 33.000000 85.000000 0.720000
3.000000 3.000000 34.000000 85.000000 0.920000
3.000000 1.000000 1.000000 93.000000 0.440000
3.000000 1.000000 2.000000 93.000000 0.800000
3.000000 1.000000 3.000000 93.000000 0.680000
3.000000 1.000000 4.000000 93.000000 0.920000
3.000000 1.000000 5.000000 93.000000 0.680000
3.000000 1.000000 6.000000 93.000000 0.600000
3.000000 2.000000 13.000000 93.000000 0.760000
3.000000 2.000000 14.000000 93.000000 0.880000
3.000000 2.000000 15.000000 93.000000 0.800000
3.000000 2.000000 16.000000 93.000000 0.720000
3.000000 2.000000 17.000000 93.000000 0.760000
3.000000 2.000000 18.000000 93.000000 0.680000
3.000000 2.000000 19.000000 93.000000 0.680000
3.000000 2.000000 20.000000 93.000000 0.680000
3.000000 2.000000 21.000000 93.000000 0.600000
3.000000 2.000000 22.000000 93.000000 0.640000
3.000000 2.000000 23.000000 93.000000 0.640000
3.000000 2.000000 24.000000 93.000000 0.840000
3.000000 2.000000 25.000000 93.000000 0.640000
3.000000 2.000000 26.000000 93.000000 0.760000
3.000000 2.000000 27.000000 93.000000 0.680000
3.000000 2.000000 28.000000 93.000000 0.760000
3.000000 3.000000 29.000000 93.000000 0.880000
3.000000 3.000000 30.000000 93.000000 0.920000
3.000000 3.000000 31.000000 93.000000 0.840000
3.000000 3.000000 32.000000 93.000000 0.840000
3.000000 3.000000 33.000000 93.000000 0.880000
3.000000 3.000000 34.000000 93.000000 0.880000
3.000000 1.000000 1.000000 105.000000 0.240000
3.000000 1.000000 2.000000 105.000000 0.680000
3.000000 1.000000 3.000000 105.000000 0.560000
3.000000 1.000000 4.000000 105.000000 0.560000
3.000000 1.000000 5.000000 105.000000 0.720000
3.000000 1.000000 6.000000 105.000000 0.640000
3.000000 2.000000 13.000000 105.000000 0.840000
3.000000 2.000000 14.000000 105.000000 0.520000
3.000000 2.000000 15.000000 105.000000 0.400000
3.000000 2.000000 16.000000 105.000000 0.400000
3.000000 2.000000 17.000000 105.000000 0.280000
3.000000 2.000000 18.000000 105.000000 0.320000
3.000000 2.000000 19.000000 105.000000 0.240000
3.000000 2.000000 20.000000 105.000000 0.160000
3.000000 2.000000 21.000000 105.000000 0.240000
3.000000 2.000000 22.000000 105.000000 0.240000
3.000000 2.000000 23.000000 105.000000 0.560000
3.000000 2.000000 24.000000 105.000000 0.640000
3.000000 2.000000 25.000000 105.000000 0.400000
3.000000 2.000000 26.000000 105.000000 0.360000
3.000000 2.000000 27.000000 105.000000 0.560000
3.000000 2.000000 28.000000 105.000000 0.480000
3.000000 3.000000 29.000000 105.000000 0.200000
3.000000 3.000000 30.000000 105.000000 0.360000
3.000000 3.000000 31.000000 105.000000 0.400000
3.000000 3.000000 32.000000 105.000000 0.360000
3.000000 3.000000 33.000000 105.000000 0.320000
3.000000 3.000000 34.000000 105.000000 0.200000
3.000000 1.000000 1.000000 109.000000 0.520000
3.000000 1.000000 2.000000 109.000000 0.560000
3.000000 1.000000 3.000000 109.000000 0.600000
3.000000 1.000000 4.000000 109.000000 0.720000
3.000000 1.000000 5.000000 109.000000 0.800000
3.000000 1.000000 6.000000 109.000000 0.680000
3.000000 2.000000 13.000000 109.000000 0.840000
3.000000 2.000000 14.000000 109.000000 0.560000
3.000000 2.000000 15.000000 109.000000 0.800000
3.000000 2.000000 16.000000 109.000000 0.720000
3.000000 2.000000 17.000000 109.000000 0.720000
3.000000 2.000000 18.000000 109.000000 0.600000
3.000000 2.000000 19.000000 109.000000 0.520000
3.000000 2.000000 20.000000 109.000000 0.680000
3.000000 2.000000 21.000000 109.000000 0.520000
3.000000 2.000000 22.000000 109.000000 0.400000
3.000000 2.000000 23.000000 109.000000 0.520000
3.000000 2.000000 24.000000 109.000000 0.360000
3.000000 2.000000 25.000000 109.000000 0.360000
3.000000 2.000000 26.000000 109.000000 0.280000
3.000000 2.000000 27.000000 109.000000 0.280000
3.000000 2.000000 28.000000 109.000000 0.560000
3.000000 3.000000 29.000000 109.000000 0.240000
3.000000 3.000000 30.000000 109.000000 0.200000
3.000000 3.000000 31.000000 109.000000 0.480000
3.000000 3.000000 32.000000 109.000000 0.400000
3.000000 3.000000 33.000000 109.000000 0.400000
3.000000 3.000000 34.000000 109.000000 0.240000
3.000000 1.000000 1.000000 113.000000 0.360000
3.000000 1.000000 2.000000 113.000000 0.560000
3.000000 1.000000 3.000000 113.000000 0.520000
3.000000 1.000000 4.000000 113.000000 0.720000
3.000000 1.000000 5.000000 113.000000 0.640000
3.000000 1.000000 6.000000 113.000000 0.680000
3.000000 2.000000 13.000000 113.000000 0.520000
3.000000 2.000000 14.000000 113.000000 0.600000
3.000000 2.000000 15.000000 113.000000 0.760000
3.000000 2.000000 16.000000 113.000000 0.800000
3.000000 2.000000 17.000000 113.000000 0.600000
3.000000 2.000000 18.000000 113.000000 0.840000
3.000000 2.000000 19.000000 113.000000 0.840000
3.000000 2.000000 20.000000 113.000000 0.600000
3.000000 2.000000 21.000000 113.000000 0.520000
3.000000 2.000000 22.000000 113.000000 0.640000
3.000000 2.000000 23.000000 113.000000 0.560000
3.000000 2.000000 24.000000 113.000000 0.760000
3.000000 2.000000 25.000000 113.000000 0.640000
3.000000 2.000000 26.000000 113.000000 0.480000
3.000000 2.000000 27.000000 113.000000 0.800000
3.000000 2.000000 28.000000 113.000000 0.760000
3.000000 3.000000 29.000000 113.000000 0.520000
3.000000 3.000000 30.000000 113.000000 0.840000
3.000000 3.000000 31.000000 113.000000 0.680000
3.000000 3.000000 32.000000 113.000000 0.640000
3.000000 3.000000 33.000000 113.000000 0.720000
3.000000 3.000000 34.000000 113.000000 0.720000
3.000000 1.000000 1.000000 117.000000 0.720000
3.000000 1.000000 2.000000 117.000000 0.720000
3.000000 1.000000 3.000000 117.000000 0.760000
3.000000 1.000000 4.000000 117.000000 0.880000
3.000000 1.000000 5.000000 117.000000 0.720000
3.000000 1.000000 6.000000 117.000000 0.640000
3.000000 2.000000 13.000000 117.000000 0.800000
3.000000 2.000000 14.000000 117.000000 0.800000
3.000000 2.000000 15.000000 117.000000 0.760000
3.000000 2.000000 16.000000 117.000000 0.680000
3.000000 2.000000 17.000000 117.000000 0.200000
3.000000 2.000000 18.000000 117.000000 0.360000
3.000000 2.000000 19.000000 117.000000 0.400000
3.000000 2.000000 20.000000 117.000000 0.120000
3.000000 2.000000 21.000000 117.000000 0.360000
3.000000 2.000000 22.000000 117.000000 0.480000
3.000000 2.000000 23.000000 117.000000 0.200000
3.000000 2.000000 24.000000 117.000000 0.280000
3.000000 2.000000 25.000000 117.000000 0.320000
3.000000 2.000000 26.000000 117.000000 0.280000
3.000000 2.000000 27.000000 117.000000 0.240000
3.000000 2.000000 28.000000 117.000000 0.600000
3.000000 3.000000 29.000000 117.000000 0.800000
3.000000 3.000000 30.000000 117.000000 0.680000
3.000000 3.000000 31.000000 117.000000 0.320000
3.000000 3.000000 32.000000 117.000000 0.720000
3.000000 3.000000 33.000000 117.000000 0.760000
3.000000 3.000000 34.000000 117.000000 0.800000
3.000000 1.000000 1.000000 129.000000 0.520000
3.000000 1.000000 2.000000 129.000000 0.320000
3.000000 1.000000 3.000000 129.000000 0.440000
3.000000 1.000000 4.000000 129.000000 0.400000
3.000000 1.000000 5.000000 129.000000 0.600000
3.000000 1.000000 6.000000 129.000000 0.560000
3.000000 2.000000 13.000000 129.000000 0.560000
3.000000 2.000000 14.000000 129.000000 0.440000
3.000000 2.000000 15.000000 129.000000 0.520000
3.000000 2.000000 16.000000 129.000000 0.640000
3.000000 2.000000 17.000000 129.000000 0.760000
3.000000 2.000000 18.000000 129.000000 0.400000
3.000000 2.000000 19.000000 129.000000 0.480000
3.000000 2.000000 20.000000 129.000000 0.400000
3.000000 2.000000 21.000000 129.000000 0.800000
3.000000 2.000000 22.000000 129.000000 0.520000
3.000000 2.000000 23.000000 129.000000 0.640000
3.000000 2.000000 24.000000 129.000000 0.800000
3.000000 2.000000 25.000000 129.000000 0.320000
3.000000 2.000000 26.000000 129.000000 0.520000
3.000000 2.000000 27.000000 129.000000 0.600000
3.000000 2.000000 28.000000 129.000000 0.520000
3.000000 3.000000 29.000000 129.000000 0.560000
3.000000 3.000000 30.000000 129.000000 0.440000
3.000000 3.000000 31.000000 129.000000 0.600000
3.000000 3.000000 32.000000 129.000000 0.600000
3.000000 3.000000 33.000000 129.000000 0.640000
3.000000 3.000000 34.000000 129.000000 0.720000
