1 92.034 71.326 3 3 1 2.4161 0 999 999 999 999 999 999 999 999 999
1 107.72 113.27 2 3 0 2.0219 0 999 999 999 999 999 999 999 999 999
1 104.31 108.78 2 3 0 3.1018 0 999 999 999 999 999 999 999 999 999
1 132.71 103.67 4 4 1 3.2139 0 999 999 999 999 999 999 999 999 999
1 97.639 72.019 3 3 1 2.8618 0 999 999 999 999 999 999 999 999 999
1 80.169 95.296 1 3 0 1.2779 0 999 999 999 999 999 999 999 999 999
1 99.578 109.53 2 4 0 1.4218 0 999 999 999 999 999 999 999 999 999
1 65.882 98.786 1 2 0 2.2218 0 999 999 999 999 999 999 999 999 999
1 75.503 94.748 1 1 1 2.7499 0 999 999 999 999 999 999 999 999 999
1 80.169 95.296 1 4 0 2.798 0 999 999 999 999 999 999 999 999 999
1 64.178 111.01 1 2 0 1.1654 0 999 999 999 999 999 999 999 999 999
1 116.24 87.285 4 3 0 1.2938 0 999 999 999 999 999 999 999 999 999
1 76.145 107.37 1 1 1 1.118 0 999 999 999 999 999 999 999 999 999
1 122.11 95.96 4 3 0 3.0058 0 999 999 999 999 999 999 999 999 999
1 81.98 77.533 1 2 0 1.502 0 999 999 999 999 999 999 999 999 999
1 98.189 138.82 2 4 0 0.98992 0 999 999 999 999 999 999 999 999 999
1 92.969 77.242 3 3 1 1.1177 0 999 999 999 999 999 999 999 999 999
1 108.91 76.845 3 3 1 0.78186 0 999 999 999 999 999 999 999 999 999
1 107.72 113.27 2 3 0 0.606 0 999 999 999 999 999 999 999 999 999
1 98.021 126.84 2 3 0 0.84586 0 999 999 999 999 999 999 999 999 999
1 98.021 126.84 2 3 0 0.68592 0 999 999 999 999 999 999 999 999 999
1 149.08 92.918 4 3 0 2.4938 0 999 999 999 999 999 999 999 999 999
1 111.42 107.43 4 2 0 1.4539 0 999 999 999 999 999 999 999 999 999
1 149.08 92.918 4 1 0 1.2458 0 999 999 999 999 999 999 999 999 999
1 103.65 86.321 3 3 1 0.98979 0 999 999 999 999 999 999 999 999 999
1 122.11 95.96 4 4 1 0.95805 0 999 999 999 999 999 999 999 999 999
1 108.87 100.94 4 2 0 0.84593 0 999 999 999 999 999 999 999 999 999
1 101.69 64.704 3 2 0 2.4778 0 999 999 999 999 999 999 999 999 999
1 92.969 77.242 3 3 1 1.1659 0 999 999 999 999 999 999 999 999 999
1 110.59 62.352 3 4 0 0.92585 0 999 999 999 999 999 999 999 999 999
1 108.88 126.84 2 2 1 1.4219 0 999 999 999 999 999 999 999 999 999
1 128.1 100.78 4 1 0 1.6778 0 999 999 999 999 999 999 999 999 999
1 110.59 62.352 3 3 1 1.0059 0 999 999 999 999 999 999 999 999 999
1 76.145 107.37 1 4 0 2.0779 0 999 999 999 999 999 999 999 999 999
1 103.29 56.695 3 2 0 1.5019 0 999 999 999 999 999 999 999 999 999
1 76.145 107.37 1 1 1 0.38211 0 999 999 999 999 999 999 999 999 999
1 103.29 56.695 3 3 1 1.39 0 999 999 999 999 999 999 999 999 999
1 71.185 103.81 1 2 0 1.0058 0 999 999 999 999 999 999 999 999 999
1 104.31 108.78 2 1 0 1.1499 0 999 999 999 999 999 999 999 999 999
1 107.72 113.27 2 3 0 0.41382 0 999 999 999 999 999 999 999 999 999
1 71.185 103.81 1 3 0 0.73381 0 999 999 999 999 999 999 999 999 999
1 108.88 126.84 2 4 0 1.0699 0 999 999 999 999 999 999 999 999 999
1 98.021 126.84 2 2 1 1.2299 0 999 999 999 999 999 999 999 999 999
1 101.69 64.704 3 1 0 2.9099 0 999 999 999 999 999 999 999 999 999
1 128.1 100.78 4 3 0 0.73384 0 999 999 999 999 999 999 999 999 999
1 101.69 64.704 3 3 1 0.4298 0 999 999 999 999 999 999 999 999 999
1 92.969 77.242 3 2 0 1.9979 0 999 999 999 999 999 999 999 999 999
1 110.59 62.352 3 1 0 1.7739 0 999 999 999 999 999 999 999 999 999
1 71.185 103.81 1 3 0 2.2859 0 999 999 999 999 999 999 999 999 999
1 81.98 77.533 1 3 0 0.74984 0 999 999 999 999 999 999 999 999 999
2 86.198 154.71 2 3 0 4.3624 0 999 999 999 999 999 999 999 999 999
2 89.956 95.295 3 4 0 1.4801 0 999 999 999 999 999 999 999 999 999
2 53.26 100.08 1 3 0 1.6938 0 999 999 999 999 999 999 999 999 999
2 101.38 90.552 3 2 0 3.07 0 999 999 999 999 999 999 999 999 999
2 105.37 83.963 3 1 0 1.0057 0 999 999 999 999 999 999 999 999 999
2 94.721 122.85 2 3 0 0.8298 0 999 999 999 999 999 999 999 999 999
2 65.272 97.491 1 3 0 0.41372 0 999 999 999 999 999 999 999 999 999
2 109 137.95 2 3 0 0.34984 0 999 999 999 999 999 999 999 999 999
2 107.76 90.895 4 3 0 0.4778 0 999 999 999 999 999 999 999 999 999
2 81.135 104.28 1 3 0 0.46235 0 999 999 999 999 999 999 999 999 999
2 71.871 90.771 1 3 0 0.39803 0 999 999 999 999 999 999 999 999 999
2 66.948 101.21 1 3 0 0.49393 0 999 999 999 999 999 999 999 999 999
2 116.12 102.43 4 3 0 0.65394 0 999 999 999 999 999 999 999 999 999
2 81.135 104.28 1 4 0 0.7979 0 999 999 999 999 999 999 999 999 999
2 83.69 111.24 1 2 0 0.74985 0 999 999 999 999 999 999 999 999 999
2 66.948 101.21 1 3 0 7.3579 0 999 999 999 999 999 999 999 999 999
2 69.777 98.665 1 1 1 0.4298 0 999 999 999 999 999 999 999 999 999
2 88.952 140.32 2 4 0 5.6778 0 999 999 999 999 999 999 999 999 999
2 127.71 99.471 4 3 0 1.4378 0 999 999 999 999 999 999 999 999 999
2 90.777 60.788 3 2 0 0.95793 0 999 999 999 999 999 999 999 999 999
2 105.37 83.963 3 1 0 0.82995 0 999 999 999 999 999 999 999 999 999
2 101.38 90.552 3 1 0 6.9578 0 999 999 999 999 999 999 999 999 999
2 118.19 94.174 4 2 0 1.3099 0 999 999 999 999 999 999 999 999 999
2 107.74 124.11 2 4 0 0.50977 0 999 999 999 999 999 999 999 999 999
2 90.777 60.788 3 3 1 0.89373 0 999 999 999 999 999 999 999 999 999
2 88.952 140.32 2 2 1 3.7259 0 999 999 999 999 999 999 999 999 999
2 118.19 94.174 4 2 0 1.1659 0 999 999 999 999 999 999 999 999 999
2 101.38 90.552 3 4 0 2.0619 0 999 999 999 999 999 999 999 999 999
2 105.37 83.963 3 3 1 0.65376 0 999 999 999 999 999 999 999 999 999
2 127.71 99.471 4 2 0 0.54205 0 999 999 999 999 999 999 999 999 999
2 53.26 100.08 1 4 0 2.446 0 999 999 999 999 999 999 999 999 999
2 84.361 138.9 2 1 0 0.46195 0 999 999 999 999 999 999 999 999 999
2 107.74 124.11 2 3 0 0.60587 0 999 999 999 999 999 999 999 999 999
2 84.361 138.9 2 4 0 16.686 0 999 999 999 999 999 999 999 999 999
2 103.49 118.42 2 1 0 1.7899 0 999 999 999 999 999 999 999 999 999
2 108.67 124.15 2 3 0 0.38196 0 999 999 999 999 999 999 999 999 999
2 66.948 101.21 1 3 0 0.638 0 999 999 999 999 999 999 999 999 999
2 103.49 118.42 2 3 0 0.55779 0 999 999 999 999 999 999 999 999 999
2 118.19 94.174 4 2 0 0.38194 0 999 999 999 999 999 999 999 999 999
2 81.135 104.28 1 1 1 0.3339 0 999 999 999 999 999 999 999 999 999
2 115.63 73.142 3 4 0 0.92595 0 999 999 999 999 999 999 999 999 999
2 101.47 115.57 2 2 1 0.54184 0 999 999 999 999 999 999 999 999 999
2 89.956 95.295 3 4 0 2.0941 0 999 999 999 999 999 999 999 999 999
2 115.63 73.142 3 1 0 0.34976 0 999 999 999 999 999 999 999 999 999
2 115.63 73.142 3 3 1 1.7897 0 999 999 999 999 999 999 999 999 999
2 94.721 122.85 2 2 1 0.46199 0 999 999 999 999 999 999 999 999 999
2 135.33 94.112 4 2 0 2.9098 0 999 999 999 999 999 999 999 999 999
2 135.33 94.112 4 4 1 1.3099 0 999 999 999 999 999 999 999 999 999
2 135.33 94.112 4 3 0 0.55788 0 999 999 999 999 999 999 999 999 999
2 116.12 102.43 4 3 0 0.39799 0 999 999 999 999 999 999 999 999 999
3 78.156 99.69 1 3 0 1.4191 0 999 999 999 999 999 999 999 999 999
3 88.839 154.31 2 1 0 0.48913 0 999 999 999 999 999 999 999 999 999
3 140.82 98.805 4 4 1 0.42991 0 999 999 999 999 999 999 999 999 999
3 103.03 143.25 2 2 1 0.39784 0 999 999 999 999 999 999 999 999 999
3 105.47 122.04 2 1 0 0.2857 0 999 999 999 999 999 999 999 999 999
3 103.37 124.71 2 3 0 0.26981 0 999 999 999 999 999 999 999 999 999
3 93.272 126.35 2 4 0 0.62253 0 999 999 999 999 999 999 999 999 999
3 69.509 120.2 1 2 0 0.25372 0 999 999 999 999 999 999 999 999 999
3 140.38 101.61 4 3 0 0.82996 0 999 999 999 999 999 999 999 999 999
3 74.269 100.5 1 2 0 0.35003 0 999 999 999 999 999 999 999 999 999
3 104.87 127.32 2 4 0 0.60589 0 999 999 999 999 999 999 999 999 999
3 88.727 112.37 2 1 0 0.68592 0 999 999 999 999 999 999 999 999 999
3 88.839 154.31 2 3 0 0.54176 0 999 999 999 999 999 999 999 999 999
3 94.284 56.501 3 2 0 0.95791 0 999 999 999 999 999 999 999 999 999
3 140.38 101.61 4 4 1 0.52579 0 999 999 999 999 999 999 999 999 999
3 117.36 98.63 4 4 1 1.742 0 999 999 999 999 999 999 999 999 999
3 98.473 86.605 3 4 0 0.92577 0 999 999 999 999 999 999 999 999 999
3 109.85 65.252 3 1 0 1.0058 0 999 999 999 999 999 999 999 999 999
3 99.222 72.852 3 3 1 0.59004 0 999 999 999 999 999 999 999 999 999
3 98.473 86.605 3 3 1 0.71787 0 999 999 999 999 999 999 999 999 999
3 120.98 86.174 4 3 0 0.82994 0 999 999 999 999 999 999 999 999 999
3 70.185 94.264 1 2 0 0.68584 0 999 999 999 999 999 999 999 999 999
3 95.479 67.776 3 1 0 0.84582 0 999 999 999 999 999 999 999 999 999
3 117.36 98.63 4 4 1 0.65398 0 999 999 999 999 999 999 999 999 999
3 95.479 67.776 3 4 0 1.006 0 999 999 999 999 999 999 999 999 999
3 123.62 131.59 2 4 0 0.66986 0 999 999 999 999 999 999 999 999 999
3 97.064 74.325 3 3 1 0.60574 0 999 999 999 999 999 999 999 999 999
3 123.62 131.59 2 2 1 1.0539 0 999 999 999 999 999 999 999 999 999
3 95.479 67.776 3 1 0 0.82992 0 999 999 999 999 999 999 999 999 999
3 109.85 65.252 3 3 1 0.71782 0 999 999 999 999 999 999 999 999 999
3 94.894 51.709 3 1 0 1.3898 0 999 999 999 999 999 999 999 999 999
3 78.156 99.69 1 4 0 0.66995 0 999 999 999 999 999 999 999 999 999
3 88.839 154.31 2 2 1 0.52577 0 999 999 999 999 999 999 999 999 999
3 94.46 62.462 3 3 1 0.90986 0 999 999 999 999 999 999 999 999 999
3 69.509 120.2 1 4 0 0.79782 0 999 999 999 999 999 999 999 999 999
3 78.163 103.26 1 1 1 0.66979 0 999 999 999 999 999 999 999 999 999
3 81.446 103.95 1 1 1 0.78187 0 999 999 999 999 999 999 999 999 999
3 74.269 100.5 1 1 1 0.87803 0 999 999 999 999 999 999 999 999 999
3 88.839 154.31 2 4 0 0.98998 0 999 999 999 999 999 999 999 999 999
3 120.98 86.174 4 3 0 0.71782 0 999 999 999 999 999 999 999 999 999
3 120.98 86.174 4 3 0 1.1979 0 999 999 999 999 999 999 999 999 999
3 140.38 101.61 4 3 0 0.98978 0 999 999 999 999 999 999 999 999 999
3 100.69 76.385 3 2 0 0.65386 0 999 999 999 999 999 999 999 999 999
3 100.69 76.385 3 1 0 1.1179 0 999 999 999 999 999 999 999 999 999
3 117.36 98.63 4 4 1 0.79806 0 999 999 999 999 999 999 999 999 999
3 78.163 103.26 1 4 0 0.73392 0 999 999 999 999 999 999 999 999 999
3 70.185 94.264 1 3 0 0.63757 0 999 999 999 999 999 999 999 999 999
3 120.98 86.174 4 2 0 1.1979 0 999 999 999 999 999 999 999 999 999
3 70.185 94.264 1 1 1 0.60596 0 999 999 999 999 999 999 999 999 999
3 78.163 103.26 1 1 1 0.58994 0 999 999 999 999 999 999 999 999 999
4 71.812 102.81 1 1 1 1.3375 0 999 999 999 999 999 999 999 999 999
4 122.82 129.49 4 2 0 1.0316 0 999 999 999 999 999 999 999 999 999
4 110.61 128.43 2 4 0 0.63787 0 999 999 999 999 999 999 999 999 999
4 95.849 77.578 3 3 1 0.57398 0 999 999 999 999 999 999 999 999 999
4 74.406 108.26 1 3 0 0.58995 0 999 999 999 999 999 999 999 999 999
4 102.12 64.581 3 1 0 0.7499 0 999 999 999 999 999 999 999 999 999
4 64.475 80.21 1 4 0 0.42987 0 999 999 999 999 999 999 999 999 999
4 136.74 99.856 4 3 0 0.68597 0 999 999 999 999 999 999 999 999 999
4 77.056 107.64 1 2 0 0.63785 0 999 999 999 999 999 999 999 999 999
4 98.642 61.334 3 3 1 0.55781 0 999 999 999 999 999 999 999 999 999
4 100.28 91.893 3 2 0 1.5339 0 999 999 999 999 999 999 999 999 999
4 79.587 94.694 1 4 0 0.63738 0 999 999 999 999 999 999 999 999 999
4 97.225 52.984 3 3 1 0.58985 0 999 999 999 999 999 999 999 999 999
4 124.5 89.716 4 3 0 0.49379 0 999 999 999 999 999 999 999 999 999
4 106.63 95.028 3 1 0 0.82989 0 999 999 999 999 999 999 999 999 999
4 128.04 98.414 4 3 0 1.15 0 999 999 999 999 999 999 999 999 999
4 134.45 112.93 4 2 0 0.95802 0 999 999 999 999 999 999 999 999 999
4 126.49 83.819 4 4 1 0.57384 0 999 999 999 999 999 999 999 999 999
4 117.04 127.5 2 2 1 0.71788 0 999 999 999 999 999 999 999 999 999
4 127.92 88.827 4 4 1 1.3899 0 999 999 999 999 999 999 999 999 999
4 134.45 112.93 4 2 0 0.84587 0 999 999 999 999 999 999 999 999 999
4 97.225 52.984 3 1 0 0.82989 0 999 999 999 999 999 999 999 999 999
4 102.12 64.581 3 3 1 0.55787 0 999 999 999 999 999 999 999 999 999
4 102.79 111.54 2 1 0 1.7261 0 999 999 999 999 999 999 999 999 999
4 78.076 73.353 1 3 0 0.65388 0 999 999 999 999 999 999 999 999 999
4 88.157 75.402 3 1 0 0.5738 0 999 999 999 999 999 999 999 999 999
4 95.849 77.578 3 4 0 0.74994 0 999 999 999 999 999 999 999 999 999
4 102.79 111.54 2 4 0 3.0219 0 999 999 999 999 999 999 999 999 999
4 97.225 52.984 3 3 1 0.52581 0 999 999 999 999 999 999 999 999 999
4 136.19 91.08 4 1 0 3.2298 0 999 999 999 999 999 999 999 999 999
4 94.481 113.04 2 3 0 0.446 0 999 999 999 999 999 999 999 999 999
4 102.79 111.54 2 3 0 0.65393 0 999 999 999 999 999 999 999 999 999
4 90.957 133.45 2 2 1 0.49389 0 999 999 999 999 999 999 999 999 999
4 124.5 89.716 4 4 1 2.2538 0 999 999 999 999 999 999 999 999 999
4 78.076 73.353 1 3 0 0.74976 0 999 999 999 999 999 999 999 999 999
4 127.92 88.827 4 1 0 0.7339 0 999 999 999 999 999 999 999 999 999
4 107.88 123.83 2 3 0 0.42978 0 999 999 999 999 999 999 999 999 999
4 74.406 108.26 1 2 0 0.95789 0 999 999 999 999 999 999 999 999 999
4 134.45 112.93 4 2 0 0.58989 0 999 999 999 999 999 999 999 999 999
4 94.481 113.04 2 3 0 0.74997 0 999 999 999 999 999 999 999 999 999
4 127.92 88.827 4 4 1 0.74989 0 999 999 999 999 999 999 999 999 999
4 102.12 64.581 3 4 0 0.94203 0 999 999 999 999 999 999 999 999 999
4 124.5 89.716 4 3 0 0.84585 0 999 999 999 999 999 999 999 999 999
4 110.61 128.43 2 2 1 0.86193 0 999 999 999 999 999 999 999 999 999
4 136.19 91.08 4 4 1 2.1898 0 999 999 999 999 999 999 999 999 999
4 107.88 123.83 2 4 0 0.60593 0 999 999 999 999 999 999 999 999 999
4 79.587 94.694 1 3 0 0.58974 0 999 999 999 999 999 999 999 999 999
4 77.056 107.64 1 4 0 0.63747 0 999 999 999 999 999 999 999 999 999
4 102.79 111.54 2 2 1 0.7339 0 999 999 999 999 999 999 999 999 999
4 136.74 99.856 4 2 0 0.70179 0 999 999 999 999 999 999 999 999 999
5 118.45 101.2 4 2 0 0.95541 0 999 999 999 999 999 999 999 999 999
5 101.55 73.017 3 3 1 0.55322 0 999 999 999 999 999 999 999 999 999
5 75.915 108.53 1 3 0 0.78182 0 999 999 999 999 999 999 999 999 999
5 75.797 125.65 2 2 1 0.52595 0 999 999 999 999 999 999 999 999 999
5 74.12 87.9 1 3 0 1.0378 0 999 999 999 999 999 999 999 999 999
5 65.574 99.987 1 3 0 0.34983 0 999 999 999 999 999 999 999 999 999
5 109.42 70.548 3 3 1 0.68587 0 999 999 999 999 999 999 999 999 999
5 91.698 121.35 2 4 0 0.47793 0 999 999 999 999 999 999 999 999 999
5 82.785 82.638 3 4 0 0.90979 0 999 999 999 999 999 999 999 999 999
5 110.47 118.62 2 2 1 0.47787 0 999 999 999 999 999 999 999 999 999
5 63.269 89.31 1 1 1 1.1659 0 999 999 999 999 999 999 999 999 999
5 101.55 73.017 3 3 1 0.8778 0 999 999 999 999 999 999 999 999 999
5 89.896 142.17 2 2 1 0.79792 0 999 999 999 999 999 999 999 999 999
5 84.914 68.872 3 1 0 1.1499 0 999 999 999 999 999 999 999 999 999
5 79.825 103.02 1 2 0 0.62183 0 999 999 999 999 999 999 999 999 999
5 127.81 91.02 4 2 0 0.76592 0 999 999 999 999 999 999 999 999 999
5 78.088 128.14 2 2 1 0.60575 0 999 999 999 999 999 999 999 999 999
5 123.16 60.196 3 1 0 2.334 0 999 999 999 999 999 999 999 999 999
5 133.28 98.879 4 4 1 1.3099 0 999 999 999 999 999 999 999 999 999
5 126.18 109.92 4 2 0 0.95711 0 999 999 999 999 999 999 999 999 999
5 75.915 108.53 1 3 0 0.87784 0 999 999 999 999 999 999 999 999 999
5 104.71 114.1 2 2 1 0.62192 0 999 999 999 999 999 999 999 999 999
5 126.18 109.92 4 2 0 0.89389 0 999 999 999 999 999 999 999 999 999
5 123.16 60.196 3 1 0 0.65378 0 999 999 999 999 999 999 999 999 999
5 72.087 86.468 1 3 0 0.62181 0 999 999 999 999 999 999 999 999 999
5 132.73 85.974 4 2 0 0.55785 0 999 999 999 999 999 999 999 999 999
5 87.138 119.36 2 4 0 0.50986 0 999 999 999 999 999 999 999 999 999
5 148.4 99.186 4 2 0 0.46178 0 999 999 999 999 999 999 999 999 999
5 78.088 128.14 2 2 1 0.44596 0 999 999 999 999 999 999 999 999 999
5 104.71 114.1 2 2 1 1.0059 0 999 999 999 999 999 999 999 999 999
5 87.138 119.36 2 2 1 0.87792 0 999 999 999 999 999 999 999 999 999
5 75.915 108.53 1 4 0 2.4139 0 999 999 999 999 999 999 999 999 999
5 63.269 89.31 1 3 0 0.82981 0 999 999 999 999 999 999 999 999 999
5 87.138 119.36 2 2 1 0.81394 0 999 999 999 999 999 999 999 999 999
5 110.47 118.62 2 2 1 0.46165 0 999 999 999 999 999 999 999 999 999
5 65.574 99.987 1 1 1 1.1019 0 999 999 999 999 999 999 999 999 999
5 78.088 128.14 2 2 1 0.65386 0 999 999 999 999 999 999 999 999 999
5 132.73 85.974 4 1 0 1.7578 0 999 999 999 999 999 999 999 999 999
5 148.4 99.186 4 4 1 0.79796 0 999 999 999 999 999 999 999 999 999
5 79.825 103.02 1 1 1 1.3259 0 999 999 999 999 999 999 999 999 999
5 107.49 84.464 3 3 1 1.374 0 999 999 999 999 999 999 999 999 999
5 89.896 142.17 2 2 1 0.71789 0 999 999 999 999 999 999 999 999 999
5 72.087 86.468 1 1 1 1.7258 0 999 999 999 999 999 999 999 999 999
5 107.49 84.464 3 4 0 1.2138 0 999 999 999 999 999 999 999 999 999
5 62.668 102.95 1 1 1 1.1499 0 999 999 999 999 999 999 999 999 999
5 132.73 85.974 4 4 1 1.3098 0 999 999 999 999 999 999 999 999 999
5 104.71 114.1 2 3 0 1.1658 0 999 999 999 999 999 999 999 999 999
5 107.49 84.464 3 4 0 1.1019 0 999 999 999 999 999 999 999 999 999
5 62.668 102.95 1 2 0 0.71778 0 999 999 999 999 999 999 999 999 999
5 79.825 103.02 1 1 1 0.6858 0 999 999 999 999 999 999 999 999 999
6 114.54 86.356 3 2 0 3.7405 0 9 3 1 2 1 1 1 1 3.7405
6 111.72 104.72 4 2 0 2.6079 0 9 3 2 1 0 0 0 1 2.6079
6 117.22 115.04 2 2 1 2.1279 0 5 7 2 1 1 0 0 1 2.1279
6 68.92 81.853 1 1 1 2.0798 0 8 5 2 1 1 0 0 1 2.0798
6 104.2 138.82 2 2 1 3.8719 0 7 4 1 2 1 1 0 0 3.8719
6 131.72 104.15 4 2 0 2.656 0 3 7 2 1 0 1 1 1 2.656
6 85.51 77.826 3 1 0 2.0798 0 3 6 2 1 0 1 1 1 2.0798
6 110.69 83.32 3 3 1 2.368 0 7 3 2 1 1 0 0 1 2.368
6 95.353 115.65 2 2 1 3.04 0 9 3 1 2 1 1 0 0 3.04
6 103.57 140.28 2 2 1 1.3599 0 6 5 1 2 0 0 0 1 1.3599
6 74.279 107.6 1 1 1 1.904 0 9 2 2 1 0 0 0 1 1.904
6 106.33 69.413 3 4 0 3.4239 0 4 9 2 1 0 1 1 1 3.4239
6 99.229 129.19 2 2 1 1.5999 0 5 9 2 1 0 1 1 1 1.5999
6 90.49 102.75 1 2 0 1.1519 0 2 7 2 1 1 0 0 1 1.1519
6 118.33 100.42 4 2 0 2.096 0 9 5 1 2 1 1 1 1 2.096
6 93.953 144.64 2 2 1 2.0959 0 3 7 2 1 1 0 0 1 2.0959
6 121.82 110.12 4 4 1 2.1598 0 2 6 2 1 0 1 1 1 2.1598
6 108.36 56.667 3 3 1 2.016 0 2 7 2 1 0 1 1 1 2.016
6 63.9 114.31 1 1 1 2.672 0 9 4 1 2 1 1 1 1 2.672
6 102.92 133.08 2 2 1 1.9199 0 8 5 1 2 0 0 0 1 1.9199
6 118.33 100.42 4 4 1 2.8799 0 4 6 2 1 0 1 1 1 2.8799
6 102.92 133.08 2 2 1 1.2159 0 3 8 1 2 1 1 1 1 1.2159
6 56.719 106.22 1 1 1 1.6159 0 9 3 1 2 1 1 1 1 1.6159
6 74.279 107.6 1 1 1 3.5678 0 6 2 1 2 1 1 1 1 3.5678
6 99.229 129.19 2 4 0 2.336 0 7 2 1 2 0 0 0 1 2.336
6 74.279 107.6 1 1 1 1.6319 0 5 9 2 1 1 0 0 1 1.6319
6 90.49 102.75 1 4 0 1.8719 0 2 8 2 1 1 0 0 1 1.8719
6 93.953 144.64 2 1 0 1.5839 0 3 6 2 1 1 0 0 1 1.5839
6 118.33 100.42 4 4 1 3.6958 0 8 4 1 2 0 0 0 1 3.6958
6 108.36 56.667 3 3 1 2.2879 0 5 6 2 1 0 1 1 1 2.2879
6 133.52 83.272 4 4 1 2.4479 0 4 8 2 1 1 0 1 0 2.4479
6 99.356 128.04 2 1 0 1.28 0 5 9 1 2 1 1 1 1 1.28
6 61.901 110.03 1 1 1 2.288 0 9 3 1 2 0 0 0 1 2.288
6 61.901 110.03 1 1 1 1.9199 0 5 6 2 1 0 1 1 1 1.9199
6 63.9 114.31 1 1 1 3.9839 0 5 7 2 1 0 1 1 1 3.9839
6 101.55 86.667 3 3 1 1.7599 0 6 2 1 2 1 1 1 1 1.7599
6 56.719 106.22 1 1 1 6.1278 0 4 7 2 1 0 1 1 1 6.1278
6 74.279 107.6 1 1 1 1.4399 0 3 7 2 1 1 0 0 1 1.4399
6 131.72 104.15 4 2 0 1.4239 0 2 6 1 2 0 1 1 1 1.4239
6 61.901 110.03 1 1 1 1.4719 0 9 4 1 2 1 1 1 1 1.4719
6 90.49 102.75 1 2 0 1.248 0 4 9 2 1 0 1 1 1 1.248
6 74.279 107.6 1 1 1 2.656 0 7 4 1 2 1 1 1 1 2.656
6 101.55 86.667 3 3 1 1.4399 0 9 3 1 2 1 1 1 1 1.4399
6 154.99 92.44 4 2 0 1.36 0 9 3 1 2 0 0 0 1 1.36
6 154.99 92.44 4 4 1 1.2959 0 6 3 1 2 1 1 1 1 1.2959
6 154.99 92.44 4 4 1 2.1439 0 8 5 2 1 0 0 0 1 2.1439
6 74.279 107.6 1 1 1 2.1278 0 9 4 1 2 1 1 1 1 2.1278
6 61.901 110.03 1 1 1 1.7281 0 7 3 1 2 0 0 0 1 1.7281
6 99.356 128.04 2 2 1 2.4479 0 4 6 2 1 0 1 1 1 2.4479
6 133.52 83.272 4 3 0 2.8 0 3 6 2 1 0 1 1 1 2.8
7 120.26 91.975 4 2 0 1.7581 0 8 3 1 2 0 0 0 1 1.7581
7 60.98 124.97 1 1 1 1.3919 0 9 4 1 2 1 1 1 1 1.3919
7 65.225 86.568 1 1 1 1.583 1 3 7 2 1 0 1 1 1 1.583
7 88.697 141.36 2 2 1 1.9839 1 9 3 1 2 1 1 1 1 1.9839
7 99.869 74.408 3 3 1 3.3759 1 7 2 1 2 0 0 0 1 3.3759
7 99.869 74.408 3 1 0 1.3439 0 7 5 1 2 1 1 1 1 1.3439
7 84.668 104.98 1 2 0 1.152 0 3 6 2 1 1 0 0 1 1.152
7 91.393 116.58 2 2 1 1.5199 0 7 5 1 2 1 1 0 0 1.5199
7 119.86 101.77 4 2 0 1.28 1 5 6 2 1 0 1 1 1 1.28
7 91.988 67.894 3 1 0 1.4719 1 6 4 1 2 0 0 0 1 1.4719
7 123.18 107.25 4 2 0 2.0799 1 3 9 2 1 1 0 0 1 2.0799
7 123.59 73.971 3 3 1 1.6799 1 3 6 2 1 0 1 1 1 1.6799
7 99.869 74.408 3 1 0 1.3918 1 4 8 2 1 1 0 0 1 1.3918
7 96.998 119 2 2 1 1.0558 0 7 2 1 2 0 0 0 1 1.0558
7 98.018 67.085 3 3 1 1.952 0 9 3 1 2 0 0 0 1 1.952
7 121.31 100.6 4 2 0 1.5199 1 4 6 2 1 0 1 1 1 1.5199
7 147.27 96.305 4 2 0 1.216 1 3 6 2 1 1 0 0 1 1.216
7 127.58 94.356 4 2 0 1.4399 1 4 8 2 1 1 0 0 1 1.4399
7 132.99 100.8 4 4 1 1.5679 1 9 4 2 1 1 0 0 1 1.5679
7 91.393 116.58 2 1 0 1.1199 1 7 3 1 2 0 0 0 1 1.1199
7 93.355 106.16 1 1 1 1.648 1 5 7 1 2 0 1 1 1 1.648
7 73.609 102.1 1 1 1 1.4239 1 4 6 2 1 0 1 1 1 1.4239
7 108.73 117.24 2 3 0 1.7759 1 6 4 1 2 1 1 1 1 1.7759
7 103.78 132.04 2 2 1 1.1359 1 7 4 1 2 0 0 0 1 1.1359
7 94.348 72.423 3 1 0 1.264 1 9 5 1 2 1 1 1 1 1.264
7 60.351 108.9 1 1 1 1.1838 1 6 3 1 2 1 1 1 1 1.1838
7 108.73 117.24 2 2 1 1.664 1 2 8 2 1 0 1 1 1 1.664
7 91.665 125.3 2 2 1 1.136 1 5 8 1 2 1 1 1 1 1.136
7 106.31 80.981 3 3 1 1.0879 1 7 3 1 2 0 0 0 1 1.0879
7 94.348 72.423 3 1 0 1.2319 0 5 6 2 1 0 1 1 1 1.2319
7 106.31 80.981 3 3 1 0.81586 1 5 9 2 1 1 0 0 1 0.81586
7 78.227 103.13 1 2 0 1.1519 1 2 8 2 1 0 1 1 1 1.1519
7 104.68 78.518 3 3 1 1.1679 1 7 2 2 1 0 0 0 1 1.1679
7 73.609 102.1 1 2 0 1.1199 1 8 2 1 2 1 1 1 1 1.1199
7 120.28 120.02 2 2 1 1.7919 1 9 2 1 2 1 1 0 0 1.7919
7 123.18 107.25 4 2 0 1.3758 1 3 7 2 1 0 1 1 1 1.3758
7 93.355 106.16 1 2 0 2.3679 1 3 8 1 2 0 1 1 1 2.3679
7 127.58 94.356 4 2 0 1.2637 1 8 5 1 2 1 1 1 1 1.2637
7 60.351 108.9 1 1 1 2.2078 1 5 8 1 2 1 1 1 1 2.2078
7 127.58 94.356 4 2 0 1.3119 1 7 5 1 2 0 0 0 1 1.3119
7 104.68 78.518 3 3 1 1.12 1 7 2 2 1 1 0 0 1 1.12
7 132.99 100.8 4 3 0 1.7759 0 3 8 2 1 1 0 0 1 1.7759
7 104.68 78.518 3 2 0 2.2079 1 8 5 1 2 0 0 0 1 2.2079
7 91.665 125.3 2 2 1 2.0479 0 3 6 1 2 1 1 1 1 2.0479
7 120.28 120.02 2 3 0 1.664 1 5 6 2 1 1 0 0 1 1.664
7 73.609 102.1 1 1 1 1.1518 1 4 9 2 1 0 1 1 1 1.1518
7 98.018 67.085 3 3 1 1.488 0 3 9 2 1 0 1 1 1 1.488
7 120.26 91.975 4 4 1 1.232 1 8 4 1 2 1 1 0 0 1.232
7 99.869 74.408 3 3 1 1.3441 0 3 6 2 1 1 0 0 1 1.3441
7 91.988 67.894 3 3 1 1.5839 1 8 2 1 2 0 0 0 1 1.5839
8 77.928 80.143 1 1 1 1.7919 1 4 9 2 1 1 0 0 1 1.7919
8 100.56 63.324 3 3 1 1.2 0 6 4 1 2 0 0 0 1 1.2
8 144.12 93.27 4 4 1 1.1999 0 2 8 2 1 0 1 1 1 1.1999
8 68.797 70.699 1 3 0 1.552 0 9 2 1 2 1 1 0 0 1.552
8 95.711 86.673 1 3 0 1.5201 1 6 3 1 2 0 0 0 1 1.5201
8 116.47 82.461 4 4 1 0.94382 0 7 4 1 2 0 0 0 1 0.94382
8 109.23 121.92 2 2 1 1.1039 1 6 5 1 2 0 0 0 1 1.1039
8 137.4 94.302 4 4 1 1.408 1 9 2 1 2 0 0 0 1 1.408
8 113.79 71.337 3 3 1 1.8879 0 7 3 1 2 1 1 1 1 1.8879
8 112.36 130.41 2 2 1 1.0079 1 3 9 1 2 0 1 1 1 1.0079
8 65.58 104.7 1 1 1 1.6639 1 2 9 2 1 0 1 1 1 1.6639
8 124.01 105.18 4 4 1 1.36 1 2 6 2 1 0 1 1 1 1.36
8 131.21 95.216 4 2 0 2.9442 1 2 7 2 1 1 0 0 1 2.9442
8 117.85 88.563 4 4 1 1.1839 0 4 7 2 1 1 0 0 1 1.1839
8 83.847 129.79 2 2 1 0.97581 0 6 3 1 2 0 0 0 1 0.97581
8 61.808 107.58 1 1 1 1.4079 1 9 4 1 2 0 0 0 1 1.4079
8 95.969 73.765 3 3 1 1.1358 1 3 9 2 1 1 0 1 0 1.1358
8 106.8 77.257 3 3 1 1.3759 0 2 6 2 1 1 0 0 1 1.3759
8 131.21 95.216 4 2 0 2.5279 0 8 3 1 2 1 1 1 1 2.5279
8 95.969 73.765 3 2 0 1.4559 1 9 4 1 2 1 1 1 1 1.4559
8 98.016 83.574 3 3 1 1.5199 1 8 4 1 2 1 1 1 1 1.5199
8 98.016 83.574 3 1 0 1.1519 1 5 9 2 1 0 1 1 1 1.1519
8 100.56 63.324 3 3 1 1.232 1 6 2 1 2 1 1 1 1 1.232
8 112.36 130.41 2 2 1 1.0718 1 4 7 2 1 0 1 1 1 1.0718
8 100.56 63.324 3 3 1 0.92803 1 2 8 2 1 1 0 0 1 0.92803
8 124.01 105.18 4 4 1 1.0719 1 6 4 2 1 1 0 0 1 1.0719
8 131.21 95.216 4 2 0 1.0078 1 9 3 1 2 0 0 0 1 1.0078
8 124.01 105.18 4 2 0 1.1039 1 7 2 2 1 1 0 0 1 1.1039
8 100.45 82.642 3 3 1 1.2159 0 4 7 1 2 1 1 1 1 1.2159
8 83.847 129.79 2 2 1 1.5198 1 8 3 2 1 1 0 0 1 1.5198
8 95.711 86.673 1 1 1 1.3119 1 5 6 2 1 0 1 1 1 1.3119
8 109.23 121.92 2 2 1 1.4241 1 5 7 2 1 0 1 1 1 1.4241
8 116.47 82.461 4 3 0 1.216 1 7 3 1 2 0 0 0 1 1.216
8 106.8 77.257 3 4 0 1.1999 1 6 3 1 2 0 0 0 1 1.1999
8 137.4 94.302 4 2 0 1.008 1 2 9 2 1 1 0 0 1 1.008
8 136.37 99.393 4 4 1 1.5199 1 6 5 2 1 1 0 0 1 1.5199
8 100.56 63.324 3 3 1 1.0719 1 6 4 1 2 0 0 0 1 1.0719
8 65.58 104.7 1 1 1 1.4718 1 5 7 2 1 0 1 1 1 1.4718
8 124.01 105.18 4 3 0 1.376 0 5 8 2 1 1 0 0 1 1.376
8 124.01 105.18 4 4 1 1.7281 1 9 4 2 1 1 0 1 0 1.7281
8 98.016 83.574 3 4 0 0.94404 0 6 4 1 2 0 0 0 1 0.94404
8 107.58 132.18 2 4 0 2.1599 1 4 6 2 1 0 1 1 1 2.1599
8 131.21 95.216 4 2 0 0.92793 1 3 8 2 1 1 0 0 1 0.92793
8 100.56 63.324 3 3 1 1.008 1 4 7 2 1 1 0 0 1 1.008
8 136.37 99.393 4 4 1 1.9679 1 5 7 2 1 1 0 0 1 1.9679
8 100.56 63.324 3 1 0 1.2799 1 5 7 1 2 0 1 1 1 1.2799
8 144.12 93.27 4 4 1 2.928 1 4 6 2 1 1 0 1 0 2.928
8 107.58 132.18 2 2 1 1.8877 1 7 4 1 2 0 0 0 1 1.8877
8 117.85 88.563 4 2 0 1.9519 1 3 7 2 1 1 0 0 1 1.9519
8 83.847 129.79 2 2 1 2.1119 1 7 3 1 2 0 0 0 1 2.1119
9 99.281 139.67 2 2 1 1.4559 1 4 7 2 1 1 0 0 1 1.4559
9 59.37 119.52 1 1 1 1.248 1 7 3 2 1 1 0 0 1 1.248
9 113.2 95.12 4 2 0 0.97598 1 5 7 2 1 1 0 0 1 0.97598
9 99.281 139.67 2 2 1 0.95984 1 9 4 1 2 0 0 0 1 0.95984
9 121.04 116.76 2 4 0 1.0558 1 5 6 2 1 1 0 0 1 1.0558
9 63.436 100.23 1 1 1 1.5679 1 7 3 2 1 0 0 0 1 1.5679
9 109.59 69.394 3 3 1 1.8559 1 7 2 1 2 0 0 0 1 1.8559
9 117.2 79.36 3 2 0 1.184 1 2 7 2 1 1 0 0 1 1.184
9 70.798 97.29 1 1 1 2.4638 1 2 8 2 1 1 0 1 0 2.4638
9 137.02 89.02 4 2 0 1.2319 1 8 4 1 2 1 1 0 0 1.2319
9 71 111.11 1 2 0 1.1039 0 3 6 2 1 0 1 1 1 1.1039
9 90.727 130.86 2 2 1 1.8878 0 6 3 1 2 1 1 0 0 1.8878
9 113.2 95.12 4 3 0 1.28 1 6 3 1 2 0 0 0 1 1.28
9 95.906 112.12 2 1 0 1.0561 0 9 2 2 1 1 0 0 1 1.0561
9 66.881 95.076 1 1 1 1.2959 1 6 2 1 2 0 0 0 1 1.2959
9 95.906 112.12 2 2 1 0.83194 1 9 5 1 2 1 1 1 1 0.83194
9 108.45 75.866 3 3 1 0.9759 1 8 5 2 1 0 0 0 1 0.9759
9 105.5 69.134 3 3 1 0.67205 0 7 4 1 2 0 0 0 1 0.67205
9 80.524 68.199 3 1 0 0.84796 1 4 8 2 1 0 1 1 1 0.84796
9 101.77 89.864 3 2 0 1.296 0 5 9 2 1 1 0 0 1 1.296
9 65.786 102.61 1 1 1 0.73577 1 5 9 2 1 0 1 1 1 0.73577
9 80.524 68.199 3 3 1 0.54398 1 2 7 2 1 1 0 0 1 0.54398
9 101.9 71.083 3 3 1 0.91184 1 4 6 2 1 0 1 1 1 0.91184
9 108.45 75.866 3 4 0 0.41594 1 3 6 2 1 1 0 0 1 0.41594
9 85.173 86.306 1 2 0 0.62384 1 8 2 1 2 0 0 0 1 0.62384
9 103.34 154.28 2 2 1 0.55987 1 6 4 1 2 0 0 0 1 0.55987
9 121.04 116.76 2 4 0 0.60785 1 2 6 2 1 0 1 1 1 0.60785
9 105.5 69.134 3 3 1 0.44783 1 4 9 2 1 1 0 0 1 0.44783
9 105.5 69.134 3 3 1 0.63992 1 4 9 2 1 0 1 1 1 0.63992
9 90.727 130.86 2 2 1 0.67202 1 7 3 1 2 1 1 1 1 0.67202
9 65.786 102.61 1 1 1 1.408 1 8 2 2 1 0 0 0 1 1.408
9 121.88 110.07 4 3 0 0.63991 1 3 9 2 1 1 0 0 1 0.63991
9 63.436 100.23 1 1 1 1.4399 1 2 9 2 1 1 0 1 0 1.4399
9 85.173 86.306 1 3 0 0.52776 0 6 4 2 1 0 0 0 1 0.52776
9 101.77 89.864 3 2 0 1.2798 1 7 5 1 2 1 1 1 1 1.2798
9 103.34 154.28 2 2 1 1.8079 0 8 4 1 2 1 1 0 0 1.8079
9 92.588 137.63 2 2 1 1.5199 1 2 8 1 2 1 1 1 1 1.5199
9 90.727 130.86 2 4 0 1.9358 1 8 3 2 1 1 0 0 1 1.9358
9 96.499 55.27 3 1 0 1.088 1 7 2 1 2 1 1 1 1 1.088
9 63.436 100.23 1 1 1 1.2479 0 2 6 2 1 0 1 1 1 1.2479
9 80.524 68.199 3 3 1 1.056 0 6 5 1 2 0 0 0 1 1.056
9 92.588 137.63 2 2 1 1.0559 1 2 6 2 1 0 1 1 1 1.0559
9 96.222 118.62 2 4 0 1.0399 0 4 7 2 1 0 1 1 1 1.0399
9 95.906 112.12 2 2 1 1.3759 1 9 2 1 2 0 0 0 1 1.3759
9 92.588 137.63 2 1 0 0.99187 1 9 4 1 2 0 0 0 1 0.99187
9 101.9 71.083 3 3 1 0.94386 1 7 3 1 2 1 1 1 1 0.94386
9 85.173 86.306 1 1 1 1.9839 1 5 6 2 1 1 0 0 1 1.9839
9 96.222 118.62 2 4 0 1.072 0 2 9 2 1 0 1 1 1 1.072
9 108.45 75.866 3 2 0 2.512 1 3 9 2 1 0 1 1 1 2.512
9 101.77 89.864 3 4 0 1.2799 0 4 7 2 1 1 0 1 0 1.2799
10 108.88 150.37 2 2 1 2.224 0 8 2 1 2 1 1 1 1 2.224
10 73.17 104.29 1 1 1 0.71987 1 2 9 2 1 1 0 1 0 0.71987
10 109.89 147.88 2 2 1 0.92795 0 5 9 2 1 1 0 0 1 0.92795
10 104.56 87.726 3 3 1 1.6 0 3 7 2 1 0 1 1 1 1.6
10 87.493 85.034 1 4 0 1.1519 1 2 9 2 1 0 1 1 1 1.1519
10 102.66 123.8 2 2 1 1.5361 1 8 3 1 2 1 1 1 1 1.5361
10 136.69 97.126 4 4 1 0.81601 1 5 7 1 2 1 1 1 1 0.81601
10 58.433 97.498 1 1 1 1.648 1 5 6 1 2 1 1 1 1 1.648
10 108.88 150.37 2 2 1 1.5038 1 5 9 2 1 0 1 1 1 1.5038
10 125.5 108.11 4 4 1 4.208 1 7 3 2 1 1 0 0 1 4.208
10 87.361 88.156 3 2 0 1.4879 1 8 3 1 2 0 0 1 0 1.4879
10 82.093 109.31 1 2 0 1.376 1 8 2 1 2 0 0 0 1 1.376
10 119.94 61.526 3 1 0 1.1519 1 5 8 2 1 1 0 0 1 1.1519
10 101.91 78.24 3 3 1 0.87991 1 7 2 1 2 1 1 1 1 0.87991
10 110.89 78.382 3 2 0 0.78392 1 9 3 1 2 1 1 1 1 0.78392
10 101.91 78.24 3 4 0 1.4558 1 4 8 2 1 0 1 1 1 1.4558
10 76.309 84.46 1 3 0 2.2399 1 7 5 1 2 1 1 1 1 2.2399
10 146.57 104.91 4 4 1 3.056 0 2 8 2 1 1 0 0 1 3.056
10 109.89 147.88 2 2 1 1.0718 0 8 4 1 2 0 0 0 1 1.0718
10 117.5 82.411 3 3 1 0.92794 1 2 8 1 2 1 1 1 1 0.92794
10 124.48 86.606 4 4 1 2.3037 1 3 7 2 1 0 1 1 1 2.3037
10 150.63 99.714 4 2 0 1.5198 0 8 3 1 2 1 1 0 0 1.5198
10 113.1 133.48 2 2 1 0.83194 1 3 7 2 1 0 1 1 1 0.83194
10 82.093 109.31 1 1 1 0.94392 0 8 3 1 2 0 0 0 1 0.94392
10 101.91 78.24 3 1 0 1.1039 1 7 4 2 1 1 0 0 1 1.1039
10 110.89 78.382 3 3 1 1.024 0 3 8 2 1 0 1 1 1 1.024
10 116.93 96.385 4 4 1 1.7279 1 2 8 2 1 1 0 1 0 1.7279
10 58.433 97.498 1 1 1 1.0879 0 9 4 1 2 0 0 0 1 1.0879
10 87.493 85.034 1 3 0 1.792 1 4 9 2 1 0 1 1 1 1.792
10 102.66 123.8 2 2 1 1.4398 1 2 9 2 1 1 0 0 1 1.4398
10 150.63 99.714 4 4 1 0.97584 1 2 8 1 2 1 1 1 1 0.97584
10 101.91 78.24 3 3 1 0.51189 1 9 5 1 2 1 1 1 1 0.51189
10 119.94 61.526 3 4 0 1.3599 0 5 6 1 2 0 1 1 1 1.3599
10 116.93 96.385 4 3 0 1.8399 1 4 8 2 1 0 1 1 1 1.8399
10 75.224 91.355 1 1 1 1.9199 1 8 5 1 2 0 0 0 1 1.9199
10 108.88 150.37 2 2 1 1.2318 0 7 2 1 2 0 0 0 1 1.2318
10 117.5 82.411 3 3 1 1.04 0 9 2 1 2 0 0 0 1 1.04
10 82.093 109.31 1 1 1 2.4799 1 4 9 2 1 1 0 1 0 2.4799
10 112.26 64.863 3 3 1 1.664 1 3 6 2 1 1 0 0 1 1.664
10 80.145 94.493 1 4 0 0.95982 1 8 5 1 2 0 0 1 0 0.95982
10 67.698 97.759 1 1 1 1.0398 1 6 4 1 2 0 0 0 1 1.0398
10 124.48 86.606 4 3 0 0.83195 1 6 3 1 2 0 0 0 1 0.83195
10 117.5 82.411 3 2 0 1.1998 1 6 4 2 1 1 0 0 1 1.1998
10 67.698 97.759 1 1 1 1.7598 1 3 8 2 1 0 1 1 1 1.7598
10 110.89 78.382 3 4 0 1.2638 1 9 2 1 2 0 0 1 0 1.2638
10 125.5 108.11 4 2 0 1.0717 1 2 8 2 1 1 0 0 1 1.0717
10 146.57 104.91 4 3 0 0.92798 1 7 2 1 2 1 1 1 1 0.92798
10 82.093 109.31 1 1 1 1.1199 1 2 9 2 1 0 1 1 1 1.1199
10 58.433 97.498 1 1 1 2.9758 1 7 3 1 2 1 1 1 1 2.9758
10 80.145 94.493 1 3 0 1.3439 1 8 4 1 2 0 0 0 1 1.3439
11 95.81 69.092 3 3 1 1.1679 1 7 3 1 2 1 1 1 1 1.1679
11 90.34 103.19 1 2 0 0.54397 0 6 3 2 1 1 0 0 1 0.54397
11 143.61 105.03 4 2 0 1.1999 0 3 7 2 1 0 1 1 1 1.1999
11 88.072 85.011 3 3 1 1.104 0 8 2 1 2 1 1 0 0 1.104
11 79.308 110.52 1 1 1 0.92786 1 4 6 2 1 0 1 1 1 0.92786
11 106.94 75.548 3 3 1 0.76792 1 8 2 1 2 1 1 0 0 0.76792
11 87.404 74.96 1 3 0 0.59147 1 7 5 1 2 0 0 0 1 0.59147
11 105.22 127.76 2 2 1 1.088 1 9 5 1 2 0 0 0 1 1.088
11 137.43 104.56 4 4 1 1.648 0 5 6 2 1 0 1 1 1 1.648
11 99.84 94.826 3 3 1 0.59185 1 7 2 1 2 1 1 0 0 0.59185
11 96.262 122.2 2 2 1 1.44 1 2 8 2 1 0 1 1 1 1.44
11 87.638 102.41 1 2 0 0.4318 1 9 2 2 1 1 0 0 1 0.4318
11 84.963 123.33 2 2 1 0.65603 1 6 2 1 2 0 0 0 1 0.65603
11 113.3 65.784 3 3 1 1.024 1 2 9 2 1 0 1 0 0 1.024
11 136.27 121.82 4 4 1 0.71997 1 3 7 2 1 1 0 1 0 0.71997
11 94.558 126.58 2 2 1 0.75187 1 6 2 1 2 0 0 0 1 0.75187
11 68.809 104.87 1 1 1 1.312 1 9 5 1 2 1 1 1 1 1.312
11 93.937 74.144 3 3 1 0.76796 0 8 2 1 2 0 0 0 1 0.76796
11 91.562 66.144 3 3 1 0.76796 1 2 9 1 2 0 1 1 1 0.76796
11 99.84 94.826 3 4 0 0.57593 1 6 5 1 2 0 0 0 1 0.57593
11 113.3 65.784 3 3 1 0.70402 0 5 6 2 1 1 0 0 1 0.70402
11 65.483 99.217 1 1 1 1.824 1 7 3 1 2 0 0 0 1 1.824
11 91.562 66.144 3 3 1 1.184 1 5 7 2 1 1 0 1 0 1.184
11 110.45 122.35 2 2 1 1.0079 0 3 7 2 1 0 1 1 1 1.0079
11 94.558 126.58 2 4 0 0.87993 1 6 2 1 2 1 1 1 1 0.87993
11 99.532 137.38 2 2 1 1.5839 1 4 7 1 2 0 1 1 1 1.5839
11 114.9 102.71 4 3 0 0.55998 1 4 9 1 2 1 1 1 1 0.55998
11 113.3 65.784 3 3 1 2.0799 1 3 7 2 1 1 0 1 0 2.0799
11 114.9 102.71 4 1 0 0.54393 1 9 2 1 2 1 1 0 0 0.54393
11 91.562 66.144 3 3 1 0.62393 1 9 4 1 2 1 1 1 1 0.62393
11 67.377 99.646 1 1 1 0.35179 1 7 4 1 2 1 1 1 1 0.35179
11 65.483 99.217 1 2 0 0.60801 0 5 9 1 2 0 1 1 1 0.60801
11 79.308 110.52 1 2 0 0.3998 0 5 8 1 2 0 1 1 1 0.3998
11 68.49 114.45 1 1 1 1.0559 1 7 5 1 2 0 0 0 1 1.0559
11 79.308 110.52 1 4 0 0.78385 1 4 9 2 1 1 0 1 0 0.78385
11 105.22 127.76 2 2 1 1.568 1 5 9 2 1 1 0 1 0 1.568
11 67.377 99.646 1 3 0 1.1039 0 8 3 1 2 1 1 1 1 1.1039
11 114.9 102.71 4 2 0 0.73586 0 4 9 2 1 0 1 1 1 0.73586
11 65.483 99.217 1 1 1 0.62387 1 7 5 1 2 0 0 0 1 0.62387
11 79.308 110.52 1 1 1 0.57601 1 3 9 2 1 0 1 1 1 0.57601
11 68.49 114.45 1 3 0 1.4081 1 6 5 1 2 1 1 1 1 1.4081
11 96.262 122.2 2 4 0 0.73584 1 4 9 2 1 0 1 1 1 0.73584
11 113.3 65.784 3 2 0 0.76786 1 4 9 2 1 1 0 1 0 0.76786
11 65.483 99.217 1 3 0 0.54385 0 7 4 1 2 1 1 0 0 0.54385
11 136.27 121.82 4 3 0 0.54391 1 6 5 1 2 0 0 1 0 0.54391
11 110.45 122.35 2 2 1 0.43194 1 5 9 1 2 1 1 0 0 0.43194
11 79.308 110.52 1 1 1 0.49589 1 2 6 2 1 0 1 1 1 0.49589
11 90.34 103.19 1 3 0 1.9359 1 5 7 2 1 1 0 0 1 1.9359
11 94.558 126.58 2 4 0 1.5677 1 2 7 2 1 0 1 1 1 1.5677
11 96.262 122.2 2 3 0 0.79999 1 9 2 1 2 1 1 0 0 0.79999
12 71.138 98.299 1 3 0 1.8022 1 999 999 999 999 999 999 999 999 999
12 95.087 141.24 2 4 0 1.5931 1 999 999 999 999 999 999 999 999 999
12 66.984 90.416 1 3 0 0.62196 1 999 999 999 999 999 999 999 999 999
12 122.53 109.2 4 2 0 0.71779 0 999 999 999 999 999 999 999 999 999
12 127.71 110.05 4 1 0 0.4139 0 999 999 999 999 999 999 999 999 999
12 127.38 98.963 4 3 0 0.87781 1 999 999 999 999 999 999 999 999 999
12 88.153 69.579 3 3 1 0.68584 1 999 999 999 999 999 999 999 999 999
12 110.07 75.458 3 1 0 0.74982 0 999 999 999 999 999 999 999 999 999
12 93.811 55.752 3 1 0 0.62181 1 999 999 999 999 999 999 999 999 999
12 110.07 75.458 3 4 0 0.878 1 999 999 999 999 999 999 999 999 999
12 110.07 75.458 3 3 1 1.1818 0 999 999 999 999 999 999 999 999 999
12 93.811 55.752 3 4 0 0.94189 1 999 999 999 999 999 999 999 999 999
12 69.448 87.081 1 3 0 0.78184 1 999 999 999 999 999 999 999 999 999
12 110.07 75.458 3 4 0 1.0858 1 999 999 999 999 999 999 999 999 999
12 89.671 84.376 3 3 1 1.0058 1 999 999 999 999 999 999 999 999 999
12 98.916 129.72 2 2 1 0.84589 0 999 999 999 999 999 999 999 999 999
12 97.692 83.775 3 1 0 0.70187 1 999 999 999 999 999 999 999 999 999
12 95.503 81.103 3 3 1 0.74985 1 999 999 999 999 999 999 999 999 999
12 78.534 122.28 2 2 1 1.0539 0 999 999 999 999 999 999 999 999 999
12 87.327 137.11 2 2 1 0.65385 0 999 999 999 999 999 999 999 999 999
12 114.68 128.24 2 2 1 0.62198 1 999 999 999 999 999 999 999 999 999
12 114.03 81.916 3 3 1 0.95781 0 999 999 999 999 999 999 999 999 999
12 76.533 91.851 1 1 1 1.3099 0 999 999 999 999 999 999 999 999 999
12 89.671 84.376 3 3 1 1.4378 1 999 999 999 999 999 999 999 999 999
12 96.553 80.838 3 1 0 0.63785 1 999 999 999 999 999 999 999 999 999
12 66.984 90.416 1 1 1 0.89386 1 999 999 999 999 999 999 999 999 999
12 122.53 109.2 4 4 1 2.8139 1 999 999 999 999 999 999 999 999 999
12 107.17 132.76 2 2 1 0.55775 1 999 999 999 999 999 999 999 999 999
12 98.916 129.72 2 3 0 0.58985 0 999 999 999 999 999 999 999 999 999
12 114.68 128.24 2 2 1 0.62182 1 999 999 999 999 999 999 999 999 999
12 96.553 80.838 3 1 0 0.81389 1 999 999 999 999 999 999 999 999 999
12 96.553 80.838 3 1 0 1.1018 0 999 999 999 999 999 999 999 999 999
12 121.5 102.76 4 3 0 0.74973 1 999 999 999 999 999 999 999 999 999
12 89.671 84.376 3 1 0 0.74979 1 999 999 999 999 999 999 999 999 999
12 121.5 102.76 4 2 0 0.70188 1 999 999 999 999 999 999 999 999 999
12 127.71 110.05 4 2 0 0.60581 1 999 999 999 999 999 999 999 999 999
12 121.5 102.76 4 2 0 0.33378 1 999 999 999 999 999 999 999 999 999
12 89.671 84.376 3 2 0 0.36583 1 999 999 999 999 999 999 999 999 999
12 71.138 98.299 1 1 1 1.5979 1 999 999 999 999 999 999 999 999 999
12 77.858 91.567 1 3 0 0.94178 1 999 999 999 999 999 999 999 999 999
12 97.692 83.775 3 3 1 0.97388 1 999 999 999 999 999 999 999 999 999
12 89.671 84.376 3 1 0 0.54179 1 999 999 999 999 999 999 999 999 999
12 96.141 128.72 2 2 1 0.62177 1 999 999 999 999 999 999 999 999 999
12 126.13 94.643 4 4 1 2.2858 0 999 999 999 999 999 999 999 999 999
12 97.692 83.775 3 3 1 0.86182 1 999 999 999 999 999 999 999 999 999
12 126.13 94.643 4 3 0 0.9738 1 999 999 999 999 999 999 999 999 999
12 72.976 105.79 1 1 1 0.86206 1 999 999 999 999 999 999 999 999 999
12 95.087 141.24 2 2 1 0.39777 1 999 999 999 999 999 999 999 999 999
12 87.327 137.11 2 2 1 0.65372 1 999 999 999 999 999 999 999 999 999
12 114.03 81.916 3 3 1 1.0377 1 999 999 999 999 999 999 999 999 999
13 93.03 129.03 2 2 1 0.76217 0 999 999 999 999 999 999 999 999 999
13 107.85 62.128 3 3 1 0.67907 1 999 999 999 999 999 999 999 999 999
13 106.04 128.59 2 4 0 1.8059 1 999 999 999 999 999 999 999 999 999
13 54.726 102.47 1 1 1 0.73389 1 999 999 999 999 999 999 999 999 999
13 134.9 81.538 4 3 0 0.82986 1 999 999 999 999 999 999 999 999 999
13 134.9 81.538 4 3 0 0.78183 0 999 999 999 999 999 999 999 999 999
13 95.99 67.976 3 3 1 1.6778 0 999 999 999 999 999 999 999 999 999
13 86.087 55.048 3 3 1 0.65388 1 999 999 999 999 999 999 999 999 999
13 88.689 108.52 1 2 0 0.81389 1 999 999 999 999 999 999 999 999 999
13 94.916 116.42 2 4 0 1.4698 1 999 999 999 999 999 999 999 999 999
13 79.195 110.41 1 1 1 0.92586 1 999 999 999 999 999 999 999 999 999
13 74.121 91.433 1 2 0 0.82975 1 999 999 999 999 999 999 999 999 999
13 113.19 100.25 4 3 0 0.74985 0 999 999 999 999 999 999 999 999 999
13 90.995 82.92 3 4 0 0.638 1 999 999 999 999 999 999 999 999 999
13 134.9 81.538 4 1 0 0.8136 0 999 999 999 999 999 999 999 999 999
13 88.929 136.37 2 2 1 2.1738 0 999 999 999 999 999 999 999 999 999
13 89.463 110.36 2 1 0 0.89378 0 999 999 999 999 999 999 999 999 999
13 77.653 92.389 1 3 0 0.60575 1 999 999 999 999 999 999 999 999 999
13 64.004 96.683 1 2 0 0.50991 1 999 999 999 999 999 999 999 999 999
13 82.452 101.51 1 2 0 0.76585 0 999 999 999 999 999 999 999 999 999
13 99.892 117.65 2 2 1 0.8939 1 999 999 999 999 999 999 999 999 999
13 77.653 92.389 1 1 1 0.54174 1 999 999 999 999 999 999 999 999 999
13 64.004 96.683 1 1 1 1.3258 1 999 999 999 999 999 999 999 999 999
13 125.05 94.913 4 4 1 0.36587 1 999 999 999 999 999 999 999 999 999
13 79.913 104.84 1 3 0 2.1098 1 999 999 999 999 999 999 999 999 999
13 108.76 72.427 3 1 0 1.0698 1 999 999 999 999 999 999 999 999 999
13 99.892 117.65 2 4 0 1.4378 1 999 999 999 999 999 999 999 999 999
13 88.929 136.37 2 2 1 1.1339 0 999 999 999 999 999 999 999 999 999
13 66.167 78.352 1 3 0 3.6137 1 999 999 999 999 999 999 999 999 999
13 66.167 78.352 1 3 0 0.84591 1 999 999 999 999 999 999 999 999 999
13 149.85 115.75 4 4 1 1.3738 1 999 999 999 999 999 999 999 999 999
13 125.05 94.913 4 2 0 1.7098 1 999 999 999 999 999 999 999 999 999
13 82.452 101.51 1 1 1 1.4858 0 999 999 999 999 999 999 999 999 999
13 103.74 93.662 4 3 0 1.9017 1 999 999 999 999 999 999 999 999 999
13 106.04 128.59 2 2 1 1.5659 0 999 999 999 999 999 999 999 999 999
13 113.19 100.25 4 2 0 0.89388 1 999 999 999 999 999 999 999 999 999
13 54.726 102.47 1 1 1 1.8058 1 999 999 999 999 999 999 999 999 999
13 86.087 55.048 3 3 1 1.3097 1 999 999 999 999 999 999 999 999 999
13 108.76 72.427 3 3 1 0.94192 0 999 999 999 999 999 999 999 999 999
13 134.9 81.538 4 3 0 0.90986 1 999 999 999 999 999 999 999 999 999
13 82.452 101.51 1 3 0 0.6378 1 999 999 999 999 999 999 999 999 999
13 134.9 81.538 4 4 1 1.486 1 999 999 999 999 999 999 999 999 999
13 93.03 129.03 2 2 1 1.5017 1 999 999 999 999 999 999 999 999 999
13 125.05 94.913 4 4 1 1.6619 1 999 999 999 999 999 999 999 999 999
13 93.03 129.03 2 4 0 1.1018 1 999 999 999 999 999 999 999 999 999
13 82.452 101.51 1 4 0 1.0699 1 999 999 999 999 999 999 999 999 999
13 54.726 102.47 1 1 1 1.4378 1 999 999 999 999 999 999 999 999 999
13 79.913 104.84 1 2 0 1.6938 1 999 999 999 999 999 999 999 999 999
13 66.167 78.352 1 2 0 0.84575 1 999 999 999 999 999 999 999 999 999
13 103.74 93.662 4 4 1 1.9978 1 999 999 999 999 999 999 999 999 999
14 120.12 108.36 4 2 0 3.2422 1 999 999 999 999 999 999 999 999 999
14 129.5 78.635 4 3 0 1.9449 1 999 999 999 999 999 999 999 999 999
14 51.438 94.566 1 1 1 1.246 1 999 999 999 999 999 999 999 999 999
14 126.28 101.59 4 4 1 1.4218 0 999 999 999 999 999 999 999 999 999
14 102.59 59.327 3 3 1 1.8378 0 999 999 999 999 999 999 999 999 999
14 126.28 101.59 4 2 0 4.3498 1 999 999 999 999 999 999 999 999 999
14 97.76 133.79 2 2 1 1.0219 1 999 999 999 999 999 999 999 999 999
14 109.08 97.095 4 4 1 2.3498 1 999 999 999 999 999 999 999 999 999
14 51.438 94.566 1 3 0 3.4377 1 999 999 999 999 999 999 999 999 999
14 100.73 135.74 2 2 1 2.1579 1 999 999 999 999 999 999 999 999 999
14 111.85 98.246 4 4 1 4.6218 1 999 999 999 999 999 999 999 999 999
14 63.482 96.265 1 3 0 2.9579 0 999 999 999 999 999 999 999 999 999
14 71.973 89.518 1 3 0 1.0539 1 999 999 999 999 999 999 999 999 999
14 111.85 98.246 4 4 1 1.3898 0 999 999 999 999 999 999 999 999 999
14 137.08 109.03 4 2 0 2.0138 1 999 999 999 999 999 999 999 999 999
14 74.106 109.84 1 1 1 1.8378 1 999 999 999 999 999 999 999 999 999
14 102.26 64.568 3 3 1 3.0538 1 999 999 999 999 999 999 999 999 999
14 76.165 87.646 1 2 0 2.9418 1 999 999 999 999 999 999 999 999 999
14 106.79 81.41 3 4 0 2.2378 1 999 999 999 999 999 999 999 999 999
14 97.76 133.79 2 2 1 2.7658 1 999 999 999 999 999 999 999 999 999
14 107.7 74.954 3 3 1 2.3659 0 999 999 999 999 999 999 999 999 999
14 126.28 101.59 4 2 0 2.2219 1 999 999 999 999 999 999 999 999 999
14 92.622 116.25 2 4 0 1.23 1 999 999 999 999 999 999 999 999 999
14 126.28 101.59 4 4 1 0.39783 0 999 999 999 999 999 999 999 999 999
14 107.7 74.954 3 4 0 0.34987 1 999 999 999 999 999 999 999 999 999
14 101.16 141.27 2 4 0 0.70181 1 999 999 999 999 999 999 999 999 999
14 85.629 130.76 2 3 0 1.5498 0 999 999 999 999 999 999 999 999 999
14 126.28 101.59 4 4 1 1.0219 0 999 999 999 999 999 999 999 999 999
14 102.59 59.327 3 4 0 1.3099 1 999 999 999 999 999 999 999 999 999
14 82.728 80.325 3 4 0 1.4699 1 999 999 999 999 999 999 999 999 999
14 76.165 87.646 1 4 0 0.63785 1 999 999 999 999 999 999 999 999 999
14 69.085 112.71 1 4 0 0.66983 1 999 999 999 999 999 999 999 999 999
14 74.106 109.84 1 1 1 1.6137 1 999 999 999 999 999 999 999 999 999
14 97.76 133.79 2 4 0 1.2618 1 999 999 999 999 999 999 999 999 999
14 111.85 98.246 4 4 1 0.98987 1 999 999 999 999 999 999 999 999 999
14 69.085 112.71 1 4 0 0.50982 1 999 999 999 999 999 999 999 999 999
14 126.28 101.59 4 4 1 1.6298 1 999 999 999 999 999 999 999 999 999
14 82.728 80.325 3 1 0 0.62195 1 999 999 999 999 999 999 999 999 999
14 101.16 141.27 2 2 1 1.8537 1 999 999 999 999 999 999 999 999 999
14 87.743 122.09 2 4 0 0.36586 1 999 999 999 999 999 999 999 999 999
14 71.973 89.518 1 4 0 0.58987 1 999 999 999 999 999 999 999 999 999
14 82.728 80.325 3 4 0 0.46191 1 999 999 999 999 999 999 999 999 999
14 56.686 92.667 1 3 0 1.2617 1 999 999 999 999 999 999 999 999 999
14 85.629 130.76 2 4 0 0.26982 1 999 999 999 999 999 999 999 999 999
14 97.76 133.79 2 4 0 0.25376 0 999 999 999 999 999 999 999 999 999
14 85.629 130.76 2 3 0 0.41386 1 999 999 999 999 999 999 999 999 999
14 106.79 81.41 3 2 0 0.18979 1 999 999 999 999 999 999 999 999 999
14 87.743 122.09 2 2 1 0.33379 0 999 999 999 999 999 999 999 999 999
14 100.73 135.74 2 2 1 0.50985 0 999 999 999 999 999 999 999 999 999
14 71.973 89.518 1 1 1 1.3259 0 999 999 999 999 999 999 999 999 999
15 77.996 122.01 2 1 0 2.4262 0 999 999 999 999 999 999 999 999 999
15 133.99 108.83 4 2 0 0.82408 0 999 999 999 999 999 999 999 999 999
15 142.53 110.12 4 4 1 0.38181 0 999 999 999 999 999 999 999 999 999
15 102.05 54.02 3 3 1 1.4854 0 999 999 999 999 999 999 999 999 999
15 103.42 58.117 3 3 1 0.57376 0 999 999 999 999 999 999 999 999 999
15 107.34 139.79 2 2 1 1.0698 0 999 999 999 999 999 999 999 999 999
15 102.15 102.53 4 1 0 0.65379 0 999 999 999 999 999 999 999 999 999
15 101.9 78.373 3 4 0 0.44575 0 999 999 999 999 999 999 999 999 999
15 69.682 101.59 1 3 0 0.52573 0 999 999 999 999 999 999 999 999 999
15 95.911 134.52 2 2 1 0.57391 0 999 999 999 999 999 999 999 999 999
15 107.34 139.79 2 2 1 0.55794 0 999 999 999 999 999 999 999 999 999
15 85.261 111.16 1 1 1 0.73393 0 999 999 999 999 999 999 999 999 999
15 107.27 50.881 3 3 1 1.2298 0 999 999 999 999 999 999 999 999 999
15 101.51 105.78 2 1 0 1.8219 0 999 999 999 999 999 999 999 999 999
15 133.57 84.683 4 3 0 1.5819 0 999 999 999 999 999 999 999 999 999
15 101.9 78.373 3 4 0 0.58992 0 999 999 999 999 999 999 999 999 999
15 101.51 105.78 2 1 0 0.58978 0 999 999 999 999 999 999 999 999 999
15 110.02 117.67 2 2 1 0.62196 0 999 999 999 999 999 999 999 999 999
15 92.946 75.886 3 1 0 0.74974 0 999 999 999 999 999 999 999 999 999
15 97.37 85.178 3 4 0 0.78175 0 999 999 999 999 999 999 999 999 999
15 129.02 112.82 4 2 0 0.5259 0 999 999 999 999 999 999 999 999 999
15 129.02 112.82 4 3 0 0.63779 0 999 999 999 999 999 999 999 999 999
15 109.25 149.74 2 4 0 0.26994 0 999 999 999 999 999 999 999 999 999
15 69.682 101.59 1 1 1 1.2937 0 999 999 999 999 999 999 999 999 999
15 110.02 117.67 2 2 1 1.2138 0 999 999 999 999 999 999 999 999 999
15 94.577 54.044 3 3 1 1.2617 0 999 999 999 999 999 999 999 999 999
15 90.919 78.633 3 1 0 2.4138 0 999 999 999 999 999 999 999 999 999
15 94.577 54.044 3 3 1 0.70175 0 999 999 999 999 999 999 999 999 999
15 129.02 112.82 4 4 1 1.1019 0 999 999 999 999 999 999 999 999 999
15 92.946 75.886 3 3 1 1.1177 0 999 999 999 999 999 999 999 999 999
15 88.911 100.47 1 4 0 0.60581 0 999 999 999 999 999 999 999 999 999
15 142.53 110.12 4 2 0 1.0539 0 999 999 999 999 999 999 999 999 999
15 110.02 117.67 2 2 1 0.54191 0 999 999 999 999 999 999 999 999 999
15 61.124 96.213 1 2 0 1.5178 0 999 999 999 999 999 999 999 999 999
15 104.87 119.29 2 1 0 2.8779 0 999 999 999 999 999 999 999 999 999
15 107.27 50.881 3 3 1 0.98989 0 999 999 999 999 999 999 999 999 999
15 102.15 102.53 4 4 1 1.4539 0 999 999 999 999 999 999 999 999 999
15 79.388 100.09 1 1 1 0.95786 0 999 999 999 999 999 999 999 999 999
15 133.99 108.83 4 2 0 1.1498 0 999 999 999 999 999 999 999 999 999
15 88.911 100.47 1 1 1 3.3258 0 999 999 999 999 999 999 999 999 999
15 69.682 101.59 1 4 0 2.4139 0 999 999 999 999 999 999 999 999 999
15 61.124 96.213 1 1 1 1.1978 0 999 999 999 999 999 999 999 999 999
15 129.02 112.82 4 4 1 2.5738 0 999 999 999 999 999 999 999 999 999
15 61.124 96.213 1 4 0 2.4619 0 999 999 999 999 999 999 999 999 999
15 69.682 101.59 1 1 1 0.63782 0 999 999 999 999 999 999 999 999 999
15 91.631 133.37 2 2 1 0.62185 0 999 999 999 999 999 999 999 999 999
15 129.02 112.82 4 2 0 1.8379 0 999 999 999 999 999 999 999 999 999
15 79.388 100.09 1 4 0 0.92581 0 999 999 999 999 999 999 999 999 999
15 91.631 133.37 2 2 1 0.74991 0 999 999 999 999 999 999 999 999 999
15 129.02 112.82 4 1 0 0.76582 0 999 999 999 999 999 999 999 999 999
16 71.674 96.275 1 1 1 1.1622 0 999 999 999 999 999 999 999 999 999
16 59.669 102.73 1 1 1 1.4492 0 999 999 999 999 999 999 999 999 999
16 64.013 107.74 1 1 1 0.8138 0 999 999 999 999 999 999 999 999 999
16 99.035 66.716 3 3 1 1.0698 0 999 999 999 999 999 999 999 999 999
16 136.7 95.248 4 4 1 0.81392 0 999 999 999 999 999 999 999 999 999
16 100.41 136.11 2 2 1 0.52584 0 999 999 999 999 999 999 999 999 999
16 129.41 96.023 4 1 0 2.1419 0 999 999 999 999 999 999 999 999 999
16 116.61 109.88 4 4 1 1.1497 0 999 999 999 999 999 999 999 999 999
16 124.8 79.367 4 1 0 0.95793 0 999 999 999 999 999 999 999 999 999
16 79.833 106.88 1 2 0 0.62203 0 999 999 999 999 999 999 999 999 999
16 103.5 133.76 2 2 1 0.65387 0 999 999 999 999 999 999 999 999 999
16 124.8 79.367 4 1 0 2.0779 0 999 999 999 999 999 999 999 999 999
16 107.49 146.43 2 2 1 0.8134 0 999 999 999 999 999 999 999 999 999
16 103.35 65.829 3 1 0 0.9258 0 999 999 999 999 999 999 999 999 999
16 103.5 133.76 2 2 1 0.55783 0 999 999 999 999 999 999 999 999 999
16 123.55 97.778 4 4 1 0.54178 0 999 999 999 999 999 999 999 999 999
16 110.42 89.393 4 3 0 1.2939 0 999 999 999 999 999 999 999 999 999
16 116.02 69.825 3 3 1 0.74991 0 999 999 999 999 999 999 999 999 999
16 71.674 96.275 1 1 1 1.9178 0 999 999 999 999 999 999 999 999 999
16 103.32 119.98 2 1 0 2.1418 0 999 999 999 999 999 999 999 999 999
16 89.375 66.94 3 3 1 0.94179 0 999 999 999 999 999 999 999 999 999
16 81.981 128.23 2 4 0 1.9499 0 999 999 999 999 999 999 999 999 999
16 110.42 89.393 4 1 0 1.7579 0 999 999 999 999 999 999 999 999 999
16 102.56 90.996 3 4 0 0.62186 0 999 999 999 999 999 999 999 999 999
16 71.674 96.275 1 2 0 0.55786 0 999 999 999 999 999 999 999 999 999
16 116.75 94.577 4 4 1 1.2458 0 999 999 999 999 999 999 999 999 999
16 123.55 97.778 4 4 1 0.94194 0 999 999 999 999 999 999 999 999 999
16 81.981 128.23 2 2 1 0.5739 0 999 999 999 999 999 999 999 999 999
16 103.32 119.98 2 2 1 0.78186 0 999 999 999 999 999 999 999 999 999
16 116.75 94.577 4 1 0 1.8698 0 999 999 999 999 999 999 999 999 999
16 123.55 97.778 4 4 1 0.55796 0 999 999 999 999 999 999 999 999 999
16 103.35 65.829 3 3 1 0.9258 0 999 999 999 999 999 999 999 999 999
16 89.375 66.94 3 3 1 0.68578 0 999 999 999 999 999 999 999 999 999
16 100.41 136.11 2 2 1 0.55777 0 999 999 999 999 999 999 999 999 999
16 136.7 95.248 4 4 1 1.2138 0 999 999 999 999 999 999 999 999 999
16 89.205 125.95 2 2 1 0.70193 0 999 999 999 999 999 999 999 999 999
16 104.93 71.129 3 1 0 1.4378 0 999 999 999 999 999 999 999 999 999
16 116.61 109.88 4 2 0 0.71802 0 999 999 999 999 999 999 999 999 999
16 79.833 106.88 1 4 0 2.0138 0 999 999 999 999 999 999 999 999 999
16 103.32 119.98 2 2 1 0.89392 0 999 999 999 999 999 999 999 999 999
16 89.205 125.95 2 2 1 0.47777 0 999 999 999 999 999 999 999 999 999
16 104.93 71.129 3 3 1 0.78176 0 999 999 999 999 999 999 999 999 999
16 119.77 127.7 2 1 0 1.8538 0 999 999 999 999 999 999 999 999 999
16 116.02 69.825 3 4 0 1.8699 0 999 999 999 999 999 999 999 999 999
16 102.56 90.996 3 1 0 0.57381 0 999 999 999 999 999 999 999 999 999
16 119.77 127.7 2 2 1 0.55774 0 999 999 999 999 999 999 999 999 999
16 89.375 66.94 3 1 0 2.3658 0 999 999 999 999 999 999 999 999 999
16 136.7 95.248 4 4 1 1.1658 0 999 999 999 999 999 999 999 999 999
16 116.02 69.825 3 4 0 1.1659 0 999 999 999 999 999 999 999 999 999
16 124.8 79.367 4 3 0 1.1657 0 999 999 999 999 999 999 999 999 999
17 77.33 121.68 1 2 0 1.0028 0 999 999 999 999 999 999 999 999 999
17 107.98 160.68 2 2 1 0.58476 0 999 999 999 999 999 999 999 999 999
17 116.82 75.985 3 1 0 1.534 0 999 999 999 999 999 999 999 999 999
17 57.396 111.55 1 2 0 1.5018 0 999 999 999 999 999 999 999 999 999
17 129.28 87.037 4 4 1 1.9499 0 999 999 999 999 999 999 999 999 999
17 67.46 103.16 1 1 1 1.6457 0 999 999 999 999 999 999 999 999 999
17 104.24 135.61 2 2 1 1.0059 0 999 999 999 999 999 999 999 999 999
17 123.04 109.16 4 2 0 1.0058 0 999 999 999 999 999 999 999 999 999
17 118.59 137.2 2 2 1 0.73388 0 999 999 999 999 999 999 999 999 999
17 77.029 101.04 1 1 1 1.2458 0 999 999 999 999 999 999 999 999 999
17 136.68 113.66 4 2 0 2.1898 0 999 999 999 999 999 999 999 999 999
17 104.98 127.92 2 4 0 1.2939 0 999 999 999 999 999 999 999 999 999
17 79.896 88.531 3 3 1 1.2938 0 999 999 999 999 999 999 999 999 999
17 124.09 105.16 4 4 1 1.054 0 999 999 999 999 999 999 999 999 999
17 77.574 103.32 1 1 1 2.4939 0 999 999 999 999 999 999 999 999 999
17 77.574 103.32 1 1 1 0.73374 0 999 999 999 999 999 999 999 999 999
17 79.896 88.531 3 1 0 0.84591 0 999 999 999 999 999 999 999 999 999
17 79.896 88.531 3 3 1 2.4619 0 999 999 999 999 999 999 999 999 999
17 119.21 107.93 4 4 1 3.71 0 999 999 999 999 999 999 999 999 999
17 77.574 103.32 1 1 1 3.2298 0 999 999 999 999 999 999 999 999 999
17 63.495 109.99 1 1 1 2.7179 0 999 999 999 999 999 999 999 999 999
17 129.28 87.037 4 4 1 1.4218 0 999 999 999 999 999 999 999 999 999
17 118.59 137.2 2 2 1 0.68588 0 999 999 999 999 999 999 999 999 999
17 129.56 103.28 4 4 1 2.0779 0 999 999 999 999 999 999 999 999 999
17 131.6 93.55 4 4 1 2.4619 0 999 999 999 999 999 999 999 999 999
17 82.976 141.28 2 2 1 0.686 0 999 999 999 999 999 999 999 999 999
17 124.09 105.16 4 4 1 2.7498 0 999 999 999 999 999 999 999 999 999
17 119.21 107.93 4 4 1 2.9739 0 999 999 999 999 999 999 999 999 999
17 80.323 104.17 1 1 1 1.6298 0 999 999 999 999 999 999 999 999 999
17 49.067 97.892 1 1 1 3.198 0 999 999 999 999 999 999 999 999 999
17 119.21 107.93 4 4 1 1.4378 0 999 999 999 999 999 999 999 999 999
17 101.7 68.655 3 3 1 0.78187 0 999 999 999 999 999 999 999 999 999
17 104.98 127.92 2 2 1 0.95775 0 999 999 999 999 999 999 999 999 999
17 118.59 137.2 2 2 1 1.6779 0 999 999 999 999 999 999 999 999 999
17 119.21 107.93 4 4 1 1.6618 0 999 999 999 999 999 999 999 999 999
17 49.067 97.892 1 1 1 1.5338 0 999 999 999 999 999 999 999 999 999
17 136.68 113.66 4 4 1 1.0859 0 999 999 999 999 999 999 999 999 999
17 101.7 68.655 3 3 1 0.9738 0 999 999 999 999 999 999 999 999 999
17 63.495 109.99 1 2 0 0.9897 0 999 999 999 999 999 999 999 999 999
17 119.21 107.93 4 4 1 1.3417 0 999 999 999 999 999 999 999 999 999
17 96.455 142.9 2 2 1 1.8698 0 999 999 999 999 999 999 999 999 999
17 80.323 104.17 1 1 1 1.79 0 999 999 999 999 999 999 999 999 999
17 77.33 121.68 1 1 1 5.5018 0 999 999 999 999 999 999 999 999 999
17 95.619 71.413 3 3 1 0.71791 0 999 999 999 999 999 999 999 999 999
17 71.365 94.873 1 3 0 2.0457 0 999 999 999 999 999 999 999 999 999
17 129.56 103.28 4 4 1 0.84593 0 999 999 999 999 999 999 999 999 999
17 95.619 71.413 3 3 1 0.74978 0 999 999 999 999 999 999 999 999 999
17 96.455 142.9 2 2 1 1.3578 0 999 999 999 999 999 999 999 999 999
17 104.98 127.92 2 2 1 1.6459 0 999 999 999 999 999 999 999 999 999
17 77.029 101.04 1 1 1 1.1179 0 999 999 999 999 999 999 999 999 999
