1 110.89 80.253 3 4 0 2.1213 0 999 999 999 999 999 999 999 999 999
1 87.638 105.03 1 1 1 1.8458 0 999 999 999 999 999 999 999 999 999
1 100.12 137.63 2 1 0 0.52579 0 999 999 999 999 999 999 999 999 999
1 147.27 92.579 4 4 1 2.4939 0 999 999 999 999 999 999 999 999 999
1 105.56 127.7 2 1 0 0.68603 0 999 999 999 999 999 999 999 999 999
1 129.5 86.174 4 1 0 1.2298 0 999 999 999 999 999 999 999 999 999
1 77.33 101.95 1 1 1 0.86196 0 999 999 999 999 999 999 999 999 999
1 113.2 115.75 4 2 0 0.78193 0 999 999 999 999 999 999 999 999 999
1 123.18 89.393 4 3 0 0.926 0 999 999 999 999 999 999 999 999 999
1 71.871 98.415 1 1 1 0.57392 0 999 999 999 999 999 999 999 999 999
1 118 82.164 4 3 0 0.76586 0 999 999 999 999 999 999 999 999 999
1 109.41 86.667 3 2 0 0.84604 0 999 999 999 999 999 999 999 999 999
1 113.19 100.8 4 3 0 0.6539 0 999 999 999 999 999 999 999 999 999
1 92.969 73.328 3 1 0 0.59002 0 999 999 999 999 999 999 999 999 999
1 109.41 86.667 3 2 0 0.95794 0 999 999 999 999 999 999 999 999 999
1 66.393 113.49 1 1 1 0.60588 0 999 999 999 999 999 999 999 999 999
1 126.13 103.67 4 4 1 0.63778 0 999 999 999 999 999 999 999 999 999
1 118 82.164 4 4 1 1.134 0 999 999 999 999 999 999 999 999 999
1 77.33 101.95 1 1 1 0.79793 0 999 999 999 999 999 999 999 999 999
1 71.674 121.4 1 1 1 0.95793 0 999 999 999 999 999 999 999 999 999
1 93.953 121.61 2 3 0 1.2619 0 999 999 999 999 999 999 999 999 999
1 77.996 132.19 2 3 0 0.51005 0 999 999 999 999 999 999 999 999 999
1 98.577 116.05 2 3 0 1.1499 0 999 999 999 999 999 999 999 999 999
1 93.937 71.596 3 3 1 0.89385 0 999 999 999 999 999 999 999 999 999
1 94.481 146.43 2 2 1 1.0221 0 999 999 999 999 999 999 999 999 999
1 136.2 106.85 4 4 1 0.78178 0 999 999 999 999 999 999 999 999 999
1 87.638 105.03 1 1 1 0.86199 0 999 999 999 999 999 999 999 999 999
1 111.17 113.04 2 2 1 0.73384 0 999 999 999 999 999 999 999 999 999
1 93.953 121.61 2 2 1 1.0379 0 999 999 999 999 999 999 999 999 999
1 118 82.164 4 4 1 0.92582 0 999 999 999 999 999 999 999 999 999
1 136.2 106.85 4 4 1 0.59003 0 999 999 999 999 999 999 999 999 999
1 104.93 75.886 3 2 0 0.74975 0 999 999 999 999 999 999 999 999 999
1 77.33 101.95 1 1 1 0.79793 0 999 999 999 999 999 999 999 999 999
1 90.34 77.371 1 2 0 1.118 0 999 999 999 999 999 999 999 999 999
1 93.937 71.596 3 3 1 0.81389 0 999 999 999 999 999 999 999 999 999
1 98.577 116.05 2 2 1 0.59006 0 999 999 999 999 999 999 999 999 999
1 109.41 86.667 3 3 1 0.73401 0 999 999 999 999 999 999 999 999 999
1 93.953 121.61 2 2 1 0.63799 0 999 999 999 999 999 999 999 999 999
1 96.491 74.325 3 3 1 1.9339 0 999 999 999 999 999 999 999 999 999
1 78.076 85.193 1 1 1 0.622 0 999 999 999 999 999 999 999 999 999
1 113.2 115.75 4 2 0 1.8219 0 999 999 999 999 999 999 999 999 999
1 96.491 74.325 3 3 1 1.23 0 999 999 999 999 999 999 999 999 999
1 105.56 127.7 2 2 1 0.66984 0 999 999 999 999 999 999 999 999 999
1 94.481 146.43 2 2 1 0.94193 0 999 999 999 999 999 999 999 999 999
1 78.076 85.193 1 3 0 0.86191 0 999 999 999 999 999 999 999 999 999
1 123.18 89.393 4 4 1 0.57402 0 999 999 999 999 999 999 999 999 999
1 123.18 89.393 4 4 1 0.60588 0 999 999 999 999 999 999 999 999 999
1 98.577 116.05 2 2 1 0.8138 0 999 999 999 999 999 999 999 999 999
1 90.34 77.371 1 3 0 0.71796 0 999 999 999 999 999 999 999 999 999
1 111.17 113.04 2 2 1 0.47795 0 999 999 999 999 999 999 999 999 999
2 123.55 104.72 4 4 1 0.83987 0 999 999 999 999 999 999 999 999 999
2 110.07 86.321 3 2 0 0.51874 0 999 999 999 999 999 999 999 999 999
2 105.05 73.765 3 2 0 0.65388 0 999 999 999 999 999 999 999 999 999
2 143.86 105.71 4 4 1 0.62196 0 999 999 999 999 999 999 999 999 999
2 79.833 97.29 1 1 1 0.39795 0 999 999 999 999 999 999 999 999 999
2 71.745 111.16 1 1 1 0.71798 0 999 999 999 999 999 999 999 999 999
2 49.067 91.567 1 1 1 0.702 0 999 999 999 999 999 999 999 999 999
2 56.58 109.84 1 1 1 0.52589 0 999 999 999 999 999 999 999 999 999
2 150.2 98.805 4 4 1 0.58993 0 999 999 999 999 999 999 999 999 999
2 100.57 64.001 3 3 1 0.90987 0 999 999 999 999 999 999 999 999 999
2 63.841 110.73 1 1 1 0.66998 0 999 999 999 999 999 999 999 999 999
2 104.74 88.563 4 3 0 1.0539 0 999 999 999 999 999 999 999 999 999
2 98.49 69.413 3 3 1 0.95796 0 999 999 999 999 999 999 999 999 999
2 103.9 70.835 3 3 1 0.68591 0 999 999 999 999 999 999 999 999 999
2 79.833 97.29 1 1 1 0.79801 0 999 999 999 999 999 999 999 999 999
2 134.9 99.77 4 4 1 4.6059 0 999 999 999 999 999 999 999 999 999
2 92.524 137.38 2 3 0 0.98979 0 999 999 999 999 999 999 999 999 999
2 109.23 118.62 2 2 1 1.2618 0 999 999 999 999 999 999 999 999 999
2 105.05 73.765 3 3 1 0.70195 0 999 999 999 999 999 999 999 999 999
2 91.515 118.42 2 1 0 0.78199 0 999 999 999 999 999 999 999 999 999
2 98.49 69.413 3 3 1 0.57404 0 999 999 999 999 999 999 999 999 999
2 121.21 87.285 4 3 0 0.7339 0 999 999 999 999 999 999 999 999 999
2 133.32 84.683 4 3 0 1.6619 0 999 999 999 999 999 999 999 999 999
2 63.841 110.73 1 1 1 0.49402 0 999 999 999 999 999 999 999 999 999
2 74.074 111.11 1 1 1 0.49386 0 999 999 999 999 999 999 999 999 999
2 91.515 118.42 2 2 1 0.81389 0 999 999 999 999 999 999 999 999 999
2 63.64 97.967 1 1 1 0.76593 0 999 999 999 999 999 999 999 999 999
2 110.07 86.321 3 2 0 0.84552 0 999 999 999 999 999 999 999 999 999
2 74.074 111.11 1 1 1 0.54197 0 999 999 999 999 999 999 999 999 999
2 63.64 97.967 1 1 1 0.478 0 999 999 999 999 999 999 999 999 999
2 111.85 128.95 2 2 1 1.3739 0 999 999 999 999 999 999 999 999 999
2 98.49 69.413 3 3 1 0.97375 0 999 999 999 999 999 999 999 999 999
2 101.76 121.92 2 2 1 0.66997 0 999 999 999 999 999 999 999 999 999
2 143.86 105.71 4 4 1 0.71788 0 999 999 999 999 999 999 999 999 999
2 133.32 84.683 4 4 1 0.58998 0 999 999 999 999 999 999 999 999 999
2 87.361 66.656 3 3 1 1.0699 0 999 999 999 999 999 999 999 999 999
2 87.361 66.656 3 3 1 0.57397 0 999 999 999 999 999 999 999 999 999
2 134.9 99.77 4 4 1 0.79792 0 999 999 999 999 999 999 999 999 999
2 79.833 97.29 1 1 1 0.81391 0 999 999 999 999 999 999 999 999 999
2 104.74 88.563 4 3 0 1.0219 0 999 999 999 999 999 999 999 999 999
2 91.515 118.42 2 2 1 1.55 0 999 999 999 999 999 999 999 999 999
2 133.32 84.683 4 4 1 0.68588 0 999 999 999 999 999 999 999 999 999
2 121.21 87.285 4 2 0 0.97402 0 999 999 999 999 999 999 999 999 999
2 74.074 111.11 1 3 0 0.70203 0 999 999 999 999 999 999 999 999 999
2 134.9 99.77 4 4 1 1.0698 0 999 999 999 999 999 999 999 999 999
2 109.23 118.62 2 2 1 0.62192 0 999 999 999 999 999 999 999 999 999
2 111.85 128.95 2 2 1 0.84601 0 999 999 999 999 999 999 999 999 999
2 133.32 84.683 4 3 0 0.84594 0 999 999 999 999 999 999 999 999 999
2 79.833 97.29 1 1 1 1.7259 0 999 999 999 999 999 999 999 999 999
2 101.76 121.92 2 2 1 0.78193 0 999 999 999 999 999 999 999 999 999
3 73.609 64.502 1 1 1 0.63213 0 999 999 999 999 999 999 999 999 999
3 104.71 122.09 2 2 1 0.67808 0 999 999 999 999 999 999 999 999 999
3 77.029 91.355 1 3 0 0.5098 0 999 999 999 999 999 999 999 999 999
3 91.934 115.04 2 2 1 1.07 0 999 999 999 999 999 999 999 999 999
3 103.06 73.971 3 3 1 0.83007 0 999 999 999 999 999 999 999 999 999
3 115.03 84.464 3 4 0 0.65401 0 999 999 999 999 999 999 999 999 999
3 67.46 120.11 1 1 1 0.65393 0 999 999 999 999 999 999 999 999 999
3 104.56 72.591 3 3 1 0.7659 0 999 999 999 999 999 999 999 999 999
3 97.858 122.35 2 2 1 0.51 0 999 999 999 999 999 999 999 999 999
3 86.386 77.533 1 3 0 0.55797 0 999 999 999 999 999 999 999 999 999
3 73.609 64.502 1 1 1 0.50995 0 999 999 999 999 999 999 999 999 999
3 110.72 118.26 2 3 0 0.60596 0 999 999 999 999 999 999 999 999 999
3 118.33 105.79 4 2 0 1.0219 0 999 999 999 999 999 999 999 999 999
3 80.01 97.452 1 3 0 0.76589 0 999 999 999 999 999 999 999 999 999
3 131.21 94.174 4 4 1 0.57406 0 999 999 999 999 999 999 999 999 999
3 92.588 129.49 2 2 1 0.62203 0 999 999 999 999 999 999 999 999 999
3 125.5 118.94 4 4 1 0.65396 0 999 999 999 999 999 999 999 999 999
3 86.386 77.533 1 3 0 1.2619 0 999 999 999 999 999 999 999 999 999
3 118.33 105.79 4 4 1 0.68592 0 999 999 999 999 999 999 999 999 999
3 67.46 120.11 1 1 1 0.67009 0 999 999 999 999 999 999 999 999 999
3 131.21 94.174 4 4 1 1.5819 0 999 999 999 999 999 999 999 999 999
3 57.944 84.351 1 1 1 0.60578 0 999 999 999 999 999 999 999 999 999
3 122.11 95.363 4 4 1 0.62194 0 999 999 999 999 999 999 999 999 999
3 57.944 84.351 1 3 0 0.574 0 999 999 999 999 999 999 999 999 999
3 80.169 124.97 1 2 0 0.8459 0 999 999 999 999 999 999 999 999 999
3 122.11 95.363 4 4 1 0.84593 0 999 999 999 999 999 999 999 999 999
3 141.16 123.13 4 4 1 0.70194 0 999 999 999 999 999 999 999 999 999
3 118.33 105.79 4 2 0 0.878 0 999 999 999 999 999 999 999 999 999
3 95.503 80.542 3 3 1 0.90998 0 999 999 999 999 999 999 999 999 999
3 107.32 130.41 2 2 1 0.62192 0 999 999 999 999 999 999 999 999 999
3 122.11 95.363 4 2 0 0.50988 0 999 999 999 999 999 999 999 999 999
3 86.386 77.533 1 3 0 0.73398 0 999 999 999 999 999 999 999 999 999
3 57.944 84.351 1 1 1 0.54193 0 999 999 999 999 999 999 999 999 999
3 141.16 123.13 4 4 1 0.52596 0 999 999 999 999 999 999 999 999 999
3 86.386 77.533 1 3 0 0.87796 0 999 999 999 999 999 999 999 999 999
3 57.944 84.351 1 1 1 0.50991 0 999 999 999 999 999 999 999 999 999
3 115.03 84.464 3 3 1 1.3739 0 999 999 999 999 999 999 999 999 999
3 95.503 80.542 3 2 0 2.078 0 999 999 999 999 999 999 999 999 999
3 131.21 94.174 4 4 1 1.9979 0 999 999 999 999 999 999 999 999 999
3 110.72 118.26 2 3 0 1.0219 0 999 999 999 999 999 999 999 999 999
3 125.5 118.94 4 4 1 0.55794 0 999 999 999 999 999 999 999 999 999
3 97.858 122.35 2 2 1 0.87803 0 999 999 999 999 999 999 999 999 999
3 103.06 73.971 3 3 1 1.614 0 999 999 999 999 999 999 999 999 999
3 80.01 97.452 1 1 1 6.126 0 999 999 999 999 999 999 999 999 999
3 131.21 94.174 4 4 1 2.382 0 999 999 999 999 999 999 999 999 999
3 115.03 84.464 3 3 1 0.4779 0 999 999 999 999 999 999 999 999 999
3 67.46 120.11 1 1 1 0.62185 0 999 999 999 999 999 999 999 999 999
3 104.56 72.591 3 3 1 0.74993 0 999 999 999 999 999 999 999 999 999
3 122.11 95.363 4 4 1 0.65402 0 999 999 999 999 999 999 999 999 999
3 118.33 105.79 4 4 1 1.4539 0 999 999 999 999 999 999 999 999 999
4 100.23 49.697 3 3 1 0.80915 0 999 999 999 999 999 999 999 999 999
4 135.9 98.879 4 4 1 0.53384 0 999 999 999 999 999 999 999 999 999
4 137.08 109.88 4 4 1 0.41396 0 999 999 999 999 999 999 999 999 999
4 84.064 98.786 1 1 1 0.59003 0 999 999 999 999 999 999 999 999 999
4 105.29 122.28 2 3 0 1.1019 0 999 999 999 999 999 999 999 999 999
4 80.444 104.33 1 1 1 0.76593 0 999 999 999 999 999 999 999 999 999
4 101.77 55.479 3 3 1 0.73396 0 999 999 999 999 999 999 999 999 999
4 101.77 55.479 3 3 1 0.57384 0 999 999 999 999 999 999 999 999 999
4 101.77 55.479 3 3 1 0.58992 0 999 999 999 999 999 999 999 999 999
4 92.592 134.14 2 2 1 0.63785 0 999 999 999 999 999 999 999 999 999
4 79.562 69.963 3 1 0 0.74996 0 999 999 999 999 999 999 999 999 999
4 135.9 98.879 4 4 1 0.62194 0 999 999 999 999 999 999 999 999 999
4 137.08 109.88 4 4 1 0.63793 0 999 999 999 999 999 999 999 999 999
4 116.71 93.748 4 4 1 0.5418 0 999 999 999 999 999 999 999 999 999
4 136.03 107.19 4 4 1 0.49393 0 999 999 999 999 999 999 999 999 999
4 84.064 98.786 1 1 1 0.63794 0 999 999 999 999 999 999 999 999 999
4 101.77 55.479 3 3 1 0.55792 0 999 999 999 999 999 999 999 999 999
4 135.9 98.879 4 1 0 1.486 0 999 999 999 999 999 999 999 999 999
4 84.064 98.786 1 1 1 0.75009 0 999 999 999 999 999 999 999 999 999
4 98.029 124.97 2 3 0 0.60582 0 999 999 999 999 999 999 999 999 999
4 64.013 100.09 1 1 1 0.68583 0 999 999 999 999 999 999 999 999 999
4 114.07 102.01 2 2 1 1.3899 0 999 999 999 999 999 999 999 999 999
4 69.509 105.79 1 1 1 0.68601 0 999 999 999 999 999 999 999 999 999
4 67.513 109.99 1 1 1 0.68595 0 999 999 999 999 999 999 999 999 999
4 100.23 49.697 3 3 1 1.5178 0 999 999 999 999 999 999 999 999 999
4 79.562 69.963 3 3 1 4.6699 0 999 999 999 999 999 999 999 999 999
4 127.38 108.38 4 1 0 0.81388 0 999 999 999 999 999 999 999 999 999
4 121.1 91.561 4 1 0 0.90983 0 999 999 999 999 999 999 999 999 999
4 120.12 79.367 4 2 0 1.4222 0 999 999 999 999 999 999 999 999 999
4 114.07 102.01 2 2 1 5.39 0 999 999 999 999 999 999 999 999 999
4 136.03 107.19 4 4 1 0.78192 0 999 999 999 999 999 999 999 999 999
4 84.064 98.786 1 3 0 0.50988 0 999 999 999 999 999 999 999 999 999
4 94.17 50.881 3 3 1 0.78188 0 999 999 999 999 999 999 999 999 999
4 53.133 104.84 1 1 1 0.47804 0 999 999 999 999 999 999 999 999 999
4 67.513 109.99 1 1 1 0.54193 0 999 999 999 999 999 999 999 999 999
4 94.17 50.881 3 3 1 0.57372 0 999 999 999 999 999 999 999 999 999
4 136.03 107.19 4 4 1 0.68597 0 999 999 999 999 999 999 999 999 999
4 122.17 86.606 4 2 0 1.1499 0 999 999 999 999 999 999 999 999 999
4 136.03 107.19 4 4 1 0.68593 0 999 999 999 999 999 999 999 999 999
4 106.4 115.57 2 2 1 1.0219 0 999 999 999 999 999 999 999 999 999
4 64.013 100.09 1 1 1 0.54182 0 999 999 999 999 999 999 999 999 999
4 62.668 101.79 1 3 0 0.46196 0 999 999 999 999 999 999 999 999 999
4 89.205 136.11 2 2 1 2.158 0 999 999 999 999 999 999 999 999 999
4 89.205 136.11 2 2 1 0.70201 0 999 999 999 999 999 999 999 999 999
4 120.12 79.367 4 4 1 0.59003 0 999 999 999 999 999 999 999 999 999
4 94.17 50.881 3 3 1 0.82998 0 999 999 999 999 999 999 999 999 999
4 62.668 101.79 1 1 1 0.65392 0 999 999 999 999 999 999 999 999 999
4 120.12 79.367 4 3 0 2.2539 0 999 999 999 999 999 999 999 999 999
4 122.17 86.606 4 4 1 0.98989 0 999 999 999 999 999 999 999 999 999
4 121.1 91.561 4 4 1 1.0063 0 999 999 999 999 999 999 999 999 999
5 69.682 101.51 1 1 1 1.2567 0 999 999 999 999 999 999 999 999 999
5 124.48 99.856 4 4 1 1.2871 0 999 999 999 999 999 999 999 999 999
5 106.46 71.17 3 3 1 1.7739 0 999 999 999 999 999 999 999 999 999
5 94.934 80.539 3 3 1 6.7019 0 999 999 999 999 999 999 999 999 999
5 64.004 87.646 1 1 1 3.6297 0 999 999 999 999 999 999 999 999 999
5 138.1 94.356 4 4 1 0.82996 0 999 999 999 999 999 999 999 999 999
5 104.2 142.17 2 2 1 8.7979 0 999 999 999 999 999 999 999 999 999
5 102.79 123.83 2 2 1 5.6139 0 999 999 999 999 999 999 999 999 999
5 99.04 128.11 2 2 1 3.1501 0 999 999 999 999 999 999 999 999 999
5 65.225 102.95 1 1 1 1.518 0 999 999 999 999 999 999 999 999 999
5 135.92 104.74 4 4 1 0.91006 0 999 999 999 999 999 999 999 999 999
5 108.36 70.961 3 3 1 1.2139 0 999 999 999 999 999 999 999 999 999
5 67.057 86.067 1 1 1 2.67 0 999 999 999 999 999 999 999 999 999
5 106.46 71.17 3 3 1 2.334 0 999 999 999 999 999 999 999 999 999
5 121.82 100.42 4 4 1 1.854 0 999 999 999 999 999 999 999 999 999
5 99.869 75.207 3 3 1 2.2378 0 999 999 999 999 999 999 999 999 999
5 136.7 104.32 4 4 1 19.774 0 999 999 999 999 999 999 999 999 999
5 136.74 105.37 4 4 1 4.302 0 999 999 999 999 999 999 999 999 999
5 101.55 67.976 3 3 1 1.0059 0 999 999 999 999 999 999 999 999 999
5 99.04 128.11 2 2 1 6.0941 0 999 999 999 999 999 999 999 999 999
5 104.31 114.32 2 2 1 3.7579 0 999 999 999 999 999 999 999 999 999
5 98.473 65.346 3 3 1 2.8298 0 999 999 999 999 999 999 999 999 999
5 98.473 65.346 3 3 1 1.966 0 999 999 999 999 999 999 999 999 999
5 64.004 87.646 1 1 1 1.038 0 999 999 999 999 999 999 999 999 999
5 99.869 75.207 3 3 1 0.92596 0 999 999 999 999 999 999 999 999 999
5 94.934 80.539 3 3 1 0.74984 0 999 999 999 999 999 999 999 999 999
5 136.7 104.32 4 3 0 0.28586 0 999 999 999 999 999 999 999 999 999
5 69.682 101.51 1 1 1 0.9899 0 999 999 999 999 999 999 999 999 999
5 136.74 105.37 4 4 1 0.7659 0 999 999 999 999 999 999 999 999 999
5 114.94 123.33 2 4 0 0.63787 0 999 999 999 999 999 999 999 999 999
5 98.473 65.346 3 3 1 1.3739 0 999 999 999 999 999 999 999 999 999
5 104.31 114.32 2 3 0 1.9339 0 999 999 999 999 999 999 999 999 999
5 65.225 102.95 1 1 1 0.87801 0 999 999 999 999 999 999 999 999 999
5 106.46 71.17 3 3 1 9.0859 0 999 999 999 999 999 999 999 999 999
5 109.59 61.526 3 3 1 3.6939 0 999 999 999 999 999 999 999 999 999
5 89.671 64.704 3 3 1 2.7658 0 999 999 999 999 999 999 999 999 999
5 104.2 142.17 2 2 1 2.094 0 999 999 999 999 999 999 999 999 999
5 101.55 67.976 3 3 1 3.454 0 999 999 999 999 999 999 999 999 999
5 89.671 64.704 3 3 1 1.2459 0 999 999 999 999 999 999 999 999 999
5 125.36 107.43 4 4 1 1.9339 0 999 999 999 999 999 999 999 999 999
5 106.46 71.17 3 3 1 1.7577 0 999 999 999 999 999 999 999 999 999
5 114.94 123.33 2 2 1 0.55811 0 999 999 999 999 999 999 999 999 999
5 93.065 70.212 3 3 1 0.60592 0 999 999 999 999 999 999 999 999 999
5 104.31 114.32 2 2 1 0.76595 0 999 999 999 999 999 999 999 999 999
5 125.36 107.43 4 3 0 0.76584 0 999 999 999 999 999 999 999 999 999
5 104.2 142.17 2 2 1 0.79782 0 999 999 999 999 999 999 999 999 999
5 67.057 86.067 1 1 1 0.57393 0 999 999 999 999 999 999 999 999 999
5 67.057 86.067 1 1 1 0.79794 0 999 999 999 999 999 999 999 999 999
5 94.934 80.539 3 3 1 1.006 0 999 999 999 999 999 999 999 999 999
5 114.94 123.33 2 2 1 0.98996 0 999 999 999 999 999 999 999 999 999
6 99.229 124.7 2 2 1 3.6925 0 7 5 1 2 0 0 0 1 3.6925
6 93.601 119.29 2 3 0 1.84 0 6 4 2 1 0 0 0 1 1.84
6 92.946 83.49 3 3 1 1.44 0 6 5 2 1 0 0 0 1 1.44
6 102.26 93.881 3 3 1 1.76 0 9 2 1 2 1 1 1 1 1.76
6 122.27 94.643 4 3 0 1.904 0 6 4 1 2 1 1 1 1 1.904
6 129.41 91.08 4 4 1 1.2639 0 7 2 1 2 1 1 1 1 1.2639
6 81.367 68.71 3 1 0 2.3199 0 5 8 2 1 0 1 1 1 2.3199
6 73.17 98.073 1 1 1 1.5199 0 9 2 1 2 1 1 1 1 1.5199
6 68.081 106.8 1 1 1 1.5679 0 6 3 1 2 0 0 0 1 1.5679
6 88.909 50.535 3 3 1 0.64 0 7 2 1 2 0 0 0 1 0.64
6 125.38 82.461 4 4 1 3.2161 0 4 9 2 1 0 1 1 1 3.2161
6 88.909 50.535 3 3 1 0.43209 0 2 7 2 1 0 1 1 1 0.43209
6 96.006 56.501 3 3 1 0.8799 0 3 8 2 1 0 1 1 1 0.8799
6 88.727 119.11 2 2 1 0.576 0 8 3 1 2 0 0 0 1 0.576
6 137.8 118.76 4 4 1 0.48 0 9 3 1 2 1 1 1 1 0.48
6 67.377 95.878 1 1 1 0.59203 0 7 5 1 2 1 1 1 1 0.59203
6 78.534 132.06 2 2 1 0.70399 0 7 4 1 2 1 1 1 1 0.70399
6 121.31 91.673 4 4 1 0.49601 0 5 7 2 1 1 0 0 1 0.49601
6 73.17 98.073 1 3 0 0.63989 0 2 8 2 1 1 0 0 1 0.63989
6 108.76 67.181 3 3 1 0.57588 0 6 4 1 2 1 1 1 1 0.57588
6 83.511 136.73 2 2 1 0.33581 0 2 8 1 2 0 1 1 1 0.33581
6 139.88 90.895 4 4 1 0.27189 0 2 7 1 2 1 1 1 1 0.27189
6 93.601 119.29 2 2 1 0.41597 0 5 7 2 1 0 1 1 1 0.41597
6 146.64 99.393 4 4 1 0.78397 0 9 2 1 2 0 0 0 1 0.78397
6 98.909 137.41 2 2 1 0.82969 0 3 8 2 1 0 1 1 1 0.82969
6 66.984 101.41 1 1 1 0.94403 0 9 5 1 2 0 0 0 1 0.94403
6 83.511 136.73 2 2 1 0.528 0 2 6 2 1 0 1 1 1 0.528
6 81.367 68.71 3 3 1 0.54398 0 9 5 1 2 1 1 1 1 0.54398
6 66.984 101.41 1 1 1 0.67178 0 3 7 2 1 0 1 1 1 0.67178
6 122.27 94.643 4 4 1 0.91192 0 2 6 2 1 1 0 0 1 0.91192
6 102.12 89.864 3 3 1 0.704 0 4 8 2 1 1 0 0 1 0.704
6 137.8 118.76 4 4 1 0.624 0 2 7 2 1 1 0 0 1 0.624
6 67.377 95.878 1 1 1 0.031873 0 6 2 2 1 1 0 0 1 0.031873
6 67.377 95.878 1 1 1 0.76806 0 5 9 2 1 0 1 1 1 0.76806
6 114.9 100.27 4 3 0 0.76798 0 7 4 1 2 0 0 0 1 0.76798
6 85.173 103.6 1 3 0 0.83192 0 2 7 2 1 0 1 1 1 0.83192
6 102.12 89.864 3 3 1 0.51206 0 3 8 1 2 1 1 0 0 0.51206
6 137.8 118.76 4 4 1 0.49602 0 9 2 2 1 1 0 0 1 0.49602
6 96.006 56.501 3 3 1 0.94399 0 5 7 2 1 1 0 0 1 0.94399
6 94.161 116.09 2 2 1 0.19179 0 5 9 1 2 1 1 1 1 0.19179
6 102.12 89.864 3 3 1 1.04 0 6 3 1 2 1 1 1 1 1.04
6 114.9 100.27 4 2 0 0.55993 0 3 7 2 1 0 1 1 1 0.55993
6 74.12 108.79 1 1 1 1.008 0 3 6 2 1 0 1 1 1 1.008
6 94.161 116.09 2 2 1 0.73591 0 2 6 2 1 1 0 0 1 0.73591
6 139.88 90.895 4 4 1 0.43193 0 9 2 1 2 0 0 0 1 0.43193
6 85.173 103.6 1 1 1 0.71987 0 2 6 2 1 1 0 0 1 0.71987
6 94.161 116.09 2 2 1 0.8959 0 6 2 1 2 1 1 1 1 0.8959
6 67.377 95.878 1 1 1 0.9761 0 6 2 1 2 1 1 1 1 0.9761
6 67.377 95.878 1 3 0 0.72003 0 4 8 2 1 0 1 1 1 0.72003
6 146.64 99.393 4 4 1 1.328 0 8 2 1 2 0 0 0 1 1.328
7 111.85 100.6 4 4 1 0.53689 1 4 6 2 1 1 0 0 1 0.53689
7 77.858 102.61 1 1 1 0.70348 0 7 4 1 2 1 1 1 1 0.70348
7 72.507 98.916 1 3 0 0.91186 1 4 6 2 1 0 1 1 1 0.91186
7 81.331 91.851 1 1 1 0.52799 1 4 8 2 1 1 0 0 1 0.52799
7 53.26 99.144 1 1 1 0.67195 0 3 9 2 1 0 1 1 1 0.67195
7 124.5 106.89 4 4 1 0.73598 0 2 7 2 1 0 1 1 1 0.73598
7 86.84 88.531 3 3 1 0.38398 1 9 5 1 2 0 0 0 1 0.38398
7 75.915 104.66 1 1 1 0.28796 1 9 3 2 1 1 0 0 1 0.28796
7 113.07 143.28 2 2 1 0.46407 0 5 9 2 1 0 1 1 1 0.46407
7 107.91 81.369 3 3 1 0.24002 1 8 4 2 1 0 0 0 1 0.24002
7 82.976 125.65 2 2 1 0.78389 1 4 6 2 1 1 0 0 1 0.78389
7 124.5 106.89 4 2 0 0.99193 1 3 6 2 1 0 1 1 1 0.99193
7 103.74 99.67 4 2 0 0.71985 1 8 2 1 2 1 1 1 1 0.71985
7 72.507 98.916 1 1 1 0.76803 0 9 2 1 2 0 0 0 1 0.76803
7 98.016 68.211 3 3 1 0.78414 1 2 8 2 1 1 0 0 1 0.78414
7 101.08 78.382 3 4 0 0.62404 1 6 4 1 2 1 1 1 1 0.62404
7 119.71 109.65 4 2 0 1.0401 1 3 6 2 1 1 0 0 1 1.0401
7 120.28 125.95 2 4 0 0.71991 1 4 6 2 1 1 0 0 1 0.71991
7 124.5 106.89 4 2 0 0.5759 1 7 5 2 1 0 0 1 0 0.5759
7 119.71 109.65 4 4 1 0.99203 1 6 5 1 2 1 1 1 1 0.99203
7 110.02 136.75 2 2 1 2.48 1 4 8 2 1 1 0 0 1 2.48
7 125.76 97.568 4 4 1 0.51194 0 8 2 1 2 1 1 1 1 0.51194
7 82.728 87.235 3 1 0 0.12791 1 2 7 1 2 0 1 1 1 0.12791
7 85.261 107.37 1 3 0 0.33594 1 5 8 1 2 0 1 1 1 0.33594
7 119.71 109.65 4 4 1 0.72003 1 8 4 1 2 0 0 0 1 0.72003
7 124.5 106.89 4 1 0 0.54396 0 4 8 2 1 1 0 0 1 0.54396
7 100.28 60.413 3 3 1 0.39998 1 7 5 1 2 0 0 0 1 0.39998
7 84.233 137.2 2 2 1 0.73599 1 6 3 1 2 0 0 0 1 0.73599
7 75.915 104.66 1 3 0 0.46393 0 7 3 1 2 1 1 1 1 0.46393
7 111.85 100.6 4 3 0 0.55994 0 3 8 2 1 0 1 1 1 0.55994
7 113.07 143.28 2 2 1 0.41579 1 7 3 1 2 0 0 0 1 0.41579
7 113.07 143.28 2 3 0 0.48 1 2 7 2 1 1 0 0 1 0.48
7 100.28 60.413 3 3 1 0.55994 1 3 6 1 2 1 1 0 0 0.55994
7 84.233 137.2 2 2 1 0.14388 1 2 6 1 2 1 1 1 1 0.14388
7 53.26 99.144 1 1 1 1.0239 0 9 4 1 2 0 0 0 1 1.0239
7 85.261 107.37 1 2 0 0.54403 0 8 2 1 2 1 1 1 1 0.54403
7 120.28 125.95 2 2 1 0.51194 1 3 9 2 1 0 1 1 1 0.51194
7 100.69 89.459 3 3 1 0.65603 1 2 9 2 1 0 1 1 1 0.65603
7 109.02 93.888 4 2 0 1.168 1 7 5 1 2 0 0 0 1 1.168
7 125.76 97.568 4 3 0 0.65603 1 5 6 2 1 1 0 0 1 0.65603
7 110.02 136.75 2 2 1 0.672 1 9 2 1 2 1 1 1 1 0.672
7 85.261 107.37 1 3 0 1.28 1 6 2 1 2 0 0 0 1 1.28
7 124.5 106.89 4 2 0 0.22376 1 4 6 2 1 1 0 0 1 0.22376
7 109 142.37 2 3 0 0.20792 1 7 2 2 1 1 0 0 1 0.20792
7 98.016 68.211 3 3 1 0.63985 1 6 2 1 2 0 0 0 1 0.63985
7 53.26 99.144 1 1 1 0.92795 1 7 3 1 2 0 0 0 1 0.92795
7 82.976 125.65 2 4 0 1.232 0 4 8 2 1 0 1 0 0 1.232
7 109 142.37 2 2 1 0.65593 1 6 3 1 2 0 0 0 1 0.65593
7 100.69 89.459 3 3 1 0.49597 1 3 9 2 1 1 0 0 1 0.49597
7 81.331 91.851 1 3 0 0.67202 1 9 5 1 2 1 1 1 1 0.67202
8 107.76 102.53 4 1 0 2.0403 1 999 999 999 999 999 999 999 999 999
8 83.244 71.449 3 2 0 1.079 1 999 999 999 999 999 999 999 999 999
8 88.929 128.24 2 2 1 0.97389 1 999 999 999 999 999 999 999 999 999
8 62.399 114.31 1 1 1 0.90991 1 999 999 999 999 999 999 999 999 999
8 103.82 147.88 2 2 1 0.89392 1 999 999 999 999 999 999 999 999 999
8 101.47 116.42 2 2 1 1.118 1 999 999 999 999 999 999 999 999 999
8 138.79 81.538 4 2 0 0.46187 1 999 999 999 999 999 999 999 999 999
8 60.554 107.74 1 2 0 0.46193 1 999 999 999 999 999 999 999 999 999
8 80.145 87.9 1 2 0 0.26983 0 999 999 999 999 999 999 999 999 999
8 107.34 128.34 2 2 1 0.286 1 999 999 999 999 999 999 999 999 999
8 105.5 74.619 3 2 0 0.84589 0 999 999 999 999 999 999 999 999 999
8 86.198 130.62 2 2 1 0.734 1 999 999 999 999 999 999 999 999 999
8 104.46 117.24 2 2 1 0.58983 0 999 999 999 999 999 999 999 999 999
8 80.038 112.66 1 2 0 1.3899 1 999 999 999 999 999 999 999 999 999
8 87.314 90.996 3 2 0 1.0698 1 999 999 999 999 999 999 999 999 999
8 95.194 74.954 3 2 0 0.66983 1 999 999 999 999 999 999 999 999 999
8 93.03 121.99 2 2 1 0.5897 1 999 999 999 999 999 999 999 999 999
8 107.34 128.34 2 2 1 0.46185 0 999 999 999 999 999 999 999 999 999
8 80.145 87.9 1 4 0 1.054 1 999 999 999 999 999 999 999 999 999
8 114.53 91.335 3 2 0 0.65396 1 999 999 999 999 999 999 999 999 999
8 116.47 101.77 4 2 0 0.44583 0 999 999 999 999 999 999 999 999 999
8 100.68 124.77 2 2 1 0.58993 1 999 999 999 999 999 999 999 999 999
8 93.03 121.99 2 2 1 0.38189 1 999 999 999 999 999 999 999 999 999
8 132.66 81.938 4 2 0 0.73389 1 999 999 999 999 999 999 999 999 999
8 95.194 74.954 3 2 0 0.47779 1 999 999 999 999 999 999 999 999 999
8 106.68 62.644 3 3 1 0.52588 1 999 999 999 999 999 999 999 999 999
8 62.399 114.31 1 1 1 0.65399 1 999 999 999 999 999 999 999 999 999
8 80.038 112.66 1 4 0 0.71796 0 999 999 999 999 999 999 999 999 999
8 80.145 87.9 1 4 0 0.60598 1 999 999 999 999 999 999 999 999 999
8 107.34 128.34 2 2 1 0.57392 1 999 999 999 999 999 999 999 999 999
8 132.66 81.938 4 3 0 1.1659 1 999 999 999 999 999 999 999 999 999
8 101.16 117.7 2 3 0 0.76584 0 999 999 999 999 999 999 999 999 999
8 65.574 101.59 1 4 0 0.71797 0 999 999 999 999 999 999 999 999 999
8 154.99 101.9 4 4 1 0.70198 0 999 999 999 999 999 999 999 999 999
8 87.314 90.996 3 3 1 0.76577 0 999 999 999 999 999 999 999 999 999
8 136.68 91.348 4 2 0 0.70189 1 999 999 999 999 999 999 999 999 999
8 116.47 101.77 4 2 0 0.82977 0 999 999 999 999 999 999 999 999 999
8 101.16 117.7 2 3 0 0.73395 1 999 999 999 999 999 999 999 999 999
8 101.16 117.7 2 3 0 0.76599 1 999 999 999 999 999 999 999 999 999
8 136.68 91.348 4 4 1 0.70196 1 999 999 999 999 999 999 999 999 999
8 65.574 101.59 1 1 1 0.52597 1 999 999 999 999 999 999 999 999 999
8 140.14 101.92 4 4 1 0.54201 1 999 999 999 999 999 999 999 999 999
8 101.16 117.7 2 2 1 1.1019 1 999 999 999 999 999 999 999 999 999
8 106.68 62.644 3 3 1 0.47791 1 999 999 999 999 999 999 999 999 999
8 106.68 62.644 3 3 1 0.49381 1 999 999 999 999 999 999 999 999 999
8 103.82 147.88 2 2 1 0.54195 1 999 999 999 999 999 999 999 999 999
8 116.47 101.77 4 3 0 1.1659 1 999 999 999 999 999 999 999 999 999
8 136.68 91.348 4 4 1 0.44599 1 999 999 999 999 999 999 999 999 999
8 114.53 91.335 3 3 1 1.2139 0 999 999 999 999 999 999 999 999 999
8 60.554 107.74 1 2 0 1.39 1 999 999 999 999 999 999 999 999 999
9 74.269 94.694 1 4 0 0.82539 1 999 999 999 999 999 999 999 999 999
9 90.661 138.52 2 4 0 0.78981 1 999 999 999 999 999 999 999 999 999
9 101.9 66.395 3 3 1 0.82983 1 999 999 999 999 999 999 999 999 999
9 143.61 97.825 4 4 1 0.36582 1 999 999 999 999 999 999 999 999 999
9 107.71 114.1 2 4 0 0.49393 1 999 999 999 999 999 999 999 999 999
9 94.904 110.7 2 2 1 0.30282 1 999 999 999 999 999 999 999 999 999
9 103.29 61.63 3 1 0 0.36589 1 999 999 999 999 999 999 999 999 999
9 100.19 128.14 2 3 0 0.2538 1 999 999 999 999 999 999 999 999 999
9 90.661 138.52 2 2 1 0.58986 0 999 999 999 999 999 999 999 999 999
9 106.83 91.584 4 3 0 0.65388 1 999 999 999 999 999 999 999 999 999
9 74.269 94.694 1 1 1 0.5419 1 999 999 999 999 999 999 999 999 999
9 127.27 131.47 4 4 1 0.57399 1 999 999 999 999 999 999 999 999 999
9 107.42 64.568 3 3 1 0.55793 1 999 999 999 999 999 999 999 999 999
9 74.269 94.694 1 2 0 0.47809 1 999 999 999 999 999 999 999 999 999
9 106.8 71.13 3 4 0 0.22187 0 999 999 999 999 999 999 999 999 999
9 133.66 93.27 4 3 0 0.41388 1 999 999 999 999 999 999 999 999 999
9 143.61 97.825 4 3 0 0.44579 1 999 999 999 999 999 999 999 999 999
9 116.75 95.216 4 3 0 0.42982 1 999 999 999 999 999 999 999 999 999
9 107.42 64.568 3 1 0 0.23796 1 999 999 999 999 999 999 999 999 999
9 143.61 97.825 4 4 1 0.077791 0 999 999 999 999 999 999 999 999 999
9 69.448 97.652 1 3 0 0.73388 0 999 999 999 999 999 999 999 999 999
9 76.309 97.892 1 4 0 0.41375 1 999 999 999 999 999 999 999 999 999
9 87.703 103.13 1 2 0 0.30174 1 999 999 999 999 999 999 999 999 999
9 107.42 64.568 3 1 0 0.23774 1 999 999 999 999 999 999 999 999 999
9 90.661 138.52 2 2 1 1.278 0 999 999 999 999 999 999 999 999 999
9 116.75 95.216 4 3 0 0.66972 1 999 999 999 999 999 999 999 999 999
9 97.429 137.11 2 2 1 0.57388 1 999 999 999 999 999 999 999 999 999
9 133.66 93.27 4 3 0 0.63797 1 999 999 999 999 999 999 999 999 999
9 104.76 67.776 3 4 0 0.18984 1 999 999 999 999 999 999 999 999 999
9 100.19 128.14 2 1 0 0.70181 1 999 999 999 999 999 999 999 999 999
9 116.75 95.216 4 4 1 18.701 0 999 999 999 999 999 999 999 999 999
9 71.147 97.491 1 3 0 3.0379 0 999 999 999 999 999 999 999 999 999
9 100.19 128.14 2 1 0 1.71 1 999 999 999 999 999 999 999 999 999
9 76.309 97.892 1 2 0 2.1579 1 999 999 999 999 999 999 999 999 999
9 91.562 63.608 3 4 0 3.0859 0 999 999 999 999 999 999 999 999 999
9 69.448 97.652 1 1 1 1.7899 1 999 999 999 999 999 999 999 999 999
9 143.61 97.825 4 1 0 1.4059 1 999 999 999 999 999 999 999 999 999
9 87.703 103.13 1 2 0 2.1259 0 999 999 999 999 999 999 999 999 999
9 97.429 137.11 2 3 0 1.5659 0 999 999 999 999 999 999 999 999 999
9 116.75 95.216 4 3 0 1.3259 1 999 999 999 999 999 999 999 999 999
9 87.703 103.13 1 2 0 2.1261 0 999 999 999 999 999 999 999 999 999
9 103.29 61.63 3 4 0 4.2376 1 999 999 999 999 999 999 999 999 999
9 127.27 131.47 4 3 0 1.9498 1 999 999 999 999 999 999 999 999 999
9 97.429 137.11 2 2 1 1.086 1 999 999 999 999 999 999 999 999 999
9 91.562 63.608 3 1 0 1.3579 1 999 999 999 999 999 999 999 999 999
9 133.66 93.27 4 1 0 0.97395 0 999 999 999 999 999 999 999 999 999
9 100.19 128.14 2 1 0 0.39783 1 999 999 999 999 999 999 999 999 999
9 91.562 63.608 3 2 0 0.87782 1 999 999 999 999 999 999 999 999 999
9 71.147 97.491 1 4 0 0.22198 1 999 999 999 999 999 999 999 999 999
9 107.42 64.568 3 3 1 0.2058 1 999 999 999 999 999 999 999 999 999
10 97.37 82.881 3 1 0 0.39238 1 999 999 999 999 999 999 999 999 999
10 146.57 101.5 4 2 0 0.11778 1 999 999 999 999 999 999 999 999 999
10 92.034 80.838 3 2 0 0.71791 1 999 999 999 999 999 999 999 999 999
10 100.26 134.84 2 3 0 0.74988 1 999 999 999 999 999 999 999 999 999
10 75.227 92.667 1 2 0 0.84584 1 999 999 999 999 999 999 999 999 999
10 99.356 125.03 2 4 0 0.89398 1 999 999 999 999 999 999 999 999 999
10 65.786 111.24 1 3 0 1.2779 0 999 999 999 999 999 999 999 999 999
10 135.33 93.662 4 1 0 0.92601 0 999 999 999 999 999 999 999 999 999
10 131.28 106.72 4 4 1 0.66993 1 999 999 999 999 999 999 999 999 999
10 92.034 80.838 3 2 0 1.1019 1 999 999 999 999 999 999 999 999 999
10 85.896 80.143 1 3 0 0.82993 1 999 999 999 999 999 999 999 999 999
10 88.153 64.121 3 1 0 1.374 1 999 999 999 999 999 999 999 999 999
10 75.227 92.667 1 1 1 1.3259 0 999 999 999 999 999 999 999 999 999
10 87.743 128.67 2 2 1 0.70185 1 999 999 999 999 999 999 999 999 999
10 93.668 75.564 3 3 1 1.2619 1 999 999 999 999 999 999 999 999 999
10 87.689 81.916 3 4 0 1.326 1 999 999 999 999 999 999 999 999 999
10 104.76 77.578 3 2 0 0.68594 1 999 999 999 999 999 999 999 999 999
10 93.272 114.79 2 3 0 0.7979 1 999 999 999 999 999 999 999 999 999
10 87.689 81.916 3 4 0 1.214 1 999 999 999 999 999 999 999 999 999
10 87.743 128.67 2 3 0 0.44594 1 999 999 999 999 999 999 999 999 999
10 96.851 90.771 1 4 0 1.0218 1 999 999 999 999 999 999 999 999 999
10 124.09 97.975 4 1 0 1.3101 1 999 999 999 999 999 999 999 999 999
10 99.136 73.991 3 4 0 0.94188 1 999 999 999 999 999 999 999 999 999
10 51.438 102.76 1 2 0 0.84593 0 999 999 999 999 999 999 999 999 999
10 97.37 82.881 3 2 0 1.5179 1 999 999 999 999 999 999 999 999 999
10 93.668 75.564 3 3 1 0.62182 0 999 999 999 999 999 999 999 999 999
10 93.272 114.79 2 1 0 0.65384 1 999 999 999 999 999 999 999 999 999
10 131.28 106.72 4 4 1 0.76589 0 999 999 999 999 999 999 999 999 999
10 97.194 123.11 2 2 1 0.66995 1 999 999 999 999 999 999 999 999 999
10 87.743 128.67 2 2 1 1.118 1 999 999 999 999 999 999 999 999 999
10 133.69 95.854 4 4 1 0.78192 0 999 999 999 999 999 999 999 999 999
10 87.743 128.67 2 2 1 1.006 1 999 999 999 999 999 999 999 999 999
10 56.686 87.081 1 3 0 0.87781 1 999 999 999 999 999 999 999 999 999
10 124.09 97.975 4 4 1 0.81391 1 999 999 999 999 999 999 999 999 999
10 146.57 101.5 4 4 1 0.47781 1 999 999 999 999 999 999 999 999 999
10 75.227 92.667 1 1 1 1.6938 1 999 999 999 999 999 999 999 999 999
10 99.356 125.03 2 2 1 0.74991 1 999 999 999 999 999 999 999 999 999
10 133.69 95.854 4 4 1 0.82986 1 999 999 999 999 999 999 999 999 999
10 65.786 111.24 1 3 0 0.87777 1 999 999 999 999 999 999 999 999 999
10 87.689 81.916 3 3 1 1.038 1 999 999 999 999 999 999 999 999 999
10 87.689 81.916 3 3 1 0.65388 1 999 999 999 999 999 999 999 999 999
10 51.438 102.76 1 4 0 1.07 1 999 999 999 999 999 999 999 999 999
10 56.686 87.081 1 2 0 1.0859 0 999 999 999 999 999 999 999 999 999
10 65.786 111.24 1 3 0 0.49392 1 999 999 999 999 999 999 999 999 999
10 88.153 64.121 3 4 0 2.6699 0 999 999 999 999 999 999 999 999 999
10 99.136 73.991 3 4 0 0.63791 0 999 999 999 999 999 999 999 999 999
10 97.194 123.11 2 3 0 0.39124 0 999 999 999 999 999 999 999 999 999
10 87.689 81.916 3 2 0 0.093655 1 999 999 999 999 999 999 999 999 999
10 88.153 64.121 3 3 1 1.5019 0 999 999 999 999 999 999 999 999 999
10 104.76 77.578 3 2 0 1.5338 1 999 999 999 999 999 999 999 999 999
11 133.95 95.12 4 4 1 1.208 1 999 999 999 999 999 999 999 999 999
11 104.68 74.101 3 2 0 2.9982 0 999 999 999 999 999 999 999 999 999
11 129.02 110.53 4 4 1 2.1739 1 999 999 999 999 999 999 999 999 999
11 94.439 81.911 3 3 1 1.5018 1 999 999 999 999 999 999 999 999 999
11 108.91 68.199 3 4 0 6.2379 0 999 999 999 999 999 999 999 999 999
11 86.987 146.03 2 2 1 0.20582 1 999 999 999 999 999 999 999 999 999
11 79.388 91.165 1 3 0 0.84587 1 999 999 999 999 999 999 999 999 999
11 136.55 88.827 4 4 1 0.86196 1 999 999 999 999 999 999 999 999 999
11 103.41 65.476 3 4 0 2.6699 0 999 999 999 999 999 999 999 999 999
11 79.587 99.217 1 4 0 0.82999 0 999 999 999 999 999 999 999 999 999
11 58.261 92.921 1 4 0 0.22195 0 999 999 999 999 999 999 999 999 999
11 79.587 99.217 1 4 0 0.22391 0 999 999 999 999 999 999 999 999 999
11 86.987 146.03 2 4 0 1.4062 1 999 999 999 999 999 999 999 999 999
11 80.363 99.69 1 3 0 2.0459 1 999 999 999 999 999 999 999 999 999
11 80.363 99.69 1 2 0 1.278 1 999 999 999 999 999 999 999 999 999
11 104.68 74.101 3 4 0 1.102 1 999 999 999 999 999 999 999 999 999
11 78.156 104.7 1 1 1 1.1818 1 999 999 999 999 999 999 999 999 999
11 86.987 146.03 2 3 0 0.4459 0 999 999 999 999 999 999 999 999 999
11 122.53 107.77 4 4 1 0.70192 0 999 999 999 999 999 999 999 999 999
11 79.587 99.217 1 3 0 1.022 1 999 999 999 999 999 999 999 999 999
11 58.261 92.921 1 1 1 0.70188 1 999 999 999 999 999 999 999 999 999
11 79.587 99.217 1 2 0 0.78197 1 999 999 999 999 999 999 999 999 999
11 94.408 75.402 3 1 0 0.2859 0 999 999 999 999 999 999 999 999 999
11 94.301 59.327 3 3 1 0.12583 1 999 999 999 999 999 999 999 999 999
11 137.08 83.819 4 4 1 0.22201 1 999 999 999 999 999 999 999 999 999
11 86.987 146.03 2 1 0 0.34984 1 999 999 999 999 999 999 999 999 999
11 105.36 129.25 2 2 1 0.28576 0 999 999 999 999 999 999 999 999 999
11 64.441 94.264 1 3 0 1.4858 1 999 999 999 999 999 999 999 999 999
11 133.95 95.12 4 1 0 0.44592 1 999 999 999 999 999 999 999 999 999
11 94.301 59.327 3 4 0 0.95794 1 999 999 999 999 999 999 999 999 999
11 101.17 132.04 2 4 0 0.78181 1 999 999 999 999 999 999 999 999 999
11 64.441 94.264 1 1 1 0.33478 1 999 999 999 999 999 999 999 999 999
11 79.587 99.217 1 2 0 0.22197 1 999 999 999 999 999 999 999 999 999
11 58.261 92.921 1 3 0 0.3017 1 999 999 999 999 999 999 999 999 999
11 129.02 110.53 4 3 0 0.94187 0 999 999 999 999 999 999 999 999 999
11 124.01 109.66 4 2 0 0.22205 1 999 999 999 999 999 999 999 999 999
11 58.261 92.921 1 4 0 0.39789 1 999 999 999 999 999 999 999 999 999
11 124.18 87.037 4 3 0 0.39792 1 999 999 999 999 999 999 999 999 999
11 101.17 132.04 2 3 0 0.81407 1 999 999 999 999 999 999 999 999 999
11 124.18 87.037 4 4 1 0.52592 1 999 999 999 999 999 999 999 999 999
11 113.65 105.78 2 1 0 0.15769 1 999 999 999 999 999 999 999 999 999
11 124.01 109.66 4 1 0 0.49383 1 999 999 999 999 999 999 999 999 999
11 122.53 107.77 4 1 0 0.4299 1 999 999 999 999 999 999 999 999 999
11 103.41 65.476 3 4 0 0.029775 1 999 999 999 999 999 999 999 999 999
11 103.41 65.476 3 1 0 0.23873 0 999 999 999 999 999 999 999 999 999
11 97.064 85.915 3 2 0 0.12582 1 999 999 999 999 999 999 999 999 999
11 97.064 85.915 3 3 1 0.14194 1 999 999 999 999 999 999 999 999 999
11 101.17 132.04 2 3 0 0.31801 1 999 999 999 999 999 999 999 999 999
11 94.439 81.911 3 4 0 0.2868 1 999 999 999 999 999 999 999 999 999
11 101.17 132.04 2 3 0 0.19079 1 999 999 999 999 999 999 999 999 999
12 135.16 101.59 4 2 0 0.66443 1 999 999 999 999 999 999 999 999 999
12 87.545 124.8 2 4 0 0.35867 1 999 999 999 999 999 999 999 999 999
12 63.01 102.41 1 3 0 0.38179 1 999 999 999 999 999 999 999 999 999
12 85.609 126.84 2 2 1 0.20585 1 999 999 999 999 999 999 999 999 999
12 63.436 106.7 1 4 0 0.19181 1 999 999 999 999 999 999 999 999 999
12 104.77 111.54 2 3 0 0.12574 0 999 999 999 999 999 999 999 999 999
12 64.23 90.106 1 1 1 0.093788 1 999 999 999 999 999 999 999 999 999
12 107.72 154.28 2 1 0 0.3338 0 999 999 999 999 999 999 999 999 999
12 135.16 101.59 4 3 0 0.25391 0 999 999 999 999 999 999 999 999 999
12 65.882 82.592 1 2 0 0.23784 1 999 999 999 999 999 999 999 999 999
12 88.839 154.31 2 4 0 0.52588 1 999 999 999 999 999 999 999 999 999
12 39.473 95.527 1 1 1 0.22191 1 999 999 999 999 999 999 999 999 999
12 135.16 101.59 4 3 0 0.28585 1 999 999 999 999 999 999 999 999 999
12 104.77 111.54 2 2 1 0.23779 1 999 999 999 999 999 999 999 999 999
12 101.51 142.8 2 4 0 0.22174 1 999 999 999 999 999 999 999 999 999
12 118.45 92.918 4 1 0 0.1097 1 999 999 999 999 999 999 999 999 999
12 84.963 138.9 2 3 0 0.10978 1 999 999 999 999 999 999 999 999 999
12 104.77 111.54 2 2 1 0.19077 1 999 999 999 999 999 999 999 999 999
12 65.882 82.592 1 4 0 0.061781 1 999 999 999 999 999 999 999 999 999
12 109.3 95.96 4 3 0 0.14251 1 999 999 999 999 999 999 999 999 999
12 84.963 138.9 2 4 0 0.73407 1 999 999 999 999 999 999 999 999 999
12 85.609 126.84 2 4 0 0.41384 1 999 999 999 999 999 999 999 999 999
12 131.21 97.203 4 3 0 0.52577 1 999 999 999 999 999 999 999 999 999
12 90.995 71.083 3 2 0 0.38183 1 999 999 999 999 999 999 999 999 999
12 114.54 58.429 3 3 1 0.49377 1 999 999 999 999 999 999 999 999 999
12 125.82 113.5 4 3 0 0.62198 1 999 999 999 999 999 999 999 999 999
12 90.919 76.845 3 3 1 0.68572 0 999 999 999 999 999 999 999 999 999
12 113.39 107.17 4 1 0 0.25391 1 999 999 999 999 999 999 999 999 999
12 90.591 102.73 1 3 0 0.33386 0 999 999 999 999 999 999 999 999 999
12 90.727 118.43 2 2 1 0.65397 1 999 999 999 999 999 999 999 999 999
12 90.727 118.43 2 4 0 0.54182 0 999 999 999 999 999 999 999 999 999
12 97.391 107.79 2 1 0 0.5259 0 999 999 999 999 999 999 999 999 999
12 90.591 102.73 1 3 0 0.49392 1 999 999 999 999 999 999 999 999 999
12 94.993 56.695 3 4 0 1.4699 1 999 999 999 999 999 999 999 999 999
12 90.591 102.73 1 4 0 0.89407 1 999 999 999 999 999 999 999 999 999
12 87.545 124.8 2 2 1 1.1339 1 999 999 999 999 999 999 999 999 999
12 99.035 69.394 3 1 0 1.5018 0 999 999 999 999 999 999 999 999 999
12 91.876 104.87 1 2 0 1.0217 1 999 999 999 999 999 999 999 999 999
12 39.473 95.527 1 3 0 3.3419 1 999 999 999 999 999 999 999 999 999
12 99.035 69.394 3 1 0 1.006 0 999 999 999 999 999 999 999 999 999
12 114.54 58.429 3 4 0 0.63784 1 999 999 999 999 999 999 999 999 999
12 99.035 69.394 3 4 0 1.0859 1 999 999 999 999 999 999 999 999 999
12 91.876 104.87 1 2 0 0.50985 0 999 999 999 999 999 999 999 999 999
12 65.882 82.592 1 3 0 1.406 1 999 999 999 999 999 999 999 999 999
12 97.391 107.79 2 2 1 0.50989 1 999 999 999 999 999 999 999 999 999
12 94.993 56.695 3 3 1 0.22188 0 999 999 999 999 999 999 999 999 999
12 118.45 92.918 4 4 1 1.1659 0 999 999 999 999 999 999 999 999 999
12 99.035 69.394 3 3 1 1.0058 1 999 999 999 999 999 999 999 999 999
12 113.39 107.17 4 4 1 0.70178 1 999 999 999 999 999 999 999 999 999
12 90.919 76.845 3 2 0 0.30188 1 999 999 999 999 999 999 999 999 999
13 104.3 74.144 3 4 0 0.456 1 999 999 999 999 999 999 999 999 999
13 114.29 96.662 4 2 0 0.15036 0 999 999 999 999 999 999 999 999 999
13 109.85 51.709 3 2 0 0.42988 0 999 999 999 999 999 999 999 999 999
13 71.185 96.265 1 1 1 0.14185 1 999 999 999 999 999 999 999 999 999
13 102.96 82.92 3 1 0 0.23797 0 999 999 999 999 999 999 999 999 999
13 103.58 55.27 3 4 0 0.83938 1 999 999 999 999 999 999 999 999 999
13 113.92 109.56 2 3 0 0.20575 1 999 999 999 999 999 999 999 999 999
13 114.29 96.662 4 2 0 0.846 1 999 999 999 999 999 999 999 999 999
13 88.576 141.28 2 4 0 0.286 1 999 999 999 999 999 999 999 999 999
13 128.97 129.49 4 3 0 0.97382 0 999 999 999 999 999 999 999 999 999
13 91.971 141.36 2 3 0 0.74991 1 999 999 999 999 999 999 999 999 999
13 101.83 78.373 3 3 1 0.87789 1 999 999 999 999 999 999 999 999 999
13 83.552 111.01 1 3 0 0.55782 1 999 999 999 999 999 999 999 999 999
13 108.67 108.78 2 4 0 0.31784 1 999 999 999 999 999 999 999 999 999
13 132.46 102.71 4 4 1 1.3739 1 999 999 999 999 999 999 999 999 999
13 108.67 108.78 2 3 0 0.10976 1 999 999 999 999 999 999 999 999 999
13 103.58 55.27 3 2 0 0.25487 1 999 999 999 999 999 999 999 999 999
13 88.576 141.28 2 1 0 0.077909 0 999 999 999 999 999 999 999 999 999
13 130.3 109.03 4 1 0 0.44598 1 999 999 999 999 999 999 999 999 999
13 114.29 96.662 4 3 0 0.093705 1 999 999 999 999 999 999 999 999 999
13 103.5 132.35 2 4 0 0.12601 1 999 999 999 999 999 999 999 999 999
13 65.272 96.621 1 2 0 0.3188 1 999 999 999 999 999 999 999 999 999
13 122.08 105.18 4 1 0 0.14183 1 999 999 999 999 999 999 999 999 999
13 98.189 128.72 2 1 0 0.4779 1 999 999 999 999 999 999 999 999 999
13 132.46 102.71 4 1 0 0.366 1 999 999 999 999 999 999 999 999 999
13 83.552 111.01 1 2 0 0.10983 1 999 999 999 999 999 999 999 999 999
13 79.896 70.986 3 3 1 0.17392 1 999 999 999 999 999 999 999 999 999
13 95.99 95.028 3 4 0 0.25389 1 999 999 999 999 999 999 999 999 999
13 88.576 141.28 2 1 0 0.23784 1 999 999 999 999 999 999 999 999 999
13 79.896 70.986 3 3 1 0.17393 1 999 999 999 999 999 999 999 999 999
13 77.056 97.217 1 2 0 0.013684 1 999 999 999 999 999 999 999 999 999
13 101.83 78.373 3 4 0 0.055137 0 999 999 999 999 999 999 999 999 999
13 108.67 108.78 2 2 1 0.28604 0 999 999 999 999 999 999 999 999 999
13 103.58 55.27 3 3 1 0.23866 1 999 999 999 999 999 999 999 999 999
13 130.3 109.03 4 1 0 1.086 0 999 999 999 999 999 999 999 999 999
13 107.49 133.45 2 4 0 0.077792 0 999 999 999 999 999 999 999 999 999
13 76.145 95.076 1 2 0 0.18977 1 999 999 999 999 999 999 999 999 999
13 95.99 95.028 3 3 1 0.013765 1 999 999 999 999 999 999 999 999 999
13 95.99 95.028 3 4 0 0.17392 1 999 999 999 999 999 999 999 999 999
13 103.5 132.35 2 3 0 0.17382 1 999 999 999 999 999 999 999 999 999
13 65.272 96.621 1 2 0 0.2698 0 999 999 999 999 999 999 999 999 999
13 77.056 97.217 1 1 1 0.077845 0 999 999 999 999 999 999 999 999 999
13 98.189 128.72 2 3 0 0.093823 1 999 999 999 999 999 999 999 999 999
13 114.29 96.662 4 4 1 0.15785 1 999 999 999 999 999 999 999 999 999
13 74.121 96.683 1 3 0 0.26976 1 999 999 999 999 999 999 999 999 999
13 122.08 105.18 4 2 0 0.35073 1 999 999 999 999 999 999 999 999 999
13 130.3 109.03 4 3 0 0.093685 0 999 999 999 999 999 999 999 999 999
13 77.056 97.217 1 4 0 0.20587 1 999 999 999 999 999 999 999 999 999
13 98.189 128.72 2 1 0 0.12584 1 999 999 999 999 999 999 999 999 999
13 71.185 96.265 1 1 1 0.2698 1 999 999 999 999 999 999 999 999 999
14 94.577 86.356 3 1 0 0.58415 1 999 999 999 999 999 999 999 999 999
14 76.579 111.99 1 2 0 0.24755 1 999 999 999 999 999 999 999 999 999
14 116.24 94.212 4 3 0 0.013787 1 999 999 999 999 999 999 999 999 999
14 76.811 94.566 1 4 0 0.061729 1 999 999 999 999 999 999 999 999 999
14 63.689 78.352 1 1 1 0.20656 1 999 999 999 999 999 999 999 999 999
14 139.57 107.07 4 2 0 0.1578 1 999 999 999 999 999 999 999 999 999
14 112.1 99.471 4 3 0 0.33386 1 999 999 999 999 999 999 999 999 999
14 64.793 85.795 1 1 1 14.046 1 999 999 999 999 999 999 999 999 999
14 110.27 125.3 2 2 1 1.5498 1 999 999 999 999 999 999 999 999 999
14 76.811 94.566 1 4 0 4.606 0 999 999 999 999 999 999 999 999 999
14 109.89 119.43 2 2 1 1.1819 1 999 999 999 999 999 999 999 999 999
14 98.299 73.142 3 1 0 3.4058 1 999 999 999 999 999 999 999 999 999
14 75.797 134.52 2 2 1 0.92587 0 999 999 999 999 999 999 999 999 999
14 75.224 85.034 1 4 0 1.8219 0 999 999 999 999 999 999 999 999 999
14 76.811 94.566 1 3 0 1.854 1 999 999 999 999 999 999 999 999 999
14 116.84 82.411 3 3 1 1.8859 1 999 999 999 999 999 999 999 999 999
14 98.409 75.35 3 3 1 1.2616 1 999 999 999 999 999 999 999 999 999
14 116.61 95.045 4 4 1 3.214 1 999 999 999 999 999 999 999 999 999
14 105.47 120.02 2 2 1 0.97394 1 999 999 999 999 999 999 999 999 999
14 133.57 94.577 4 2 0 2.6859 0 999 999 999 999 999 999 999 999 999
14 75.797 134.52 2 3 0 0.10952 0 999 999 999 999 999 999 999 999 999
14 105.67 80.825 3 1 0 0.17469 1 999 999 999 999 999 999 999 999 999
14 116.12 93.879 4 1 0 0.029668 1 999 999 999 999 999 999 999 999 999
14 76.811 94.566 1 1 1 0.18352 0 999 999 999 999 999 999 999 999 999
14 98.409 75.35 3 4 0 0.2547 1 999 999 999 999 999 999 999 999 999
14 103.42 83.775 3 2 0 0.093787 1 999 999 999 999 999 999 999 999 999
14 109.89 119.43 2 3 0 0.2399 1 999 999 999 999 999 999 999 999 999
14 139.57 107.07 4 2 0 0.19924 1 999 999 999 999 999 999 999 999 999
14 133.57 94.577 4 3 0 0.20679 0 999 999 999 999 999 999 999 999 999
14 133.57 94.577 4 4 1 0.206 1 999 999 999 999 999 999 999 999 999
14 105.47 120.02 2 1 0 0.2698 0 999 999 999 999 999 999 999 999 999
14 76.811 94.566 1 1 1 0.50984 1 999 999 999 999 999 999 999 999 999
14 116.24 94.212 4 1 0 0.061688 1 999 999 999 999 999 999 999 999 999
14 75.224 85.034 1 1 1 0.093734 1 999 999 999 999 999 999 999 999 999
14 94.577 86.356 3 3 1 0.68597 1 999 999 999 999 999 999 999 999 999
14 117.5 69.092 3 4 0 0.606 1 999 999 999 999 999 999 999 999 999
14 97.348 121.21 2 2 1 0.66986 1 999 999 999 999 999 999 999 999 999
14 139.57 107.07 4 4 1 0.60589 0 999 999 999 999 999 999 999 999 999
14 112.1 99.471 4 3 0 0.84587 1 999 999 999 999 999 999 999 999 999
14 103.42 83.775 3 3 1 0.49385 1 999 999 999 999 999 999 999 999 999
14 103.42 83.775 3 3 1 0.5419 1 999 999 999 999 999 999 999 999 999
14 117.5 69.092 3 3 1 0.79799 1 999 999 999 999 999 999 999 999 999
14 105.47 120.02 2 2 1 0.86187 1 999 999 999 999 999 999 999 999 999
14 97.348 121.21 2 2 1 0.44573 1 999 999 999 999 999 999 999 999 999
14 75.797 134.52 2 3 0 0.90986 1 999 999 999 999 999 999 999 999 999
14 133.57 94.577 4 3 0 1.1979 0 999 999 999 999 999 999 999 999 999
14 64.793 85.795 1 3 0 0.7659 1 999 999 999 999 999 999 999 999 999
14 116.12 93.879 4 2 0 0.92583 0 999 999 999 999 999 999 999 999 999
14 97.348 121.21 2 3 0 1.0378 1 999 999 999 999 999 999 999 999 999
14 76.579 111.99 1 2 0 0.65395 0 999 999 999 999 999 999 999 999 999
15 70.798 103.81 1 4 0 0.69701 0 999 999 999 999 999 999 999 999 999
15 99.532 124.11 2 3 0 0.1426 0 999 999 999 999 999 999 999 999 999
15 136.64 93.826 4 4 1 0.046166 0 999 999 999 999 999 999 999 999 999
15 105.22 122.04 2 1 0 0.20591 0 999 999 999 999 999 999 999 999 999
15 122.05 104.11 4 2 0 0.26974 0 999 999 999 999 999 999 999 999 999
15 100.45 69.825 3 4 0 0.23798 0 999 999 999 999 999 999 999 999 999
15 70.98 106.16 1 3 0 0.17381 0 999 999 999 999 999 999 999 999 999
15 93.391 64.416 3 1 0 0.33398 0 999 999 999 999 999 999 999 999 999
15 101.42 59.036 3 1 0 0.23781 0 999 999 999 999 999 999 999 999 999
15 69.83 97.759 1 2 0 0.30179 0 999 999 999 999 999 999 999 999 999
15 119.7 122.03 4 4 1 0.093848 0 999 999 999 999 999 999 999 999 999
15 103.65 63.324 3 3 1 0.2058 0 999 999 999 999 999 999 999 999 999
15 69.114 103.16 1 4 0 0.65398 0 999 999 999 999 999 999 999 999 999
15 126.25 99.716 4 2 0 0.30185 0 999 999 999 999 999 999 999 999 999
15 69.83 97.759 1 4 0 0.2058 0 999 999 999 999 999 999 999 999 999
15 107.25 137.73 2 3 0 0.47779 0 999 999 999 999 999 999 999 999 999
15 96.492 64.028 3 3 1 0.26986 0 999 999 999 999 999 999 999 999 999
15 131.92 108.19 4 3 0 1.1818 0 999 999 999 999 999 999 999 999 999
15 98.916 150.37 2 4 0 1.0379 0 999 999 999 999 999 999 999 999 999
15 55.968 81.326 1 2 0 0.49392 0 999 999 999 999 999 999 999 999 999
15 98.916 150.37 2 3 0 0.07778 0 999 999 999 999 999 999 999 999 999
15 99.532 124.11 2 1 0 0.28592 0 999 999 999 999 999 999 999 999 999
15 77.928 119.66 1 4 0 0.58996 0 999 999 999 999 999 999 999 999 999
15 94.894 66.627 3 3 1 5.8379 0 999 999 999 999 999 999 999 999 999
15 100.41 122.93 2 4 0 0.26991 0 999 999 999 999 999 999 999 999 999
15 107.25 137.73 2 4 0 0.62197 0 999 999 999 999 999 999 999 999 999
15 82.785 82.638 3 4 0 0.6861 0 999 999 999 999 999 999 999 999 999
15 131.92 108.19 4 3 0 0.28677 0 999 999 999 999 999 999 999 999 999
15 93.391 64.416 3 2 0 0.82993 0 999 999 999 999 999 999 999 999 999
15 101.42 59.036 3 1 0 0.013668 0 999 999 999 999 999 999 999 999 999
15 133.52 89.716 4 3 0 0.17385 0 999 999 999 999 999 999 999 999 999
15 82.785 82.638 3 4 0 0.10996 0 999 999 999 999 999 999 999 999 999
15 100.41 122.93 2 1 0 0.10973 0 999 999 999 999 999 999 999 999 999
15 119.7 122.03 4 2 0 0.17396 0 999 999 999 999 999 999 999 999 999
15 133.52 89.716 4 3 0 0.20671 0 999 999 999 999 999 999 999 999 999
15 104.9 150 2 4 0 0.22201 0 999 999 999 999 999 999 999 999 999
15 55.968 81.326 1 1 1 0.44589 0 999 999 999 999 999 999 999 999 999
15 96.13 60.284 3 3 1 1.134 0 999 999 999 999 999 999 999 999 999
15 77.928 119.66 1 2 0 0.58991 0 999 999 999 999 999 999 999 999 999
15 103.65 63.324 3 3 1 0.70183 0 999 999 999 999 999 999 999 999 999
15 133.52 89.716 4 4 1 0.75 0 999 999 999 999 999 999 999 999 999
15 96.13 60.284 3 3 1 0.79785 0 999 999 999 999 999 999 999 999 999
15 111.12 103.95 4 3 0 1.0859 0 999 999 999 999 999 999 999 999 999
15 100.41 122.93 2 2 1 1.0218 0 999 999 999 999 999 999 999 999 999
15 69.83 97.759 1 3 0 0.81389 0 999 999 999 999 999 999 999 999 999
15 70.798 103.81 1 2 0 1.0381 0 999 999 999 999 999 999 999 999 999
15 96.13 60.284 3 3 1 0.68581 0 999 999 999 999 999 999 999 999 999
15 111.12 103.95 4 2 0 1.5658 0 999 999 999 999 999 999 999 999 999
15 93.391 64.416 3 3 1 0.6058 0 999 999 999 999 999 999 999 999 999
15 122.05 104.11 4 2 0 0.78192 0 999 999 999 999 999 999 999 999 999
16 62.847 102.75 1 1 1 0.72865 0 999 999 999 999 999 999 999 999 999
16 110.72 117.67 2 3 0 1.2842 0 999 999 999 999 999 999 999 999 999
16 123.16 58.59 3 3 1 0.55783 0 999 999 999 999 999 999 999 999 999
16 90.921 73.017 3 3 1 0.63792 0 999 999 999 999 999 999 999 999 999
16 81.446 94.309 1 2 0 0.81408 0 999 999 999 999 999 999 999 999 999
16 109.42 83.32 3 3 1 0.5579 0 999 999 999 999 999 999 999 999 999
16 92.622 133.37 2 4 0 1.054 0 999 999 999 999 999 999 999 999 999
16 107.17 125.34 2 2 1 0.84588 0 999 999 999 999 999 999 999 999 999
16 42.798 97.48 1 3 0 1.662 0 999 999 999 999 999 999 999 999 999
16 83.847 116.34 2 3 0 0.94191 0 999 999 999 999 999 999 999 999 999
16 90.24 117.37 2 3 0 0.86194 0 999 999 999 999 999 999 999 999 999
16 88.697 129.76 2 3 0 0.82993 0 999 999 999 999 999 999 999 999 999
16 117.85 98.541 4 3 0 0.74989 0 999 999 999 999 999 999 999 999 999
16 60.98 84.335 1 3 0 0.89394 0 999 999 999 999 999 999 999 999 999
16 136.69 115.08 4 3 0 0.62154 0 999 999 999 999 999 999 999 999 999
16 84.668 100.5 1 3 0 0.42994 0 999 999 999 999 999 999 999 999 999
16 119.77 123.8 2 2 1 0.89397 0 999 999 999 999 999 999 999 999 999
16 129.21 100.19 4 4 1 0.68581 0 999 999 999 999 999 999 999 999 999
16 106.79 58.117 3 1 0 0.82986 0 999 999 999 999 999 999 999 999 999
16 101.69 67.085 3 1 0 0.5578 0 999 999 999 999 999 999 999 999 999
16 99.84 91.893 3 1 0 0.92599 0 999 999 999 999 999 999 999 999 999
16 106.79 58.117 3 1 0 0.65386 0 999 999 999 999 999 999 999 999 999
16 42.798 97.48 1 3 0 1.1018 0 999 999 999 999 999 999 999 999 999
16 133.64 110.77 4 2 0 1.1018 0 999 999 999 999 999 999 999 999 999
16 66.173 109.31 1 1 1 0.98982 0 999 999 999 999 999 999 999 999 999
16 140.82 101.2 4 4 1 0.78197 0 999 999 999 999 999 999 999 999 999
16 96.141 154.71 2 2 1 0.79799 0 999 999 999 999 999 999 999 999 999
16 104.89 126.84 2 2 1 1.086 0 999 999 999 999 999 999 999 999 999
16 90.921 73.017 3 3 1 0.52579 0 999 999 999 999 999 999 999 999 999
16 83.847 116.34 2 2 1 0.76579 0 999 999 999 999 999 999 999 999 999
16 117.85 98.541 4 2 0 0.86198 0 999 999 999 999 999 999 999 999 999
16 101.69 67.085 3 4 0 1.134 0 999 999 999 999 999 999 999 999 999
16 84.668 100.5 1 3 0 0.68586 0 999 999 999 999 999 999 999 999 999
16 110.72 117.67 2 2 1 0.57384 0 999 999 999 999 999 999 999 999 999
16 140.82 101.2 4 4 1 0.68594 0 999 999 999 999 999 999 999 999 999
16 132.73 92.771 4 4 1 0.82996 0 999 999 999 999 999 999 999 999 999
16 66.173 109.31 1 3 0 1.7899 0 999 999 999 999 999 999 999 999 999
16 99.84 91.893 3 2 0 0.50984 0 999 999 999 999 999 999 999 999 999
16 101.69 67.085 3 3 1 0.44576 0 999 999 999 999 999 999 999 999 999
16 112.99 65.252 3 3 1 0.49386 0 999 999 999 999 999 999 999 999 999
16 140.82 101.2 4 4 1 0.58986 0 999 999 999 999 999 999 999 999 999
16 104.89 126.84 2 2 1 0.74994 0 999 999 999 999 999 999 999 999 999
16 112.99 65.252 3 3 1 0.46197 0 999 999 999 999 999 999 999 999 999
16 106.79 58.117 3 3 1 1.326 0 999 999 999 999 999 999 999 999 999
16 140.82 101.2 4 4 1 0.75004 0 999 999 999 999 999 999 999 999 999
16 132.73 92.771 4 4 1 1.0859 0 999 999 999 999 999 999 999 999 999
16 108.93 91.191 4 2 0 0.74995 0 999 999 999 999 999 999 999 999 999
16 133.64 110.77 4 4 1 0.74988 0 999 999 999 999 999 999 999 999 999
16 119.77 123.8 2 3 0 0.5098 0 999 999 999 999 999 999 999 999 999
16 108.93 91.191 4 3 0 0.81387 0 999 999 999 999 999 999 999 999 999
17 136.66 121.04 4 4 1 0.72714 0 999 999 999 999 999 999 999 999 999
17 70.559 103.02 1 3 0 0.53326 0 999 999 999 999 999 999 999 999 999
17 123.59 100.05 4 4 1 1.39 0 999 999 999 999 999 999 999 999 999
17 70.959 89.31 1 3 0 0.58987 0 999 999 999 999 999 999 999 999 999
17 61.808 111.46 1 3 0 0.76601 0 999 999 999 999 999 999 999 999 999
17 113.3 81.111 3 3 1 0.90985 0 999 999 999 999 999 999 999 999 999
17 116.98 112.82 4 2 0 1.0219 0 999 999 999 999 999 999 999 999 999
17 97.639 82.627 3 3 1 0.58989 0 999 999 999 999 999 999 999 999 999
17 140.28 110.85 4 4 1 0.5739 0 999 999 999 999 999 999 999 999 999
17 113.3 81.111 3 3 1 0.52624 0 999 999 999 999 999 999 999 999 999
17 129.28 100.25 4 3 0 0.49374 0 999 999 999 999 999 999 999 999 999
17 143.47 112.93 4 4 1 0.62186 0 999 999 999 999 999 999 999 999 999
17 131.72 83.272 4 3 0 0.76579 0 999 999 999 999 999 999 999 999 999
17 91.393 130.76 2 2 1 0.22187 0 999 999 999 999 999 999 999 999 999
17 104.98 147.21 2 2 1 0.60585 0 999 999 999 999 999 999 999 999 999
17 136.19 98.678 4 2 0 0.66984 0 999 999 999 999 999 999 999 999 999
17 95.906 139.79 2 2 1 2.254 0 999 999 999 999 999 999 999 999 999
17 136.8 85.663 4 4 1 9.5177 0 999 999 999 999 999 999 999 999 999
17 103.04 113.38 2 2 1 1.4539 0 999 999 999 999 999 999 999 999 999
17 57.396 91.433 1 1 1 0.76606 0 999 999 999 999 999 999 999 999 999
17 61.808 111.46 1 1 1 1.8059 0 999 999 999 999 999 999 999 999 999
17 129.28 100.25 4 4 1 1.406 0 999 999 999 999 999 999 999 999 999
17 57.396 91.433 1 1 1 0.97394 0 999 999 999 999 999 999 999 999 999
17 96.499 72.852 3 3 1 0.97386 0 999 999 999 999 999 999 999 999 999
17 113.3 81.111 3 2 0 1.6621 0 999 999 999 999 999 999 999 999 999
17 113.3 81.111 3 3 1 1.0859 0 999 999 999 999 999 999 999 999 999
17 64.7 120.72 1 1 1 0.91004 0 999 999 999 999 999 999 999 999 999
17 90.988 127.32 2 2 1 1.214 0 999 999 999 999 999 999 999 999 999
17 103.04 113.38 2 2 1 1.5979 0 999 999 999 999 999 999 999 999 999
17 104.98 147.21 2 2 1 0.92593 0 999 999 999 999 999 999 999 999 999
17 129.28 100.25 4 4 1 0.90986 0 999 999 999 999 999 999 999 999 999
17 95.906 139.79 2 2 1 1.07 0 999 999 999 999 999 999 999 999 999
17 63.269 97.498 1 1 1 0.94195 0 999 999 999 999 999 999 999 999 999
17 123.59 100.05 4 4 1 1.4379 0 999 999 999 999 999 999 999 999 999
17 98.179 60.697 3 3 1 0.94181 0 999 999 999 999 999 999 999 999 999
17 98.179 60.697 3 3 1 0.47794 0 999 999 999 999 999 999 999 999 999
17 63.269 97.498 1 1 1 1.006 0 999 999 999 999 999 999 999 999 999
17 96.499 72.852 3 3 1 1.0539 0 999 999 999 999 999 999 999 999 999
17 103.04 113.38 2 2 1 0.90984 0 999 999 999 999 999 999 999 999 999
17 61.808 111.46 1 1 1 0.86193 0 999 999 999 999 999 999 999 999 999
17 57.396 91.433 1 1 1 0.942 0 999 999 999 999 999 999 999 999 999
17 90.988 127.32 2 2 1 1.1818 0 999 999 999 999 999 999 999 999 999
17 70.959 89.31 1 3 0 2.4936 0 999 999 999 999 999 999 999 999 999
17 98.179 60.697 3 3 1 0.94195 0 999 999 999 999 999 999 999 999 999
17 70.959 89.31 1 1 1 1.166 0 999 999 999 999 999 999 999 999 999
17 97.639 82.627 3 3 1 1.2298 0 999 999 999 999 999 999 999 999 999
17 64.7 120.72 1 2 0 1.022 0 999 999 999 999 999 999 999 999 999
17 98.179 60.697 3 3 1 0.5419 0 999 999 999 999 999 999 999 999 999
17 136.8 85.663 4 4 1 0.94199 0 999 999 999 999 999 999 999 999 999
17 95.906 139.79 2 2 1 0.81392 0 999 999 999 999 999 999 999 999 999
