1 97.429 143.28 2 3 0 7.0402 0 999 999 999 999 999 999 999 999 999
1 122.11 104.15 4 2 0 1.428 0 999 999 999 999 999 999 999 999 999
1 77.531 116.9 1 4 0 0.60462 0 999 999 999 999 999 999 999 999 999
1 119.86 121.82 4 1 0 0.44501 0 999 999 999 999 999 999 999 999 999
1 63.841 105.79 1 3 0 4.5406 0 999 999 999 999 999 999 999 999 999
1 95.194 70.961 3 3 1 5.1819 0 999 999 999 999 999 999 999 999 999
1 88.909 77.242 3 2 0 3.9819 0 999 999 999 999 999 999 999 999 999
1 111.17 132.35 2 3 0 0.95786 0 999 999 999 999 999 999 999 999 999
1 77.33 105.19 1 4 0 1.3899 0 999 999 999 999 999 999 999 999 999
1 122.53 91.02 4 3 0 0.65392 0 999 999 999 999 999 999 999 999 999
1 90.957 129.79 2 1 0 1.9339 0 999 999 999 999 999 999 999 999 999
1 110.47 71.945 3 3 1 2.7019 0 999 999 999 999 999 999 999 999 999
1 75.915 94.873 1 1 1 2.2059 0 999 999 999 999 999 999 999 999 999
1 81.79 118.25 2 4 0 1.358 0 999 999 999 999 999 999 999 999 999
1 113.2 100.6 4 3 0 1.1179 0 999 999 999 999 999 999 999 999 999
1 88.909 77.242 3 3 1 0.54188 0 999 999 999 999 999 999 999 999 999
1 64.7 106.37 1 2 0 0.91002 0 999 999 999 999 999 999 999 999 999
1 71.365 90.771 1 1 1 1.854 0 999 999 999 999 999 999 999 999 999
1 108.76 83.775 3 3 1 0.87785 0 999 999 999 999 999 999 999 999 999
1 108.73 117.24 2 4 0 1.214 0 999 999 999 999 999 999 999 999 999
1 108.76 83.775 3 3 1 1.3259 0 999 999 999 999 999 999 999 999 999
1 75.915 94.873 1 1 1 0.94197 0 999 999 999 999 999 999 999 999 999
1 106.79 67.776 3 2 0 1.2457 0 999 999 999 999 999 999 999 999 999
1 119.71 107.07 4 4 1 1.5179 0 999 999 999 999 999 999 999 999 999
1 64.7 106.37 1 1 1 1.2137 0 999 999 999 999 999 999 999 999 999
1 113.2 100.6 4 3 0 1.39 0 999 999 999 999 999 999 999 999 999
1 106.33 74.619 3 3 1 0.82987 0 999 999 999 999 999 999 999 999 999
1 90.957 129.79 2 1 0 1.2139 0 999 999 999 999 999 999 999 999 999
1 71.365 90.771 1 1 1 0.58992 0 999 999 999 999 999 999 999 999 999
1 88.909 77.242 3 3 1 1.8379 0 999 999 999 999 999 999 999 999 999
1 119.71 107.07 4 2 0 1.4538 0 999 999 999 999 999 999 999 999 999
1 113.2 100.6 4 3 0 2.1578 0 999 999 999 999 999 999 999 999 999
1 81.79 118.25 2 1 0 1.294 0 999 999 999 999 999 999 999 999 999
1 75.915 94.873 1 1 1 1.422 0 999 999 999 999 999 999 999 999 999
1 88.909 77.242 3 3 1 2.6858 0 999 999 999 999 999 999 999 999 999
1 103.58 67.162 3 4 0 2.7019 0 999 999 999 999 999 999 999 999 999
1 111.17 132.35 2 4 0 1.2298 0 999 999 999 999 999 999 999 999 999
1 133.95 102.4 4 4 1 0.82997 0 999 999 999 999 999 999 999 999 999
1 64.7 106.37 1 1 1 0.70183 0 999 999 999 999 999 999 999 999 999
1 88.909 77.242 3 3 1 0.5258 0 999 999 999 999 999 999 999 999 999
1 122.53 91.02 4 4 1 0.58995 0 999 999 999 999 999 999 999 999 999
1 133.95 102.4 4 4 1 0.58997 0 999 999 999 999 999 999 999 999 999
1 133.95 102.4 4 4 1 0.55789 0 999 999 999 999 999 999 999 999 999
1 111.17 132.35 2 4 0 2.798 0 999 999 999 999 999 999 999 999 999
1 113.2 100.6 4 4 1 1.022 0 999 999 999 999 999 999 999 999 999
1 81.79 118.25 2 1 0 1.4539 0 999 999 999 999 999 999 999 999 999
1 97.429 143.28 2 2 1 1.6778 0 999 999 999 999 999 999 999 999 999
1 110.47 71.945 3 3 1 1.9179 0 999 999 999 999 999 999 999 999 999
1 103.58 67.162 3 1 0 2.0779 0 999 999 999 999 999 999 999 999 999
1 71.365 90.771 1 1 1 0.7179 0 999 999 999 999 999 999 999 999 999
2 104.76 76.385 3 3 1 5.6233 0 999 999 999 999 999 999 999 999 999
2 105.39 109.53 2 4 0 2.8531 0 999 999 999 999 999 999 999 999 999
2 78.156 97.892 1 1 1 0.84586 0 999 999 999 999 999 999 999 999 999
2 115.87 56.695 3 3 1 1.0699 0 999 999 999 999 999 999 999 999 999
2 129.33 93.748 4 4 1 1.006 0 999 999 999 999 999 999 999 999 999
2 96.492 91.335 3 4 0 0.99002 0 999 999 999 999 999 999 999 999 999
2 74.279 101.94 1 1 1 1.5019 0 999 999 999 999 999 999 999 999 999
2 80.323 114.75 1 1 1 1.55 0 999 999 999 999 999 999 999 999 999
2 92.034 78.019 3 3 1 1.9818 0 999 999 999 999 999 999 999 999 999
2 67.057 87.9 1 1 1 1.214 0 999 999 999 999 999 999 999 999 999
2 131.28 100.05 4 4 1 1.054 0 999 999 999 999 999 999 999 999 999
2 78.156 97.892 1 1 1 2.51 0 999 999 999 999 999 999 999 999 999
2 103.5 137.11 2 2 1 1.422 0 999 999 999 999 999 999 999 999 999
2 121.88 94.577 4 4 1 2.75 0 999 999 999 999 999 999 999 999 999
2 72.976 112.71 1 1 1 2.3179 0 999 999 999 999 999 999 999 999 999
2 104.76 76.385 3 3 1 0.94189 0 999 999 999 999 999 999 999 999 999
2 103.41 75.564 3 2 0 2.5579 0 999 999 999 999 999 999 999 999 999
2 74.093 104.13 1 1 1 1.486 0 999 999 999 999 999 999 999 999 999
2 110.61 123.72 2 4 0 1.9339 0 999 999 999 999 999 999 999 999 999
2 108.36 69.971 3 3 1 2.1099 0 999 999 999 999 999 999 999 999 999
2 58.328 94.264 1 1 1 1.726 0 999 999 999 999 999 999 999 999 999
2 96.492 91.335 3 4 0 3.022 0 999 999 999 999 999 999 999 999 999
2 107.27 66.144 3 4 0 3.2938 0 999 999 999 999 999 999 999 999 999
2 110.61 123.72 2 2 1 2.3818 0 999 999 999 999 999 999 999 999 999
2 105.39 109.53 2 2 1 2.4458 0 999 999 999 999 999 999 999 999 999
2 58.328 94.264 1 1 1 0.76599 0 999 999 999 999 999 999 999 999 999
2 137.43 85.974 4 2 0 1.4219 0 999 999 999 999 999 999 999 999 999
2 135.33 109.92 4 2 0 2.6058 0 999 999 999 999 999 999 999 999 999
2 125.5 110.53 4 4 1 0.89397 0 999 999 999 999 999 999 999 999 999
2 137.43 85.974 4 4 1 0.90992 0 999 999 999 999 999 999 999 999 999
2 59.669 103.16 1 3 0 1.2939 0 999 999 999 999 999 999 999 999 999
2 137.43 85.974 4 4 1 1.4859 0 999 999 999 999 999 999 999 999 999
2 58.328 94.264 1 1 1 0.86193 0 999 999 999 999 999 999 999 999 999
2 137.43 85.974 4 4 1 1.006 0 999 999 999 999 999 999 999 999 999
2 92.034 78.019 3 3 1 2.6059 0 999 999 999 999 999 999 999 999 999
2 125.5 110.53 4 4 1 2.4619 0 999 999 999 999 999 999 999 999 999
2 103.5 137.11 2 2 1 1.3899 0 999 999 999 999 999 999 999 999 999
2 137.43 85.974 4 4 1 1.4381 0 999 999 999 999 999 999 999 999 999
2 110.47 139.67 2 2 1 0.66991 0 999 999 999 999 999 999 999 999 999
2 135.33 109.92 4 2 0 0.81398 0 999 999 999 999 999 999 999 999 999
2 67.057 87.9 1 1 1 0.55787 0 999 999 999 999 999 999 999 999 999
2 129.33 93.748 4 3 0 0.79798 0 999 999 999 999 999 999 999 999 999
2 110.47 139.67 2 2 1 0.95787 0 999 999 999 999 999 999 999 999 999
2 121.88 94.577 4 3 0 1.102 0 999 999 999 999 999 999 999 999 999
2 59.669 103.16 1 1 1 0.7021 0 999 999 999 999 999 999 999 999 999
2 105.39 109.53 2 3 0 0.92579 0 999 999 999 999 999 999 999 999 999
2 105.39 109.53 2 2 1 0.86204 0 999 999 999 999 999 999 999 999 999
2 103.5 137.11 2 2 1 1.1339 0 999 999 999 999 999 999 999 999 999
2 103.41 75.564 3 3 1 1.1338 0 999 999 999 999 999 999 999 999 999
2 110.47 139.67 2 2 1 0.78192 0 999 999 999 999 999 999 999 999 999
3 69.777 97.759 1 1 1 2.1524 0 999 999 999 999 999 999 999 999 999
3 117.04 128.19 2 2 1 1.2218 0 999 999 999 999 999 999 999 999 999
3 77.574 102.4 1 1 1 0.81402 0 999 999 999 999 999 999 999 999 999
3 111.72 108.83 4 4 1 0.94184 0 999 999 999 999 999 999 999 999 999
3 103.8 129.25 2 2 1 1.2139 0 999 999 999 999 999 999 999 999 999
3 111.32 50.535 3 3 1 0.98993 0 999 999 999 999 999 999 999 999 999
3 75.797 123.83 2 1 0 0.90997 0 999 999 999 999 999 999 999 999 999
3 105.5 61.63 3 3 1 0.97378 0 999 999 999 999 999 999 999 999 999
3 73.33 101.04 1 1 1 1.102 0 999 999 999 999 999 999 999 999 999
3 73.33 101.04 1 1 1 0.87783 0 999 999 999 999 999 999 999 999 999
3 108.91 80.542 3 3 1 1.0059 0 999 999 999 999 999 999 999 999 999
3 116.02 70.742 3 3 1 0.86198 0 999 999 999 999 999 999 999 999 999
3 123.59 100.25 4 2 0 1.214 0 999 999 999 999 999 999 999 999 999
3 108.91 80.542 3 3 1 0.86174 0 999 999 999 999 999 999 999 999 999
3 63.9 94.309 1 1 1 1.118 0 999 999 999 999 999 999 999 999 999
3 132.47 110.05 4 2 0 1.518 0 999 999 999 999 999 999 999 999 999
3 61.808 106.47 1 1 1 1.9979 0 999 999 999 999 999 999 999 999 999
3 75.797 123.83 2 1 0 0.75004 0 999 999 999 999 999 999 999 999 999
3 103.49 143.25 2 3 0 1.854 0 999 999 999 999 999 999 999 999 999
3 136.7 104.74 4 4 1 1.4539 0 999 999 999 999 999 999 999 999 999
3 122.11 100.7 4 4 1 0.81397 0 999 999 999 999 999 999 999 999 999
3 117.04 128.19 2 4 0 0.55799 0 999 999 999 999 999 999 999 999 999
3 148.4 94.534 4 4 1 1.2298 0 999 999 999 999 999 999 999 999 999
3 119.94 70.548 3 3 1 1.2299 0 999 999 999 999 999 999 999 999 999
3 76.242 106.67 1 1 1 0.98984 0 999 999 999 999 999 999 999 999 999
3 87.138 150 2 2 1 3.1018 0 999 999 999 999 999 999 999 999 999
3 111.72 108.83 4 4 1 2.2379 0 999 999 999 999 999 999 999 999 999
3 133.69 78.635 4 3 0 1.3738 0 999 999 999 999 999 999 999 999 999
3 76.242 106.67 1 1 1 1.1498 0 999 999 999 999 999 999 999 999 999
3 63.9 94.309 1 1 1 0.50981 0 999 999 999 999 999 999 999 999 999
3 124.48 91.348 4 3 0 1.4699 0 999 999 999 999 999 999 999 999 999
3 124.48 91.348 4 4 1 0.87798 0 999 999 999 999 999 999 999 999 999
3 73.671 104.84 1 1 1 0.974 0 999 999 999 999 999 999 999 999 999
3 75.797 123.83 2 1 0 0.58986 0 999 999 999 999 999 999 999 999 999
3 77.574 102.4 1 1 1 0.86192 0 999 999 999 999 999 999 999 999 999
3 148.4 94.534 4 4 1 1.1338 0 999 999 999 999 999 999 999 999 999
3 61.808 106.47 1 1 1 1.134 0 999 999 999 999 999 999 999 999 999
3 73.671 104.84 1 1 1 0.73396 0 999 999 999 999 999 999 999 999 999
3 148.4 94.534 4 3 0 0.65381 0 999 999 999 999 999 999 999 999 999
3 124.48 91.348 4 3 0 0.7979 0 999 999 999 999 999 999 999 999 999
3 105.5 61.63 3 3 1 0.4619 0 999 999 999 999 999 999 999 999 999
3 73.671 104.84 1 1 1 0.92602 0 999 999 999 999 999 999 999 999 999
3 136.7 104.74 4 4 1 0.89401 0 999 999 999 999 999 999 999 999 999
3 119.94 70.548 3 4 0 0.60573 0 999 999 999 999 999 999 999 999 999
3 108.91 80.542 3 3 1 0.89388 0 999 999 999 999 999 999 999 999 999
3 105.5 61.63 3 3 1 0.38197 0 999 999 999 999 999 999 999 999 999
3 122.11 100.7 4 4 1 0.66993 0 999 999 999 999 999 999 999 999 999
3 61.808 106.47 1 1 1 1.278 0 999 999 999 999 999 999 999 999 999
3 119.94 70.548 3 2 0 2.5578 0 999 999 999 999 999 999 999 999 999
3 73.671 104.84 1 1 1 0.98987 0 999 999 999 999 999 999 999 999 999
4 116.24 97.203 4 3 0 1.3526 0 999 999 999 999 999 999 999 999 999
4 71 119.52 1 1 1 0.99771 0 999 999 999 999 999 999 999 999 999
4 100.99 147.88 2 2 1 1.598 0 999 999 999 999 999 999 999 999 999
4 124.18 92.44 4 4 1 1.6459 0 999 999 999 999 999 999 999 999 999
4 120.28 122.04 2 2 1 1.902 0 999 999 999 999 999 999 999 999 999
4 97.692 75.207 3 3 1 1.614 0 999 999 999 999 999 999 999 999 999
4 131.21 96.023 4 1 0 1.5979 0 999 999 999 999 999 999 999 999 999
4 101.76 128.97 2 2 1 1.3099 0 999 999 999 999 999 999 999 999 999
4 107.17 128.14 2 2 1 1.7099 0 999 999 999 999 999 999 999 999 999
4 133.66 115.75 4 2 0 1.1498 0 999 999 999 999 999 999 999 999 999
4 102.15 90.895 4 1 0 1.1818 0 999 999 999 999 999 999 999 999 999
4 107.91 67.354 3 3 1 1.4217 0 999 999 999 999 999 999 999 999 999
4 87.361 49.697 3 3 1 0.62191 0 999 999 999 999 999 999 999 999 999
4 102.15 90.895 4 4 1 1.5181 0 999 999 999 999 999 999 999 999 999
4 96.455 115.34 2 4 0 0.76593 0 999 999 999 999 999 999 999 999 999
4 96.455 115.34 2 2 1 0.71812 0 999 999 999 999 999 999 999 999 999
4 87.314 77.799 3 4 0 1.0699 0 999 999 999 999 999 999 999 999 999
4 71.973 84.705 1 1 1 1.1178 0 999 999 999 999 999 999 999 999 999
4 91.971 113.27 2 2 1 1.3099 0 999 999 999 999 999 999 999 999 999
4 95.845 59.224 3 3 1 1.1819 0 999 999 999 999 999 999 999 999 999
4 106.4 119.36 2 2 1 2.078 0 999 999 999 999 999 999 999 999 999
4 91.971 113.27 2 2 1 0.84592 0 999 999 999 999 999 999 999 999 999
4 71 119.52 1 1 1 0.71792 0 999 999 999 999 999 999 999 999 999
4 125.76 83.137 4 3 0 0.89395 0 999 999 999 999 999 999 999 999 999
4 102.15 90.895 4 2 0 1.374 0 999 999 999 999 999 999 999 999 999
4 102.15 90.895 4 2 0 0.76587 0 999 999 999 999 999 999 999 999 999
4 71.973 84.705 1 1 1 0.68594 0 999 999 999 999 999 999 999 999 999
4 97.692 75.207 3 3 1 1.1019 0 999 999 999 999 999 999 999 999 999
4 98.49 93.881 3 4 0 2.078 0 999 999 999 999 999 999 999 999 999
4 86.087 64.863 3 2 0 1.134 0 999 999 999 999 999 999 999 999 999
4 86.087 64.863 3 2 0 0.55801 0 999 999 999 999 999 999 999 999 999
4 88.689 104.98 1 2 0 0.78205 0 999 999 999 999 999 999 999 999 999
4 96.455 115.34 2 2 1 0.718 0 999 999 999 999 999 999 999 999 999
4 97.692 75.207 3 2 0 0.57405 0 999 999 999 999 999 999 999 999 999
4 96.455 115.34 2 2 1 0.95801 0 999 999 999 999 999 999 999 999 999
4 88.689 104.98 1 2 0 1.0059 0 999 999 999 999 999 999 999 999 999
4 72.589 116.53 1 2 0 0.31792 0 999 999 999 999 999 999 999 999 999
4 98.49 93.881 3 2 0 0.63787 0 999 999 999 999 999 999 999 999 999
4 125.76 83.137 4 2 0 1.422 0 999 999 999 999 999 999 999 999 999
4 111.12 100.94 4 2 0 0.7819 0 999 999 999 999 999 999 999 999 999
4 101.76 128.97 2 2 1 0.79787 0 999 999 999 999 999 999 999 999 999
4 106.4 119.36 2 2 1 1.3579 0 999 999 999 999 999 999 999 999 999
4 98.49 93.881 3 3 1 1.2458 0 999 999 999 999 999 999 999 999 999
4 133.66 115.75 4 2 0 1.31 0 999 999 999 999 999 999 999 999 999
4 71 119.52 1 1 1 0.86187 0 999 999 999 999 999 999 999 999 999
4 71.973 84.705 1 3 0 1.566 0 999 999 999 999 999 999 999 999 999
4 125.76 83.137 4 3 0 0.97381 0 999 999 999 999 999 999 999 999 999
4 72.589 116.53 1 1 1 1.87 0 999 999 999 999 999 999 999 999 999
4 106.4 119.36 2 3 0 1.0218 0 999 999 999 999 999 999 999 999 999
4 72.589 116.53 1 1 1 0.782 0 999 999 999 999 999 999 999 999 999
5 139.57 99.393 4 3 0 1.3525 0 999 999 999 999 999 999 999 999 999
5 107.7 58.59 3 3 1 0.75844 0 999 999 999 999 999 999 999 999 999
5 88.153 78.622 3 3 1 0.78189 0 999 999 999 999 999 999 999 999 999
5 90.921 60.788 3 3 1 0.46195 0 999 999 999 999 999 999 999 999 999
5 63.689 85.795 1 1 1 1.214 0 999 999 999 999 999 999 999 999 999
5 63.689 85.795 1 1 1 1.726 0 999 999 999 999 999 999 999 999 999
5 138.1 86.174 4 3 0 0.81392 0 999 999 999 999 999 999 999 999 999
5 76.309 103.13 1 3 0 1.0539 0 999 999 999 999 999 999 999 999 999
5 91.665 126.84 2 3 0 2.0139 0 999 999 999 999 999 999 999 999 999
5 90.921 60.788 3 2 0 0.66915 0 999 999 999 999 999 999 999 999 999
5 69.448 91.433 1 1 1 0.68592 0 999 999 999 999 999 999 999 999 999
5 53.26 97.967 1 1 1 0.44574 0 999 999 999 999 999 999 999 999 999
5 75.224 95.076 1 1 1 0.39787 0 999 999 999 999 999 999 999 999 999
5 63.689 85.795 1 1 1 0.42983 0 999 999 999 999 999 999 999 999 999
5 116.93 106.39 4 4 1 1.2299 0 999 999 999 999 999 999 999 999 999
5 65.225 103.32 1 1 1 0.86195 0 999 999 999 999 999 999 999 999 999
5 96.639 67.894 3 3 1 1.0699 0 999 999 999 999 999 999 999 999 999
5 76.401 91.567 1 1 1 1.2939 0 999 999 999 999 999 999 999 999 999
5 116.93 106.39 4 4 1 1.7259 0 999 999 999 999 999 999 999 999 999
5 90.921 60.788 3 3 1 0.92593 0 999 999 999 999 999 999 999 999 999
5 129.02 115.45 4 4 1 1.102 0 999 999 999 999 999 999 999 999 999
5 63.689 85.795 1 1 1 0.63791 0 999 999 999 999 999 999 999 999 999
5 67.513 104.7 1 1 1 1.0534 0 999 999 999 999 999 999 999 999 999
5 139.57 99.393 4 2 0 1.2779 0 999 999 999 999 999 999 999 999 999
5 90.921 60.788 3 3 1 1.4699 0 999 999 999 999 999 999 999 999 999
5 84.361 124.97 2 2 1 1.086 0 999 999 999 999 999 999 999 999 999
5 69.682 97.217 1 1 1 1.1019 0 999 999 999 999 999 999 999 999 999
5 97.391 132.19 2 2 1 1.0699 0 999 999 999 999 999 999 999 999 999
5 69.682 97.217 1 3 0 1.9178 0 999 999 999 999 999 999 999 999 999
5 91.665 126.84 2 2 1 1.086 0 999 999 999 999 999 999 999 999 999
5 76.401 91.567 1 3 0 0.82993 0 999 999 999 999 999 999 999 999 999
5 69.448 91.433 1 3 0 2.0618 0 999 999 999 999 999 999 999 999 999
5 90.921 60.788 3 3 1 1.134 0 999 999 999 999 999 999 999 999 999
5 91.665 126.84 2 2 1 0.99011 0 999 999 999 999 999 999 999 999 999
5 67.513 104.7 1 1 1 2.3019 0 999 999 999 999 999 999 999 999 999
5 63.689 85.795 1 1 1 1.134 0 999 999 999 999 999 999 999 999 999
5 64.178 88.631 1 1 1 0.44584 0 999 999 999 999 999 999 999 999 999
5 84.361 124.97 2 3 0 0.84595 0 999 999 999 999 999 999 999 999 999
5 107.7 58.59 3 3 1 0.70203 0 999 999 999 999 999 999 999 999 999
5 88.153 78.622 3 3 1 1.0219 0 999 999 999 999 999 999 999 999 999
5 110.69 67.085 3 3 1 0.68594 0 999 999 999 999 999 999 999 999 999
5 64.178 88.631 1 2 0 2.6379 0 999 999 999 999 999 999 999 999 999
5 90.921 60.788 3 3 1 1.2139 0 999 999 999 999 999 999 999 999 999
5 69.682 97.217 1 1 1 1.2299 0 999 999 999 999 999 999 999 999 999
5 53.26 97.967 1 1 1 0.92602 0 999 999 999 999 999 999 999 999 999
5 90.988 118.62 2 3 0 0.79781 0 999 999 999 999 999 999 999 999 999
5 97.391 132.19 2 2 1 0.84587 0 999 999 999 999 999 999 999 999 999
5 63.689 85.795 1 1 1 0.94193 0 999 999 999 999 999 999 999 999 999
5 139.57 99.393 4 4 1 1.134 0 999 999 999 999 999 999 999 999 999
5 110.69 67.085 3 4 0 1.838 0 999 999 999 999 999 999 999 999 999
6 80.169 108.53 1 3 0 1.7524 0 999 999 999 999 999 999 999 999 999
6 91.842 83.32 3 3 1 0.63123 0 999 999 999 999 999 999 999 999 999
6 99.777 142.8 2 3 0 0.62194 0 999 999 999 999 999 999 999 999 999
6 80.363 103.95 1 3 0 0.34988 0 999 999 999 999 999 999 999 999 999
6 91.876 104.17 1 2 0 0.54206 0 999 999 999 999 999 999 999 999 999
6 82.452 103.81 1 2 0 0.79784 0 999 999 999 999 999 999 999 999 999
6 132.98 108.36 4 4 1 0.86194 0 999 999 999 999 999 999 999 999 999
6 96.141 137.2 2 2 1 0.87792 0 999 999 999 999 999 999 999 999 999
6 134.9 112.82 4 4 1 1.1018 0 999 999 999 999 999 999 999 999 999
6 136.64 102.77 4 4 1 0.47788 0 999 999 999 999 999 999 999 999 999
6 107.85 64.028 3 3 1 0.98987 0 999 999 999 999 999 999 999 999 999
6 102.92 116.58 2 2 1 1.582 0 999 999 999 999 999 999 999 999 999
6 98.018 89.864 3 3 1 1.0059 0 999 999 999 999 999 999 999 999 999
6 82.093 97.491 1 1 1 1.0701 0 999 999 999 999 999 999 999 999 999
6 134.9 112.82 4 4 1 0.89399 0 999 999 999 999 999 999 999 999 999
6 63.495 94.748 1 1 1 0.74987 0 999 999 999 999 999 999 999 999 999
6 98.299 89.404 3 3 1 1.1819 0 999 999 999 999 999 999 999 999 999
6 136.64 102.77 4 4 1 0.79804 0 999 999 999 999 999 999 999 999 999
6 96.141 137.2 2 2 1 0.87795 0 999 999 999 999 999 999 999 999 999
6 102.92 116.58 2 2 1 1.23 0 999 999 999 999 999 999 999 999 999
6 99.136 71.129 3 3 1 0.94184 0 999 999 999 999 999 999 999 999 999
6 101.17 140.28 2 2 1 0.92594 0 999 999 999 999 999 999 999 999 999
6 129.41 95.12 4 4 1 0.76582 0 999 999 999 999 999 999 999 999 999
6 81.446 95.394 1 3 0 0.82987 0 999 999 999 999 999 999 999 999 999
6 139.65 107.43 4 4 1 1.3899 0 999 999 999 999 999 999 999 999 999
6 91.876 104.17 1 3 0 3.0859 0 999 999 999 999 999 999 999 999 999
6 129.41 95.12 4 4 1 0.76597 0 999 999 999 999 999 999 999 999 999
6 107.85 64.028 3 3 1 0.92587 0 999 999 999 999 999 999 999 999 999
6 99.222 54.044 3 3 1 0.73391 0 999 999 999 999 999 999 999 999 999
6 134.9 112.82 4 4 1 0.65389 0 999 999 999 999 999 999 999 999 999
6 99.777 142.8 2 2 1 0.9899 0 999 999 999 999 999 999 999 999 999
6 127.58 90.883 4 3 0 1.1978 0 999 999 999 999 999 999 999 999 999
6 80.363 103.95 1 1 1 0.89391 0 999 999 999 999 999 999 999 999 999
6 82.452 103.81 1 1 1 0.60605 0 999 999 999 999 999 999 999 999 999
6 81.446 95.394 1 1 1 0.8139 0 999 999 999 999 999 999 999 999 999
6 96.141 137.2 2 2 1 1.2939 0 999 999 999 999 999 999 999 999 999
6 98.018 89.864 3 3 1 1.1818 0 999 999 999 999 999 999 999 999 999
6 98.299 89.404 3 3 1 0.92591 0 999 999 999 999 999 999 999 999 999
6 63.495 94.748 1 1 1 1.0058 0 999 999 999 999 999 999 999 999 999
6 81.446 95.394 1 3 0 2.4457 0 999 999 999 999 999 999 999 999 999
6 82.452 103.81 1 3 0 0.70197 0 999 999 999 999 999 999 999 999 999
6 82.093 97.491 1 3 0 0.54191 0 999 999 999 999 999 999 999 999 999
6 107.85 64.028 3 3 1 1.07 0 999 999 999 999 999 999 999 999 999
6 129.41 95.12 4 4 1 1.71 0 999 999 999 999 999 999 999 999 999
6 102.92 116.58 2 4 0 1.6459 0 999 999 999 999 999 999 999 999 999
6 106.31 83.49 3 2 0 2.062 0 999 999 999 999 999 999 999 999 999
6 80.169 108.53 1 3 0 0.90935 0 999 999 999 999 999 999 999 999 999
6 107.85 64.028 3 3 1 0.60584 0 999 999 999 999 999 999 999 999 999
6 82.093 97.491 1 2 0 0.718 0 999 999 999 999 999 999 999 999 999
6 106.31 83.49 3 2 0 1.5339 0 999 999 999 999 999 999 999 999 999
7 111.42 84.582 4 3 0 1.0798 0 999 999 999 999 999 999 999 999 999
7 108.87 96.662 4 2 0 1.1015 1 999 999 999 999 999 999 999 999 999
7 118 93.879 4 4 1 1.0372 1 999 999 999 999 999 999 999 999 999
7 92.588 119.98 2 3 0 0.81384 0 999 999 999 999 999 999 999 999 999
7 108.83 81.41 3 3 1 0.79789 1 999 999 999 999 999 999 999 999 999
7 76.811 111.46 1 3 0 0.9419 0 999 999 999 999 999 999 999 999 999
7 55.679 97.29 1 1 1 0.638 1 999 999 999 999 999 999 999 999 999
7 67.698 101.21 1 1 1 0.74996 1 999 999 999 999 999 999 999 999 999
7 110.02 114.09 2 3 0 0.89377 0 999 999 999 999 999 999 999 999 999
7 77.029 106.22 1 3 0 0.82991 1 999 999 999 999 999 999 999 999 999
7 93.065 61.389 3 3 1 0.79795 1 999 999 999 999 999 999 999 999 999
7 76.811 111.46 1 2 0 1.342 1 999 999 999 999 999 999 999 999 999
7 69.83 108.26 1 1 1 1.1979 1 999 999 999 999 999 999 999 999 999
7 107.65 130.18 2 3 0 0.62183 1 999 999 999 999 999 999 999 999 999
7 123.59 71.326 3 3 1 0.62212 0 999 999 999 999 999 999 999 999 999
7 93.065 61.389 3 3 1 0.66975 1 999 999 999 999 999 999 999 999 999
7 93.065 61.389 3 3 1 0.60581 1 999 999 999 999 999 999 999 999 999
7 105.49 160.68 2 2 1 0.82987 0 999 999 999 999 999 999 999 999 999
7 56.686 86.306 1 1 1 0.62191 1 999 999 999 999 999 999 999 999 999
7 118 93.879 4 3 0 0.63779 1 999 999 999 999 999 999 999 999 999
7 135.28 102.5 4 2 0 0.31778 1 999 999 999 999 999 999 999 999 999
7 77.029 106.22 1 3 0 1.1659 1 999 999 999 999 999 999 999 999 999
7 118 93.879 4 2 0 0.86187 1 999 999 999 999 999 999 999 999 999
7 123.59 71.326 3 2 0 0.90992 0 999 999 999 999 999 999 999 999 999
7 103.82 125.95 2 2 1 1.502 1 999 999 999 999 999 999 999 999 999
7 112.36 123.33 2 2 1 1.2139 1 999 999 999 999 999 999 999 999 999
7 103.82 125.95 2 2 1 0.65383 1 999 999 999 999 999 999 999 999 999
7 123.59 71.326 3 1 0 0.87778 1 999 999 999 999 999 999 999 999 999
7 64.475 97.614 1 1 1 0.74997 1 999 999 999 999 999 999 999 999 999
7 99.532 122.93 2 2 1 0.60588 1 999 999 999 999 999 999 999 999 999
7 108.87 96.662 4 2 0 0.60589 1 999 999 999 999 999 999 999 999 999
7 123.59 71.326 3 2 0 0.54188 1 999 999 999 999 999 999 999 999 999
7 99.532 122.93 2 4 0 0.7659 0 999 999 999 999 999 999 999 999 999
7 136.55 106.14 4 3 0 0.65378 1 999 999 999 999 999 999 999 999 999
7 92.87 128.23 2 3 0 0.68594 1 999 999 999 999 999 999 999 999 999
7 112.36 123.33 2 2 1 0.57395 0 999 999 999 999 999 999 999 999 999
7 92.87 128.23 2 3 0 0.94198 0 999 999 999 999 999 999 999 999 999
7 96.998 138.52 2 3 0 0.55796 1 999 999 999 999 999 999 999 999 999
7 110.02 114.09 2 2 1 0.57394 1 999 999 999 999 999 999 999 999 999
7 98.029 139.79 2 2 1 0.78184 1 999 999 999 999 999 999 999 999 999
7 64.475 97.614 1 2 0 0.54192 0 999 999 999 999 999 999 999 999 999
7 57.396 114.31 1 1 1 0.50995 1 999 999 999 999 999 999 999 999 999
7 107.65 130.18 2 3 0 1.118 1 999 999 999 999 999 999 999 999 999
7 56.686 86.306 1 2 0 0.98999 1 999 999 999 999 999 999 999 999 999
7 56.686 86.306 1 2 0 0.47776 0 999 999 999 999 999 999 999 999 999
7 107.65 130.18 2 2 1 0.76589 1 999 999 999 999 999 999 999 999 999
7 67.698 101.21 1 2 0 0.31791 1 999 999 999 999 999 999 999 999 999
7 56.686 86.306 1 2 0 0.20586 1 999 999 999 999 999 999 999 999 999
7 110.02 114.09 2 2 1 0.42995 1 999 999 999 999 999 999 999 999 999
7 96.998 138.52 2 2 1 0.12582 1 999 999 999 999 999 999 999 999 999
8 73.17 90.416 1 3 0 1.0334 1 999 999 999 999 999 999 999 999 999
8 106.46 90.996 3 1 0 0.31129 0 999 999 999 999 999 999 999 999 999
8 61.124 86.568 1 4 0 0.46187 1 999 999 999 999 999 999 999 999 999
8 104.89 118.26 2 4 0 0.28575 0 999 999 999 999 999 999 999 999 999
8 116.68 136.11 2 3 0 0.33378 1 999 999 999 999 999 999 999 999 999
8 101.38 69.413 3 3 1 0.30192 1 999 999 999 999 999 999 999 999 999
8 101.55 74.907 3 2 0 0.75005 1 999 999 999 999 999 999 999 999 999
8 97.225 56.667 3 4 0 0.077754 0 999 999 999 999 999 999 999 999 999
8 133.38 104.11 4 2 0 0.59071 0 999 999 999 999 999 999 999 999 999
8 88.994 81.916 3 1 0 0.22175 0 999 999 999 999 999 999 999 999 999
8 86.987 120.02 2 3 0 0.2217 1 999 999 999 999 999 999 999 999 999
8 90.995 74.954 3 3 1 0.26986 0 999 999 999 999 999 999 999 999 999
8 65.272 81.326 1 3 0 0.26976 1 999 999 999 999 999 999 999 999 999
8 98.021 124.7 2 3 0 0.31794 1 999 999 999 999 999 999 999 999 999
8 73.17 90.416 1 4 0 0.23796 0 999 999 999 999 999 999 999 999 999
8 71.745 99.646 1 3 0 0.3178 1 999 999 999 999 999 999 999 999 999
8 119.21 100.42 4 4 1 0.25388 1 999 999 999 999 999 999 999 999 999
8 63.269 94.566 1 3 0 0.42987 1 999 999 999 999 999 999 999 999 999
8 88.994 81.916 3 3 1 0.39776 1 999 999 999 999 999 999 999 999 999
8 101.55 74.907 3 4 0 0.25386 1 999 999 999 999 999 999 999 999 999
8 94.721 126.9 2 4 0 0.65395 1 999 999 999 999 999 999 999 999 999
8 94.721 126.9 2 4 0 1.4219 1 999 999 999 999 999 999 999 999 999
8 125.82 118.76 4 2 0 0.90977 1 999 999 999 999 999 999 999 999 999
8 97.348 132.06 2 2 1 0.76594 1 999 999 999 999 999 999 999 999 999
8 98.021 124.7 2 2 1 1.0059 1 999 999 999 999 999 999 999 999 999
8 119.21 100.42 4 3 0 0.62195 0 999 999 999 999 999 999 999 999 999
8 119.21 100.42 4 3 0 0.3338 1 999 999 999 999 999 999 999 999 999
8 101.55 74.907 3 3 1 0.50981 1 999 999 999 999 999 999 999 999 999
8 86.987 120.02 2 3 0 0.38184 0 999 999 999 999 999 999 999 999 999
8 61.124 86.568 1 3 0 0.23777 1 999 999 999 999 999 999 999 999 999
8 63.269 94.566 1 3 0 0.62196 1 999 999 999 999 999 999 999 999 999
8 104.3 66.627 3 1 0 0.28583 1 999 999 999 999 999 999 999 999 999
8 98.021 124.7 2 2 1 0.093666 1 999 999 999 999 999 999 999 999 999
8 107.98 130.41 2 4 0 0.013894 0 999 999 999 999 999 999 999 999 999
8 73.932 114.45 1 3 0 0.36574 1 999 999 999 999 999 999 999 999 999
8 124.87 95.854 4 3 0 0.013611 1 999 999 999 999 999 999 999 999 999
8 63.269 94.566 1 3 0 0.50989 1 999 999 999 999 999 999 999 999 999
8 134.65 99.471 4 3 0 0.31132 1 999 999 999 999 999 999 999 999 999
8 104.3 66.627 3 4 0 0.30198 1 999 999 999 999 999 999 999 999 999
8 97.225 56.667 3 2 0 0.46184 1 999 999 999 999 999 999 999 999 999
8 107.98 130.41 2 2 1 0.22187 0 999 999 999 999 999 999 999 999 999
8 125.82 118.76 4 2 0 0.4939 1 999 999 999 999 999 999 999 999 999
8 63.269 94.566 1 2 0 0.52588 1 999 999 999 999 999 999 999 999 999
8 124.87 95.854 4 1 0 0.49382 0 999 999 999 999 999 999 999 999 999
8 97.348 132.06 2 2 1 0.34985 1 999 999 999 999 999 999 999 999 999
8 98.021 124.7 2 2 1 0.39801 1 999 999 999 999 999 999 999 999 999
8 63.269 94.566 1 2 0 0.39797 1 999 999 999 999 999 999 999 999 999
8 104.3 66.627 3 2 0 0.28585 1 999 999 999 999 999 999 999 999 999
8 63.269 94.566 1 2 0 0.30187 1 999 999 999 999 999 999 999 999 999
8 111.85 89.716 4 2 0 0.28585 1 999 999 999 999 999 999 999 999 999
9 93.178 62.936 3 3 1 3.0365 1 3 6 2 1 1 0 1 0 3.0365
9 118.33 93.55 4 2 0 0.35174 0 7 3 1 2 0 0 1 0 0.35174
9 124.5 101.61 4 2 0 1.424 1 4 8 2 1 1 0 0 1 1.424
9 100.19 105.78 2 2 1 1.2641 1 3 7 1 2 0 1 1 1 1.2641
9 64.793 119.66 1 2 0 2 0 8 4 1 2 0 0 1 0 2
9 65.786 87.646 1 2 0 2.512 1 4 7 2 1 1 0 1 0 2.512
9 103.58 81.111 3 2 0 1.28 1 7 3 1 2 1 1 1 1 1.28
9 136.66 98.63 4 2 0 1.2319 1 3 8 2 1 0 1 1 1 1.2319
9 142.53 88.563 4 2 0 1.1199 1 7 5 2 1 0 0 0 1 1.1199
9 127.92 98.414 4 2 0 1.1361 0 8 4 2 1 1 0 0 1 1.1361
9 100.12 140.32 2 2 1 1.2 0 6 2 1 2 1 1 1 1 1.2
9 97.639 75.886 3 2 0 0.544 1 3 8 2 1 0 1 1 1 0.544
9 118.33 93.55 4 2 0 0.51199 1 7 2 1 2 1 1 1 1 0.51199
9 138.93 113.66 4 2 0 2.0002 1 2 8 2 1 0 1 1 1 2.0002
9 65.786 87.646 1 2 0 1.3119 1 3 9 2 1 1 0 0 1 1.3119
9 87.327 128.72 2 2 1 0.75184 1 9 3 1 2 1 1 1 1 0.75184
9 95.479 52.984 3 2 0 0.87992 1 9 4 1 2 1 1 1 1 0.87992
9 138.93 113.66 4 2 0 1.184 1 6 2 1 2 0 0 0 1 1.184
9 58.433 104.87 1 2 0 2.6079 1 2 7 2 1 0 1 1 1 2.6079
9 114.07 126.58 2 2 1 1.68 0 2 8 2 1 0 1 1 1 1.68
9 58.261 92.667 1 2 0 1.4721 1 7 4 1 2 1 1 1 1 1.4721
9 93.178 62.936 3 2 0 0.70391 1 4 8 2 1 0 1 1 1 0.70391
9 136.66 98.63 4 2 0 0.94409 1 9 4 2 1 1 0 1 0 0.94409
9 84.233 122.35 2 2 1 1.1839 0 7 4 1 2 1 1 1 1 1.1839
9 93.178 62.936 3 2 0 0.97601 1 2 9 1 2 0 1 1 1 0.97601
9 118.33 93.55 4 2 0 1.3919 1 6 4 2 1 0 0 0 1 1.3919
9 84.233 122.35 2 2 1 0.76801 1 2 6 2 1 0 1 1 1 0.76801
9 83.097 108.79 1 2 0 0.83197 1 6 5 1 2 1 1 1 1 0.83197
9 100.12 140.32 2 2 1 1.0079 1 3 9 2 1 1 0 0 1 1.0079
9 58.433 104.87 1 2 0 0.62388 1 3 6 2 1 0 1 1 1 0.62388
9 83.097 108.79 1 2 0 1.5359 0 8 4 1 2 0 0 0 1 1.5359
9 65.786 87.646 1 2 0 1.3281 1 9 4 1 2 1 1 1 1 1.3281
9 136.66 98.63 4 2 0 0.68803 1 2 7 2 1 0 1 1 1 0.68803
9 118.33 93.55 4 2 0 0.84801 1 8 2 1 2 1 1 1 1 0.84801
9 100.45 69.579 3 2 0 0.79994 1 9 4 1 2 0 0 0 1 0.79994
9 114.07 126.58 2 2 1 0.67192 1 8 2 1 2 1 1 1 1 0.67192
9 142.53 88.563 4 2 0 0.48003 1 7 2 1 2 1 1 1 1 0.48003
9 65.786 87.646 1 2 0 0.75207 0 4 6 2 1 0 1 1 1 0.75207
9 100.19 105.78 2 2 1 1.0398 1 4 8 2 1 0 1 1 1 1.0398
9 138.93 113.66 4 2 0 1.424 1 2 9 2 1 0 1 1 1 1.424
9 100.45 69.579 3 2 0 0.65608 1 3 9 2 1 0 1 1 1 0.65608
9 136.69 86.606 4 2 0 1.2958 0 5 6 2 1 1 0 0 1 1.2958
9 58.261 92.667 1 2 0 0.51202 1 4 9 2 1 0 1 1 1 0.51202
9 64.793 119.66 1 2 0 0.59193 1 9 3 2 1 1 0 0 1 0.59193
9 114.07 126.58 2 2 1 0.44789 1 9 5 1 2 1 1 1 1 0.44789
9 95.479 52.984 3 2 0 0.67189 0 6 2 1 2 1 1 1 1 0.67189
9 100.19 105.78 2 2 1 0.46382 1 3 6 2 1 0 1 1 1 0.46382
9 127.92 98.414 4 2 0 0.62409 0 5 6 2 1 0 1 1 1 0.62409
9 100.45 69.579 3 2 0 0.44797 1 4 9 2 1 1 0 0 1 0.44797
9 136.69 86.606 4 2 0 0.78392 0 6 5 2 1 1 0 0 1 0.78392
10 56.413 113.49 1 2 0 1.4079 0 5 6 1 2 1 1 1 1 1.4079
10 93.355 101.95 1 2 0 4.3359 1 4 8 2 1 1 0 1 0 4.3359
10 82.918 68.655 3 2 0 1.28 0 4 6 2 1 0 1 1 1 1.28
10 116.98 81.2 4 2 0 0.39994 1 3 9 2 1 0 1 1 1 0.39994
10 39.473 111.16 1 2 0 0.41587 1 8 2 1 2 0 0 0 1 0.41587
10 64.004 91 1 2 0 0.39991 0 9 3 1 2 1 1 1 1 0.39991
10 116.98 81.2 4 2 0 0.79991 1 3 9 2 1 0 1 1 1 0.79991
10 120.24 106.89 4 2 0 0.38409 0 3 9 2 1 1 0 0 1 0.38409
10 77.928 74.96 1 2 0 0.38388 0 6 5 1 2 1 1 1 1 0.38388
10 86.84 72.852 3 2 0 0.36787 1 9 3 1 2 0 0 0 1 0.36787
10 92.592 154.28 2 2 1 0.39992 1 2 6 2 1 1 0 0 1 0.39992
10 113.3 82.881 3 2 0 0.60796 1 5 6 2 1 0 1 1 1 0.60796
10 98.577 124.27 2 2 1 0.928 1 4 7 1 2 0 1 1 1 0.928
10 103.34 131.59 2 2 1 0.72003 0 3 6 2 1 0 1 1 1 0.72003
10 96.006 70.835 3 2 0 1.6799 1 8 4 1 2 1 1 0 0 1.6799
10 103.74 92.918 4 2 0 0.60803 1 4 9 2 1 0 1 0 0 0.60803
10 103.34 131.59 2 2 1 0.36798 1 9 5 1 2 1 1 1 1 0.36798
10 99.04 108.78 2 2 1 0.71989 1 5 7 2 1 1 0 0 1 0.71989
10 102.03 68.6 3 2 0 1.3279 0 9 5 1 2 1 1 1 1 1.3279
10 77.928 74.96 1 2 0 1.808 0 5 9 2 1 1 0 0 1 1.808
10 87.689 88.531 3 2 0 0.43182 1 6 3 2 1 1 0 0 1 0.43182
10 103.34 131.59 2 2 1 0.54399 1 9 2 1 2 1 1 0 0 0.54399
10 140.38 99.77 4 2 0 2.7999 0 2 9 2 1 0 1 1 1 2.7999
10 98.577 124.27 2 2 1 1.0718 1 3 7 1 2 0 1 1 1 1.0718
10 140.82 107.25 4 2 0 2.5599 1 8 2 1 2 1 1 1 1 2.5599
10 39.473 111.16 1 2 0 0.76798 1 9 4 1 2 0 0 1 0 0.76798
10 100.28 64.684 3 2 0 0.39993 1 4 8 2 1 1 0 1 0 0.39993
10 103.74 92.918 4 2 0 1.2798 0 7 3 1 2 0 0 0 1 1.2798
10 81.98 103.02 1 2 0 0.43202 1 6 5 2 1 0 0 0 1 0.43202
10 140.38 99.77 4 2 0 0.49584 1 4 6 2 1 0 1 1 1 0.49584
10 98.031 64.121 3 2 0 0.57596 1 2 9 2 1 0 1 1 1 0.57596
10 99.04 108.78 2 2 1 0.41591 1 5 8 2 1 0 1 1 1 0.41591
10 86.84 72.852 3 2 0 0.38386 1 9 4 1 2 0 0 0 1 0.38386
10 103.74 92.918 4 2 0 0.81591 1 2 6 1 2 1 1 1 1 0.81591
10 102.03 68.6 3 2 0 0.78373 1 9 2 2 1 0 0 0 1 0.78373
10 109.89 134.52 2 2 1 0.41563 1 2 8 2 1 1 0 1 0 0.41563
10 96.006 70.835 3 2 0 0.84759 1 7 2 1 2 0 0 0 1 0.84759
10 100.28 64.684 3 2 0 0.83116 1 6 2 2 1 1 0 1 0 0.83116
10 116.98 81.2 4 2 0 0.38387 1 9 2 1 2 1 1 1 1 0.38387
10 87.689 88.531 3 2 0 0.33571 1 6 5 1 2 1 1 1 1 0.33571
10 81.98 103.02 1 2 0 0.30368 1 3 8 2 1 0 1 1 1 0.30368
10 92.592 154.28 2 2 1 1.353 1 4 6 2 1 1 0 0 1 1.353
10 103.74 92.918 4 2 0 0.47922 1 2 8 2 1 0 1 1 1 0.47922
10 98.031 64.121 3 2 0 0.79989 1 6 5 1 2 0 0 1 0 0.79989
10 140.38 99.77 4 2 0 1.3277 1 7 5 1 2 0 0 1 0 1.3277
10 70.723 110.56 1 2 0 0.9756 0 6 2 1 2 1 1 1 1 0.9756
10 86.84 72.852 3 4 0 0.75152 1 5 8 2 1 1 0 1 0 0.75152
10 100.28 64.684 3 2 0 0.12754 1 7 3 1 2 1 1 0 0 0.12754
10 70.723 110.56 1 4 0 0.8635 0 6 4 1 2 1 1 1 1 0.8635
10 109.89 134.52 2 2 1 0.2556 1 8 2 1 2 0 0 1 0 0.2556
11 140.28 108.75 4 4 1 0.68795 1 3 9 2 1 0 1 1 1 0.68795
11 75.413 103.6 1 1 1 0.78383 1 7 2 2 1 0 0 1 0 0.78383
11 122.82 101.5 4 1 0 0.56099 1 9 5 1 2 0 0 0 1 0.56099
11 104.84 74.144 3 4 0 0.44792 1 6 5 1 2 0 0 1 0 0.44792
11 85.51 82.642 3 1 0 0.23974 1 6 4 1 2 1 1 1 1 0.23974
11 84.914 71.337 3 1 0 0.28789 0 8 3 1 2 1 1 0 0 0.28789
11 138.91 102.89 4 1 0 0.15994 0 6 4 1 2 0 0 0 1 0.15994
11 113.92 129.73 2 1 0 0.3518 0 9 3 1 2 1 1 1 1 0.3518
11 94.439 81.911 3 1 0 0.27187 0 2 9 2 1 0 1 1 1 0.27187
11 105.05 64.581 3 1 0 0.23987 1 5 7 2 1 1 0 0 1 0.23987
11 105.22 122.91 2 4 0 0.25592 1 2 7 1 2 1 1 0 0 0.25592
11 144.12 91.08 4 1 0 0.60796 1 3 8 2 1 0 1 1 1 0.60796
11 88.576 121.99 2 4 0 0.32006 1 4 6 2 1 0 1 1 1 0.32006
11 74.84 96.213 1 4 0 0.60799 0 2 9 2 1 0 1 1 1 0.60799
11 85.173 97.498 1 4 0 2.4799 1 3 8 2 1 1 0 0 1 2.4799
11 106.52 75.866 3 4 0 0.43191 0 7 3 1 2 1 1 1 1 0.43191
11 91.515 154.71 2 4 0 0.15993 1 2 9 2 1 0 1 0 0 0.15993
11 101.16 130.86 2 4 0 2.176 1 5 7 2 1 0 1 1 1 2.176
11 106.52 75.866 3 4 0 0.78396 1 2 7 2 1 1 0 1 0 0.78396
11 104.84 74.144 3 4 0 1.1999 1 7 3 1 2 1 1 1 1 1.1999
11 106.52 75.866 3 4 0 0.65583 1 3 7 2 1 1 0 1 0 0.65583
11 72.087 95.854 1 1 1 0.19188 1 9 4 1 2 1 1 0 0 0.19188
11 72.087 95.854 1 4 0 0.49697 1 3 9 2 1 0 1 0 0 0.49697
11 96.553 59.327 3 4 0 0.46382 1 4 6 2 1 1 0 0 1 0.46382
11 130.46 107.19 4 4 1 0.32006 1 8 4 1 2 1 1 1 1 0.32006
11 106.04 142.17 2 4 0 0.464 1 5 8 2 1 0 1 0 0 0.464
11 89.375 69.963 3 4 0 1.2318 0 7 3 1 2 1 1 1 1 1.2318
11 91.393 128.43 2 4 0 0.28782 1 7 5 2 1 1 0 0 1 0.28782
11 85.173 97.498 1 4 0 0.304 1 8 5 1 2 0 0 1 0 0.304
11 75.413 103.6 1 4 0 0.44893 1 4 9 2 1 0 1 1 1 0.44893
11 64.23 93.98 1 2 0 0.015728 1 9 2 2 1 1 0 0 1 0.015728
11 106.04 142.17 2 2 1 1.5681 1 5 6 2 1 1 0 0 1 1.5681
11 130.46 107.19 4 2 0 0.43186 1 7 4 1 2 1 1 0 0 0.43186
11 105.22 122.91 2 2 1 1.8076 1 5 6 2 1 0 1 1 1 1.8076
11 78.227 98.415 1 4 0 0.080909 1 9 3 2 1 0 0 1 0 0.080909
11 74.84 96.213 1 2 0 0.031944 1 4 6 2 1 0 1 0 0 0.031944
11 122.82 101.5 4 4 1 0.36795 0 7 3 1 2 0 0 1 0 0.36795
11 78.227 98.415 1 4 0 0.28791 1 2 8 2 1 0 1 1 1 0.28791
11 105.05 64.581 3 4 0 0.54411 1 8 2 1 2 0 0 1 0 0.54411
11 72.087 95.854 1 4 0 0.015963 1 2 8 2 1 0 1 1 1 0.015963
11 91.393 128.43 2 4 0 0.048147 0 6 5 1 2 0 0 1 0 0.048147
11 96.553 59.327 3 2 0 0.44794 0 4 9 2 1 1 0 0 1 0.44794
11 105.05 64.581 3 2 0 0.14402 0 6 2 2 1 1 0 0 1 0.14402
11 104.84 74.144 3 2 0 0.063884 1 6 5 1 2 1 1 0 0 0.063884
11 94.439 81.911 3 2 0 0.31989 0 3 8 2 1 1 0 0 1 0.31989
11 64.23 93.98 1 2 0 0.01571 1 3 7 2 1 1 0 0 1 0.01571
11 101.16 130.86 2 4 0 1.0718 1 8 4 1 2 1 1 0 0 1.0718
11 96.553 59.327 3 2 0 1.1996 1 4 8 2 1 0 1 1 1 1.1996
11 144.12 91.08 4 4 1 0.41595 1 8 5 2 1 0 0 1 0 0.41595
11 75.413 103.6 1 4 0 0.54398 1 7 3 2 1 1 0 1 0 0.54398
12 82.728 68.216 3 4 0 0.23985 1 5 6 2 1 1 0 0 1 0.23985
12 141.16 109.65 4 4 1 0.35196 1 5 8 1 2 0 1 0 0 0.35196
12 132.99 104.32 4 4 1 0.97574 1 7 2 1 2 1 1 0 0 0.97574
12 84.668 107.6 1 4 0 0.32001 1 9 3 1 2 0 0 0 1 0.32001
12 129.64 92.579 4 4 1 0.2078 1 8 3 1 2 0 0 0 1 0.2078
12 105.67 122.01 2 4 0 0.39359 1 2 6 2 1 1 0 0 1 0.39359
12 92.722 126.84 2 4 0 0.36795 1 6 2 1 2 0 0 0 1 0.36795
12 104.55 62.128 3 3 1 0.30399 0 4 6 2 1 0 1 1 1 0.30399
12 133.57 105.79 4 3 0 1.1518 1 4 9 1 2 1 1 1 1 1.1518
12 91.959 55.752 3 2 0 0.93754 0 8 5 1 2 0 0 1 0 0.93754
12 100.56 85.011 3 2 0 0.59178 0 3 8 2 1 0 1 0 0 0.59178
12 93.811 55.992 3 4 0 1.2799 0 7 2 1 2 1 1 1 1 1.2799
12 133.28 107.77 4 4 1 1.1519 1 2 6 2 1 0 1 1 1 1.1519
12 77.293 108.55 1 4 0 0.71997 0 4 6 2 1 1 0 1 0 0.71997
12 105.84 66.656 3 4 0 0.015809 1 5 6 2 1 1 0 1 0 0.015809
12 85.629 129.72 2 4 0 0.30389 1 8 2 1 2 1 1 1 1 0.30389
12 92.722 126.84 2 4 0 0.97597 1 5 8 2 1 1 0 1 0 0.97597
12 85.896 95.296 1 4 0 2.3038 1 5 9 2 1 0 1 0 0 2.3038
12 91.959 55.752 3 2 0 0.04793 1 5 6 1 2 0 1 0 0 0.04793
12 84.668 107.6 1 2 0 0.55975 1 5 6 2 1 0 1 0 0 0.55975
12 107.32 124.15 2 2 1 0.079818 0 7 2 1 2 0 0 0 1 0.079818
12 84.668 107.6 1 2 0 0.064156 0 5 8 2 1 1 0 0 1 0.064156
12 106.68 56.501 3 4 0 0.88011 1 2 7 2 1 1 0 1 0 0.88011
12 92.722 126.84 2 4 0 0.43205 1 6 4 2 1 1 0 1 0 0.43205
12 117.5 81.369 3 4 0 0.35206 0 3 8 2 1 1 0 1 0 0.35206
12 133.28 107.77 4 4 1 0.97574 1 8 3 1 2 1 1 1 1 0.97574
12 84.668 107.6 1 4 0 0.11182 0 7 5 2 1 1 0 1 0 0.11182
12 71.812 98.073 1 4 0 0.33562 1 7 5 1 2 0 0 1 0 0.33562
12 91.959 55.752 3 4 0 0.33593 1 8 2 1 2 1 1 1 1 0.33593
12 105.84 66.656 3 4 0 0.2238 1 6 3 1 2 0 0 1 0 0.2238
12 71.812 98.073 1 2 0 0.67185 1 7 5 1 2 1 1 0 0 0.67185
12 85.629 129.72 2 2 1 0.46397 0 3 9 1 2 0 1 1 1 0.46397
12 93.811 55.992 3 2 0 0.33588 1 2 8 2 1 1 0 0 1 0.33588
12 82.728 68.216 3 2 0 0.60791 1 9 2 1 2 1 1 1 1 0.60791
12 85.629 129.72 2 4 0 0.73599 1 3 6 1 2 1 1 1 1 0.73599
12 85.896 95.296 1 2 0 0.55999 0 9 4 1 2 1 1 1 1 0.55999
12 140.14 101.29 4 4 1 0.59204 1 8 5 1 2 0 0 0 1 0.59204
12 140.14 101.29 4 4 1 0.31988 1 3 7 2 1 0 1 0 0 0.31988
12 77.293 108.55 1 4 0 0.41593 1 4 7 2 1 0 1 0 0 0.41593
12 100.56 85.011 3 4 0 0.28836 0 6 2 1 2 0 0 0 1 0.28836
12 93.811 55.992 3 2 0 0.04754 1 8 2 2 1 1 0 1 0 0.04754
12 140.14 101.29 4 4 1 0.0094179 1 9 5 1 2 1 1 0 0 0.0094179
12 133.28 107.77 4 4 1 0.064882 1 9 3 1 2 1 1 1 1 0.064882
12 104.55 62.128 3 4 0 0.031716 1 8 4 1 2 0 0 1 0 0.031716
12 132.99 104.32 4 4 1 0.10535 1 4 6 2 1 0 1 1 1 0.10535
12 132.99 104.32 4 2 0 0.095478 1 3 9 2 1 0 1 1 1 0.095478
12 85.629 129.72 2 2 1 0.17608 1 5 9 2 1 0 1 0 0 0.17608
12 100.56 85.011 3 2 0 1.2157 1 7 5 1 2 0 0 0 1 1.2157
12 92.722 126.84 2 2 1 0.91171 1 5 9 2 1 0 1 0 0 0.91171
12 93.811 55.992 3 2 0 0.43166 1 7 3 1 2 1 1 0 0 0.43166
13 86.696 85.178 3 4 0 3.3855 1 4 8 2 1 0 1 0 0 3.3855
13 68.081 107.74 1 4 0 0.11203 0 7 5 1 2 1 1 0 0 0.11203
13 105.29 136.73 2 4 0 0.3199 1 8 4 1 2 1 1 0 0 0.3199
13 121.5 95.216 4 4 1 0.33587 1 2 7 2 1 0 1 0 0 0.33587
13 128.97 84.683 4 4 1 0.28898 1 6 3 1 2 1 1 0 0 0.28898
13 102.34 141.1 2 4 0 0.36785 1 7 3 2 1 1 0 0 1 0.36785
13 131.92 94.586 4 2 0 0.064074 0 8 4 1 2 1 1 0 0 0.064074
13 102.59 66.537 3 2 0 0.41605 0 7 3 2 1 0 0 0 1 0.41605
13 133.32 94.724 4 2 0 0.59195 1 3 7 2 1 1 0 0 1 0.59195
13 105.67 65.784 3 2 0 0.92796 0 9 4 2 1 1 0 0 1 0.92796
13 129.21 94.174 4 2 0 0.36802 1 6 2 1 2 0 0 0 1 0.36802
13 69.854 88.289 1 2 0 0.30396 1 8 5 1 2 1 1 0 0 0.30396
13 131.92 94.586 4 2 0 0.27186 1 4 6 2 1 0 1 0 0 0.27186
13 123.6 98.678 4 2 0 0.89606 0 8 4 1 2 1 1 0 0 0.89606
13 74.121 92.867 1 2 0 0.224 1 5 9 2 1 0 1 0 0 0.224
13 113.73 100.19 4 2 0 0.35201 1 8 4 1 2 0 0 0 1 0.35201
13 77.858 124.97 1 2 0 0.41704 1 5 9 2 1 1 0 0 1 0.41704
13 105.29 136.73 2 2 1 0.36798 1 6 2 1 2 0 0 0 1 0.36798
13 101.9 64.8 3 2 0 1.664 1 5 7 1 2 1 1 0 0 1.664
13 103.03 117.65 2 2 1 0.39968 0 4 8 2 1 1 0 0 1 0.39968
13 129.28 112.93 4 2 0 1.4558 1 4 8 2 1 1 0 0 1 1.4558
13 78.534 121.61 2 2 1 0.079601 1 7 3 1 2 0 0 0 1 0.079601
13 104.56 80.539 3 2 0 0.1442 0 3 8 2 1 0 1 0 0 0.1442
13 105.67 65.784 3 2 0 0.91212 1 4 9 2 1 0 1 0 0 0.91212
13 98.53 126.35 2 2 1 0.080013 1 8 4 1 2 0 0 0 1 0.080013
13 70.185 110.03 1 2 0 2.4643 1 2 9 1 2 0 1 0 0 2.4643
13 78.534 121.61 2 2 1 0.31989 1 9 4 1 2 0 0 0 1 0.31989
13 137.02 93.27 4 2 0 0.27195 1 4 6 2 1 0 1 0 0 0.27195
13 105.29 136.73 2 2 1 0.48012 1 4 7 2 1 0 1 0 0 0.48012
13 69.854 88.289 1 2 0 0.28793 1 9 5 1 2 0 0 0 1 0.28793
13 74.121 92.867 1 2 0 0.14387 1 6 5 1 2 1 1 0 0 0.14387
13 104.56 80.539 3 2 0 0.22402 1 2 7 1 2 1 1 0 0 0.22402
13 75.862 102.75 1 2 0 0.64 1 2 6 2 1 1 0 0 1 0.64
13 105.67 65.784 3 2 0 0.27202 1 4 8 2 1 0 1 0 0 0.27202
13 74.121 92.867 1 2 0 0.23989 1 9 4 1 2 1 1 0 0 0.23989
13 123.6 98.678 4 2 0 0.2719 1 5 7 2 1 1 0 0 1 0.2719
13 83.69 106.88 1 2 0 0.25581 1 3 8 2 1 0 1 0 0 0.25581
13 131.92 94.586 4 2 0 0.1758 0 6 5 2 1 0 0 0 1 0.1758
13 104.56 80.539 3 2 0 0.095571 1 5 7 2 1 0 1 0 0 0.095571
13 77.858 124.97 1 2 0 0.35308 0 7 4 1 2 0 0 0 1 0.35308
13 70.185 110.03 1 2 0 0.27197 0 6 5 1 2 0 0 0 1 0.27197
13 137.02 93.27 4 2 0 0.2719 1 9 4 1 2 1 1 0 0 0.2719
13 83.69 106.88 1 2 0 1.9681 0 4 9 2 1 0 1 0 0 1.9681
13 62.668 105.03 1 2 0 0.39982 0 3 6 2 1 0 1 0 0 0.39982
13 77.858 124.97 1 2 0 0.27192 1 3 9 2 1 1 0 0 1 0.27192
13 70.185 110.03 1 2 0 0.2557 1 6 5 1 2 1 1 0 0 0.2557
13 62.668 105.03 1 2 0 0.36775 1 5 8 2 1 1 0 0 1 0.36775
13 98.53 126.35 2 2 1 0.44786 1 9 2 1 2 1 1 0 0 0.44786
13 70.185 110.03 1 2 0 0.35201 1 3 6 1 2 1 1 0 0 0.35201
13 86.696 85.178 3 2 0 0.015904 1 6 4 1 2 1 1 0 0 0.015904
14 102.26 83.963 3 2 0 3.0802 1 999 999 999 999 999 999 999 999 999
14 117.22 128.34 2 3 0 3.0451 1 999 999 999 999 999 999 999 999 999
14 104.71 114.32 2 2 1 0.061721 1 999 999 999 999 999 999 999 999 999
14 108.67 146.43 2 1 0 0.36588 1 999 999 999 999 999 999 999 999 999
14 68.49 98.299 1 2 0 0.31785 1 999 999 999 999 999 999 999 999 999
14 101.69 60.196 3 1 0 0.029691 1 999 999 999 999 999 999 999 999 999
14 90.34 110.73 1 4 0 0.2535 0 999 999 999 999 999 999 999 999 999
14 107.5 136.75 2 3 0 0.27076 0 999 999 999 999 999 999 999 999 999
14 126.72 109.2 4 2 0 0.31797 1 999 999 999 999 999 999 999 999 999
14 92.622 130.62 2 1 0 0.3017 1 999 999 999 999 999 999 999 999 999
14 109.85 78.24 3 4 0 0.254 1 999 999 999 999 999 999 999 999 999
14 49.067 101.51 1 3 0 0.42985 0 999 999 999 999 999 999 999 999 999
14 110.27 110.29 2 2 1 0.72735 1 999 999 999 999 999 999 999 999 999
14 102.12 95.295 3 1 0 0.39807 1 999 999 999 999 999 999 999 999 999
14 98.916 122.09 2 3 0 0.23114 1 999 999 999 999 999 999 999 999 999
14 102.96 76.845 3 3 1 0.077845 1 999 999 999 999 999 999 999 999 999
14 90.34 110.73 1 4 0 0.023331 0 999 999 999 999 999 999 999 999 999
14 101.69 60.196 3 4 0 0.014718 1 999 999 999 999 999 999 999 999 999
14 109.85 78.24 3 2 0 0.079042 1 999 999 999 999 999 999 999 999 999
14 65.483 77.533 1 3 0 0.11069 0 999 999 999 999 999 999 999 999 999
14 112.26 67.181 3 2 0 0.039221 1 999 999 999 999 999 999 999 999 999
14 136.19 103.47 4 3 0 0.023229 1 999 999 999 999 999 999 999 999 999
14 143.61 105.71 4 4 1 0.046677 1 999 999 999 999 999 999 999 999 999
14 136.19 103.47 4 4 1 0.062479 1 999 999 999 999 999 999 999 999 999
14 92.622 130.62 2 1 0 0.063838 1 999 999 999 999 999 999 999 999 999
14 135.82 91.584 4 3 0 0.062553 1 999 999 999 999 999 999 999 999 999
14 107.5 136.75 2 3 0 0.039389 1 999 999 999 999 999 999 999 999 999
14 132.52 94.112 4 4 1 0.20674 0 999 999 999 999 999 999 999 999 999
14 143.61 105.71 4 2 0 0.062693 0 999 999 999 999 999 999 999 999 999
14 110.27 110.29 2 2 1 0.094757 0 999 999 999 999 999 999 999 999 999
14 110.27 110.29 2 4 0 0.055156 1 999 999 999 999 999 999 999 999 999
14 88.839 110.36 2 2 1 0.046664 1 999 999 999 999 999 999 999 999 999
14 109.85 78.24 3 1 0 0.013761 0 999 999 999 999 999 999 999 999 999
14 102.96 76.845 3 3 1 0.0072768 1 999 999 999 999 999 999 999 999 999
14 108.67 146.43 2 2 1 0.039198 0 999 999 999 999 999 999 999 999 999
14 95.087 116.05 2 2 1 0.0394 0 999 999 999 999 999 999 999 999 999
14 128.38 131.47 4 3 0 0.19078 1 999 999 999 999 999 999 999 999 999
14 135.82 91.584 4 1 0 0.023375 1 999 999 999 999 999 999 999 999 999
14 104.98 154.31 2 2 1 0.062022 1 999 999 999 999 999 999 999 999 999
14 143.61 105.71 4 1 0 0.014943 1 999 999 999 999 999 999 999 999 999
14 90.34 110.73 1 1 1 0.055267 1 999 999 999 999 999 999 999 999 999
14 95.087 116.05 2 4 0 0.030701 0 999 999 999 999 999 999 999 999 999
14 132.52 94.112 4 3 0 0.062717 1 999 999 999 999 999 999 999 999 999
14 128.38 131.47 4 2 0 0.030106 1 999 999 999 999 999 999 999 999 999
14 136.19 103.47 4 3 0 0.071317 1 999 999 999 999 999 999 999 999 999
14 109.85 78.24 3 1 0 0.023226 1 999 999 999 999 999 999 999 999 999
14 102.12 95.295 3 3 1 0.014502 1 999 999 999 999 999 999 999 999 999
14 112.26 67.181 3 2 0 0.12647 1 999 999 999 999 999 999 999 999 999
14 90.34 110.73 1 1 1 0.039425 1 999 999 999 999 999 999 999 999 999
14 128.38 131.47 4 4 1 0.013957 1 999 999 999 999 999 999 999 999 999
15 121.1 97.126 4 4 1 0.52007 0 999 999 999 999 999 999 999 999 999
15 111.85 125.87 2 4 0 0.26141 0 999 999 999 999 999 999 999 999 999
15 93.601 116.25 2 2 1 0.0307 0 999 999 999 999 999 999 999 999 999
15 66.881 90.106 1 2 0 0.047912 0 999 999 999 999 999 999 999 999 999
15 54.54 102.73 1 3 0 0.047784 0 999 999 999 999 999 999 999 999 999
15 107.58 121.59 2 4 0 0.014606 0 999 999 999 999 999 999 999 999 999
15 71.185 91.355 1 4 0 0.062628 0 999 999 999 999 999 999 999 999 999
15 101.83 87.726 3 2 0 0.07779 0 999 999 999 999 999 999 999 999 999
15 91.337 74.53 3 2 0 0.061932 0 999 999 999 999 999 999 999 999 999
15 122.05 112.93 4 2 0 0.029929 0 999 999 999 999 999 999 999 999 999
15 66.881 90.106 1 4 0 0.045886 0 999 999 999 999 999 999 999 999 999
15 122.27 99.186 4 2 0 0.078691 0 999 999 999 999 999 999 999 999 999
15 104.46 130.76 2 2 1 0.046646 0 999 999 999 999 999 999 999 999 999
15 111.85 125.87 2 2 1 0.055324 0 999 999 999 999 999 999 999 999 999
15 63.01 100.38 1 4 0 0.21536 0 999 999 999 999 999 999 999 999 999
15 104.46 130.76 2 4 0 0.071265 0 999 999 999 999 999 999 999 999 999
15 70.798 104.33 1 4 0 0.14385 0 999 999 999 999 999 999 999 999 999
15 106.2 59.036 3 2 0 0.07805 0 999 999 999 999 999 999 999 999 999
15 101.83 87.726 3 4 0 0.06246 0 999 999 999 999 999 999 999 999 999
15 70.798 104.33 1 4 0 0.030548 0 999 999 999 999 999 999 999 999 999
15 70.798 104.33 1 4 0 0.030637 0 999 999 999 999 999 999 999 999 999
15 128.04 97.975 4 4 1 0.029974 0 999 999 999 999 999 999 999 999 999
15 97.064 74.791 3 4 0 0.030692 0 999 999 999 999 999 999 999 999 999
15 81.331 89.31 1 4 0 0.06256 0 999 999 999 999 999 999 999 999 999
15 94.558 146.08 2 4 0 0.078648 0 999 999 999 999 999 999 999 999 999
15 93.953 125.03 2 4 0 0.22279 0 999 999 999 999 999 999 999 999 999
15 113.03 94.302 4 4 1 0.10317 0 999 999 999 999 999 999 999 999 999
15 133.99 105.37 4 2 0 0.062051 0 999 999 999 999 999 999 999 999 999
15 121.1 97.126 4 2 0 0.062219 0 999 999 999 999 999 999 999 999 999
15 101.83 87.726 3 2 0 0.094589 0 999 999 999 999 999 999 999 999 999
15 97.064 74.791 3 4 0 0.062635 0 999 999 999 999 999 999 999 999 999
15 93.601 116.25 2 2 1 0.062698 0 999 999 999 999 999 999 999 999 999
15 94.558 146.08 2 2 1 0.014046 0 999 999 999 999 999 999 999 999 999
15 66.173 80.21 1 2 0 0.06262 0 999 999 999 999 999 999 999 999 999
15 94.558 146.08 2 2 1 0.014722 0 999 999 999 999 999 999 999 999 999
15 128.04 97.975 4 4 1 0.078762 0 999 999 999 999 999 999 999 999 999
15 105.56 144.64 2 2 1 0.11057 0 999 999 999 999 999 999 999 999 999
15 94.876 115.65 2 4 0 0.030576 0 999 999 999 999 999 999 999 999 999
15 101.83 87.726 3 2 0 0.11073 0 999 999 999 999 999 999 999 999 999
15 66.881 90.106 1 2 0 0.27933 0 999 999 999 999 999 999 999 999 999
15 93.668 66.622 3 2 0 0.061983 0 999 999 999 999 999 999 999 999 999
15 113.03 94.302 4 2 0 0.078678 0 999 999 999 999 999 999 999 999 999
15 114.03 72.019 3 4 0 0.055596 0 999 999 999 999 999 999 999 999 999
15 104.46 130.76 2 2 1 0.12671 0 999 999 999 999 999 999 999 999 999
15 93.668 66.622 3 2 0 0.094751 0 999 999 999 999 999 999 999 999 999
15 105.56 144.64 2 2 1 0.17473 0 999 999 999 999 999 999 999 999 999
15 105.56 144.64 2 1 0 0.26318 0 999 999 999 999 999 999 999 999 999
15 66.173 80.21 1 1 1 0.15874 0 999 999 999 999 999 999 999 999 999
15 113.03 94.302 4 1 0 0.12665 0 999 999 999 999 999 999 999 999 999
15 106.2 59.036 3 1 0 0.12674 0 999 999 999 999 999 999 999 999 999
16 137.8 95.045 4 4 1 0.42456 0 999 999 999 999 999 999 999 999 999
16 101.51 113.04 2 1 0 0.04668 0 999 999 999 999 999 999 999 999 999
16 92.946 69.134 3 4 0 0.014534 0 999 999 999 999 999 999 999 999 999
16 94.916 109.72 2 1 0 0.0073275 0 999 999 999 999 999 999 999 999 999
16 74.106 91.851 1 2 0 0.030607 0 999 999 999 999 999 999 999 999 999
16 126.18 102.53 4 4 1 0.078559 0 999 999 999 999 999 999 999 999 999
16 95.039 75.402 3 4 0 0.0072214 0 999 999 999 999 999 999 999 999 999
16 94.916 109.72 2 3 0 0.039117 0 999 999 999 999 999 999 999 999 999
16 146.57 94.356 4 3 0 0.030558 0 999 999 999 999 999 999 999 999 999
16 74.12 102.95 1 3 0 0.52795 0 999 999 999 999 999 999 999 999 999
16 104.09 67.523 3 1 0 0.19074 0 999 999 999 999 999 999 999 999 999
16 104.24 129.03 2 3 0 0.094597 0 999 999 999 999 999 999 999 999 999
16 101.55 81.103 3 1 0 0.094753 0 999 999 999 999 999 999 999 999 999
16 102.56 84.376 3 1 0 0.0139 0 999 999 999 999 999 999 999 999 999
16 103.04 133.08 2 3 0 0.0073194 0 999 999 999 999 999 999 999 999 999
16 70.959 111.99 1 1 1 0.078461 0 999 999 999 999 999 999 999 999 999
16 137.8 95.045 4 3 0 0.52591 0 999 999 999 999 999 999 999 999 999
16 66.984 104.28 1 4 0 0.030699 0 999 999 999 999 999 999 999 999 999
16 94.916 109.72 2 4 0 0.078652 0 999 999 999 999 999 999 999 999 999
16 80.033 109.56 2 2 1 0.1035 0 999 999 999 999 999 999 999 999 999
16 66.984 104.28 1 4 0 0.046545 0 999 999 999 999 999 999 999 999 999
16 146.57 94.356 4 1 0 0.15869 0 999 999 999 999 999 999 999 999 999
16 92.946 69.134 3 4 0 0.14261 0 999 999 999 999 999 999 999 999 999
16 66.681 100.23 1 4 0 0.030516 0 999 999 999 999 999 999 999 999 999
16 102.56 84.376 3 4 0 0.15127 0 999 999 999 999 999 999 999 999 999
16 126.18 102.53 4 4 1 0.22277 0 999 999 999 999 999 999 999 999 999
16 74.106 91.851 1 2 0 0.039407 0 999 999 999 999 999 999 999 999 999
16 80.033 109.56 2 2 1 0.65466 0 999 999 999 999 999 999 999 999 999
16 102.56 84.376 3 3 1 0.17459 0 999 999 999 999 999 999 999 999 999
16 146.57 94.356 4 3 0 0.25416 0 999 999 999 999 999 999 999 999 999
16 101.51 113.04 2 4 0 0.055247 0 999 999 999 999 999 999 999 999 999
16 94.916 109.72 2 2 1 0.0073895 0 999 999 999 999 999 999 999 999 999
16 67.377 110.52 1 1 1 0.0072574 0 999 999 999 999 999 999 999 999 999
16 121.31 118.31 4 1 0 0.061838 0 999 999 999 999 999 999 999 999 999
16 116.71 79.395 4 3 0 0.17468 0 999 999 999 999 999 999 999 999 999
16 116.71 79.395 4 3 0 0.11071 0 999 999 999 999 999 999 999 999 999
16 92.946 69.134 3 3 1 0.13514 0 999 999 999 999 999 999 999 999 999
16 126.18 102.53 4 2 0 0.030093 0 999 999 999 999 999 999 999 999 999
16 101.55 81.103 3 1 0 0.11021 0 999 999 999 999 999 999 999 999 999
16 67.377 110.52 1 1 1 0.15869 0 999 999 999 999 999 999 999 999 999
16 80.033 109.56 2 3 0 0.046754 0 999 999 999 999 999 999 999 999 999
16 104.24 129.03 2 3 0 0.11069 0 999 999 999 999 999 999 999 999 999
16 74.106 91.851 1 2 0 0.12615 0 999 999 999 999 999 999 999 999 999
16 74.106 91.851 1 3 0 0.078661 0 999 999 999 999 999 999 999 999 999
16 67.377 110.52 1 3 0 0.062431 0 999 999 999 999 999 999 999 999 999
16 110.42 97.41 4 4 1 0.014623 0 999 999 999 999 999 999 999 999 999
16 103.04 133.08 2 3 0 0.030634 0 999 999 999 999 999 999 999 999 999
16 66.984 104.28 1 2 0 0.046623 0 999 999 999 999 999 999 999 999 999
16 104.24 129.03 2 4 0 0.039186 0 999 999 999 999 999 999 999 999 999
16 146.57 94.356 4 4 1 0.13539 0 999 999 999 999 999 999 999 999 999
17 101.47 141.24 2 4 0 0.69673 0 999 999 999 999 999 999 999 999 999
17 74.406 102.76 1 3 0 0.50333 0 999 999 999 999 999 999 999 999 999
17 60.554 84.351 1 3 0 0.11007 0 999 999 999 999 999 999 999 999 999
17 107.72 115.57 2 3 0 0.013938 0 999 999 999 999 999 999 999 999 999
17 98.642 64.568 3 3 1 0.046066 0 999 999 999 999 999 999 999 999 999
17 79.913 109.99 1 3 0 0.14257 0 999 999 999 999 999 999 999 999 999
17 87.404 114.88 1 3 0 0.15788 0 999 999 999 999 999 999 999 999 999
17 63.64 100.09 1 3 0 0.17422 0 999 999 999 999 999 999 999 999 999
17 97.858 134.06 2 3 0 0.2379 0 999 999 999 999 999 999 999 999 999
17 136.27 110.77 4 3 0 0.013928 0 999 999 999 999 999 999 999 999 999
17 104.93 79.509 3 3 1 0.1108 0 999 999 999 999 999 999 999 999 999
17 81.981 138.82 2 3 0 0.055365 0 999 999 999 999 999 999 999 999 999
17 122.33 110.12 4 3 0 0.023425 0 999 999 999 999 999 999 999 999 999
17 116.75 107.93 4 3 0 0.11056 0 999 999 999 999 999 999 999 999 999
17 119.77 132.46 2 3 0 0.062067 0 999 999 999 999 999 999 999 999 999
17 103.35 73.195 3 3 1 0.078762 0 999 999 999 999 999 999 999 999 999
17 136.27 110.77 4 3 0 0.094575 0 999 999 999 999 999 999 999 999 999
17 60.554 84.351 1 3 0 0.10341 0 999 999 999 999 999 999 999 999 999
17 101.11 71.449 3 3 1 0.039347 0 999 999 999 999 999 999 999 999 999
17 81.135 102.41 1 3 0 0.12784 0 999 999 999 999 999 999 999 999 999
17 96.491 65.346 3 3 1 0.15976 0 999 999 999 999 999 999 999 999 999
17 122.33 110.12 4 3 0 0.093883 0 999 999 999 999 999 999 999 999 999
17 103.35 73.195 3 3 1 0.15799 0 999 999 999 999 999 999 999 999 999
17 108.93 108.19 4 3 0 0.11068 0 999 999 999 999 999 999 999 999 999
17 98.409 73.017 3 3 1 0.11939 0 999 999 999 999 999 999 999 999 999
17 103.29 87.235 3 3 1 0.0073315 0 999 999 999 999 999 999 999 999 999
17 99.356 113.86 2 3 0 0.21531 0 999 999 999 999 999 999 999 999 999
17 97.858 134.06 2 3 0 0.093802 0 999 999 999 999 999 999 999 999 999
17 107.72 115.57 2 3 0 0.11908 0 999 999 999 999 999 999 999 999 999
17 104.93 79.509 3 3 1 0.087441 0 999 999 999 999 999 999 999 999 999
17 95.503 60.413 3 3 1 0.1419 0 999 999 999 999 999 999 999 999 999
17 98.409 73.017 3 3 1 0.078103 0 999 999 999 999 999 999 999 999 999
17 97.858 134.06 2 3 0 0.1118 0 999 999 999 999 999 999 999 999 999
17 136.8 92.051 4 3 0 0.014 0 999 999 999 999 999 999 999 999 999
17 116.75 107.93 4 3 0 0.20583 0 999 999 999 999 999 999 999 999 999
17 123.18 91.716 4 3 0 0.64724 0 999 999 999 999 999 999 999 999 999
17 60.554 84.351 1 3 0 0.06204 0 999 999 999 999 999 999 999 999 999
17 81.981 138.82 2 3 0 0.18992 0 999 999 999 999 999 999 999 999 999
17 119.77 132.46 2 3 0 0.12663 0 999 999 999 999 999 999 999 999 999
17 123.18 91.716 4 3 0 0.12576 0 999 999 999 999 999 999 999 999 999
17 79.913 109.99 1 3 0 0.014088 0 999 999 999 999 999 999 999 999 999
17 104.93 79.509 3 3 1 0.12673 0 999 999 999 999 999 999 999 999 999
17 98.409 73.017 3 3 1 0.045846 0 999 999 999 999 999 999 999 999 999
17 103.29 87.235 3 3 1 0.14271 0 999 999 999 999 999 999 999 999 999
17 123.18 91.716 4 3 0 0.013758 0 999 999 999 999 999 999 999 999 999
17 136.8 92.051 4 3 0 0.17474 0 999 999 999 999 999 999 999 999 999
17 94.46 55.479 3 3 1 0.087137 0 999 999 999 999 999 999 999 999 999
17 103.35 73.195 3 3 1 0.094205 0 999 999 999 999 999 999 999 999 999
17 94.46 55.479 3 3 1 0.23872 0 999 999 999 999 999 999 999 999 999
17 122.33 110.12 4 3 0 0.12615 0 999 999 999 999 999 999 999 999 999
