1 126.49 90.087 4 2 0 2.2719 0 999 999 999 999 999 999 999 999 999
1 101.51 160.68 2 1 0 0.91791 0 999 999 999 999 999 999 999 999 999
1 95.039 74.954 3 4 0 0.38186 0 999 999 999 999 999 999 999 999 999
1 101.11 58.59 3 3 1 0.97432 0 999 999 999 999 999 999 999 999 999
1 90.777 89.404 3 3 1 0.92578 0 999 999 999 999 999 999 999 999 999
1 144.12 85.974 4 3 0 0.66988 0 999 999 999 999 999 999 999 999 999
1 109.41 72.019 3 4 0 0.89397 0 999 999 999 999 999 999 999 999 999
1 77.056 108.79 1 1 1 0.2858 0 999 999 999 999 999 999 999 999 999
1 99.035 88.156 3 3 1 2.4298 0 999 999 999 999 999 999 999 999 999
1 64.79 73.353 1 1 1 0.6378 0 999 999 999 999 999 999 999 999 999
1 72.589 104.17 1 1 1 0.87789 0 999 999 999 999 999 999 999 999 999
1 77.056 108.79 1 1 1 0.4139 0 999 999 999 999 999 999 999 999 999
1 98.916 126.58 2 3 0 0.71793 0 999 999 999 999 999 999 999 999 999
1 72.589 104.17 1 2 0 0.50981 0 999 999 999 999 999 999 999 999 999
1 113.2 100.42 4 3 0 0.82982 0 999 999 999 999 999 999 999 999 999
1 122.27 100.27 4 3 0 0.89397 0 999 999 999 999 999 999 999 999 999
1 56.413 103.39 1 1 1 0.54184 0 999 999 999 999 999 999 999 999 999
1 101.51 160.68 2 4 0 0.894 0 999 999 999 999 999 999 999 999 999
1 81.135 99.217 1 3 0 1.3418 0 999 999 999 999 999 999 999 999 999
1 90.76 138.9 2 2 1 1.0378 0 999 999 999 999 999 999 999 999 999
1 80.033 114.09 2 2 1 0.90992 0 999 999 999 999 999 999 999 999 999
1 122.27 100.27 4 2 0 1.4539 0 999 999 999 999 999 999 999 999 999
1 109.25 113.38 2 3 0 0.7659 0 999 999 999 999 999 999 999 999 999
1 154.99 115.45 4 4 1 0.70175 0 999 999 999 999 999 999 999 999 999
1 101.51 160.68 2 2 1 1.1819 0 999 999 999 999 999 999 999 999 999
1 64.79 73.353 1 1 1 0.60595 0 999 999 999 999 999 999 999 999 999
1 100.19 132.35 2 2 1 0.74989 0 999 999 999 999 999 999 999 999 999
1 98.409 86.605 3 2 0 0.68592 0 999 999 999 999 999 999 999 999 999
1 101.51 160.68 2 4 0 0.70183 0 999 999 999 999 999 999 999 999 999
1 53.26 112.71 1 1 1 0.65383 0 999 999 999 999 999 999 999 999 999
1 101.11 58.59 3 3 1 1.9339 0 999 999 999 999 999 999 999 999 999
1 63.841 110.38 1 1 1 0.76598 0 999 999 999 999 999 999 999 999 999
1 99.035 88.156 3 3 1 0.76571 0 999 999 999 999 999 999 999 999 999
1 72.589 104.17 1 1 1 0.7499 0 999 999 999 999 999 999 999 999 999
1 98.409 86.605 3 4 0 0.92583 0 999 999 999 999 999 999 999 999 999
1 77.056 108.79 1 1 1 0.6379 0 999 999 999 999 999 999 999 999 999
1 90.76 138.9 2 2 1 0.8459 0 999 999 999 999 999 999 999 999 999
1 144.12 85.974 4 4 1 0.63789 0 999 999 999 999 999 999 999 999 999
1 109.41 72.019 3 4 0 3.5819 0 999 999 999 999 999 999 999 999 999
1 90.76 138.9 2 2 1 1.1979 0 999 999 999 999 999 999 999 999 999
1 81.135 99.217 1 2 0 0.86188 0 999 999 999 999 999 999 999 999 999
1 154.99 115.45 4 4 1 0.74989 0 999 999 999 999 999 999 999 999 999
1 100.19 132.35 2 2 1 1.1018 0 999 999 999 999 999 999 999 999 999
1 122.27 100.27 4 4 1 2.7979 0 999 999 999 999 999 999 999 999 999
1 56.413 103.39 1 1 1 0.60588 0 999 999 999 999 999 999 999 999 999
1 63.841 110.38 1 1 1 0.78183 0 999 999 999 999 999 999 999 999 999
1 63.841 110.38 1 1 1 0.47795 0 999 999 999 999 999 999 999 999 999
1 81.135 99.217 1 1 1 0.57395 0 999 999 999 999 999 999 999 999 999
1 72.589 104.17 1 1 1 0.58993 0 999 999 999 999 999 999 999 999 999
1 109.25 113.38 2 4 0 2.5259 0 999 999 999 999 999 999 999 999 999
2 94.348 65.346 3 3 1 2.3681 0 999 999 999 999 999 999 999 999 999
2 64.793 78.352 1 1 1 0.67822 0 999 999 999 999 999 999 999 999 999
2 96.998 124.77 2 2 1 2.0779 0 999 999 999 999 999 999 999 999 999
2 103.9 78.019 3 4 0 1.3098 0 999 999 999 999 999 999 999 999 999
2 89.671 55.992 3 3 1 0.92577 0 999 999 999 999 999 999 999 999 999
2 129.02 115.75 4 4 1 0.974 0 999 999 999 999 999 999 999 999 999
2 88.952 135.47 2 2 1 1.0059 0 999 999 999 999 999 999 999 999 999
2 132.71 91.584 4 4 1 1.2779 0 999 999 999 999 999 999 999 999 999
2 78.227 96.683 1 1 1 0.49367 0 999 999 999 999 999 999 999 999 999
2 115.87 68.71 3 4 0 0.42993 0 999 999 999 999 999 999 999 999 999
2 132.71 91.584 4 4 1 1.1498 0 999 999 999 999 999 999 999 999 999
2 91.337 70.31 3 3 1 1.8219 0 999 999 999 999 999 999 999 999 999
2 75.915 98.299 1 1 1 0.63768 0 999 999 999 999 999 999 999 999 999
2 106.55 100.25 4 4 1 1.6139 0 999 999 999 999 999 999 999 999 999
2 83.69 102.76 1 3 0 1.0219 0 999 999 999 999 999 999 999 999 999
2 88.952 135.47 2 2 1 1.0539 0 999 999 999 999 999 999 999 999 999
2 76.811 91.433 1 3 0 2.0619 0 999 999 999 999 999 999 999 999 999
2 76.811 91.433 1 2 0 0.92598 0 999 999 999 999 999 999 999 999 999
2 76.811 91.433 1 4 0 0.92588 0 999 999 999 999 999 999 999 999 999
2 88.952 135.47 2 2 1 0.95783 0 999 999 999 999 999 999 999 999 999
2 92.905 113.86 2 2 1 4.4779 0 999 999 999 999 999 999 999 999 999
2 103.9 78.019 3 2 0 2.2539 0 999 999 999 999 999 999 999 999 999
2 92.905 113.86 2 2 1 0.76578 0 999 999 999 999 999 999 999 999 999
2 64.793 78.352 1 1 1 0.87786 0 999 999 999 999 999 999 999 999 999
2 109.3 98.63 4 4 1 1.5499 0 999 999 999 999 999 999 999 999 999
2 76.811 91.433 1 1 1 1.3899 0 999 999 999 999 999 999 999 999 999
2 109.3 98.63 4 4 1 0.82991 0 999 999 999 999 999 999 999 999 999
2 113.1 130.86 2 2 1 0.89391 0 999 999 999 999 999 999 999 999 999
2 62.847 102.4 1 1 1 0.76594 0 999 999 999 999 999 999 999 999 999
2 104.74 101.59 4 4 1 0.76585 0 999 999 999 999 999 999 999 999 999
2 107.34 129.03 2 4 0 0.68548 0 999 999 999 999 999 999 999 999 999
2 92.905 113.86 2 4 0 1.4378 0 999 999 999 999 999 999 999 999 999
2 78.227 96.683 1 2 0 3.038 0 999 999 999 999 999 999 999 999 999
2 107.34 129.03 2 4 0 0.84584 0 999 999 999 999 999 999 999 999 999
2 103.9 78.019 3 3 1 4.7499 0 999 999 999 999 999 999 999 999 999
2 76.811 91.433 1 3 0 0.82997 0 999 999 999 999 999 999 999 999 999
2 62.847 102.4 1 1 1 1.054 0 999 999 999 999 999 999 999 999 999
2 88.952 135.47 2 2 1 0.8779 0 999 999 999 999 999 999 999 999 999
2 75.915 98.299 1 2 0 2.3818 0 999 999 999 999 999 999 999 999 999
2 104.74 101.59 4 4 1 1.15 0 999 999 999 999 999 999 999 999 999
2 104.74 101.59 4 4 1 0.55783 0 999 999 999 999 999 999 999 999 999
2 107.34 129.03 2 4 0 0.50981 0 999 999 999 999 999 999 999 999 999
2 103.58 54.044 3 3 1 2.5257 0 999 999 999 999 999 999 999 999 999
2 129.02 115.75 4 4 1 0.81397 0 999 999 999 999 999 999 999 999 999
2 109.3 98.63 4 4 1 0.65387 0 999 999 999 999 999 999 999 999 999
2 76.811 91.433 1 1 1 0.65388 0 999 999 999 999 999 999 999 999 999
2 103.58 54.044 3 3 1 2.5099 0 999 999 999 999 999 999 999 999 999
2 106.55 100.25 4 4 1 1.502 0 999 999 999 999 999 999 999 999 999
2 113.1 130.86 2 4 0 1.0219 0 999 999 999 999 999 999 999 999 999
2 103.58 54.044 3 3 1 1.1019 0 999 999 999 999 999 999 999 999 999
3 105.37 90.552 3 2 0 6.6005 0 999 999 999 999 999 999 999 999 999
3 108.59 117.7 2 2 1 0.77424 0 999 999 999 999 999 999 999 999 999
3 114.53 55.048 3 3 1 2.4138 0 999 999 999 999 999 999 999 999 999
3 51.438 101.79 1 1 1 0.63796 0 999 999 999 999 999 999 999 999 999
3 76.401 97.217 1 1 1 0.65391 0 999 999 999 999 999 999 999 999 999
3 106.4 135.61 2 4 0 3.07 0 999 999 999 999 999 999 999 999 999
3 108.59 117.7 2 2 1 1.4699 0 999 999 999 999 999 999 999 999 999
3 81.446 94.493 1 2 0 2.4138 0 999 999 999 999 999 999 999 999 999
3 92.87 118.25 2 2 1 1.0218 0 999 999 999 999 999 999 999 999 999
3 106.4 135.61 2 2 1 3.0699 0 999 999 999 999 999 999 999 999 999
3 123.04 85.663 4 4 1 1.8059 0 999 999 999 999 999 999 999 999 999
3 76.401 97.217 1 1 1 1.3098 0 999 999 999 999 999 999 999 999 999
3 121.8 98.541 4 4 1 0.9579 0 999 999 999 999 999 999 999 999 999
3 100.31 107.99 2 4 0 1.3099 0 999 999 999 999 999 999 999 999 999
3 116.02 69.825 3 3 1 4.3178 0 999 999 999 999 999 999 999 999 999
3 108.45 74.619 3 3 1 0.66988 0 999 999 999 999 999 999 999 999 999
3 136.55 95.301 4 3 0 2.7339 0 999 999 999 999 999 999 999 999 999
3 116.02 69.825 3 3 1 0.76592 0 999 999 999 999 999 999 999 999 999
3 114.53 55.048 3 3 1 0.73387 0 999 999 999 999 999 999 999 999 999
3 95.711 106.9 1 2 0 3.6619 0 999 999 999 999 999 999 999 999 999
3 103.49 138.9 2 2 1 0.65393 0 999 999 999 999 999 999 999 999 999
3 105.35 83.574 3 3 1 0.78169 0 999 999 999 999 999 999 999 999 999
3 108.45 74.619 3 3 1 0.55794 0 999 999 999 999 999 999 999 999 999
3 90.988 115.4 2 2 1 3.0379 0 999 999 999 999 999 999 999 999 999
3 106.4 135.61 2 2 1 0.68584 0 999 999 999 999 999 999 999 999 999
3 121.8 98.541 4 2 0 0.41395 0 999 999 999 999 999 999 999 999 999
3 114.53 55.048 3 3 1 1.7899 0 999 999 999 999 999 999 999 999 999
3 137.02 108.75 4 2 0 1.0379 0 999 999 999 999 999 999 999 999 999
3 122.33 103.47 4 4 1 2.6538 0 999 999 999 999 999 999 999 999 999
3 122.33 103.47 4 4 1 4.4938 0 999 999 999 999 999 999 999 999 999
3 121.8 98.541 4 4 1 0.41383 0 999 999 999 999 999 999 999 999 999
3 129.5 95.216 4 4 1 0.7179 0 999 999 999 999 999 999 999 999 999
3 92.87 118.25 2 2 1 1.5339 0 999 999 999 999 999 999 999 999 999
3 66.984 111.11 1 1 1 0.63791 0 999 999 999 999 999 999 999 999 999
3 130.46 101.92 4 4 1 2.5419 0 999 999 999 999 999 999 999 999 999
3 92.87 118.25 2 2 1 4.4459 0 999 999 999 999 999 999 999 999 999
3 129.5 95.216 4 4 1 0.52583 0 999 999 999 999 999 999 999 999 999
3 136.55 95.301 4 4 1 0.46196 0 999 999 999 999 999 999 999 999 999
3 81.446 94.493 1 1 1 1.4219 0 999 999 999 999 999 999 999 999 999
3 108.45 74.619 3 3 1 2.5098 0 999 999 999 999 999 999 999 999 999
3 122.33 103.47 4 4 1 1.086 0 999 999 999 999 999 999 999 999 999
3 90.988 115.4 2 1 0 3.7259 0 999 999 999 999 999 999 999 999 999
3 137.02 108.75 4 4 1 1.7895 0 999 999 999 999 999 999 999 999 999
3 76.401 97.217 1 1 1 1.182 0 999 999 999 999 999 999 999 999 999
3 51.438 101.79 1 1 1 0.8938 0 999 999 999 999 999 999 999 999 999
3 108.45 74.619 3 3 1 1.9818 0 999 999 999 999 999 999 999 999 999
3 100.31 107.99 2 2 1 1.326 0 999 999 999 999 999 999 999 999 999
3 66.984 111.11 1 1 1 0.82999 0 999 999 999 999 999 999 999 999 999
3 95.711 106.9 1 2 0 1.5337 0 999 999 999 999 999 999 999 999 999
3 121.8 98.541 4 4 1 3.0539 0 999 999 999 999 999 999 999 999 999
4 101.91 66.395 3 3 1 2.1045 0 999 999 999 999 999 999 999 999 999
4 103.03 138.52 2 2 1 0.99871 0 999 999 999 999 999 999 999 999 999
4 79.195 119.52 1 2 0 2.9419 0 999 999 999 999 999 999 999 999 999
4 108.67 125.95 2 4 0 0.78187 0 999 999 999 999 999 999 999 999 999
4 63.64 84.351 1 1 1 0.68596 0 999 999 999 999 999 999 999 999 999
4 107.5 142.37 2 2 1 0.9579 0 999 999 999 999 999 999 999 999 999
4 86.087 76.845 3 3 1 1.4059 0 999 999 999 999 999 999 999 999 999
4 70.959 100.23 1 3 0 0.60584 0 999 999 999 999 999 999 999 999 999
4 96.851 111.16 1 4 0 0.94197 0 999 999 999 999 999 999 999 999 999
4 86.087 76.845 3 3 1 0.73387 0 999 999 999 999 999 999 999 999 999
4 118.45 102.4 4 4 1 1.3739 0 999 999 999 999 999 999 999 999 999
4 126.28 110.05 4 4 1 0.44572 0 999 999 999 999 999 999 999 999 999
4 100.56 63.931 3 4 0 0.34985 0 999 999 999 999 999 999 999 999 999
4 111.12 97.825 4 4 1 1.1497 0 999 999 999 999 999 999 999 999 999
4 80.524 64.581 3 3 1 6.0778 0 999 999 999 999 999 999 999 999 999
4 126.28 110.05 4 4 1 0.90994 0 999 999 999 999 999 999 999 999 999
4 104.68 64.028 3 4 0 3.3899 0 999 999 999 999 999 999 999 999 999
4 88.909 67.976 3 3 1 0.6858 0 999 999 999 999 999 999 999 999 999
4 80.524 64.581 3 3 1 0.42991 0 999 999 999 999 999 999 999 999 999
4 119.94 76.65 3 3 1 1.6779 0 999 999 999 999 999 999 999 999 999
4 118.45 102.4 4 4 1 3.1019 0 999 999 999 999 999 999 999 999 999
4 103.03 138.52 2 2 1 1.0859 0 999 999 999 999 999 999 999 999 999
4 102.15 91.716 4 2 0 2.1259 0 999 999 999 999 999 999 999 999 999
4 149.85 95.248 4 4 1 1.0859 0 999 999 999 999 999 999 999 999 999
4 64.7 111.55 1 1 1 0.57386 0 999 999 999 999 999 999 999 999 999
4 124.5 113.66 4 4 1 3.4539 0 999 999 999 999 999 999 999 999 999
4 96.851 111.16 1 4 0 1.8058 0 999 999 999 999 999 999 999 999 999
4 64.7 111.55 1 1 1 0.5259 0 999 999 999 999 999 999 999 999 999
4 86.087 76.845 3 3 1 1.0538 0 999 999 999 999 999 999 999 999 999
4 136.64 105.16 4 4 1 3.7418 0 999 999 999 999 999 999 999 999 999
4 88.909 67.976 3 1 0 1.0053 0 999 999 999 999 999 999 999 999 999
4 86.087 76.845 3 3 1 0.55679 0 999 999 999 999 999 999 999 999 999
4 98.016 62.644 3 3 1 2.6858 0 999 999 999 999 999 999 999 999 999
4 119.94 76.65 3 4 0 1.374 0 999 999 999 999 999 999 999 999 999
4 63.64 84.351 1 3 0 0.47789 0 999 999 999 999 999 999 999 999 999
4 136.64 105.16 4 3 0 0.92595 0 999 999 999 999 999 999 999 999 999
4 149.85 95.248 4 4 1 0.39795 0 999 999 999 999 999 999 999 999 999
4 124.5 113.66 4 4 1 0.4619 0 999 999 999 999 999 999 999 999 999
4 124.5 113.66 4 4 1 0.33399 0 999 999 999 999 999 999 999 999 999
4 64.7 111.55 1 1 1 0.55787 0 999 999 999 999 999 999 999 999 999
4 98.016 62.644 3 3 1 0.97386 0 999 999 999 999 999 999 999 999 999
4 104.68 64.028 3 3 1 0.60586 0 999 999 999 999 999 999 999 999 999
4 126.28 110.05 4 4 1 0.46186 0 999 999 999 999 999 999 999 999 999
4 126.28 110.05 4 4 1 1.0859 0 999 999 999 999 999 999 999 999 999
4 95.479 69.134 3 3 1 1.0059 0 999 999 999 999 999 999 999 999 999
4 118.45 102.4 4 2 0 2.1099 0 999 999 999 999 999 999 999 999 999
4 100.41 141.27 2 2 1 0.86182 0 999 999 999 999 999 999 999 999 999
4 100.41 141.27 2 2 1 0.47788 0 999 999 999 999 999 999 999 999 999
4 108.67 125.95 2 2 1 0.94193 0 999 999 999 999 999 999 999 999 999
4 149.85 95.248 4 4 1 0.95787 0 999 999 999 999 999 999 999 999 999
5 39.473 102.73 1 1 1 1.127 0 999 999 999 999 999 999 999 999 999
5 103.42 60.788 3 4 0 1.5102 0 999 999 999 999 999 999 999 999 999
5 101.69 75.548 3 3 1 0.5739 0 999 999 999 999 999 999 999 999 999
5 88.157 82.627 3 3 1 0.71788 0 999 999 999 999 999 999 999 999 999
5 66.948 119.66 1 1 1 2.094 0 999 999 999 999 999 999 999 999 999
5 77.574 100.47 1 1 1 0.50978 0 999 999 999 999 999 999 999 999 999
5 136.7 91.561 4 4 1 1.086 0 999 999 999 999 999 999 999 999 999
5 95.503 77.257 3 3 1 1.8218 0 999 999 999 999 999 999 999 999 999
5 150.2 117.5 4 4 1 0.6698 0 999 999 999 999 999 999 999 999 999
5 94.46 91.335 3 3 1 0.52582 0 999 999 999 999 999 999 999 999 999
5 133.52 104.91 4 4 1 0.52594 0 999 999 999 999 999 999 999 999 999
5 66.948 119.66 1 1 1 1.1179 0 999 999 999 999 999 999 999 999 999
5 123.62 128.34 2 4 0 0.73393 0 999 999 999 999 999 999 999 999 999
5 74.074 97.48 1 1 1 0.66988 0 999 999 999 999 999 999 999 999 999
5 126.25 129.49 4 4 1 1.1499 0 999 999 999 999 999 999 999 999 999
5 109.42 75.35 3 3 1 1.5018 0 999 999 999 999 999 999 999 999 999
5 94.46 91.335 3 3 1 0.55785 0 999 999 999 999 999 999 999 999 999
5 77.996 110.36 2 3 0 0.78194 0 999 999 999 999 999 999 999 999 999
5 96.262 119.43 2 4 0 1.3419 0 999 999 999 999 999 999 999 999 999
5 133.99 102.89 4 4 1 0.66994 0 999 999 999 999 999 999 999 999 999
5 66.948 119.66 1 1 1 0.57382 0 999 999 999 999 999 999 999 999 999
5 39.473 102.73 1 1 1 0.63784 0 999 999 999 999 999 999 999 999 999
5 71 104.29 1 1 1 0.39788 0 999 999 999 999 999 999 999 999 999
5 83.244 75.458 3 1 0 0.52594 0 999 999 999 999 999 999 999 999 999
5 109.42 75.35 3 4 0 4.6219 0 999 999 999 999 999 999 999 999 999
5 91.934 137.38 2 2 1 0.76579 0 999 999 999 999 999 999 999 999 999
5 97.504 122.35 2 2 1 0.71793 0 999 999 999 999 999 999 999 999 999
5 150.2 117.5 4 4 1 0.65384 0 999 999 999 999 999 999 999 999 999
5 124.09 97.975 4 4 1 0.50991 0 999 999 999 999 999 999 999 999 999
5 94.46 91.335 3 3 1 9.3418 0 999 999 999 999 999 999 999 999 999
5 126.25 129.49 4 4 1 0.87794 0 999 999 999 999 999 999 999 999 999
5 83.244 75.458 3 3 1 0.74988 0 999 999 999 999 999 999 999 999 999
5 109.42 75.35 3 4 0 6.1419 0 999 999 999 999 999 999 999 999 999
5 91.934 137.38 2 2 1 0.78195 0 999 999 999 999 999 999 999 999 999
5 136.7 91.561 4 4 1 2.2058 0 999 999 999 999 999 999 999 999 999
5 69.682 102.1 1 1 1 0.62192 0 999 999 999 999 999 999 999 999 999
5 133.52 104.91 4 4 1 0.50986 0 999 999 999 999 999 999 999 999 999
5 71 104.29 1 1 1 0.65395 0 999 999 999 999 999 999 999 999 999
5 127.27 115.69 4 4 1 1.0059 0 999 999 999 999 999 999 999 999 999
5 68.797 85.89 1 1 1 0.55783 0 999 999 999 999 999 999 999 999 999
5 97.504 122.35 2 4 0 2.1259 0 999 999 999 999 999 999 999 999 999
5 123.62 128.34 2 4 0 5.4539 0 999 999 999 999 999 999 999 999 999
5 83.244 75.458 3 3 1 1.1338 0 999 999 999 999 999 999 999 999 999
5 96.262 119.43 2 3 0 0.73389 0 999 999 999 999 999 999 999 999 999
5 133.52 104.91 4 4 1 0.73381 0 999 999 999 999 999 999 999 999 999
5 69.682 102.1 1 1 1 0.65388 0 999 999 999 999 999 999 999 999 999
5 95.503 77.257 3 3 1 1.2137 0 999 999 999 999 999 999 999 999 999
5 68.797 85.89 1 3 0 1.4539 0 999 999 999 999 999 999 999 999 999
5 74.074 97.48 1 1 1 0.49394 0 999 999 999 999 999 999 999 999 999
5 133.52 104.91 4 4 1 0.60585 0 999 999 999 999 999 999 999 999 999
6 84.963 124.97 2 2 1 2.0725 0 999 999 999 999 999 999 999 999 999
6 114.07 137.63 2 4 0 1.2548 0 999 999 999 999 999 999 999 999 999
6 80.169 99.69 1 3 0 1.6619 0 999 999 999 999 999 999 999 999 999
6 131.82 86.174 4 4 1 0.82994 0 999 999 999 999 999 999 999 999 999
6 71.973 107.74 1 3 0 2.5898 0 999 999 999 999 999 999 999 999 999
6 103.57 129.79 2 4 0 0.98992 0 999 999 999 999 999 999 999 999 999
6 65.786 77.533 1 1 1 1.2299 0 999 999 999 999 999 999 999 999 999
6 69.854 97.29 1 1 1 0.46183 0 999 999 999 999 999 999 999 999 999
6 87.703 121.4 1 1 1 0.70193 0 999 999 999 999 999 999 999 999 999
6 94.481 132.19 2 2 1 1.5499 0 999 999 999 999 999 999 999 999 999
6 117.2 63.608 3 4 0 1.3579 0 999 999 999 999 999 999 999 999 999
6 127.81 112.93 4 4 1 0.81392 0 999 999 999 999 999 999 999 999 999
6 99.222 50.881 3 3 1 1.6298 0 999 999 999 999 999 999 999 999 999
6 94.894 80.539 3 3 1 1.0218 0 999 999 999 999 999 999 999 999 999
6 96.142 69.394 3 3 1 0.55796 0 999 999 999 999 999 999 999 999 999
6 143.47 100.7 4 4 1 0.73385 0 999 999 999 999 999 999 999 999 999
6 108.76 94.826 3 4 0 0.68578 0 999 999 999 999 999 999 999 999 999
6 80.169 99.69 1 3 0 1.0698 0 999 999 999 999 999 999 999 999 999
6 93.178 83.775 3 3 1 1.1498 0 999 999 999 999 999 999 999 999 999
6 118.59 129.25 2 4 0 2.9419 0 999 999 999 999 999 999 999 999 999
6 77.572 107.58 1 1 1 0.84585 0 999 999 999 999 999 999 999 999 999
6 121.04 121.92 2 4 0 0.70188 0 999 999 999 999 999 999 999 999 999
6 77.572 107.58 1 1 1 0.84594 0 999 999 999 999 999 999 999 999 999
6 99.229 121.71 2 4 0 0.78192 0 999 999 999 999 999 999 999 999 999
6 127.81 112.93 4 4 1 1.1179 0 999 999 999 999 999 999 999 999 999
6 71.973 107.74 1 1 1 0.71782 0 999 999 999 999 999 999 999 999 999
6 126.72 92.579 4 4 1 0.70192 0 999 999 999 999 999 999 999 999 999
6 127.81 112.93 4 4 1 0.71797 0 999 999 999 999 999 999 999 999 999
6 99.222 50.881 3 3 1 0.86184 0 999 999 999 999 999 999 999 999 999
6 136.19 99.714 4 4 1 0.70187 0 999 999 999 999 999 999 999 999 999
6 70.185 97.491 1 1 1 0.81387 0 999 999 999 999 999 999 999 999 999
6 88.576 116.05 2 3 0 0.73384 0 999 999 999 999 999 999 999 999 999
6 126.72 92.579 4 4 1 0.70193 0 999 999 999 999 999 999 999 999 999
6 99.222 50.881 3 3 1 4.8777 0 999 999 999 999 999 999 999 999 999
6 87.703 121.4 1 2 0 0.8299 0 999 999 999 999 999 999 999 999 999
6 136.19 99.714 4 4 1 0.95783 0 999 999 999 999 999 999 999 999 999
6 99.229 121.71 2 2 1 0.89395 0 999 999 999 999 999 999 999 999 999
6 99.229 121.71 2 2 1 0.65392 0 999 999 999 999 999 999 999 999 999
6 70.185 97.491 1 1 1 0.71797 0 999 999 999 999 999 999 999 999 999
6 84.963 124.97 2 2 1 0.73393 0 999 999 999 999 999 999 999 999 999
6 114.07 137.63 2 2 1 0.74999 0 999 999 999 999 999 999 999 999 999
6 108.76 94.826 3 2 0 0.63785 0 999 999 999 999 999 999 999 999 999
6 121.04 121.92 2 4 0 1.1979 0 999 999 999 999 999 999 999 999 999
6 94.481 132.19 2 2 1 0.44598 0 999 999 999 999 999 999 999 999 999
6 93.178 83.775 3 3 1 0.73393 0 999 999 999 999 999 999 999 999 999
6 84.963 124.97 2 2 1 0.44596 0 999 999 999 999 999 999 999 999 999
6 136.19 99.714 4 4 1 0.86194 0 999 999 999 999 999 999 999 999 999
6 77.572 107.58 1 2 0 1.3419 0 999 999 999 999 999 999 999 999 999
6 80.169 99.69 1 1 1 0.60582 0 999 999 999 999 999 999 999 999 999
6 126.72 92.579 4 4 1 0.74978 0 999 999 999 999 999 999 999 999 999
7 95.087 109.53 2 2 1 1.8643 0 999 999 999 999 999 999 999 999 999
7 85.261 114.75 1 2 0 0.46803 1 999 999 999 999 999 999 999 999 999
7 77.858 84.335 1 3 0 1.5972 1 999 999 999 999 999 999 999 999 999
7 74.84 86.468 1 3 0 0.55791 1 999 999 999 999 999 999 999 999 999
7 80.613 72.423 3 3 1 0.50981 1 999 999 999 999 999 999 999 999 999
7 69.509 97.498 1 1 1 0.41393 0 999 999 999 999 999 999 999 999 999
7 104.93 68.199 3 4 0 1.0218 1 999 999 999 999 999 999 999 999 999
7 99.04 129.73 2 2 1 0.78196 1 999 999 999 999 999 999 999 999 999
7 110.47 137.41 2 2 1 0.9578 1 999 999 999 999 999 999 999 999 999
7 99.777 133.48 2 2 1 0.58986 0 999 999 999 999 999 999 999 999 999
7 109.08 78.177 4 4 1 4.2538 0 999 999 999 999 999 999 999 999 999
7 136.68 101.2 4 4 1 0.73387 0 999 999 999 999 999 999 999 999 999
7 74.84 86.468 1 3 0 3.6298 1 999 999 999 999 999 999 999 999 999
7 79.913 102.45 1 2 0 1.7259 0 999 999 999 999 999 999 999 999 999
7 104.9 129.72 2 4 0 0.74981 0 999 999 999 999 999 999 999 999 999
7 114.9 93.55 4 4 1 0.57389 1 999 999 999 999 999 999 999 999 999
7 136.37 94.212 4 2 0 0.89387 1 999 999 999 999 999 999 999 999 999
7 136.37 94.212 4 4 1 0.79784 1 999 999 999 999 999 999 999 999 999
7 109.02 109.92 4 4 1 0.54186 1 999 999 999 999 999 999 999 999 999
7 104.9 129.72 2 2 1 0.49381 1 999 999 999 999 999 999 999 999 999
7 136.37 94.212 4 4 1 0.95786 0 999 999 999 999 999 999 999 999 999
7 73.609 88.377 1 1 1 1.1019 1 999 999 999 999 999 999 999 999 999
7 110.47 137.41 2 2 1 0.82983 1 999 999 999 999 999 999 999 999 999
7 111.32 65.784 3 4 0 1.1979 1 999 999 999 999 999 999 999 999 999
7 109.08 78.177 4 4 1 0.65387 0 999 999 999 999 999 999 999 999 999
7 77.858 84.335 1 1 1 1.7739 0 999 999 999 999 999 999 999 999 999
7 77.858 84.335 1 1 1 0.42986 1 999 999 999 999 999 999 999 999 999
7 74.84 86.468 1 1 1 0.4458 1 999 999 999 999 999 999 999 999 999
7 64.013 106.47 1 1 1 0.39777 1 999 999 999 999 999 999 999 999 999
7 87.689 69.579 3 3 1 1.2939 1 999 999 999 999 999 999 999 999 999
7 74.121 74.96 1 3 0 0.55782 1 999 999 999 999 999 999 999 999 999
7 109.02 109.92 4 4 1 0.63787 0 999 999 999 999 999 999 999 999 999
7 68.218 99.325 1 1 1 0.76594 1 999 999 999 999 999 999 999 999 999
7 111.32 65.784 3 4 0 0.62177 1 999 999 999 999 999 999 999 999 999
7 68.218 99.325 1 1 1 0.98982 0 999 999 999 999 999 999 999 999 999
7 136.37 94.212 4 4 1 0.52592 1 999 999 999 999 999 999 999 999 999
7 92.969 82.169 3 4 0 0.76597 1 999 999 999 999 999 999 999 999 999
7 111.85 127.5 2 2 1 0.70193 1 999 999 999 999 999 999 999 999 999
7 77.858 84.335 1 2 0 0.55779 1 999 999 999 999 999 999 999 999 999
7 90.921 64.001 3 4 0 0.90995 1 999 999 999 999 999 999 999 999 999
7 113.07 114.1 2 4 0 1.3579 1 999 999 999 999 999 999 999 999 999
7 92.969 82.169 3 3 1 0.49386 1 999 999 999 999 999 999 999 999 999
7 80.613 72.423 3 3 1 1.3418 1 999 999 999 999 999 999 999 999 999
7 74.84 86.468 1 1 1 0.82994 1 999 999 999 999 999 999 999 999 999
7 68.218 99.325 1 1 1 0.44574 1 999 999 999 999 999 999 999 999 999
7 90.921 64.001 3 3 1 1.4378 1 999 999 999 999 999 999 999 999 999
7 87.689 69.579 3 3 1 0.58986 1 999 999 999 999 999 999 999 999 999
7 73.609 88.377 1 3 0 0.62187 1 999 999 999 999 999 999 999 999 999
7 111.85 127.5 2 4 0 2.2379 1 999 999 999 999 999 999 999 999 999
7 113.07 114.1 2 4 0 0.73379 1 999 999 999 999 999 999 999 999 999
8 84.914 73.142 3 3 1 4.6964 0 999 999 999 999 999 999 999 999 999
8 143.86 110.85 4 4 1 0.72638 1 999 999 999 999 999 999 999 999 999
8 134.62 99.393 4 4 1 0.78183 0 999 999 999 999 999 999 999 999 999
8 110.89 62.352 3 3 1 1.1178 1 999 999 999 999 999 999 999 999 999
8 134.62 99.393 4 4 1 0.38189 1 999 999 999 999 999 999 999 999 999
8 89.205 128.24 2 2 1 1.1499 0 999 999 999 999 999 999 999 999 999
8 88.911 108.53 1 2 0 0.70179 1 999 999 999 999 999 999 999 999 999
8 72.976 98.415 1 1 1 0.9099 1 999 999 999 999 999 999 999 999 999
8 120.24 96.305 4 4 1 0.68599 1 999 999 999 999 999 999 999 999 999
8 134.62 99.393 4 4 1 0.5738 1 999 999 999 999 999 999 999 999 999
8 79.833 124.97 1 2 0 1.1818 1 999 999 999 999 999 999 999 999 999
8 114.68 133.79 2 2 1 0.50991 1 999 999 999 999 999 999 999 999 999
8 95.194 54.02 3 3 1 0.89392 0 999 999 999 999 999 999 999 999 999
8 122.82 107.25 4 4 1 0.58991 1 999 999 999 999 999 999 999 999 999
8 112.99 66.144 3 4 0 0.60597 0 999 999 999 999 999 999 999 999 999
8 73.932 105.32 1 1 1 0.52588 1 999 999 999 999 999 999 999 999 999
8 85.629 123.83 2 2 1 0.78188 1 999 999 999 999 999 999 999 999 999
8 99.532 125.3 2 2 1 0.73383 1 999 999 999 999 999 999 999 999 999
8 119.21 93.888 4 4 1 1.3098 1 999 999 999 999 999 999 999 999 999
8 89.896 124.27 2 2 1 1.1658 0 999 999 999 999 999 999 999 999 999
8 122.82 107.25 4 4 1 0.73384 1 999 999 999 999 999 999 999 999 999
8 76.533 106.7 1 1 1 0.82984 1 999 999 999 999 999 999 999 999 999
8 84.914 73.142 3 3 1 0.92589 1 999 999 999 999 999 999 999 999 999
8 79.833 124.97 1 2 0 0.70188 1 999 999 999 999 999 999 999 999 999
8 79.833 124.97 1 3 0 0.46172 1 999 999 999 999 999 999 999 999 999
8 125.36 99.186 4 4 1 0.5739 0 999 999 999 999 999 999 999 999 999
8 76.533 106.7 1 1 1 0.81379 1 999 999 999 999 999 999 999 999 999
8 101.9 79.516 3 3 1 2.7658 1 999 999 999 999 999 999 999 999 999
8 107.76 97.095 4 4 1 3.1339 1 999 999 999 999 999 999 999 999 999
8 76.533 106.7 1 1 1 0.94176 1 999 999 999 999 999 999 999 999 999
8 58.328 98.786 1 1 1 0.70186 1 999 999 999 999 999 999 999 999 999
8 89.896 124.27 2 2 1 0.8138 1 999 999 999 999 999 999 999 999 999
8 89.896 124.27 2 2 1 0.42985 1 999 999 999 999 999 999 999 999 999
8 119.21 93.888 4 4 1 0.82995 1 999 999 999 999 999 999 999 999 999
8 123.18 99.77 4 4 1 0.44582 1 999 999 999 999 999 999 999 999 999
8 110.89 62.352 3 3 1 0.86173 1 999 999 999 999 999 999 999 999 999
8 73.932 105.32 1 2 0 1.1499 1 999 999 999 999 999 999 999 999 999
8 99.532 125.3 2 2 1 0.41389 0 999 999 999 999 999 999 999 999 999
8 118.28 117.65 2 4 0 0.57389 1 999 999 999 999 999 999 999 999 999
8 85.629 123.83 2 2 1 0.60587 0 999 999 999 999 999 999 999 999 999
8 118.28 117.65 2 4 0 0.5259 0 999 999 999 999 999 999 999 999 999
8 95.194 54.02 3 3 1 0.65363 0 999 999 999 999 999 999 999 999 999
8 95.194 54.02 3 3 1 0.38193 1 999 999 999 999 999 999 999 999 999
8 76.533 106.7 1 1 1 0.5898 1 999 999 999 999 999 999 999 999 999
8 114.68 133.79 2 4 0 0.60594 1 999 999 999 999 999 999 999 999 999
8 59.37 91.564 1 1 1 0.49383 1 999 999 999 999 999 999 999 999 999
8 59.37 91.564 1 1 1 0.63795 1 999 999 999 999 999 999 999 999 999
8 101.9 79.516 3 4 0 0.68589 0 999 999 999 999 999 999 999 999 999
8 118.28 117.65 2 4 0 0.71785 1 999 999 999 999 999 999 999 999 999
8 123.18 99.77 4 4 1 0.74997 1 999 999 999 999 999 999 999 999 999
9 89.613 80.825 3 3 1 14.3 1 5 7 2 1 0 1 0 0 14.3
9 98.018 74.791 3 3 1 2.016 0 2 6 2 1 0 1 1 1 2.016
9 79.562 81.111 3 3 1 1.696 1 7 5 1 2 1 1 1 1 1.696
9 91.876 106.37 1 2 0 1.6319 1 7 3 1 2 1 1 1 1 1.6319
9 64.365 107.51 1 1 1 1.5519 1 5 6 2 1 0 1 0 0 1.5519
9 114.94 128.23 2 4 0 1.6799 1 7 2 2 1 0 0 0 1 1.6799
9 134.65 90.883 4 4 1 1.392 1 4 9 2 1 1 0 0 1 1.392
9 131.92 131.47 4 4 1 1.1839 1 9 2 1 2 0 0 0 1 1.1839
9 98.018 74.791 3 1 0 1.7279 0 3 8 2 1 1 0 0 1 1.7279
9 107.32 110.7 2 2 1 1.1999 1 2 9 2 1 0 1 1 1 1.1999
9 87.314 79.509 3 3 1 0.81605 1 9 2 1 2 1 1 1 1 0.81605
9 59.669 103.6 1 1 1 1.248 1 2 8 2 1 0 1 1 1 1.248
9 103.34 146.08 2 4 0 1.4879 1 8 3 1 2 1 1 1 1 1.4879
9 87.314 79.509 3 3 1 0.86395 1 3 7 2 1 1 0 0 1 0.86395
9 104.89 126.84 2 4 0 1.12 0 9 4 1 2 0 0 0 1 1.12
9 62.668 90.771 1 1 1 1.4399 1 8 3 1 2 0 0 0 1 1.4399
9 80.038 111.24 1 2 0 0.94385 1 5 7 2 1 0 1 1 1 0.94385
9 143.61 118.31 4 4 1 0.81596 1 4 7 2 1 0 1 1 1 0.81596
9 90.796 73.195 3 3 1 0.65596 1 6 3 1 2 0 0 0 1 0.65596
9 143.61 118.31 4 4 1 0.83183 0 8 5 1 2 1 1 1 1 0.83183
9 62.668 90.771 1 1 1 0.75191 0 7 2 2 1 1 0 0 1 0.75191
9 103.78 128.04 2 4 0 1.0398 1 8 2 2 1 1 0 0 1 1.0398
9 59.669 103.6 1 1 1 0.9919 1 8 5 1 2 0 0 0 1 0.9919
9 131.92 131.47 4 4 1 0.73595 1 7 4 1 2 1 1 1 1 0.73595
9 100.12 118.43 2 2 1 0.76795 1 3 9 2 1 1 0 0 1 0.76795
9 62.668 90.771 1 1 1 0.86392 1 9 2 1 2 0 0 0 1 0.86392
9 81.79 129.49 2 2 1 0.63995 0 2 8 1 2 0 1 1 1 0.63995
9 91.876 106.37 1 2 0 0.6879 1 5 9 2 1 0 1 1 1 0.6879
9 49.067 96.275 1 1 1 1.5359 1 9 2 1 2 1 1 1 1 1.5359
9 136.74 105.37 4 4 1 0.87983 0 5 6 2 1 1 0 0 1 0.87983
9 107.32 110.7 2 3 0 0.7839 1 2 9 1 2 0 1 1 1 0.7839
9 100.12 118.43 2 2 1 0.7038 1 4 9 1 2 1 1 1 1 0.7038
9 62.668 90.771 1 1 1 0.73585 0 4 7 2 1 0 1 1 1 0.73585
9 91.876 106.37 1 2 0 1.4239 0 5 7 2 1 1 0 0 1 1.4239
9 136.74 105.37 4 4 1 1.696 1 5 7 2 1 1 0 0 1 1.696
9 143.61 118.31 4 4 1 0.86384 1 3 8 2 1 1 0 0 1 0.86384
9 98.018 74.791 3 3 1 0.92798 1 9 5 1 2 1 1 1 1 0.92798
9 59.669 103.6 1 1 1 1.136 1 4 7 2 1 1 0 0 1 1.136
9 103.78 128.04 2 2 1 0.94384 1 5 6 2 1 0 1 1 1 0.94384
9 90.796 73.195 3 3 1 0.73589 1 7 3 1 2 0 0 0 1 0.73589
9 107.32 110.7 2 2 1 0.70378 1 3 6 2 1 0 1 1 1 0.70378
9 107.32 110.7 2 4 0 0.76797 0 8 5 1 2 0 0 0 1 0.76797
9 81.79 129.49 2 2 1 0.75184 1 9 5 1 2 0 0 0 1 0.75184
9 64.365 107.51 1 3 0 0.87979 1 2 6 1 2 0 1 1 1 0.87979
9 87.314 79.509 3 3 1 1.1199 0 7 3 1 2 1 1 1 1 1.1199
9 136.74 105.37 4 4 1 0.91189 1 6 2 1 2 0 0 0 1 0.91189
9 87.314 79.509 3 3 1 0.78391 1 9 5 1 2 1 1 1 1 0.78391
9 49.067 96.275 1 1 1 1.5199 1 4 6 2 1 1 0 0 1 1.5199
9 136.74 105.37 4 4 1 0.84812 1 6 2 1 2 1 1 1 1 0.84812
9 103.34 146.08 2 2 1 0.92791 0 8 4 2 1 1 0 0 1 0.92791
10 76.309 103.95 1 3 0 0.73586 0 4 9 2 1 1 0 0 1 0.73586
10 120.28 122.01 2 4 0 0.75188 1 9 2 1 2 1 1 1 1 0.75188
10 98.179 71.17 3 3 1 0.65573 1 5 9 1 2 1 1 1 1 0.65573
10 105.67 119 2 2 1 0.84795 1 2 8 2 1 1 0 0 1 0.84795
10 98.642 75.564 3 3 1 1.9359 1 8 4 1 2 1 1 1 1 1.9359
10 103.61 78.622 3 1 0 0.86385 1 9 4 1 2 0 0 0 1 0.86385
10 93.601 131.14 2 2 1 1.248 1 9 3 2 1 0 0 0 1 1.248
10 71.812 106.16 1 3 0 0.63996 1 8 4 1 2 1 1 1 1 0.63996
10 87.638 98.916 1 3 0 0.67187 1 2 7 2 1 0 1 1 1 0.67187
10 106.79 77.578 3 4 0 0.65585 1 6 3 1 2 1 1 1 1 0.65585
10 116.75 102.53 4 4 1 0.78384 1 6 4 1 2 1 1 1 1 0.78384
10 130.3 112.93 4 4 1 0.86394 0 2 9 1 2 1 1 1 1 0.86394
10 86.198 146.43 2 2 1 1.1999 1 8 3 1 2 0 0 0 1 1.1999
10 93.953 114.32 2 3 0 0.84792 1 8 4 1 2 0 0 0 1 0.84792
10 100.29 71.596 3 3 1 0.91192 1 8 3 1 2 0 0 0 1 0.91192
10 120.28 122.01 2 4 0 1.1039 1 2 9 2 1 1 0 0 1 1.1039
10 94.904 154.71 2 2 1 1.0399 0 9 2 1 2 0 0 0 1 1.0399
10 101.9 70.961 3 3 1 0.83198 1 5 7 2 1 0 1 1 1 0.83198
10 135.92 110.07 4 4 1 0.592 0 9 2 1 2 1 1 1 1 0.592
10 142.53 109.65 4 4 1 0.97599 1 5 6 2 1 1 0 0 1 0.97599
10 87.638 98.916 1 2 0 0.55995 1 5 9 2 1 1 0 1 0 0.55995
10 107.7 81.911 3 3 1 1.008 0 3 8 2 1 0 1 1 1 1.008
10 116.75 102.53 4 4 1 0.78395 1 3 6 2 1 1 0 0 1 0.78395
10 71.068 105.17 1 1 1 1.1358 1 5 6 2 1 1 0 0 1 1.1358
10 93.937 74.907 3 4 0 1.008 1 8 3 1 2 1 1 1 1 1.008
10 105.67 119 2 4 0 0.87978 1 2 8 2 1 1 0 0 1 0.87978
10 120.12 81.538 4 4 1 1.1359 1 6 3 1 2 1 1 1 1 1.1359
10 101.9 70.961 3 3 1 0.68787 1 9 4 2 1 0 0 0 1 0.68787
10 130.3 112.93 4 4 1 0.83182 1 8 4 1 2 1 1 1 1 0.83182
10 94.161 140.58 2 2 1 0.68789 1 8 2 1 2 0 0 0 1 0.68789
10 116.75 102.53 4 4 1 0.73593 1 6 4 1 2 0 0 0 1 0.73593
10 73.17 109.31 1 1 1 0.71994 0 5 8 1 2 0 1 1 1 0.71994
10 120.12 81.538 4 4 1 0.60795 1 3 8 2 1 0 1 1 1 0.60795
10 105.67 119 2 2 1 0.89595 1 2 6 2 1 1 0 0 1 0.89595
10 71.812 106.16 1 1 1 0.55986 0 7 5 1 2 1 1 1 1 0.55986
10 71.068 105.17 1 1 1 0.73596 1 3 8 2 1 0 1 1 1 0.73596
10 71.068 105.17 1 1 1 0.81593 1 2 8 1 2 1 1 1 1 0.81593
10 71.812 106.16 1 3 0 0.62398 1 7 5 2 1 0 0 0 1 0.62398
10 100.29 71.596 3 4 0 0.78387 1 9 2 1 2 0 0 0 1 0.78387
10 71.812 106.16 1 2 0 0.67197 1 4 9 2 1 1 0 0 1 0.67197
10 124.87 106.39 4 4 1 0.59201 0 4 9 2 1 1 0 0 1 0.59201
10 73.17 109.31 1 1 1 0.67192 0 3 8 2 1 0 1 1 1 0.67192
10 93.937 74.907 3 3 1 1.0398 1 8 2 1 2 0 0 0 1 1.0398
10 130.3 112.93 4 4 1 0.7039 0 2 9 1 2 1 1 1 1 0.7039
10 101.9 70.961 3 3 1 1.5519 1 9 3 1 2 0 0 0 1 1.5519
10 120.12 81.538 4 4 1 2.0959 0 9 3 1 2 0 0 0 1 2.0959
10 94.161 140.58 2 2 1 0.79994 1 3 6 2 1 0 1 1 1 0.79994
10 142.53 109.65 4 4 1 0.84786 0 3 8 2 1 0 1 1 1 0.84786
10 86.198 146.43 2 2 1 0.86395 1 6 4 1 2 0 0 0 1 0.86395
10 124.87 106.39 4 4 1 0.46395 1 4 8 2 1 0 1 1 1 0.46395
11 108.87 123.13 4 4 1 1.3278 1 4 7 1 2 1 1 0 0 1.3278
11 75.862 92.921 1 1 1 0.6559 1 7 2 2 1 1 0 0 1 0.6559
11 131.37 83.272 4 4 1 0.91196 1 3 6 1 2 1 1 1 1 0.91196
11 139.65 101.61 4 4 1 0.68785 1 6 2 1 2 0 0 0 1 0.68785
11 87.952 116.53 1 2 0 0.688 1 9 5 1 2 0 0 0 1 0.688
11 58.379 95.878 1 1 1 0.38389 1 9 3 1 2 1 1 1 1 0.38389
11 108.83 79.112 3 4 0 0.55988 1 4 7 2 1 0 1 1 1 0.55988
11 61.901 103.19 1 1 1 1.1039 1 3 8 2 1 1 0 0 1 1.1039
11 93.356 134.52 2 2 1 0.95992 1 4 6 2 1 0 1 1 1 0.95992
11 105.22 129.19 2 2 1 0.47996 1 4 7 2 1 0 1 1 1 0.47996
11 110.47 64.8 3 3 1 0.62388 1 9 4 1 2 0 0 0 1 0.62388
11 108.73 129.03 2 2 1 1.1998 1 7 2 1 2 1 1 1 1 1.1998
11 107.42 61.526 3 3 1 1.392 0 4 6 2 1 1 0 0 1 1.392
11 111.85 99.471 4 2 0 0.83184 1 6 4 1 2 0 0 0 1 0.83184
11 131.21 97.41 4 4 1 0.68791 0 2 7 2 1 0 1 1 1 0.68791
11 116.82 80.253 3 4 0 0.97593 1 5 8 1 2 1 1 0 0 0.97593
11 70.798 110.52 1 1 1 0.63992 0 2 7 2 1 0 1 1 1 0.63992
11 129.27 93.662 4 4 1 0.92796 1 6 5 1 2 1 1 1 1 0.92796
11 113.92 146.03 2 2 1 0.91189 1 9 3 1 2 1 1 1 1 0.91189
11 95.81 74.101 3 3 1 0.62401 1 2 9 2 1 0 1 1 1 0.62401
11 58.433 99.646 1 1 1 1.0079 1 5 7 2 1 1 0 0 1 1.0079
11 123.55 94.302 4 4 1 0.76794 0 4 8 2 1 1 0 0 1 0.76794
11 111.85 99.471 4 4 1 0.71982 0 9 2 1 2 0 0 0 1 0.71982
11 78.076 95.854 1 2 0 0.67188 1 2 9 2 1 1 0 0 1 0.67188
11 95.636 128.67 2 2 1 0.6718 0 2 8 2 1 0 1 1 1 0.6718
11 87.952 116.53 1 2 0 0.6399 0 9 4 2 1 1 0 0 1 0.6399
11 93.356 134.52 2 2 1 0.72003 1 8 4 1 2 0 0 0 1 0.72003
11 108.73 129.03 2 2 1 0.63975 1 7 5 1 2 1 1 1 1 0.63975
11 108.73 129.03 2 2 1 0.59191 0 9 3 2 1 0 0 0 1 0.59191
11 98.021 134.84 2 2 1 0.81593 1 7 5 1 2 0 0 0 1 0.81593
11 131.21 97.41 4 4 1 0.71979 1 7 2 1 2 0 0 0 1 0.71979
11 55.679 90.463 1 1 1 0.89572 1 7 5 2 1 1 0 0 1 0.89572
11 75.862 92.921 1 1 1 1.8238 1 5 6 2 1 0 1 1 1 1.8238
11 75.862 92.921 1 3 0 0.83189 1 7 4 1 2 0 0 0 1 0.83189
11 95.636 128.67 2 2 1 0.79993 0 5 8 1 2 1 1 1 1 0.79993
11 75.862 92.921 1 1 1 0.83193 1 6 2 1 2 1 1 1 1 0.83193
11 58.379 95.878 1 1 1 0.54388 1 4 8 2 1 0 1 1 1 0.54388
11 61.901 103.19 1 1 1 0.83187 1 8 2 1 2 1 1 1 1 0.83187
11 93.356 134.52 2 2 1 0.99188 0 6 2 1 2 1 1 1 1 0.99188
11 116.82 80.253 3 4 0 0.47983 1 4 8 2 1 1 0 0 1 0.47983
11 129.27 93.662 4 4 1 0.59192 1 4 8 2 1 1 0 0 1 0.59192
11 58.379 95.878 1 1 1 0.76787 0 7 5 1 2 1 1 1 1 0.76787
11 95.81 74.101 3 3 1 0.97607 1 3 7 2 1 1 0 0 1 0.97607
11 98.021 134.84 2 2 1 0.70396 1 4 8 2 1 0 1 1 1 0.70396
11 108.83 79.112 3 3 1 0.48 1 5 6 2 1 0 1 1 1 0.48
11 108.87 123.13 4 2 0 0.60787 1 7 4 1 2 0 0 1 0 0.60787
11 95.81 74.101 3 3 1 1.1679 1 8 4 1 2 0 0 0 1 1.1679
11 78.076 95.854 1 1 1 0.76786 1 8 3 1 2 1 1 1 1 0.76786
11 116.82 80.253 3 4 0 0.75189 0 3 9 2 1 0 1 1 1 0.75189
11 108.83 79.112 3 4 0 0.55987 1 2 7 2 1 0 1 1 1 0.55987
12 93.03 137.2 2 2 1 0.94385 1 4 8 2 1 1 0 0 1 0.94385
12 67.46 77.371 1 1 1 0.52795 0 2 9 1 2 0 1 1 1 0.52795
12 65.882 101.41 1 1 1 0.73597 1 5 8 2 1 0 1 1 1 0.73597
12 123.59 93.131 4 4 1 0.81586 1 5 6 2 1 1 0 0 1 0.81586
12 86.379 85.795 1 3 0 0.752 1 5 9 2 1 1 0 0 1 0.752
12 114.54 61.389 3 4 0 0.8639 1 9 5 1 2 1 1 1 1 0.8639
12 81.98 81.853 1 3 0 0.89584 1 2 8 2 1 1 0 0 1 0.89584
12 104.76 57.815 3 3 1 1.216 0 9 5 1 2 0 0 1 0 1.216
12 96.492 71.13 3 3 1 1.056 1 8 3 1 2 0 0 0 1 1.056
12 79.951 127.39 2 2 1 1.0079 1 9 2 1 2 1 1 1 1 1.0079
12 101.7 73.783 3 3 1 0.43195 0 2 8 2 1 0 1 1 1 0.43195
12 67.46 77.371 1 1 1 0.63987 0 2 8 2 1 0 1 1 1 0.63987
12 101.7 73.783 3 3 1 0.81592 1 7 4 1 2 1 1 1 1 0.81592
12 65.58 70.699 1 1 1 0.65585 0 3 9 2 1 1 0 0 1 0.65585
12 116.71 107.19 4 4 1 0.99187 0 5 8 2 1 1 0 0 1 0.99187
12 114.54 61.389 3 4 0 0.7999 1 7 3 1 2 1 1 1 1 0.7999
12 93.03 137.2 2 2 1 0.97578 1 9 4 1 2 0 0 0 1 0.97578
12 67.46 77.371 1 1 1 0.92798 1 4 9 2 1 0 1 1 1 0.92798
12 124.18 122.03 4 4 1 0.6559 1 2 8 2 1 0 1 1 1 0.6559
12 65.58 70.699 1 1 1 2.2079 1 5 8 2 1 1 0 0 1 2.2079
12 93.03 137.2 2 2 1 0.7679 1 2 8 2 1 0 1 1 1 0.7679
12 93.391 73.16 3 3 1 1.3438 1 7 4 1 2 0 0 0 1 1.3438
12 113.65 134.84 2 2 1 1.0239 1 5 9 2 1 0 1 1 1 1.0239
12 104.76 57.815 3 3 1 0.65583 1 6 4 1 2 1 1 1 1 0.65583
12 107.72 121.21 2 2 1 0.79994 1 8 5 1 2 0 0 0 1 0.79994
12 112.26 64.568 3 3 1 0.71989 0 8 4 1 2 0 0 0 1 0.71989
12 143.65 100.78 4 4 1 0.71993 1 5 6 2 1 1 0 0 1 0.71993
12 113.65 134.84 2 2 1 0.62407 1 3 8 1 2 0 1 1 1 0.62407
12 63.482 95.296 1 1 1 0.79984 1 9 3 1 2 0 0 0 1 0.79984
12 122.11 100.05 4 4 1 1.1839 1 7 4 2 1 1 0 1 0 1.1839
12 79.951 127.39 2 2 1 0.94381 1 6 2 1 2 1 1 1 1 0.94381
12 70.559 108.26 1 1 1 0.76799 1 8 3 1 2 0 0 0 1 0.76799
12 104.76 57.815 3 3 1 0.89598 1 6 5 1 2 0 0 0 1 0.89598
12 122.11 100.05 4 4 1 0.73593 1 8 5 1 2 1 1 1 1 0.73593
12 93.391 73.16 3 3 1 1.1359 1 2 8 2 1 1 0 0 1 1.1359
12 65.58 70.699 1 1 1 0.65592 0 9 3 2 1 0 0 0 1 0.65592
12 81.98 81.853 1 1 1 0.95989 1 8 2 2 1 1 0 0 1 0.95989
12 93.03 137.2 2 2 1 0.57587 0 6 5 2 1 1 0 0 1 0.57587
12 63.482 95.296 1 1 1 0.71988 1 3 7 2 1 0 1 1 1 0.71988
12 113.65 134.84 2 4 0 0.92789 1 3 8 2 1 0 1 1 1 0.92789
12 93.391 73.16 3 3 1 1.408 1 9 5 1 2 1 1 0 0 1.408
12 124.18 122.03 4 4 1 1.9999 1 4 8 2 1 1 0 0 1 1.9999
12 81.98 81.853 1 1 1 0.46389 0 8 2 2 1 1 0 0 1 0.46389
12 70.559 108.26 1 1 1 0.79993 0 5 6 2 1 0 1 1 1 0.79993
12 114.54 61.389 3 4 0 0.7039 1 9 3 1 2 0 0 0 1 0.7039
12 101.7 73.783 3 3 1 0.72001 1 8 5 1 2 1 1 1 1 0.72001
12 79.951 127.39 2 1 0 0.5119 0 4 8 2 1 0 1 1 1 0.5119
12 114.54 61.389 3 3 1 0.72008 1 5 6 2 1 0 1 1 1 0.72008
12 63.482 95.296 1 1 1 1.888 1 5 7 1 2 1 1 1 1 1.888
12 122.11 100.05 4 4 1 0.84793 1 6 2 1 2 1 1 1 1 0.84793
13 146.64 107.93 4 4 1 0.5598 1 8 4 1 2 1 1 1 1 0.5598
13 102.79 141.28 2 2 1 0.68785 1 4 6 1 2 0 1 1 1 0.68785
13 101.16 138.82 2 2 1 13.44 1 7 2 1 2 0 0 0 1 13.44
13 92.622 122.85 2 2 1 0.92784 1 2 7 2 1 1 0 0 1 0.92784
13 68.59 86.306 1 1 1 1.2 1 5 7 2 1 1 0 0 1 1.2
13 102.34 113.27 2 2 1 0.76797 1 6 5 1 2 0 0 0 1 0.76797
13 77.33 91.165 1 1 1 0.63994 1 7 3 1 2 1 1 1 1 0.63994
13 127.58 109.16 4 4 1 0.75182 1 8 3 1 2 0 0 0 1 0.75182
13 88.072 65.829 3 3 1 0.46394 0 8 3 1 2 1 1 1 1 0.46394
13 77.33 91.165 1 3 0 0.79989 1 2 8 2 1 1 0 0 1 0.79989
13 79.921 110.41 1 3 0 0.62389 1 6 5 1 2 0 0 1 0 0.62389
13 107.27 74.325 3 3 1 1.0559 0 4 6 2 1 0 1 1 1 1.0559
13 100.29 73.328 3 3 1 1.056 1 9 5 2 1 1 0 0 1 1.056
13 135.33 104.74 4 4 1 1.2479 1 9 4 1 2 0 0 0 1 1.2479
13 103.06 88.531 3 4 0 0.57582 1 6 3 1 2 0 0 0 1 0.57582
13 98.221 77.844 3 4 0 0.68797 0 7 2 1 2 1 1 1 1 0.68797
13 127.58 109.16 4 4 1 0.73604 0 3 6 2 1 1 0 1 0 0.73604
13 104.56 50.535 3 3 1 0.79993 1 4 7 2 1 0 1 1 1 0.79993
13 132.99 91.673 4 4 1 0.60788 1 4 8 2 1 0 1 1 1 0.60788
13 103.65 80.981 3 3 1 0.51192 0 5 9 2 1 1 0 0 1 0.51192
13 120.98 100.19 4 4 1 1.1198 0 5 9 2 1 0 1 1 1 1.1198
13 92.622 122.85 2 1 0 1.264 1 9 5 1 2 1 1 0 0 1.264
13 96.667 55.479 3 3 1 0.68793 0 5 6 2 1 1 0 0 1 0.68793
13 103.65 80.981 3 3 1 0.65596 1 6 3 1 2 1 1 1 1 0.65596
13 56.58 114.88 1 1 1 0.49586 0 3 9 2 1 0 1 1 1 0.49586
13 56.58 114.88 1 1 1 0.54389 1 5 7 2 1 1 0 0 1 0.54389
13 104.56 50.535 3 3 1 0.84795 1 5 6 2 1 1 0 0 1 0.84795
13 65.272 96.766 1 1 1 0.65591 1 6 4 1 2 0 0 0 1 0.65591
13 103.65 80.981 3 3 1 0.57591 1 9 2 1 2 0 0 0 1 0.57591
13 127.58 109.16 4 4 1 0.65597 0 5 8 1 2 1 1 1 1 0.65597
13 101.42 85.011 3 3 1 0.46385 1 3 7 2 1 1 0 0 1 0.46385
13 100.29 73.328 3 4 0 1.0078 1 3 8 2 1 1 0 1 0 1.0078
13 98.221 77.844 3 3 1 0.71992 1 9 5 2 1 0 0 0 1 0.71992
13 79.921 110.41 1 3 0 0.51192 1 2 7 2 1 1 0 1 0 0.51192
13 63.9 108.9 1 3 0 0.57581 1 8 3 2 1 0 0 0 1 0.57581
13 103.06 88.531 3 3 1 0.704 1 7 3 1 2 0 0 0 1 0.704
13 79.921 110.41 1 3 0 0.7199 1 8 3 1 2 1 1 1 1 0.7199
13 136.69 92.918 4 4 1 0.79992 1 4 9 1 2 0 1 1 1 0.79992
13 87.361 67.776 3 3 1 1.008 1 3 8 2 1 0 1 1 1 1.008
13 65.272 96.766 1 1 1 0.76789 1 9 5 1 2 0 0 0 1 0.76789
13 69.114 102.65 1 3 0 0.78397 1 4 9 2 1 1 0 0 1 0.78397
13 120.98 100.19 4 4 1 2.1119 1 8 4 1 2 0 0 0 1 2.1119
13 102.34 113.27 2 2 1 0.688 1 6 5 1 2 1 1 1 1 0.688
13 101.16 138.82 2 2 1 0.99191 1 8 2 1 2 0 0 0 1 0.99191
13 136.69 92.918 4 4 1 0.84799 0 2 9 2 1 0 1 1 1 0.84799
13 101.42 85.011 3 3 1 0.70382 1 5 6 2 1 0 1 1 1 0.70382
13 104.56 50.535 3 3 1 0.52786 0 3 7 1 2 1 1 1 1 0.52786
13 69.114 102.65 1 1 1 0.55984 1 6 3 1 2 1 1 1 1 0.55984
13 56.58 114.88 1 1 1 0.62379 1 6 4 2 1 1 0 0 1 0.62379
13 135.33 104.74 4 4 1 0.86397 0 5 8 2 1 0 1 1 1 0.86397
14 122.08 105.03 4 4 1 2.4566 0 999 999 999 999 999 999 999 999 999
14 84.233 133.45 2 2 1 1.4468 1 999 999 999 999 999 999 999 999 999
14 97.858 116.25 2 2 1 0.95777 0 999 999 999 999 999 999 999 999 999
14 137.4 79.395 4 4 1 1.5818 1 999 999 999 999 999 999 999 999 999
14 72.087 91.851 1 1 1 1.8218 1 999 999 999 999 999 999 999 999 999
14 137.08 91.02 4 4 1 1.3256 1 999 999 999 999 999 999 999 999 999
14 108.91 72.591 3 3 1 1.9658 1 999 999 999 999 999 999 999 999 999
14 137.4 79.395 4 4 1 0.90986 1 999 999 999 999 999 999 999 999 999
14 123.59 68.6 3 4 0 1.2938 0 999 999 999 999 999 999 999 999 999
14 96.006 70.835 3 1 0 1.9979 0 999 999 999 999 999 999 999 999 999
14 138.79 106.13 4 4 1 0.68585 1 999 999 999 999 999 999 999 999 999
14 100.19 121.06 2 2 1 1.2778 1 999 999 999 999 999 999 999 999 999
14 122.08 105.03 4 4 1 0.66986 1 999 999 999 999 999 999 999 999 999
14 101.59 129.76 2 2 1 0.7498 1 999 999 999 999 999 999 999 999 999
14 89.956 65.457 3 3 1 2.3179 1 999 999 999 999 999 999 999 999 999
14 104.87 131.59 2 2 1 0.6698 1 999 999 999 999 999 999 999 999 999
14 89.956 65.457 3 3 1 0.57306 1 999 999 999 999 999 999 999 999 999
14 141.16 113.37 4 4 1 0.58984 1 999 999 999 999 999 999 999 999 999
14 101.59 129.76 2 2 1 0.66976 1 999 999 999 999 999 999 999 999 999
14 85.173 104.28 1 1 1 1.6459 1 999 999 999 999 999 999 999 999 999
14 141.16 113.37 4 4 1 0.52581 1 999 999 999 999 999 999 999 999 999
14 137.08 91.02 4 4 1 0.44584 1 999 999 999 999 999 999 999 999 999
14 90.661 143.25 2 2 1 0.63779 1 999 999 999 999 999 999 999 999 999
14 84.064 99.987 1 1 1 2.4298 1 999 999 999 999 999 999 999 999 999
14 138.79 106.13 4 4 1 0.49389 0 999 999 999 999 999 999 999 999 999
14 123.59 68.6 3 4 0 2.4458 1 999 999 999 999 999 999 999 999 999
14 72.087 91.851 1 1 1 0.78189 0 999 999 999 999 999 999 999 999 999
14 63.689 107.37 1 1 1 0.60593 1 999 999 999 999 999 999 999 999 999
14 122.08 105.03 4 4 1 0.57399 1 999 999 999 999 999 999 999 999 999
14 73.33 111.46 1 1 1 0.62198 1 999 999 999 999 999 999 999 999 999
14 103.35 70.212 3 3 1 0.49381 1 999 999 999 999 999 999 999 999 999
14 84.233 133.45 2 2 1 0.71794 1 999 999 999 999 999 999 999 999 999
14 104.24 116.09 2 2 1 0.46181 1 999 999 999 999 999 999 999 999 999
14 84.064 99.987 1 2 0 0.47769 1 999 999 999 999 999 999 999 999 999
14 74.093 90.416 1 1 1 0.60582 0 999 999 999 999 999 999 999 999 999
14 137.4 79.395 4 4 1 0.50996 1 999 999 999 999 999 999 999 999 999
14 104.24 116.09 2 2 1 2.1099 1 999 999 999 999 999 999 999 999 999
14 63.689 107.37 1 1 1 0.65382 0 999 999 999 999 999 999 999 999 999
14 80.145 103.13 1 1 1 0.47784 0 999 999 999 999 999 999 999 999 999
14 103.35 70.212 3 3 1 0.89377 1 999 999 999 999 999 999 999 999 999
14 122.05 107.17 4 4 1 0.60588 1 999 999 999 999 999 999 999 999 999
14 73.33 111.46 1 1 1 0.78164 0 999 999 999 999 999 999 999 999 999
14 103.35 70.212 3 4 0 0.79695 1 999 999 999 999 999 999 999 999 999
14 89.956 65.457 3 3 1 0.41376 1 999 999 999 999 999 999 999 999 999
14 137.4 79.395 4 3 0 0.55796 1 999 999 999 999 999 999 999 999 999
14 97.858 116.25 2 2 1 0.82984 1 999 999 999 999 999 999 999 999 999
14 101.59 129.76 2 2 1 0.70182 1 999 999 999 999 999 999 999 999 999
14 72.087 91.851 1 1 1 0.6859 0 999 999 999 999 999 999 999 999 999
14 80.145 103.13 1 1 1 0.42999 0 999 999 999 999 999 999 999 999 999
14 122.05 107.17 4 4 1 0.58974 1 999 999 999 999 999 999 999 999 999
15 133.38 91.08 4 4 1 1.321 0 999 999 999 999 999 999 999 999 999
15 113.19 95.12 4 4 1 0.70918 0 999 999 999 999 999 999 999 999 999
15 133.32 110.77 4 4 1 0.55782 0 999 999 999 999 999 999 999 999 999
15 97.692 60.697 3 3 1 1.1658 0 999 999 999 999 999 999 999 999 999
15 110.42 94.174 4 4 1 0.58987 0 999 999 999 999 999 999 999 999 999
15 101.55 64.416 3 3 1 0.65384 0 999 999 999 999 999 999 999 999 999
15 97.194 154.31 2 2 1 0.60577 0 999 999 999 999 999 999 999 999 999
15 129.64 106.89 4 2 0 1.3739 0 999 999 999 999 999 999 999 999 999
15 57.396 85.193 1 1 1 0.50981 0 999 999 999 999 999 999 999 999 999
15 91.393 121.99 2 2 1 0.62164 0 999 999 999 999 999 999 999 999 999
15 102.96 78.382 3 3 1 0.66976 0 999 999 999 999 999 999 999 999 999
15 75.797 142.17 2 2 1 1.1339 0 999 999 999 999 999 999 999 999 999
15 97.194 154.31 2 2 1 0.8385 0 999 999 999 999 999 999 999 999 999
15 132.52 109.66 4 4 1 0.98458 0 999 999 999 999 999 999 999 999 999
15 111.12 83.963 3 4 0 2.7018 0 999 999 999 999 999 999 999 999 999
15 71.147 103.31 1 1 1 1.0218 0 999 999 999 999 999 999 999 999 999
15 113.19 95.12 4 4 1 0.76576 0 999 999 999 999 999 999 999 999 999
15 74.106 103.26 1 1 1 1.2298 0 999 999 999 999 999 999 999 999 999
15 101.55 67.354 3 4 0 1.0059 0 999 999 999 999 999 999 999 999 999
15 74.106 103.26 1 4 0 0.72679 0 999 999 999 999 999 999 999 999 999
15 98.872 64.704 3 3 1 0.6536 0 999 999 999 999 999 999 999 999 999
15 101.55 64.416 3 3 1 0.6058 0 999 999 999 999 999 999 999 999 999
15 85.896 93.98 1 3 0 0.65662 0 999 999 999 999 999 999 999 999 999
15 95.532 105.78 2 4 0 0.74972 0 999 999 999 999 999 999 999 999 999
15 105.67 51.709 3 3 1 1.1655 0 999 999 999 999 999 999 999 999 999
15 111.12 83.963 3 2 0 1.9017 0 999 999 999 999 999 999 999 999 999
15 87.493 92.389 1 2 0 0.49376 0 999 999 999 999 999 999 999 999 999
15 105.67 51.709 3 3 1 0.76817 0 999 999 999 999 999 999 999 999 999
15 98.872 64.704 3 3 1 0.97379 0 999 999 999 999 999 999 999 999 999
15 71.147 103.31 1 4 0 0.82995 0 999 999 999 999 999 999 999 999 999
15 113.19 95.12 4 4 1 0.76536 0 999 999 999 999 999 999 999 999 999
15 129.64 106.89 4 4 1 0.52571 0 999 999 999 999 999 999 999 999 999
15 101.55 64.416 3 3 1 0.70177 0 999 999 999 999 999 999 999 999 999
15 129.64 106.89 4 4 1 0.55782 0 999 999 999 999 999 999 999 999 999
15 133.38 91.08 4 4 1 0.68579 0 999 999 999 999 999 999 999 999 999
15 101.55 67.354 3 4 0 0.47768 0 999 999 999 999 999 999 999 999 999
15 91.393 121.99 2 2 1 1.4057 0 999 999 999 999 999 999 999 999 999
15 129.64 106.89 4 4 1 0.76573 0 999 999 999 999 999 999 999 999 999
15 113.19 95.12 4 4 1 0.55656 0 999 999 999 999 999 999 999 999 999
15 105.67 51.709 3 3 1 0.90976 0 999 999 999 999 999 999 999 999 999
15 85.896 93.98 1 3 0 1.8378 0 999 999 999 999 999 999 999 999 999
15 110.42 94.174 4 3 0 0.81376 0 999 999 999 999 999 999 999 999 999
15 74.106 103.26 1 1 1 0.65383 0 999 999 999 999 999 999 999 999 999
15 95.532 105.78 2 1 0 1.1499 0 999 999 999 999 999 999 999 999 999
15 133.32 110.77 4 4 1 0.50984 0 999 999 999 999 999 999 999 999 999
15 71.147 103.31 1 1 1 0.58996 0 999 999 999 999 999 999 999 999 999
15 75.797 142.17 2 2 1 0.70176 0 999 999 999 999 999 999 999 999 999
15 102.96 78.382 3 3 1 0.76573 0 999 999 999 999 999 999 999 999 999
15 87.493 92.389 1 3 0 0.70188 0 999 999 999 999 999 999 999 999 999
15 101.55 67.354 3 4 0 0.47747 0 999 999 999 999 999 999 999 999 999
16 74.279 97.452 1 3 0 1.0166 0 999 999 999 999 999 999 999 999 999
16 124.8 109.2 4 4 1 0.50249 0 999 999 999 999 999 999 999 999 999
16 115.63 69.413 3 4 0 0.57378 0 999 999 999 999 999 999 999 999 999
16 107.71 144.9 2 2 1 0.54177 0 999 999 999 999 999 999 999 999 999
16 76.579 88.289 1 3 0 0.62159 0 999 999 999 999 999 999 999 999 999
16 65.618 114.31 1 1 1 0.54187 0 999 999 999 999 999 999 999 999 999
16 98.49 68.872 3 3 1 1.0697 0 999 999 999 999 999 999 999 999 999
16 113.39 107.77 4 2 0 0.76509 0 999 999 999 999 999 999 999 999 999
16 98.49 68.872 3 4 0 0.92586 0 999 999 999 999 999 999 999 999 999
16 103.58 48.611 3 3 1 0.57373 0 999 999 999 999 999 999 999 999 999
16 74.12 114.45 1 3 0 0.98987 0 999 999 999 999 999 999 999 999 999
16 78.088 132.18 2 2 1 0.71789 0 999 999 999 999 999 999 999 999 999
16 91.41 73.991 3 3 1 1.2775 0 999 999 999 999 999 999 999 999 999
16 121.5 85.785 4 4 1 0.94187 0 999 999 999 999 999 999 999 999 999
16 107.65 118.26 2 4 0 0.5259 0 999 999 999 999 999 999 999 999 999
16 81.771 119.72 1 2 0 0.39777 0 999 999 999 999 999 999 999 999 999
16 123.77 98.678 4 2 0 0.47783 0 999 999 999 999 999 999 999 999 999
16 129.21 105.28 4 4 1 0.44501 0 999 999 999 999 999 999 999 999 999
16 65.225 100.59 1 1 1 0.62187 0 999 999 999 999 999 999 999 999 999
16 127.71 108.36 4 4 1 0.57379 0 999 999 999 999 999 999 999 999 999
16 67.057 108.69 1 1 1 0.46199 0 999 999 999 999 999 999 999 999 999
16 86.696 71.083 3 3 1 0.84579 0 999 999 999 999 999 999 999 999 999
16 123.77 98.678 4 4 1 0.5578 0 999 999 999 999 999 999 999 999 999
16 127.71 108.36 4 4 1 0.49384 0 999 999 999 999 999 999 999 999 999
16 79.825 84.705 1 1 1 1.6618 0 999 999 999 999 999 999 999 999 999
16 95.906 142.8 2 2 1 0.66989 0 999 999 999 999 999 999 999 999 999
16 106.94 78.24 3 3 1 0.51098 0 999 999 999 999 999 999 999 999 999
16 129.21 105.28 4 4 1 0.49378 0 999 999 999 999 999 999 999 999 999
16 120.78 96.662 4 4 1 0.55774 0 999 999 999 999 999 999 999 999 999
16 110.72 130.76 2 2 1 0.68592 0 999 999 999 999 999 999 999 999 999
16 65.225 100.59 1 1 1 0.70171 0 999 999 999 999 999 999 999 999 999
16 74.12 114.45 1 1 1 0.70175 0 999 999 999 999 999 999 999 999 999
16 113.39 107.77 4 4 1 0.55776 0 999 999 999 999 999 999 999 999 999
16 76.579 88.289 1 1 1 0.76581 0 999 999 999 999 999 999 999 999 999
16 110.72 130.76 2 4 0 0.44563 0 999 999 999 999 999 999 999 999 999
16 103.58 48.611 3 3 1 0.57368 0 999 999 999 999 999 999 999 999 999
16 65.225 100.59 1 1 1 0.66986 0 999 999 999 999 999 999 999 999 999
16 91.41 73.991 3 3 1 0.74973 0 999 999 999 999 999 999 999 999 999
16 79.825 84.705 1 1 1 1.7415 0 999 999 999 999 999 999 999 999 999
16 124.48 103.95 4 4 1 0.62174 0 999 999 999 999 999 999 999 999 999
16 106.94 78.24 3 3 1 1.8378 0 999 999 999 999 999 999 999 999 999
16 81.771 119.72 1 2 0 0.65388 0 999 999 999 999 999 999 999 999 999
16 94.558 140.32 2 2 1 0.68583 0 999 999 999 999 999 999 999 999 999
16 107.71 144.9 2 2 1 0.65381 0 999 999 999 999 999 999 999 999 999
16 124.48 103.95 4 4 1 0.47782 0 999 999 999 999 999 999 999 999 999
16 94.558 140.32 2 4 0 0.46195 0 999 999 999 999 999 999 999 999 999
16 98.49 68.872 3 3 1 1.9979 0 999 999 999 999 999 999 999 999 999
16 107.65 118.26 2 2 1 0.73384 0 999 999 999 999 999 999 999 999 999
16 123.77 98.678 4 2 0 1.0858 0 999 999 999 999 999 999 999 999 999
16 98.49 68.872 3 1 0 0.47792 0 999 999 999 999 999 999 999 999 999
17 105.49 136.75 2 2 1 1.1771 0 999 999 999 999 999 999 999 999 999
17 116.84 56.667 3 3 1 1.6999 0 999 999 999 999 999 999 999 999 999
17 103.8 126.9 2 2 1 0.60578 0 999 999 999 999 999 999 999 999 999
17 113.79 52.566 3 3 1 0.82979 0 999 999 999 999 999 999 999 999 999
17 101.38 82.638 3 3 1 1.1979 0 999 999 999 999 999 999 999 999 999
17 74.406 100.09 1 1 1 0.81387 0 999 999 999 999 999 999 999 999 999
17 98.031 58.117 3 3 1 0.8618 0 999 999 999 999 999 999 999 999 999
17 67.377 112.66 1 1 1 0.78129 0 999 999 999 999 999 999 999 999 999
17 134.9 102.77 4 4 1 0.68939 0 999 999 999 999 999 999 999 999 999
17 132.97 95.045 4 4 1 0.58976 0 999 999 999 999 999 999 999 999 999
17 107.98 134.08 2 2 1 0.59037 0 999 999 999 999 999 999 999 999 999
17 77.293 98.073 1 1 1 0.60565 0 999 999 999 999 999 999 999 999 999
17 107.98 134.08 2 4 0 0.79773 0 999 999 999 999 999 999 999 999 999
17 90.919 64.381 3 1 0 1.2137 0 999 999 999 999 999 999 999 999 999
17 72.507 89.518 1 1 1 0.73377 0 999 999 999 999 999 999 999 999 999
17 91.631 133.76 2 2 1 0.63778 0 999 999 999 999 999 999 999 999 999
17 69.659 101.59 1 1 1 0.7178 0 999 999 999 999 999 999 999 999 999
17 85.51 74.144 3 3 1 0.68568 0 999 999 999 999 999 999 999 999 999
17 77.293 98.073 1 1 1 0.66898 0 999 999 999 999 999 999 999 999 999
17 103.8 126.9 2 2 1 1.8379 0 999 999 999 999 999 999 999 999 999
17 140.14 94.577 4 4 1 0.57392 0 999 999 999 999 999 999 999 999 999
17 103.8 126.9 2 2 1 0.79767 0 999 999 999 999 999 999 999 999 999
17 90.919 64.381 3 3 1 2.6057 0 999 999 999 999 999 999 999 999 999
17 107.98 134.08 2 2 1 1.5819 0 999 999 999 999 999 999 999 999 999
17 101.38 82.638 3 3 1 0.74984 0 999 999 999 999 999 999 999 999 999
17 131.72 87.263 4 4 1 0.78223 0 999 999 999 999 999 999 999 999 999
17 107.98 134.08 2 2 1 0.63787 0 999 999 999 999 999 999 999 999 999
17 103.74 79.367 4 3 0 0.7818 0 999 999 999 999 999 999 999 999 999
17 140.14 94.577 4 4 1 0.7328 0 999 999 999 999 999 999 999 999 999
17 134.9 102.77 4 3 0 0.62168 0 999 999 999 999 999 999 999 999 999
17 137.08 90.895 4 4 1 0.57383 0 999 999 999 999 999 999 999 999 999
17 107.88 141.36 2 2 1 0.57353 0 999 999 999 999 999 999 999 999 999
17 107.88 141.36 2 2 1 1.2777 0 999 999 999 999 999 999 999 999 999
17 97.391 123.72 2 1 0 0.95779 0 999 999 999 999 999 999 999 999 999
17 103.8 126.9 2 2 1 0.86166 0 999 999 999 999 999 999 999 999 999
17 140.14 94.577 4 4 1 0.71779 0 999 999 999 999 999 999 999 999 999
17 103.74 79.367 4 3 0 1.2778 0 999 999 999 999 999 999 999 999 999
17 69.659 101.59 1 1 1 0.76594 0 999 999 999 999 999 999 999 999 999
17 107.88 141.36 2 2 1 0.71781 0 999 999 999 999 999 999 999 999 999
17 94.876 151.82 2 2 1 1.4058 0 999 999 999 999 999 999 999 999 999
17 94.876 151.82 2 2 1 0.63792 0 999 999 999 999 999 999 999 999 999
17 88.839 128.11 2 2 1 0.62169 0 999 999 999 999 999 999 999 999 999
17 113.79 52.566 3 3 1 0.84578 0 999 999 999 999 999 999 999 999 999
17 107.88 141.36 2 2 1 0.74988 0 999 999 999 999 999 999 999 999 999
17 88.839 128.11 2 2 1 0.57361 0 999 999 999 999 999 999 999 999 999
17 85.51 74.144 3 3 1 0.73386 0 999 999 999 999 999 999 999 999 999
17 97.391 123.72 2 2 1 0.65382 0 999 999 999 999 999 999 999 999 999
17 101.38 82.638 3 3 1 0.81381 0 999 999 999 999 999 999 999 999 999
17 103.74 79.367 4 3 0 0.7018 0 999 999 999 999 999 999 999 999 999
17 69.659 101.59 1 1 1 0.63785 0 999 999 999 999 999 999 999 999 999
