1 66.881 103.39 1 2 0 1.408 0 999 999 999 999 999 999 999 999 999
1 122.05 97.568 4 2 0 1.0139 0 999 999 999 999 999 999 999 999 999
1 100.73 135.61 2 2 1 1.6461 0 999 999 999 999 999 999 999 999 999
1 102.92 132.18 2 2 1 0.78185 0 999 999 999 999 999 999 999 999 999
1 83.69 113.66 1 1 1 1.1499 0 999 999 999 999 999 999 999 999 999
1 81.367 69.413 3 4 0 1.278 0 999 999 999 999 999 999 999 999 999
1 134.45 101.29 4 3 0 1.0065 0 999 999 999 999 999 999 999 999 999
1 96.222 128.19 2 2 1 0.89391 0 999 999 999 999 999 999 999 999 999
1 95.503 65.252 3 1 0 0.74987 0 999 999 999 999 999 999 999 999 999
1 96.006 83.963 3 2 0 0.76575 0 999 999 999 999 999 999 999 999 999
1 82.093 99.325 1 2 0 0.79794 0 999 999 999 999 999 999 999 999 999
1 77.858 106.16 1 2 0 0.62189 0 999 999 999 999 999 999 999 999 999
1 88.911 109.44 1 2 0 0.65402 0 999 999 999 999 999 999 999 999 999
1 95.99 75.207 3 2 0 0.62192 0 999 999 999 999 999 999 999 999 999
1 107.91 85.011 3 2 0 0.65399 0 999 999 999 999 999 999 999 999 999
1 99.281 139.79 2 2 1 0.57403 0 999 999 999 999 999 999 999 999 999
1 72.976 85.89 1 4 0 0.7499 0 999 999 999 999 999 999 999 999 999
1 127.81 108.11 4 2 0 0.7179 0 999 999 999 999 999 999 999 999 999
1 82.093 99.325 1 3 0 0.9258 0 999 999 999 999 999 999 999 999 999
1 78.076 108.9 1 1 1 1.2939 0 999 999 999 999 999 999 999 999 999
1 91.393 128.38 2 2 1 0.89388 0 999 999 999 999 999 999 999 999 999
1 89.205 109.56 2 2 1 0.78194 0 999 999 999 999 999 999 999 999 999
1 77.858 106.16 1 1 1 0.7819 0 999 999 999 999 999 999 999 999 999
1 88.727 114.1 2 1 0 1.3419 0 999 999 999 999 999 999 999 999 999
1 121.31 99.186 4 4 1 1.0539 0 999 999 999 999 999 999 999 999 999
1 65.272 107.74 1 3 0 0.95794 0 999 999 999 999 999 999 999 999 999
1 105.67 80.542 3 2 0 1.2459 0 999 999 999 999 999 999 999 999 999
1 127.81 108.11 4 4 1 0.79789 0 999 999 999 999 999 999 999 999 999
1 83.69 113.66 1 2 0 1.646 0 999 999 999 999 999 999 999 999 999
1 95.503 65.252 3 2 0 0.71784 0 999 999 999 999 999 999 999 999 999
1 105.67 80.542 3 2 0 0.49412 0 999 999 999 999 999 999 999 999 999
1 134.45 101.29 4 4 1 0.81386 0 999 999 999 999 999 999 999 999 999
1 108.83 64.863 3 2 0 0.87793 0 999 999 999 999 999 999 999 999 999
1 121.31 99.186 4 2 0 0.76598 0 999 999 999 999 999 999 999 999 999
1 88.727 114.1 2 1 0 1.1659 0 999 999 999 999 999 999 999 999 999
1 89.205 109.56 2 1 0 0.63795 0 999 999 999 999 999 999 999 999 999
1 99.281 139.79 2 1 0 0.71802 0 999 999 999 999 999 999 999 999 999
1 99.281 139.79 2 2 1 0.58998 0 999 999 999 999 999 999 999 999 999
1 107.91 85.011 3 1 0 1.4699 0 999 999 999 999 999 999 999 999 999
1 88.727 114.1 2 3 0 0.78192 0 999 999 999 999 999 999 999 999 999
1 65.272 107.74 1 3 0 0.9419 0 999 999 999 999 999 999 999 999 999
1 77.858 106.16 1 1 1 0.7978 0 999 999 999 999 999 999 999 999 999
1 121.31 99.186 4 2 0 0.878 0 999 999 999 999 999 999 999 999 999
1 65.272 107.74 1 1 1 0.75002 0 999 999 999 999 999 999 999 999 999
1 100.73 135.61 2 2 1 0.74988 0 999 999 999 999 999 999 999 999 999
1 119.7 99.67 4 3 0 1.2298 0 999 999 999 999 999 999 999 999 999
1 119.7 99.67 4 4 1 0.57392 0 999 999 999 999 999 999 999 999 999
1 119.7 99.67 4 3 0 1.47 0 999 999 999 999 999 999 999 999 999
1 91.393 128.38 2 2 1 0.71794 0 999 999 999 999 999 999 999 999 999
1 108.83 64.863 3 3 1 0.89392 0 999 999 999 999 999 999 999 999 999
2 88.565 107.51 1 2 0 2.8084 0 999 999 999 999 999 999 999 999 999
2 114.54 74.954 3 2 0 1.1589 0 999 999 999 999 999 999 999 999 999
2 65.666 106.22 1 1 1 0.82985 0 999 999 999 999 999 999 999 999 999
2 85.609 136.75 2 2 1 0.63791 0 999 999 999 999 999 999 999 999 999
2 81.771 99.62 1 1 1 0.95801 0 999 999 999 999 999 999 999 999 999
2 104.56 75.402 3 2 0 0.8779 0 999 999 999 999 999 999 999 999 999
2 120.12 81.538 4 4 1 1.31 0 999 999 999 999 999 999 999 999 999
2 105.49 128.97 2 2 1 0.82998 0 999 999 999 999 999 999 999 999 999
2 101.7 77.257 3 4 0 0.81383 0 999 999 999 999 999 999 999 999 999
2 74.269 74.96 1 1 1 0.5899 0 999 999 999 999 999 999 999 999 999
2 116.68 115.57 2 4 0 0.74981 0 999 999 999 999 999 999 999 999 999
2 63.841 94.873 1 1 1 0.68587 0 999 999 999 999 999 999 999 999 999
2 123.55 100.25 4 3 0 0.97396 0 999 999 999 999 999 999 999 999 999
2 98.909 130.41 2 2 1 0.86191 0 999 999 999 999 999 999 999 999 999
2 103.9 78.382 3 4 0 1.79 0 999 999 999 999 999 999 999 999 999
2 119.67 97.825 4 4 1 0.86186 0 999 999 999 999 999 999 999 999 999
2 85.609 136.75 2 2 1 0.94198 0 999 999 999 999 999 999 999 999 999
2 97.194 140.58 2 2 1 0.66994 0 999 999 999 999 999 999 999 999 999
2 65.666 106.22 1 1 1 0.6861 0 999 999 999 999 999 999 999 999 999
2 91.988 52.566 3 3 1 1.5338 0 999 999 999 999 999 999 999 999 999
2 104.77 144.64 2 2 1 0.82995 0 999 999 999 999 999 999 999 999 999
2 112.36 132.46 2 2 1 0.86196 0 999 999 999 999 999 999 999 999 999
2 86.696 71.13 3 3 1 1.6938 0 999 999 999 999 999 999 999 999 999
2 112.36 132.46 2 2 1 0.76586 0 999 999 999 999 999 999 999 999 999
2 112.36 132.46 2 2 1 0.49397 0 999 999 999 999 999 999 999 999 999
2 88.565 107.51 1 3 0 0.70175 0 999 999 999 999 999 999 999 999 999
2 88.689 103.32 1 2 0 1.9979 0 999 999 999 999 999 999 999 999 999
2 86.696 71.13 3 4 0 1.5499 0 999 999 999 999 999 999 999 999 999
2 86.696 71.13 3 3 1 0.55781 0 999 999 999 999 999 999 999 999 999
2 86.696 71.13 3 3 1 0.46185 0 999 999 999 999 999 999 999 999 999
2 128.38 79.367 4 4 1 1.0539 0 999 999 999 999 999 999 999 999 999
2 140.82 109.73 4 2 0 1.7099 0 999 999 999 999 999 999 999 999 999
2 103.9 78.382 3 3 1 0.94186 0 999 999 999 999 999 999 999 999 999
2 81.771 99.62 1 1 1 0.98996 0 999 999 999 999 999 999 999 999 999
2 119.67 97.825 4 2 0 1.4221 0 999 999 999 999 999 999 999 999 999
2 140.82 109.73 4 4 1 0.99001 0 999 999 999 999 999 999 999 999 999
2 103.9 78.382 3 3 1 0.74992 0 999 999 999 999 999 999 999 999 999
2 74.269 74.96 1 1 1 0.82985 0 999 999 999 999 999 999 999 999 999
2 101.7 77.257 3 3 1 1.4059 0 999 999 999 999 999 999 999 999 999
2 65.666 106.22 1 1 1 0.66979 0 999 999 999 999 999 999 999 999 999
2 88.689 103.32 1 1 1 1.9979 0 999 999 999 999 999 999 999 999 999
2 65.666 106.22 1 1 1 0.74992 0 999 999 999 999 999 999 999 999 999
2 104.77 144.64 2 2 1 0.79796 0 999 999 999 999 999 999 999 999 999
2 103.9 78.382 3 3 1 0.90994 0 999 999 999 999 999 999 999 999 999
2 123.55 100.25 4 4 1 0.60605 0 999 999 999 999 999 999 999 999 999
2 86.696 71.13 3 1 0 1.134 0 999 999 999 999 999 999 999 999 999
2 112.36 132.46 2 2 1 2.1099 0 999 999 999 999 999 999 999 999 999
2 128.38 79.367 4 4 1 0.71801 0 999 999 999 999 999 999 999 999 999
2 98.909 130.41 2 2 1 1.4379 0 999 999 999 999 999 999 999 999 999
2 140.82 109.73 4 4 1 0.76591 0 999 999 999 999 999 999 999 999 999
3 116.12 117.5 4 2 0 2.537 0 999 999 999 999 999 999 999 999 999
3 74.074 100.5 1 1 1 0.64511 0 999 999 999 999 999 999 999 999 999
3 91.665 116.34 2 3 0 1.7738 0 999 999 999 999 999 999 999 999 999
3 99.035 54.044 3 3 1 1.006 0 999 999 999 999 999 999 999 999 999
3 99.874 128.14 2 2 1 0.74984 0 999 999 999 999 999 999 999 999 999
3 125.02 109.65 4 2 0 0.71798 0 999 999 999 999 999 999 999 999 999
3 63.269 98.665 1 1 1 0.57395 0 999 999 999 999 999 999 999 999 999
3 114.07 126.35 2 4 0 0.814 0 999 999 999 999 999 999 999 999 999
3 112.41 106.13 4 2 0 0.98987 0 999 999 999 999 999 999 999 999 999
3 63.01 103.13 1 1 1 0.66994 0 999 999 999 999 999 999 999 999 999
3 107.58 116.09 2 2 1 1.566 0 999 999 999 999 999 999 999 999 999
3 92.034 72.591 3 3 1 0.82986 0 999 999 999 999 999 999 999 999 999
3 135.92 85.785 4 4 1 0.71798 0 999 999 999 999 999 999 999 999 999
3 99.04 134.47 2 2 1 0.81381 0 999 999 999 999 999 999 999 999 999
3 135.92 85.785 4 4 1 0.71803 0 999 999 999 999 999 999 999 999 999
3 92.034 72.591 3 3 1 1.3898 0 999 999 999 999 999 999 999 999 999
3 100.41 109.53 2 3 0 1.0858 0 999 999 999 999 999 999 999 999 999
3 94.904 121.92 2 2 1 0.71801 0 999 999 999 999 999 999 999 999 999
3 107.58 116.09 2 2 1 0.78193 0 999 999 999 999 999 999 999 999 999
3 123.59 104.74 4 4 1 0.73391 0 999 999 999 999 999 999 999 999 999
3 91.665 116.34 2 2 1 0.82998 0 999 999 999 999 999 999 999 999 999
3 93.416 102.47 1 3 0 0.90998 0 999 999 999 999 999 999 999 999 999
3 94.904 121.92 2 2 1 0.66984 0 999 999 999 999 999 999 999 999 999
3 63.01 103.13 1 1 1 0.49383 0 999 999 999 999 999 999 999 999 999
3 65.574 80.143 1 1 1 0.39781 0 999 999 999 999 999 999 999 999 999
3 64.79 102.41 1 1 1 0.47783 0 999 999 999 999 999 999 999 999 999
3 99.04 134.47 2 2 1 0.82983 0 999 999 999 999 999 999 999 999 999
3 123.59 104.74 4 4 1 0.63791 0 999 999 999 999 999 999 999 999 999
3 108.67 122.93 2 2 1 1.406 0 999 999 999 999 999 999 999 999 999
3 66.173 107.64 1 1 1 0.57391 0 999 999 999 999 999 999 999 999 999
3 99.874 128.14 2 2 1 1.23 0 999 999 999 999 999 999 999 999 999
3 107.71 128.59 2 2 1 0.60592 0 999 999 999 999 999 999 999 999 999
3 65.574 80.143 1 1 1 0.51005 0 999 999 999 999 999 999 999 999 999
3 93.416 102.47 1 2 0 0.558 0 999 999 999 999 999 999 999 999 999
3 58.261 101.59 1 1 1 0.66992 0 999 999 999 999 999 999 999 999 999
3 123.59 104.74 4 4 1 0.97389 0 999 999 999 999 999 999 999 999 999
3 92.034 72.591 3 3 1 1.1178 0 999 999 999 999 999 999 999 999 999
3 116.12 117.5 4 2 0 0.83008 0 999 999 999 999 999 999 999 999 999
3 91.665 116.34 2 2 1 0.81394 0 999 999 999 999 999 999 999 999 999
3 112.41 106.13 4 4 1 1.1179 0 999 999 999 999 999 999 999 999 999
3 64.79 102.41 1 1 1 0.70189 0 999 999 999 999 999 999 999 999 999
3 100.69 55.048 3 3 1 0.65399 0 999 999 999 999 999 999 999 999 999
3 100.69 55.048 3 3 1 0.60586 0 999 999 999 999 999 999 999 999 999
3 65.574 80.143 1 1 1 0.63784 0 999 999 999 999 999 999 999 999 999
3 58.261 101.59 1 1 1 0.71781 0 999 999 999 999 999 999 999 999 999
3 58.261 101.59 1 1 1 0.62188 0 999 999 999 999 999 999 999 999 999
3 135.92 85.785 4 4 1 0.942 0 999 999 999 999 999 999 999 999 999
3 93.416 102.47 1 2 0 1.9659 0 999 999 999 999 999 999 999 999 999
3 66.173 107.64 1 1 1 0.57384 0 999 999 999 999 999 999 999 999 999
3 92.034 72.591 3 3 1 0.73381 0 999 999 999 999 999 999 999 999 999
4 129.41 91.584 4 4 1 2.1046 0 999 999 999 999 999 999 999 999 999
4 90.34 90.771 1 3 0 3.9574 0 999 999 999 999 999 999 999 999 999
4 118.33 102.43 4 4 1 0.71788 0 999 999 999 999 999 999 999 999 999
4 70.98 95.076 1 1 1 0.60586 0 999 999 999 999 999 999 999 999 999
4 127.38 89.02 4 4 1 0.66991 0 999 999 999 999 999 999 999 999 999
4 70.98 95.076 1 1 1 0.66996 0 999 999 999 999 999 999 999 999 999
4 69.682 95.878 1 1 1 0.52609 0 999 999 999 999 999 999 999 999 999
4 140.14 95.854 4 4 1 0.58992 0 999 999 999 999 999 999 999 999 999
4 102.16 77.844 3 2 0 2.0299 0 999 999 999 999 999 999 999 999 999
4 102.16 77.844 3 3 1 0.78195 0 999 999 999 999 999 999 999 999 999
4 105.36 123.33 2 2 1 0.862 0 999 999 999 999 999 999 999 999 999
4 71.973 103.31 1 1 1 0.55802 0 999 999 999 999 999 999 999 999 999
4 73.33 106.37 1 1 1 0.6059 0 999 999 999 999 999 999 999 999 999
4 104.09 65.346 3 3 1 0.95791 0 999 999 999 999 999 999 999 999 999
4 112.9 124.7 2 2 1 1.2619 0 999 999 999 999 999 999 999 999 999
4 70.98 95.076 1 1 1 0.5739 0 999 999 999 999 999 999 999 999 999
4 121.1 98.805 4 2 0 1.7741 0 999 999 999 999 999 999 999 999 999
4 102.16 77.844 3 3 1 0.52583 0 999 999 999 999 999 999 999 999 999
4 91.782 136.73 2 2 1 0.78188 0 999 999 999 999 999 999 999 999 999
4 107.49 66.656 3 3 1 0.73392 0 999 999 999 999 999 999 999 999 999
4 113.03 83.137 4 2 0 1.022 0 999 999 999 999 999 999 999 999 999
4 136.55 105.79 4 4 1 0.92599 0 999 999 999 999 999 999 999 999 999
4 108.88 110.36 2 4 0 1.0379 0 999 999 999 999 999 999 999 999 999
4 108.88 110.36 2 2 1 1.4059 0 999 999 999 999 999 999 999 999 999
4 73.33 106.37 1 1 1 0.55794 0 999 999 999 999 999 999 999 999 999
4 140.14 95.854 4 2 0 0.7819 0 999 999 999 999 999 999 999 999 999
4 95.969 67.354 3 3 1 0.8779 0 999 999 999 999 999 999 999 999 999
4 73.17 114.31 1 1 1 0.68583 0 999 999 999 999 999 999 999 999 999
4 73.17 114.31 1 1 1 0.58986 0 999 999 999 999 999 999 999 999 999
4 70.723 104.87 1 1 1 0.57395 0 999 999 999 999 999 999 999 999 999
4 94.17 62.128 3 3 1 2.814 0 999 999 999 999 999 999 999 999 999
4 94.17 62.128 3 3 1 0.58988 0 999 999 999 999 999 999 999 999 999
4 71.973 103.31 1 1 1 0.86195 0 999 999 999 999 999 999 999 999 999
4 137.4 106.39 4 4 1 0.74986 0 999 999 999 999 999 999 999 999 999
4 70.723 104.87 1 1 1 0.55796 0 999 999 999 999 999 999 999 999 999
4 137.4 106.39 4 4 1 0.5739 0 999 999 999 999 999 999 999 999 999
4 95.969 67.354 3 3 1 0.71809 0 999 999 999 999 999 999 999 999 999
4 69.448 85.034 1 1 1 0.55788 0 999 999 999 999 999 999 999 999 999
4 121.1 98.805 4 4 1 1.8859 0 999 999 999 999 999 999 999 999 999
4 73.17 114.31 1 1 1 0.70209 0 999 999 999 999 999 999 999 999 999
4 113.03 83.137 4 3 0 0.86181 0 999 999 999 999 999 999 999 999 999
4 108.88 110.36 2 2 1 1.1659 0 999 999 999 999 999 999 999 999 999
4 73.33 106.37 1 1 1 0.57388 0 999 999 999 999 999 999 999 999 999
4 113.03 83.137 4 3 0 1.3898 0 999 999 999 999 999 999 999 999 999
4 91.782 136.73 2 2 1 0.98982 0 999 999 999 999 999 999 999 999 999
4 140.14 95.854 4 4 1 0.62198 0 999 999 999 999 999 999 999 999 999
4 137.4 106.39 4 4 1 0.50999 0 999 999 999 999 999 999 999 999 999
4 69.448 85.034 1 1 1 0.73384 0 999 999 999 999 999 999 999 999 999
4 121.1 98.805 4 4 1 0.686 0 999 999 999 999 999 999 999 999 999
4 108.88 110.36 2 2 1 1.0699 0 999 999 999 999 999 999 999 999 999
5 93.391 63.608 3 3 1 1.4169 0 999 999 999 999 999 999 999 999 999
5 74.093 114.88 1 1 1 2.0067 0 999 999 999 999 999 999 999 999 999
5 88.576 154.31 2 2 1 0.76594 0 999 999 999 999 999 999 999 999 999
5 136.64 118.91 4 4 1 0.57396 0 999 999 999 999 999 999 999 999 999
5 122.17 94.577 4 4 1 1.742 0 999 999 999 999 999 999 999 999 999
5 110.45 125.87 2 2 1 1.3259 0 999 999 999 999 999 999 999 999 999
5 90.777 58.117 3 3 1 0.81383 0 999 999 999 999 999 999 999 999 999
5 110.72 118.62 2 2 1 0.92582 0 999 999 999 999 999 999 999 999 999
5 104.24 140.28 2 2 1 0.84591 0 999 999 999 999 999 999 999 999 999
5 102.26 77.242 3 3 1 1.3898 0 999 999 999 999 999 999 999 999 999
5 143.65 118.94 4 4 1 0.55798 0 999 999 999 999 999 999 999 999 999
5 67.377 98.415 1 1 1 0.58993 0 999 999 999 999 999 999 999 999 999
5 92.722 154.28 2 2 1 0.74993 0 999 999 999 999 999 999 999 999 999
5 92.722 154.28 2 2 1 0.60599 0 999 999 999 999 999 999 999 999 999
5 74.84 99.646 1 1 1 0.84597 0 999 999 999 999 999 999 999 999 999
5 127.71 104.15 4 4 1 0.66972 0 999 999 999 999 999 999 999 999 999
5 122.33 112.82 4 4 1 0.74985 0 999 999 999 999 999 999 999 999 999
5 113.07 118.01 2 2 1 1.1179 0 999 999 999 999 999 999 999 999 999
5 90.777 58.117 3 1 0 0.74996 0 999 999 999 999 999 999 999 999 999
5 135.16 100.78 4 4 1 0.70192 0 999 999 999 999 999 999 999 999 999
5 71.185 94.748 1 1 1 0.70182 0 999 999 999 999 999 999 999 999 999
5 143.65 118.94 4 4 1 0.60592 0 999 999 999 999 999 999 999 999 999
5 93.391 63.608 3 3 1 0.67 0 999 999 999 999 999 999 999 999 999
5 102.26 77.242 3 3 1 1.2139 0 999 999 999 999 999 999 999 999 999
5 53.133 86.468 1 1 1 0.55792 0 999 999 999 999 999 999 999 999 999
5 87.138 111.54 2 2 1 1.0218 0 999 999 999 999 999 999 999 999 999
5 74.84 99.646 1 1 1 0.86183 0 999 999 999 999 999 999 999 999 999
5 111.85 100.94 4 2 0 1.182 0 999 999 999 999 999 999 999 999 999
5 143.65 118.94 4 4 1 0.7499 0 999 999 999 999 999 999 999 999 999
5 97.429 135.86 2 2 1 0.74991 0 999 999 999 999 999 999 999 999 999
5 102.26 77.242 3 3 1 0.66994 0 999 999 999 999 999 999 999 999 999
5 110.45 125.87 2 2 1 0.70186 0 999 999 999 999 999 999 999 999 999
5 122.33 112.82 4 4 1 0.70192 0 999 999 999 999 999 999 999 999 999
5 92.722 154.28 2 2 1 0.76604 0 999 999 999 999 999 999 999 999 999
5 74.093 114.88 1 1 1 0.62187 0 999 999 999 999 999 999 999 999 999
5 110.72 118.62 2 2 1 0.95799 0 999 999 999 999 999 999 999 999 999
5 122.17 94.577 4 4 1 1.6459 0 999 999 999 999 999 999 999 999 999
5 104.31 121.59 2 2 1 0.95786 0 999 999 999 999 999 999 999 999 999
5 90.777 58.117 3 3 1 1.0698 0 999 999 999 999 999 999 999 999 999
5 110.72 118.62 2 2 1 1.214 0 999 999 999 999 999 999 999 999 999
5 102.26 77.242 3 3 1 0.74985 0 999 999 999 999 999 999 999 999 999
5 42.798 84.705 1 1 1 0.67003 0 999 999 999 999 999 999 999 999 999
5 104.24 140.28 2 2 1 0.83003 0 999 999 999 999 999 999 999 999 999
5 104.31 121.59 2 2 1 0.68593 0 999 999 999 999 999 999 999 999 999
5 88.576 154.31 2 2 1 0.76566 0 999 999 999 999 999 999 999 999 999
5 53.133 86.468 1 1 1 0.63783 0 999 999 999 999 999 999 999 999 999
5 42.798 84.705 1 1 1 0.782 0 999 999 999 999 999 999 999 999 999
5 71.185 94.748 1 3 0 1.3419 0 999 999 999 999 999 999 999 999 999
5 122.17 94.577 4 4 1 0.5898 0 999 999 999 999 999 999 999 999 999
5 136.64 118.91 4 4 1 0.50984 0 999 999 999 999 999 999 999 999 999
6 92.588 149.74 2 2 1 1.5165 0 7 2 1 2 1 1 0 0 1.5165
6 129.33 113.37 4 4 1 1.7761 0 4 7 2 1 1 0 0 1 1.7761
6 60.554 112.66 1 1 1 1.152 0 8 5 1 2 1 1 1 1 1.152
6 94.894 78.019 3 3 1 1.3598 0 7 2 2 1 0 0 0 1 1.3598
6 63.81 91.165 1 1 1 0.83199 0 3 7 2 1 1 0 0 1 0.83199
6 111.17 124.11 2 4 0 1.9198 0 2 7 2 1 0 1 1 1 1.9198
6 87.404 98.786 1 3 0 1.1839 0 9 5 1 2 0 0 0 1 1.1839
6 119.21 97.203 4 4 1 0.68782 0 8 4 1 2 0 0 0 1 0.68782
6 96.499 59.036 3 3 1 0.64001 0 2 6 2 1 1 0 0 1 0.64001
6 135.33 94.643 4 4 1 0.54394 0 3 7 2 1 1 0 0 1 0.54394
6 85.173 100.38 1 2 0 1.024 0 3 8 2 1 0 1 1 1 1.024
6 103.78 137.11 2 2 1 0.67207 0 4 8 2 1 0 1 1 1 0.67207
6 94.894 78.019 3 3 1 0.55989 0 3 6 2 1 0 1 1 1 0.55989
6 68.218 109.31 1 4 0 0.94392 0 4 6 2 1 0 1 1 1 0.94392
6 69.965 106.47 1 1 1 0.68799 0 8 2 1 2 1 1 1 1 0.68799
6 87.404 98.786 1 3 0 0.75202 0 2 6 2 1 1 0 0 1 0.75202
6 85.173 100.38 1 3 0 1.008 0 2 8 2 1 0 1 1 1 1.008
6 135.33 94.643 4 4 1 0.75191 0 5 7 2 1 0 1 1 1 0.75191
6 63.436 104.84 1 1 1 0.68802 0 7 5 2 1 0 0 0 1 0.68802
6 117.2 86.667 3 4 0 0.78394 0 7 4 2 1 1 0 0 1 0.78394
6 91.631 143.14 2 2 1 1.024 0 6 4 1 2 1 1 1 1 1.024
6 85.173 100.38 1 1 1 0.79992 0 6 2 2 1 1 0 0 1 0.79992
6 83.552 105.19 1 2 0 1.376 0 8 2 1 2 1 1 1 1 1.376
6 103.78 137.11 2 2 1 0.51187 0 4 7 1 2 0 1 1 1 0.51187
6 79.896 85.915 3 3 1 0.70396 0 7 4 1 2 0 0 0 1 0.70396
6 135.33 94.643 4 4 1 0.60799 0 3 6 2 1 0 1 1 1 0.60799
6 129.33 113.37 4 4 1 0.54392 0 3 8 2 1 1 0 0 1 0.54392
6 98.409 90.996 3 3 1 0.7839 0 6 3 1 2 0 0 0 1 0.7839
6 89.375 64.381 3 3 1 0.65612 0 9 4 1 2 1 1 1 1 0.65612
6 94.894 78.019 3 3 1 1.2 0 8 5 2 1 0 0 0 1 1.2
6 71.138 107.6 1 1 1 0.9759 0 4 6 2 1 1 0 1 0 0.9759
6 87.404 98.786 1 2 0 0.88003 0 6 3 1 2 1 1 0 0 0.88003
6 95.911 117.7 2 2 1 0.84785 0 5 9 2 1 1 0 0 1 0.84785
6 68.218 109.31 1 1 1 0.81584 0 4 6 2 1 0 1 1 1 0.81584
6 89.375 64.381 3 3 1 0.79999 0 3 6 2 1 1 0 0 1 0.79999
6 60.554 112.66 1 1 1 0.67192 0 6 4 1 2 1 1 1 1 0.67192
6 83.552 105.19 1 2 0 0.91183 0 2 8 2 1 1 0 0 1 0.91183
6 95.911 117.7 2 4 0 0.83198 0 6 4 1 2 0 0 0 1 0.83198
6 129.33 113.37 4 4 1 0.62384 0 5 6 2 1 0 1 1 1 0.62384
6 87.404 98.786 1 3 0 0.47991 0 8 5 1 2 0 0 0 1 0.47991
6 96.499 59.036 3 3 1 0.83202 0 5 7 2 1 0 1 1 1 0.83202
6 89.375 64.381 3 3 1 0.65603 0 2 9 2 1 1 0 0 1 0.65603
6 127.55 93.888 4 4 1 0.49589 0 9 3 1 2 0 0 0 1 0.49589
6 79.896 85.915 3 3 1 0.64001 0 8 4 1 2 1 1 1 1 0.64001
6 91.631 143.14 2 2 1 0.95993 0 2 9 2 1 0 1 1 1 0.95993
6 127.55 93.888 4 4 1 0.52795 0 6 3 1 2 0 0 0 1 0.52795
6 68.218 109.31 1 1 1 1.1679 0 2 6 1 2 0 1 1 1 1.1679
6 87.404 98.786 1 3 0 1.2159 0 8 4 1 2 1 1 0 0 1.2159
6 63.81 91.165 1 1 1 1.0879 0 6 5 1 2 1 1 1 1 1.0879
6 91.631 143.14 2 2 1 0.44815 0 6 5 2 1 1 0 0 1 0.44815
7 116.75 96.023 4 4 1 0.71848 0 6 2 1 2 0 0 0 1 0.71848
7 121.82 105.18 4 4 1 3.4553 1 2 9 2 1 1 0 0 1 3.4553
7 110.42 91.02 4 4 1 0.75187 1 7 3 1 2 1 1 0 0 0.75187
7 103.03 130.76 2 2 1 1.3759 1 4 8 2 1 0 1 1 1 1.3759
7 141.16 103.47 4 4 1 1.2799 1 2 6 1 2 1 1 1 1 1.2799
7 98.277 115.04 2 2 1 0.63999 0 6 2 1 2 0 0 0 1 0.63999
7 87.743 121.33 2 2 1 0.55999 1 9 2 1 2 0 0 0 1 0.55999
7 106.33 64.001 3 3 1 0.992 1 5 6 2 1 0 1 1 1 0.992
7 88.153 74.619 3 3 1 0.47993 0 4 9 2 1 0 1 1 1 0.47993
7 63.495 96.766 1 1 1 0.88003 1 6 2 1 2 1 1 0 0 0.88003
7 54.726 108.26 1 1 1 0.94393 0 9 4 1 2 0 0 0 1 0.94393
7 99.892 132.19 2 2 1 1.216 1 5 7 2 1 1 0 1 0 1.216
7 54.726 108.26 1 1 1 0.608 1 3 9 2 1 0 1 1 1 0.608
7 81.66 95.854 1 3 0 0.64009 1 3 9 2 1 1 0 0 1 0.64009
7 54.54 97.892 1 1 1 0.72001 1 9 4 1 2 1 1 1 1 0.72001
7 122.82 98.452 4 4 1 2.16 1 8 2 1 2 1 1 1 1 2.16
7 132.47 93.662 4 4 1 1.312 1 8 4 1 2 1 1 1 1 1.312
7 141.16 103.47 4 2 0 0.83193 1 5 9 2 1 0 1 0 0 0.83193
7 114.94 113.38 2 2 1 2.0479 1 7 4 1 2 0 0 0 1 2.0479
7 124.8 84.582 4 4 1 0.91202 1 5 7 2 1 1 0 0 1 0.91202
7 75.224 116.23 1 1 1 3.408 1 9 5 2 1 1 0 1 0 3.408
7 106.52 71.083 3 3 1 0.86395 1 9 5 1 2 1 1 0 0 0.86395
7 94.284 71.17 3 3 1 1.2158 1 2 8 2 1 1 0 1 0 1.2158
7 97.37 81.41 3 3 1 0.64003 0 2 6 1 2 1 1 1 1 0.64003
7 103.03 130.76 2 2 1 0.91202 0 2 9 1 2 0 1 1 1 0.91202
7 103.03 130.76 2 2 1 2.704 1 7 4 1 2 1 1 1 1 2.704
7 141.16 103.47 4 4 1 2.6559 1 5 8 1 2 0 1 1 1 2.6559
7 77.928 88.289 1 1 1 0.65594 1 4 8 2 1 1 0 0 1 0.65594
7 121.82 105.18 4 2 0 0.5279 1 2 6 2 1 0 1 1 1 0.5279
7 106.33 64.001 3 3 1 1.84 1 4 7 2 1 1 0 0 1 1.84
7 88.153 74.619 3 3 1 1.5997 1 2 9 2 1 1 0 1 0 1.5997
7 88.909 82.627 3 3 1 0.81594 1 6 5 1 2 0 0 0 1 0.81594
7 114.94 113.38 2 2 1 0.79988 0 7 5 1 2 0 0 0 1 0.79988
7 103.03 130.76 2 2 1 0.99187 0 5 6 2 1 0 1 1 1 0.99187
7 70.185 116.53 1 1 1 0.88001 1 2 9 2 1 0 1 1 1 0.88001
7 114.94 113.38 2 4 0 0.87998 1 6 3 1 2 0 0 0 1 0.87998
7 88.909 82.627 3 3 1 1.024 1 8 4 1 2 1 1 1 1 1.024
7 63.495 96.766 1 1 1 1.4879 1 6 3 2 1 1 0 0 1 1.4879
7 70.185 116.53 1 2 0 0.49597 1 9 3 1 2 1 1 0 0 0.49597
7 114.94 113.38 2 4 0 8.0639 0 2 6 1 2 1 1 0 0 8.0639
7 99.892 132.19 2 2 1 1.168 1 5 6 2 1 1 0 1 0 1.168
7 88.909 82.627 3 3 1 0.57594 1 6 5 1 2 0 0 1 0 0.57594
7 114.94 113.38 2 4 0 0.76786 1 5 7 2 1 1 0 0 1 0.76786
7 110.42 91.02 4 4 1 0.75195 1 8 5 1 2 0 0 0 1 0.75195
7 132.47 93.662 4 4 1 0.73609 1 9 5 2 1 0 0 0 1 0.73609
7 106.52 71.083 3 3 1 1.056 1 4 8 2 1 0 1 1 1 1.056
7 99.892 132.19 2 2 1 1.4559 1 7 2 1 2 0 0 0 1 1.4559
7 75.224 116.23 1 2 0 0.59198 0 8 2 1 2 0 0 0 1 0.59198
7 97.37 81.41 3 3 1 0.54402 0 3 6 2 1 1 0 0 1 0.54402
7 70.185 116.53 1 1 1 1.504 0 7 2 1 2 0 0 0 1 1.504
8 88.697 114.32 2 2 1 0.23996 1 7 5 1 2 0 0 1 0 0.23996
8 88.839 121.61 2 2 1 0.5599 1 3 7 2 1 0 1 1 1 0.5599
8 137.43 103.12 4 4 1 1.9999 1 6 5 1 2 1 1 0 0 1.9999
8 129.28 95.96 4 2 0 0.57596 1 8 3 1 2 1 1 1 1 0.57596
8 133.57 100.8 4 4 1 0.79997 1 5 9 2 1 1 0 0 1 0.79997
8 66.393 94.309 1 1 1 0.8159 1 3 8 1 2 0 1 1 1 0.8159
8 104.98 137.41 2 2 1 0.79998 1 5 7 2 1 0 1 1 1 0.79998
8 96.553 76.385 3 3 1 1.2639 1 7 4 1 2 1 1 0 0 1.2639
8 143.47 91.561 4 4 1 0.75189 1 7 4 1 2 0 0 0 1 0.75189
8 88.697 114.32 2 3 0 0.84784 0 4 7 1 2 0 1 0 0 0.84784
8 94.481 121.06 2 2 1 1.072 1 3 9 1 2 1 1 1 1 1.072
8 127.58 90.087 4 4 1 1.216 0 5 9 2 1 1 0 1 0 1.216
8 66.393 94.309 1 1 1 0.9279 1 8 2 1 2 1 1 0 0 0.9279
8 112.99 82.881 3 3 1 0.72 1 7 4 1 2 0 0 0 1 0.72
8 75.503 94.566 1 1 1 0.68785 1 8 2 2 1 1 0 0 1 0.68785
8 96.553 76.385 3 3 1 0.86394 0 8 2 1 2 0 0 0 1 0.86394
8 96.553 76.385 3 1 0 0.73604 1 3 7 2 1 1 0 1 0 0.73604
8 129.02 89.716 4 4 1 0.68799 1 6 2 1 2 1 1 1 1 0.68799
8 133.52 98.678 4 4 1 1.6321 0 2 6 2 1 0 1 1 1 1.6321
8 90.76 121.99 2 2 1 0.79996 1 3 8 2 1 1 0 0 1 0.79996
8 64.013 100.09 1 1 1 1.568 1 3 8 2 1 1 0 1 0 1.568
8 75.685 104.17 1 1 1 0.75183 1 5 8 1 2 0 1 1 1 0.75183
8 123.32 70.742 3 4 0 0.94398 1 8 3 1 2 1 1 0 0 0.94398
8 53.26 87.9 1 1 1 5.0239 1 8 2 1 2 0 0 1 0 5.0239
8 112.99 82.881 3 3 1 1.2799 1 7 2 2 1 1 0 0 1 1.2799
8 90.919 62.352 3 3 1 1.5999 1 3 9 2 1 1 0 0 1 1.5999
8 129.28 95.96 4 4 1 1.1679 1 2 9 2 1 1 0 0 1 1.1679
8 137.43 103.12 4 4 1 1.6 1 3 8 2 1 0 1 1 1 1.6
8 90.919 62.352 3 3 1 0.94411 0 8 5 1 2 0 0 0 1 0.94411
8 93.356 119.11 2 2 1 1.584 1 6 4 2 1 1 0 0 1 1.584
8 113.3 80.838 3 3 1 1.1841 1 8 5 2 1 1 0 0 1 1.1841
8 123.32 70.742 3 4 0 1.3761 1 2 9 2 1 0 1 1 1 1.3761
8 112.99 82.881 3 4 0 1.1519 1 4 8 2 1 1 0 0 1 1.1519
8 96.553 76.385 3 3 1 0.81586 0 7 5 1 2 0 0 0 1 0.81586
8 90.76 121.99 2 2 1 0.89587 0 7 3 1 2 0 0 0 1 0.89587
8 77.043 108.52 1 1 1 0.89596 1 8 4 1 2 0 0 0 1 0.89596
8 75.685 104.17 1 1 1 0.84803 0 6 5 1 2 0 0 0 1 0.84803
8 137.43 103.12 4 4 1 1.0559 0 4 6 2 1 1 0 0 1 1.0559
8 75.503 94.566 1 1 1 0.99195 1 7 5 1 2 0 0 0 1 0.99195
8 53.26 87.9 1 1 1 0.83183 1 2 7 2 1 1 0 0 1 0.83183
8 53.26 87.9 1 1 1 0.87979 1 6 3 1 2 0 0 0 1 0.87979
8 123.32 70.742 3 4 0 2.6398 1 6 2 1 2 1 1 1 1 2.6398
8 75.503 94.566 1 1 1 0.88005 0 2 6 2 1 0 1 1 1 0.88005
8 123.32 70.742 3 3 1 0.78396 0 5 9 2 1 1 0 0 1 0.78396
8 113.3 80.838 3 3 1 0.944 1 7 5 1 2 0 0 0 1 0.944
8 131.6 87.506 4 4 1 0.91203 1 4 7 2 1 0 1 1 1 0.91203
8 77.043 108.52 1 1 1 0.83201 0 2 8 2 1 0 1 1 1 0.83201
8 66.393 94.309 1 1 1 3.2 1 2 7 2 1 1 0 0 1 3.2
8 137.43 103.12 4 2 0 0.96003 1 8 3 1 2 1 1 0 0 0.96003
8 75.503 94.566 1 1 1 0.84792 1 2 9 2 1 0 1 1 1 0.84792
9 122.08 94.534 4 4 1 0.73606 1 9 4 1 2 1 1 1 1 0.73606
9 107.88 116.42 2 2 1 0.78383 1 6 3 2 1 1 0 0 1 0.78383
9 59.669 91.567 1 1 1 0.84797 0 8 2 1 2 0 0 0 1 0.84797
9 103.65 66.622 3 3 1 0.896 1 9 4 1 2 1 1 1 1 0.896
9 129.66 109.2 4 4 1 0.92791 0 4 9 1 2 0 1 1 1 0.92791
9 60.351 100.08 1 1 1 1.2001 1 2 6 2 1 0 1 1 1 1.2001
9 108.36 61.334 3 3 1 1.0239 0 5 8 2 1 1 0 0 1 1.0239
9 66.984 113.49 1 1 1 0.79999 0 9 5 1 2 1 1 1 1 0.79999
9 107.88 116.42 2 2 1 0.92805 1 3 8 1 2 1 1 1 1 0.92805
9 90.957 116.76 2 2 1 1.04 1 4 7 2 1 1 0 0 1 1.04
9 68.49 101.51 1 1 1 1.1359 1 8 3 1 2 0 0 0 1 1.1359
9 74.12 87.101 1 3 0 1.0239 1 3 8 2 1 0 1 1 1 1.0239
9 102.59 82.92 3 3 1 0.71988 0 4 6 2 1 1 0 0 1 0.71988
9 121.5 102.71 4 4 1 0.84788 1 3 6 2 1 0 1 1 1 0.84788
9 130.46 110.53 4 2 0 0.95984 1 7 3 1 2 0 0 0 1 0.95984
9 65.882 81.853 1 1 1 1.0559 1 2 6 2 1 0 1 1 1 1.0559
9 106.93 131.14 2 2 1 0.87988 1 5 8 2 1 0 1 1 1 0.87988
9 89.463 119.98 2 2 1 0.91194 1 6 5 1 2 1 1 1 1 0.91194
9 62.668 84.335 1 1 1 0.97589 0 6 3 1 2 1 1 0 0 0.97589
9 62.668 84.335 1 1 1 0.79998 1 5 9 2 1 0 1 1 1 0.79998
9 106.8 80.539 3 3 1 0.80005 1 7 5 1 2 1 1 1 1 0.80005
9 68.49 101.51 1 1 1 1.04 1 2 9 2 1 1 0 0 1 1.04
9 100.19 141.28 2 2 1 0.95992 0 6 2 1 2 0 0 0 1 0.95992
9 103.65 66.622 3 3 1 2 1 5 7 2 1 0 1 1 1 2
9 109.59 68.655 3 3 1 1.008 1 4 7 1 2 0 1 1 1 1.008
9 102.59 82.92 3 3 1 0.84801 0 3 6 2 1 0 1 1 1 0.84801
9 64.793 97.614 1 1 1 1.2481 1 3 6 2 1 0 1 1 1 1.2481
9 130.46 110.53 4 4 1 0.928 1 8 3 1 2 0 0 0 1 0.928
9 90.957 116.76 2 2 1 0.96001 0 2 9 2 1 0 1 1 1 0.96001
9 102.34 143.28 2 2 1 0.89597 1 9 3 2 1 1 0 0 1 0.89597
9 130.46 110.53 4 4 1 0.91193 1 8 5 2 1 0 0 0 1 0.91193
9 101.91 83.574 3 3 1 0.94411 1 8 5 1 2 0 0 0 1 0.94411
9 101.91 83.574 3 3 1 1.056 1 3 6 2 1 1 0 0 1 1.056
9 64.793 97.614 1 1 1 1.008 1 8 5 1 2 0 0 0 1 1.008
9 100.19 141.28 2 2 1 0.73591 1 4 7 1 2 1 1 1 1 0.73591
9 97.225 74.101 3 3 1 0.83198 1 8 2 1 2 1 1 1 1 0.83198
9 97.692 67.776 3 3 1 1.1199 1 7 3 1 2 1 1 1 1 1.1199
9 66.984 113.49 1 2 0 1.1359 0 9 4 1 2 1 1 0 0 1.1359
9 59.669 91.567 1 1 1 0.91192 1 8 5 1 2 0 0 0 1 0.91192
9 109.59 68.655 3 3 1 0.88 1 6 3 1 2 0 0 0 1 0.88
9 115.5 102.77 4 4 1 1.104 1 5 8 2 1 1 0 0 1 1.104
9 97.692 67.776 3 3 1 1.4238 0 2 9 2 1 1 0 1 0 1.4238
9 106.8 80.539 3 3 1 0.97606 1 5 6 2 1 0 1 1 1 0.97606
9 89.463 119.98 2 2 1 0.73582 1 9 5 1 2 0 0 0 1 0.73582
9 109.59 68.655 3 3 1 1.9358 1 6 3 2 1 1 0 1 0 1.9358
9 74.12 87.101 1 1 1 0.86399 1 5 6 2 1 1 0 0 1 0.86399
9 138.79 100.19 4 4 1 1.504 1 2 7 2 1 1 0 0 1 1.504
9 138.79 100.19 4 4 1 0.99194 1 4 6 2 1 0 1 1 1 0.99194
9 90.957 116.76 2 2 1 0.78409 1 6 3 1 2 1 1 1 1 0.78409
9 115.5 102.77 4 2 0 0.79996 0 8 4 1 2 1 1 1 1 0.79996
10 121.8 93.131 4 2 0 7.8012 1 999 999 999 999 999 999 999 999 999
10 77.293 102.73 1 1 1 0.61482 1 999 999 999 999 999 999 999 999 999
10 90.263 62.936 3 3 1 0.95781 1 999 999 999 999 999 999 999 999 999
10 106.83 129.49 4 3 0 0.76593 1 999 999 999 999 999 999 999 999 999
10 113.92 141.36 2 3 0 0.76579 1 999 999 999 999 999 999 999 999 999
10 95.772 86.321 3 4 0 3.6138 1 999 999 999 999 999 999 999 999 999
10 107.32 133.37 2 3 0 0.65387 0 999 999 999 999 999 999 999 999 999
10 80.145 104.66 1 1 1 1.1658 1 999 999 999 999 999 999 999 999 999
10 102.56 73.765 3 3 1 2.9419 1 999 999 999 999 999 999 999 999 999
10 118 101.5 4 4 1 0.57387 0 999 999 999 999 999 999 999 999 999
10 90.263 62.936 3 3 1 1.0538 1 999 999 999 999 999 999 999 999 999
10 102.56 73.765 3 4 0 0.97376 1 999 999 999 999 999 999 999 999 999
10 64.365 100.47 1 2 0 0.70184 1 999 999 999 999 999 999 999 999 999
10 106.83 129.49 4 2 0 1.6459 1 999 999 999 999 999 999 999 999 999
10 63.9 111.24 1 1 1 1.1978 1 999 999 999 999 999 999 999 999 999
10 80.038 101.04 1 2 0 0.70196 0 999 999 999 999 999 999 999 999 999
10 131.92 104.91 4 2 0 0.8299 1 999 999 999 999 999 999 999 999 999
10 89.671 72.423 3 3 1 3.3259 1 999 999 999 999 999 999 999 999 999
10 101.3 126.84 2 4 0 1.2619 1 999 999 999 999 999 999 999 999 999
10 121.8 93.131 4 2 0 0.94185 0 999 999 999 999 999 999 999 999 999
10 101.76 160.68 2 3 0 1.1018 1 999 999 999 999 999 999 999 999 999
10 90.24 119 2 4 0 1.1819 1 999 999 999 999 999 999 999 999 999
10 90.263 62.936 3 4 0 1.0219 1 999 999 999 999 999 999 999 999 999
10 119.71 106.72 4 2 0 1.5819 1 999 999 999 999 999 999 999 999 999
10 88.072 68.6 3 4 0 0.78189 0 999 999 999 999 999 999 999 999 999
10 106.83 129.49 4 3 0 1.0538 0 999 999 999 999 999 999 999 999 999
10 102.56 73.765 3 1 0 1.5659 1 999 999 999 999 999 999 999 999 999
10 89.671 72.423 3 4 0 0.73387 1 999 999 999 999 999 999 999 999 999
10 64.365 100.47 1 2 0 1.0058 1 999 999 999 999 999 999 999 999 999
10 101.76 160.68 2 3 0 1.4538 1 999 999 999 999 999 999 999 999 999
10 101.76 160.68 2 2 1 0.63781 1 999 999 999 999 999 999 999 999 999
10 90.263 62.936 3 3 1 0.92583 1 999 999 999 999 999 999 999 999 999
10 101.76 160.68 2 1 0 0.31782 1 999 999 999 999 999 999 999 999 999
10 90.263 62.936 3 2 0 1.294 1 999 999 999 999 999 999 999 999 999
10 106.04 113.86 2 4 0 0.6378 0 999 999 999 999 999 999 999 999 999
10 145.51 110.77 4 3 0 0.84576 1 999 999 999 999 999 999 999 999 999
10 80.145 104.66 1 4 0 1.0541 1 999 999 999 999 999 999 999 999 999
10 107.32 133.37 2 1 0 0.68578 0 999 999 999 999 999 999 999 999 999
10 88.072 68.6 3 1 0 0.66992 1 999 999 999 999 999 999 999 999 999
10 101.3 126.84 2 2 1 0.25373 0 999 999 999 999 999 999 999 999 999
10 80.038 101.04 1 1 1 0.63779 1 999 999 999 999 999 999 999 999 999
10 145.51 110.77 4 4 1 0.31786 1 999 999 999 999 999 999 999 999 999
10 107.32 133.37 2 3 0 0.12568 1 999 999 999 999 999 999 999 999 999
10 101.76 160.68 2 2 1 0.1418 0 999 999 999 999 999 999 999 999 999
10 106.04 113.86 2 3 0 0.31792 1 999 999 999 999 999 999 999 999 999
10 89.671 72.423 3 4 0 0.55807 0 999 999 999 999 999 999 999 999 999
10 64.365 100.47 1 4 0 0.7339 1 999 999 999 999 999 999 999 999 999
10 102.56 73.765 3 4 0 1.5179 0 999 999 999 999 999 999 999 999 999
10 80.038 101.04 1 3 0 0.55797 1 999 999 999 999 999 999 999 999 999
10 89.671 72.423 3 3 1 0.46192 1 999 999 999 999 999 999 999 999 999
11 82.785 73.017 3 4 0 3.5764 1 999 999 999 999 999 999 999 999 999
11 89.956 73.991 3 4 0 0.50283 1 999 999 999 999 999 999 999 999 999
11 93.811 67.976 3 2 0 0.10993 1 999 999 999 999 999 999 999 999 999
11 86.386 105.32 1 3 0 0.25387 1 999 999 999 999 999 999 999 999 999
11 82.204 102.81 1 2 0 0.54164 1 999 999 999 999 999 999 999 999 999
11 100.31 147.21 2 2 1 0.84596 1 999 999 999 999 999 999 999 999 999
11 58.433 107.37 1 4 0 0.23789 1 999 999 999 999 999 999 999 999 999
11 147.27 93.55 4 2 0 0.89388 1 999 999 999 999 999 999 999 999 999
11 82.785 73.017 3 4 0 0.60581 1 999 999 999 999 999 999 999 999 999
11 125.82 91.716 4 3 0 0.077759 0 999 999 999 999 999 999 999 999 999
11 114.68 116.58 2 2 1 52.237 1 999 999 999 999 999 999 999 999 999
11 126.81 93.879 4 2 0 0.89394 1 999 999 999 999 999 999 999 999 999
11 90.49 96.683 1 1 1 0.63778 1 999 999 999 999 999 999 999 999 999
11 100.29 90.552 3 1 0 0.86191 1 999 999 999 999 999 999 999 999 999
11 108.73 115.65 2 4 0 0.7019 1 999 999 999 999 999 999 999 999 999
11 51.438 96.621 1 3 0 0.34984 0 999 999 999 999 999 999 999 999 999
11 109.89 128.43 2 4 0 0.63791 1 999 999 999 999 999 999 999 999 999
11 107.42 77.799 3 3 1 0.1899 1 999 999 999 999 999 999 999 999 999
11 108.73 115.65 2 3 0 0.66991 1 999 999 999 999 999 999 999 999 999
11 109.89 128.43 2 3 0 0.54195 1 999 999 999 999 999 999 999 999 999
11 101.38 94.826 3 3 1 4.7338 1 999 999 999 999 999 999 999 999 999
11 77.029 96.265 1 4 0 2.1259 1 999 999 999 999 999 999 999 999 999
11 91.41 70.961 3 4 0 0.68604 1 999 999 999 999 999 999 999 999 999
11 112.1 92.918 4 3 0 0.66986 1 999 999 999 999 999 999 999 999 999
11 132.66 94.356 4 2 0 0.95789 1 999 999 999 999 999 999 999 999 999
11 80.444 82.592 1 4 0 1.0219 1 999 999 999 999 999 999 999 999 999
11 90.49 96.683 1 3 0 1.5979 1 999 999 999 999 999 999 999 999 999
11 93.811 67.976 3 4 0 1.086 1 999 999 999 999 999 999 999 999 999
11 100.29 90.552 3 3 1 0.54183 0 999 999 999 999 999 999 999 999 999
11 132.66 94.356 4 2 0 0.87812 1 999 999 999 999 999 999 999 999 999
11 109.89 128.43 2 1 0 1.0058 0 999 999 999 999 999 999 999 999 999
11 132.66 94.356 4 2 0 0.718 1 999 999 999 999 999 999 999 999 999
11 80.444 82.592 1 1 1 0.84591 0 999 999 999 999 999 999 999 999 999
11 125.82 91.716 4 2 0 1.0379 0 999 999 999 999 999 999 999 999 999
11 126.81 93.879 4 2 0 0.66989 0 999 999 999 999 999 999 999 999 999
11 126.81 93.879 4 2 0 0.57381 1 999 999 999 999 999 999 999 999 999
11 109.89 128.43 2 1 0 0.90985 0 999 999 999 999 999 999 999 999 999
11 97.348 137.2 2 2 1 0.6059 1 999 999 999 999 999 999 999 999 999
11 97.348 137.2 2 2 1 0.54189 1 999 999 999 999 999 999 999 999 999
11 100.31 147.21 2 1 0 0.15783 1 999 999 999 999 999 999 999 999 999
11 74.406 73.353 1 1 1 0.66981 1 999 999 999 999 999 999 999 999 999
11 82.204 102.81 1 4 0 0.013822 1 999 999 999 999 999 999 999 999 999
11 131.28 108.36 4 3 0 0.077657 1 999 999 999 999 999 999 999 999 999
11 97.348 137.2 2 2 1 0.045732 1 999 999 999 999 999 999 999 999 999
11 74.406 73.353 1 3 0 0.3339 0 999 999 999 999 999 999 999 999 999
11 80.444 82.592 1 4 0 0.14195 0 999 999 999 999 999 999 999 999 999
11 101.38 94.826 3 4 0 1.4539 1 999 999 999 999 999 999 999 999 999
11 125.82 91.716 4 3 0 1.2459 0 999 999 999 999 999 999 999 999 999
11 131.28 108.36 4 3 0 0.50972 0 999 999 999 999 999 999 999 999 999
11 100.31 147.21 2 2 1 4.238 1 999 999 999 999 999 999 999 999 999
12 109.02 109.03 4 2 0 1.065 1 999 999 999 999 999 999 999 999 999
12 113.39 107.25 4 3 0 0.19839 0 999 999 999 999 999 999 999 999 999
12 84.233 132.04 2 2 1 0.66993 1 999 999 999 999 999 999 999 999 999
12 81.135 121.68 1 4 0 0.39773 1 999 999 999 999 999 999 999 999 999
12 143.61 92.44 4 4 1 0.63776 1 999 999 999 999 999 999 999 999 999
12 73.671 86.568 1 3 0 1.406 1 999 999 999 999 999 999 999 999 999
12 65.483 104.28 1 4 0 0.78211 1 999 999 999 999 999 999 999 999 999
12 99.136 64.568 3 4 0 0.70183 1 999 999 999 999 999 999 999 999 999
12 69.854 88.631 1 4 0 0.68591 1 999 999 999 999 999 999 999 999 999
12 98.872 67.894 3 4 0 0.73383 1 999 999 999 999 999 999 999 999 999
12 108.87 97.126 4 2 0 0.70197 1 999 999 999 999 999 999 999 999 999
12 94.46 58.429 3 3 1 0.34976 1 999 999 999 999 999 999 999 999 999
12 96.13 71.337 3 4 0 0.17376 1 999 999 999 999 999 999 999 999 999
12 96.13 71.337 3 4 0 0.12585 1 999 999 999 999 999 999 999 999 999
12 106.4 121.21 2 1 0 0.15785 1 999 999 999 999 999 999 999 999 999
12 69.854 88.631 1 3 0 0.077863 1 999 999 999 999 999 999 999 999 999
12 69.854 88.631 1 2 0 0.17383 1 999 999 999 999 999 999 999 999 999
12 84.668 106.67 1 2 0 0.093796 1 999 999 999 999 999 999 999 999 999
12 113.65 128.11 2 4 0 0.013693 1 999 999 999 999 999 999 999 999 999
12 113.39 107.25 4 1 0 0.061858 0 999 999 999 999 999 999 999 999 999
12 69.854 88.631 1 2 0 0.04578 0 999 999 999 999 999 999 999 999 999
12 100.57 60.697 3 2 0 0.029882 1 999 999 999 999 999 999 999 999 999
12 144.12 101.77 4 3 0 0.60599 0 999 999 999 999 999 999 999 999 999
12 81.135 121.68 1 1 1 0.55789 1 999 999 999 999 999 999 999 999 999
12 93.03 143.25 2 4 0 0.22182 0 999 999 999 999 999 999 999 999 999
12 93.03 143.25 2 4 0 0.18993 1 999 999 999 999 999 999 999 999 999
12 99.578 133.08 2 3 0 0.22189 0 999 999 999 999 999 999 999 999 999
12 80.169 119.72 1 4 0 0.34985 1 999 999 999 999 999 999 999 999 999
12 80.169 119.72 1 4 0 0.39786 1 999 999 999 999 999 999 999 999 999
12 64.004 77.533 1 4 0 0.26979 1 999 999 999 999 999 999 999 999 999
12 100.57 60.697 3 4 0 0.10982 1 999 999 999 999 999 999 999 999 999
12 126.18 87.285 4 4 1 0.093755 0 999 999 999 999 999 999 999 999 999
12 98.872 67.894 3 4 0 0.045865 1 999 999 999 999 999 999 999 999 999
12 128.04 105.37 4 4 1 0.30388 1 999 999 999 999 999 999 999 999 999
12 106.4 121.21 2 4 0 0.10978 1 999 999 999 999 999 999 999 999 999
12 84.233 132.04 2 4 0 0.01384 1 999 999 999 999 999 999 999 999 999
12 94.46 58.429 3 4 0 0.094048 1 999 999 999 999 999 999 999 999 999
12 81.135 121.68 1 4 0 0.045667 0 999 999 999 999 999 999 999 999 999
12 99.136 64.568 3 4 0 0.39871 1 999 999 999 999 999 999 999 999 999
12 99.578 133.08 2 4 0 0.18977 0 999 999 999 999 999 999 999 999 999
12 64.004 77.533 1 4 0 0.093774 1 999 999 999 999 999 999 999 999 999
12 100.57 60.697 3 4 0 0.045881 0 999 999 999 999 999 999 999 999 999
12 106.4 121.21 2 4 0 0.077723 0 999 999 999 999 999 999 999 999 999
12 126.18 87.285 4 4 1 0.013787 1 999 999 999 999 999 999 999 999 999
12 98.872 67.894 3 4 0 0.045863 1 999 999 999 999 999 999 999 999 999
12 100.57 60.697 3 4 0 0.061764 0 999 999 999 999 999 999 999 999 999
12 98.872 67.894 3 4 0 0.045739 1 999 999 999 999 999 999 999 999 999
12 144.12 101.77 4 4 1 0.093876 1 999 999 999 999 999 999 999 999 999
12 108.87 97.126 4 4 1 0.045758 1 999 999 999 999 999 999 999 999 999
12 64.004 77.533 1 4 0 0.04581 1 999 999 999 999 999 999 999 999 999
13 154.99 102.5 4 3 0 1.1126 1 999 999 999 999 999 999 999 999 999
13 107.5 114.79 2 3 0 0.24601 0 999 999 999 999 999 999 999 999 999
13 64.178 86.067 1 1 1 0.50982 0 999 999 999 999 999 999 999 999 999
13 98.53 142.8 2 2 1 1.1179 0 999 999 999 999 999 999 999 999 999
13 107.34 122.2 2 2 1 0.65378 0 999 999 999 999 999 999 999 999 999
13 88.952 127.32 2 2 1 0.5899 1 999 999 999 999 999 999 999 999 999
13 68.59 86.673 1 1 1 0.54184 0 999 999 999 999 999 999 999 999 999
13 78.275 90.463 1 1 1 0.58984 0 999 999 999 999 999 999 999 999 999
13 104.74 115.69 4 2 0 0.76588 1 999 999 999 999 999 999 999 999 999
13 103.92 110.7 2 1 0 0.6699 0 999 999 999 999 999 999 999 999 999
13 91.959 56.667 3 4 0 0.79796 1 999 999 999 999 999 999 999 999 999
13 78.275 90.463 1 3 0 0.52594 0 999 999 999 999 999 999 999 999 999
13 139.65 100.27 4 4 1 0.66992 1 999 999 999 999 999 999 999 999 999
13 88.952 127.32 2 4 0 0.34977 1 999 999 999 999 999 999 999 999 999
13 105.37 76.65 3 4 0 0.42984 1 999 999 999 999 999 999 999 999 999
13 105.37 76.65 3 3 1 0.26984 1 999 999 999 999 999 999 999 999 999
13 72.589 110.56 1 4 0 0.18975 1 999 999 999 999 999 999 999 999 999
13 95.353 112.37 2 1 0 0.20597 1 999 999 999 999 999 999 999 999 999
13 76.165 121.4 1 4 0 0.25396 1 999 999 999 999 999 999 999 999 999
13 64.865 120.11 1 4 0 0.093789 1 999 999 999 999 999 999 999 999 999
13 88.952 127.32 2 4 0 0.045805 1 999 999 999 999 999 999 999 999 999
13 78.275 90.463 1 4 0 0.17374 1 999 999 999 999 999 999 999 999 999
13 98.018 71.214 3 4 0 0.22187 0 999 999 999 999 999 999 999 999 999
13 98.018 71.214 3 4 0 0.045815 1 999 999 999 999 999 999 999 999 999
13 61.901 91.564 1 4 0 0.10975 1 999 999 999 999 999 999 999 999 999
13 99.356 132.35 2 4 0 1.5666 1 999 999 999 999 999 999 999 999 999
13 103.35 75.886 3 4 0 0.029719 0 999 999 999 999 999 999 999 999 999
13 104.68 70.986 3 4 0 0.38283 1 999 999 999 999 999 999 999 999 999
13 107.5 114.79 2 4 0 0.23783 1 999 999 999 999 999 999 999 999 999
13 139.65 100.27 4 4 1 1.5988 1 999 999 999 999 999 999 999 999 999
13 61.901 91.564 1 4 0 0.077708 1 999 999 999 999 999 999 999 999 999
13 98.018 71.214 3 4 0 0.093911 1 999 999 999 999 999 999 999 999 999
13 124.01 115.08 4 4 1 1.2628 1 999 999 999 999 999 999 999 999 999
13 104.68 70.986 3 4 0 0.093716 1 999 999 999 999 999 999 999 999 999
13 72.589 110.56 1 4 0 0.10982 0 999 999 999 999 999 999 999 999 999
13 124.01 115.08 4 4 1 0.39857 1 999 999 999 999 999 999 999 999 999
13 88.952 127.32 2 4 0 0.045766 1 999 999 999 999 999 999 999 999 999
13 105.5 65.829 3 4 0 0.013736 0 999 999 999 999 999 999 999 999 999
13 64.865 120.11 1 4 0 0.013772 1 999 999 999 999 999 999 999 999 999
13 103.35 75.886 3 4 0 0.33585 1 999 999 999 999 999 999 999 999 999
13 154.99 102.5 4 4 1 0.1737 1 999 999 999 999 999 999 999 999 999
13 137.02 94.174 4 2 0 0.045885 1 999 999 999 999 999 999 999 999 999
13 86.087 48.611 3 1 0 0.093778 1 999 999 999 999 999 999 999 999 999
13 61.901 91.564 1 4 0 0.013703 1 999 999 999 999 999 999 999 999 999
13 98.53 142.8 2 3 0 0.25456 1 999 999 999 999 999 999 999 999 999
13 91.959 56.667 3 3 1 0.20589 1 999 999 999 999 999 999 999 999 999
13 137.02 94.174 4 4 1 0.20683 1 999 999 999 999 999 999 999 999 999
13 105.37 76.65 3 4 0 0.10983 1 999 999 999 999 999 999 999 999 999
13 76.165 121.4 1 2 0 0.14168 1 999 999 999 999 999 999 999 999 999
13 86.087 48.611 3 3 1 40.365 1 999 999 999 999 999 999 999 999 999
14 97.76 142.17 2 3 0 1.8329 1 999 999 999 999 999 999 999 999 999
14 138.91 93.748 4 2 0 2.6598 1 999 999 999 999 999 999 999 999 999
14 122.11 104.11 4 2 0 1.2299 0 999 999 999 999 999 999 999 999 999
14 77.572 101.95 1 1 1 0.49386 1 999 999 999 999 999 999 999 999 999
14 57.944 92.02 1 1 1 0.31779 1 999 999 999 999 999 999 999 999 999
14 105.91 134.08 2 2 1 0.25379 1 999 999 999 999 999 999 999 999 999
14 64.23 110.03 1 2 0 0.31785 1 999 999 999 999 999 999 999 999 999
14 123.16 73.783 3 2 0 0.60599 0 999 999 999 999 999 999 999 999 999
14 103.58 73.328 3 4 0 4.0298 0 999 999 999 999 999 999 999 999 999
14 105.91 134.08 2 4 0 0.093561 1 999 999 999 999 999 999 999 999 999
14 73.932 111.11 1 4 0 0.25587 1 999 999 999 999 999 999 999 999 999
14 92.87 123.11 2 4 0 0.18983 1 999 999 999 999 999 999 999 999 999
14 57.396 95.394 1 3 0 0.20578 1 999 999 999 999 999 999 999 999 999
14 97.76 142.17 2 3 0 0.10995 1 999 999 999 999 999 999 999 999 999
14 89.613 68.71 3 3 1 0.30449 1 999 999 999 999 999 999 999 999 999
14 132.71 91.673 4 4 1 0.1418 1 999 999 999 999 999 999 999 999 999
14 138.91 93.748 4 4 1 0.18976 1 999 999 999 999 999 999 999 999 999
14 115.63 72.019 3 3 1 0.10988 0 999 999 999 999 999 999 999 999 999
14 73.932 111.11 1 4 0 0.1419 0 999 999 999 999 999 999 999 999 999
14 123.16 73.783 3 3 1 0.1417 0 999 999 999 999 999 999 999 999 999
14 96.262 122.28 2 3 0 0.093737 0 999 999 999 999 999 999 999 999 999
14 122.11 104.11 4 4 1 0.013796 1 999 999 999 999 999 999 999 999 999
14 131.72 91.274 4 4 1 0.41458 0 999 999 999 999 999 999 999 999 999
14 126.72 94.212 4 4 1 0.25382 1 999 999 999 999 999 999 999 999 999
14 100.29 82.642 3 4 0 0.18981 1 999 999 999 999 999 999 999 999 999
14 94.552 59.327 3 3 1 0.12566 1 999 999 999 999 999 999 999 999 999
14 94.552 59.327 3 3 1 0.23807 1 999 999 999 999 999 999 999 999 999
14 131.72 91.274 4 4 1 0.07775 1 999 999 999 999 999 999 999 999 999
14 109.08 110.07 4 4 1 0.12578 1 999 999 999 999 999 999 999 999 999
14 105.91 134.08 2 3 0 0.029739 1 999 999 999 999 999 999 999 999 999
14 56.686 99.217 1 3 0 0.15779 0 999 999 999 999 999 999 999 999 999
14 122.11 104.11 4 4 1 0.28792 1 999 999 999 999 999 999 999 999 999
14 100.29 82.642 3 2 0 0.23784 1 999 999 999 999 999 999 999 999 999
14 57.396 95.394 1 1 1 0.23979 1 999 999 999 999 999 999 999 999 999
14 96.262 122.28 2 3 0 0.1897 1 999 999 999 999 999 999 999 999 999
14 94.552 59.327 3 3 1 0.10973 1 999 999 999 999 999 999 999 999 999
14 100.29 82.642 3 4 0 0.17399 1 999 999 999 999 999 999 999 999 999
14 77.572 101.95 1 3 0 0.12587 0 999 999 999 999 999 999 999 999 999
14 96.262 122.28 2 2 1 0.10973 1 999 999 999 999 999 999 999 999 999
14 89.613 68.71 3 4 0 0.01365 1 999 999 999 999 999 999 999 999 999
14 115.63 72.019 3 1 0 0.30383 0 999 999 999 999 999 999 999 999 999
14 57.944 92.02 1 3 0 0.06171 1 999 999 999 999 999 999 999 999 999
14 57.396 95.394 1 1 1 0.23987 1 999 999 999 999 999 999 999 999 999
14 92.87 123.11 2 2 1 0.093786 1 999 999 999 999 999 999 999 999 999
14 131.72 91.274 4 4 1 0.20573 1 999 999 999 999 999 999 999 999 999
14 109.25 128.23 2 4 0 0.14186 1 999 999 999 999 999 999 999 999 999
14 109.25 128.23 2 3 0 0.14174 0 999 999 999 999 999 999 999 999 999
14 92.87 123.11 2 4 0 0.061864 1 999 999 999 999 999 999 999 999 999
14 96.262 122.28 2 2 1 0.25392 1 999 999 999 999 999 999 999 999 999
14 96.262 122.28 2 1 0 0.061656 1 999 999 999 999 999 999 999 999 999
15 64.871 91.355 1 4 0 0.64764 0 999 999 999 999 999 999 999 999 999
15 136.27 97.41 4 1 0 0.25468 0 999 999 999 999 999 999 999 999 999
15 139.57 100.42 4 2 0 0.14179 0 999 999 999 999 999 999 999 999 999
15 91.698 117.24 2 1 0 0.045877 0 999 999 999 999 999 999 999 999 999
15 64.871 91.355 1 3 0 0.33575 0 999 999 999 999 999 999 999 999 999
15 124.48 110.12 4 4 1 1.5199 0 999 999 999 999 999 999 999 999 999
15 131.37 102.71 4 3 0 0.04575 0 999 999 999 999 999 999 999 999 999
15 96.492 93.881 3 2 0 0.045749 0 999 999 999 999 999 999 999 999 999
15 98.189 119.36 2 2 1 0.17366 0 999 999 999 999 999 999 999 999 999
15 134.9 102.4 4 2 0 1.3747 0 999 999 999 999 999 999 999 999 999
15 49.067 102.61 1 3 0 1.4227 0 999 999 999 999 999 999 999 999 999
15 107.65 126.84 2 4 0 0.045844 0 999 999 999 999 999 999 999 999 999
15 87.493 97.967 1 4 0 1.6147 0 999 999 999 999 999 999 999 999 999
15 99.869 69.825 3 4 0 0.013746 0 999 999 999 999 999 999 999 999 999
15 95.849 69.579 3 3 1 1.4225 0 999 999 999 999 999 999 999 999 999
15 139.57 100.42 4 3 0 1.3268 0 999 999 999 999 999 999 999 999 999
15 87.493 97.967 1 2 0 1.5027 0 999 999 999 999 999 999 999 999 999
15 134.9 102.4 4 2 0 1.0375 0 999 999 999 999 999 999 999 999 999
15 64.871 91.355 1 2 0 0.20581 0 999 999 999 999 999 999 999 999 999
15 124.48 110.12 4 2 0 0.029794 0 999 999 999 999 999 999 999 999 999
15 107.65 126.84 2 2 1 0.18978 0 999 999 999 999 999 999 999 999 999
15 104.89 128.67 2 2 1 0.17383 0 999 999 999 999 999 999 999 999 999
15 125.5 94.112 4 2 0 0.26973 0 999 999 999 999 999 999 999 999 999
15 129.21 98.246 4 4 1 0.26993 0 999 999 999 999 999 999 999 999 999
15 96.492 93.881 3 4 0 0.2378 0 999 999 999 999 999 999 999 999 999
15 100.19 122.1 2 4 0 0.23783 0 999 999 999 999 999 999 999 999 999
15 87.493 97.967 1 3 0 0.2379 0 999 999 999 999 999 999 999 999 999
15 49.067 102.61 1 1 1 0.23781 0 999 999 999 999 999 999 999 999 999
15 124.48 110.12 4 1 0 0.18991 0 999 999 999 999 999 999 999 999 999
15 131.37 102.71 4 4 1 0.22194 0 999 999 999 999 999 999 999 999 999
15 103.79 63.324 3 4 0 0.26982 0 999 999 999 999 999 999 999 999 999
15 85.896 110.41 1 3 0 0.077704 0 999 999 999 999 999 999 999 999 999
15 102.03 71.596 3 2 0 0.093717 0 999 999 999 999 999 999 999 999 999
15 103.79 63.324 3 2 0 0.077795 0 999 999 999 999 999 999 999 999 999
15 64.871 91.355 1 2 0 0.14173 0 999 999 999 999 999 999 999 999 999
15 125.5 94.112 4 4 1 1.4387 0 999 999 999 999 999 999 999 999 999
15 102.03 71.596 3 1 0 2.7188 0 999 999 999 999 999 999 999 999 999
15 136.27 97.41 4 3 0 0.061633 0 999 999 999 999 999 999 999 999 999
15 95.849 69.579 3 4 0 0.28671 0 999 999 999 999 999 999 999 999 999
15 104.89 128.67 2 2 1 0.20586 0 999 999 999 999 999 999 999 999 999
15 124.48 110.12 4 2 0 0.20576 0 999 999 999 999 999 999 999 999 999
15 131.37 102.71 4 4 1 0.15792 0 999 999 999 999 999 999 999 999 999
15 124.48 110.12 4 3 0 0.2058 0 999 999 999 999 999 999 999 999 999
15 87.493 97.967 1 4 0 0.23881 0 999 999 999 999 999 999 999 999 999
15 49.067 102.61 1 1 1 0.20584 0 999 999 999 999 999 999 999 999 999
15 85.896 110.41 1 1 1 0.36567 0 999 999 999 999 999 999 999 999 999
15 139.57 100.42 4 2 0 0.70196 0 999 999 999 999 999 999 999 999 999
15 100.23 86.356 3 4 0 0.20589 0 999 999 999 999 999 999 999 999 999
15 100.23 86.356 3 4 0 0.31785 0 999 999 999 999 999 999 999 999 999
15 98.189 119.36 2 3 0 0.061832 0 999 999 999 999 999 999 999 999 999
16 94.348 81.916 3 2 0 0.67913 0 999 999 999 999 999 999 999 999 999
16 133.69 113.66 4 1 0 0.16673 0 999 999 999 999 999 999 999 999 999
16 110.59 73.142 3 3 1 0.12547 0 999 999 999 999 999 999 999 999 999
16 101.83 64.416 3 3 1 0.06171 0 999 999 999 999 999 999 999 999 999
16 69.509 108.55 1 4 0 0.078026 0 999 999 999 999 999 999 999 999 999
16 79.562 81.911 3 3 1 0.12577 0 999 999 999 999 999 999 999 999 999
16 94.161 129.79 2 1 0 0.31787 0 999 999 999 999 999 999 999 999 999
16 94.161 129.79 2 4 0 0.15785 0 999 999 999 999 999 999 999 999 999
16 127.04 99.856 4 3 0 0.15776 0 999 999 999 999 999 999 999 999 999
16 59.37 97.452 1 1 1 0.077718 0 999 999 999 999 999 999 999 999 999
16 79.388 93.522 1 2 0 0.14192 0 999 999 999 999 999 999 999 999 999
16 79.388 93.522 1 1 1 0.26968 0 999 999 999 999 999 999 999 999 999
16 132.46 86.174 4 1 0 0.34977 0 999 999 999 999 999 999 999 999 999
16 135.9 107.93 4 1 0 0.20586 0 999 999 999 999 999 999 999 999 999
16 94.916 134.39 2 4 0 0.10985 0 999 999 999 999 999 999 999 999 999
16 74.121 84.351 1 2 0 0.15782 0 999 999 999 999 999 999 999 999 999
16 135.9 107.93 4 1 0 0.045701 0 999 999 999 999 999 999 999 999 999
16 92.969 69.963 3 3 1 0.12581 0 999 999 999 999 999 999 999 999 999
16 76.401 97.498 1 1 1 0.17386 0 999 999 999 999 999 999 999 999 999
16 59.37 97.452 1 1 1 0.47791 0 999 999 999 999 999 999 999 999 999
16 129.27 78.635 4 1 0 0.25363 0 999 999 999 999 999 999 999 999 999
16 117.85 93.27 4 2 0 0.31788 0 999 999 999 999 999 999 999 999 999
16 98.031 89.459 3 3 1 0.10988 0 999 999 999 999 999 999 999 999 999
16 79.562 81.911 3 3 1 0.74997 0 999 999 999 999 999 999 999 999 999
16 60.98 111.55 1 1 1 0.58988 0 999 999 999 999 999 999 999 999 999
16 138.16 84.683 4 4 1 0.62187 0 999 999 999 999 999 999 999 999 999
16 103.41 79.516 3 3 1 0.78219 0 999 999 999 999 999 999 999 999 999
16 79.562 81.911 3 1 0 1.1019 0 999 999 999 999 999 999 999 999 999
16 76.401 97.498 1 3 0 0.70189 0 999 999 999 999 999 999 999 999 999
16 110.89 65.457 3 3 1 1.2139 0 999 999 999 999 999 999 999 999 999
16 68.797 120.2 1 1 1 0.49386 0 999 999 999 999 999 999 999 999 999
16 103.41 79.516 3 3 1 0.65393 0 999 999 999 999 999 999 999 999 999
16 76.401 97.498 1 1 1 0.57396 0 999 999 999 999 999 999 999 999 999
16 132.46 86.174 4 4 1 0.62194 0 999 999 999 999 999 999 999 999 999
16 95.087 154.71 2 2 1 0.50992 0 999 999 999 999 999 999 999 999 999
16 110.59 73.142 3 4 0 0.6699 0 999 999 999 999 999 999 999 999 999
16 135.9 107.93 4 4 1 0.63791 0 999 999 999 999 999 999 999 999 999
16 94.916 134.39 2 2 1 0.65385 0 999 999 999 999 999 999 999 999 999
16 132.46 86.174 4 4 1 0.68578 0 999 999 999 999 999 999 999 999 999
16 66.948 111.46 1 1 1 0.55788 0 999 999 999 999 999 999 999 999 999
16 92.969 69.963 3 3 1 0.66987 0 999 999 999 999 999 999 999 999 999
16 92.969 69.963 3 3 1 0.47789 0 999 999 999 999 999 999 999 999 999
16 66.948 111.46 1 1 1 0.58989 0 999 999 999 999 999 999 999 999 999
16 66.948 111.46 1 1 1 0.44589 0 999 999 999 999 999 999 999 999 999
16 92.969 69.963 3 3 1 0.58992 0 999 999 999 999 999 999 999 999 999
16 98.031 89.459 3 3 1 0.49378 0 999 999 999 999 999 999 999 999 999
16 94.916 134.39 2 2 1 0.57393 0 999 999 999 999 999 999 999 999 999
16 138.16 84.683 4 4 1 0.52556 0 999 999 999 999 999 999 999 999 999
16 76.401 97.498 1 2 0 1.5019 0 999 999 999 999 999 999 999 999 999
16 132.46 86.174 4 4 1 0.58975 0 999 999 999 999 999 999 999 999 999
17 103.04 118.26 2 2 1 1.305 0 999 999 999 999 999 999 999 999 999
17 81.98 77.371 1 1 1 0.64508 0 999 999 999 999 999 999 999 999 999
17 109 146.08 2 2 1 0.73392 0 999 999 999 999 999 999 999 999 999
17 97.504 126.9 2 2 1 0.55784 0 999 999 999 999 999 999 999 999 999
17 146.64 115.75 4 4 1 0.6539 0 999 999 999 999 999 999 999 999 999
17 117.04 124.98 2 2 1 0.55799 0 999 999 999 999 999 999 999 999 999
17 90.591 97.217 1 4 0 1.1338 0 999 999 999 999 999 999 999 999 999
17 91.971 113.04 2 2 1 0.6861 0 999 999 999 999 999 999 999 999 999
17 136.19 106.89 4 2 0 1.1976 0 999 999 999 999 999 999 999 999 999
17 146.64 115.75 4 4 1 0.50994 0 999 999 999 999 999 999 999 999 999
17 106.96 129.72 2 2 1 0.62194 0 999 999 999 999 999 999 999 999 999
17 114.9 121.71 4 2 0 0.65384 0 999 999 999 999 999 999 999 999 999
17 114.9 121.71 4 2 0 1.5018 0 999 999 999 999 999 999 999 999 999
17 118.19 99.716 4 3 0 2.1737 0 999 999 999 999 999 999 999 999 999
17 77.531 81.326 1 4 0 4.7498 0 999 999 999 999 999 999 999 999 999
17 103.04 118.26 2 4 0 0.27015 0 999 999 999 999 999 999 999 999 999
17 146.64 115.75 4 4 1 0.15768 0 999 999 999 999 999 999 999 999 999
17 83.511 130.18 2 2 1 2.366 0 999 999 999 999 999 999 999 999 999
17 98.49 84.376 3 3 1 1.3419 0 999 999 999 999 999 999 999 999 999
17 106.96 129.72 2 2 1 0.82983 0 999 999 999 999 999 999 999 999 999
17 103.04 118.26 2 2 1 0.58996 0 999 999 999 999 999 999 999 999 999
17 95.479 78.622 3 3 1 0.63783 0 999 999 999 999 999 999 999 999 999
17 98.49 84.376 3 3 1 0.686 0 999 999 999 999 999 999 999 999 999
17 81.98 77.371 1 1 1 0.84597 0 999 999 999 999 999 999 999 999 999
17 136.19 106.89 4 4 1 0.47791 0 999 999 999 999 999 999 999 999 999
17 109.3 123.13 4 2 0 1.5659 0 999 999 999 999 999 999 999 999 999
17 68.081 70.699 1 1 1 0.70184 0 999 999 999 999 999 999 999 999 999
17 93.668 66.627 3 3 1 0.79787 0 999 999 999 999 999 999 999 999 999
17 98.029 134.14 2 2 1 0.65384 0 999 999 999 999 999 999 999 999 999
17 87.689 74.408 3 3 1 0.54175 0 999 999 999 999 999 999 999 999 999
17 104.76 95.028 3 3 1 1.0699 0 999 999 999 999 999 999 999 999 999
17 106.96 129.72 2 2 1 0.89394 0 999 999 999 999 999 999 999 999 999
17 117.04 124.98 2 2 1 0.74997 0 999 999 999 999 999 999 999 999 999
17 90.591 97.217 1 1 1 0.66982 0 999 999 999 999 999 999 999 999 999
17 98.49 84.376 3 1 0 0.63785 0 999 999 999 999 999 999 999 999 999
17 84.914 80.981 3 3 1 0.6219 0 999 999 999 999 999 999 999 999 999
17 97.504 126.9 2 2 1 0.862 0 999 999 999 999 999 999 999 999 999
17 95.479 78.622 3 3 1 0.90979 0 999 999 999 999 999 999 999 999 999
17 90.591 97.217 1 3 0 0.76586 0 999 999 999 999 999 999 999 999 999
17 98.49 84.376 3 3 1 0.86174 0 999 999 999 999 999 999 999 999 999
17 84.914 80.981 3 1 0 0.94195 0 999 999 999 999 999 999 999 999 999
17 97.391 122.91 2 2 1 0.81387 0 999 999 999 999 999 999 999 999 999
17 106.96 129.72 2 3 0 0.70175 0 999 999 999 999 999 999 999 999 999
17 87.689 74.408 3 3 1 0.49387 0 999 999 999 999 999 999 999 999 999
17 68.081 70.699 1 1 1 0.62181 0 999 999 999 999 999 999 999 999 999
17 106.96 129.72 2 2 1 0.71794 0 999 999 999 999 999 999 999 999 999
17 91.971 113.04 2 3 0 1.0699 0 999 999 999 999 999 999 999 999 999
17 68.081 70.699 1 1 1 0.57398 0 999 999 999 999 999 999 999 999 999
17 104.76 95.028 3 2 0 0.79787 0 999 999 999 999 999 999 999 999 999
17 97.391 122.91 2 2 1 0.65382 0 999 999 999 999 999 999 999 999 999
