1 124.5 99.471 4 2 0 2.8978 0 999 999 999 999 999 999 999 999 999
1 102.15 110.12 4 1 0 1.1831 0 999 999 999 999 999 999 999 999 999
1 87.689 70.986 3 4 0 0.62188 0 999 999 999 999 999 999 999 999 999
1 125.38 104.56 4 3 0 0.44646 0 999 999 999 999 999 999 999 999 999
1 39.473 91.851 1 4 0 3.79 0 999 999 999 999 999 999 999 999 999
1 78.275 99.217 1 3 0 1.4699 0 999 999 999 999 999 999 999 999 999
1 85.261 84.46 1 2 0 1.758 0 999 999 999 999 999 999 999 999 999
1 96.639 69.963 3 1 0 2.0779 0 999 999 999 999 999 999 999 999 999
1 129.27 109.65 4 3 0 2.4939 0 999 999 999 999 999 999 999 999 999
1 91.782 129.73 2 4 0 4.238 0 999 999 999 999 999 999 999 999 999
1 64.365 102.41 1 2 0 0.78189 0 999 999 999 999 999 999 999 999 999
1 149.08 91.274 4 4 1 3.6299 0 999 999 999 999 999 999 999 999 999
1 99.356 135.74 2 2 1 2.35 0 999 999 999 999 999 999 999 999 999
1 114.94 134.84 2 1 0 1.47 0 999 999 999 999 999 999 999 999 999
1 85.261 84.46 1 2 0 0.97385 0 999 999 999 999 999 999 999 999 999
1 80.169 86.568 1 2 0 1.854 0 999 999 999 999 999 999 999 999 999
1 125.38 104.56 4 3 0 2.3659 0 999 999 999 999 999 999 999 999 999
1 93.391 87.726 3 1 0 1.9019 0 999 999 999 999 999 999 999 999 999
1 92.905 137.2 2 2 1 0.94208 0 999 999 999 999 999 999 999 999 999
1 102.15 110.12 4 2 0 1.4378 0 999 999 999 999 999 999 999 999 999
1 93.391 87.726 3 3 1 3.4698 0 999 999 999 999 999 999 999 999 999
1 68.218 105.19 1 1 1 1.5659 0 999 999 999 999 999 999 999 999 999
1 66.167 90.106 1 1 1 1.0859 0 999 999 999 999 999 999 999 999 999
1 64.79 97.892 1 1 1 0.92586 0 999 999 999 999 999 999 999 999 999
1 91.782 129.73 2 2 1 2.11 0 999 999 999 999 999 999 999 999 999
1 125.38 104.56 4 4 1 1.1019 0 999 999 999 999 999 999 999 999 999
1 85.261 84.46 1 3 0 0.86194 0 999 999 999 999 999 999 999 999 999
1 66.167 90.106 1 1 1 1.246 0 999 999 999 999 999 999 999 999 999
1 110.69 64.581 3 4 0 2.19 0 999 999 999 999 999 999 999 999 999
1 66.167 90.106 1 1 1 2.4299 0 999 999 999 999 999 999 999 999 999
1 114.94 134.84 2 2 1 2.27 0 999 999 999 999 999 999 999 999 999
1 85.261 84.46 1 3 0 5.4219 0 999 999 999 999 999 999 999 999 999
1 89.205 128.24 2 4 0 2.478 0 999 999 999 999 999 999 999 999 999
1 110.69 64.581 3 3 1 3.2459 0 999 999 999 999 999 999 999 999 999
1 114.94 134.84 2 2 1 1.534 0 999 999 999 999 999 999 999 999 999
1 149.08 91.274 4 4 1 2.526 0 999 999 999 999 999 999 999 999 999
1 110.69 64.581 3 3 1 3.4539 0 999 999 999 999 999 999 999 999 999
1 129.27 109.65 4 2 0 1.9499 0 999 999 999 999 999 999 999 999 999
1 96.142 90.149 3 4 0 3.5818 0 999 999 999 999 999 999 999 999 999
1 96.639 69.963 3 3 1 1.8539 0 999 999 999 999 999 999 999 999 999
1 80.169 86.568 1 1 1 2.6219 0 999 999 999 999 999 999 999 999 999
1 93.391 87.726 3 1 0 1.022 0 999 999 999 999 999 999 999 999 999
1 92.905 137.2 2 2 1 1.5499 0 999 999 999 999 999 999 999 999 999
1 96.142 90.149 3 1 0 1.8218 0 999 999 999 999 999 999 999 999 999
1 80.169 86.568 1 1 1 1.102 0 999 999 999 999 999 999 999 999 999
1 125.38 104.56 4 2 0 5.694 0 999 999 999 999 999 999 999 999 999
1 39.473 91.851 1 1 1 0.87799 0 999 999 999 999 999 999 999 999 999
1 96.639 69.963 3 3 1 5.2459 0 999 999 999 999 999 999 999 999 999
1 89.205 128.24 2 2 1 2.4619 0 999 999 999 999 999 999 999 999 999
1 125.38 104.56 4 4 1 3.022 0 999 999 999 999 999 999 999 999 999
2 104.76 71.337 3 3 1 2.8735 0 999 999 999 999 999 999 999 999 999
2 107.25 121.06 2 2 1 3.223 0 999 999 999 999 999 999 999 999 999
2 98.299 69.413 3 3 1 2.5418 0 999 999 999 999 999 999 999 999 999
2 77.293 96.621 1 1 1 1.2939 0 999 999 999 999 999 999 999 999 999
2 97.692 68.655 3 3 1 1.7896 0 999 999 999 999 999 999 999 999 999
2 95.969 69.394 3 3 1 3.278 0 999 999 999 999 999 999 999 999 999
2 104.24 132.76 2 2 1 2.1742 0 999 999 999 999 999 999 999 999 999
2 92.87 110.19 2 2 1 2.6059 0 999 999 999 999 999 999 999 999 999
2 101.38 82.638 3 3 1 1.2459 0 999 999 999 999 999 999 999 999 999
2 92.946 59.224 3 3 1 3.1818 0 999 999 999 999 999 999 999 999 999
2 110.89 71.326 3 4 0 2.2539 0 999 999 999 999 999 999 999 999 999
2 66.948 100.08 1 1 1 0.90977 0 999 999 999 999 999 999 999 999 999
2 128.97 95.216 4 4 1 0.94199 0 999 999 999 999 999 999 999 999 999
2 77.293 96.621 1 1 1 0.98999 0 999 999 999 999 999 999 999 999 999
2 110.42 92.918 4 3 0 3.0539 0 999 999 999 999 999 999 999 999 999
2 116.98 78.635 4 4 1 7.47 0 999 999 999 999 999 999 999 999 999
2 76.579 95.076 1 1 1 0.89402 0 999 999 999 999 999 999 999 999 999
2 98.299 69.413 3 3 1 2.5419 0 999 999 999 999 999 999 999 999 999
2 110.42 92.918 4 2 0 3.374 0 999 999 999 999 999 999 999 999 999
2 104.89 134.47 2 2 1 0.78202 0 999 999 999 999 999 999 999 999 999
2 103.58 74.325 3 3 1 0.86199 0 999 999 999 999 999 999 999 999 999
2 78.163 92.867 1 1 1 0.86189 0 999 999 999 999 999 999 999 999 999
2 69.509 99.987 1 1 1 0.68599 0 999 999 999 999 999 999 999 999 999
2 115.5 107.93 4 4 1 1.774 0 999 999 999 999 999 999 999 999 999
2 118.59 132.35 2 4 0 0.86188 0 999 999 999 999 999 999 999 999 999
2 92.87 110.19 2 2 1 2.0779 0 999 999 999 999 999 999 999 999 999
2 97.692 68.655 3 3 1 1.0538 0 999 999 999 999 999 999 999 999 999
2 92.87 110.19 2 2 1 3.822 0 999 999 999 999 999 999 999 999 999
2 95.353 132.46 2 2 1 1.3579 0 999 999 999 999 999 999 999 999 999
2 135.16 95.96 4 4 1 0.89403 0 999 999 999 999 999 999 999 999 999
2 76.579 95.076 1 1 1 0.74985 0 999 999 999 999 999 999 999 999 999
2 76.579 95.076 1 1 1 0.98987 0 999 999 999 999 999 999 999 999 999
2 69.509 99.987 1 1 1 0.6859 0 999 999 999 999 999 999 999 999 999
2 135.16 95.96 4 4 1 1.31 0 999 999 999 999 999 999 999 999 999
2 116.98 78.635 4 3 0 2.926 0 999 999 999 999 999 999 999 999 999
2 113.92 125.03 2 4 0 1.0858 0 999 999 999 999 999 999 999 999 999
2 110.42 92.918 4 3 0 1.0376 0 999 999 999 999 999 999 999 999 999
2 69.509 99.987 1 1 1 0.8301 0 999 999 999 999 999 999 999 999 999
2 113.92 125.03 2 2 1 2.7499 0 999 999 999 999 999 999 999 999 999
2 105.84 75.985 3 3 1 1.6299 0 999 999 999 999 999 999 999 999 999
2 110.42 92.918 4 3 0 0.86197 0 999 999 999 999 999 999 999 999 999
2 110.42 92.918 4 4 1 1.358 0 999 999 999 999 999 999 999 999 999
2 107.25 121.06 2 4 0 1.838 0 999 999 999 999 999 999 999 999 999
2 128.97 95.216 4 4 1 1.55 0 999 999 999 999 999 999 999 999 999
2 95.969 69.394 3 3 1 1.3578 0 999 999 999 999 999 999 999 999 999
2 113.92 125.03 2 2 1 1.262 0 999 999 999 999 999 999 999 999 999
2 118.59 132.35 2 2 1 1.534 0 999 999 999 999 999 999 999 999 999
2 104.89 134.47 2 2 1 1.4381 0 999 999 999 999 999 999 999 999 999
2 105.84 75.985 3 3 1 0.97385 0 999 999 999 999 999 999 999 999 999
2 78.163 92.867 1 1 1 0.87798 0 999 999 999 999 999 999 999 999 999
3 77.029 111.55 1 1 1 2.249 0 999 999 999 999 999 999 999 999 999
3 77.33 98.916 1 1 1 0.79059 0 999 999 999 999 999 999 999 999 999
3 107.85 66.144 3 3 1 2.0781 0 999 999 999 999 999 999 999 999 999
3 98.909 132.19 2 2 1 1.246 0 999 999 999 999 999 999 999 999 999
3 127.04 79.395 4 4 1 1.4379 0 999 999 999 999 999 999 999 999 999
3 79.195 84.361 1 1 1 0.86201 0 999 999 999 999 999 999 999 999 999
3 85.629 128.04 2 2 1 2.0459 0 999 999 999 999 999 999 999 999 999
3 79.951 117.37 2 2 1 1.9339 0 999 999 999 999 999 999 999 999 999
3 55.679 78.352 1 1 1 0.87796 0 999 999 999 999 999 999 999 999 999
3 53.133 95.394 1 1 1 0.81404 0 999 999 999 999 999 999 999 999 999
3 79.388 80.143 1 1 1 0.71794 0 999 999 999 999 999 999 999 999 999
3 79.951 117.37 2 2 1 2.0459 0 999 999 999 999 999 999 999 999 999
3 101.9 65.457 3 2 0 1.9819 0 999 999 999 999 999 999 999 999 999
3 89.956 66.395 3 3 1 0.60587 0 999 999 999 999 999 999 999 999 999
3 53.133 95.394 1 1 1 0.67001 0 999 999 999 999 999 999 999 999 999
3 98.909 132.19 2 2 1 1.2139 0 999 999 999 999 999 999 999 999 999
3 97.391 133.76 2 2 1 1.5339 0 999 999 999 999 999 999 999 999 999
3 75.685 100.38 1 1 1 1.31 0 999 999 999 999 999 999 999 999 999
3 85.629 128.04 2 2 1 1.3899 0 999 999 999 999 999 999 999 999 999
3 79.951 117.37 2 2 1 1.1019 0 999 999 999 999 999 999 999 999 999
3 109.08 93.888 4 3 0 2.8779 0 999 999 999 999 999 999 999 999 999
3 78.088 111.54 2 2 1 1.454 0 999 999 999 999 999 999 999 999 999
3 107.34 136.75 2 2 1 1.0379 0 999 999 999 999 999 999 999 999 999
3 77.531 121.4 1 2 0 0.58984 0 999 999 999 999 999 999 999 999 999
3 101.9 65.457 3 3 1 1.0218 0 999 999 999 999 999 999 999 999 999
3 109.08 93.888 4 3 0 0.71795 0 999 999 999 999 999 999 999 999 999
3 143.65 118.91 4 4 1 0.62182 0 999 999 999 999 999 999 999 999 999
3 75.685 100.38 1 3 0 1.7418 0 999 999 999 999 999 999 999 999 999
3 55.679 78.352 1 1 1 0.91003 0 999 999 999 999 999 999 999 999 999
3 75.685 100.38 1 1 1 0.62188 0 999 999 999 999 999 999 999 999 999
3 109.08 93.888 4 3 0 2.3339 0 999 999 999 999 999 999 999 999 999
3 109.08 93.888 4 2 0 1.086 0 999 999 999 999 999 999 999 999 999
3 79.388 80.143 1 4 0 1.822 0 999 999 999 999 999 999 999 999 999
3 89.956 66.395 3 3 1 1.2779 0 999 999 999 999 999 999 999 999 999
3 55.679 78.352 1 1 1 0.89406 0 999 999 999 999 999 999 999 999 999
3 94.348 69.092 3 3 1 1.0379 0 999 999 999 999 999 999 999 999 999
3 94.348 69.092 3 3 1 0.6859 0 999 999 999 999 999 999 999 999 999
3 143.65 118.91 4 2 0 1.3579 0 999 999 999 999 999 999 999 999 999
3 94.348 69.092 3 3 1 1.1339 0 999 999 999 999 999 999 999 999 999
3 79.388 80.143 1 3 0 2.606 0 999 999 999 999 999 999 999 999 999
3 79.388 80.143 1 1 1 0.94204 0 999 999 999 999 999 999 999 999 999
3 78.088 111.54 2 1 0 0.52584 0 999 999 999 999 999 999 999 999 999
3 98.909 132.19 2 2 1 0.81394 0 999 999 999 999 999 999 999 999 999
3 107.34 136.75 2 2 1 0.73391 0 999 999 999 999 999 999 999 999 999
3 89.956 66.395 3 1 0 1.5821 0 999 999 999 999 999 999 999 999 999
3 75.685 100.38 1 1 1 0.87803 0 999 999 999 999 999 999 999 999 999
3 77.531 121.4 1 1 1 1.0059 0 999 999 999 999 999 999 999 999 999
3 79.388 80.143 1 1 1 1.5179 0 999 999 999 999 999 999 999 999 999
3 98.909 132.19 2 2 1 1.518 0 999 999 999 999 999 999 999 999 999
3 85.629 128.04 2 2 1 2.5099 0 999 999 999 999 999 999 999 999 999
4 84.233 134.84 2 2 1 1.3204 0 999 999 999 999 999 999 999 999 999
4 71.138 96.265 1 1 1 1.6704 0 999 999 999 999 999 999 999 999 999
4 106.55 97.203 4 3 0 1.5339 0 999 999 999 999 999 999 999 999 999
4 113.39 97.568 4 4 1 1.1979 0 999 999 999 999 999 999 999 999 999
4 95.849 76.65 3 3 1 1.5179 0 999 999 999 999 999 999 999 999 999
4 97.072 123.11 2 2 1 1.3899 0 999 999 999 999 999 999 999 999 999
4 105.35 88.156 3 4 0 3.0378 0 999 999 999 999 999 999 999 999 999
4 87.361 89.864 3 2 0 0.92602 0 999 999 999 999 999 999 999 999 999
4 111.42 105.79 4 4 1 0.89389 0 999 999 999 999 999 999 999 999 999
4 82.728 75.548 3 3 1 1.9498 0 999 999 999 999 999 999 999 999 999
4 77.858 91.567 1 3 0 1.3098 0 999 999 999 999 999 999 999 999 999
4 100.29 75.35 3 4 0 1.118 0 999 999 999 999 999 999 999 999 999
4 109.3 107.19 4 4 1 1.006 0 999 999 999 999 999 999 999 999 999
4 90.34 108.69 1 3 0 1.822 0 999 999 999 999 999 999 999 999 999
4 136.2 97.41 4 4 1 0.94185 0 999 999 999 999 999 999 999 999 999
4 111.12 63.324 3 3 1 1.006 0 999 999 999 999 999 999 999 999 999
4 127.38 98.963 4 2 0 0.95797 0 999 999 999 999 999 999 999 999 999
4 87.361 89.864 3 2 0 1.7101 0 999 999 999 999 999 999 999 999 999
4 56.58 73.353 1 1 1 0.84588 0 999 999 999 999 999 999 999 999 999
4 95.849 76.65 3 3 1 1.0539 0 999 999 999 999 999 999 999 999 999
4 77.858 91.567 1 1 1 2.4939 0 999 999 999 999 999 999 999 999 999
4 101.08 64.121 3 3 1 1.8058 0 999 999 999 999 999 999 999 999 999
4 111.12 63.324 3 4 0 1.9821 0 999 999 999 999 999 999 999 999 999
4 136.2 97.41 4 4 1 1.1178 0 999 999 999 999 999 999 999 999 999
4 106.52 78.373 3 3 1 0.95794 0 999 999 999 999 999 999 999 999 999
4 107.58 147.88 2 2 1 0.68604 0 999 999 999 999 999 999 999 999 999
4 100.29 75.35 3 3 1 1.3098 0 999 999 999 999 999 999 999 999 999
4 106.93 146.08 2 2 1 0.78199 0 999 999 999 999 999 999 999 999 999
4 90.34 108.69 1 3 0 1.6299 0 999 999 999 999 999 999 999 999 999
4 106.93 146.08 2 2 1 0.97398 0 999 999 999 999 999 999 999 999 999
4 111.42 105.79 4 2 0 0.63794 0 999 999 999 999 999 999 999 999 999
4 113.73 110.07 4 2 0 2.0298 0 999 999 999 999 999 999 999 999 999
4 106.52 78.373 3 3 1 0.78187 0 999 999 999 999 999 999 999 999 999
4 100.29 75.35 3 3 1 0.73388 0 999 999 999 999 999 999 999 999 999
4 136.2 97.41 4 4 1 1.374 0 999 999 999 999 999 999 999 999 999
4 107.58 147.88 2 2 1 0.95798 0 999 999 999 999 999 999 999 999 999
4 107.17 117.67 2 3 0 1.2138 0 999 999 999 999 999 999 999 999 999
4 106.55 97.203 4 3 0 1.0539 0 999 999 999 999 999 999 999 999 999
4 106.93 146.08 2 2 1 0.70199 0 999 999 999 999 999 999 999 999 999
4 106.52 78.373 3 3 1 0.89388 0 999 999 999 999 999 999 999 999 999
4 113.39 97.568 4 3 0 2.7819 0 999 999 999 999 999 999 999 999 999
4 111.12 63.324 3 3 1 0.92582 0 999 999 999 999 999 999 999 999 999
4 77.858 91.567 1 1 1 1.406 0 999 999 999 999 999 999 999 999 999
4 84.233 134.84 2 2 1 1.5659 0 999 999 999 999 999 999 999 999 999
4 107.17 117.67 2 2 1 1.022 0 999 999 999 999 999 999 999 999 999
4 113.73 110.07 4 2 0 0.606 0 999 999 999 999 999 999 999 999 999
4 109.3 107.19 4 3 0 0.86195 0 999 999 999 999 999 999 999 999 999
4 71.138 96.265 1 1 1 0.87779 0 999 999 999 999 999 999 999 999 999
4 56.58 73.353 1 1 1 0.63797 0 999 999 999 999 999 999 999 999 999
4 71.138 96.265 1 1 1 0.65392 0 999 999 999 999 999 999 999 999 999
5 91.934 122.35 2 2 1 1.2891 0 999 999 999 999 999 999 999 999 999
5 139.65 108.11 4 2 0 1.0626 0 999 999 999 999 999 999 999 999 999
5 123.6 118.76 4 2 0 0.70181 0 999 999 999 999 999 999 999 999 999
5 122.27 83.272 4 3 0 0.97404 0 999 999 999 999 999 999 999 999 999
5 105.96 84.376 3 3 1 0.94185 0 999 999 999 999 999 999 999 999 999
5 127.27 96.662 4 2 0 1.55 0 999 999 999 999 999 999 999 999 999
5 95.99 66.622 3 3 1 1.0058 0 999 999 999 999 999 999 999 999 999
5 123.62 135.61 2 2 1 2.5579 0 999 999 999 999 999 999 999 999 999
5 122.17 102.53 4 3 0 1.5499 0 999 999 999 999 999 999 999 999 999
5 101.17 132.06 2 2 1 0.92588 0 999 999 999 999 999 999 999 999 999
5 69.854 106.67 1 1 1 0.81379 0 999 999 999 999 999 999 999 999 999
5 150.63 106.72 4 4 1 0.9099 0 999 999 999 999 999 999 999 999 999
5 96.851 93.568 1 3 0 1.0538 0 999 999 999 999 999 999 999 999 999
5 95.81 89.459 3 2 0 0.76591 0 999 999 999 999 999 999 999 999 999
5 102.56 69.579 3 3 1 1.3739 0 999 999 999 999 999 999 999 999 999
5 122.17 102.53 4 2 0 2.2697 0 999 999 999 999 999 999 999 999 999
5 102.92 105.78 2 3 0 1.4859 0 999 999 999 999 999 999 999 999 999
5 101.69 61.526 3 3 1 0.74995 0 999 999 999 999 999 999 999 999 999
5 90.988 125.65 2 2 1 0.86207 0 999 999 999 999 999 999 999 999 999
5 122.82 102.76 4 2 0 1.7739 0 999 999 999 999 999 999 999 999 999
5 93.065 77.826 3 3 1 0.70185 0 999 999 999 999 999 999 999 999 999
5 90.988 125.65 2 2 1 0.73395 0 999 999 999 999 999 999 999 999 999
5 82.452 104.66 1 1 1 1.0539 0 999 999 999 999 999 999 999 999 999
5 107.71 119.36 2 2 1 1.1819 0 999 999 999 999 999 999 999 999 999
5 93.065 77.826 3 3 1 1.3741 0 999 999 999 999 999 999 999 999 999
5 122.82 102.76 4 2 0 2.094 0 999 999 999 999 999 999 999 999 999
5 127.27 96.662 4 4 1 1.3419 0 999 999 999 999 999 999 999 999 999
5 118.45 104.15 4 4 1 0.95791 0 999 999 999 999 999 999 999 999 999
5 150.63 106.72 4 4 1 0.71788 0 999 999 999 999 999 999 999 999 999
5 101.69 61.526 3 3 1 0.89384 0 999 999 999 999 999 999 999 999 999
5 123.62 135.61 2 4 0 1.262 0 999 999 999 999 999 999 999 999 999
5 102.92 105.78 2 3 0 2.0299 0 999 999 999 999 999 999 999 999 999
5 127.27 96.662 4 4 1 2.286 0 999 999 999 999 999 999 999 999 999
5 74.093 110.41 1 1 1 1.79 0 999 999 999 999 999 999 999 999 999
5 74.093 110.41 1 1 1 1.5659 0 999 999 999 999 999 999 999 999 999
5 82.452 104.66 1 1 1 2.0779 0 999 999 999 999 999 999 999 999 999
5 107.71 119.36 2 2 1 3.9019 0 999 999 999 999 999 999 999 999 999
5 76.165 113.66 1 1 1 1.7098 0 999 999 999 999 999 999 999 999 999
5 69.854 106.67 1 1 1 0.66996 0 999 999 999 999 999 999 999 999 999
5 96.851 93.568 1 1 1 1.7419 0 999 999 999 999 999 999 999 999 999
5 105.96 84.376 3 3 1 1.7259 0 999 999 999 999 999 999 999 999 999
5 76.165 113.66 1 1 1 1.0219 0 999 999 999 999 999 999 999 999 999
5 96.851 93.568 1 1 1 3.1018 0 999 999 999 999 999 999 999 999 999
5 76.165 113.66 1 1 1 0.81389 0 999 999 999 999 999 999 999 999 999
5 76.165 113.66 1 1 1 0.74999 0 999 999 999 999 999 999 999 999 999
5 107.71 119.36 2 3 0 1.774 0 999 999 999 999 999 999 999 999 999
5 90.988 125.65 2 1 0 0.87795 0 999 999 999 999 999 999 999 999 999
5 122.27 83.272 4 3 0 0.7979 0 999 999 999 999 999 999 999 999 999
5 102.92 105.78 2 2 1 2.3659 0 999 999 999 999 999 999 999 999 999
5 74.093 110.41 1 1 1 0.79789 0 999 999 999 999 999 999 999 999 999
6 127.55 94.586 4 4 1 1.5291 0 999 999 999 999 999 999 999 999 999
6 71.871 97.498 1 1 1 0.74285 0 999 999 999 999 999 999 999 999 999
6 116.47 109.73 4 4 1 1.694 0 999 999 999 999 999 999 999 999 999
6 97.348 115.65 2 2 1 1.7579 0 999 999 999 999 999 999 999 999 999
6 103.34 137.95 2 2 1 1.2459 0 999 999 999 999 999 999 999 999 999
6 108.59 130.18 2 2 1 1.9179 0 999 999 999 999 999 999 999 999 999
6 89.613 52.566 3 3 1 2.1899 0 999 999 999 999 999 999 999 999 999
6 136.66 104.74 4 4 1 1.9979 0 999 999 999 999 999 999 999 999 999
6 94.807 67.523 3 1 0 1.1979 0 999 999 999 999 999 999 999 999 999
6 94.552 70.742 3 3 1 1.1018 0 999 999 999 999 999 999 999 999 999
6 89.613 52.566 3 1 0 1.918 0 999 999 999 999 999 999 999 999 999
6 119.7 101.5 4 2 0 1.5499 0 999 999 999 999 999 999 999 999 999
6 110.02 124.15 2 2 1 1.8539 0 999 999 999 999 999 999 999 999 999
6 93.416 94.309 1 3 0 1.838 0 999 999 999 999 999 999 999 999 999
6 108.59 130.18 2 2 1 1.3099 0 999 999 999 999 999 999 999 999 999
6 110.02 124.15 2 2 1 1.15 0 999 999 999 999 999 999 999 999 999
6 114.03 70.961 3 4 0 1.438 0 999 999 999 999 999 999 999 999 999
6 68.081 97.759 1 1 1 1.0059 0 999 999 999 999 999 999 999 999 999
6 103.5 135.86 2 2 1 0.95799 0 999 999 999 999 999 999 999 999 999
6 93.811 79.112 3 3 1 1.0219 0 999 999 999 999 999 999 999 999 999
6 108.88 131.14 2 2 1 1.022 0 999 999 999 999 999 999 999 999 999
6 86.987 140.28 2 1 0 0.89389 0 999 999 999 999 999 999 999 999 999
6 68.081 97.759 1 1 1 1.0219 0 999 999 999 999 999 999 999 999 999
6 108.88 131.14 2 2 1 1.374 0 999 999 999 999 999 999 999 999 999
6 66.393 104.7 1 1 1 0.84598 0 999 999 999 999 999 999 999 999 999
6 88.153 60.284 3 3 1 3.7578 0 999 999 999 999 999 999 999 999 999
6 74.106 100.59 1 1 1 0.94201 0 999 999 999 999 999 999 999 999 999
6 68.081 97.759 1 1 1 0.71785 0 999 999 999 999 999 999 999 999 999
6 116.47 109.73 4 3 0 2.0939 0 999 999 999 999 999 999 999 999 999
6 87.638 85.89 1 3 0 1.71 0 999 999 999 999 999 999 999 999 999
6 119.86 91.02 4 4 1 0.97405 0 999 999 999 999 999 999 999 999 999
6 94.17 58.117 3 3 1 1.2139 0 999 999 999 999 999 999 999 999 999
6 94.17 58.117 3 3 1 0.87797 0 999 999 999 999 999 999 999 999 999
6 119.86 91.02 4 4 1 2.206 0 999 999 999 999 999 999 999 999 999
6 68.797 108.79 1 1 1 1.1019 0 999 999 999 999 999 999 999 999 999
6 87.638 85.89 1 1 1 2.0458 0 999 999 999 999 999 999 999 999 999
6 88.153 60.284 3 1 0 1.4378 0 999 999 999 999 999 999 999 999 999
6 94.17 58.117 3 3 1 0.78195 0 999 999 999 999 999 999 999 999 999
6 68.081 97.759 1 1 1 0.86199 0 999 999 999 999 999 999 999 999 999
6 110.02 124.15 2 2 1 1.374 0 999 999 999 999 999 999 999 999 999
6 108.59 130.18 2 2 1 1.5339 0 999 999 999 999 999 999 999 999 999
6 89.613 52.566 3 3 1 1.5178 0 999 999 999 999 999 999 999 999 999
6 84.064 92.02 1 1 1 2.4459 0 999 999 999 999 999 999 999 999 999
6 87.638 85.89 1 1 1 1.9819 0 999 999 999 999 999 999 999 999 999
6 108.87 93.55 4 3 0 2.2539 0 999 999 999 999 999 999 999 999 999
6 94.552 70.742 3 3 1 1.1339 0 999 999 999 999 999 999 999 999 999
6 114.03 70.961 3 4 0 0.73381 0 999 999 999 999 999 999 999 999 999
6 84.064 92.02 1 1 1 2.19 0 999 999 999 999 999 999 999 999 999
6 108.87 93.55 4 3 0 1.454 0 999 999 999 999 999 999 999 999 999
6 108.59 130.18 2 2 1 1.79 0 999 999 999 999 999 999 999 999 999
7 143.47 94.534 4 4 1 2.3603 0 999 999 999 999 999 999 999 999 999
7 58.379 84.705 1 1 1 0.75536 1 999 999 999 999 999 999 999 999 999
7 107.65 138.9 2 2 1 1.1653 1 999 999 999 999 999 999 999 999 999
7 92.592 130.76 2 2 1 1.4858 1 999 999 999 999 999 999 999 999 999
7 123.59 103.95 4 4 1 2.3339 0 999 999 999 999 999 999 999 999 999
7 103.35 71.214 3 3 1 0.84584 1 999 999 999 999 999 999 999 999 999
7 110.45 137.73 2 3 0 1.854 1 999 999 999 999 999 999 999 999 999
7 121.88 117.5 4 2 0 1.3899 1 999 999 999 999 999 999 999 999 999
7 123.59 103.95 4 4 1 0.73386 1 999 999 999 999 999 999 999 999 999
7 107.65 138.9 2 2 1 2.686 1 999 999 999 999 999 999 999 999 999
7 97.429 142.17 2 4 0 0.60584 1 999 999 999 999 999 999 999 999 999
7 106.68 86.356 3 3 1 1.0538 1 999 999 999 999 999 999 999 999 999
7 126.13 115.75 4 4 1 0.89391 0 999 999 999 999 999 999 999 999 999
7 103.37 128.14 2 1 0 1.8539 1 999 999 999 999 999 999 999 999 999
7 53.26 90.416 1 2 0 1.5179 1 999 999 999 999 999 999 999 999 999
7 58.328 100.23 1 3 0 0.95779 0 999 999 999 999 999 999 999 999 999
7 107.65 138.9 2 1 0 2.4459 1 999 999 999 999 999 999 999 999 999
7 136.7 85.663 4 4 1 2.4619 1 999 999 999 999 999 999 999 999 999
7 127.71 95.12 4 3 0 4.6379 1 999 999 999 999 999 999 999 999 999
7 81.331 104.84 1 1 1 1.0381 1 999 999 999 999 999 999 999 999 999
7 72.589 100.09 1 1 1 0.79795 1 999 999 999 999 999 999 999 999 999
7 89.896 118.43 2 2 1 2.5259 1 999 999 999 999 999 999 999 999 999
7 58.379 84.705 1 1 1 1.8219 1 999 999 999 999 999 999 999 999 999
7 95.039 81.911 3 4 0 1.4699 1 999 999 999 999 999 999 999 999 999
7 125.05 105.74 4 4 1 0.82996 0 999 999 999 999 999 999 999 999 999
7 72.589 100.09 1 4 0 1.406 1 999 999 999 999 999 999 999 999 999
7 107.65 138.9 2 4 0 1.7899 0 999 999 999 999 999 999 999 999 999
7 95.087 154.25 2 3 0 1.8539 1 999 999 999 999 999 999 999 999 999
7 98.016 73.16 3 2 0 2.894 0 999 999 999 999 999 999 999 999 999
7 96.491 88.531 3 1 0 1.95 0 999 999 999 999 999 999 999 999 999
7 100.41 107.79 2 4 0 2.1099 1 999 999 999 999 999 999 999 999 999
7 107.65 138.9 2 3 0 3.2298 1 999 999 999 999 999 999 999 999 999
7 103.35 71.214 3 3 1 3.1668 1 999 999 999 999 999 999 999 999 999
7 95.087 154.25 2 4 0 5.15 1 999 999 999 999 999 999 999 999 999
7 110.45 137.73 2 2 1 2.5899 0 999 999 999 999 999 999 999 999 999
7 110.45 137.73 2 1 0 0.71804 1 999 999 999 999 999 999 999 999 999
7 136.7 85.663 4 1 0 3.8859 1 999 999 999 999 999 999 999 999 999
7 53.26 90.416 1 4 0 2.462 1 999 999 999 999 999 999 999 999 999
7 81.331 104.84 1 2 0 1.63 1 999 999 999 999 999 999 999 999 999
7 95.087 154.25 2 3 0 2.1578 1 999 999 999 999 999 999 999 999 999
7 123.59 103.95 4 4 1 0.89397 1 999 999 999 999 999 999 999 999 999
7 100.41 107.79 2 1 0 1.6778 0 999 999 999 999 999 999 999 999 999
7 126.13 115.75 4 4 1 0.94179 0 999 999 999 999 999 999 999 999 999
7 103.37 128.14 2 2 1 1.5339 1 999 999 999 999 999 999 999 999 999
7 127.71 95.12 4 4 1 1.1979 1 999 999 999 999 999 999 999 999 999
7 72.589 100.09 1 3 0 3.4218 0 999 999 999 999 999 999 999 999 999
7 125.05 105.74 4 4 1 1.0538 1 999 999 999 999 999 999 999 999 999
7 95.039 81.911 3 2 0 0.75001 1 999 999 999 999 999 999 999 999 999
7 136.7 85.663 4 4 1 0.92593 1 999 999 999 999 999 999 999 999 999
7 127.71 95.12 4 4 1 3.9499 1 999 999 999 999 999 999 999 999 999
8 92.969 80.325 3 3 1 1.5934 1 999 999 999 999 999 999 999 999 999
8 133.95 98.452 4 4 1 4.1188 1 999 999 999 999 999 999 999 999 999
8 104.71 121.33 2 2 1 1.3418 1 999 999 999 999 999 999 999 999 999
8 96.667 83.574 3 1 0 3.5979 1 999 999 999 999 999 999 999 999 999
8 81.98 81.853 1 3 0 3.1338 1 999 999 999 999 999 999 999 999 999
8 98.53 150 2 3 0 2.1418 1 999 999 999 999 999 999 999 999 999
8 133.69 103.67 4 4 1 0.78208 1 999 999 999 999 999 999 999 999 999
8 91.41 69.971 3 1 0 3.3739 1 999 999 999 999 999 999 999 999 999
8 134.54 82.164 4 4 1 0.98985 0 999 999 999 999 999 999 999 999 999
8 64.178 104.33 1 2 0 2.6539 1 999 999 999 999 999 999 999 999 999
8 134.54 82.164 4 4 1 1.4059 1 999 999 999 999 999 999 999 999 999
8 122.08 88.827 4 4 1 1.406 1 999 999 999 999 999 999 999 999 999
8 63.495 103.13 1 2 0 0.75002 0 999 999 999 999 999 999 999 999 999
8 94.558 139.79 2 1 0 1.6618 0 999 999 999 999 999 999 999 999 999
8 65.666 91.165 1 2 0 1.166 1 999 999 999 999 999 999 999 999 999
8 133.57 97.095 4 4 1 0.82989 1 999 999 999 999 999 999 999 999 999
8 99.288 71.596 3 3 1 0.63782 1 999 999 999 999 999 999 999 999 999
8 99.288 71.596 3 2 0 5.582 1 999 999 999 999 999 999 999 999 999
8 100.19 118.25 2 4 0 0.60577 0 999 999 999 999 999 999 999 999 999
8 133.57 97.095 4 4 1 1.1499 1 999 999 999 999 999 999 999 999 999
8 81.981 126.58 2 4 0 2.8778 0 999 999 999 999 999 999 999 999 999
8 97.639 67.162 3 3 1 1.7259 1 999 999 999 999 999 999 999 999 999
8 90.796 50.4 3 1 0 1.854 1 999 999 999 999 999 999 999 999 999
8 113.65 127.39 2 4 0 1.4059 1 999 999 999 999 999 999 999 999 999
8 65.666 91.165 1 1 1 0.84591 0 999 999 999 999 999 999 999 999 999
8 133.69 103.67 4 1 0 1.87 1 999 999 999 999 999 999 999 999 999
8 96.667 83.574 3 1 0 0.90983 1 999 999 999 999 999 999 999 999 999
8 133.57 97.095 4 4 1 3.2618 1 999 999 999 999 999 999 999 999 999
8 96.667 83.574 3 1 0 0.60592 1 999 999 999 999 999 999 999 999 999
8 100.19 118.25 2 1 0 0.73382 1 999 999 999 999 999 999 999 999 999
8 99.288 71.596 3 1 0 0.70198 0 999 999 999 999 999 999 999 999 999
8 100.19 118.25 2 1 0 2.1739 1 999 999 999 999 999 999 999 999 999
8 90.796 50.4 3 1 0 0.58995 1 999 999 999 999 999 999 999 999 999
8 71.147 103.16 1 2 0 1.9179 1 999 999 999 999 999 999 999 999 999
8 90.796 50.4 3 1 0 0.79792 1 999 999 999 999 999 999 999 999 999
8 99.288 71.596 3 1 0 0.78188 1 999 999 999 999 999 999 999 999 999
8 71.147 103.16 1 3 0 0.71794 1 999 999 999 999 999 999 999 999 999
8 97.639 67.162 3 1 0 0.89392 0 999 999 999 999 999 999 999 999 999
8 113.65 127.39 2 2 1 0.79778 1 999 999 999 999 999 999 999 999 999
8 71.745 70.699 1 1 1 2.11 1 999 999 999 999 999 999 999 999 999
8 90.796 50.4 3 1 0 0.82997 1 999 999 999 999 999 999 999 999 999
8 94.558 139.79 2 3 0 1.7419 1 999 999 999 999 999 999 999 999 999
8 105.22 108.78 2 2 1 1.1499 1 999 999 999 999 999 999 999 999 999
8 99.288 71.596 3 4 0 2.3338 0 999 999 999 999 999 999 999 999 999
8 105.22 108.78 2 3 0 0.57386 1 999 999 999 999 999 999 999 999 999
8 122.08 88.827 4 4 1 1.854 1 999 999 999 999 999 999 999 999 999
8 133.95 98.452 4 3 0 1.1658 0 999 999 999 999 999 999 999 999 999
8 104.43 129.79 2 3 0 1.1019 0 999 999 999 999 999 999 999 999 999
8 65.666 91.165 1 2 0 2.4779 1 999 999 999 999 999 999 999 999 999
8 71.147 103.16 1 4 0 1.0379 0 999 999 999 999 999 999 999 999 999
9 106.31 73.017 3 1 0 2.9568 1 5 6 2 1 1 0 0 1 2.9568
9 90.777 65.784 3 1 0 0.99202 1 8 5 1 2 1 1 1 1 0.99202
9 131.56 96.305 4 4 1 3.0399 1 8 2 1 2 0 0 0 1 3.0399
9 83.847 143.14 2 2 1 1.536 1 4 7 2 1 0 1 1 1 1.536
9 60.554 101.94 1 2 0 0.91194 1 3 8 2 1 1 0 0 1 0.91194
9 107.74 120.02 2 3 0 1.04 0 3 7 1 2 1 1 1 1 1.04
9 86.84 95.028 3 4 0 0.79996 1 5 6 2 1 1 0 0 1 0.79996
9 112.41 87.263 4 1 0 1.5519 1 8 3 2 1 0 0 0 1 1.5519
9 99.229 134.39 2 3 0 1.1841 1 5 7 2 1 0 1 1 1 1.1841
9 94.721 134.06 2 3 0 0.928 1 7 2 1 2 1 1 1 1 0.928
9 60.554 101.94 1 2 0 3.856 1 2 8 2 1 1 0 0 1 3.856
9 105.37 66.537 3 1 0 1.1358 1 9 2 1 2 0 0 0 1 1.1358
9 77.653 109.31 1 2 0 0.94397 1 3 7 2 1 0 1 1 1 0.94397
9 65.882 102.45 1 4 0 0.84788 1 8 3 1 2 1 1 1 1 0.84788
9 51.438 106.88 1 2 0 0.92786 1 4 9 1 2 1 1 1 1 0.92786
9 124.18 129.49 4 3 0 0.96016 0 2 6 2 1 0 1 1 1 0.96016
9 76.242 109.84 1 2 0 0.91195 0 8 2 1 2 1 1 1 1 0.91195
9 130.3 90.087 4 4 1 0.8639 1 6 3 1 2 0 0 0 1 0.8639
9 51.438 106.88 1 2 0 0.67186 1 8 4 2 1 1 0 0 1 0.67186
9 94.721 134.06 2 3 0 3.3761 1 2 8 2 1 0 1 1 1 3.3761
9 136.37 97.126 4 1 0 0.83198 1 5 7 2 1 1 0 0 1 0.83198
9 86.84 95.028 3 4 0 0.63986 1 6 2 2 1 1 0 0 1 0.63986
9 122.53 97.663 4 2 0 1.984 1 4 9 2 1 1 0 0 1 1.984
9 80.038 116.53 1 3 0 1.0239 1 8 2 2 1 0 0 0 1 1.0239
9 77.653 109.31 1 2 0 0.55999 0 4 6 2 1 1 0 0 1 0.55999
9 76.242 109.84 1 4 0 1.1519 1 9 5 1 2 0 0 0 1 1.1519
9 86.84 95.028 3 2 0 1.12 1 2 6 2 1 0 1 1 1 1.12
9 106.96 119.43 2 3 0 0.94397 1 4 6 1 2 0 1 1 1 0.94397
9 94.721 134.06 2 2 1 0.73604 1 8 4 1 2 1 1 1 1 0.73604
9 107.74 120.02 2 4 0 0.71995 1 7 5 1 2 1 1 1 1 0.71995
9 111.12 79.367 4 1 0 0.76785 1 3 6 2 1 1 0 0 1 0.76785
9 121.1 104.91 4 1 0 1.0879 1 7 4 1 2 0 0 0 1 1.0879
9 105.37 66.537 3 1 0 0.81581 1 4 7 2 1 0 1 1 1 0.81581
9 111.12 79.367 4 1 0 1.3599 1 8 2 1 2 0 0 0 1 1.3599
9 105.37 66.537 3 1 0 0.56003 0 4 8 2 1 1 0 0 1 0.56003
9 93.178 55.479 3 1 0 0.8639 1 7 3 1 2 0 0 0 1 0.8639
9 122.53 97.663 4 4 1 0.97593 1 6 5 1 2 0 0 0 1 0.97593
9 106.96 119.43 2 3 0 1.2959 1 4 9 2 1 0 1 1 1 1.2959
9 136.37 97.126 4 2 0 0.864 1 3 9 2 1 0 1 1 1 0.864
9 131.56 96.305 4 2 0 1.0879 0 5 8 2 1 0 1 1 1 1.0879
9 107.74 120.02 2 3 0 1.7438 0 9 3 1 2 0 0 0 1 1.7438
9 51.438 106.88 1 4 0 0.79996 0 7 4 1 2 0 0 0 1 0.79996
9 93.178 55.479 3 1 0 0.71989 1 5 6 2 1 0 1 1 1 0.71989
9 130.3 90.087 4 1 0 0.89587 1 5 6 2 1 0 1 1 1 0.89587
9 99.229 134.39 2 3 0 0.81595 0 4 8 2 1 1 0 0 1 0.81595
9 106.31 73.017 3 1 0 0.51187 0 6 2 1 2 1 1 1 1 0.51187
9 131.56 96.305 4 4 1 0.63994 0 8 4 1 2 1 1 1 1 0.63994
9 80.038 116.53 1 2 0 0.68788 0 7 4 2 1 1 0 0 1 0.68788
9 121.1 104.91 4 4 1 0.79985 1 7 4 1 2 1 1 1 1 0.79985
9 106.96 119.43 2 3 0 0.70383 1 8 4 1 2 1 1 1 1 0.70383
10 127.92 109.16 4 4 1 0.89598 1 2 6 2 1 1 0 0 1 0.89598
10 75.224 111.16 1 2 0 0.62409 1 9 4 1 2 0 0 0 1 0.62409
10 140.14 98.541 4 4 1 0.94374 0 3 8 1 2 0 1 1 1 0.94374
10 132.99 93.748 4 4 1 1.2799 1 3 7 1 2 0 1 1 1 1.2799
10 69.114 108.26 1 2 0 0.47988 0 5 7 2 1 1 0 0 1 0.47988
10 74.269 99.646 1 3 0 0.46391 0 9 4 2 1 1 0 0 1 0.46391
10 94.577 86.605 3 1 0 0.63998 1 8 4 1 2 1 1 1 1 0.63998
10 75.224 111.16 1 2 0 0.51184 1 8 3 2 1 1 0 0 1 0.51184
10 131.92 91.673 4 1 0 0.57607 0 2 9 2 1 1 0 0 1 0.57607
10 66.173 93.522 1 3 0 1.68 0 7 5 1 2 0 0 0 1 1.68
10 131.92 91.673 4 3 0 0.87983 1 4 8 2 1 0 1 1 1 0.87983
10 107.42 80.539 3 4 0 1.1999 1 9 3 1 2 1 1 1 1 1.1999
10 107.88 143.25 2 2 1 0.92785 1 6 4 1 2 0 0 0 1 0.92785
10 92.034 79.509 3 1 0 0.62381 1 4 6 2 1 1 0 0 1 0.62381
10 92.722 126.84 2 4 0 1.5839 1 5 9 2 1 0 1 1 1 1.5839
10 66.881 102.65 1 3 0 1.9999 1 6 2 1 2 1 1 1 1 1.9999
10 98.49 63.608 3 1 0 0.83186 1 5 8 2 1 0 1 1 1 0.83186
10 103.8 141.24 2 2 1 1.5839 0 9 3 1 2 0 0 0 1 1.5839
10 98.49 63.608 3 1 0 0.46348 1 2 6 2 1 1 0 0 1 0.46348
10 79.308 100.5 1 3 0 0.75194 1 4 8 2 1 0 1 1 1 0.75194
10 131.92 91.673 4 4 1 0.49583 1 8 2 1 2 1 1 1 1 0.49583
10 103.49 130.86 2 2 1 0.67201 1 4 8 2 1 1 0 0 1 0.67201
10 66.881 102.65 1 3 0 0.55992 0 8 4 1 2 1 1 1 1 0.55992
10 56.719 101.41 1 3 0 0.8319 1 8 2 1 2 0 0 0 1 0.8319
10 66.881 102.65 1 2 0 1.2959 1 6 4 1 2 0 0 0 1 1.2959
10 66.881 102.65 1 3 0 0.94398 1 6 2 1 2 0 0 0 1 0.94398
10 70.723 102.95 1 2 0 0.99192 1 3 8 2 1 0 1 1 1 0.99192
10 134.62 108.83 4 4 1 1.088 1 3 8 2 1 1 0 0 1 1.088
10 100.45 65.346 3 1 0 0.5119 1 8 2 2 1 1 0 0 1 0.5119
10 59.669 87.646 1 3 0 0.78392 1 7 4 1 2 0 0 0 1 0.78392
10 72.087 121.68 1 2 0 0.81598 0 7 5 1 2 1 1 1 1 0.81598
10 56.719 101.41 1 4 0 0.62405 0 2 6 2 1 1 0 0 1 0.62405
10 100.56 67.181 3 1 0 1.6158 1 5 9 2 1 1 0 0 1 1.6158
10 140.14 98.541 4 3 0 0.72002 1 2 8 2 1 0 1 1 1 0.72002
10 132.99 93.748 4 4 1 0.99203 1 8 3 1 2 0 0 0 1 0.99203
10 132.99 93.748 4 2 0 0.99184 1 4 6 2 1 1 0 0 1 0.99184
10 72.087 121.68 1 2 0 0.94376 0 5 8 2 1 1 0 0 1 0.94376
10 127.92 109.16 4 4 1 0.99864 1 4 9 1 2 0 1 1 1 0.99864
10 102.26 64.001 3 1 0 0.79998 1 9 2 1 2 0 0 0 1 0.79998
10 56.719 101.41 1 4 0 0.46392 1 9 3 1 2 1 1 1 1 0.46392
10 132.71 107.64 4 4 1 0.51085 1 5 7 2 1 1 0 0 1 0.51085
10 98.49 63.608 3 1 0 0.9118 1 5 9 2 1 1 0 0 1 0.9118
10 100.12 122.04 2 2 1 0.54393 1 6 5 1 2 1 1 1 1 0.54393
10 120.28 114.32 2 1 0 0.73578 1 8 5 1 2 0 0 0 1 0.73578
10 66.881 102.65 1 4 0 0.87988 1 4 9 1 2 0 1 1 1 0.87988
10 132.71 107.64 4 2 0 1.008 1 4 8 2 1 1 0 0 1 1.008
10 102.26 64.001 3 1 0 0.87986 1 7 3 1 2 0 0 0 1 0.87986
10 103.8 141.24 2 2 1 0.8316 0 7 5 1 2 0 0 0 1 0.8316
10 100.12 122.04 2 2 1 0.55993 1 7 3 1 2 0 0 0 1 0.55993
10 103.8 141.24 2 2 1 0.91187 0 3 8 1 2 0 1 1 1 0.91187
11 124.25 83.819 4 1 0 0.4639 1 2 9 2 1 1 0 0 1 0.4639
11 71 103.32 1 1 1 1.28 0 9 4 1 2 0 0 0 1 1.28
11 100.28 69.134 3 2 0 0.65596 0 4 9 1 2 1 1 1 1 0.65596
11 85.609 118.26 2 2 1 0.81593 0 8 3 1 2 1 1 1 1 0.81593
11 64.7 114.75 1 1 1 0.81558 1 9 4 1 2 1 1 1 1 0.81558
11 74.406 110.73 1 2 0 1.1198 0 5 6 2 1 0 1 1 1 1.1198
11 123.16 90.996 3 4 0 0.46391 0 6 3 1 2 1 1 1 1 0.46391
11 129.02 110.77 4 4 1 0.84787 0 2 9 2 1 0 1 1 1 0.84787
11 131.82 98.879 4 4 1 0.49597 1 8 3 1 2 1 1 1 1 0.49597
11 98.916 132.18 2 2 1 3.3279 1 4 9 1 2 0 1 1 1 3.3279
11 121.5 106.39 4 2 0 1.6479 0 5 7 2 1 1 0 0 1 1.6479
11 101.47 116.76 2 2 1 0.71989 1 6 5 1 2 0 0 0 1 0.71989
11 102.96 85.011 3 3 1 0.816 1 2 7 2 1 0 1 1 1 0.816
11 101.42 62.128 3 3 1 0.70386 1 3 6 2 1 0 1 1 1 0.70386
11 78.227 88.631 1 1 1 0.54385 0 7 5 1 2 1 1 1 1 0.54385
11 98.872 80.838 3 3 1 1.3599 0 6 4 2 1 0 0 0 1 1.3599
11 64.793 102.73 1 1 1 0.73601 1 7 3 1 2 1 1 1 1 0.73601
11 75.862 101.79 1 1 1 1.2 1 6 2 1 2 1 1 1 1 1.2
11 74.406 110.73 1 2 0 0.87992 1 2 7 2 1 1 0 0 1 0.87992
11 114.29 86.606 4 3 0 0.87998 1 6 3 2 1 0 0 0 1 0.87998
11 63.64 98.415 1 1 1 0.99186 1 7 2 1 2 0 0 0 1 0.99186
11 64.7 114.75 1 1 1 0.73591 0 3 8 1 2 0 1 1 1 0.73591
11 64.793 102.73 1 1 1 1.4238 1 5 7 2 1 1 0 0 1 1.4238
11 119.94 86.321 3 3 1 1.344 1 4 7 2 1 0 1 1 1 1.344
11 71 103.32 1 3 0 1.776 1 8 4 1 2 0 0 0 1 1.776
11 131.82 98.879 4 4 1 0.86401 1 9 5 1 2 1 1 1 1 0.86401
11 104.9 121.21 2 2 1 0.68784 1 5 7 2 1 1 0 0 1 0.68784
11 114.29 86.606 4 3 0 0.49569 1 2 6 2 1 1 0 0 1 0.49569
11 137.08 95.248 4 4 1 0.97593 1 3 8 2 1 0 1 1 1 0.97593
11 137.08 95.248 4 3 0 0.63999 1 7 2 1 2 0 0 0 1 0.63999
11 75.862 101.79 1 1 1 0.73596 1 7 4 1 2 1 1 1 1 0.73596
11 123.16 90.996 3 3 1 1.44 1 7 3 2 1 0 0 0 1 1.44
11 137.08 95.248 4 4 1 0.70392 1 8 2 1 2 1 1 1 1 0.70392
11 104.9 121.21 2 2 1 0.67195 1 6 3 1 2 1 1 1 1 0.67195
11 101.11 62.644 3 3 1 0.81593 1 5 9 2 1 1 0 0 1 0.81593
11 74.406 110.73 1 1 1 0.94398 1 4 7 2 1 0 1 1 1 0.94398
11 75.961 86.067 1 2 0 0.60757 1 5 6 2 1 1 0 0 1 0.60757
11 75.961 86.067 1 1 1 0.57598 1 9 4 1 2 0 0 0 1 0.57598
11 71 103.32 1 4 0 0.87991 1 7 4 1 2 0 0 0 1 0.87991
11 104.93 49.697 3 3 1 0.7841 1 5 7 2 1 1 0 0 1 0.7841
11 104.93 49.697 3 3 1 0.51193 1 3 9 2 1 0 1 1 1 0.51193
11 85.609 118.26 2 2 1 1.0079 1 3 8 1 2 1 1 1 1 1.0079
11 74.406 110.73 1 2 0 0.86384 0 8 5 1 2 0 0 0 1 0.86384
11 104.93 49.697 3 3 1 0.68797 1 6 4 1 2 0 0 0 1 0.68797
11 74.406 110.73 1 2 0 0.70392 1 3 8 2 1 1 0 0 1 0.70392
11 64.7 114.75 1 2 0 0.6719 1 4 6 1 2 1 1 1 1 0.6719
11 71 103.32 1 2 0 0.96005 0 3 6 2 1 0 1 1 1 0.96005
11 75.862 101.79 1 2 0 1.0079 1 9 4 1 2 0 0 0 1 1.0079
11 63.64 98.415 1 3 0 1.072 1 8 4 1 2 0 0 0 1 1.072
11 104.9 121.21 2 4 0 0.47989 1 4 9 2 1 1 0 0 1 0.47989
12 106.46 77.578 3 3 1 0.864 1 8 3 1 2 0 0 0 1 0.864
12 133.99 89.716 4 3 0 0.83203 1 5 6 1 2 0 1 1 1 0.83203
12 102.79 114.1 2 2 1 1.1199 1 4 8 1 2 1 1 1 1 1.1199
12 102.03 91.893 3 3 1 0.62387 1 5 6 2 1 1 0 0 1 0.62387
12 115.33 116.05 2 4 0 0.96 1 4 8 1 2 0 1 1 1 0.96
12 94.161 144.64 2 2 1 1.92 1 3 8 2 1 0 1 1 1 1.92
12 130.46 94.302 4 3 0 1.0241 1 9 2 1 2 1 1 1 1 1.0241
12 135.92 100.94 4 4 1 0.46401 0 8 3 1 2 1 1 1 1 0.46401
12 135.9 106.89 4 4 1 0.80004 0 3 8 1 2 1 1 1 1 0.80004
12 110.72 124.98 2 2 1 1.0401 1 7 4 1 2 0 0 0 1 1.0401
12 63.482 103.81 1 1 1 0.76794 1 7 3 1 2 0 0 0 1 0.76794
12 71.365 107.74 1 3 0 0.67198 0 3 8 1 2 1 1 1 1 0.67198
12 71.365 107.74 1 4 0 0.47995 1 8 4 1 2 0 0 0 1 0.47995
12 136.68 92.771 4 4 1 0.40003 0 8 4 1 2 1 1 1 1 0.40003
12 71.068 102.81 1 2 0 0.71984 1 9 4 1 2 0 0 0 1 0.71984
12 77.572 97.614 1 1 1 1.36 1 2 6 2 1 1 0 0 1 1.36
12 62.399 101.59 1 1 1 0.55985 1 7 5 1 2 0 0 0 1 0.55985
12 90.921 73.991 3 3 1 0.41597 1 3 8 1 2 1 1 1 1 0.41597
12 78.451 94.493 1 2 0 1.3438 0 2 6 2 1 1 0 0 1 1.3438
12 94.284 73.142 3 4 0 0.76767 1 6 2 1 2 1 1 1 1 0.76767
12 64.013 77.371 1 2 0 0.83204 1 8 5 1 2 1 1 1 1 0.83204
12 135.9 106.89 4 4 1 0.67191 1 9 2 1 2 0 0 0 1 0.67191
12 131.21 102.89 4 4 1 0.54388 1 9 4 2 1 0 0 0 1 0.54388
12 136.68 92.771 4 2 0 0.56001 1 3 8 2 1 1 0 0 1 0.56001
12 56.686 99.051 1 1 1 1.1679 1 5 7 2 1 1 0 0 1 1.1679
12 94.161 144.64 2 3 0 0.89589 1 4 8 2 1 0 1 1 1 0.89589
12 93.03 125.95 2 4 0 0.70387 0 9 4 1 2 0 0 0 1 0.70387
12 64.013 77.371 1 1 1 0.88009 1 2 7 2 1 1 0 0 1 0.88009
12 102.79 114.1 2 2 1 0.81587 0 9 4 1 2 1 1 1 1 0.81587
12 71.068 102.81 1 3 0 0.48002 1 6 3 1 2 0 0 0 1 0.48002
12 115.33 116.05 2 2 1 2.1119 1 4 7 2 1 0 1 1 1 2.1119
12 94.284 73.142 3 3 1 0.95984 1 7 4 1 2 0 0 0 1 0.95984
12 93.03 125.95 2 2 1 0.65597 0 4 8 2 1 0 1 1 1 0.65597
12 135.92 100.94 4 4 1 0.67183 1 8 3 1 2 1 1 1 1 0.67183
12 102.79 114.1 2 3 0 0.63999 1 7 4 1 2 1 1 1 1 0.63999
12 135.9 106.89 4 4 1 0.86393 0 5 7 2 1 0 1 1 1 0.86393
12 136.68 92.771 4 4 1 0.89594 1 5 8 2 1 0 1 1 1 0.89594
12 130.46 94.302 4 4 1 0.84789 1 2 8 2 1 1 0 0 1 0.84789
12 115.33 116.05 2 2 1 0.97607 1 7 3 2 1 0 0 0 1 0.97607
12 56.686 99.051 1 3 0 0.84803 0 4 7 2 1 0 1 1 1 0.84803
12 71.365 107.74 1 1 1 0.94402 1 5 8 2 1 0 1 1 1 0.94402
12 63.482 103.81 1 2 0 0.67187 1 2 9 2 1 1 0 0 1 0.67187
12 131.21 102.89 4 4 1 0.91168 1 6 3 1 2 1 1 1 1 0.91168
12 77.572 97.614 1 2 0 0.78389 1 8 4 1 2 1 1 1 1 0.78389
12 63.482 103.81 1 1 1 0.784 0 8 3 1 2 1 1 1 1 0.784
12 56.686 99.051 1 1 1 0.55997 1 2 9 2 1 1 0 0 1 0.55997
12 71.365 107.74 1 3 0 2.416 0 8 3 1 2 0 0 0 1 2.416
12 71.068 102.81 1 2 0 0.49586 1 3 7 2 1 0 1 1 1 0.49586
12 135.92 100.94 4 4 1 1.2639 1 8 4 1 2 0 0 0 1 1.2639
12 94.284 73.142 3 2 0 0.41581 1 4 8 2 1 1 0 0 1 0.41581
13 122.05 98.63 4 2 0 0.49598 1 8 4 1 2 1 1 1 1 0.49598
13 108.76 67.085 3 2 0 0.81595 1 9 5 2 1 0 0 0 1 0.81595
13 106.63 56.501 3 2 0 0.49591 1 5 7 2 1 1 0 0 1 0.49591
13 109.02 90.895 4 3 0 1.2639 1 8 5 1 2 0 0 0 1 1.2639
13 122.05 98.63 4 2 0 0.78412 1 4 8 2 1 1 0 0 1 0.78412
13 54.726 110.52 1 1 1 1.264 0 8 2 1 2 0 0 0 1 1.264
13 126.28 84.582 4 4 1 0.55985 1 8 3 1 2 1 1 1 1 0.55985
13 111.85 113.86 2 2 1 0.71984 1 5 7 2 1 0 1 1 1 0.71984
13 91.665 133.45 2 2 1 1.0559 1 4 7 2 1 1 0 0 1 1.0559
13 110.07 50.535 3 3 1 0.64012 1 5 8 2 1 0 1 1 1 0.64012
13 125.82 110.53 4 2 0 0.49592 1 6 5 1 2 1 1 1 1 0.49592
13 91.971 131.59 2 2 1 0.99209 1 2 6 2 1 1 0 0 1 0.99209
13 95.619 71.449 3 2 0 2.304 1 2 8 2 1 0 1 1 1 2.304
13 63.689 98.073 1 1 1 0.8959 1 3 7 2 1 1 0 0 1 0.8959
13 65.483 111.01 1 1 1 0.70395 1 8 2 2 1 1 0 0 1 0.70395
13 91.971 131.59 2 2 1 0.86396 1 3 9 2 1 0 1 1 1 0.86396
13 54.54 110.03 1 1 1 0.528 0 6 5 1 2 1 1 1 1 0.528
13 125.5 107.25 4 4 1 0.68789 1 7 5 1 2 0 0 0 1 0.68789
13 126.18 102.43 4 4 1 0.528 1 5 9 2 1 0 1 1 1 0.528
13 96.492 74.907 3 3 1 1.5999 1 3 8 2 1 1 0 0 1 1.5999
13 94.301 78.24 3 3 1 0.63985 0 3 8 2 1 0 1 1 1 0.63985
13 54.726 110.52 1 1 1 0.89601 0 8 3 1 2 0 0 0 1 0.89601
13 96.499 64.863 3 3 1 3.4081 1 4 9 2 1 0 1 1 1 3.4081
13 111.85 113.86 2 3 0 0.70404 1 7 4 1 2 1 1 1 1 0.70404
13 96.499 64.863 3 3 1 0.9601 0 8 3 1 2 0 0 0 1 0.9601
13 111.85 113.86 2 2 1 1.184 1 2 9 1 2 0 1 1 1 1.184
13 65.483 111.01 1 1 1 1.5999 1 4 7 2 1 0 1 1 1 1.5999
13 124.48 87.506 4 3 0 0.83199 1 4 8 2 1 0 1 1 1 0.83199
13 82.785 58.59 3 3 1 0.86396 0 8 4 1 2 0 0 0 1 0.86396
13 96.499 64.863 3 3 1 1.088 0 4 7 1 2 0 1 1 1 1.088
13 82.785 58.59 3 3 1 0.65584 1 9 4 1 2 1 1 1 1 0.65584
13 80.033 123.83 2 2 1 0.86392 0 8 2 1 2 1 1 1 1 0.86392
13 110.07 50.535 3 3 1 0.848 1 9 4 1 2 1 1 1 1 0.848
13 95.619 71.449 3 3 1 1.808 1 4 6 2 1 0 1 1 1 1.808
13 92.588 146.43 2 2 1 0.97595 1 8 4 2 1 1 0 0 1 0.97595
13 63.689 98.073 1 1 1 0.608 0 7 2 1 2 1 1 1 1 0.608
13 108.76 67.085 3 3 1 0.65594 1 8 3 1 2 1 1 1 1 0.65594
13 92.588 146.43 2 2 1 0.54395 1 4 9 2 1 1 0 0 1 0.54395
13 91.971 131.59 2 2 1 1.088 1 8 2 1 2 1 1 1 1 1.088
13 95.619 71.449 3 3 1 1.1521 0 5 8 2 1 0 1 1 1 1.1521
13 82.785 58.59 3 3 1 0.89612 0 4 6 2 1 0 1 1 1 0.89612
13 77.056 109.99 1 2 0 0.464 1 2 8 2 1 1 0 0 1 0.464
13 106.63 56.501 3 3 1 1.5039 1 9 5 1 2 0 0 0 1 1.5039
13 103.06 66.716 3 3 1 1.232 1 7 4 2 1 1 0 0 1 1.232
13 124.48 87.506 4 3 0 1.664 0 3 8 2 1 1 0 0 1 1.664
13 126.28 84.582 4 3 0 0.62398 1 5 8 2 1 1 0 0 1 0.62398
13 110.07 50.535 3 3 1 0.67191 1 6 4 1 2 0 0 0 1 0.67191
13 110.07 50.535 3 3 1 0.83196 1 7 5 2 1 0 0 0 1 0.83196
13 103.06 66.716 3 3 1 1.8879 1 8 2 2 1 1 0 0 1 1.8879
13 77.056 109.99 1 2 0 0.73591 1 2 6 2 1 0 1 1 1 0.73591
14 103.78 121.71 2 2 1 2.3132 1 999 999 999 999 999 999 999 999 999
14 80.323 107.64 1 1 1 1.3031 1 999 999 999 999 999 999 999 999 999
14 132.98 108.38 4 4 1 0.78192 1 999 999 999 999 999 999 999 999 999
14 124.01 81.2 4 3 0 1.4378 1 999 999 999 999 999 999 999 999 999
14 84.963 119.29 2 1 0 1.3259 0 999 999 999 999 999 999 999 999 999
14 87.404 92.921 1 1 1 1.1499 1 999 999 999 999 999 999 999 999 999
14 116.93 106.14 4 2 0 1.0699 0 999 999 999 999 999 999 999 999 999
14 104.31 116.42 2 3 0 0.70186 1 999 999 999 999 999 999 999 999 999
14 57.396 106.22 1 1 1 0.98995 1 999 999 999 999 999 999 999 999 999
14 95.636 127.7 2 2 1 1.7901 1 999 999 999 999 999 999 999 999 999
14 84.963 119.29 2 3 0 1.0058 1 999 999 999 999 999 999 999 999 999
14 115.03 76.385 3 3 1 1.6619 0 999 999 999 999 999 999 999 999 999
14 80.01 94.264 1 3 0 1.0219 0 999 999 999 999 999 999 999 999 999
14 116.02 67.354 3 4 0 1.262 1 999 999 999 999 999 999 999 999 999
14 84.963 119.29 2 3 0 1.7418 1 999 999 999 999 999 999 999 999 999
14 102.34 128.72 2 4 0 1.9019 1 999 999 999 999 999 999 999 999 999
14 69.777 95.854 1 1 1 0.94177 0 999 999 999 999 999 999 999 999 999
14 105.47 123.72 2 3 0 1.9019 1 999 999 999 999 999 999 999 999 999
14 97.858 109.72 2 3 0 0.81393 1 999 999 999 999 999 999 999 999 999
14 69.777 95.854 1 1 1 0.95785 1 999 999 999 999 999 999 999 999 999
14 134.9 110.12 4 2 0 1.23 1 999 999 999 999 999 999 999 999 999
14 95.845 73.195 3 3 1 1.3259 1 999 999 999 999 999 999 999 999 999
14 102.16 63.931 3 4 0 0.79798 1 999 999 999 999 999 999 999 999 999
14 116.24 99.186 4 2 0 1.8379 1 999 999 999 999 999 999 999 999 999
14 126.81 99.856 4 2 0 1.3258 1 999 999 999 999 999 999 999 999 999
14 116.24 99.186 4 4 1 0.81376 1 999 999 999 999 999 999 999 999 999
14 116.02 67.354 3 2 0 1.646 1 999 999 999 999 999 999 999 999 999
14 124.01 81.2 4 4 1 0.65382 1 999 999 999 999 999 999 999 999 999
14 97.858 109.72 2 3 0 1.5179 1 999 999 999 999 999 999 999 999 999
14 136.69 96.385 4 3 0 1.614 0 999 999 999 999 999 999 999 999 999
14 116.93 106.14 4 2 0 2.654 1 999 999 999 999 999 999 999 999 999
14 126.81 99.856 4 2 0 1.0058 0 999 999 999 999 999 999 999 999 999
14 136.69 96.385 4 4 1 0.74996 1 999 999 999 999 999 999 999 999 999
14 102.16 63.931 3 3 1 2.3499 1 999 999 999 999 999 999 999 999 999
14 87.404 92.921 1 3 0 1.5178 1 999 999 999 999 999 999 999 999 999
14 80.323 107.64 1 1 1 0.90988 0 999 999 999 999 999 999 999 999 999
14 126.81 99.856 4 2 0 1.7899 1 999 999 999 999 999 999 999 999 999
14 132.98 108.38 4 3 0 0.7497 0 999 999 999 999 999 999 999 999 999
14 102.16 63.931 3 3 1 1.1338 1 999 999 999 999 999 999 999 999 999
14 69.777 95.854 1 1 1 0.87792 0 999 999 999 999 999 999 999 999 999
14 90.727 138.82 2 4 0 3.7261 1 999 999 999 999 999 999 999 999 999
14 95.845 73.195 3 3 1 1.4218 1 999 999 999 999 999 999 999 999 999
14 102.16 63.931 3 3 1 1.7579 1 999 999 999 999 999 999 999 999 999
14 95.845 73.195 3 4 0 1.8221 1 999 999 999 999 999 999 999 999 999
14 102.34 128.72 2 4 0 0.98988 0 999 999 999 999 999 999 999 999 999
14 105.47 123.72 2 4 0 3.022 1 999 999 999 999 999 999 999 999 999
14 84.963 119.29 2 2 1 0.78183 0 999 999 999 999 999 999 999 999 999
14 90.727 138.82 2 2 1 0.79793 1 999 999 999 999 999 999 999 999 999
14 97.858 109.72 2 4 0 1.0059 1 999 999 999 999 999 999 999 999 999
14 90.727 138.82 2 2 1 2.302 1 999 999 999 999 999 999 999 999 999
15 88.46 124.97 2 4 0 2.5843 0 999 999 999 999 999 999 999 999 999
15 116.68 128.38 2 4 0 1.4134 0 999 999 999 999 999 999 999 999 999
15 64.23 95.878 1 1 1 0.97381 0 999 999 999 999 999 999 999 999 999
15 63.269 88.377 1 1 1 0.74989 0 999 999 999 999 999 999 999 999 999
15 65.786 114.88 1 1 1 0.70183 0 999 999 999 999 999 999 999 999 999
15 137.8 123.13 4 2 0 6.9418 0 999 999 999 999 999 999 999 999 999
15 97.76 137.41 2 2 1 1.2458 0 999 999 999 999 999 999 999 999 999
15 101.77 64.684 3 3 1 0.90984 0 999 999 999 999 999 999 999 999 999
15 99.04 124.7 2 3 0 1.8857 0 999 999 999 999 999 999 999 999 999
15 88.46 124.97 2 1 0 2.6059 0 999 999 999 999 999 999 999 999 999
15 101.9 75.866 3 3 1 0.82996 0 999 999 999 999 999 999 999 999 999
15 71.185 84.351 1 1 1 0.84595 0 999 999 999 999 999 999 999 999 999
15 86.386 96.766 1 1 1 1.2299 0 999 999 999 999 999 999 999 999 999
15 107.27 56.695 3 3 1 2.5418 0 999 999 999 999 999 999 999 999 999
15 70.959 103.6 1 1 1 1.1499 0 999 999 999 999 999 999 999 999 999
15 103.79 75.402 3 3 1 1.1657 0 999 999 999 999 999 999 999 999 999
15 129.28 102.5 4 2 0 2.6059 0 999 999 999 999 999 999 999 999 999
15 70.959 103.6 1 1 1 1.15 0 999 999 999 999 999 999 999 999 999
15 122.11 105.71 4 1 0 0.86195 0 999 999 999 999 999 999 999 999 999
15 64.23 95.878 1 1 1 0.70189 0 999 999 999 999 999 999 999 999 999
15 93.937 64.8 3 3 1 2.7499 0 999 999 999 999 999 999 999 999 999
15 110.72 130.62 2 2 1 1.2459 0 999 999 999 999 999 999 999 999 999
15 122.11 105.71 4 4 1 1.2938 0 999 999 999 999 999 999 999 999 999
15 95.772 55.752 3 3 1 0.90983 0 999 999 999 999 999 999 999 999 999
15 129.28 102.5 4 4 1 0.90993 0 999 999 999 999 999 999 999 999 999
15 99.532 112.12 2 2 1 1.8218 0 999 999 999 999 999 999 999 999 999
15 141.16 109.66 4 4 1 0.70188 0 999 999 999 999 999 999 999 999 999
15 107.27 56.695 3 3 1 0.98989 0 999 999 999 999 999 999 999 999 999
15 93.937 64.8 3 3 1 1.0218 0 999 999 999 999 999 999 999 999 999
15 121.04 113.27 2 2 1 2.782 0 999 999 999 999 999 999 999 999 999
15 110.72 130.62 2 2 1 1.0698 0 999 999 999 999 999 999 999 999 999
15 110.72 130.62 2 2 1 0.63788 0 999 999 999 999 999 999 999 999 999
15 101.77 64.684 3 3 1 1.4218 0 999 999 999 999 999 999 999 999 999
15 71.185 84.351 1 1 1 0.79789 0 999 999 999 999 999 999 999 999 999
15 109.85 74.619 3 3 1 1.6778 0 999 999 999 999 999 999 999 999 999
15 147.27 103.78 4 4 1 0.94201 0 999 999 999 999 999 999 999 999 999
15 137.8 123.13 4 4 1 0.79792 0 999 999 999 999 999 999 999 999 999
15 71.185 84.351 1 1 1 0.86181 0 999 999 999 999 999 999 999 999 999
15 70.959 103.6 1 1 1 0.65395 0 999 999 999 999 999 999 999 999 999
15 137.8 123.13 4 4 1 0.76591 0 999 999 999 999 999 999 999 999 999
15 88.46 124.97 2 2 1 2.174 0 999 999 999 999 999 999 999 999 999
15 95.772 55.752 3 3 1 2.3338 0 999 999 999 999 999 999 999 999 999
15 93.937 64.8 3 3 1 3.2618 0 999 999 999 999 999 999 999 999 999
15 109.85 74.619 3 3 1 0.70183 0 999 999 999 999 999 999 999 999 999
15 121.04 113.27 2 2 1 1.3579 0 999 999 999 999 999 999 999 999 999
15 141.16 109.66 4 4 1 1.0219 0 999 999 999 999 999 999 999 999 999
15 95.772 55.752 3 3 1 1.4377 0 999 999 999 999 999 999 999 999 999
15 71.185 84.351 1 1 1 1.2459 0 999 999 999 999 999 999 999 999 999
15 107.27 56.695 3 3 1 1.0538 0 999 999 999 999 999 999 999 999 999
15 103.79 75.402 3 3 1 1.0858 0 999 999 999 999 999 999 999 999 999
16 74.074 107.58 1 1 1 1.8654 0 999 999 999 999 999 999 999 999 999
16 70.559 104.13 1 1 1 0.56586 0 999 999 999 999 999 999 999 999 999
16 104.56 73.971 3 3 1 1.2778 0 999 999 999 999 999 999 999 999 999
16 89.249 68.211 3 3 1 0.66989 0 999 999 999 999 999 999 999 999 999
16 129.5 109.92 4 4 1 2.6219 0 999 999 999 999 999 999 999 999 999
16 87.952 111.24 1 2 0 0.89378 0 999 999 999 999 999 999 999 999 999
16 69.965 95.296 1 1 1 0.9577 0 999 999 999 999 999 999 999 999 999
16 62.847 90.463 1 1 1 0.41377 0 999 999 999 999 999 999 999 999 999
16 97.37 78.633 3 3 1 1.6457 0 999 999 999 999 999 999 999 999 999
16 134.65 87.285 4 4 1 0.83004 0 999 999 999 999 999 999 999 999 999
16 146.57 101.2 4 4 1 2.6218 0 999 999 999 999 999 999 999 999 999
16 106.4 125.34 2 2 1 0.82983 0 999 999 999 999 999 999 999 999 999
16 100.23 70.548 3 3 1 0.84587 0 999 999 999 999 999 999 999 999 999
16 103.74 86.517 4 3 0 3.3418 0 999 999 999 999 999 999 999 999 999
16 96.998 116.25 2 2 1 0.76593 0 999 999 999 999 999 999 999 999 999
16 62.668 99.69 1 1 1 0.73385 0 999 999 999 999 999 999 999 999 999
16 100.57 95.295 3 2 0 2.3499 0 999 999 999 999 999 999 999 999 999
16 105.91 122.01 2 2 1 1.4699 0 999 999 999 999 999 999 999 999 999
16 105.91 122.01 2 3 0 1.1499 0 999 999 999 999 999 999 999 999 999
16 129.56 113.5 4 4 1 0.814 0 999 999 999 999 999 999 999 999 999
16 88.727 129.03 2 2 1 1.2939 0 999 999 999 999 999 999 999 999 999
16 137.43 91.08 4 4 1 0.82988 0 999 999 999 999 999 999 999 999 999
16 95.081 160.68 2 2 1 0.81396 0 999 999 999 999 999 999 999 999 999
16 95.081 160.68 2 2 1 0.87777 0 999 999 999 999 999 999 999 999 999
16 116.84 69.825 3 3 1 1.1979 0 999 999 999 999 999 999 999 999 999
16 73.609 91 1 1 1 0.63772 0 999 999 999 999 999 999 999 999 999
16 116.84 69.825 3 4 0 0.89393 0 999 999 999 999 999 999 999 999 999
16 74.074 107.58 1 1 1 0.76593 0 999 999 999 999 999 999 999 999 999
16 104.56 73.971 3 3 1 1.6458 0 999 999 999 999 999 999 999 999 999
16 138.91 105.16 4 4 1 0.86184 0 999 999 999 999 999 999 999 999 999
16 100.57 95.295 3 3 1 2.5418 0 999 999 999 999 999 999 999 999 999
16 98.029 124.11 2 2 1 1.4699 0 999 999 999 999 999 999 999 999 999
16 137.43 91.08 4 4 1 2.1739 0 999 999 999 999 999 999 999 999 999
16 138.91 105.16 4 4 1 0.90988 0 999 999 999 999 999 999 999 999 999
16 97.37 78.633 3 3 1 0.98992 0 999 999 999 999 999 999 999 999 999
16 62.668 99.69 1 1 1 0.70197 0 999 999 999 999 999 999 999 999 999
16 62.668 99.69 1 1 1 0.42992 0 999 999 999 999 999 999 999 999 999
16 103.74 86.517 4 3 0 3.5339 0 999 999 999 999 999 999 999 999 999
16 140.38 99.716 4 4 1 1.0698 0 999 999 999 999 999 999 999 999 999
16 69.965 95.296 1 1 1 1.598 0 999 999 999 999 999 999 999 999 999
16 100.57 95.295 3 3 1 2.7339 0 999 999 999 999 999 999 999 999 999
16 104.56 73.971 3 3 1 0.92579 0 999 999 999 999 999 999 999 999 999
16 96.998 116.25 2 2 1 1.9658 0 999 999 999 999 999 999 999 999 999
16 111.17 107.99 2 2 1 1.2779 0 999 999 999 999 999 999 999 999 999
16 74.074 107.58 1 1 1 0.98968 0 999 999 999 999 999 999 999 999 999
16 129.56 113.5 4 4 1 0.87796 0 999 999 999 999 999 999 999 999 999
16 100.23 70.548 3 3 1 3.4058 0 999 999 999 999 999 999 999 999 999
16 140.38 99.716 4 2 0 1.5979 0 999 999 999 999 999 999 999 999 999
16 88.727 129.03 2 2 1 2.3499 0 999 999 999 999 999 999 999 999 999
16 74.074 107.58 1 3 0 2.2541 0 999 999 999 999 999 999 999 999 999
17 110.59 72.852 3 3 1 1.1608 0 999 999 999 999 999 999 999 999 999
17 123.32 77.799 3 3 1 0.67822 0 999 999 999 999 999 999 999 999 999
17 61.901 106.16 1 1 1 0.65389 0 999 999 999 999 999 999 999 999 999
17 144.12 94.356 4 4 1 1.4379 0 999 999 999 999 999 999 999 999 999
17 136.03 83.137 4 4 1 0.65388 0 999 999 999 999 999 999 999 999 999
17 103.42 67.976 3 3 1 0.57382 0 999 999 999 999 999 999 999 999 999
17 103.29 56.667 3 3 1 0.52585 0 999 999 999 999 999 999 999 999 999
17 96.13 82.169 3 3 1 0.52571 0 999 999 999 999 999 999 999 999 999
17 143.86 101.92 4 4 1 2.286 0 999 999 999 999 999 999 999 999 999
17 136.03 83.137 4 4 1 0.66991 0 999 999 999 999 999 999 999 999 999
17 65.618 114.45 1 1 1 0.81392 0 999 999 999 999 999 999 999 999 999
17 103.42 67.976 3 3 1 0.68575 0 999 999 999 999 999 999 999 999 999
17 65.618 114.45 1 1 1 0.63786 0 999 999 999 999 999 999 999 999 999
17 98.189 116.58 2 2 1 1.486 0 999 999 999 999 999 999 999 999 999
17 116.12 93.879 4 3 0 1.23 0 999 999 999 999 999 999 999 999 999
17 81.446 97.652 1 1 1 0.98996 0 999 999 999 999 999 999 999 999 999
17 76.533 90.771 1 1 1 0.65393 0 999 999 999 999 999 999 999 999 999
17 96.13 82.169 3 3 1 1.1499 0 999 999 999 999 999 999 999 999 999
17 88.072 81.111 3 3 1 0.89387 0 999 999 999 999 999 999 999 999 999
17 116.61 118.94 4 4 1 0.75002 0 999 999 999 999 999 999 999 999 999
17 103.42 67.976 3 3 1 0.82978 0 999 999 999 999 999 999 999 999 999
17 91.842 65.476 3 3 1 0.54175 0 999 999 999 999 999 999 999 999 999
17 103.42 67.976 3 3 1 0.46198 0 999 999 999 999 999 999 999 999 999
17 103.42 67.976 3 3 1 0.44597 0 999 999 999 999 999 999 999 999 999
17 96.13 82.169 3 3 1 0.41379 0 999 999 999 999 999 999 999 999 999
17 92.524 115.34 2 2 1 0.76598 0 999 999 999 999 999 999 999 999 999
17 103.29 56.667 3 3 1 0.74989 0 999 999 999 999 999 999 999 999 999
17 121.82 104.72 4 2 0 1.086 0 999 999 999 999 999 999 999 999 999
17 90.435 116.34 2 2 1 1.3899 0 999 999 999 999 999 999 999 999 999
17 91.698 133.08 2 2 1 0.58939 0 999 999 999 999 999 999 999 999 999
17 90.435 116.34 2 2 1 0.57389 0 999 999 999 999 999 999 999 999 999
17 104.98 142.8 2 2 1 1.2618 0 999 999 999 999 999 999 999 999 999
17 91.698 133.08 2 2 1 0.57387 0 999 999 999 999 999 999 999 999 999
17 69.659 87.101 1 1 1 0.76604 0 999 999 999 999 999 999 999 999 999
17 69.659 87.101 1 1 1 0.36578 0 999 999 999 999 999 999 999 999 999
17 104.98 142.8 2 2 1 1.0539 0 999 999 999 999 999 999 999 999 999
17 116.12 93.879 4 3 0 1.2939 0 999 999 999 999 999 999 999 999 999
17 121.82 104.72 4 4 1 0.60597 0 999 999 999 999 999 999 999 999 999
17 76.533 90.771 1 1 1 0.90982 0 999 999 999 999 999 999 999 999 999
17 116.12 93.879 4 3 0 4.0459 0 999 999 999 999 999 999 999 999 999
17 88.072 81.111 3 3 1 1.6299 0 999 999 999 999 999 999 999 999 999
17 91.842 65.476 3 3 1 1.0218 0 999 999 999 999 999 999 999 999 999
17 74.84 112.66 1 2 0 1.3738 0 999 999 999 999 999 999 999 999 999
17 65.618 114.45 1 1 1 0.50974 0 999 999 999 999 999 999 999 999 999
17 90.435 116.34 2 2 1 1.5659 0 999 999 999 999 999 999 999 999 999
17 69.659 87.101 1 1 1 0.76589 0 999 999 999 999 999 999 999 999 999
17 74.84 112.66 1 1 1 0.52599 0 999 999 999 999 999 999 999 999 999
17 136.03 83.137 4 4 1 0.84579 0 999 999 999 999 999 999 999 999 999
17 103.29 56.667 3 3 1 0.95779 0 999 999 999 999 999 999 999 999 999
17 104.98 142.8 2 2 1 0.8139 0 999 999 999 999 999 999 999 999 999
