1 115.87 81.103 3 2 0 7.0911 0 999 999 999 999 999 999 999 999 999
1 110.61 119.43 2 3 0 0.99234 0 999 999 999 999 999 999 999 999 999
1 94.552 69.963 3 4 0 1.8267 0 999 999 999 999 999 999 999 999 999
1 93.416 110.73 1 1 1 0.46723 0 999 999 999 999 999 999 999 999 999
1 101.7 64.704 3 1 0 1.9361 0 999 999 999 999 999 999 999 999 999
1 108.87 94.913 4 2 0 0.49839 0 999 999 999 999 999 999 999 999 999
1 106.63 77.826 3 4 0 0.2954 0 999 999 999 999 999 999 999 999 999
1 113.65 119.98 2 3 0 0.37353 0 999 999 999 999 999 999 999 999 999
1 105.22 122.85 2 2 1 7.8735 0 999 999 999 999 999 999 999 999 999
1 68.92 109.64 1 1 1 2.0767 0 999 999 999 999 999 999 999 999 999
1 104.31 133.76 2 2 1 0.67027 0 999 999 999 999 999 999 999 999 999
1 98.642 59.036 3 3 1 2.2799 0 999 999 999 999 999 999 999 999 999
1 119.71 110.77 4 2 0 1.0923 0 999 999 999 999 999 999 999 999 999
1 68.92 109.64 1 1 1 0.82663 0 999 999 999 999 999 999 999 999 999
1 119.71 110.77 4 4 1 1.2328 0 999 999 999 999 999 999 999 999 999
1 68.92 109.64 1 1 1 0.8108 0 999 999 999 999 999 999 999 999 999
1 107.88 121.06 2 4 0 3.5453 0 999 999 999 999 999 999 999 999 999
1 98.642 59.036 3 3 1 0.98277 0 999 999 999 999 999 999 999 999 999
1 68.92 109.64 1 1 1 0.85782 0 999 999 999 999 999 999 999 999 999
1 107.88 121.06 2 2 1 1.7798 0 999 999 999 999 999 999 999 999 999
1 68.92 109.64 1 1 1 0.84227 0 999 999 999 999 999 999 999 999 999
1 133.64 100.78 4 4 1 1.1236 0 999 999 999 999 999 999 999 999 999
1 94.597 74.791 3 3 1 1.4671 0 999 999 999 999 999 999 999 999 999
1 98.642 59.036 3 3 1 0.79532 0 999 999 999 999 999 999 999 999 999
1 93.416 110.73 1 2 0 1.2484 0 999 999 999 999 999 999 999 999 999
1 74.074 100.38 1 1 1 1.4986 0 999 999 999 999 999 999 999 999 999
1 101.7 64.704 3 3 1 0.84214 0 999 999 999 999 999 999 999 999 999
1 71.871 91.564 1 1 1 1.1078 0 999 999 999 999 999 999 999 999 999
1 88.157 73.991 3 3 1 0.81101 0 999 999 999 999 999 999 999 999 999
1 148.4 94.112 4 4 1 0.98308 0 999 999 999 999 999 999 999 999 999
1 88.157 73.991 3 2 0 1.0764 0 999 999 999 999 999 999 999 999 999
1 71.871 91.564 1 1 1 1.6236 0 999 999 999 999 999 999 999 999 999
1 133.64 100.78 4 4 1 1.1548 0 999 999 999 999 999 999 999 999 999
1 113.65 119.98 2 2 1 2.4204 0 999 999 999 999 999 999 999 999 999
1 105.47 128.24 2 2 1 0.96724 0 999 999 999 999 999 999 999 999 999
1 65.225 91.567 1 1 1 0.70166 0 999 999 999 999 999 999 999 999 999
1 106.63 77.826 3 3 1 1.686 0 999 999 999 999 999 999 999 999 999
1 115.87 81.103 3 3 1 0.85793 0 999 999 999 999 999 999 999 999 999
1 133.64 100.78 4 4 1 2.8735 0 999 999 999 999 999 999 999 999 999
1 107.88 121.06 2 2 1 0.88918 0 999 999 999 999 999 999 999 999 999
1 94.597 74.791 3 3 1 2.0454 0 999 999 999 999 999 999 999 999 999
1 148.4 94.112 4 4 1 0.87357 0 999 999 999 999 999 999 999 999 999
1 107.88 121.06 2 2 1 0.93598 0 999 999 999 999 999 999 999 999 999
1 88.157 73.991 3 1 0 0.85793 0 999 999 999 999 999 999 999 999 999
1 110.61 119.43 2 2 1 4.8267 0 999 999 999 999 999 999 999 999 999
1 113.65 119.98 2 2 1 0.77977 0 999 999 999 999 999 999 999 999 999
1 148.4 94.112 4 4 1 2.2017 0 999 999 999 999 999 999 999 999 999
1 65.225 91.567 1 1 1 0.73281 0 999 999 999 999 999 999 999 999 999
1 88.157 73.991 3 3 1 1.0923 0 999 999 999 999 999 999 999 999 999
1 148.4 94.112 4 4 1 1.2642 0 999 999 999 999 999 999 999 999 999
2 93.811 73.765 3 3 1 3.5695 0 999 999 999 999 999 999 999 999 999
2 126.49 105.18 4 4 1 3.5299 0 999 999 999 999 999 999 999 999 999
2 60.98 94.264 1 1 1 0.67041 0 999 999 999 999 999 999 999 999 999
2 119.94 60.284 3 2 0 3.2174 0 999 999 999 999 999 999 999 999 999
2 98.916 138.9 2 2 1 1.0142 0 999 999 999 999 999 999 999 999 999
2 101.42 61.334 3 3 1 0.62353 0 999 999 999 999 999 999 999 999 999
2 79.921 101.04 1 2 0 7.4673 0 999 999 999 999 999 999 999 999 999
2 87.703 119.52 1 4 0 5.0296 0 999 999 999 999 999 999 999 999 999
2 104.56 83.32 3 3 1 1.0141 0 999 999 999 999 999 999 999 999 999
2 74.093 105.03 1 1 1 1.0767 0 999 999 999 999 999 999 999 999 999
2 99.532 130.62 2 2 1 4.6393 0 999 999 999 999 999 999 999 999 999
2 129.27 101.77 4 3 0 1.2797 0 999 999 999 999 999 999 999 999 999
2 119.94 60.284 3 3 1 0.91446 0 999 999 999 999 999 999 999 999 999
2 87.545 121.92 2 2 1 2.6548 0 999 999 999 999 999 999 999 999 999
2 80.323 104.28 1 2 0 1.014 0 999 999 999 999 999 999 999 999 999
2 126.49 105.18 4 3 0 1.0297 0 999 999 999 999 999 999 999 999 999
2 115.5 91.673 4 4 1 0.84208 0 999 999 999 999 999 999 999 999 999
2 112.26 60.413 3 3 1 1.1235 0 999 999 999 999 999 999 999 999 999
2 87.545 121.92 2 1 0 2.5609 0 999 999 999 999 999 999 999 999 999
2 77.531 77.371 1 3 0 1.3424 0 999 999 999 999 999 999 999 999 999
2 124.5 105.28 4 3 0 0.93603 0 999 999 999 999 999 999 999 999 999
2 124.5 105.28 4 4 1 2.0142 0 999 999 999 999 999 999 999 999 999
2 79.921 101.04 1 1 1 3.811 0 999 999 999 999 999 999 999 999 999
2 133.69 110.12 4 4 1 4.5142 0 999 999 999 999 999 999 999 999 999
2 136.7 86.606 4 3 0 1.139 0 999 999 999 999 999 999 999 999 999
2 129.27 101.77 4 4 1 2.4672 0 999 999 999 999 999 999 999 999 999
2 63.01 99.62 1 4 0 4.233 0 999 999 999 999 999 999 999 999 999
2 91.41 73.328 3 3 1 1.967 0 999 999 999 999 999 999 999 999 999
2 70.959 97.759 1 1 1 4.233 0 999 999 999 999 999 999 999 999 999
2 91.41 73.328 3 3 1 1.3733 0 999 999 999 999 999 999 999 999 999
2 100.29 74.954 3 3 1 0.73279 0 999 999 999 999 999 999 999 999 999
2 98.916 138.9 2 2 1 1.6704 0 999 999 999 999 999 999 999 999 999
2 77.531 77.371 1 3 0 1.7797 0 999 999 999 999 999 999 999 999 999
2 91.41 73.328 3 3 1 0.93601 0 999 999 999 999 999 999 999 999 999
2 91.087 129.73 2 2 1 1.8579 0 999 999 999 999 999 999 999 999 999
2 133.69 110.12 4 4 1 2.5454 0 999 999 999 999 999 999 999 999 999
2 124.5 105.28 4 4 1 0.63905 0 999 999 999 999 999 999 999 999 999
2 115.5 91.673 4 3 0 1.8157 0 999 999 999 999 999 999 999 999 999
2 64.7 96.683 1 1 1 1.3266 0 999 999 999 999 999 999 999 999 999
2 91.087 129.73 2 2 1 1.2797 0 999 999 999 999 999 999 999 999 999
2 115.5 91.673 4 3 0 1.8579 0 999 999 999 999 999 999 999 999 999
2 112.26 60.413 3 3 1 0.90473 0 999 999 999 999 999 999 999 999 999
2 92.524 134.06 2 2 1 0.93306 0 999 999 999 999 999 999 999 999 999
2 77.531 77.371 1 4 0 2.358 0 999 999 999 999 999 999 999 999 999
2 80.323 104.28 1 1 1 0.82672 0 999 999 999 999 999 999 999 999 999
2 100.29 74.954 3 3 1 0.90469 0 999 999 999 999 999 999 999 999 999
2 136.7 86.606 4 4 1 1.9048 0 999 999 999 999 999 999 999 999 999
2 127.92 110.07 4 2 0 3.2015 0 999 999 999 999 999 999 999 999 999
2 74.093 105.03 1 1 1 1.311 0 999 999 999 999 999 999 999 999 999
2 127.92 110.07 4 3 0 6.4673 0 999 999 999 999 999 999 999 999 999
3 134.62 102.5 4 3 0 3.1632 0 999 999 999 999 999 999 999 999 999
3 106.33 80.253 3 3 1 0.84905 0 999 999 999 999 999 999 999 999 999
3 117.85 84.683 4 3 0 0.79541 0 999 999 999 999 999 999 999 999 999
3 82.093 92.921 1 1 1 2.5767 0 999 999 999 999 999 999 999 999 999
3 106.83 93.748 4 1 0 0.76394 0 999 999 999 999 999 999 999 999 999
3 140.82 91.348 4 4 1 2.1547 0 999 999 999 999 999 999 999 999 999
3 75.862 90.416 1 1 1 0.63914 0 999 999 999 999 999 999 999 999 999
3 140.82 91.348 4 4 1 3.1079 0 999 999 999 999 999 999 999 999 999
3 64.365 104.87 1 1 1 0.686 0 999 999 999 999 999 999 999 999 999
3 109.23 139.79 2 2 1 3.6391 0 999 999 999 999 999 999 999 999 999
3 103.57 107.99 2 2 1 1.4204 0 999 999 999 999 999 999 999 999 999
3 140.82 91.348 4 4 1 1.3892 0 999 999 999 999 999 999 999 999 999
3 86.84 79.112 3 1 0 0.60791 0 999 999 999 999 999 999 999 999 999
3 107.7 74.101 3 3 1 1.2484 0 999 999 999 999 999 999 999 999 999
3 106.68 68.872 3 3 1 0.71742 0 999 999 999 999 999 999 999 999 999
3 109.23 139.79 2 2 1 1.139 0 999 999 999 999 999 999 999 999 999
3 90.435 115.65 2 2 1 0.78002 0 999 999 999 999 999 999 999 999 999
3 96.141 133.48 2 2 1 0.74848 0 999 999 999 999 999 999 999 999 999
3 107.7 74.101 3 3 1 1.1391 0 999 999 999 999 999 999 999 999 999
3 134.62 102.5 4 4 1 0.99866 0 999 999 999 999 999 999 999 999 999
3 75.227 111.24 1 1 1 0.59232 0 999 999 999 999 999 999 999 999 999
3 107.7 74.101 3 3 1 1.5141 0 999 999 999 999 999 999 999 999 999
3 102.56 73.017 3 3 1 1.1391 0 999 999 999 999 999 999 999 999 999
3 107.7 74.101 3 3 1 0.62361 0 999 999 999 999 999 999 999 999 999
3 71.185 100.5 1 1 1 0.8735 0 999 999 999 999 999 999 999 999 999
3 81.98 124.97 1 2 0 0.88924 0 999 999 999 999 999 999 999 999 999
3 62.399 95.854 1 1 1 0.7486 0 999 999 999 999 999 999 999 999 999
3 90.435 115.65 2 1 0 2.2799 0 999 999 999 999 999 999 999 999 999
3 103.57 107.99 2 2 1 1.4515 0 999 999 999 999 999 999 999 999 999
3 140.82 91.348 4 4 1 0.92044 0 999 999 999 999 999 999 999 999 999
3 109.23 139.79 2 2 1 1.1235 0 999 999 999 999 999 999 999 999 999
3 140.82 91.348 4 3 0 1.0453 0 999 999 999 999 999 999 999 999 999
3 102.56 73.017 3 3 1 1.9986 0 999 999 999 999 999 999 999 999 999
3 62.399 95.854 1 1 1 0.71708 0 999 999 999 999 999 999 999 999 999
3 106.33 80.253 3 3 1 1.2329 0 999 999 999 999 999 999 999 999 999
3 86.84 79.112 3 3 1 0.81091 0 999 999 999 999 999 999 999 999 999
3 140.82 91.348 4 3 0 0.83464 0 999 999 999 999 999 999 999 999 999
3 86.84 79.112 3 3 1 2.733 0 999 999 999 999 999 999 999 999 999
3 65.483 108.55 1 1 1 0.67029 0 999 999 999 999 999 999 999 999 999
3 107.27 74.907 3 4 0 3.2954 0 999 999 999 999 999 999 999 999 999
3 75.227 111.24 1 2 0 1.2797 0 999 999 999 999 999 999 999 999 999
3 102.56 73.017 3 3 1 1.358 0 999 999 999 999 999 999 999 999 999
3 86.84 79.112 3 3 1 0.87347 0 999 999 999 999 999 999 999 999 999
3 62.399 95.854 1 1 1 1.1549 0 999 999 999 999 999 999 999 999 999
3 65.483 108.55 1 2 0 1.0922 0 999 999 999 999 999 999 999 999 999
3 118.59 129.19 2 2 1 2.7485 0 999 999 999 999 999 999 999 999 999
3 81.98 124.97 1 2 0 0.68595 0 999 999 999 999 999 999 999 999 999
3 90.435 115.65 2 4 0 0.88911 0 999 999 999 999 999 999 999 999 999
3 107.27 74.907 3 3 1 0.73304 0 999 999 999 999 999 999 999 999 999
3 71.185 100.5 1 1 1 1.7641 0 999 999 999 999 999 999 999 999 999
4 81.367 56.501 3 3 1 2.296 0 999 999 999 999 999 999 999 999 999
4 93.272 117.67 2 2 1 1.4255 0 999 999 999 999 999 999 999 999 999
4 61.808 101.79 1 1 1 0.65484 0 999 999 999 999 999 999 999 999 999
4 72.589 98.415 1 1 1 1.1235 0 999 999 999 999 999 999 999 999 999
4 125.38 98.805 4 4 1 1.9517 0 999 999 999 999 999 999 999 999 999
4 114.94 125.95 2 4 0 0.51432 0 999 999 999 999 999 999 999 999 999
4 120.98 97.095 4 4 1 1.7017 0 999 999 999 999 999 999 999 999 999
4 90.957 120.02 2 3 0 1.5141 0 999 999 999 999 999 999 999 999 999
4 72.589 98.415 1 1 1 1.2331 0 999 999 999 999 999 999 999 999 999
4 102.16 90.552 3 3 1 1.3421 0 999 999 999 999 999 999 999 999 999
4 99.035 66.622 3 3 1 0.63906 0 999 999 999 999 999 999 999 999 999
4 72.589 98.415 1 1 1 1.2015 0 999 999 999 999 999 999 999 999 999
4 55.968 96.213 1 1 1 0.92037 0 999 999 999 999 999 999 999 999 999
4 90.919 78.633 3 3 1 1.0974 0 999 999 999 999 999 999 999 999 999
4 120.98 97.095 4 4 1 1.3736 0 999 999 999 999 999 999 999 999 999
4 110.89 55.992 3 3 1 0.96729 0 999 999 999 999 999 999 999 999 999
4 110.89 55.992 3 3 1 0.62362 0 999 999 999 999 999 999 999 999 999
4 90.727 134.14 2 2 1 1.061 0 999 999 999 999 999 999 999 999 999
4 111.42 79.367 4 3 0 1.9048 0 999 999 999 999 999 999 999 999 999
4 109.41 75.564 3 4 0 0.71741 0 999 999 999 999 999 999 999 999 999
4 72.589 98.415 1 1 1 1.7328 0 999 999 999 999 999 999 999 999 999
4 88.929 109.72 2 2 1 1.2017 0 999 999 999 999 999 999 999 999 999
4 123.6 104.11 4 4 1 1.436 0 999 999 999 999 999 999 999 999 999
4 88.952 118.26 2 2 1 2.1704 0 999 999 999 999 999 999 999 999 999
4 72.589 98.415 1 1 1 1.9829 0 999 999 999 999 999 999 999 999 999
4 140.38 113.5 4 4 1 3.6235 0 999 999 999 999 999 999 999 999 999
4 111.42 79.367 4 3 0 4.8265 0 999 999 999 999 999 999 999 999 999
4 111.42 79.367 4 4 1 6.6334 0 999 999 999 999 999 999 999 999 999
4 102.16 90.552 3 4 0 0.90474 0 999 999 999 999 999 999 999 999 999
4 111.42 79.367 4 2 0 1.6079 0 999 999 999 999 999 999 999 999 999
4 99.035 66.622 3 3 1 7.2954 0 999 999 999 999 999 999 999 999 999
4 116.61 98.879 4 4 1 1.5454 0 999 999 999 999 999 999 999 999 999
4 81.981 139.67 2 2 1 0.87351 0 999 999 999 999 999 999 999 999 999
4 69.085 102.1 1 2 0 1.28 0 999 999 999 999 999 999 999 999 999
4 72.589 98.415 1 1 1 0.51418 0 999 999 999 999 999 999 999 999 999
4 133.99 81.538 4 4 1 1.8735 0 999 999 999 999 999 999 999 999 999
4 125.38 98.805 4 4 1 0.52978 0 999 999 999 999 999 999 999 999 999
4 116.61 98.879 4 4 1 0.4361 0 999 999 999 999 999 999 999 999 999
4 69.085 102.1 1 1 1 0.68624 0 999 999 999 999 999 999 999 999 999
4 105.91 111.54 2 2 1 2.5923 0 999 999 999 999 999 999 999 999 999
4 110.89 55.992 3 3 1 0.73284 0 999 999 999 999 999 999 999 999 999
4 93.272 117.67 2 2 1 0.77971 0 999 999 999 999 999 999 999 999 999
4 133.99 81.538 4 3 0 0.84231 0 999 999 999 999 999 999 999 999 999
4 120.98 97.095 4 4 1 0.73289 0 999 999 999 999 999 999 999 999 999
4 102.16 90.552 3 4 0 0.56093 0 999 999 999 999 999 999 999 999 999
4 88.952 118.26 2 2 1 0.92045 0 999 999 999 999 999 999 999 999 999
4 116.61 98.879 4 4 1 1.3892 0 999 999 999 999 999 999 999 999 999
4 81.981 139.67 2 2 1 1.3427 0 999 999 999 999 999 999 999 999 999
4 105.91 111.54 2 4 0 3.1391 0 999 999 999 999 999 999 999 999 999
4 72.589 98.415 1 1 1 1.3423 0 999 999 999 999 999 999 999 999 999
5 137.08 103.12 4 4 1 1.3513 0 999 999 999 999 999 999 999 999 999
5 75.685 109.31 1 1 1 2.2392 0 999 999 999 999 999 999 999 999 999
5 64.441 86.306 1 1 1 0.79526 0 999 999 999 999 999 999 999 999 999
5 85.629 154.25 2 2 1 0.99846 0 999 999 999 999 999 999 999 999 999
5 88.839 135.74 2 2 1 0.7953 0 999 999 999 999 999 999 999 999 999
5 94.17 77.257 3 3 1 0.84239 0 999 999 999 999 999 999 999 999 999
5 127.81 121.71 4 4 1 0.99869 0 999 999 999 999 999 999 999 999 999
5 73.932 92.02 1 1 1 1.108 0 999 999 999 999 999 999 999 999 999
5 92.592 128.95 2 2 1 2.186 0 999 999 999 999 999 999 999 999 999
5 107.42 78.373 3 3 1 0.73282 0 999 999 999 999 999 999 999 999 999
5 141.16 89.393 4 4 1 0.76403 0 999 999 999 999 999 999 999 999 999
5 124.87 113.66 4 2 0 1.186 0 999 999 999 999 999 999 999 999 999
5 73.932 92.02 1 1 1 1.1078 0 999 999 999 999 999 999 999 999 999
5 116.68 150.37 2 2 1 1.0453 0 999 999 999 999 999 999 999 999 999
5 107.42 78.373 3 3 1 1.608 0 999 999 999 999 999 999 999 999 999
5 90.34 91.433 1 1 1 4.233 0 999 999 999 999 999 999 999 999 999
5 114.07 116.34 2 2 1 5.014 0 999 999 999 999 999 999 999 999 999
5 75.685 109.31 1 1 1 1.1861 0 999 999 999 999 999 999 999 999 999
5 127.81 121.71 4 2 0 5.2798 0 999 999 999 999 999 999 999 999 999
5 94.439 77.799 3 3 1 0.92028 0 999 999 999 999 999 999 999 999 999
5 116.68 150.37 2 2 1 2.0141 0 999 999 999 999 999 999 999 999 999
5 81.446 101.21 1 3 0 6.1079 0 999 999 999 999 999 999 999 999 999
5 98.179 64.001 3 3 1 0.84221 0 999 999 999 999 999 999 999 999 999
5 94.439 77.799 3 3 1 1.2017 0 999 999 999 999 999 999 999 999 999
5 127.81 121.71 4 4 1 1.1706 0 999 999 999 999 999 999 999 999 999
5 101.08 50.535 3 3 1 0.93594 0 999 999 999 999 999 999 999 999 999
5 81.446 101.21 1 2 0 3.1859 0 999 999 999 999 999 999 999 999 999
5 79.913 101.51 1 1 1 2.7328 0 999 999 999 999 999 999 999 999 999
5 98.179 64.001 3 3 1 1.0923 0 999 999 999 999 999 999 999 999 999
5 94.439 77.799 3 3 1 1.6234 0 999 999 999 999 999 999 999 999 999
5 124.87 113.66 4 4 1 1.1861 0 999 999 999 999 999 999 999 999 999
5 137.08 103.12 4 4 1 1.3826 0 999 999 999 999 999 999 999 999 999
5 107.42 78.373 3 3 1 1.0763 0 999 999 999 999 999 999 999 999 999
5 79.913 101.51 1 1 1 4.6076 0 999 999 999 999 999 999 999 999 999
5 92.722 135.86 2 2 1 1.6236 0 999 999 999 999 999 999 999 999 999
5 75.862 86.067 1 1 1 0.81107 0 999 999 999 999 999 999 999 999 999
5 108.88 132.06 2 2 1 1.0612 0 999 999 999 999 999 999 999 999 999
5 94.439 77.799 3 3 1 1.2016 0 999 999 999 999 999 999 999 999 999
5 75.862 86.067 1 3 0 0.67021 0 999 999 999 999 999 999 999 999 999
5 108.88 132.06 2 2 1 0.93605 0 999 999 999 999 999 999 999 999 999
5 127.81 121.71 4 4 1 1.0454 0 999 999 999 999 999 999 999 999 999
5 103.06 68.71 3 3 1 0.8108 0 999 999 999 999 999 999 999 999 999
5 64.441 86.306 1 1 1 1.1704 0 999 999 999 999 999 999 999 999 999
5 75.862 86.067 1 1 1 0.90479 0 999 999 999 999 999 999 999 999 999
5 73.932 92.02 1 1 1 2.4828 0 999 999 999 999 999 999 999 999 999
5 98.179 64.001 3 3 1 0.99845 0 999 999 999 999 999 999 999 999 999
5 116.68 150.37 2 2 1 0.92046 0 999 999 999 999 999 999 999 999 999
5 103.06 68.71 3 3 1 0.77977 0 999 999 999 999 999 999 999 999 999
5 94.439 77.799 3 3 1 0.6547 0 999 999 999 999 999 999 999 999 999
5 103.06 68.71 3 3 1 0.63914 0 999 999 999 999 999 999 999 999 999
6 75.413 80.21 1 1 1 8.23 0 6 2 1 2 1 1 1 1 8.23
6 104.09 86.356 3 3 1 3.0142 0 9 3 1 2 0 0 0 1 3.0142
6 85.896 120.2 1 2 0 2.4361 0 7 4 2 1 0 0 0 1 2.4361
6 97.064 65.829 3 3 1 1.8894 0 7 3 1 2 0 0 0 1 1.8894
6 54.54 108.26 1 1 1 2.6549 0 7 3 1 2 1 1 1 1 2.6549
6 105.37 77.844 3 3 1 2.5612 0 8 4 1 2 0 0 0 1 2.5612
6 105.39 144.64 2 2 1 1.9205 0 5 8 2 1 1 0 0 1 1.9205
6 63.269 103.02 1 1 1 2.0142 0 3 9 1 2 1 1 1 1 2.0142
6 129.41 109.03 4 4 1 3.4986 0 7 3 1 2 1 1 1 1 3.4986
6 105.5 72.591 3 3 1 1.7643 0 3 8 2 1 1 0 0 1 1.7643
6 71.068 108.79 1 1 1 1.6705 0 9 3 1 2 0 0 0 1 1.6705
6 106.31 70.212 3 3 1 1.8891 0 7 2 1 2 0 0 0 1 1.8891
6 95.194 64.8 3 3 1 1.6393 0 3 7 2 1 0 1 1 1 1.6393
6 75.413 80.21 1 1 1 1.2175 0 4 6 2 1 1 0 0 1 1.2175
6 96.499 82.881 3 4 0 1.7956 0 3 8 2 1 1 0 0 1 1.7956
6 75.413 80.21 1 1 1 1.4362 0 5 8 1 2 0 1 1 1 1.4362
6 100.99 144.9 2 2 1 0.99863 0 7 4 1 2 0 0 1 0 0.99863
6 63.269 103.02 1 1 1 1.9674 0 7 4 1 2 0 0 0 1 1.9674
6 72.976 94.873 1 1 1 1.7642 0 6 2 1 2 1 1 1 1 1.7642
6 63.269 103.02 1 1 1 1.6861 0 4 6 2 1 0 1 1 1 1.6861
6 124.48 105.03 4 4 1 1.1705 0 5 8 2 1 0 1 1 1 1.1705
6 85.896 120.2 1 2 0 1.7019 0 5 6 2 1 0 1 1 1 1.7019
6 146.64 100.7 4 4 1 0.98297 0 9 2 1 2 1 1 1 1 0.98297
6 126.13 106.39 4 4 1 1.4828 0 6 5 1 2 0 0 0 1 1.4828
6 95.081 137.95 2 2 1 1.3424 0 9 5 1 2 0 0 0 1 1.3424
6 85.609 147.21 2 2 1 1.233 0 3 8 2 1 0 1 1 1 1.233
6 107.72 117.24 2 2 1 2.4361 0 2 9 2 1 1 0 0 1 2.4361
6 107.72 117.24 2 2 1 4.5924 0 9 5 1 2 1 1 1 1 4.5924
6 106.31 70.212 3 3 1 1.733 0 5 9 2 1 1 0 0 1 1.733
6 89.249 62.352 3 3 1 1.5924 0 2 8 1 2 1 1 1 1 1.5924
6 124.48 105.03 4 2 0 1.5923 0 8 4 1 2 0 0 0 1 1.5923
6 72.976 94.873 1 1 1 1.4204 0 8 5 1 2 1 1 1 1 1.4204
6 107.72 117.24 2 2 1 1.2798 0 4 6 2 1 0 1 1 1 1.2798
6 124.48 105.03 4 2 0 1.4985 0 2 8 1 2 1 1 1 1 1.4985
6 105.5 72.591 3 3 1 1.7018 0 6 5 1 2 1 1 1 1 1.7018
6 97.064 65.829 3 3 1 1.7956 0 6 4 1 2 1 1 1 1 1.7956
6 105.5 72.591 3 3 1 0.8424 0 6 2 1 2 1 1 1 1 0.8424
6 96.499 82.881 3 2 0 2.233 0 4 9 2 1 0 1 1 1 2.233
6 105.5 72.591 3 3 1 1.5143 0 3 9 2 1 1 0 0 1 1.5143
6 100.99 144.9 2 2 1 1.4829 0 6 2 1 2 0 0 0 1 1.4829
6 85.609 147.21 2 2 1 1.1186 0 3 7 1 2 1 1 1 1 1.1186
6 75.413 80.21 1 1 1 2.3217 0 9 2 1 2 0 0 0 1 2.3217
6 129.41 109.03 4 2 0 1.6705 0 2 7 2 1 1 0 0 1 1.6705
6 105.39 144.64 2 2 1 1.2487 0 8 2 1 2 0 0 0 1 1.2487
6 89.249 62.352 3 3 1 1.4517 0 3 9 1 2 0 1 1 1 1.4517
6 126.13 106.39 4 4 1 1.1237 0 4 7 1 2 0 1 1 1 1.1237
6 100.99 144.9 2 2 1 1.1862 0 2 7 2 1 0 1 1 1 1.1862
6 146.64 100.7 4 4 1 1.8894 0 5 6 2 1 1 0 0 1 1.8894
6 95.081 137.95 2 2 1 0.95164 0 8 3 1 2 1 1 1 1 0.95164
6 126.13 106.39 4 4 1 1.6392 0 2 8 2 1 1 0 0 1 1.6392
7 64.013 97.967 1 1 1 4.4268 1 6 5 1 2 0 0 0 1 4.4268
7 90.49 85.89 1 3 0 1.4205 1 4 7 2 1 1 0 0 1 1.4205
7 114.03 62.644 3 3 1 1.2638 0 5 6 2 1 1 0 0 1 1.2638
7 91.959 82.638 3 3 1 2.3424 0 8 3 1 2 1 1 0 0 2.3424
7 145.51 106.85 4 2 0 2.0768 1 4 8 1 2 1 1 1 1 2.0768
7 104.55 54.044 3 3 1 1.8424 1 5 6 2 1 0 1 1 1 1.8424
7 104.46 127.32 2 2 1 1.4672 0 6 5 1 2 1 1 1 1 1.4672
7 95.969 52.984 3 3 1 1.3893 1 4 7 2 1 1 0 0 1 1.3893
7 58.433 108.9 1 1 1 2.9987 1 8 3 1 2 0 0 0 1 2.9987
7 147.27 99.77 4 4 1 2.6235 1 6 4 1 2 1 1 1 1 2.6235
7 101.59 123.8 2 2 1 9.061 1 4 6 2 1 0 1 1 1 9.061
7 100.26 122.01 2 2 1 2.0769 1 9 2 2 1 1 0 0 1 2.0769
7 95.969 52.984 3 3 1 2.108 0 4 7 2 1 0 1 1 1 2.108
7 103.35 66.144 3 3 1 1.233 1 6 4 1 2 1 1 1 1 1.233
7 107.58 128.97 2 2 1 2.2953 0 6 5 1 2 1 1 1 1 2.2953
7 145.51 106.85 4 4 1 2.6392 1 7 4 1 2 1 1 1 1 2.6392
7 145.51 106.85 4 2 0 1.905 1 8 5 1 2 0 0 0 1 1.905
7 122.53 107.07 4 4 1 2.2174 1 2 9 2 1 0 1 1 1 2.2174
7 104.55 54.044 3 3 1 1.358 1 8 4 1 2 1 1 1 1 1.358
7 100.31 143.28 2 2 1 3.6549 1 8 4 1 2 0 0 0 1 3.6549
7 90.49 85.89 1 3 0 3.2956 1 2 7 2 1 0 1 1 1 3.2956
7 100.31 143.28 2 2 1 2.1705 1 3 8 2 1 0 1 1 1 2.1705
7 100.26 122.01 2 2 1 3.6235 1 9 5 1 2 0 0 0 1 3.6235
7 106.2 73.195 3 3 1 2.6393 1 5 8 2 1 1 0 0 1 2.6393
7 107.74 119 2 2 1 1.7798 0 3 8 2 1 0 1 1 1 1.7798
7 95.969 52.984 3 3 1 1.6707 1 3 8 2 1 1 0 0 1 1.6707
7 79.308 87.646 1 1 1 1.8111 0 4 6 2 1 0 1 1 1 1.8111
7 122.53 107.07 4 2 0 1.6707 1 4 9 2 1 0 1 1 1 1.6707
7 64.79 106.67 1 1 1 1.1236 1 4 7 2 1 0 1 1 1 1.1236
7 97.225 76.65 3 3 1 3.5923 1 6 2 1 2 1 1 1 1 3.5923
7 75.503 102.47 1 2 0 2.3892 0 4 8 2 1 1 0 0 1 2.3892
7 147.27 99.77 4 4 1 1.5298 0 9 5 2 1 0 0 0 1 1.5298
7 122.53 107.07 4 2 0 1.6234 1 5 6 2 1 1 0 0 1 1.6234
7 147.27 99.77 4 4 1 1.3579 1 2 9 2 1 0 1 1 1 1.3579
7 106.2 73.195 3 3 1 1.3425 1 7 5 2 1 0 0 0 1 1.3425
7 101.59 123.8 2 2 1 3.7174 1 8 2 1 2 1 1 1 1 3.7174
7 104.89 134.02 2 2 1 1.7796 0 9 4 2 1 1 0 0 1 1.7796
7 64.79 106.67 1 1 1 3.1077 0 7 2 1 2 1 1 1 1 3.1077
7 122.11 89.02 4 3 0 3.2487 1 8 3 1 2 0 0 0 1 3.2487
7 104.89 134.02 2 2 1 4.7485 1 7 3 1 2 1 1 1 1 4.7485
7 79.308 87.646 1 1 1 1.7018 1 2 8 2 1 0 1 1 1 1.7018
7 104.55 54.044 3 3 1 1.4517 0 8 4 2 1 0 0 0 1 1.4517
7 75.503 102.47 1 1 1 1.7955 1 6 5 1 2 0 0 0 1 1.7955
7 122.11 89.02 4 4 1 1.7328 1 4 8 2 1 1 0 0 1 1.7328
7 100.26 122.01 2 2 1 1.4361 1 5 8 1 2 0 1 1 1 1.4361
7 147.27 99.77 4 4 1 2.5142 1 4 9 2 1 1 0 0 1 2.5142
7 103.35 66.144 3 3 1 2.2642 1 6 4 1 2 0 0 0 1 2.2642
7 64.013 97.967 1 1 1 4.6078 1 4 7 2 1 1 0 0 1 4.6078
7 107.74 119 2 2 1 1.5612 1 2 9 2 1 1 0 0 1 1.5612
7 100.31 143.28 2 2 1 1.7173 1 9 4 2 1 0 0 0 1 1.7173
8 113.2 108.75 4 2 0 1.9049 1 8 3 1 2 0 0 0 1 1.9049
8 49.067 111.11 1 1 1 2.0744 1 2 6 2 1 0 1 1 1 2.0744
8 62.847 101.59 1 1 1 3.2486 1 6 3 1 2 0 0 0 1 3.2486
8 138.93 102.46 4 4 1 4.108 1 2 8 2 1 0 1 1 1 4.108
8 67.377 93.98 1 1 1 1.1549 0 8 4 1 2 0 0 0 1 1.1549
8 63.9 106.47 1 2 0 0.96735 1 8 3 2 1 0 0 0 1 0.96735
8 103.04 128.72 2 2 1 1.9673 1 3 8 2 1 0 1 1 1 1.9673
8 98.473 91.893 3 3 1 1.733 0 7 2 1 2 1 1 1 1 1.733
8 63.9 106.47 1 1 1 1.0767 1 6 3 1 2 0 0 0 1 1.0767
8 72.087 104.29 1 2 0 1.936 1 3 7 2 1 0 1 1 1 1.936
8 113.92 117.37 2 4 0 5.1992 1 9 4 2 1 0 0 0 1 5.1992
8 112.36 134.52 2 2 1 1.7955 1 9 5 1 2 1 1 1 1 1.7955
8 63.9 106.47 1 1 1 1.327 1 2 8 1 2 0 1 1 1 1.327
8 137.02 81.2 4 3 0 1.4519 1 5 8 2 1 1 0 0 1 1.4519
8 99.288 79.509 3 3 1 0.95173 0 8 2 1 2 1 1 1 1 0.95173
8 113.92 117.37 2 2 1 4.6707 1 4 6 2 1 1 0 0 1 4.6707
8 96.667 80.825 3 3 1 1.3112 1 4 6 1 2 1 1 1 1 1.3112
8 98.473 91.893 3 1 0 3.5298 1 2 9 2 1 0 1 1 1 3.5298
8 109.08 102.89 4 2 0 1.3267 1 2 8 2 1 0 1 1 1 1.3267
8 71.365 97.491 1 1 1 3.6862 1 9 5 1 2 1 1 1 1 3.6862
8 62.847 101.59 1 1 1 1.3732 1 7 2 1 2 0 0 0 1 1.3732
8 132.66 102.4 4 4 1 4.3267 1 9 2 1 2 0 0 0 1 4.3267
8 62.847 101.59 1 1 1 2.8268 1 5 6 2 1 1 0 0 1 2.8268
8 101.55 64.028 3 3 1 0.84237 0 7 3 1 2 1 1 1 1 0.84237
8 96.667 80.825 3 3 1 1.2173 1 9 4 1 2 1 1 1 1 1.2173
8 79.951 142.8 2 2 1 2.1078 1 7 2 1 2 0 0 0 1 2.1078
8 132.66 102.4 4 2 0 1.3111 1 6 4 2 1 1 0 0 1 1.3111
8 99.874 115.34 2 2 1 1.561 0 4 6 2 1 1 0 0 1 1.561
8 112.36 134.52 2 2 1 1.8112 0 6 2 2 1 0 0 0 1 1.8112
8 53.26 96.275 1 1 1 1.2643 1 5 7 2 1 0 1 1 1 1.2643
8 123.59 91.02 4 3 0 1.858 1 7 4 1 2 1 1 1 1 1.858
8 109 125.65 2 2 1 0.79551 0 8 2 1 2 1 1 1 1 0.79551
8 109.08 102.89 4 2 0 1.9988 1 5 8 2 1 1 0 0 1 1.9988
8 63.9 106.47 1 1 1 1.5455 1 4 9 2 1 0 1 1 1 1.5455
8 113.92 117.37 2 2 1 1.4205 0 3 9 2 1 1 0 0 1 1.4205
8 96.998 128.59 2 2 1 1.9048 1 8 4 1 2 1 1 1 1 1.9048
8 72.087 104.29 1 1 1 1.2329 1 3 8 2 1 1 0 0 1 1.2329
8 137.02 81.2 4 3 0 1.202 1 2 9 2 1 0 1 1 1 1.202
8 106.04 141.1 2 2 1 1.5767 1 5 9 1 2 0 1 1 1 1.5767
8 103.04 128.72 2 2 1 1.5299 1 7 2 1 2 1 1 1 1 1.5299
8 96.998 128.59 2 2 1 0.98281 1 6 5 1 2 0 0 0 1 0.98281
8 101.55 64.028 3 3 1 1.8422 1 4 8 2 1 1 0 0 1 1.8422
8 96.998 128.59 2 2 1 3.5611 0 7 2 1 2 0 0 0 1 3.5611
8 103.04 128.72 2 2 1 1.7017 0 5 8 1 2 1 1 1 1 1.7017
8 99.288 79.509 3 3 1 1.1705 1 5 9 2 1 1 0 0 1 1.1705
8 132.66 102.4 4 4 1 1.9048 1 2 7 2 1 0 1 1 1 1.9048
8 77.043 120.11 1 2 0 1.5142 1 6 4 1 2 1 1 1 1 1.5142
8 101.55 64.028 3 3 1 1.6234 0 7 2 1 2 1 1 1 1 1.6234
8 123.59 91.02 4 4 1 2.5143 0 3 7 2 1 0 1 1 1 2.5143
8 98.473 91.893 3 2 0 2.0924 1 4 9 2 1 1 0 1 0 2.0924
9 88.576 134.47 2 2 1 1.3111 1 2 6 2 1 0 1 1 1 1.3111
9 124.8 108.36 4 2 0 0.94155 1 8 5 1 2 1 1 1 1 0.94155
9 100.57 69.394 3 3 1 2.4362 1 7 5 1 2 0 0 0 1 2.4362
9 124.01 101.59 4 4 1 1.7018 1 7 3 1 2 1 1 1 1 1.7018
9 110.59 82.627 3 3 1 2.3736 0 4 9 2 1 0 1 1 1 2.3736
9 94.876 121.99 2 2 1 0.983 0 2 9 1 2 1 1 1 1 0.983
9 111.12 70.548 3 3 1 0.99846 1 8 5 1 2 1 1 1 1 0.99846
9 125.76 100.94 4 2 0 1.1235 1 8 4 1 2 1 1 1 1 1.1235
9 136.19 112.82 4 2 0 3.6548 1 3 6 2 1 0 1 1 1 3.6548
9 77.029 73.353 1 1 1 1.6079 1 8 2 2 1 0 0 0 1 1.6079
9 130.3 98.452 4 4 1 0.99869 0 9 5 1 2 1 1 1 1 0.99869
9 105.49 105.78 2 4 0 2.1234 0 2 6 2 1 1 0 0 1 2.1234
9 77.572 99.981 1 1 1 1.4205 1 9 2 1 2 1 1 1 1 1.4205
9 94.348 64.381 3 3 1 0.78006 1 6 4 1 2 1 1 1 1 0.78006
9 110.59 82.627 3 3 1 3.6861 1 5 7 2 1 0 1 1 1 3.6861
9 73.671 77.533 1 1 1 7.9831 1 9 5 1 2 0 0 0 1 7.9831
9 100.57 69.394 3 3 1 1.3811 1 3 6 2 1 0 1 1 1 1.3811
9 73.671 77.533 1 2 0 1.4565 0 5 8 2 1 0 1 1 1 1.4565
9 93.391 58.429 3 3 1 0.73293 1 8 3 1 2 1 1 1 1 0.73293
9 137.08 94.643 4 2 0 1.2486 1 4 6 1 2 0 1 1 1 1.2486
9 103.37 123.83 2 2 1 2.2329 1 4 9 2 1 1 0 0 1 2.2329
9 83.097 101.41 1 2 0 1.3112 0 9 2 1 2 1 1 1 1 1.3112
9 136.2 109.66 4 2 0 5.9673 1 3 8 2 1 0 1 1 1 5.9673
9 65.618 84.705 1 1 1 1.1235 1 2 9 2 1 0 1 1 1 1.1235
9 95.911 116.25 2 2 1 0.99864 1 4 8 2 1 0 1 1 1 0.99864
9 83.097 101.41 1 2 0 1.0458 1 7 5 1 2 1 1 1 1 1.0458
9 103.37 123.83 2 2 1 2.7016 1 7 3 1 2 0 0 0 1 2.7016
9 86.386 81.326 1 3 0 3.061 1 2 8 2 1 1 0 0 1 3.061
9 77.029 73.353 1 3 0 1.7174 0 8 4 1 2 0 0 0 1 1.7174
9 105.36 114.09 2 2 1 1.3424 0 4 9 2 1 0 1 1 1 1.3424
9 90.921 69.971 3 3 1 1.2799 1 5 7 2 1 1 0 0 1 1.2799
9 100.57 69.394 3 3 1 1.2643 1 2 9 2 1 1 0 0 1 1.2643
9 103.37 123.83 2 2 1 1.0767 0 3 6 2 1 1 0 0 1 1.0767
9 137.08 94.643 4 4 1 2.1236 1 3 8 1 2 0 1 1 1 2.1236
9 95.911 116.25 2 2 1 3.0611 0 6 4 2 1 0 0 0 1 3.0611
9 90.921 69.971 3 1 0 0.52981 1 7 4 1 2 1 1 1 1 0.52981
9 67.057 101.94 1 1 1 1.0454 1 5 8 2 1 1 0 0 1 1.0454
9 104.87 146.03 2 2 1 1.0768 1 7 3 1 2 1 1 1 1 1.0768
9 104.87 146.03 2 2 1 0.70167 1 7 5 1 2 1 1 1 1 0.70167
9 104.87 146.03 2 2 1 1.7799 0 7 2 1 2 0 0 0 1 1.7799
9 105.36 114.09 2 4 0 0.96721 1 6 5 1 2 1 1 1 1 0.96721
9 67.057 101.94 1 1 1 1.186 1 2 6 2 1 0 1 1 1 1.186
9 77.572 99.981 1 3 0 5.1392 0 3 6 1 2 0 1 1 1 5.1392
9 124.01 101.59 4 4 1 1.0297 1 5 9 2 1 0 1 1 1 1.0297
9 90.921 69.971 3 3 1 1.9517 1 2 9 1 2 1 1 1 1 1.9517
9 77.572 99.981 1 4 0 6.561 1 3 9 1 2 0 1 1 1 6.561
9 124.8 108.36 4 1 0 1.2018 1 7 3 1 2 0 0 0 1 1.2018
9 88.576 134.47 2 4 0 1.7956 1 8 4 1 2 1 1 1 1 1.7956
9 77.029 73.353 1 3 0 0.99871 1 9 2 1 2 1 1 1 1 0.99871
9 73.671 77.533 1 1 1 1.0612 1 9 4 1 2 0 0 0 1 1.0612
10 97.37 80.539 3 3 1 18.832 1 999 999 999 999 999 999 999 999 999
10 111.12 81.938 4 4 1 1.8001 1 999 999 999 999 999 999 999 999 999
10 114.54 71.129 3 4 0 0.68619 0 999 999 999 999 999 999 999 999 999
10 91.562 74.53 3 3 1 4.0766 1 999 999 999 999 999 999 999 999 999
10 68.797 90.771 1 1 1 0.811 1 999 999 999 999 999 999 999 999 999
10 103.42 60.788 3 3 1 1.2016 1 999 999 999 999 999 999 999 999 999
10 80.169 114.31 1 2 0 3.3579 1 999 999 999 999 999 999 999 999 999
10 94.46 87.726 3 4 0 4.5297 0 999 999 999 999 999 999 999 999 999
10 89.463 121.35 2 2 1 1.1235 0 999 999 999 999 999 999 999 999 999
10 137.4 104.15 4 1 0 1.2172 1 999 999 999 999 999 999 999 999 999
10 94.481 132.04 2 2 1 0.96743 1 999 999 999 999 999 999 999 999 999
10 89.956 66.537 3 3 1 0.81102 1 999 999 999 999 999 999 999 999 999
10 86.987 118.25 2 2 1 1.3735 1 999 999 999 999 999 999 999 999 999
10 94.481 132.04 2 2 1 0.733 1 999 999 999 999 999 999 999 999 999
10 64.178 98.299 1 4 0 0.95153 0 999 999 999 999 999 999 999 999 999
10 111.72 118.31 4 1 0 3.5298 1 999 999 999 999 999 999 999 999 999
10 136.68 79.395 4 4 1 0.99853 1 999 999 999 999 999 999 999 999 999
10 77.33 108.53 1 1 1 1.0609 1 999 999 999 999 999 999 999 999 999
10 72.507 95.394 1 3 0 0.76416 1 999 999 999 999 999 999 999 999 999
10 89.956 66.537 3 1 0 1.8267 0 999 999 999 999 999 999 999 999 999
10 86.987 118.25 2 2 1 0.98272 1 999 999 999 999 999 999 999 999 999
10 127.1 93.826 4 4 1 0.81108 1 999 999 999 999 999 999 999 999 999
10 137.4 104.15 4 1 0 0.7485 1 999 999 999 999 999 999 999 999 999
10 65.574 81.853 1 1 1 1.233 1 999 999 999 999 999 999 999 999 999
10 86.987 118.25 2 3 0 0.91363 1 999 999 999 999 999 999 999 999 999
10 110.42 91.561 4 2 0 1.0298 1 999 999 999 999 999 999 999 999 999
10 103.42 60.788 3 4 0 2.0611 0 999 999 999 999 999 999 999 999 999
10 114.29 94.356 4 4 1 2.0609 1 999 999 999 999 999 999 999 999 999
10 89.463 121.35 2 1 0 0.70163 1 999 999 999 999 999 999 999 999 999
10 127.1 93.826 4 4 1 0.74839 1 999 999 999 999 999 999 999 999 999
10 110.72 131.14 2 2 1 0.90475 1 999 999 999 999 999 999 999 999 999
10 68.797 90.771 1 1 1 0.936 1 999 999 999 999 999 999 999 999 999
10 136.68 79.395 4 4 1 1.1704 1 999 999 999 999 999 999 999 999 999
10 89.956 66.537 3 3 1 1.2485 0 999 999 999 999 999 999 999 999 999
10 127.1 93.826 4 4 1 1.1391 1 999 999 999 999 999 999 999 999 999
10 77.33 108.53 1 1 1 1.5142 0 999 999 999 999 999 999 999 999 999
10 110.72 131.14 2 2 1 0.87362 1 999 999 999 999 999 999 999 999 999
10 114.54 71.129 3 4 0 3.0923 0 999 999 999 999 999 999 999 999 999
10 65.574 81.853 1 1 1 0.82591 1 999 999 999 999 999 999 999 999 999
10 97.37 80.539 3 3 1 5.936 1 999 999 999 999 999 999 999 999 999
10 72.507 95.394 1 1 1 0.84229 1 999 999 999 999 999 999 999 999 999
10 99.281 123.11 2 2 1 1.6237 1 999 999 999 999 999 999 999 999 999
10 111.72 118.31 4 4 1 0.84229 0 999 999 999 999 999 999 999 999 999
10 65.574 81.853 1 1 1 1.1546 1 999 999 999 999 999 999 999 999 999
10 102.34 118.42 2 4 0 0.77974 1 999 999 999 999 999 999 999 999 999
10 102.34 118.42 2 2 1 0.92041 0 999 999 999 999 999 999 999 999 999
10 99.281 123.11 2 2 1 0.5923 1 999 999 999 999 999 999 999 999 999
10 89.956 66.537 3 3 1 0.74831 1 999 999 999 999 999 999 999 999 999
10 111.12 81.938 4 3 0 0.76434 0 999 999 999 999 999 999 999 999 999
10 136.68 79.395 4 4 1 0.56103 1 999 999 999 999 999 999 999 999 999
11 103.49 121.71 2 2 1 2.7066 0 999 999 999 999 999 999 999 999 999
11 146.57 112.93 4 4 1 1.3328 1 999 999 999 999 999 999 999 999 999
11 107.25 124.7 2 2 1 0.87352 0 999 999 999 999 999 999 999 999 999
11 66.948 102.65 1 1 1 0.93599 1 999 999 999 999 999 999 999 999 999
11 91.782 126.84 2 2 1 1.4204 0 999 999 999 999 999 999 999 999 999
11 79.562 75.985 3 3 1 0.63942 1 999 999 999 999 999 999 999 999 999
11 108.83 85.178 3 4 0 2.936 1 999 999 999 999 999 999 999 999 999
11 74.121 102.41 1 1 1 1.764 1 999 999 999 999 999 999 999 999 999
11 122.08 84.582 4 4 1 1.8891 1 999 999 999 999 999 999 999 999 999
11 102.66 122.04 2 2 1 0.77967 1 999 999 999 999 999 999 999 999 999
11 122.08 84.582 4 3 0 0.98295 1 999 999 999 999 999 999 999 999 999
11 135.33 100.42 4 2 0 0.73296 0 999 999 999 999 999 999 999 999 999
11 102.66 122.04 2 2 1 1.9673 1 999 999 999 999 999 999 999 999 999
11 101.69 67.181 3 3 1 0.70158 1 999 999 999 999 999 999 999 999 999
11 90.263 80.542 3 3 1 0.56073 0 999 999 999 999 999 999 999 999 999
11 116.98 101.92 4 4 1 1.1549 1 999 999 999 999 999 999 999 999 999
11 79.562 75.985 3 3 1 0.70162 0 999 999 999 999 999 999 999 999 999
11 132.71 109.2 4 2 0 0.76425 1 999 999 999 999 999 999 999 999 999
11 66.948 102.65 1 1 1 0.85805 1 999 999 999 999 999 999 999 999 999
11 94.916 135.61 2 2 1 0.76388 0 999 999 999 999 999 999 999 999 999
11 90.263 80.542 3 3 1 0.76396 1 999 999 999 999 999 999 999 999 999
11 129.66 86.239 4 4 1 0.639 0 999 999 999 999 999 999 999 999 999
11 116.98 101.92 4 1 0 2.396 1 999 999 999 999 999 999 999 999 999
11 111.17 125.87 2 2 1 3.3424 1 999 999 999 999 999 999 999 999 999
11 99.04 128.11 2 2 1 0.68594 1 999 999 999 999 999 999 999 999 999
11 66.948 102.65 1 1 1 10.561 1 999 999 999 999 999 999 999 999 999
11 135.16 118.91 4 3 0 1.889 1 999 999 999 999 999 999 999 999 999
11 108.83 85.178 3 3 1 1.2953 1 999 999 999 999 999 999 999 999 999
11 94.916 135.61 2 3 0 2.2172 1 999 999 999 999 999 999 999 999 999
11 125.5 90.087 4 3 0 0.73288 0 999 999 999 999 999 999 999 999 999
11 111.17 125.87 2 2 1 1.0924 1 999 999 999 999 999 999 999 999 999
11 111.17 125.87 2 4 0 0.49856 1 999 999 999 999 999 999 999 999 999
11 122.08 84.582 4 3 0 0.79661 1 999 999 999 999 999 999 999 999 999
11 125.5 90.087 4 4 1 0.43597 1 999 999 999 999 999 999 999 999 999
11 99.04 128.11 2 2 1 0.88915 1 999 999 999 999 999 999 999 999 999
11 94.993 75.458 3 3 1 0.90478 1 999 999 999 999 999 999 999 999 999
11 108.83 85.178 3 3 1 0.68601 0 999 999 999 999 999 999 999 999 999
11 116.98 101.92 4 4 1 1.0296 0 999 999 999 999 999 999 999 999 999
11 79.562 75.985 3 1 0 0.74855 1 999 999 999 999 999 999 999 999 999
11 135.16 118.91 4 4 1 1.5673 1 999 999 999 999 999 999 999 999 999
11 94.916 135.61 2 2 1 0.74842 0 999 999 999 999 999 999 999 999 999
11 101.69 67.181 3 3 1 0.7329 1 999 999 999 999 999 999 999 999 999
11 91.782 126.84 2 2 1 0.73294 1 999 999 999 999 999 999 999 999 999
11 111.17 125.87 2 4 0 0.60761 1 999 999 999 999 999 999 999 999 999
11 146.57 112.93 4 4 1 0.5767 1 999 999 999 999 999 999 999 999 999
11 91.782 126.84 2 4 0 0.98284 1 999 999 999 999 999 999 999 999 999
11 135.16 118.91 4 4 1 0.5454 1 999 999 999 999 999 999 999 999 999
11 79.562 75.985 3 3 1 0.63919 1 999 999 999 999 999 999 999 999 999
11 66.948 102.65 1 1 1 2.6706 1 999 999 999 999 999 999 999 999 999
11 74.121 102.41 1 2 0 0.4985 1 999 999 999 999 999 999 999 999 999
12 83.244 55.048 3 3 1 1.2876 0 999 999 999 999 999 999 999 999 999
12 112.9 133.37 2 2 1 0.89417 1 999 999 999 999 999 999 999 999 999
12 96.222 124.77 2 2 1 0.88909 1 999 999 999 999 999 999 999 999 999
12 90.995 64.863 3 3 1 0.70172 0 999 999 999 999 999 999 999 999 999
12 71.973 106.88 1 2 0 2.0298 1 999 999 999 999 999 999 999 999 999
12 93.668 80.981 3 4 0 1.0922 1 999 999 999 999 999 999 999 999 999
12 76.579 119.72 1 2 0 0.76409 1 999 999 999 999 999 999 999 999 999
12 69.659 84.351 1 3 0 0.77979 0 999 999 999 999 999 999 999 999 999
12 93.356 124.71 2 2 1 0.686 1 999 999 999 999 999 999 999 999 999
12 93.668 80.981 3 3 1 1.2954 1 999 999 999 999 999 999 999 999 999
12 85.261 74.96 1 3 0 0.63909 0 999 999 999 999 999 999 999 999 999
12 143.47 83.137 4 2 0 1.1235 1 999 999 999 999 999 999 999 999 999
12 143.47 83.137 4 2 0 1.8266 1 999 999 999 999 999 999 999 999 999
12 92.946 94.826 3 1 0 1.1234 0 999 999 999 999 999 999 999 999 999
12 104.24 109.56 2 4 0 0.76406 1 999 999 999 999 999 999 999 999 999
12 39.473 109.84 1 1 1 0.90468 0 999 999 999 999 999 999 999 999 999
12 138.79 109.73 4 4 1 0.87361 1 999 999 999 999 999 999 999 999 999
12 98.018 75.402 3 3 1 1.5922 1 999 999 999 999 999 999 999 999 999
12 123.62 129.72 2 4 0 0.92037 1 999 999 999 999 999 999 999 999 999
12 103.82 138.82 2 2 1 0.52982 1 999 999 999 999 999 999 999 999 999
12 85.261 74.96 1 3 0 0.7171 1 999 999 999 999 999 999 999 999 999
12 90.995 64.863 3 3 1 0.62345 0 999 999 999 999 999 999 999 999 999
12 93.356 124.71 2 2 1 0.85786 1 999 999 999 999 999 999 999 999 999
12 75.961 78.352 1 1 1 1.8579 1 999 999 999 999 999 999 999 999 999
12 85.261 74.96 1 1 1 0.81098 1 999 999 999 999 999 999 999 999 999
12 92.622 126.35 2 2 1 9.9828 1 999 999 999 999 999 999 999 999 999
12 98.018 75.402 3 3 1 0.81083 1 999 999 999 999 999 999 999 999 999
12 92.946 94.826 3 3 1 0.56102 1 999 999 999 999 999 999 999 999 999
12 107.85 86.667 3 3 1 0.90478 1 999 999 999 999 999 999 999 999 999
12 69.659 84.351 1 1 1 1.6158 0 999 999 999 999 999 999 999 999 999
12 103.82 138.82 2 2 1 3.9827 1 999 999 999 999 999 999 999 999 999
12 87.314 65.784 3 3 1 2.6547 1 999 999 999 999 999 999 999 999 999
12 92.946 94.826 3 4 0 0.79543 1 999 999 999 999 999 999 999 999 999
12 112.9 133.37 2 2 1 3.139 0 999 999 999 999 999 999 999 999 999
12 123.62 129.72 2 2 1 0.6702 1 999 999 999 999 999 999 999 999 999
12 92.622 126.35 2 4 0 3.2956 1 999 999 999 999 999 999 999 999 999
12 138.79 109.73 4 3 0 1.6075 0 999 999 999 999 999 999 999 999 999
12 92.946 94.826 3 1 0 0.84231 1 999 999 999 999 999 999 999 999 999
12 71.973 106.88 1 1 1 1.0765 1 999 999 999 999 999 999 999 999 999
12 75.961 78.352 1 1 1 0.59954 0 999 999 999 999 999 999 999 999 999
12 83.847 118.62 2 2 1 2.061 1 999 999 999 999 999 999 999 999 999
12 92.622 126.35 2 2 1 0.96729 1 999 999 999 999 999 999 999 999 999
12 98.018 75.402 3 3 1 1.061 1 999 999 999 999 999 999 999 999 999
12 75.961 78.352 1 4 0 1.5767 0 999 999 999 999 999 999 999 999 999
12 39.473 109.84 1 1 1 1.1079 1 999 999 999 999 999 999 999 999 999
12 93.356 124.71 2 2 1 0.84209 1 999 999 999 999 999 999 999 999 999
12 74.84 100.09 1 2 0 1.4827 1 999 999 999 999 999 999 999 999 999
12 74.84 100.09 1 2 0 0.68602 1 999 999 999 999 999 999 999 999 999
12 83.847 118.62 2 4 0 2.2328 1 999 999 999 999 999 999 999 999 999
12 104.24 109.56 2 2 1 1.9985 1 999 999 999 999 999 999 999 999 999
13 110.47 137.41 2 2 1 1.163 1 999 999 999 999 999 999 999 999 999
13 93.178 66.018 3 3 1 1.4092 1 999 999 999 999 999 999 999 999 999
13 79.825 109.44 1 2 0 1.311 1 999 999 999 999 999 999 999 999 999
13 82.204 86.673 1 4 0 0.76405 1 999 999 999 999 999 999 999 999 999
13 124.09 78.177 4 2 0 0.96741 0 999 999 999 999 999 999 999 999 999
13 126.81 95.216 4 4 1 0.59231 1 999 999 999 999 999 999 999 999 999
13 132.52 109.88 4 4 1 2.0767 1 999 999 999 999 999 999 999 999 999
13 98.016 67.894 3 3 1 1.5767 0 999 999 999 999 999 999 999 999 999
13 82.918 71.326 3 2 0 0.70153 1 999 999 999 999 999 999 999 999 999
13 113.79 63.608 3 3 1 1.5767 1 999 999 999 999 999 999 999 999 999
13 101.17 116.42 2 2 1 0.87345 1 999 999 999 999 999 999 999 999 999
13 78.088 134.08 2 2 1 0.73721 1 999 999 999 999 999 999 999 999 999
13 77.293 93.568 1 4 0 1.3423 1 999 999 999 999 999 999 999 999 999
13 132.73 93.662 4 3 0 1.1393 1 999 999 999 999 999 999 999 999 999
13 119.86 107.19 4 4 1 0.5615 1 999 999 999 999 999 999 999 999 999
13 138.1 83.819 4 4 1 0.5297 1 999 999 999 999 999 999 999 999 999
13 78.088 134.08 2 2 1 1.1235 0 999 999 999 999 999 999 999 999 999
13 143.61 90.883 4 3 0 0.96724 1 999 999 999 999 999 999 999 999 999
13 121.04 133.79 2 2 1 0.92039 0 999 999 999 999 999 999 999 999 999
13 116.02 71.596 3 3 1 1.686 0 999 999 999 999 999 999 999 999 999
13 65.272 103.39 1 2 0 3.6079 1 999 999 999 999 999 999 999 999 999
13 132.73 93.662 4 4 1 1.5299 0 999 999 999 999 999 999 999 999 999
13 138.1 83.819 4 4 1 0.7643 1 999 999 999 999 999 999 999 999 999
13 91.393 143.14 2 2 1 0.87343 1 999 999 999 999 999 999 999 999 999
13 73.17 97.498 1 2 0 0.8736 0 999 999 999 999 999 999 999 999 999
13 91.698 118.01 2 3 0 0.70153 1 999 999 999 999 999 999 999 999 999
13 119.86 107.19 4 2 0 0.95175 1 999 999 999 999 999 999 999 999 999
13 110.72 149.74 2 2 1 0.77971 1 999 999 999 999 999 999 999 999 999
13 78.088 134.08 2 2 1 1.0141 0 999 999 999 999 999 999 999 999 999
13 89.613 72.423 3 3 1 0.90475 1 999 999 999 999 999 999 999 999 999
13 121.04 133.79 2 2 1 0.81115 1 999 999 999 999 999 999 999 999 999
13 127.71 101.9 4 2 0 1.2487 1 999 999 999 999 999 999 999 999 999
13 126.81 95.216 4 2 0 0.88889 0 999 999 999 999 999 999 999 999 999
13 93.178 66.018 3 1 0 0.92023 1 999 999 999 999 999 999 999 999 999
13 116.02 71.596 3 3 1 1.3735 0 999 999 999 999 999 999 999 999 999
13 98.016 67.894 3 3 1 1.0142 1 999 999 999 999 999 999 999 999 999
13 91.698 118.01 2 2 1 1.4204 1 999 999 999 999 999 999 999 999 999
13 121.04 133.79 2 2 1 0.81127 1 999 999 999 999 999 999 999 999 999
13 70.98 98.786 1 1 1 0.76412 0 999 999 999 999 999 999 999 999 999
13 70.98 98.786 1 1 1 0.73314 1 999 999 999 999 999 999 999 999 999
13 124.09 78.177 4 4 1 0.76409 1 999 999 999 999 999 999 999 999 999
13 98.016 67.894 3 4 0 0.79533 1 999 999 999 999 999 999 999 999 999
13 70.98 98.786 1 1 1 12.28 1 999 999 999 999 999 999 999 999 999
13 116.02 71.596 3 3 1 1.4671 0 999 999 999 999 999 999 999 999 999
13 119.86 107.19 4 3 0 1.3892 1 999 999 999 999 999 999 999 999 999
13 89.613 72.423 3 3 1 3.0298 1 999 999 999 999 999 999 999 999 999
13 127.71 101.9 4 4 1 1.7485 1 999 999 999 999 999 999 999 999 999
13 110.72 149.74 2 4 0 0.60797 1 999 999 999 999 999 999 999 999 999
13 110.47 137.41 2 2 1 0.84202 1 999 999 999 999 999 999 999 999 999
13 73.17 97.498 1 1 1 4.3422 1 999 999 999 999 999 999 999 999 999
14 133.52 94.534 4 2 0 4.1469 1 999 999 999 999 999 999 999 999 999
14 134.54 93.55 4 2 0 1.0356 1 999 999 999 999 999 999 999 999 999
14 142.53 87.263 4 2 0 0.59228 1 999 999 999 999 999 999 999 999 999
14 103.5 121.21 2 2 1 0.70173 1 999 999 999 999 999 999 999 999 999
14 119.7 98.963 4 2 0 1.6235 1 999 999 999 999 999 999 999 999 999
14 99.578 118.62 2 2 1 0.71727 0 999 999 999 999 999 999 999 999 999
14 103.5 121.21 2 2 1 1.7797 1 999 999 999 999 999 999 999 999 999
14 87.404 97.892 1 2 0 1.264 1 999 999 999 999 999 999 999 999 999
14 94.577 70.31 3 2 0 0.70185 0 999 999 999 999 999 999 999 999 999
14 74.406 89.518 1 3 0 0.62353 1 999 999 999 999 999 999 999 999 999
14 103.5 121.21 2 2 1 1.2015 1 999 999 999 999 999 999 999 999 999
14 95.039 88.531 3 3 1 0.75239 1 999 999 999 999 999 999 999 999 999
14 150.63 99.856 4 4 1 1.561 0 999 999 999 999 999 999 999 999 999
14 94.934 73.142 3 3 1 2.4362 1 999 999 999 999 999 999 999 999 999
14 121.88 101.61 4 2 0 1.9829 1 999 999 999 999 999 999 999 999 999
14 55.679 106.9 1 1 1 1.1237 0 999 999 999 999 999 999 999 999 999
14 76.165 106.8 1 1 1 0.81103 1 999 999 999 999 999 999 999 999 999
14 115.63 78.518 3 3 1 1.4829 1 999 999 999 999 999 999 999 999 999
14 102.15 107.43 4 2 0 0.9358 1 999 999 999 999 999 999 999 999 999
14 76.165 106.8 1 2 0 1.1656 1 999 999 999 999 999 999 999 999 999
14 115.33 137.73 2 2 1 0.71727 0 999 999 999 999 999 999 999 999 999
14 122.05 95.248 4 4 1 1.0923 1 999 999 999 999 999 999 999 999 999
14 115.63 78.518 3 3 1 1.4985 1 999 999 999 999 999 999 999 999 999
14 74.406 89.518 1 1 1 1.0143 1 999 999 999 999 999 999 999 999 999
14 84.963 128.23 2 2 1 1.6233 1 999 999 999 999 999 999 999 999 999
14 112.99 71.413 3 3 1 1.0761 1 999 999 999 999 999 999 999 999 999
14 84.963 128.23 2 2 1 0.76412 1 999 999 999 999 999 999 999 999 999
14 94.577 70.31 3 3 1 1.3108 0 999 999 999 999 999 999 999 999 999
14 115.33 137.73 2 2 1 0.70168 1 999 999 999 999 999 999 999 999 999
14 115.33 137.73 2 2 1 1.0609 1 999 999 999 999 999 999 999 999 999
14 123.18 88.827 4 4 1 3.4985 1 999 999 999 999 999 999 999 999 999
14 121.88 101.61 4 2 0 1.2329 1 999 999 999 999 999 999 999 999 999
14 87.361 51.709 3 3 1 1.2016 1 999 999 999 999 999 999 999 999 999
14 123.18 88.827 4 4 1 1.6393 1 999 999 999 999 999 999 999 999 999
14 122.05 95.248 4 3 0 1.3423 0 999 999 999 999 999 999 999 999 999
14 55.679 106.9 1 1 1 0.87347 0 999 999 999 999 999 999 999 999 999
14 101.9 71.945 3 2 0 1.2955 1 999 999 999 999 999 999 999 999 999
14 123.18 88.827 4 1 0 2.1705 1 999 999 999 999 999 999 999 999 999
14 102.15 107.43 4 4 1 2.9829 1 999 999 999 999 999 999 999 999 999
14 99.578 118.62 2 2 1 0.74843 1 999 999 999 999 999 999 999 999 999
14 102.15 107.43 4 3 0 1.1235 1 999 999 999 999 999 999 999 999 999
14 136.55 102.53 4 3 0 0.93605 0 999 999 999 999 999 999 999 999 999
14 76.165 106.8 1 1 1 3.2954 1 999 999 999 999 999 999 999 999 999
14 87.361 51.709 3 3 1 1.7798 1 999 999 999 999 999 999 999 999 999
14 115.33 137.73 2 2 1 1.2642 1 999 999 999 999 999 999 999 999 999
14 94.934 73.142 3 3 1 1.9516 1 999 999 999 999 999 999 999 999 999
14 101.9 71.945 3 3 1 0.84226 1 999 999 999 999 999 999 999 999 999
14 101.9 71.945 3 3 1 0.73285 0 999 999 999 999 999 999 999 999 999
14 112.99 71.413 3 4 0 1.1861 0 999 999 999 999 999 999 999 999 999
14 136.55 102.53 4 2 0 0.79331 0 999 999 999 999 999 999 999 999 999
15 104.9 127.92 2 2 1 0.81909 0 999 999 999 999 999 999 999 999 999
15 78.163 93.522 1 2 0 14.424 0 999 999 999 999 999 999 999 999 999
15 97.391 129.25 2 2 1 0.73288 0 999 999 999 999 999 999 999 999 999
15 133.95 109.16 4 4 1 0.77983 0 999 999 999 999 999 999 999 999 999
15 132.97 87.037 4 3 0 0.92024 0 999 999 999 999 999 999 999 999 999
15 107.91 70.835 3 3 1 0.81105 0 999 999 999 999 999 999 999 999 999
15 85.173 106.37 1 2 0 1.2642 0 999 999 999 999 999 999 999 999 999
15 102.03 68.655 3 3 1 0.74837 0 999 999 999 999 999 999 999 999 999
15 104.2 117.65 2 2 1 1.1233 0 999 999 999 999 999 999 999 999 999
15 104.9 127.92 2 2 1 1.1236 0 999 999 999 999 999 999 999 999 999
15 104.9 127.92 2 2 1 0.70179 0 999 999 999 999 999 999 999 999 999
15 56.58 95.878 1 1 1 0.7641 0 999 999 999 999 999 999 999 999 999
15 104.74 102.77 4 4 1 4.5454 0 999 999 999 999 999 999 999 999 999
15 63.689 107.51 1 1 1 0.87357 0 999 999 999 999 999 999 999 999 999
15 89.205 142.9 2 2 1 0.95156 0 999 999 999 999 999 999 999 999 999
15 104.3 48.611 3 3 1 0.85784 0 999 999 999 999 999 999 999 999 999
15 105.05 69.825 3 3 1 0.76404 0 999 999 999 999 999 999 999 999 999
15 113.3 84.464 3 4 0 1.4204 0 999 999 999 999 999 999 999 999 999
15 79.388 106.22 1 1 1 0.96737 0 999 999 999 999 999 999 999 999 999
15 59.37 111.01 1 1 1 0.67032 0 999 999 999 999 999 999 999 999 999
15 97.391 129.25 2 2 1 0.88923 0 999 999 999 999 999 999 999 999 999
15 63.689 107.51 1 1 1 1.108 0 999 999 999 999 999 999 999 999 999
15 129.21 91.274 4 4 1 1.3111 0 999 999 999 999 999 999 999 999 999
15 102.03 68.655 3 3 1 0.9358 0 999 999 999 999 999 999 999 999 999
15 123.77 105.71 4 4 1 1.0298 0 999 999 999 999 999 999 999 999 999
15 133.95 109.16 4 4 1 0.96725 0 999 999 999 999 999 999 999 999 999
15 73.609 99.217 1 1 1 0.88908 0 999 999 999 999 999 999 999 999 999
15 133.57 94.577 4 4 1 1.3266 0 999 999 999 999 999 999 999 999 999
15 59.37 111.01 1 1 1 0.84244 0 999 999 999 999 999 999 999 999 999
15 132.97 87.037 4 4 1 1.0295 0 999 999 999 999 999 999 999 999 999
15 79.388 106.22 1 1 1 4.5767 0 999 999 999 999 999 999 999 999 999
15 136.37 97.41 4 4 1 0.76405 0 999 999 999 999 999 999 999 999 999
15 102.03 68.655 3 3 1 1.1079 0 999 999 999 999 999 999 999 999 999
15 129.21 91.274 4 4 1 0.90473 0 999 999 999 999 999 999 999 999 999
15 103.9 95.028 3 4 0 5.9671 0 999 999 999 999 999 999 999 999 999
15 73.609 99.217 1 1 1 0.85762 0 999 999 999 999 999 999 999 999 999
15 78.163 93.522 1 1 1 0.84204 0 999 999 999 999 999 999 999 999 999
15 93.601 127.7 2 2 1 0.77981 0 999 999 999 999 999 999 999 999 999
15 136.37 97.41 4 4 1 1.1079 0 999 999 999 999 999 999 999 999 999
15 133.95 109.16 4 4 1 1.9359 0 999 999 999 999 999 999 999 999 999
15 110.47 75.886 3 3 1 2.6862 0 999 999 999 999 999 999 999 999 999
15 63.689 107.51 1 1 1 0.98285 0 999 999 999 999 999 999 999 999 999
15 129.21 91.274 4 4 1 1.5142 0 999 999 999 999 999 999 999 999 999
15 110.47 75.886 3 3 1 2.6703 0 999 999 999 999 999 999 999 999 999
15 85.173 106.37 1 1 1 1.6551 0 999 999 999 999 999 999 999 999 999
15 123.77 105.71 4 4 1 2.2329 0 999 999 999 999 999 999 999 999 999
15 105.05 69.825 3 3 1 1.3736 0 999 999 999 999 999 999 999 999 999
15 79.388 106.22 1 1 1 1.358 0 999 999 999 999 999 999 999 999 999
15 104.3 48.611 3 3 1 1.0297 0 999 999 999 999 999 999 999 999 999
15 103.9 95.028 3 4 0 1.7018 0 999 999 999 999 999 999 999 999 999
16 98.909 141.24 2 2 1 1.039 0 999 999 999 999 999 999 999 999 999
16 64.475 100.59 1 1 1 1.0363 0 999 999 999 999 999 999 999 999 999
16 110.02 121.61 2 2 1 1.8578 0 999 999 999 999 999 999 999 999 999
16 96.262 116.58 2 2 1 1.0297 0 999 999 999 999 999 999 999 999 999
16 131.21 97.778 4 4 1 0.99836 0 999 999 999 999 999 999 999 999 999
16 87.327 154.28 2 2 1 0.92047 0 999 999 999 999 999 999 999 999 999
16 103.32 127.39 2 2 1 2.8892 0 999 999 999 999 999 999 999 999 999
16 101.76 124.97 2 2 1 0.59225 0 999 999 999 999 999 999 999 999 999
16 82.728 64.568 3 3 1 1.1234 0 999 999 999 999 999 999 999 999 999
16 96.262 116.58 2 1 0 2.5456 0 999 999 999 999 999 999 999 999 999
16 115.03 82.92 3 3 1 1.3264 0 999 999 999 999 999 999 999 999 999
16 131.21 97.778 4 3 0 0.84223 0 999 999 999 999 999 999 999 999 999
16 139.88 105.74 4 4 1 0.59232 0 999 999 999 999 999 999 999 999 999
16 113.19 123.13 4 2 0 0.7954 0 999 999 999 999 999 999 999 999 999
16 76.242 70.699 1 1 1 2.3736 0 999 999 999 999 999 999 999 999 999
16 106.94 68.216 3 1 0 0.70168 0 999 999 999 999 999 999 999 999 999
16 108.36 59.327 3 3 1 0.54532 0 999 999 999 999 999 999 999 999 999
16 81.66 103.13 1 1 1 3.7015 0 999 999 999 999 999 999 999 999 999
16 64.475 100.59 1 1 1 0.99814 0 999 999 999 999 999 999 999 999 999
16 92.034 82.411 3 1 0 2.3267 0 999 999 999 999 999 999 999 999 999
16 115.03 82.92 3 4 0 0.73546 0 999 999 999 999 999 999 999 999 999
16 96.262 116.58 2 2 1 1.9985 0 999 999 999 999 999 999 999 999 999
16 106.94 68.216 3 3 1 0.82655 0 999 999 999 999 999 999 999 999 999
16 127.27 99.186 4 4 1 1.4083 0 999 999 999 999 999 999 999 999 999
16 64.004 96.621 1 1 1 0.87354 0 999 999 999 999 999 999 999 999 999
16 103.79 90.149 3 3 1 15.248 0 999 999 999 999 999 999 999 999 999
16 127.27 99.186 4 4 1 0.96717 0 999 999 999 999 999 999 999 999 999
16 127.27 99.186 4 4 1 0.65471 0 999 999 999 999 999 999 999 999 999
16 106.94 68.216 3 3 1 0.90487 0 999 999 999 999 999 999 999 999 999
16 92.034 82.411 3 3 1 0.76411 0 999 999 999 999 999 999 999 999 999
16 129.33 92.44 4 4 1 0.74854 0 999 999 999 999 999 999 999 999 999
16 103.32 127.39 2 2 1 0.76427 0 999 999 999 999 999 999 999 999 999
16 103.79 90.149 3 4 0 3.7016 0 999 999 999 999 999 999 999 999 999
16 87.327 154.28 2 2 1 0.74836 0 999 999 999 999 999 999 999 999 999
16 64.004 96.621 1 1 1 0.7485 0 999 999 999 999 999 999 999 999 999
16 103.79 90.149 3 3 1 1.2642 0 999 999 999 999 999 999 999 999 999
16 101.11 81.297 3 3 1 0.52975 0 999 999 999 999 999 999 999 999 999
16 113.19 123.13 4 2 0 0.67043 0 999 999 999 999 999 999 999 999 999
16 82.728 64.568 3 1 0 1.358 0 999 999 999 999 999 999 999 999 999
16 96.262 116.58 2 2 1 1.5142 0 999 999 999 999 999 999 999 999 999
16 84.914 60.196 3 3 1 0.90472 0 999 999 999 999 999 999 999 999 999
16 103.32 127.39 2 2 1 1.2018 0 999 999 999 999 999 999 999 999 999
16 82.728 64.568 3 3 1 2.4985 0 999 999 999 999 999 999 999 999 999
16 108.36 59.327 3 3 1 0.65481 0 999 999 999 999 999 999 999 999 999
16 81.66 103.13 1 4 0 1.4359 0 999 999 999 999 999 999 999 999 999
16 110.02 121.61 2 2 1 1.1079 0 999 999 999 999 999 999 999 999 999
16 131.21 97.778 4 4 1 1.6392 0 999 999 999 999 999 999 999 999 999
16 129.33 92.44 4 4 1 0.74872 0 999 999 999 999 999 999 999 999 999
16 129.33 92.44 4 4 1 0.54536 0 999 999 999 999 999 999 999 999 999
16 127.27 99.186 4 4 1 0.67039 0 999 999 999 999 999 999 999 999 999
17 74.279 99.051 1 1 1 2.5386 0 999 999 999 999 999 999 999 999 999
17 121.8 99.67 4 4 1 2.5363 0 999 999 999 999 999 999 999 999 999
17 132.99 108.38 4 2 0 2.6547 0 999 999 999 999 999 999 999 999 999
17 96.006 71.13 3 3 1 2.8264 0 999 999 999 999 999 999 999 999 999
17 109.02 121.82 4 2 0 0.90474 0 999 999 999 999 999 999 999 999 999
17 108.91 69.092 3 3 1 0.73296 0 999 999 999 999 999 999 999 999 999
17 91.971 112.8 2 2 1 0.8265 0 999 999 999 999 999 999 999 999 999
17 58.261 103.95 1 1 1 0.63907 0 999 999 999 999 999 999 999 999 999
17 95.353 141.27 2 2 1 0.77981 0 999 999 999 999 999 999 999 999 999
17 98.53 128.19 2 2 1 0.74846 0 999 999 999 999 999 999 999 999 999
17 97.858 116.09 2 2 1 0.67046 0 999 999 999 999 999 999 999 999 999
17 100.23 87.235 3 2 0 0.6391 0 999 999 999 999 999 999 999 999 999
17 95.353 141.27 2 2 1 0.68591 0 999 999 999 999 999 999 999 999 999
17 98.53 128.19 2 2 1 0.54542 0 999 999 999 999 999 999 999 999 999
17 70.723 119.66 1 1 1 0.82664 0 999 999 999 999 999 999 999 999 999
17 154.99 103.95 4 4 1 0.9517 0 999 999 999 999 999 999 999 999 999
17 82.785 68.211 3 3 1 1.6235 0 999 999 999 999 999 999 999 999 999
17 95.353 141.27 2 2 1 0.76409 0 999 999 999 999 999 999 999 999 999
17 97.858 116.09 2 3 0 7.8892 0 999 999 999 999 999 999 999 999 999
17 63.436 91.851 1 1 1 0.74846 0 999 999 999 999 999 999 999 999 999
17 100.23 87.235 3 3 1 1.3423 0 999 999 999 999 999 999 999 999 999
17 101.91 55.479 3 3 1 0.81123 0 999 999 999 999 999 999 999 999 999
17 84.668 104.84 1 3 0 1.186 0 999 999 999 999 999 999 999 999 999
17 82.785 68.211 3 3 1 0.67039 0 999 999 999 999 999 999 999 999 999
17 109.02 121.82 4 2 0 0.7173 0 999 999 999 999 999 999 999 999 999
17 98.53 128.19 2 2 1 1.2641 0 999 999 999 999 999 999 999 999 999
17 98.53 128.19 2 2 1 0.68601 0 999 999 999 999 999 999 999 999 999
17 100.23 87.235 3 4 0 1.5609 0 999 999 999 999 999 999 999 999 999
17 68.809 104.33 1 1 1 0.77971 0 999 999 999 999 999 999 999 999 999
17 154.99 103.95 4 4 1 0.60799 0 999 999 999 999 999 999 999 999 999
17 143.65 94.302 4 4 1 0.82671 0 999 999 999 999 999 999 999 999 999
17 124.18 102.71 4 4 1 2.2639 0 999 999 999 999 999 999 999 999 999
17 96.492 62.936 3 3 1 1.186 0 999 999 999 999 999 999 999 999 999
17 108.91 69.092 3 3 1 0.84243 0 999 999 999 999 999 999 999 999 999
17 68.809 104.33 1 1 1 2.5142 0 999 999 999 999 999 999 999 999 999
17 132.99 108.38 4 4 1 1.6079 0 999 999 999 999 999 999 999 999 999
17 91.971 112.8 2 2 1 1.9205 0 999 999 999 999 999 999 999 999 999
17 96.006 71.13 3 3 1 0.79531 0 999 999 999 999 999 999 999 999 999
17 95.353 141.27 2 2 1 0.77988 0 999 999 999 999 999 999 999 999 999
17 109.02 121.82 4 2 0 0.82672 0 999 999 999 999 999 999 999 999 999
17 95.353 141.27 2 2 1 0.71727 0 999 999 999 999 999 999 999 999 999
17 124.18 102.71 4 4 1 1.358 0 999 999 999 999 999 999 999 999 999
17 101.91 55.479 3 3 1 3.7017 0 999 999 999 999 999 999 999 999 999
17 96.492 62.936 3 3 1 0.59214 0 999 999 999 999 999 999 999 999 999
17 108.91 69.092 3 3 1 0.65479 0 999 999 999 999 999 999 999 999 999
17 63.436 91.851 1 1 1 0.79543 0 999 999 999 999 999 999 999 999 999
17 97.858 116.09 2 2 1 0.77984 0 999 999 999 999 999 999 999 999 999
17 109.02 121.82 4 2 0 0.85788 0 999 999 999 999 999 999 999 999 999
17 70.798 86.568 1 1 1 0.68612 0 999 999 999 999 999 999 999 999 999
17 109.02 121.82 4 2 0 0.8267 0 999 999 999 999 999 999 999 999 999
