1 88.9087 58.4290 3 3 2 1 0 2.3809 1
1 94.4389 74.6188 1 3 1 1 0 1.0629 1
1 95.0873 138.8186 3 2 2 1 1 1.2041 1
1 85.7585 122.9180 4 2 2 1 1 0.5639 1
1 97.3481 129.1895 4 2 2 1 1 0.6761 1
1 64.4745 77.5333 1 1 1 1 1 0.7913 1
1 149.0769 86.5169 1 4 4 1 1 2.5418 1
1 71.1848 108.2609 3 1 2 1 0 0.9743 1
1 132.9668 97.6630 3 4 4 1 1 0.7919 1
1 116.7106 100.2723 4 4 2 1 0 0.7506 1
1 105.0474 72.4231 3 3 2 1 0 0.8827 1
1 95.0595 146.4255 3 2 4 1 0 3.7075 1
1 103.3680 147.2061 2 2 4 1 0 1.2712 1
1 77.9959 133.3717 4 2 1 1 0 0.3129 1
1 99.2293 138.8234 2 2 2 1 1 1.0762 1
1 94.5770 65.3457 4 3 4 1 0 1.0883 1
1 77.5743 106.8028 1 1 1 1 1 3.1657 1
1 126.2479 93.8255 3 4 2 1 0 0.7969 1
1 99.0352 89.4037 4 3 4 1 0 0.5474 1
1 104.7419 95.8541 1 4 1 1 0 0.4839 1
1 97.3913 130.7559 2 2 2 1 1 0.5950 1
1 113.9239 134.0780 3 2 2 1 1 0.6603 1
1 112.9909 56.6666 3 3 4 1 0 1.0630 1
1 123.5941 102.7619 4 4 1 1 0 1.1229 1
1 81.7712 111.1103 2 1 1 1 1 1.3777 1
1 77.5715 109.9897 3 1 1 1 1 0.5669 1
1 95.0812 129.7580 1 2 1 1 0 1.3517 1
1 68.7974 98.9162 3 1 1 1 1 0.6358 1
1 132.7079 98.4518 3 4 2 1 0 0.9913 1
1 82.4519 94.3090 4 1 1 1 1 0.8737 1
1 94.1610 140.3225 1 2 2 1 1 0.8178 1
1 77.8577 103.2591 4 1 1 1 1 0.6803 1
1 88.9110 106.8961 1 1 2 1 0 1.6118 1
1 99.5317 110.2907 3 2 4 1 0 0.7426 1
1 73.7486 110.4400 1 1 4 1 0 5.5305 1
1 116.1249 104.1484 1 4 1 1 0 1.0748 1
1 105.3690 62.3515 4 3 2 1 0 0.8808 1
1 93.2724 118.2552 4 2 1 1 0 0.8882 1
1 91.3367 66.3946 2 3 2 1 0 1.6489 1
1 91.0872 110.3567 2 2 4 1 0 0.5390 1
1 88.9937 55.4789 2 3 1 1 0 0.7785 1
1 63.8414 99.9808 2 1 1 1 1 0.6725 1
1 61.1240 86.3064 3 1 1 1 1 0.4680 1
1 98.2208 65.4573 2 3 2 1 0 0.8020 1
1 124.6191 98.2480 4 4 4 1 1 1.4482 1
1 92.9046 122.1020 3 2 2 1 1 1.0850 1
1 81.3666 54.0435 4 3 1 1 0 0.8262 1
1 136.6960 85.7850 4 4 4 1 1 0.8180 1
1 103.2945 76.8177 4 3 2 1 0 0.8561 1
1 94.2845 48.6109 1 3 1 1 0 0.8155 1
1 90.9566 126.3451 4 2 1 1 0 0.7103 1
1 92.8701 115.4010 1 2 4 1 0 6.1549 1
1 101.1555 128.3788 3 2 2 1 1 3.0571 1
1 120.1177 97.7777 1 4 4 1 1 2.1105 1
1 107.6510 124.9763 4 2 2 1 1 0.6271 1
1 96.4990 80.8376 2 3 1 1 0 0.7887 1
1 68.2180 104.2906 3 1 1 1 1 0.5869 1
1 63.8100 110.5574 3 1 1 1 1 0.5714 1
1 84.6675 102.7472 1 1 1 1 1 0.7639 1
1 74.4056 94.8732 3 1 1 1 1 0.4017 1
1 69.7773 107.5104 1 1 1 1 1 0.3665 1
1 77.6529 103.1860 1 1 1 1 1 0.3625 1
1 84.3642 77.5642 4 3 2 1 0 2.0065 1
1 122.2716 97.8254 1 4 4 1 1 0.8409 1
1 113.1897 81.5377 4 4 4 1 1 0.6082 1
1 111.7206 105.1756 4 4 4 1 1 0.7535 1
1 71.8123 78.3524 2 1 1 1 1 0.6462 1
1 100.1930 132.4558 1 2 2 1 1 0.9206 1
1 122.1147 103.2817 4 4 4 1 1 0.8981 1
1 123.5975 102.7674 1 4 2 1 0 0.8742 1
1 81.3311 81.8530 4 1 1 1 1 0.6749 1
1 67.0568 102.8144 3 1 1 1 1 0.6945 1
1 128.0954 100.7774 1 4 2 1 0 0.7940 1
1 81.4458 97.6135 2 1 1 1 1 0.8486 1
1 116.6119 107.6445 1 4 4 1 1 0.8247 1
1 103.5760 77.8437 1 3 2 1 0 0.7356 1
1 116.2361 104.3239 2 4 1 1 0 0.6442 1
1 96.2624 137.6255 3 2 4 1 0 0.9827 1
1 100.6883 64.5680 2 3 2 1 0 0.8493 1
1 105.5005 79.1120 3 3 1 1 0 0.6319 1
1 119.9412 80.9812 2 3 4 1 0 0.6658 1
1 148.4004 105.7397 2 4 2 1 0 2.0284 1
1 90.3402 116.8999 2 1 1 1 1 0.7357 1
1 150.6347 101.2032 1 4 4 1 1 0.6923 1
1 95.5026 80.5391 2 3 2 1 0 0.7931 1
1 108.6715 117.6680 1 2 1 1 0 0.6869 1
1 105.6745 113.8609 4 2 4 1 0 0.6752 1
1 101.0772 80.8251 1 3 2 1 0 0.7907 1
1 97.5037 109.7229 1 2 1 1 0 1.8201 1
1 126.8054 79.3947 4 4 2 1 0 0.6678 1
1 107.4894 67.7759 1 3 2 1 0 1.1994 1
1 106.4592 68.8722 3 3 4 1 0 1.2629 1
1 154.9917 97.4097 3 4 4 1 1 0.6724 1
1 72.1357 96.4958 1 1 1 1 1 0.6595 1
1 131.4001 98.8049 1 4 4 1 1 0.8871 1
1 68.9197 110.3770 3 1 1 1 1 0.5750 1
1 121.9180 85.3120 1 4 2 1 0 0.6884 1
1 111.1157 67.1623 2 3 1 1 0 0.7076 1
1 114.0260 71.2138 3 3 1 1 0 0.5682 1
1 106.9555 129.7324 1 2 4 1 0 0.8415 1
2 116.6820 143.1406 3 2 2 1 1 6.0148 1
2 102.0303 55.2700 4 3 4 1 0 0.9834 1
2 110.5923 67.3542 4 3 2 1 0 2.2257 1
2 75.5032 120.2016 2 1 1 1 1 7.5780 1
2 130.3035 108.1081 1 4 4 1 1 0.6443 1
2 137.7972 100.4247 4 4 2 1 0 0.6943 1
2 79.5622 79.5091 3 3 1 1 0 0.6661 1
2 98.1891 128.3366 1 2 4 1 0 0.7978 1
2 71.3646 100.4742 4 1 1 1 1 0.7879 1
2 106.9445 67.1810 1 3 1 1 0 0.7784 1
2 103.3468 81.9164 2 3 1 1 0 0.6570 1
2 139.5657 102.7081 3 4 4 1 1 0.6765 1
2 88.5654 90.1056 3 1 1 1 1 1.1120 1
2 134.8970 112.8241 1 4 2 1 0 0.7413 1
2 91.5616 71.1302 3 3 4 1 0 0.6985 1
2 80.1687 102.4136 2 1 1 1 1 0.3659 1
2 87.1385 149.7429 1 2 1 1 0 0.5213 1
2 82.9756 154.2510 2 2 1 1 0 0.5847 1
2 133.6930 86.1741 3 4 2 1 0 0.7935 1
2 124.2482 90.8835 2 4 4 1 1 0.5277 1
2 89.2050 134.1374 3 2 4 1 0 0.8144 1
2 77.0563 105.1720 4 1 1 1 1 0.6278 1
2 75.6848 119.7178 4 1 1 1 1 0.5349 1
2 124.1812 129.4869 3 4 2 1 0 2.4225 1
2 69.6587 95.3935 1 1 1 1 1 0.6599 1
2 112.8350 144.2134 4 2 4 1 0 0.9831 1
2 129.2816 110.8507 4 4 4 1 1 0.8022 1
2 85.6290 129.7241 2 2 1 1 0 0.8560 1
2 137.3462 113.9915 2 4 4 1 1 0.8480 1
2 73.3303 105.7902 2 1 1 1 1 0.6146 1
2 121.7999 103.9522 1 4 4 1 1 1.0802 1
2 100.6615 138.9520 2 2 2 1 1 0.4691 1
2 95.1936 94.8259 4 3 4 1 0 1.2194 1
2 126.1796 107.6207 2 4 4 1 1 0.9634 1
2 94.4813 130.1834 4 2 2 1 1 0.5893 1
2 90.7955 75.5635 1 3 1 1 0 1.1499 1
2 125.4167 88.3572 3 4 4 1 1 1.2285 1
2 70.9591 107.6042 1 1 1 1 1 0.6206 1
2 102.9579 73.3276 1 3 4 1 0 0.6066 1
2 109.0030 126.8378 4 2 4 1 0 0.5123 1
2 90.7772 75.4578 1 3 4 1 0 1.3106 1
2 108.4486 68.6553 4 3 1 1 0 0.8178 1
2 65.2252 109.4380 4 1 1 1 1 2.5367 1
2 88.4604 132.3513 1 2 2 1 1 1.1450 1
2 93.0298 127.9223 3 2 4 1 0 0.5986 1
2 114.5281 61.5265 3 3 4 1 0 0.8559 1
2 70.0570 97.8239 2 1 1 1 1 0.7197 1
2 105.5620 113.2681 2 2 2 1 1 2.9646 1
2 95.8491 76.6500 3 3 4 1 0 1.5030 1
2 122.1071 98.6297 2 4 4 1 1 0.7741 1
2 82.7853 71.5963 2 3 4 1 0 3.1318 1
2 78.5336 135.8575 3 2 2 1 1 0.7463 1
2 136.8027 115.4470 2 4 2 1 0 0.6550 1
2 97.0638 60.2841 3 3 4 1 0 0.9134 1
2 62.8468 102.1042 4 1 1 1 1 0.6975 1
2 98.4734 67.9758 4 3 4 1 0 0.8614 1
2 87.7027 99.6187 1 1 2 1 0 0.6767 1
2 81.1348 85.8898 2 1 1 1 1 0.8402 1
2 95.6356 122.0070 1 2 1 1 0 0.6075 1
2 58.2609 103.3889 4 1 1 1 1 0.8016 1
2 132.6607 101.5893 3 4 4 1 1 0.9678 1
2 102.1550 55.7520 4 3 2 1 0 1.4576 1
2 77.3297 102.7611 1 1 1 1 1 0.6470 1
2 74.1058 102.7346 3 1 1 1 1 0.6655 1
2 80.5237 83.7751 2 3 1 1 0 2.4287 1
2 64.7926 86.6726 3 1 1 1 1 0.4259 1
2 91.6651 129.7944 4 2 2 1 1 1.5271 1
2 131.2149 122.0328 4 4 4 1 1 0.7990 1
2 69.8300 103.9540 2 1 1 1 1 0.5807 1
2 99.5780 137.4124 2 2 4 1 0 0.6620 1
2 98.4089 50.5345 3 3 1 1 0 0.7441 1
2 107.7094 136.7320 4 2 2 1 1 0.5563 1
2 107.8462 71.1292 1 3 4 1 0 0.9248 1
2 74.1213 97.4802 2 1 1 1 1 0.7089 1
2 99.2885 68.1986 4 3 2 1 0 1.4968 1
2 113.2000 100.1867 4 4 4 1 1 0.8323 1
2 129.4118 107.4261 1 4 1 1 0 0.7595 1
2 88.8389 138.9016 3 2 2 1 1 1.7893 1
2 88.6888 98.2993 2 1 2 1 0 0.6192 1
2 67.6983 96.7664 1 1 1 1 1 0.6205 1
2 90.5905 64.5018 2 1 2 1 0 1.0545 1
2 127.9187 108.3813 4 4 4 1 1 0.9547 1
2 143.8585 102.7132 1 4 1 1 0 1.0927 1
2 131.2836 106.8547 4 4 2 1 0 0.9459 1
2 63.2691 104.2814 3 1 1 1 1 0.5707 1
2 136.2692 109.1555 1 4 2 1 0 0.7796 1
2 115.0339 82.6380 1 3 4 1 0 0.6896 1
2 116.4688 89.7162 4 4 2 1 0 1.3501 1
2 108.9303 81.9381 2 4 2 1 0 0.7606 1
2 113.0652 114.0933 2 2 4 1 0 1.8060 1
2 107.4919 124.2660 4 2 2 1 1 0.5882 1
2 103.3200 134.0606 4 2 2 1 1 0.6047 1
2 81.9811 122.2044 4 2 2 1 1 0.5588 1
2 106.6803 75.3501 3 3 2 1 0 0.6546 1
2 113.7347 110.0741 3 4 2 1 0 0.7854 1
2 100.2263 73.7651 3 3 2 1 0 0.5024 1
2 93.3909 63.3240 2 3 1 1 0 0.6924 1
2 103.8216 160.6784 1 2 2 1 1 1.0963 1
2 61.8078 120.1106 1 1 1 1 1 0.6129 1
2 100.4068 124.7725 3 2 2 1 1 2.5185 1
3 84.9137 90.1487 1 3 1 1 0 0.8788 1
3 120.2600 88.8269 3 4 2 1 0 0.9426 1
3 63.4817 91.5669 1 1 1 1 1 0.5038 1
3 133.3195 99.7161 4 4 2 1 0 1.2389 1
3 75.4131 94.6944 1 1 1 1 1 1.0318 1
3 93.6683 67.5234 3 3 1 1 0 0.7397 1
3 85.8959 100.2280 2 1 2 1 0 2.5520 1
3 70.8464 89.2329 1 1 1 1 1 0.3925 1
3 72.0866 111.0079 2 1 1 1 1 0.4697 1
3 93.1776 65.4764 3 3 1 1 0 0.3876 1
3 113.0291 96.0229 1 4 4 1 1 0.7841 1
3 105.9622 87.7261 2 3 4 1 0 0.6302 1
3 122.8224 101.7694 1 4 4 1 1 1.0643 1
3 97.6390 74.1439 2 3 2 1 0 1.7000 1
3 116.7455 95.2483 1 4 4 1 1 0.7362 1
3 118.0005 110.7687 2 4 2 1 0 9.8602 1
3 116.8181 91.3350 3 3 4 1 0 1.9081 1
3 86.3858 114.7453 4 1 1 1 1 0.6762 1
3 55.6794 110.5232 2 1 1 1 1 0.9833 1
3 80.1447 103.8121 4 1 1 1 1 0.6096 1
3 95.8447 83.3202 2 3 1 1 0 0.7077 1
3 112.3647 123.1131 2 2 2 1 1 1.2716 1
3 114.2944 103.6657 3 4 2 1 0 0.6333 1
3 104.3078 130.6184 1 2 1 1 0 0.8118 1
3 119.6989 106.1292 4 4 2 1 0 0.7068 1
3 107.9754 122.2757 1 2 1 1 0 0.6619 1
3 96.1304 74.5303 1 3 1 1 0 0.5999 1
3 87.9524 84.3511 1 1 1 1 1 0.4089 1
3 63.6886 99.3253 1 1 1 1 1 0.5019 1
3 111.5165 115.1448 4 2 4 1 0 11.3330 1
3 104.3017 71.1701 4 3 4 1 0 0.9201 1
3 101.7032 60.1956 3 3 2 1 0 3.1209 1
3 66.9476 106.2204 4 1 1 1 1 0.9902 1
3 127.7061 107.1893 1 4 4 1 1 2.3140 1
3 134.4524 99.3927 2 4 4 1 1 0.6286 1
3 98.0184 84.3762 4 3 4 1 0 0.6306 1
3 132.7261 92.5790 4 4 4 1 1 1.3527 1
3 94.9933 68.5995 3 3 2 1 0 1.2120 1
3 104.7057 119.4283 4 2 4 1 0 0.7643 1
3 96.6394 63.9314 1 3 4 1 0 1.1381 1
3 53.2597 97.6524 3 1 1 1 1 0.7209 1
3 123.7680 91.1913 4 4 4 1 1 2.4208 1
3 108.7611 66.5369 2 3 4 1 0 0.5468 1
3 99.8924 122.9074 1 2 2 1 1 1.3465 1
3 90.9195 50.3999 3 3 2 1 0 1.2371 1
3 129.0227 91.0200 3 4 2 1 0 0.9010 1
3 75.8624 81.3255 4 1 1 1 1 1.1006 1
3 80.3630 107.5832 1 1 1 1 1 0.8100 1
3 128.0394 100.6980 2 4 4 1 1 1.4558 1
3 107.8802 133.4480 2 2 2 1 1 1.0621 1
3 69.5087 113.4943 4 1 1 1 1 0.7059 1
3 88.9518 121.9229 2 2 2 1 1 4.0541 1
3 102.5619 50.8807 2 3 4 1 0 1.8340 1
3 93.6008 125.3017 3 2 2 1 1 1.8166 1
3 83.6900 97.7592 1 1 2 1 0 1.0951 1
3 129.2654 80.7698 3 4 4 1 1 0.8197 1
3 133.2758 109.7255 4 4 4 1 1 0.7462 1
3 140.1412 112.9269 4 4 4 1 1 0.4465 1
3 90.4349 136.3736 1 2 2 1 1 0.8112 1
3 129.3278 121.8224 2 4 4 1 1 0.6247 1
3 88.7273 138.5179 2 2 2 1 1 0.5144 1
3 109.2990 94.7243 3 4 4 1 1 0.8814 1
3 138.9077 109.0262 2 4 2 1 0 0.7779 1
3 110.4730 86.6673 2 3 4 1 0 1.4868 1
3 90.9210 64.4163 4 3 1 1 0 1.9255 1
3 78.0756 96.2654 3 1 1 1 1 0.8071 1
3 70.5587 113.6624 4 1 1 1 1 0.7017 1
3 87.5448 133.7851 2 2 2 1 1 1.3132 1
3 95.3532 130.8562 1 2 2 1 1 1.4117 1
3 104.9786 107.9879 3 2 4 1 0 0.6485 1
3 68.4902 100.3769 1 1 1 1 1 0.6826 1
3 105.6702 73.1600 2 3 2 1 0 0.7818 1
3 91.9709 124.1509 3 2 1 1 0 0.6919 1
3 102.2557 91.8934 2 3 2 1 0 1.3995 1
3 103.0292 121.9929 1 2 4 1 0 0.8755 1
3 103.8039 134.0234 1 2 2 1 1 1.1715 1
3 114.0655 154.3119 1 2 2 1 1 1.0264 1
3 136.6758 89.3931 3 4 4 1 1 0.6215 1
3 116.0171 54.0204 4 3 4 1 0 3.2467 1
3 105.2155 124.7106 4 2 2 1 1 0.9750 1
3 42.7977 98.7857 4 1 1 1 1 0.6013 1
3 124.7199 97.3623 3 4 4 1 1 1.3234 1
3 123.5472 93.8877 1 4 4 1 1 1.9805 1
3 73.2713 112.1859 2 1 2 1 0 2.8615 1
3 95.4788 69.3943 4 3 2 1 0 0.8050 1
3 115.6346 88.5311 1 3 2 1 0 0.5544 1
3 65.5803 106.6743 4 1 1 1 1 0.4254 1
3 87.7432 121.7098 4 2 1 1 0 1.2227 1
3 123.1581 86.3214 1 3 4 1 0 0.9033 1
3 99.3557 122.9250 3 2 2 1 1 1.7281 1
3 84.9633 129.4892 1 2 2 1 1 0.7323 1
3 102.9168 122.0853 2 2 2 1 1 0.6414 1
3 62.3993 88.2892 4 1 1 1 1 0.7882 1
3 64.2303 102.6138 3 1 1 1 1 0.5700 1
3 74.4528 101.6761 3 1 1 1 1 0.5545 1
3 134.6237 92.0509 2 4 2 1 0 0.8904 1
3 109.8450 73.7830 4 3 2 1 0 0.6751 1
3 106.0402 131.1355 1 2 2 1 1 0.6467 1
3 129.5553 104.7185 4 4 4 1 1 0.5535 1
3 94.5580 127.3204 1 2 2 1 1 0.7772 1
4 76.5329 94.4930 4 1 2 0 0 4.4788 1
4 99.8400 81.4098 2 3 4 0 0 4.4230 1
4 134.5390 105.2827 1 4 2 0 0 0.6450 1
4 98.5304 129.2492 1 2 1 0 1 0.6481 1
4 80.5136 110.9438 3 1 2 0 0 0.8117 1
4 117.8498 104.5631 1 4 4 0 0 0.5463 1
4 111.8528 115.5680 3 2 2 0 0 0.5788 1
4 83.5111 127.4984 3 2 1 0 0 0.4833 1
4 92.6224 121.3498 2 2 4 0 0 0.6252 1
4 101.7707 60.4127 1 3 4 0 0 0.7073 1
4 95.9106 133.0822 1 2 2 0 0 0.6792 1
4 101.9013 52.5659 2 3 4 0 0 0.8420 1
4 135.8160 105.1594 3 4 4 0 0 0.6100 1
4 71.0679 87.6457 2 1 1 0 0 0.6593 1
4 95.9898 78.3730 3 3 2 0 0 0.6781 1
4 105.4858 142.3728 3 2 4 0 0 0.6649 1
4 65.5740 101.7929 2 1 1 0 0 0.4916 1
4 104.9014 118.6219 3 2 4 0 0 0.7627 1
4 103.7841 117.2437 3 2 1 0 0 0.5761 1
4 112.0955 90.0869 4 4 2 0 0 0.3218 1
4 112.4084 118.7632 3 4 4 0 0 0.3323 1
4 95.8101 77.8261 2 3 2 0 1 0.5677 1
4 85.6570 87.3307 4 1 2 0 0 0.6966 1
4 91.7822 124.1051 2 2 2 0 1 0.5884 1
4 127.8129 85.9738 3 4 4 0 0 0.5891 1
4 109.8880 115.3438 3 2 2 0 0 0.6700 1
4 95.7718 76.3855 2 3 4 0 0 0.4811 1
4 124.0074 108.1929 4 4 1 0 0 0.3846 1
4 67.2599 96.2754 1 1 2 0 0 0.3328 1
4 104.7658 137.1957 4 2 1 0 0 0.2635 1
4 100.5643 73.9713 4 3 4 0 1 0.0972 1
4 116.8400 79.5157 1 3 2 0 0 7.3990 1
4 94.4080 49.6970 3 3 4 0 0 0.2853 1
4 131.2137 109.6500 2 4 1 0 0 0.5839 1
4 66.1732 98.4152 4 1 2 0 0 0.0243 1
4 89.6134 63.6083 1 3 1 0 1 0.4914 1
4 80.4441 103.3211 3 1 1 0 0 0.4581 1
4 113.6511 134.4659 3 2 2 0 0 0.6804 1
4 113.0986 110.6975 1 2 4 0 0 0.6195 1
4 126.1778 99.7698 1 4 1 0 1 0.6211 1
4 120.7779 94.1121 4 4 2 0 0 1.3916 1
4 54.7262 102.9481 1 1 1 0 1 0.7557 1
4 60.5538 97.4907 4 1 1 0 0 0.6170 1
4 127.7091 94.5345 3 4 2 0 0 0.8413 1
4 101.9040 83.9635 4 3 1 0 0 0.5613 1
4 110.7196 116.0871 4 2 2 0 0 0.3870 1
4 99.1364 69.9712 4 3 1 0 0 0.0317 1
4 122.1670 87.2851 2 4 2 0 1 0.0679 1
4 64.3651 104.8376 1 1 2 0 0 0.5529 1
4 71.6742 104.6640 1 1 1 0 1 0.4886 1
4 107.3234 140.2796 4 2 4 0 1 2.2331 1
4 67.4598 105.3197 2 1 4 0 0 0.7862 1
4 99.0396 118.4244 3 2 1 0 0 0.3600 1
4 110.6129 128.7154 3 2 2 0 0 1.5233 1
4 77.2926 99.9871 4 1 1 0 0 0.4111 1
4 104.5617 56.6949 4 3 2 0 0 0.8239 1
4 102.3440 113.0387 2 2 4 0 0 0.6865 1
4 141.1648 118.9442 2 4 2 0 1 0.5143 1
4 104.5539 75.9852 4 3 2 0 0 2.2090 1
4 136.3717 93.2697 3 4 4 0 0 6.2820 1
4 80.0097 106.6956 3 1 2 0 0 0.5015 1
4 126.1289 115.0799 1 4 1 0 1 0.3093 1
4 63.6398 102.4741 3 1 1 0 0 0.5445 1
4 75.8619 108.5506 4 1 2 0 0 0.7851 1
4 109.1853 138.0732 3 2 4 0 0 0.3436 1
4 97.2248 74.9069 4 3 1 0 0 0.3557 1
4 78.2270 104.3290 4 1 2 0 0 0.6070 1
4 99.7772 123.8030 1 2 4 0 0 0.4490 1
4 133.5661 96.3853 1 4 2 0 0 0.4149 1
4 146.5705 88.5627 3 4 4 0 0 0.4608 1
4 110.2706 135.7376 2 2 1 0 0 0.2344 1
4 76.4013 95.2955 3 1 2 0 0 0.2586 1
4 135.3254 107.9271 3 4 4 0 0 0.0120 1
4 76.8107 106.3702 1 1 4 0 0 0.2730 1
4 118.3561 111.6363 1 4 1 0 1 0.1867 1
4 66.6809 92.0205 3 1 2 0 0 0.0346 1
4 116.9702 92.0839 4 4 1 0 0 0.5042 1
4 94.8067 71.0829 3 3 4 0 0 0.4881 1
4 138.1587 109.2010 2 4 4 0 0 0.5999 1
4 94.3007 69.4132 2 3 2 0 1 0.9699 1
4 119.7651 117.6533 4 2 1 0 0 0.5330 1
4 101.5459 83.4905 3 3 4 0 0 0.6295 1
4 134.6526 106.7230 3 4 2 0 0 0.6636 1
4 98.4903 82.6266 2 3 4 0 0 0.8432 1
4 75.9152 124.9741 4 1 2 0 0 2.5616 1
4 52.2791 89.7587 1 1 4 0 0 1.5702 1
4 88.1573 69.8247 2 3 2 0 1 0.5882 1
4 73.1696 85.1931 1 1 2 0 0 0.3656 1
4 117.5010 78.0190 4 3 1 0 0 1.2889 1
4 118.5892 107.7876 2 2 2 0 1 0.1699 1
4 65.6183 91.4331 2 1 2 0 1 0.3839 1
4 100.1946 133.4809 2 2 4 0 0 1.2927 1
4 101.6947 71.4132 1 3 1 0 1 1.0530 1
4 91.9586 81.3687 3 3 2 0 0 5.4167 1
4 92.0338 75.2069 3 3 4 0 0 2.1250 1
4 94.1668 86.3556 2 3 1 0 0 0.9462 1
4 103.9174 117.3660 1 2 2 0 0 2.0270 1
4 132.9753 98.2457 4 4 1 0 0 1.1339 1
4 147.2658 83.1370 3 4 4 0 0 1.5627 1
4 128.9701 121.7062 1 4 2 0 0 1.5712 1
5 104.4290 118.4309 4 2 4 0 1 1.1828 1
5 137.0168 95.2159 1 4 2 0 0 0.3548 1
5 96.9975 144.9041 3 2 1 0 0 0.4781 1
5 96.0948 76.7071 2 3 1 0 0 0.8764 1
5 79.8961 81.1035 1 3 2 0 0 1.4604 1
5 78.1628 109.6438 2 1 4 0 0 0.2678 1
5 94.8763 128.9719 2 2 4 0 0 0.5485 1
5 105.9102 134.8433 3 2 2 0 0 0.9167 1
5 127.1002 108.3619 4 4 1 0 0 0.4135 1
5 105.8389 59.3266 2 3 4 0 0 0.6332 1
5 92.9462 88.1557 1 3 2 0 0 2.8417 1
5 94.5523 61.3336 2 3 4 0 0 0.9771 1
5 101.4158 66.0176 2 3 1 0 0 0.2517 1
5 92.9179 131.8423 3 2 1 0 0 6.0040 1
5 78.2750 98.0735 3 1 2 0 0 0.3747 1
5 106.6255 68.2164 3 3 4 0 0 0.1139 1
5 90.9880 115.6455 3 2 4 0 0 0.8393 1
5 124.5032 78.1772 3 4 2 0 0 0.4489 1
5 139.8791 103.1183 3 4 1 0 0 0.3199 1
5 66.8812 103.1281 4 1 1 0 0 0.7304 1
5 67.3771 101.2090 3 1 2 0 0 0.3187 1
5 91.6975 118.6216 3 2 2 0 0 1.2411 1
5 127.3768 98.4144 4 4 4 0 1 0.3142 1
5 71.1468 98.6645 2 1 2 0 1 1.1410 1
5 119.2084 107.1740 2 4 4 0 0 0.7077 1
5 71.9726 116.2312 1 1 2 0 0 1.0799 1
5 89.3754 80.2530 3 3 1 0 0 1.1884 1
5 66.1666 70.6993 4 1 2 0 0 1.9240 1
5 107.7403 151.8154 4 2 2 0 0 0.6616 1
5 103.2879 70.9612 1 3 2 0 0 0.0236 1
5 106.2040 62.1277 3 3 2 0 0 0.3165 1
5 135.1553 91.0800 3 4 2 0 0 0.2790 1
5 89.6707 66.7162 3 3 2 0 0 0.0652 1
5 68.0811 97.2900 2 1 2 0 1 0.4233 1
5 79.9131 104.8711 1 1 2 0 0 0.4372 1
5 101.9112 68.7101 3 3 4 0 0 3.5063 1
5 58.3275 73.3529 1 1 2 0 0 1.1782 1
5 87.6377 87.8999 4 1 1 0 0 0.7617 1
5 92.7225 150.3744 1 2 4 0 0 0.2395 1
5 102.6554 124.9706 3 2 2 0 0 0.4413 1
5 98.9094 143.2802 4 2 1 0 0 0.7596 1
5 79.3883 101.9495 2 1 4 0 0 0.7826 1
5 104.8713 112.1152 4 2 2 0 0 0.3254 1
5 76.5790 100.0855 3 1 2 0 0 3.1215 1
5 102.1490 115.6918 4 4 4 0 1 0.2246 1
5 133.9920 82.4607 3 4 1 0 0 0.2657 1
5 135.2789 131.4748 3 4 2 0 0 0.2595 1
5 60.3511 114.3077 4 1 4 0 1 0.2384 1
5 78.0881 134.8433 2 2 1 0 0 0.4398 1
5 125.3780 93.6617 3 4 2 0 0 0.2930 1
5 98.2451 120.4918 3 2 4 0 0 0.2400 1
5 118.1874 104.7384 1 4 1 0 1 0.2966 1
5 111.8529 106.1376 3 4 2 0 0 0.1784 1
5 65.7857 99.0509 3 1 4 0 0 0.2350 1
5 143.6517 112.9284 3 4 1 0 0 0.1956 1
5 137.0804 110.1187 2 4 2 0 1 0.1399 1
5 64.4410 99.6203 4 1 4 0 1 0.4202 1
5 76.1655 80.2105 4 1 1 0 0 0.3542 1
5 136.5479 103.7805 4 4 2 0 0 0.2363 1
5 98.0288 118.9963 2 2 4 0 0 0.0693 1
5 94.8941 72.0194 4 3 1 0 0 0.1233 1
5 54.5403 100.5869 4 1 2 0 0 0.2261 1
5 114.6830 141.2372 3 2 4 0 0 0.2039 1
5 98.0211 135.4689 3 2 1 0 0 0.2450 1
5 90.9948 70.2116 4 3 2 0 0 0.2693 1
5 117.3649 99.6703 4 4 4 0 1 0.1823 1
5 96.6668 66.6565 2 3 1 0 0 0.0938 1
5 118.4548 107.2515 3 4 2 0 0 0.5314 1
5 105.3469 62.1127 1 3 4 0 0 0.2444 1
5 104.4554 125.8732 1 2 1 0 1 0.3982 1
5 125.0520 99.4714 1 4 2 0 0 0.5062 1
5 94.3484 71.3368 4 3 4 0 1 0.3777 1
5 80.6127 64.8003 2 3 1 0 0 0.2461 1
5 64.0041 91.5645 1 1 4 0 0 0.7991 1
5 100.4483 55.0481 1 3 2 0 0 0.3260 1
5 89.8963 132.1882 3 2 1 0 0 0.3529 1
5 49.0672 104.1744 1 1 4 0 0 0.2674 1
5 129.6642 100.7962 1 4 2 0 0 0.3889 1
5 67.7185 92.3521 2 1 1 0 0 0.5297 1
5 126.7152 117.4950 3 4 4 0 0 0.1786 1
5 94.9039 108.7768 1 2 2 0 0 0.0265 1
5 73.6090 100.0768 1 1 1 0 1 0.8146 1
5 121.0435 119.9764 4 2 4 0 1 1.5721 1
5 110.4242 97.2032 1 4 2 0 0 0.3810 1
5 138.9301 102.8864 2 4 1 0 0 0.8258 1
5 63.4951 112.7103 1 1 4 0 0 0.6091 1
5 92.5239 112.3685 4 2 2 0 0 0.2591 1
5 101.8314 70.9860 4 3 1 0 0 0.4949 1
5 109.0160 110.1222 2 4 4 0 0 0.2382 1
5 63.8999 101.5863 1 1 2 0 0 0.3760 1
5 96.4913 75.5477 2 3 1 0 0 3.2695 1
5 100.3058 142.8041 4 2 4 0 1 0.2146 1
5 103.6479 80.3249 1 3 2 0 0 0.5939 1
5 81.9795 108.6904 3 1 1 0 0 0.4355 1
5 91.9884 65.8295 1 3 4 0 0 0.3215 1
5 140.8232 100.9438 1 4 2 0 0 0.4288 1
5 105.3467 81.1106 2 3 1 0 0 0.3143 1
5 110.4528 128.4331 1 2 4 0 0 1.0289 1
5 110.0177 129.0274 4 2 2 0 0 0.9629 1
5 103.4128 73.7752 2 3 1 0 0 1.9179 1
6 67.0555 109.5032 1 1 4 0 0 1.0709 1
6 86.6962 51.7089 1 3 2 0 0 0.1676 1
6 111.1212 118.3085 4 4 1 0 0 0.8490 1
6 131.7155 99.7142 4 4 4 0 1 4.3599 1
6 129.6425 91.9746 1 4 2 0 0 1.4906 1
6 90.2632 82.8812 2 3 1 0 0 0.2972 1
6 83.0973 99.6898 2 1 4 0 0 0.5306 1
6 104.7584 57.8152 1 3 2 0 0 0.3384 1
6 87.3270 119.1106 2 2 1 0 0 0.3664 1
6 79.8331 109.3147 2 1 4 0 0 0.5697 1
6 108.1576 121.1709 3 2 2 0 0 0.4583 1
6 56.7195 111.4643 3 1 1 0 0 0.3940 1
6 106.8019 73.1424 3 3 4 0 0 0.2941 1
6 86.9869 137.7303 2 2 2 0 1 0.3531 1
6 103.5668 102.0057 2 2 4 0 0 1.9822 1
6 65.4832 111.9926 2 1 1 0 0 1.1533 1
6 89.4633 121.3259 3 2 4 0 0 2.8001 1
6 81.6602 102.3989 3 1 1 0 0 0.3259 1
6 150.1976 102.3980 2 4 2 0 1 0.0651 1
6 103.4156 75.8864 4 3 4 0 1 2.2781 1
6 115.3325 116.7625 4 2 2 0 0 0.0794 1
6 112.2636 78.2404 2 3 1 0 0 0.5496 1
6 71.8706 91.0002 4 1 4 0 1 4.8537 1
6 66.9838 90.4158 2 1 4 0 0 1.2927 1
6 69.6821 91.3549 4 1 2 0 0 0.2701 1
6 126.4884 92.9181 4 4 1 0 0 0.1187 1
6 145.5079 105.0925 4 4 4 0 1 0.2692 1
6 149.8503 85.6629 2 4 2 0 1 0.2313 1
6 117.0446 134.5159 4 2 1 0 0 0.2404 1
6 70.9801 97.4984 3 1 4 0 0 0.1050 1
6 66.3930 108.7872 4 1 2 0 0 0.0482 1
6 65.6660 89.5178 3 1 1 0 0 0.2287 1
6 95.0387 77.2566 2 3 4 0 0 0.2050 1
6 82.7276 60.7880 1 3 2 0 0 0.1325 1
6 131.3731 96.3049 4 4 1 0 0 0.0113 1
6 84.3613 143.2540 1 2 4 0 0 2.3031 1
6 113.7865 95.2948 2 3 2 0 1 0.3930 1
6 104.1968 141.2735 3 2 1 0 0 0.1497 1
6 105.4727 122.0417 1 2 4 0 0 0.1737 1
6 67.5129 120.7204 2 1 2 0 1 0.3102 1
6 135.8998 87.2633 1 4 4 0 0 7.1856 1
6 87.3135 64.0285 3 3 1 0 0 8.3208 1
6 121.1033 94.5771 1 4 2 0 0 3.6446 1
6 87.3606 68.2106 4 3 4 0 1 0.3266 1
6 100.5722 59.0357 3 3 1 0 0 3.5365 1
6 132.5168 79.3665 3 4 2 0 0 3.8312 1
6 124.5032 100.2541 4 4 4 0 1 0.3262 1
6 104.9284 74.3248 4 3 1 0 0 0.2567 1
6 74.0931 102.4500 4 1 2 0 0 0.5698 1
6 99.8686 69.5788 1 3 2 0 0 0.1234 1
6 79.1953 108.8968 3 1 2 0 0 0.1770 1
6 77.9282 100.4959 3 1 2 0 0 0.4878 1
6 69.8536 99.2167 3 1 2 0 0 0.3106 1
6 107.4892 144.6437 4 2 2 0 0 0.3206 1
6 120.2365 105.3651 3 4 2 0 0 0.2824 1
6 100.1202 137.3844 2 2 2 0 1 0.5791 1
6 132.4728 91.2742 4 4 2 0 0 0.2441 1
6 100.2864 72.4270 4 3 2 0 0 1.3891 1
6 82.2037 101.0427 1 1 2 0 0 0.0510 1
6 106.9334 125.3360 2 2 4 0 0 3.6868 1
6 106.3990 126.8403 4 2 1 0 0 2.2907 1
6 108.8790 128.9527 2 2 4 0 0 0.2689 1
6 76.1449 86.4680 2 1 2 0 1 0.5824 1
6 79.8248 110.0313 1 1 2 0 0 0.7284 1
6 106.3317 61.3886 4 3 1 0 0 0.9570 1
6 97.8026 130.4800 2 2 4 0 0 0.8711 1
6 95.9689 62.9362 2 3 2 0 1 0.3990 1
6 87.6885 64.6841 1 3 1 0 1 0.2841 1
6 91.9341 128.1148 1 2 4 0 0 1.8776 1
6 77.5306 86.0670 3 1 2 0 0 3.1737 1
6 123.6157 140.5805 1 2 1 0 1 1.3492 1
6 125.7579 107.7674 3 4 4 0 0 0.5857 1
6 136.1951 109.8769 2 4 2 0 1 0.3945 1
6 105.2428 69.6735 2 3 4 0 0 0.3274 1
6 107.1687 132.0388 4 2 1 0 0 0.3859 1
6 131.6035 100.0489 1 4 2 0 0 0.2859 1
6 127.5829 95.3633 3 4 4 0 0 0.2485 1
6 125.0165 87.0374 3 4 1 0 0 0.2590 1
6 98.8722 73.9907 4 3 2 0 0 0.2837 1
6 100.4535 75.4099 2 3 4 0 0 0.2771 1
6 71.1015 89.3096 2 1 1 0 0 0.0156 1
6 77.0428 103.0216 4 1 4 0 1 0.5158 1
6 82.9178 60.6965 4 3 2 0 0 0.4992 1
6 84.0640 104.1338 1 1 4 0 0 0.9299 1
6 73.5563 72.2028 2 3 1 0 0 1.1478 1
6 103.7433 91.3476 2 4 2 0 1 1.0034 1
6 61.9010 110.7270 4 1 2 0 0 1.2860 1
6 146.6449 104.1139 2 4 4 0 0 0.2162 1
6 103.3426 114.0996 3 2 1 0 0 0.3852 1
6 94.9160 127.7004 2 2 2 0 1 0.2544 1
6 137.4330 97.0950 3 4 4 0 0 0.5671 1
6 101.3003 118.2468 2 2 1 0 0 1.2556 1
6 100.2814 82.6420 1 3 2 0 0 0.3295 1
6 101.1719 119.2859 2 2 4 0 0 1.8439 1
6 113.3018 55.9921 4 3 2 0 0 0.2604 1
6 98.9164 142.1705 1 2 4 0 0 0.2538 1
6 135.4754 103.0953 4 4 1 0 0 0.5677 1
6 118.3336 94.6428 2 4 2 0 1 0.2006 1
6 92.5923 132.0602 3 2 2 0 0 0.6084 1
6 136.7401 101.5012 3 4 4 0 0 0.2098 1
7 133.5203 113.6583 1 4 2 0 0 0.6388 1
7 95.7107 96.6214 4 1 4 0 1 0.3137 1
7 74.2789 93.9803 3 1 1 0 0 0.1166 1
7 93.9527 116.2486 2 2 2 0 1 0.0266 1
7 85.2607 84.4604 1 1 4 0 0 0.1904 1
7 140.3759 105.7105 4 4 1 0 0 0.2619 1
7 110.8904 77.7991 2 3 4 0 0 0.3358 1
7 127.5453 108.7529 3 4 2 0 0 0.3790 1
7 101.4667 116.3394 4 2 1 0 0 0.2463 1
7 64.8654 97.4523 2 1 4 0 0 0.2390 1
7 103.4926 123.8252 4 2 2 0 0 0.0564 1
7 93.3562 125.6489 3 2 1 0 0 0.5409 1
7 121.3137 98.8788 3 4 4 0 0 0.2207 1
7 111.4199 105.7905 1 4 2 0 0 0.3902 1
7 107.5018 121.6098 2 2 1 0 0 0.6742 1
7 76.3090 94.5660 3 1 4 0 0 0.4378 1
7 93.9370 62.4624 3 3 2 0 0 0.7244 1
7 108.9143 79.3603 4 3 1 0 0 0.6014 1
7 79.3083 92.6669 4 1 4 0 1 0.2034 1
7 111.2919 71.9448 4 3 4 0 1 1.5714 1
7 144.1202 106.3873 1 4 2 0 0 0.3955 1
7 124.8026 92.4396 3 4 1 0 0 0.5683 1
7 103.7936 74.4077 4 3 4 0 1 0.3769 1
7 104.8673 128.2429 3 2 4 0 0 0.2609 1
7 120.2761 123.7163 4 2 2 0 0 0.2707 1
7 108.7283 146.0765 1 2 4 0 0 0.7602 1
7 77.0293 88.6312 2 1 2 0 1 0.7503 1
7 86.1985 132.7623 4 2 2 0 0 2.8834 1
7 94.1701 78.6328 1 3 1 0 1 0.4106 1
7 102.0468 85.1780 1 3 4 0 0 0.2482 1
7 85.5099 78.3823 4 3 2 0 0 0.7547 1
7 136.6643 105.0332 2 4 1 0 0 0.0398 1
7 142.5256 91.5844 3 4 4 0 0 0.0283 1
7 88.9286 109.5578 2 2 2 0 1 1.7456 1
7 124.8673 94.9131 1 4 2 0 0 0.3034 1
7 72.9761 91.8513 2 1 4 0 0 0.4907 1
7 137.3987 90.8951 1 4 1 0 1 0.6170 1
7 39.4733 74.9602 2 1 1 0 0 1.0674 1
7 121.2142 99.1859 3 4 2 0 0 0.2644 1
7 132.9935 87.5063 4 4 4 0 1 0.3072 1
7 104.8871 113.3817 1 2 1 0 1 0.2222 1
7 114.1970 77.1463 4 3 2 0 0 0.2624 1
7 88.5755 154.7110 4 2 2 0 0 0.1122 1
7 101.5544 85.0108 3 3 4 0 0 0.2463 1
7 68.8092 92.9212 4 1 2 0 0 0.3510 1
7 102.1152 59.2238 2 3 1 0 0 0.1869 1
7 123.5913 90.9964 3 3 2 0 0 1.1069 1
7 108.5905 150.0014 1 2 1 0 1 1.2649 1
7 55.9682 101.5119 2 1 4 0 0 1.2340 1
7 103.5842 78.5183 4 3 2 0 0 1.3302 1
7 57.9441 87.1006 3 1 1 0 0 0.9008 1
7 140.5597 95.9058 2 4 4 0 0 0.7168 1
7 123.0373 92.7710 1 4 2 0 0 2.4647 1
7 96.0057 70.3104 2 3 1 0 0 2.9107 1
7 95.9064 128.1414 1 2 4 0 0 0.3440 1
7 88.6969 141.3633 2 2 2 0 1 0.4989 1
7 65.2718 109.8442 3 1 4 0 0 0.4330 1
7 80.0327 125.0308 3 2 1 0 0 0.2211 1
7 58.4333 101.9441 2 1 2 0 1 0.6611 1
7 127.0373 102.5313 4 4 4 0 1 0.8395 1
7 98.0313 85.9155 1 3 1 0 1 0.3013 1
7 117.2242 127.3864 3 2 2 0 0 0.4871 1
7 110.6893 65.7843 4 3 4 0 1 0.5812 1
7 97.3704 74.7911 1 3 1 0 1 0.3411 1
7 93.3553 104.9840 4 1 2 0 0 0.2572 1
7 107.2509 127.7588 3 2 4 0 0 0.4110 1
7 122.3346 91.6734 2 4 1 0 0 0.4424 1
7 87.4933 102.6541 1 1 2 0 0 0.8887 1
7 94.5967 82.4114 4 3 4 0 1 0.3058 1
7 96.8514 93.5220 1 1 1 0 1 0.3637 1
7 56.6860 103.5982 4 1 2 0 0 0.5997 1
7 109.9944 128.7132 4 2 4 0 1 0.3766 1
7 120.9845 109.6560 4 4 1 0 0 0.3246 1
7 128.3816 97.9748 3 4 2 0 0 0.5276 1
7 70.7232 116.5256 2 1 4 0 0 0.3997 1
7 69.4482 106.4665 3 1 1 0 0 0.3329 1
7 86.0869 61.6301 4 3 2 0 0 0.7438 1
7 69.9645 86.5683 3 1 4 0 0 0.4139 1
7 98.0162 72.5907 1 3 1 0 1 0.7639 1
7 59.6690 94.7477 1 1 2 0 0 1.1209 1
7 64.6998 97.2169 2 1 4 0 0 0.3030 1
7 103.0627 66.6268 3 3 1 0 0 0.4099 1
7 101.7649 128.0355 3 2 2 0 0 0.6628 1
7 101.9270 124.9169 1 2 4 0 0 0.5695 1
7 136.6877 95.0447 4 4 1 0 0 0.5231 1
7 53.1331 82.5922 3 1 2 0 0 1.1146 1
7 100.2628 126.5816 4 2 4 0 1 0.2151 1
7 135.3313 94.3023 4 4 2 0 0 2.1274 1
7 117.2038 70.5478 2 3 4 0 0 0.3262 1
7 100.6753 135.6078 3 2 1 0 0 0.3214 1
7 104.6776 56.5007 4 3 2 0 0 0.2688 1
7 80.0384 101.4079 3 1 4 0 0 0.2953 1
7 90.2395 128.2253 3 2 1 0 0 0.5458 1
7 119.7145 97.1257 4 4 1 0 0 9.5078 1
7 143.4742 104.9102 2 4 4 0 0 1.2893 1
7 103.6137 74.1008 1 3 2 0 0 0.3465 1
7 104.0930 67.8945 4 3 1 0 0 0.3579 1
7 124.4760 113.3694 3 4 4 0 0 0.3372 1
7 122.5304 84.5825 1 4 2 0 0 0.2848 1
7 101.5874 128.6738 1 2 1 0 1 0.2622 1
8 64.0133 119.6554 2 1 4 1 0 1.1827 1
8 114.8966 101.9000 2 4 2 1 0 0.2554 1
8 74.2690 85.7949 1 1 1 1 1 0.7612 1
8 83.5518 92.8667 3 1 4 1 0 0.5910 1
8 75.2236 88.3775 1 1 2 1 0 0.3842 1
8 71.7453 107.3721 2 1 1 1 1 0.4130 1
8 78.1565 106.1586 2 1 4 1 0 0.4106 1
8 107.3375 146.0332 3 2 2 1 1 0.5513 1
8 91.3928 137.1108 3 2 1 1 0 0.4734 1
8 104.7563 75.8659 1 3 4 1 0 0.3438 1
8 88.1528 75.4018 1 3 2 1 0 0.6438 1
8 139.6484 97.5681 1 4 1 1 0 0.5506 1
8 127.2725 101.2891 4 4 4 1 1 0.0554 1
8 110.4685 121.2093 3 2 2 1 1 0.2863 1
8 83.8468 132.1807 2 2 1 1 0 0.2968 1
8 131.8167 93.1313 2 4 4 1 1 0.4029 1
8 111.1747 126.9010 2 2 2 1 1 0.2557 1
8 129.4991 98.6783 4 4 4 1 1 0.2990 1
8 108.8770 124.8040 4 2 1 1 0 0.1335 1
8 80.3229 104.6976 4 1 4 1 0 0.2367 1
8 88.0723 90.5523 1 3 2 1 0 0.2621 1
8 107.7596 101.6084 4 4 1 1 0 0.1918 1
8 96.1414 112.7962 4 2 4 1 0 0.0562 1
8 100.2872 72.8516 2 3 2 1 0 0.1739 1
8 101.1053 71.3264 1 3 1 1 0 0.2948 1
8 114.5423 65.2524 2 3 4 1 0 0.0338 1
8 73.6712 95.8782 2 1 2 1 0 0.5027 1
8 125.8238 82.1636 1 4 4 1 1 0.2461 1
8 125.4987 91.7156 3 4 4 1 1 0.4952 1
8 121.4979 110.0468 2 4 4 1 1 0.4131 1
8 63.4358 97.9667 1 1 2 1 0 1.1448 1
8 78.4511 105.1860 4 1 1 1 1 0.3602 1
8 64.1784 95.8536 4 1 1 1 1 0.4202 1
8 70.1847 112.6640 2 1 1 1 1 0.3546 1
8 110.7191 120.0225 1 2 4 1 0 0.8954 1
8 91.8422 58.5898 3 3 4 1 0 1.0170 1
8 138.7935 110.5281 4 4 2 1 0 0.9661 1
8 126.2764 83.8192 1 4 4 1 1 0.2908 1
8 124.0902 118.9130 1 4 1 1 0 1.0355 1
8 106.8346 93.8795 1 4 2 1 0 0.2498 1
8 76.2416 107.6445 2 1 4 1 0 0.2597 1
8 108.8706 89.0201 3 4 2 1 0 3.4070 1
8 89.9558 64.8627 3 3 1 1 0 0.5485 1
8 109.2279 139.7944 2 2 4 1 0 0.2779 1
8 119.8556 94.2118 1 4 2 1 0 0.3848 1
8 90.7604 118.0055 4 2 4 1 0 0.1746 1
8 72.5930 121.4012 1 1 1 1 1 0.3117 1
8 86.3785 114.4504 2 1 4 1 0 0.9946 1
8 93.0651 64.7039 1 3 2 1 0 0.5443 1
8 85.1726 84.3353 2 1 1 1 1 0.3529 1
8 116.9842 121.0366 4 4 2 1 0 2.4623 1
8 64.7903 77.3709 1 1 1 1 1 2.6709 1
8 110.0655 62.6440 3 3 4 1 0 1.1065 1
8 86.8404 95.0285 3 3 2 1 0 1.3437 1
8 96.4548 124.9745 4 2 1 1 0 0.3223 1
8 116.9347 101.9188 4 4 4 1 1 0.3005 1
8 106.7931 73.1952 3 3 4 1 0 3.3667 1
8 74.1195 99.1445 4 1 2 1 0 3.6261 1
8 106.3064 69.9625 2 3 1 1 0 3.4444 1
8 131.9209 123.1288 3 4 4 1 1 0.2984 1
8 103.5026 142.9016 3 2 2 1 1 1.0289 1
8 95.5324 124.7046 1 2 1 1 0 3.2186 1
8 131.5554 93.7477 3 4 4 1 1 7.4106 1
8 121.8793 109.9178 1 4 2 1 0 1.8467 1
8 119.6669 98.9626 4 4 1 1 0 1.2061 1
8 70.7976 95.5266 3 1 4 1 0 0.9983 1
8 101.5083 136.7463 2 2 2 1 1 1.4734 1
8 96.4923 64.0008 2 3 1 1 0 2.7764 1
8 98.1793 69.0923 3 3 4 1 0 3.8870 1
8 71.1379 121.6782 4 1 1 1 1 2.7344 1
8 109.4130 86.6045 1 3 2 1 0 1.5547 1
8 107.7046 80.5418 3 3 2 1 0 2.1384 1
8 91.5153 109.5289 1 2 4 1 0 0.2565 1
8 97.7604 139.6673 4 2 1 1 0 0.3448 1
8 114.9372 130.4124 2 2 2 1 1 0.3885 1
8 94.4599 89.8636 4 3 3 1 1 11.6662 1
8 65.8822 90.4625 2 1 3 1 0 3.0068 1
8 98.5767 125.9519 3 2 3 1 0 1.3700 1
8 106.5160 71.4494 2 3 4 1 0 0.4129 1
8 94.7207 105.7847 2 2 3 1 0 0.1373 1
8 93.8110 81.9111 1 3 1 1 0 0.6241 1
8 103.8987 52.9844 2 3 2 1 0 0.2589 1
8 105.3890 122.3535 2 2 3 1 0 0.2861 1
8 97.6917 64.1212 3 3 4 1 0 0.2472 1
8 118.2760 134.3861 2 2 2 1 1 0.0322 1
8 108.8308 89.4585 2 3 1 1 0 0.0383 1
8 84.2333 137.9453 4 2 3 1 0 0.2996 1
8 98.6420 67.0848 1 3 4 1 0 0.3256 1
8 107.5802 141.2795 2 2 2 1 1 0.4802 1
8 59.3703 85.0339 4 1 1 1 1 0.3196 1
8 136.6421 100.5962 2 4 3 1 0 0.2815 1
8 123.3151 82.9203 4 3 3 1 1 0.4345 1
8 74.8396 110.4062 4 1 2 1 0 1.0705 1
8 69.1136 108.5233 4 1 1 1 1 0.7943 1
8 111.7934 125.1150 1 2 3 1 0 0.9746 1
8 133.9500 86.6055 4 4 3 1 0 1.0966 1
8 104.2406 138.9003 3 2 4 1 0 0.2309 1
8 130.1129 92.5924 2 4 2 1 0 1.2320 1
8 51.4384 108.5347 1 1 1 1 1 0.0167 1
8 142.5410 96.0239 1 4 3 1 0 0.8048 1
9 97.1936 128.5897 2 2 5 1 0 0.9089 1
9 83.2440 87.2348 3 3 5 1 0 0.6150 1
9 75.2274 96.2135 2 1 4 1 0 2.4213 1
9 72.5069 95.0757 1 1 3 1 0 1.7741 1
9 96.2220 119.3550 4 2 2 1 1 0.3450 1
9 108.3587 74.9542 3 3 5 1 0 1.1690 1
9 111.3216 66.9400 4 3 4 1 0 0.2850 1
9 82.0931 84.7054 3 1 4 1 0 0.6283 1
9 72.5890 103.3064 1 1 4 1 0 0.4656 1
9 109.0777 102.4331 3 4 4 1 1 0.4903 1
9 91.8763 91.1651 2 1 4 1 0 1.0287 1
9 64.8705 105.0281 3 1 5 1 0 1.1477 1
9 104.8418 64.5808 1 3 3 1 1 0.8221 1
9 91.6309 131.5931 4 2 5 1 0 1.8658 1
9 115.4950 102.4642 2 4 4 1 1 1.1104 1
9 113.3941 91.5610 3 4 2 1 0 2.5920 1
9 68.5902 111.2368 4 1 2 1 0 0.9558 1
9 102.7899 116.4195 2 2 3 1 0 1.3171 1
9 99.2218 84.4636 1 3 5 1 0 0.4699 1
9 140.9303 83.2723 1 4 4 1 1 1.5206 1
9 81.7898 111.5385 2 2 4 1 0 0.6121 1
9 107.4212 77.5781 3 3 5 1 0 1.6174 1
9 107.7221 122.8525 4 2 2 1 1 0.6154 1
9 101.3815 73.0170 3 3 3 1 1 0.2934 1
9 62.6681 107.7355 4 1 5 1 0 6.5254 1
9 75.9614 119.5233 4 1 3 1 0 1.6408 1
9 96.5532 70.7419 1 3 2 1 0 0.4319 1
9 99.2808 114.3206 2 2 5 1 0 4.2336 1
9 133.6424 103.4671 2 4 3 1 0 0.7821 1
9 79.9215 80.1434 3 1 4 1 0 1.2989 1
9 130.4596 86.2393 3 4 2 1 0 0.4665 1
9 85.6089 129.0267 2 2 5 1 0 1.2940 1
9 91.4105 93.8808 4 3 3 1 1 2.0918 1
9 92.9690 69.1337 4 3 3 1 1 1.3891 1
9 125.3602 108.8345 3 4 5 1 0 14.0275 1
9 90.6607 114.7931 4 2 4 1 0 3.6441 1
9 99.8741 116.0471 4 2 3 1 0 0.6113 1
9 115.8688 77.2415 1 3 2 1 0 0.3381 1
9 132.4578 93.5496 4 4 5 1 0 1.2254 1
9 92.5878 154.2830 2 2 3 1 0 1.1737 1
9 124.4834 113.4982 3 4 2 1 0 0.3867 1
9 105.3632 117.7025 4 2 5 1 0 0.2512 1
9 122.0819 84.6832 1 4 4 1 1 0.5759 1
9 133.3841 95.1198 4 4 3 1 0 0.2386 1
9 102.5889 83.5736 2 3 2 1 0 0.2924 1
9 105.2905 110.1930 4 2 4 1 0 1.3710 1
9 109.4239 76.8451 4 3 5 1 0 0.3474 1
9 101.8316 65.4209 2 3 2 1 0 0.9467 1
9 107.9136 64.3814 1 3 3 1 1 1.5911 1
9 106.5451 94.5860 4 4 5 1 0 1.3420 1
