1 94.1668 86.3556 2 3 1 1 0 3.4034 1
1 106.8019 73.1424 3 3 1 1 0 5.2717 1
1 64.7903 77.3709 2 1 4 1 0 1.0660 1
1 104.4290 118.4309 4 2 4 1 0 4.9038 1
1 110.7191 120.0225 3 2 4 1 0 5.2828 1
1 101.9040 83.9635 4 3 1 1 0 0.6491 1
1 103.4156 75.8864 1 3 4 1 0 1.4549 1
1 149.0769 86.5169 1 4 2 1 0 8.1369 1
1 85.7585 122.9180 3 2 4 1 0 3.2024 1
1 66.8812 103.1281 1 1 1 1 1 1.7516 1
1 65.8822 90.4625 1 1 1 1 1 1.2091 1
1 144.1202 106.3873 2 4 4 1 1 12.2355 1
1 97.5037 109.7229 1 2 2 1 1 1.8199 1
1 100.4535 75.4099 1 3 2 1 0 1.1521 1
1 94.8763 128.9719 2 2 2 1 1 8.4195 1
1 102.6554 124.9706 4 2 2 1 1 1.3651 1
1 125.4987 91.7156 1 4 4 1 1 1.2940 1
1 71.7453 107.3721 3 1 1 1 1 0.9983 1
1 64.8705 105.0281 2 1 1 1 1 0.8053 1
1 133.5661 96.3853 2 4 4 1 1 1.2023 1
1 104.9786 107.9879 4 2 2 1 1 3.3189 1
1 132.7261 92.5790 4 4 4 1 1 0.7481 1
1 104.7419 95.8541 2 4 4 1 1 0.6430 1
1 116.9842 121.0366 4 4 4 1 1 0.6473 1
1 106.6255 68.2164 4 3 4 1 0 2.1552 1
1 122.8224 101.7694 1 4 4 1 1 2.5642 1
1 63.8100 110.5574 2 1 1 1 1 0.7899 1
1 100.2628 126.5816 1 2 2 1 1 0.6532 1
1 69.6821 91.3549 2 1 1 1 1 0.7218 1
1 104.1968 141.2735 1 2 2 1 1 1.0800 1
1 105.3527 58.0847 2 3 2 1 0 0.8063 1
1 87.3135 64.0285 4 3 2 1 0 3.7583 1
1 73.1696 85.1931 1 1 1 1 1 0.7467 1
1 124.2482 90.8835 2 4 4 1 1 0.9924 1
1 84.6675 102.7472 2 1 1 1 1 1.9315 1
1 99.8400 81.4098 3 3 2 1 0 0.7985 1
1 96.4913 75.5477 3 3 1 1 0 1.2374 1
1 125.0165 87.0374 4 4 4 1 1 0.8727 1
1 103.2879 70.9612 1 3 2 1 0 5.6815 1
1 131.3731 96.3049 1 4 4 1 1 0.6386 1
1 87.5448 133.7851 1 2 1 1 0 1.0908 1
1 72.1357 96.4958 3 1 2 1 0 0.6892 1
1 95.9898 78.3730 3 3 2 1 0 0.7720 1
1 78.2270 104.3290 4 1 1 1 1 0.7937 1
1 121.7999 103.9522 4 4 4 1 1 1.3938 1
1 91.6975 118.6216 1 2 1 1 0 3.2229 1
1 109.0160 110.1222 4 4 2 1 0 2.7440 1
1 117.8498 104.5631 3 4 4 1 1 0.7015 1
1 117.2242 127.3864 1 2 4 1 0 0.6104 1
1 99.0396 118.4244 3 2 4 1 0 10.9979 1
1 52.2791 89.7587 2 1 1 1 1 1.9549 1
1 140.2754 107.0743 2 4 4 1 1 1.1264 1
1 129.4991 98.6783 1 4 4 1 1 1.7983 1
1 93.3909 63.3240 2 3 1 1 0 0.8220 1
1 139.8791 103.1183 4 4 4 1 1 1.3748 1
1 90.4904 90.7713 2 1 1 1 1 0.7722 1
1 74.4056 94.8732 2 1 1 1 1 0.5715 1
1 90.7274 115.0446 4 2 1 1 0 0.8303 1
1 112.3647 123.1131 1 2 2 1 1 0.8235 1
1 103.4128 73.7752 4 3 2 1 0 0.5911 1
1 88.1528 75.4018 3 3 1 1 0 3.6179 1
1 132.7079 98.4518 2 4 4 1 1 2.2039 1
1 101.5083 136.7463 4 2 2 1 1 0.9805 1
1 74.8396 110.4062 3 1 1 1 1 2.5280 1
1 129.2816 110.8507 1 4 4 1 1 1.1531 1
1 133.9500 86.6055 2 4 4 1 1 0.6881 1
1 103.9174 117.3660 4 2 4 1 0 0.6927 1
1 71.6742 104.6640 1 1 1 1 1 0.7605 1
1 114.1970 77.1463 2 3 4 1 0 0.6716 1
1 99.2885 68.1986 4 3 1 1 0 1.7801 1
1 127.0373 102.5313 2 4 4 1 1 0.8522 1
1 117.5010 78.0190 1 3 4 1 0 1.7730 1
1 102.0303 55.2700 4 3 1 1 0 0.7292 1
1 90.2395 128.2253 2 2 2 1 1 2.2386 1
1 137.3987 90.8951 4 4 4 1 1 0.9997 1
1 56.5795 97.8917 3 1 1 1 1 0.6438 1
1 131.2137 109.6500 4 4 4 1 1 0.9677 1
1 93.9527 116.2486 1 2 1 1 0 0.6104 1
1 134.8970 112.8241 1 4 4 1 1 0.6772 1
1 73.2713 112.1859 4 1 1 1 1 0.6171 1
1 98.4089 50.5345 1 3 1 1 0 0.6206 1
1 103.8216 160.6784 2 2 4 1 0 0.5921 1
1 64.2303 102.6138 3 1 1 1 1 0.6904 1
1 53.2597 97.6524 3 1 1 1 1 1.2555 1
1 105.6702 73.1600 3 3 2 1 0 2.6340 1
1 61.8078 120.1106 2 1 1 1 1 1.3419 1
1 135.2789 131.4748 1 4 4 1 1 0.7711 1
1 102.7899 116.4195 1 2 4 1 0 6.6332 1
1 74.1213 97.4802 2 1 1 1 1 0.7313 1
1 98.4734 67.9758 2 3 2 1 0 0.9927 1
1 100.4483 55.0481 2 3 1 1 0 0.6692 1
1 88.9518 121.9229 4 2 2 1 1 1.8737 1
1 92.5239 112.3685 3 2 2 1 1 0.8042 1
1 105.2428 69.6735 3 3 2 1 0 1.0359 1
1 60.3511 114.3077 4 1 1 1 1 1.0963 1
1 107.4919 124.2660 2 2 4 1 0 1.0145 1
1 79.9215 80.1434 4 1 1 1 1 1.3306 1
1 71.1848 108.2609 3 1 1 1 1 0.7430 1
1 105.3690 62.3515 4 3 2 1 0 0.8135 1
1 104.8713 112.1152 3 2 2 1 1 3.2204 1
2 100.1202 137.3844 4 2 2 1 1 1.1509 1
2 109.2525 147.8820 4 2 4 1 0 1.0575 1
2 75.8624 81.3255 2 1 1 1 1 0.6077 1
2 126.2479 93.8255 1 4 2 1 0 0.8828 1
2 136.1853 96.6623 3 4 4 1 1 0.8919 1
2 125.3602 108.8345 2 4 4 1 1 1.1087 1
2 77.9282 100.4959 1 1 1 1 1 3.5878 1
2 136.6758 89.3931 2 4 2 1 0 0.8142 1
2 95.6192 81.2971 3 3 2 1 0 0.8860 1
2 83.5518 92.8667 3 1 1 1 1 0.7674 1
2 102.9579 73.3276 1 3 1 1 0 0.5660 1
2 132.5168 79.3665 3 4 4 1 1 1.4961 1
2 58.3275 73.3529 3 1 1 1 1 0.5758 1
2 110.4685 121.2093 4 2 4 1 0 0.7693 1
2 81.9811 122.2044 1 2 2 1 1 0.8571 1
2 109.2279 139.7944 3 2 4 1 0 2.4013 1
2 92.9046 122.1020 1 2 2 1 1 0.6531 1
2 82.7276 60.7880 1 3 2 1 0 1.8400 1
2 80.5237 83.7751 2 3 1 1 0 1.4232 1
2 106.3064 69.9625 3 3 2 1 0 0.9971 1
2 70.7232 116.5256 1 1 1 1 1 1.2641 1
2 140.9303 83.2723 1 4 4 1 1 1.4746 1
2 76.1655 80.2105 4 1 2 1 0 0.7121 1
2 138.1587 109.2010 3 4 4 1 1 0.7983 1
2 80.5136 110.9438 3 1 2 1 0 0.9332 1
2 63.8999 101.5863 3 1 1 1 1 0.7667 1
2 90.3402 116.8999 3 1 2 1 0 0.6598 1
2 113.2000 100.1867 4 4 4 1 1 2.7262 1
2 104.9014 118.6219 4 2 4 1 0 1.0028 1
2 94.5770 65.3457 4 3 4 1 0 1.2062 1
2 100.6753 135.6078 2 2 4 1 0 1.0310 1
2 82.9178 60.6965 1 3 2 1 0 1.9394 1
2 122.1147 103.2817 4 4 2 1 0 0.9173 1
2 116.8181 91.3350 1 3 4 1 0 0.7025 1
2 104.5539 75.9852 3 3 2 1 0 0.7699 1
2 124.4834 113.4982 1 4 4 1 1 1.0949 1
2 122.3346 91.6734 3 4 4 1 1 0.5986 1
2 77.2926 99.9871 2 1 1 1 1 0.8390 1
2 83.5111 127.4984 3 2 1 1 0 1.6947 1
2 61.1240 86.3064 1 1 1 1 1 2.4758 1
2 108.4486 68.6553 1 3 4 1 0 1.1155 1
2 107.3375 146.0332 3 2 4 1 0 0.7448 1
2 129.4118 107.4261 3 4 4 1 1 1.6127 1
2 91.3928 137.1108 4 2 4 1 0 0.5020 1
2 93.3562 125.6489 2 2 2 1 1 0.5970 1
2 84.9137 90.1487 3 3 2 1 0 1.4296 1
2 67.4598 105.3197 4 1 1 1 1 0.7941 1
2 65.2718 109.8442 1 1 1 1 1 0.5769 1
2 74.2789 93.9803 3 1 1 1 1 0.6258 1
2 93.6008 125.3017 3 2 1 1 0 1.2678 1
2 98.1793 69.0923 4 3 1 1 0 1.3809 1
2 88.4604 132.3513 1 2 1 1 0 1.4488 1
2 125.0520 99.4714 2 4 4 1 1 0.5115 1
2 83.6900 97.7592 3 1 1 1 1 2.2092 1
2 138.7935 110.5281 4 4 4 1 1 0.7623 1
2 122.1670 87.2851 2 4 4 1 1 0.8651 1
2 60.9801 93.5680 3 1 1 1 1 2.3944 1
2 95.8491 76.6500 2 3 2 1 0 0.9350 1
2 87.1385 149.7429 4 2 2 1 1 0.7842 1
2 116.8400 79.5157 4 3 2 1 0 1.6867 1
2 110.0655 62.6440 4 3 2 1 0 1.0255 1
2 103.7433 91.3476 1 4 2 1 0 0.9424 1
2 123.7680 91.1913 4 4 4 1 1 1.0643 1
2 106.9555 129.7324 2 2 4 1 0 6.9822 1
2 81.4458 97.6135 3 1 2 1 0 3.6973 1
2 95.9106 133.0822 1 2 2 1 1 1.5025 1
2 107.6510 124.9763 3 2 2 1 1 0.7575 1
2 99.5317 110.2907 1 2 2 1 1 0.5720 1
2 91.9709 124.1509 1 2 2 1 1 0.5416 1
2 126.2764 83.8192 4 4 4 1 1 0.6546 1
2 108.8770 124.8040 3 2 4 1 0 0.4995 1
2 90.2632 82.8812 1 3 2 1 0 1.1242 1
2 96.0948 76.7071 1 3 2 1 0 0.9301 1
2 127.7091 94.5345 2 4 4 1 1 0.6835 1
2 134.4524 99.3927 2 4 4 1 1 0.5927 1
2 77.0563 105.1720 3 1 1 1 1 0.6256 1
2 104.7584 57.8152 2 3 2 1 0 1.0433 1
2 133.6609 106.8919 2 4 4 1 1 1.9037 1
2 63.8414 99.9808 4 1 1 1 1 0.7533 1
2 125.3780 93.6617 4 4 4 1 1 0.7431 1
2 98.2771 121.0598 2 2 2 1 1 1.1009 1
2 94.8067 71.0829 3 3 2 1 0 0.6668 1
2 90.4349 136.3736 4 2 1 1 0 1.0704 1
2 118.0005 110.7687 2 4 2 1 0 0.8284 1
2 106.0402 131.1355 3 2 2 1 1 0.8200 1
2 74.4528 101.6761 4 1 2 1 0 2.2045 1
2 100.2814 82.6420 3 3 2 1 0 1.3011 1
2 81.3666 54.0435 3 3 1 1 0 3.5280 1
2 105.3467 81.1106 1 3 2 1 0 1.4417 1
2 64.3651 104.8376 3 1 1 1 1 0.6956 1
2 80.4441 103.3211 1 1 1 1 1 2.5082 1
2 98.4903 82.6266 3 3 2 1 0 10.2847 1
2 111.7206 105.1756 1 4 4 1 1 1.6554 1
2 111.8529 106.1376 1 4 4 1 1 1.3142 1
2 88.5755 154.7110 2 2 4 1 0 1.2854 1
2 65.2252 109.4380 1 1 1 1 1 1.6403 1
2 81.9795 108.6904 3 1 2 1 0 3.3143 1
2 70.1847 112.6640 4 1 1 1 1 1.0773 1
2 96.6394 63.9314 3 3 1 1 0 1.5065 1
2 110.4730 86.6673 4 3 2 1 0 1.5136 1
3 101.1053 71.3264 4 3 2 1 0 1.4708 1
3 128.3816 97.9748 1 4 4 1 1 1.5556 1
3 103.7841 117.2437 4 2 4 1 0 1.6920 1
3 91.7822 124.1051 4 2 2 1 1 1.3209 1
3 82.2037 101.0427 4 1 2 1 0 1.9009 1
3 110.2706 135.7376 4 2 2 1 1 1.1817 1
3 79.3883 101.9495 3 1 1 1 1 1.2127 1
3 86.8404 95.0285 4 3 1 1 0 1.1160 1
3 100.9880 121.5908 1 2 2 1 1 1.3060 1
3 67.3771 101.2090 1 1 1 1 1 1.1485 1
3 114.0655 154.3119 2 2 4 1 0 1.4348 1
3 60.5538 97.4907 3 1 1 1 1 1.2488 1
3 84.9633 129.4892 1 2 2 1 1 1.1534 1
3 84.3613 143.2540 2 2 2 1 1 3.8409 1
3 99.2293 138.8234 3 2 2 1 1 1.0410 1
3 93.9370 62.4624 4 3 1 1 0 1.8695 1
3 67.6983 96.7664 1 1 1 1 1 0.7351 1
3 91.3367 66.3946 2 3 2 1 0 1.5881 1
3 128.0954 100.7774 4 4 4 1 1 3.6142 1
3 109.8450 73.7830 3 3 4 1 0 1.1907 1
3 121.9180 85.3120 3 4 4 1 1 0.9967 1
3 132.4578 93.5496 4 4 4 1 1 3.3757 1
3 75.5032 120.2016 2 1 2 1 0 2.8197 1
3 103.0627 66.6268 3 3 2 1 0 1.8016 1
3 75.2274 96.2135 2 1 1 1 1 1.0805 1
3 109.0777 102.4331 3 4 2 1 0 1.4945 1
3 113.3018 55.9921 4 3 2 1 0 3.3415 1
3 107.9754 122.2757 3 2 2 1 1 1.2016 1
3 101.9013 52.5659 4 3 2 1 0 2.8342 1
3 123.3151 82.9203 4 3 4 1 0 6.8250 1
3 85.8959 100.2280 1 1 2 1 0 1.2496 1
3 112.0955 90.0869 1 4 4 1 1 3.2986 1
3 104.4554 125.8732 2 2 4 1 0 0.9969 1
3 125.4167 88.3572 2 4 4 1 1 5.6307 1
3 77.3297 102.7611 4 1 2 1 0 2.0400 1
3 113.1897 81.5377 3 4 2 1 0 2.5078 1
3 126.4884 92.9181 1 4 4 1 1 2.5068 1
3 112.9909 56.6666 1 3 2 1 0 16.2017 1
3 129.2654 80.7698 3 4 2 1 0 1.6172 1
3 105.9622 87.7261 4 3 2 1 0 1.2435 1
3 103.8987 52.9844 2 3 2 1 0 1.6289 1
3 121.2142 99.1859 1 4 2 1 0 0.6953 1
3 67.0568 102.8144 2 1 1 1 1 0.9396 1
3 92.7225 150.3744 1 2 2 1 1 1.3983 1
3 71.0679 87.6457 1 1 1 1 1 1.0522 1
3 83.2440 87.2348 3 3 1 1 0 1.7047 1
3 56.6860 103.5982 3 1 1 1 1 1.0453 1
3 93.6683 67.5234 4 3 2 1 0 2.3543 1
3 94.4389 74.6188 2 3 2 1 0 1.9502 1
3 124.7199 97.3623 4 4 4 1 1 2.2723 1
3 137.3462 113.9915 3 4 4 1 1 1.2736 1
3 100.7278 116.5772 2 2 2 1 1 2.6689 1
3 95.8447 83.3202 4 3 2 1 0 2.4004 1
3 64.8654 97.4523 2 1 1 1 1 1.9326 1
3 80.0097 106.6956 4 1 1 1 1 1.9035 1
3 126.7152 117.4950 2 4 4 1 1 1.7135 1
3 101.3003 118.2468 1 2 2 1 1 3.1356 1
3 88.9110 106.8961 3 1 2 1 0 1.1325 1
3 111.1747 126.9010 3 2 4 1 0 5.3872 1
3 109.1853 138.0732 4 2 4 1 0 1.1525 1
3 75.2236 88.3775 4 1 2 1 0 2.3679 1
3 103.3468 81.9164 1 3 2 1 0 1.9327 1
3 124.8673 94.9131 4 4 4 1 1 2.1106 1
3 99.2218 84.4636 2 3 2 1 0 5.3963 1
3 105.4858 142.3728 4 2 2 1 1 1.4484 1
3 93.2724 118.2552 2 2 2 1 1 1.2132 1
3 133.5203 113.6583 4 4 4 1 1 2.3818 1
3 115.8688 77.2415 3 3 4 1 0 1.8814 1
3 88.8389 138.9016 4 2 4 1 0 1.4819 1
3 97.8579 128.1863 1 2 4 1 0 0.6078 1
3 76.4013 95.2955 3 1 2 1 0 1.0410 1
3 131.8167 93.1313 3 4 4 1 1 1.5522 1
3 111.1157 67.1623 2 3 2 1 0 3.4483 1
3 95.5324 124.7046 2 2 2 1 1 1.1522 1
3 66.9838 90.4158 3 1 1 1 1 0.9117 1
3 127.5453 108.7529 1 4 4 1 1 1.1293 1
3 87.6377 87.8999 1 1 2 1 0 2.7271 1
3 110.6893 65.7843 2 3 2 1 0 1.3723 1
3 67.0555 109.5032 2 1 1 1 1 1.9192 1
3 119.7651 117.6533 3 2 4 1 0 7.7123 1
3 126.1778 99.7698 4 4 4 1 1 1.1640 1
3 72.9761 91.8513 2 1 1 1 1 2.2514 1
3 64.6998 97.2169 1 1 1 1 1 21.1243 1
3 99.3557 122.9250 2 2 2 1 1 1.6187 1
3 89.6134 63.6083 3 3 2 1 0 1.8200 1
3 127.8129 85.9738 3 4 4 1 1 1.0829 1
3 107.7596 101.6084 2 4 2 1 0 1.8637 1
3 101.7032 60.1956 1 3 2 1 0 1.6557 1
3 94.1610 140.3225 3 2 2 1 1 1.2833 1
3 82.0931 84.7054 3 1 1 1 1 1.8927 1
3 105.6745 113.8609 1 2 2 1 1 4.0219 1
3 129.5553 104.7185 1 4 4 1 1 1.0660 1
3 105.5005 79.1120 1 3 4 1 0 0.5201 1
3 126.8054 79.3947 4 4 4 1 1 1.3820 1
3 70.8464 89.2329 2 1 1 1 1 1.0500 1
3 67.5129 120.7204 4 1 1 1 1 1.0931 1
3 105.3890 122.3535 4 2 2 1 1 2.3379 1
3 108.8706 89.0201 1 4 2 1 0 0.9424 1
3 95.7718 76.3855 3 3 2 1 0 1.0326 1
3 119.8556 94.2118 4 4 2 1 0 2.9324 1
4 97.4285 121.9249 2 2 2 0 1 4.1107 1
4 69.8536 99.2167 3 1 1 0 0 0.8313 1
4 102.3440 113.0387 1 2 2 0 0 3.2713 1
4 103.5760 77.8437 1 3 2 0 0 0.9523 1
4 95.1936 94.8259 4 3 2 0 0 1.0914 1
4 124.0074 108.1929 1 4 4 0 0 1.5055 1
4 132.9668 97.6630 4 4 4 0 1 0.6645 1
4 112.4084 118.7632 4 4 4 0 1 0.9729 1
4 133.2758 109.7255 1 4 4 0 0 0.5827 1
4 104.0930 67.8945 3 3 1 0 0 3.0468 1
4 111.2919 71.9448 2 3 2 0 1 11.6837 1
4 122.0531 99.8556 4 4 4 0 1 1.6146 1
4 94.7207 105.7847 3 2 2 0 0 14.5372 1
4 113.9239 134.0780 1 2 4 0 0 1.2736 1
4 111.5165 115.1448 1 2 4 0 0 1.0194 1
4 71.3646 100.4742 1 1 1 0 1 0.9989 1
4 95.6356 122.0070 2 2 2 0 1 1.1858 1
4 92.8701 115.4010 3 2 2 0 0 1.2329 1
4 76.2416 107.6445 2 1 1 0 0 1.3300 1
4 72.5930 121.4012 4 1 2 0 0 3.2849 1
4 114.6830 141.2372 4 2 4 0 1 1.4791 1
4 75.9152 124.9741 3 1 2 0 0 2.7490 1
4 90.9210 64.4163 3 3 2 0 0 1.1536 1
4 108.7283 146.0765 2 2 2 0 1 2.0637 1
4 75.4131 94.6944 2 1 1 0 0 1.1082 1
4 136.7401 101.5012 2 4 4 0 0 1.4422 1
4 81.1348 85.8898 2 1 2 0 1 1.5918 1
4 97.3913 130.7559 3 2 2 0 0 3.0733 1
4 97.7604 139.6673 4 2 2 0 0 3.4856 1
4 97.0720 123.3270 3 2 2 0 0 8.5486 1
4 97.0638 60.2841 2 3 2 0 1 1.2525 1
4 115.3325 116.7625 4 2 4 0 1 1.3495 1
4 136.6643 105.0332 3 4 4 0 0 0.3920 1
4 131.2836 106.8547 1 4 4 0 0 0.4681 1
4 124.6191 98.2480 3 4 4 0 0 0.4027 1
4 63.6398 102.4741 1 1 1 0 1 0.6227 1
4 101.7707 60.4127 2 3 2 0 1 0.4967 1
4 88.9286 109.5578 1 2 4 0 0 0.5118 1
4 77.6529 103.1860 2 1 2 0 1 1.8536 1
4 96.4548 124.9745 4 2 2 0 0 0.5881 1
4 106.4592 68.8722 3 3 2 0 0 0.7483 1
4 111.4199 105.7905 3 4 4 0 0 0.7864 1
4 55.6794 110.5232 1 1 1 0 1 0.6969 1
4 105.2905 110.1930 4 2 2 0 0 1.1172 1
4 108.8308 89.4585 3 3 4 0 0 2.6192 1
4 75.6848 119.7178 4 1 1 0 0 0.6690 1
4 83.0973 99.6898 2 1 1 0 0 0.7038 1
4 100.4068 124.7725 3 2 2 0 0 0.5800 1
4 109.4130 86.6045 4 3 4 0 1 1.1744 1
4 71.9726 116.2312 1 1 4 0 0 0.8379 1
4 135.9208 94.1744 4 4 4 0 1 0.7808 1
4 127.7061 107.1893 2 4 4 0 0 0.7870 1
4 79.8331 109.3147 1 1 1 0 1 1.0669 1
4 111.1212 118.3085 2 4 4 0 0 1.0157 1
4 105.3469 62.1127 3 3 2 0 0 0.6589 1
4 108.3587 74.9542 3 3 4 0 0 0.8076 1
4 134.6526 106.7230 3 4 4 0 0 1.8552 1
4 97.2248 74.9069 2 3 2 0 1 1.4560 1
4 108.9303 81.9381 2 4 2 0 1 1.0147 1
4 80.3630 107.5832 1 1 1 0 1 1.9375 1
4 148.4004 105.7397 3 4 4 0 0 1.2352 1
4 98.2208 65.4573 1 3 2 0 0 2.9634 1
4 89.2050 134.1374 4 2 2 0 0 1.4221 1
4 95.4788 69.3943 4 3 2 0 0 1.1233 1
4 120.7779 94.1121 1 4 4 0 0 1.2813 1
4 98.6420 67.0848 1 3 2 0 0 1.2838 1
4 103.3200 134.0606 3 2 2 0 0 1.1577 1
4 93.8110 81.9111 2 3 2 0 1 2.0833 1
4 123.0373 92.7710 1 4 4 0 0 1.7529 1
4 121.8181 81.1996 1 4 2 0 0 2.2620 1
4 63.0102 111.5537 3 1 1 0 0 1.2801 1
4 112.8966 126.8406 2 2 2 0 1 1.1528 1
4 88.7273 138.5179 1 2 2 0 0 0.8624 1
4 109.4239 76.8451 3 3 2 0 0 1.8621 1
4 123.5975 102.7674 1 4 2 0 0 0.6777 1
4 111.3216 66.9400 1 3 2 0 0 5.4001 1
4 71.8706 91.0002 1 1 2 0 0 1.0046 1
4 110.5923 67.3542 1 3 2 0 0 0.8228 1
4 98.9164 142.1705 1 2 2 0 0 3.1032 1
4 143.6517 112.9284 1 4 2 0 0 2.4936 1
4 69.7773 107.5104 4 1 2 0 0 1.7265 1
4 73.5563 72.2028 4 3 2 0 0 1.0204 1
4 71.0004 111.1560 3 1 1 0 0 0.9358 1
4 94.1701 78.6328 2 3 1 0 0 1.7302 1
4 92.6224 121.3498 4 2 2 0 0 1.0714 1
4 99.1364 69.9712 2 3 2 0 1 1.3891 1
4 131.9209 123.1288 1 4 4 0 0 1.3134 1
4 98.0211 135.4689 1 2 2 0 0 1.2680 1
4 65.4832 111.9926 3 1 1 0 0 1.2210 1
4 125.8238 82.1636 2 4 2 0 1 1.5261 1
4 66.6809 92.0205 2 1 1 0 0 1.6306 1
4 102.2557 91.8934 4 3 2 0 0 0.9541 1
4 57.9441 87.1006 4 1 1 0 0 1.6843 1
4 64.0133 119.6554 4 1 1 0 0 4.4167 1
4 136.0329 94.3559 3 4 4 0 0 1.3727 1
4 71.1468 98.6645 2 1 1 0 0 2.5928 1
4 124.1812 129.4869 3 4 4 0 0 1.2506 1
4 84.6467 111.4268 4 1 2 0 0 3.3958 1
4 89.8963 132.1882 3 2 2 0 0 4.0562 1
4 96.4990 80.8376 3 3 3 0 1 5.4217 1
5 68.7974 98.9162 3 1 1 0 0 3.1348 1
5 101.1555 128.3788 2 2 3 0 0 5.1744 1
5 91.6309 131.5931 2 2 2 0 1 3.0128 1
5 101.4667 116.3394 3 2 3 0 1 4.6098 1
5 138.9301 102.8864 3 4 4 0 0 2.7561 1
5 73.7486 110.4400 3 1 2 0 0 0.7777 1
5 85.6570 87.3307 3 1 3 0 1 0.5609 1
5 129.6642 100.7962 2 4 4 0 0 0.7858 1
5 110.7196 116.0871 1 2 4 0 0 1.4327 1
5 124.0902 118.9130 3 4 3 0 1 0.6073 1
5 98.1891 128.3366 2 2 3 0 0 0.4181 1
5 64.0041 91.5645 1 1 1 0 1 0.8163 1
5 104.3017 71.1701 2 3 2 0 1 0.7124 1
5 112.2636 78.2404 1 3 3 0 0 1.3589 1
5 136.1951 109.8769 1 4 4 0 0 0.6269 1
5 103.6479 80.3249 1 3 3 0 0 1.1101 1
5 116.1249 104.1484 2 4 3 0 0 1.0761 1
5 78.5336 135.8575 2 2 2 0 1 0.6251 1
5 103.5026 142.9016 3 2 3 0 1 1.4921 1
5 100.2263 73.7651 3 3 2 0 0 1.0836 1
5 145.5079 105.0925 2 4 4 0 0 6.3623 1
5 62.6681 107.7355 4 1 1 0 0 1.1900 1
5 108.8790 128.9527 1 2 2 0 0 4.5652 1
5 67.7185 92.3521 2 1 1 0 0 1.7174 1
5 95.8101 77.8261 3 3 2 0 0 1.9533 1
5 113.7347 110.0741 2 4 2 0 1 1.0268 1
5 133.6424 103.4671 1 4 3 0 0 1.9502 1
5 110.4528 128.4331 1 2 3 0 0 1.4066 1
5 94.9933 68.5995 1 3 2 0 0 1.2187 1
5 108.6715 117.6680 1 2 2 0 0 1.8586 1
5 123.5472 93.8877 1 4 3 0 0 4.3709 1
5 107.7046 80.5418 1 3 2 0 0 1.4237 1
5 97.3704 74.7911 3 3 2 0 0 7.8136 1
5 123.1581 86.3214 1 3 3 0 0 1.7325 1
5 76.5329 94.4930 4 1 1 0 0 2.1441 1
5 132.9753 98.2457 1 4 3 0 0 11.6541 1
5 91.9884 65.8295 2 3 2 0 1 2.9617 1
5 118.1874 104.7384 1 4 3 0 0 4.4927 1
5 89.3754 80.2530 3 3 2 0 0 1.3399 1
5 107.1687 132.0388 3 2 3 0 1 1.6784 1
5 109.5893 66.1443 4 3 3 0 0 3.3539 1
5 127.3768 98.4144 3 4 3 0 1 1.7420 1
5 57.3956 106.8825 4 1 1 0 0 1.3870 1
5 131.5554 93.7477 3 4 4 0 0 3.7270 1
5 103.7936 74.4077 2 3 2 0 1 1.5317 1
5 100.2872 72.8516 2 3 2 0 1 3.6849 1
5 104.7563 75.8659 4 3 2 0 0 3.9695 1
5 54.7262 102.9481 4 1 1 0 0 1.0926 1
5 74.0738 99.6458 2 1 1 0 0 8.0031 1
5 98.5767 125.9519 1 2 2 0 0 2.9018 1
5 85.6089 129.0267 4 2 2 0 0 1.5187 1
5 119.6989 106.1292 4 4 3 0 0 3.6875 1
5 76.8107 106.3702 2 1 2 0 1 4.7234 1
5 103.4926 123.8252 3 2 3 0 1 2.7438 1
5 107.5018 121.6098 4 2 4 0 1 2.3014 1
5 142.5410 96.0239 4 4 4 0 1 1.4496 1
5 107.2683 82.1691 1 3 3 0 0 2.2406 1
5 68.5902 111.2368 2 1 1 0 0 1.9631 1
5 108.7611 66.5369 4 3 2 0 0 10.7021 1
5 79.9510 141.1002 1 2 2 0 0 1.3149 1
5 101.1719 119.2859 1 2 4 0 0 1.3494 1
5 71.1379 121.6782 2 1 3 0 0 2.0403 1
5 61.9010 110.7270 2 1 2 0 1 1.7728 1
5 136.5479 103.7805 3 4 4 0 0 1.4178 1
5 114.5281 61.5265 2 3 4 0 0 3.6473 1
5 82.7853 71.5963 3 3 3 0 1 1.5134 1
5 101.8316 65.4209 4 3 4 0 1 1.1048 1
5 124.5032 78.1772 4 4 4 0 1 0.5912 1
5 106.2040 62.1277 1 3 3 0 0 1.1681 1
5 143.6140 95.9601 2 4 4 0 0 1.1361 1
5 100.3058 142.8041 1 2 4 0 0 1.0860 1
5 87.9524 84.3511 3 1 2 0 0 2.7972 1
5 78.4511 105.1860 4 1 2 0 0 0.9961 1
5 77.0428 103.0216 3 1 2 0 0 2.2878 1
5 96.8514 93.5220 4 1 2 0 0 2.2332 1
5 101.9270 124.9169 2 2 2 0 1 0.9310 1
5 105.0474 72.4231 2 3 2 0 1 1.1322 1
5 133.3841 95.1198 2 4 4 0 0 1.3223 1
5 97.3481 129.1895 4 2 3 0 0 1.5324 1
5 120.2761 123.7163 2 2 4 0 0 2.2612 1
5 133.9920 82.4607 2 4 4 0 0 2.2223 1
5 95.7107 96.6214 3 1 2 0 0 2.9343 1
5 122.0819 84.6832 2 4 2 0 1 11.2965 1
5 102.5889 83.5736 4 3 2 0 0 1.0915 1
5 124.4760 113.3694 3 4 2 0 0 4.9775 1
5 102.1152 59.2238 3 3 2 0 0 3.3257 1
5 101.7649 128.0355 3 2 2 0 0 1.0560 1
5 88.1573 69.8247 1 3 2 0 0 2.7484 1
5 107.4892 144.6437 3 2 2 0 0 2.2738 1
5 79.1953 108.8968 3 1 2 0 0 10.4272 1
5 104.8673 128.2429 2 2 4 0 0 1.0800 1
5 78.0756 96.2654 1 1 1 0 1 2.1170 1
5 68.2180 104.2906 2 1 1 0 0 1.5775 1
5 100.1930 132.4558 3 2 3 0 1 1.9548 1
5 147.2658 83.1370 2 4 4 0 0 2.6912 1
5 79.9131 104.8711 2 1 2 0 1 1.3979 1
5 114.8966 101.9000 1 4 3 0 0 6.0580 1
5 80.1687 102.4136 3 1 2 0 0 1.5011 1
5 93.4160 96.6826 3 1 2 0 0 0.7561 1
5 136.3717 93.2697 2 4 4 0 0 1.1452 1
6 86.3858 114.7453 2 1 2 0 1 1.3909 1
6 78.2750 98.0735 1 1 2 0 0 0.8500 1
6 102.1550 55.7520 3 3 2 0 0 1.4806 1
6 93.0651 64.7039 3 3 2 0 0 3.1515 1
6 128.9701 121.7062 1 4 4 0 0 3.8710 1
6 99.8924 122.9074 3 2 2 0 0 5.3097 1
6 126.1289 115.0799 1 4 4 0 0 1.0239 1
6 95.0873 138.8186 3 2 4 0 0 4.6672 1
6 80.3229 104.6976 4 1 3 0 0 1.5013 1
6 95.0387 77.2566 2 3 3 0 0 6.0843 1
6 98.8722 73.9907 1 3 2 0 0 1.9450 1
6 134.6237 92.0509 3 4 4 0 0 1.3869 1
6 106.5451 94.5860 2 4 4 0 0 2.6868 1
6 120.1177 97.7777 3 4 4 0 0 1.1872 1
6 137.4330 97.0950 3 4 4 0 0 1.1230 1
6 92.5878 154.2830 4 2 2 0 0 4.8810 1
6 87.3270 119.1106 2 2 2 0 1 7.3382 1
6 70.5587 113.6624 2 1 2 0 1 1.1325 1
6 89.6707 66.7162 1 3 2 0 0 3.7541 1
6 73.6090 100.0768 2 1 2 0 1 1.1591 1
6 146.5705 88.5627 4 4 4 0 1 3.9423 1
6 87.4933 102.6541 4 1 2 0 0 1.0333 1
6 138.1050 78.6352 3 4 4 0 0 3.2043 1
6 90.9566 126.3451 4 2 2 0 0 1.1079 1
6 91.5153 109.5289 3 2 2 0 0 4.6571 1
6 105.3632 117.7025 3 2 4 0 0 1.2840 1
6 104.7658 137.1957 4 2 3 0 0 1.2850 1
6 140.8232 100.9438 3 4 4 0 0 0.9660 1
6 97.6917 64.1212 2 3 3 0 0 0.5298 1
6 88.6888 98.2993 2 1 2 0 1 3.1695 1
6 121.4979 110.0468 2 4 4 0 0 3.9367 1
6 78.1628 109.6438 1 1 1 0 1 2.2747 1
6 80.6127 64.8003 2 3 1 0 0 1.5168 1
6 140.3759 105.7105 3 4 4 0 0 1.4915 1
6 137.7972 100.4247 3 4 4 0 0 2.8113 1
6 129.6425 91.9746 3 4 4 0 0 1.1229 1
6 107.6564 76.9826 2 3 2 0 1 1.1690 1
6 116.6820 143.1406 4 2 4 0 1 1.4077 1
6 131.6035 100.0489 3 4 4 0 0 0.8837 1
6 106.3990 126.8403 1 2 2 0 0 10.7321 1
6 121.0435 119.9764 4 2 2 0 0 2.0164 1
6 106.6803 75.3501 4 3 2 0 0 1.1399 1
6 55.9682 101.5119 2 1 1 0 0 30.4497 1
6 69.6587 95.3935 3 1 1 0 0 0.7673 1
6 92.9179 131.8423 4 2 2 0 0 2.2279 1
6 96.1417 70.8354 3 3 4 0 0 2.5399 1
6 91.9586 81.3687 3 3 3 0 1 2.3949 1
6 101.5459 83.4905 3 3 4 0 0 1.2709 1
6 75.8619 108.5506 2 1 2 0 1 0.8102 1
6 72.5890 103.3064 3 1 2 0 0 1.1524 1
6 84.0640 104.1338 2 1 2 0 1 0.9423 1
6 113.7865 95.2948 2 3 4 0 0 2.0408 1
6 116.0171 54.0204 3 3 2 0 0 1.9640 1
6 107.4212 77.5781 1 3 2 0 0 4.4307 1
6 95.9689 62.9362 3 3 2 0 0 1.5166 1
6 93.0298 127.9223 2 2 2 0 1 2.9790 1
6 113.0291 96.0229 3 4 2 0 0 0.9107 1
6 58.3788 84.3613 3 1 1 0 0 1.4628 1
6 143.8585 102.7132 2 4 4 0 0 1.3403 1
6 100.1946 133.4809 3 2 4 0 0 13.4562 1
6 132.4728 91.2742 2 4 4 0 0 1.0939 1
6 49.0672 104.1744 4 1 1 0 0 1.1228 1
6 101.5874 128.6738 2 2 2 0 1 6.3681 1
6 114.0260 71.2138 3 3 4 0 0 1.7081 1
6 141.1648 118.9442 1 4 4 0 0 0.9201 1
6 105.4727 122.0417 2 2 4 0 0 0.8656 1
6 113.0986 110.6975 4 2 4 0 1 0.7134 1
6 150.6347 101.2032 4 4 4 0 1 0.6066 1
6 99.8741 116.0471 3 2 4 0 0 0.4006 1
6 93.3553 104.9840 1 1 4 0 0 0.3486 1
6 101.8314 70.9860 4 3 4 0 1 0.3592 1
6 140.1412 112.9269 4 4 4 0 1 0.4832 1
6 92.5923 132.0602 2 2 3 0 0 0.6421 1
6 79.5622 79.5091 1 3 2 0 0 0.7562 1
6 63.2691 104.2814 2 1 3 0 0 0.6988 1
6 129.0227 91.0200 4 4 4 0 1 0.5892 1
6 104.2406 138.9003 4 2 3 0 0 0.6068 1
6 126.1796 107.6207 1 4 4 0 0 0.4165 1
6 75.9614 119.5233 4 1 1 0 0 0.9416 1
6 100.5643 73.9713 4 3 2 0 0 0.7294 1
6 143.4742 104.9102 3 4 4 0 0 0.6887 1
6 74.2690 85.7949 1 1 1 0 1 0.8365 1
6 137.0833 98.5415 1 4 4 0 0 0.6206 1
6 104.3078 130.6184 4 2 4 0 1 1.5509 1
6 96.2624 137.6255 4 2 3 0 0 0.7580 1
6 94.3007 69.4132 3 3 2 0 0 0.6834 1
6 98.0162 72.5907 3 3 1 0 0 0.6747 1
6 104.8418 64.5808 2 3 2 0 1 0.5985 1
6 90.9880 115.6455 4 2 2 0 0 1.0659 1
6 102.9168 122.0853 4 2 4 0 1 5.8466 1
6 51.4384 108.5347 4 1 1 0 0 0.7411 1
6 74.1195 99.1445 4 1 1 0 0 0.9374 1
6 94.8941 72.0194 4 3 4 0 1 2.2757 1
6 64.1784 95.8536 2 1 1 0 0 0.6542 1
6 101.0772 80.8251 2 3 2 0 1 0.7377 1
6 87.7027 99.6187 1 1 2 0 0 0.6639 1
6 62.3993 88.2892 4 1 1 0 0 0.5718 1
6 134.5390 105.2827 1 4 4 0 0 1.0389 1
6 103.8039 134.0234 2 2 4 0 0 1.0499 1
6 66.9476 106.2204 3 1 1 0 0 1.1908 1
7 67.2599 96.2754 4 1 1 0 0 1.3428 1
7 66.3930 108.7872 2 1 1 0 0 1.0919 1
7 94.4080 49.6970 4 3 2 0 0 1.4723 1
7 103.0292 121.9929 1 2 2 0 0 4.2796 1
7 88.9937 55.4789 4 3 1 0 0 1.0891 1
7 102.5619 50.8807 3 3 1 0 0 3.3268 1
7 113.6511 134.4659 2 2 4 0 0 1.3788 1
7 111.8528 115.5680 1 2 4 0 0 1.3988 1
7 96.1414 112.7962 2 2 3 0 0 1.7712 1
7 53.1331 82.5922 1 1 1 0 1 1.0013 1
7 137.0804 110.1187 2 4 4 0 0 1.1719 1
7 139.5657 102.7081 1 4 3 0 0 2.5144 1
7 98.0184 84.3762 4 3 2 0 0 1.0256 1
7 107.7221 122.8525 2 2 4 0 0 1.2125 1
7 83.8468 132.1807 4 2 2 0 0 7.6721 1
7 77.9959 133.3717 2 2 2 0 1 1.0629 1
7 123.1753 102.4976 4 4 2 0 0 1.1386 1
7 65.5740 101.7929 2 1 1 0 0 1.0250 1
7 100.5722 59.0357 3 3 2 0 0 1.0520 1
7 94.9039 108.7768 4 2 4 0 1 1.0318 1
7 103.2945 76.8177 1 3 2 0 0 0.7861 1
7 81.7898 111.5385 4 2 2 0 0 0.4238 1
7 127.9187 108.3813 1 4 4 0 0 0.6949 1
7 80.0327 125.0308 2 2 4 0 0 0.5871 1
7 84.2333 137.9453 3 2 2 0 0 0.5408 1
7 80.0384 101.4079 1 1 2 0 0 1.4849 1
7 121.8793 109.9178 3 4 4 0 0 0.7072 1
7 109.9944 128.7132 3 2 4 0 0 0.7747 1
7 82.4519 94.3090 4 1 2 0 0 0.6035 1
7 85.1726 84.3353 2 1 2 0 1 0.7509 1
7 86.6962 51.7089 4 3 2 0 0 0.5323 1
7 90.9948 70.2116 1 3 2 0 0 0.5633 1
7 66.1666 70.6993 1 1 1 0 1 1.1725 1
7 69.4482 106.4665 1 1 1 0 1 0.7561 1
7 98.0288 118.9963 1 2 2 0 0 0.6971 1
7 142.5256 91.5844 1 4 4 0 0 1.2438 1
7 76.5790 100.0855 3 1 2 0 0 0.7809 1
7 99.5780 137.4124 4 2 4 0 1 0.6099 1
7 116.4688 89.7162 3 4 4 0 0 0.6436 1
7 54.5403 100.5869 4 1 1 0 0 0.7431 1
7 130.4596 86.2393 1 4 4 0 0 1.5001 1
7 95.0812 129.7580 4 2 4 0 1 3.8271 1
7 79.5867 92.3888 2 1 1 0 0 0.6901 1
7 73.3303 105.7902 1 1 2 0 0 0.8856 1
7 70.9591 107.6042 4 1 2 0 0 0.6703 1
7 104.8871 113.3817 2 2 2 0 1 0.7706 1
7 104.9284 74.3248 2 3 2 0 1 1.6251 1
7 129.2137 95.3005 1 4 4 0 0 1.5225 1
7 91.0872 110.3567 4 2 2 0 0 1.0813 1
7 120.2365 105.3651 3 4 4 0 0 2.2292 1
7 131.7155 99.7142 1 4 2 0 0 5.1343 1
7 137.0168 95.2159 1 4 4 0 0 2.1882 1
7 105.2155 124.7106 3 2 2 0 0 1.6039 1
7 116.7455 95.2483 2 4 2 0 1 1.1499 1
7 114.5423 65.2524 3 3 2 0 0 1.3239 1
7 94.4813 130.1834 3 2 2 0 0 2.3498 1
7 109.2990 94.7243 2 4 2 0 1 1.5130 1
7 77.5743 106.8028 4 1 2 0 0 1.7120 1
7 89.9558 64.8627 2 3 1 0 0 1.1326 1
7 94.4599 89.8636 3 3 2 0 0 1.1151 1
7 123.5941 102.7619 3 4 4 0 0 1.2730 1
7 92.0338 75.2069 3 3 3 0 1 0.3301 1
7 63.4951 112.7103 4 1 1 0 0 1.1241 1
7 76.1449 86.4680 4 1 2 0 0 1.0260 1
7 80.1447 103.8121 3 1 1 0 0 1.0050 1
7 110.0177 129.0274 4 2 2 0 0 1.5761 1
7 119.9412 80.9812 1 3 2 0 0 1.4557 1
7 63.4358 97.9667 4 1 2 0 0 1.2700 1
7 120.9845 109.6560 4 4 1 0 0 1.6550 1
7 116.9347 101.9188 1 4 2 0 0 2.1458 1
7 91.5616 71.1302 1 3 2 0 0 4.0070 1
7 98.0313 85.9155 3 3 1 0 0 0.9689 1
7 81.6602 102.3989 2 1 2 0 1 8.7214 1
7 117.0446 134.5159 1 2 4 0 0 2.3741 1
7 89.2490 78.6219 3 3 2 0 0 0.9610 1
7 78.0881 134.8433 4 2 2 0 0 2.5866 1
7 58.2609 103.3889 2 1 1 0 0 1.1326 1
7 154.9917 97.4097 4 4 4 0 1 1.4674 1
7 69.0852 87.0812 3 1 2 0 0 2.0504 1
7 88.0723 90.5523 3 3 2 0 0 1.0157 1
7 110.8904 77.7991 2 3 2 0 1 4.2762 1
7 96.1304 74.5303 2 3 2 0 1 1.3104 1
7 107.4894 67.7759 2 3 2 0 1 3.7125 1
7 115.4950 102.4642 4 4 2 0 0 6.0604 1
7 113.3941 91.5610 3 4 4 0 0 1.2326 1
7 122.1071 98.6297 4 4 2 0 0 4.5769 1
7 114.2944 103.6657 1 4 2 0 0 1.3622 1
7 95.0595 146.4255 4 2 2 0 0 0.9172 1
7 86.0869 61.6301 4 3 2 0 0 0.9426 1
7 115.6346 88.5311 4 3 2 0 0 4.5517 1
7 86.9869 137.7303 2 2 2 0 1 0.7596 1
7 74.1058 102.7346 3 1 1 0 0 1.1181 1
7 135.8998 87.2633 3 4 2 0 0 4.3637 1
7 76.3090 94.5660 2 1 2 0 1 9.5751 1
7 56.7195 111.4643 4 1 1 0 0 1.2960 1
7 105.5620 113.2681 3 2 2 0 0 1.2033 1
7 92.0560 65.2067 3 3 2 0 0 1.2360 1
7 107.8462 71.1292 4 3 2 0 0 1.2838 1
7 119.2084 107.1740 1 4 2 0 0 1.3023 1
7 127.2725 101.2891 3 4 2 0 0 1.8482 1
8 78.1565 106.1586 3 1 2 1 0 0.9909 1
8 123.5913 90.9964 3 3 4 1 0 1.2121 1
8 85.6290 129.7241 4 2 2 1 1 0.9560 1
8 39.4733 74.9602 2 1 1 1 1 1.0783 1
8 64.4745 77.5333 4 1 1 1 1 1.2032 1
8 75.7972 136.1125 2 2 2 1 1 0.9151 1
8 133.3195 99.7161 1 4 4 1 1 1.8845 1
8 136.8027 115.4470 3 4 4 1 1 1.3082 1
8 88.5654 90.1056 1 1 2 1 0 2.0464 1
8 68.0811 97.2900 1 1 1 1 1 2.5317 1
8 135.8160 105.1594 3 4 2 1 0 2.5642 1
8 91.8763 91.1651 3 1 2 1 0 0.9964 1
8 94.5967 82.4114 3 3 2 1 0 2.2381 1
8 92.9690 69.1337 4 3 2 1 0 1.0313 1
8 99.7772 123.8030 3 2 2 1 1 7.5075 1
8 81.3311 81.8530 4 1 1 1 1 1.0986 1
8 91.9341 128.1148 3 2 2 1 1 13.5754 1
8 127.5829 95.3633 1 4 4 1 1 2.9120 1
8 106.3317 61.3886 2 3 3 1 1 0.9840 1
8 96.5532 70.7419 1 3 3 1 1 0.8671 1
8 106.7931 73.1952 4 3 3 1 1 0.9387 1
8 58.4333 101.9441 2 1 1 1 1 1.2679 1
8 88.9087 58.4290 3 3 3 1 1 1.6369 1
8 119.6669 98.9626 2 4 2 1 0 1.3757 1
8 70.0570 97.8239 1 1 2 1 0 1.9230 1
8 103.6137 74.1008 4 3 2 1 0 3.2049 1
8 116.6119 107.6445 1 4 4 1 1 1.8928 1
8 98.2451 120.4918 1 2 2 1 1 1.0619 1
8 101.5544 85.0108 3 3 2 1 0 2.8349 1
8 132.6607 101.5893 2 4 4 1 1 1.1291 1
8 96.6668 66.6565 1 3 2 1 0 2.4549 1
8 104.6776 56.5007 2 3 2 1 0 1.1563 1
8 107.8802 133.4480 2 2 2 1 1 0.8495 1
8 94.5523 61.3336 1 3 1 1 0 3.4320 1
8 73.9319 114.8849 4 1 2 1 0 3.1480 1
8 86.1985 132.7623 2 2 2 1 1 1.1453 1
8 77.0293 88.6312 1 1 2 1 0 0.6634 1
8 98.9094 143.2802 2 2 2 1 1 1.1774 1
8 117.2038 70.5478 1 3 2 1 0 0.9514 1
8 140.5597 95.9058 2 4 2 1 0 2.2082 1
8 96.2220 119.3550 1 2 4 1 0 21.8003 1
8 118.4548 107.2515 4 4 4 1 1 1.4304 1
8 82.9756 154.2510 2 2 2 1 1 1.7384 1
8 107.7094 136.7320 3 2 2 1 1 12.1346 1
8 149.8503 85.6629 1 4 4 1 1 1.2760 1
8 65.7857 99.0509 4 1 1 1 1 1.6606 1
8 79.8248 110.0313 4 1 2 1 0 1.9111 1
8 130.1129 92.5924 3 4 4 1 1 0.6959 1
8 110.6129 128.7154 4 2 4 1 0 0.4099 1
8 85.5099 78.3823 3 3 3 1 1 0.9972 1
8 136.6960 85.7850 3 4 4 1 1 0.8468 1
8 136.2692 109.1555 1 4 4 1 1 3.9274 1
8 87.4036 103.1563 1 1 2 1 0 1.1598 1
8 91.4105 93.8808 3 3 2 1 0 1.2235 1
8 95.5026 80.5391 2 3 2 1 0 1.5288 1
8 116.2361 104.3239 4 4 2 1 0 3.7130 1
8 131.2149 122.0328 4 4 2 1 0 1.0529 1
8 96.9975 144.9041 3 2 2 1 1 1.0490 1
8 100.2864 72.4270 1 3 1 1 0 2.2604 1
8 139.6484 97.5681 1 4 3 1 0 1.3575 1
8 104.7057 119.4283 3 2 3 1 0 1.2495 1
8 129.3278 121.8224 1 4 3 1 0 1.4266 1
8 77.5715 109.9897 2 1 1 1 1 1.5421 1
8 118.3561 111.6363 3 4 2 1 0 2.5256 1
8 118.5892 107.7876 4 2 3 1 0 0.8286 1
8 107.7403 151.8154 4 2 3 1 0 2.4351 1
8 106.8346 93.8795 3 4 3 1 0 1.1527 1
8 64.7926 86.6726 3 1 1 1 1 1.2315 1
8 90.9195 50.3999 4 3 2 1 0 6.7833 1
8 102.1490 115.6918 1 4 2 1 0 0.9005 1
8 146.6449 104.1139 4 4 4 1 1 1.2444 1
8 94.9160 127.7004 1 2 4 1 0 4.1258 1
8 120.2600 88.8269 1 4 4 1 1 1.0104 1
8 103.0445 133.7577 2 2 4 1 0 0.9079 1
8 109.0030 126.8378 4 2 4 1 0 0.8360 1
8 42.7977 98.7857 1 1 1 1 1 1.0025 1
8 96.0057 70.3104 4 3 2 1 0 1.8615 1
8 90.7604 118.0055 1 2 4 1 0 2.4848 1
8 68.9197 110.3770 4 1 2 1 0 2.5791 1
8 72.0866 111.0079 2 1 2 1 0 2.0828 1
8 130.3035 108.1081 1 4 2 1 0 1.3514 1
8 95.3532 130.8562 4 2 2 1 1 11.4178 1
8 113.0652 114.0933 1 2 2 1 1 15.6298 1
8 56.4131 94.2644 2 1 2 1 0 0.5834 1
8 111.7934 125.1150 2 2 2 1 1 3.9758 1
8 115.0339 82.6380 1 3 2 1 0 8.9069 1
8 127.1002 108.3619 3 4 2 1 0 0.9471 1
8 102.0468 85.1780 2 3 2 1 0 0.8922 1
8 90.5905 64.5018 3 1 2 1 0 1.3322 1
8 105.8389 59.3266 3 3 2 1 0 1.0143 1
8 87.7432 121.7098 3 2 2 1 1 0.9926 1
8 131.4001 98.8049 4 4 2 1 0 1.0357 1
8 104.5617 56.6949 3 3 2 1 0 0.5674 1
8 69.8300 103.9540 4 1 2 1 0 0.9843 1
8 71.8123 78.3524 2 1 1 1 1 1.1702 1
8 96.4923 64.0008 2 3 2 1 0 1.4258 1
8 63.4817 91.5669 1 1 1 1 1 0.9986 1
8 103.5668 102.0057 4 2 1 1 0 0.6255 1
8 73.6712 95.8782 3 1 1 1 1 0.4195 1
8 91.8422 58.5898 2 3 1 1 0 0.5295 1
9 98.5304 129.2492 2 2 3 1 0 1.0689 1
9 124.8026 92.4396 4 4 5 1 0 0.5425 1
9 112.8350 144.2134 3 2 3 1 0 0.4439 1
9 70.7976 95.5266 4 1 2 1 0 0.7727 1
9 100.6883 64.5680 3 3 3 1 1 1.3984 1
9 90.6607 114.7931 1 2 5 1 0 0.7280 1
9 74.0931 102.4500 1 1 3 1 0 0.4570 1
9 101.9112 68.7101 1 3 4 1 0 0.8840 1
9 79.8961 81.1035 1 3 3 1 1 0.6329 1
9 77.8577 103.2591 3 1 3 1 0 0.6317 1
9 138.9077 109.0262 2 4 5 1 0 0.7432 1
9 68.8092 92.9212 1 1 4 1 0 0.6809 1
9 94.9339 58.1167 1 3 3 1 1 0.5692 1
9 87.6885 64.6841 1 3 3 1 1 0.6777 1
9 69.9645 86.5683 2 1 2 1 0 0.6460 1
9 105.9102 134.8433 1 2 5 1 0 0.7899 1
9 123.6157 140.5805 3 2 5 1 0 0.6640 1
9 135.3313 94.3023 1 4 5 1 0 0.5828 1
9 122.2716 97.8254 2 4 5 1 0 0.6601 1
9 125.7579 107.7674 4 4 5 1 0 0.7701 1
9 136.6877 95.0447 2 4 5 1 0 0.5959 1
9 100.6615 138.9520 1 2 5 1 0 0.6891 1
9 116.7106 100.2723 3 4 3 1 0 0.9615 1
9 109.8880 115.3438 4 2 4 1 0 0.7270 1
9 107.2509 127.7588 3 2 5 1 0 0.6472 1
9 101.4158 66.0176 4 3 4 1 0 0.8381 1
9 99.8686 69.5788 3 3 4 1 0 0.6175 1
9 135.4754 103.0953 4 4 5 1 0 3.3681 1
9 59.6690 94.7477 1 1 2 1 0 0.6306 1
9 94.5580 127.3204 2 2 5 1 0 0.5486 1
9 97.1936 128.5897 2 2 3 1 0 0.8187 1
9 69.5087 113.4943 1 1 2 1 0 1.1595 1
9 94.2845 48.6109 1 3 3 1 1 1.4278 1
9 70.9801 97.4984 3 1 3 1 0 0.4547 1
9 132.9935 87.5063 3 4 5 1 0 0.6105 1
9 65.6660 89.5178 3 1 2 1 0 0.5614 1
9 59.3703 85.0339 1 1 3 1 0 0.4473 1
9 97.8026 130.4800 2 2 5 1 0 0.6809 1
9 124.5032 100.2541 4 4 4 1 1 1.5596 1
9 66.1732 98.4152 2 1 2 1 0 1.1965 1
9 108.1576 121.1709 4 2 3 1 0 0.8725 1
9 98.2988 66.6219 1 3 3 1 1 0.7805 1
9 63.6886 99.3253 2 1 2 1 0 0.8637 1
9 77.5306 86.0670 1 1 2 1 0 0.9325 1
9 68.4902 100.3769 1 1 2 1 0 0.8901 1
9 133.6930 86.1741 3 4 5 1 0 1.2309 1
9 84.3642 77.5642 2 3 4 1 0 0.7158 1
9 90.7955 75.5635 2 3 2 1 0 0.7321 1
9 107.5802 141.2795 1 2 5 1 0 0.5892 1
9 90.7772 75.4578 2 3 3 1 1 1.3071 1
