1 150.6347 101.2032 4 3 0 0 12.4040 0 1 0 0.0000 0.0000
1 90.9948 70.2116 3 1 0 0 6.3131 0 1 0 0.0000 0.0000
1 81.4458 97.6135 1 2 0 0 3.7350 0 1 0 0.0000 0.0000
1 79.3083 92.6669 1 3 0 0 4.8288 0 1 0 0.0000 0.0000
1 131.9209 123.1288 4 4 0 1 2.3289 1 1 0 0.0000 0.0000
1 94.8067 71.0829 3 1 0 0 2.5788 0 1 0 0.0000 0.0000
1 103.9174 117.3660 2 3 0 0 1.6884 0 1 0 0.0000 0.0000
1 109.0030 126.8378 2 4 0 0 1.7664 0 1 0 0.0000 0.0000
1 107.4892 144.6437 2 3 0 0 3.4383 0 1 0 0.0000 0.0000
1 75.9614 119.5233 1 2 0 0 1.4539 0 1 0 0.0000 0.0000
1 108.7611 66.5369 3 3 0 1 1.7197 1 1 0 0.0000 0.0000
1 90.7274 115.0446 2 1 0 0 2.2038 0 1 0 0.0000 0.0000
1 137.0168 95.2159 4 4 0 1 1.7820 1 1 0 0.0000 0.0000
1 131.8167 93.1313 4 4 0 1 0.9383 1 1 0 0.0000 0.0000
1 123.0373 92.7710 4 4 0 1 2.2975 1 1 0 0.0000 0.0000
1 74.1195 99.1445 1 2 0 0 2.6882 0 1 0 0.0000 0.0000
1 99.8741 116.0471 2 3 0 0 3.6411 0 1 0 0.0000 0.0000
1 109.2990 94.7243 4 4 0 1 1.0790 1 1 0 0.0000 0.0000
1 63.4358 97.9667 1 2 0 0 1.2819 0 1 0 0.0000 0.0000
1 143.6140 95.9601 4 4 0 1 1.1724 1 1 0 0.0000 0.0000
1 79.5622 79.5091 3 1 0 0 0.9382 0 1 0 0.0000 0.0000
1 115.6346 88.5311 3 4 0 0 0.6412 0 1 0 0.0000 0.0000
1 107.7403 151.8154 2 3 0 0 1.5007 0 1 0 0.0000 0.0000
1 142.5256 91.5844 4 4 0 1 1.5009 1 1 0 0.0000 0.0000
1 107.9136 64.3814 3 2 0 0 2.2039 0 1 0 0.0000 0.0000
1 78.1628 109.6438 1 1 0 1 2.2350 1 1 0 0.0000 0.0000
1 63.6886 99.3253 1 3 0 0 1.7352 0 1 0 0.0000 0.0000
1 105.6702 73.1600 3 1 0 0 1.7506 0 1 0 0.0000 0.0000
1 107.7221 122.8525 2 4 0 0 3.2196 0 1 0 0.0000 0.0000
1 95.8101 77.8261 3 1 0 0 1.0944 0 1 0 0.0000 0.0000
1 69.6821 91.3549 1 2 0 0 1.7975 0 1 0 0.0000 0.0000
1 109.8880 115.3438 2 3 0 0 1.5162 0 1 0 0.0000 0.0000
1 124.0902 118.9130 4 4 0 1 1.7819 1 1 0 0.0000 0.0000
1 88.9110 106.8961 1 3 0 0 2.2977 0 1 0 0.0000 0.0000
1 83.6900 97.7592 1 1 0 1 2.6726 1 1 0 0.0000 0.0000
1 116.9842 121.0366 4 4 0 1 1.7192 1 1 0 0.0000 0.0000
1 81.6602 102.3989 1 3 0 0 1.5946 0 1 0 0.0000 0.0000
1 136.6877 95.0447 4 4 0 1 2.1883 1 1 0 0.0000 0.0000
1 104.9014 118.6219 2 3 0 0 2.5473 0 1 0 0.0000 0.0000
1 72.1357 96.4958 1 1 0 1 1.1726 1 1 0 0.0000 0.0000
1 123.1581 86.3214 3 4 0 0 1.4693 0 1 0 0.0000 0.0000
1 95.6356 122.0070 2 2 0 1 3.3133 1 1 0 0.0000 0.0000
1 127.8129 85.9738 4 4 0 1 5.8597 1 1 0 0.0000 0.0000
1 90.7604 118.0055 2 2 0 1 4.3288 1 1 0 0.0000 0.0000
1 95.4788 69.3943 3 3 0 1 3.5945 1 1 0 0.0000 0.0000
1 135.8998 87.2633 4 4 0 1 1.6254 1 1 0 0.0000 0.0000
1 109.9944 128.7132 2 1 0 0 3.4225 0 1 0 0.0000 0.0000
1 128.0954 100.7774 4 4 0 1 1.5789 1 1 0 0.0000 0.0000
1 101.5874 128.6738 2 1 0 0 3.9849 0 1 0 0.0000 0.0000
1 100.2628 126.5816 2 2 0 1 1.5477 1 1 0 0.0000 0.0000
1 101.7707 60.4127 3 3 0 1 1.7194 1 1 0 0.0000 0.0000
1 99.0396 118.4244 2 2 0 1 1.5475 1 1 0 0.0000 0.0000
1 110.5923 67.3542 3 3 0 1 3.7665 1 1 0 0.0000 0.0000
1 126.8054 79.3947 4 4 0 1 2.8757 1 1 0 0.0000 0.0000
1 99.0352 89.4037 3 2 0 0 5.0633 0 1 0 0.0000 0.0000
1 71.1848 108.2609 1 1 0 1 1.7976 1 1 0 0.0000 0.0000
1 95.5324 124.7046 2 4 0 0 7.1414 0 1 0 0.0000 0.0000
1 124.8026 92.4396 4 4 0 1 1.1100 1 1 0 0.0000 0.0000
1 118.1874 104.7384 4 4 0 1 0.9068 1 1 0 0.0000 0.0000
1 135.4754 103.0953 4 4 0 1 0.7659 1 1 0 0.0000 0.0000
1 105.0474 72.4231 3 3 0 1 1.0475 1 1 0 0.0000 0.0000
1 99.5317 110.2907 2 3 0 0 1.2039 0 1 0 0.0000 0.0000
1 69.4482 106.4665 1 1 0 1 1.2507 1 1 0 0.0000 0.0000
1 107.4894 67.7759 3 3 0 1 2.7822 1 1 0 0.0000 0.0000
1 103.5842 78.5183 3 2 0 0 3.6414 0 1 0 0.0000 0.0000
1 111.1747 126.9010 2 4 0 0 3.0474 0 1 0 0.0000 0.0000
1 109.4130 86.6045 3 2 0 0 1.9381 0 1 0 0.0000 0.0000
1 85.2607 84.4604 1 2 0 0 3.1257 0 1 0 0.0000 0.0000
1 100.7278 116.5772 2 2 0 1 2.5320 1 1 0 0.0000 0.0000
1 62.3993 88.2892 1 1 0 1 1.7819 1 1 0 0.0000 0.0000
1 82.0931 84.7054 1 1 0 1 0.8287 1 1 0 0.0000 0.0000
1 121.9180 85.3120 4 4 0 1 4.0006 1 1 0 0.0000 0.0000
1 121.8181 81.1996 4 4 0 1 1.3600 1 1 0 0.0000 0.0000
1 119.8556 94.2118 4 4 0 1 0.7818 1 1 0 0.0000 0.0000
1 85.6089 129.0267 2 2 0 1 4.7975 1 1 0 0.0000 0.0000
1 71.8123 78.3524 1 1 0 1 0.9536 1 1 0 0.0000 0.0000
1 108.1576 121.1709 2 4 0 0 3.2976 0 1 0 0.0000 0.0000
1 66.6809 92.0205 1 1 0 1 2.5476 1 1 0 0.0000 0.0000
1 107.6564 76.9826 3 2 0 0 5.2817 0 1 0 0.0000 0.0000
1 87.4036 103.1563 1 2 0 0 2.0008 0 1 0 0.0000 0.0000
1 97.6917 64.1212 3 3 0 1 1.5946 1 1 0 0.0000 0.0000
1 147.2658 83.1370 4 4 0 1 1.4539 1 1 0 0.0000 0.0000
1 91.5616 71.1302 3 3 0 1 2.2349 1 1 0 0.0000 0.0000
1 67.2599 96.2754 1 1 0 1 1.1099 1 1 0 0.0000 0.0000
1 97.3913 130.7559 2 2 0 1 4.6570 1 1 0 0.0000 0.0000
1 116.8181 91.3350 3 2 0 0 3.1257 0 1 0 0.0000 0.0000
1 69.9645 86.5683 1 1 0 1 1.4070 1 1 0 0.0000 0.0000
1 99.8400 81.4098 3 2 0 0 2.1725 0 1 0 0.0000 0.0000
1 132.7079 98.4518 4 4 0 1 1.7507 1 1 0 0.0000 0.0000
1 90.4904 90.7713 1 3 0 0 1.4694 0 1 0 0.0000 0.0000
1 77.6529 103.1860 1 1 0 1 1.2194 1 1 0 0.0000 0.0000
1 134.5390 105.2827 4 4 0 1 1.3445 1 1 0 0.0000 0.0000
1 113.2000 100.1867 4 4 0 1 2.7509 1 1 0 0.0000 0.0000
1 101.5544 85.0108 3 4 0 0 0.6724 0 1 0 0.0000 0.0000
1 91.9586 81.3687 3 2 0 0 1.7662 0 1 0 0.0000 0.0000
1 98.9164 142.1705 2 2 0 1 3.2820 1 1 0 0.0000 0.0000
1 113.0652 114.0933 2 2 0 1 1.1726 1 1 0 0.0000 0.0000
1 66.3930 108.7872 1 1 0 1 0.9695 1 1 0 0.0000 0.0000
1 100.3058 142.8041 2 2 0 1 0.7819 1 1 0 0.0000 0.0000
1 115.0339 82.6380 3 4 0 0 3.6726 0 1 0 0.0000 0.0000
2 64.0133 119.6554 1 1 0 1 2.6255 1 1 0 0.0000 0.0000
2 106.5451 94.5860 4 3 0 0 3.2195 0 1 0 0.0000 0.0000
2 69.1136 108.5233 1 1 0 1 0.9851 1 1 0 0.0000 0.0000
2 77.0563 105.1720 1 1 0 1 1.5319 1 1 0 0.0000 0.0000
2 96.4990 80.8376 3 3 0 1 1.5788 1 1 0 0.0000 0.0000
2 112.9909 56.6666 3 4 0 0 2.8758 0 1 0 0.0000 0.0000
2 103.3200 134.0606 2 4 0 0 1.7506 0 1 0 0.0000 0.0000
2 124.6191 98.2480 4 4 0 1 1.0476 1 1 0 0.0000 0.0000
2 98.4903 82.6266 3 4 0 0 3.7820 0 1 0 0.0000 0.0000
2 129.4991 98.6783 4 4 0 1 0.9850 1 1 0 0.0000 0.0000
2 94.9339 58.1167 3 3 0 1 1.2976 1 1 0 0.0000 0.0000
2 134.6526 106.7230 4 4 0 1 1.0632 1 1 0 0.0000 0.0000
2 64.4410 99.6203 1 1 0 1 1.8288 1 1 0 0.0000 0.0000
2 116.9702 92.0839 4 2 0 0 2.3445 0 1 0 0.0000 0.0000
2 113.3941 91.5610 4 4 0 1 3.4226 1 1 0 0.0000 0.0000
2 98.2208 65.4573 3 3 0 1 4.2974 1 1 0 0.0000 0.0000
2 85.7585 122.9180 2 1 0 0 4.0163 0 1 0 0.0000 0.0000
2 117.0446 134.5159 2 4 0 0 1.4226 0 1 0 0.0000 0.0000
2 144.1202 106.3873 4 4 0 1 0.7195 1 1 0 0.0000 0.0000
2 93.0651 64.7039 3 3 0 1 1.3132 1 1 0 0.0000 0.0000
2 77.9282 100.4959 1 1 0 1 2.0321 1 1 0 0.0000 0.0000
2 110.7196 116.0871 2 4 0 0 3.8130 0 1 0 0.0000 0.0000
2 111.3216 66.9400 3 3 0 1 1.4228 1 1 0 0.0000 0.0000
2 98.8722 73.9907 3 3 0 1 7.5161 1 1 0 0.0000 0.0000
2 103.7433 91.3476 4 3 0 0 4.3757 0 1 0 0.0000 0.0000
2 81.7712 111.1103 1 1 0 1 3.6568 1 1 0 0.0000 0.0000
2 103.2945 76.8177 3 1 0 0 1.3132 0 1 0 0.0000 0.0000
2 136.6960 85.7850 4 4 0 1 2.4694 1 1 0 0.0000 0.0000
2 76.2416 107.6445 1 1 0 1 1.9694 1 1 0 0.0000 0.0000
2 133.9920 82.4607 4 4 0 1 1.4536 1 1 0 0.0000 0.0000
2 63.4817 91.5669 1 1 0 1 0.7037 1 1 0 0.0000 0.0000
2 132.7261 92.5790 4 4 0 1 0.7661 1 1 0 0.0000 0.0000
2 129.6642 100.7962 4 4 0 1 0.7038 1 1 0 0.0000 0.0000
2 131.6035 100.0489 4 4 0 1 0.5632 1 1 0 0.0000 0.0000
2 110.7191 120.0225 2 4 0 0 1.7197 0 1 0 0.0000 0.0000
2 61.9010 110.7270 1 1 0 1 0.7349 1 1 0 0.0000 0.0000
2 110.0655 62.6440 3 4 0 0 0.6412 0 1 0 0.0000 0.0000
2 65.5803 106.6743 1 1 0 1 0.9069 1 1 0 0.0000 0.0000
2 123.6157 140.5805 2 4 0 0 2.7039 0 1 0 0.0000 0.0000
2 56.5795 97.8917 1 1 0 1 0.7196 1 1 0 0.0000 0.0000
2 81.3666 54.0435 3 3 0 1 1.8131 1 1 0 0.0000 0.0000
2 98.4089 50.5345 3 3 0 1 0.7195 1 1 0 0.0000 0.0000
2 104.9786 107.9879 2 4 0 0 3.0319 0 1 0 0.0000 0.0000
2 101.5459 83.4905 3 4 0 0 2.5008 0 1 0 0.0000 0.0000
2 148.4004 105.7397 4 4 0 1 1.0318 1 1 0 0.0000 0.0000
2 79.9215 80.1434 1 1 0 1 2.7664 1 1 0 0.0000 0.0000
2 63.2691 104.2814 1 1 0 1 0.7975 1 1 0 0.0000 0.0000
2 99.2808 114.3206 2 1 0 0 1.6884 0 1 0 0.0000 0.0000
2 133.5661 96.3853 4 4 0 1 0.8134 1 1 0 0.0000 0.0000
2 84.6467 111.4268 1 2 0 0 4.3913 0 1 0 0.0000 0.0000
2 77.5306 86.0670 1 1 0 1 4.0164 1 1 0 0.0000 0.0000
2 105.2155 124.7106 2 2 0 1 3.5164 1 1 0 0.0000 0.0000
2 104.7658 137.1957 2 2 0 1 1.5477 1 1 0 0.0000 0.0000
2 74.4528 101.6761 1 1 0 1 1.1413 1 1 0 0.0000 0.0000
2 108.7283 146.0765 2 2 0 1 9.4224 1 1 0 0.0000 0.0000
2 122.2716 97.8254 4 2 0 0 2.0478 0 1 0 0.0000 0.0000
2 100.6615 138.9520 2 4 0 0 1.1570 0 1 0 0.0000 0.0000
2 97.1936 128.5897 2 2 0 1 1.7195 1 1 0 0.0000 0.0000
2 114.5423 65.2524 3 2 0 0 2.2038 0 1 0 0.0000 0.0000
2 105.2905 110.1930 2 2 0 1 2.4539 1 1 0 0.0000 0.0000
2 129.2137 95.3005 4 4 0 1 1.8131 1 1 0 0.0000 0.0000
2 62.6681 107.7355 1 1 0 1 0.9691 1 1 0 0.0000 0.0000
2 68.2180 104.2906 1 1 0 1 0.9850 1 1 0 0.0000 0.0000
2 137.3462 113.9915 4 4 0 1 3.1882 1 1 0 0.0000 0.0000
2 104.7584 57.8152 3 3 0 1 1.5945 1 1 0 0.0000 0.0000
2 107.5802 141.2795 2 2 0 1 4.6881 1 1 0 0.0000 0.0000
2 83.2440 87.2348 3 1 0 0 7.3286 0 1 0 0.0000 0.0000
2 90.2395 128.2253 2 2 0 1 3.8289 1 1 0 0.0000 0.0000
2 99.7772 123.8030 2 2 0 1 0.8132 1 1 0 0.0000 0.0000
2 76.8107 106.3702 1 1 0 1 2.5163 1 1 0 0.0000 0.0000
2 39.4733 74.9602 1 1 0 1 0.5475 1 1 0 0.0000 0.0000
2 99.5780 137.4124 2 2 0 1 2.2039 1 1 0 0.0000 0.0000
2 128.9701 121.7062 4 4 0 1 1.2821 1 1 0 0.0000 0.0000
2 103.4156 75.8864 3 3 0 1 1.2037 1 1 0 0.0000 0.0000
2 74.4056 94.8732 1 1 0 1 1.5008 1 1 0 0.0000 0.0000
2 91.6651 129.7944 2 2 0 1 0.7821 1 1 0 0.0000 0.0000
2 99.3557 122.9250 2 2 0 1 5.1884 1 1 0 0.0000 0.0000
2 134.8970 112.8241 4 4 0 1 0.7196 1 1 0 0.0000 0.0000
2 108.6715 117.6680 2 4 0 0 1.2977 0 1 0 0.0000 0.0000
2 73.9319 114.8849 1 1 0 1 0.8913 1 1 0 0.0000 0.0000
2 103.0627 66.6268 3 3 0 1 0.9070 1 1 0 0.0000 0.0000
2 101.7032 60.1956 3 3 0 1 0.8914 1 1 0 0.0000 0.0000
2 55.9682 101.5119 1 1 0 1 0.6733 1 1 0 0.0000 0.0000
2 137.0804 110.1187 4 4 0 1 1.6882 1 1 0 0.0000 0.0000
2 104.8871 113.3817 2 2 0 1 2.6100 1 1 0 0.0000 0.0000
2 116.7455 95.2483 4 4 0 1 1.0945 1 1 0 0.0000 0.0000
2 124.1812 129.4869 4 4 0 1 0.7350 1 1 0 0.0000 0.0000
2 115.3325 116.7625 2 4 0 0 0.9851 0 1 0 0.0000 0.0000
2 109.5893 66.1443 3 3 0 1 1.5788 1 1 0 0.0000 0.0000
2 86.0869 61.6301 3 3 0 1 3.6735 1 1 0 0.0000 0.0000
2 79.9131 104.8711 1 1 0 1 1.9391 1 1 0 0.0000 0.0000
2 137.0833 98.5415 4 4 0 1 1.2040 1 1 0 0.0000 0.0000
2 98.9094 143.2802 2 2 0 1 2.0946 1 1 0 0.0000 0.0000
2 118.3561 111.6363 4 2 0 0 18.5318 0 1 0 0.0000 0.0000
2 90.9195 50.3999 3 3 0 1 1.1568 1 1 0 0.0000 0.0000
2 101.0772 80.8251 3 3 0 1 4.0164 1 1 0 0.0000 0.0000
2 77.0293 88.6312 1 1 0 1 0.8288 1 1 0 0.0000 0.0000
2 88.9286 109.5578 2 2 0 1 6.4382 1 1 0 0.0000 0.0000
2 107.7046 80.5418 3 2 0 0 0.9225 0 1 0 0.0000 0.0000
2 92.9690 69.1337 3 3 0 1 1.2976 1 1 0 0.0000 0.0000
3 118.0005 110.7687 4 4 0 1 9.5628 1 1 0 0.0000 0.0000
3 117.3649 99.6703 4 4 0 1 0.7037 1 1 0 0.0000 0.0000
3 93.3553 104.9840 1 2 0 0 2.2975 0 1 0 0.0000 0.0000
3 97.3481 129.1895 2 2 0 1 3.3132 1 1 0 0.0000 0.0000
3 138.1050 78.6352 4 3 0 0 1.3445 0 1 0 0.0000 0.0000
3 101.6947 71.4132 3 3 0 1 1.3289 1 1 0 0.0000 0.0000
3 120.2365 105.3651 4 4 0 1 1.0790 1 1 0 0.0000 0.0000
3 90.9566 126.3451 2 2 0 1 1.9227 1 1 0 0.0000 0.0000
3 95.8491 76.6500 3 3 0 1 1.8133 1 1 0 0.0000 0.0000
3 94.1610 140.3225 2 4 0 0 4.5164 0 1 0 0.0000 0.0000
3 69.8536 99.2167 1 1 0 1 0.9225 1 1 0 0.0000 0.0000
3 124.5032 100.2541 4 4 0 1 0.7037 1 1 0 0.0000 0.0000
3 103.6137 74.1008 3 3 0 1 1.2662 1 1 0 0.0000 0.0000
3 106.9555 129.7324 2 2 0 1 2.0945 1 1 0 0.0000 0.0000
3 111.1212 118.3085 4 2 0 0 0.7195 0 1 0 0.0000 0.0000
3 70.7976 95.5266 1 1 0 1 0.9069 1 1 0 0.0000 0.0000
3 126.4884 92.9181 4 4 0 1 4.6413 1 1 0 0.0000 0.0000
3 114.5281 61.5265 3 3 0 1 1.2507 1 1 0 0.0000 0.0000
3 91.8763 91.1651 1 2 0 0 4.3443 0 1 0 0.0000 0.0000
3 113.3018 55.9921 3 3 0 1 0.9539 1 1 0 0.0000 0.0000
3 87.6885 64.6841 3 3 0 1 2.6882 1 1 0 0.0000 0.0000
3 133.3841 95.1198 4 4 0 1 1.4851 1 1 0 0.0000 0.0000
3 68.9197 110.3770 1 1 0 1 1.1101 1 1 0 0.0000 0.0000
3 103.8216 160.6784 2 2 0 1 1.5790 1 1 0 0.0000 0.0000
3 133.6609 106.8919 4 4 0 1 1.4381 1 1 0 0.0000 0.0000
3 113.6511 134.4659 2 2 0 1 1.7820 1 1 0 0.0000 0.0000
3 96.9975 144.9041 2 2 0 1 2.0476 1 1 0 0.0000 0.0000
3 96.1417 70.8354 3 3 0 1 1.0319 1 1 0 0.0000 0.0000
3 67.0555 109.5032 1 1 0 1 1.1256 1 1 0 0.0000 0.0000
3 129.4118 107.4261 4 4 0 1 1.6726 1 1 0 0.0000 0.0000
3 71.0679 87.6457 1 1 0 1 0.9383 1 1 0 0.0000 0.0000
3 65.2252 109.4380 1 1 0 1 1.0948 1 1 0 0.0000 0.0000
3 140.1412 112.9269 4 4 0 1 1.3131 1 1 0 0.0000 0.0000
3 96.4548 124.9745 2 2 0 1 1.9381 1 1 0 0.0000 0.0000
3 87.1385 149.7429 2 2 0 1 5.7663 1 1 0 0.0000 0.0000
3 73.2713 112.1859 1 1 0 1 1.1726 1 1 0 0.0000 0.0000
3 106.8019 73.1424 3 3 0 1 0.9226 1 1 0 0.0000 0.0000
3 126.2764 83.8192 4 4 0 1 0.9692 1 1 0 0.0000 0.0000
3 64.8705 105.0281 1 1 0 1 0.9537 1 1 0 0.0000 0.0000
3 91.9884 65.8295 3 3 0 1 1.0634 1 1 0 0.0000 0.0000
3 132.4728 91.2742 4 4 0 1 1.5008 1 1 0 0.0000 0.0000
3 88.7273 138.5179 2 2 0 1 5.6726 1 1 0 0.0000 0.0000
3 103.0445 133.7577 2 2 0 1 4.6882 1 1 0 0.0000 0.0000
3 76.5329 94.4930 1 3 0 0 1.6882 0 1 0 0.0000 0.0000
3 102.0468 85.1780 3 3 0 1 4.1883 1 1 0 0.0000 0.0000
3 101.9013 52.5659 3 3 0 1 0.8601 1 1 0 0.0000 0.0000
3 67.7185 92.3521 1 1 0 1 0.9226 1 1 0 0.0000 0.0000
3 80.1687 102.4136 1 1 0 1 4.4380 1 1 0 0.0000 0.0000
3 149.0769 86.5169 4 4 0 1 1.5633 1 1 0 0.0000 0.0000
3 112.8350 144.2134 2 4 0 0 4.6572 0 1 0 0.0000 0.0000
3 98.0184 84.3762 3 3 0 1 4.6412 1 1 0 0.0000 0.0000
3 86.1985 132.7623 2 2 0 1 4.6259 1 1 0 0.0000 0.0000
3 63.0102 111.5537 1 1 0 1 0.9694 1 1 0 0.0000 0.0000
3 95.1936 94.8259 3 3 0 1 1.7975 1 1 0 0.0000 0.0000
3 75.5032 120.2016 1 1 0 1 1.8753 1 1 0 0.0000 0.0000
3 131.5554 93.7477 4 4 0 1 1.2350 1 1 0 0.0000 0.0000
3 132.6607 101.5893 4 4 0 1 1.0787 1 1 0 0.0000 0.0000
3 108.3587 74.9542 3 3 0 1 1.5008 1 1 0 0.0000 0.0000
3 127.7061 107.1893 4 4 0 1 1.1415 1 1 0 0.0000 0.0000
3 96.1414 112.7962 2 2 0 1 5.4070 1 1 0 0.0000 0.0000
3 92.6224 121.3498 2 2 0 1 0.9382 1 1 0 0.0000 0.0000
3 109.4239 76.8451 3 3 0 1 1.3287 1 1 0 0.0000 0.0000
3 122.0819 84.6832 4 4 0 1 1.1571 1 1 0 0.0000 0.0000
3 94.4599 89.8636 3 3 0 1 8.3600 1 1 0 0.0000 0.0000
3 76.1449 86.4680 1 1 0 1 4.9539 1 1 0 0.0000 0.0000
3 93.8110 81.9111 3 2 0 0 5.6413 0 1 0 0.0000 0.0000
3 71.1379 121.6782 1 1 0 1 4.1099 1 1 0 0.0000 0.0000
3 98.1793 69.0923 3 3 0 1 1.2820 1 1 0 0.0000 0.0000
3 103.5026 142.9016 2 2 0 1 1.5475 1 1 0 0.0000 0.0000
3 96.4913 75.5477 3 3 0 1 0.9226 1 1 0 0.0000 0.0000
3 110.4528 128.4331 2 2 0 1 8.6878 1 1 0 0.0000 0.0000
3 136.5479 103.7805 4 4 0 1 2.0476 1 1 0 0.0000 0.0000
3 63.8999 101.5863 1 1 0 1 1.1258 1 1 0 0.0000 0.0000
3 81.1348 85.8898 1 3 0 0 1.1101 0 1 0 0.0000 0.0000
3 76.4013 95.2955 1 1 0 1 1.0632 1 1 0 0.0000 0.0000
3 136.6421 100.5962 4 4 0 1 1.2351 1 1 0 0.0000 0.0000
3 60.3511 114.3077 1 1 0 1 0.9070 1 1 0 0.0000 0.0000
3 88.9518 121.9229 2 1 0 0 1.2040 0 1 0 0.0000 0.0000
3 100.2872 72.8516 3 3 0 1 1.8914 1 1 0 0.0000 0.0000
3 95.7107 96.6214 1 3 0 0 3.1411 0 1 0 0.0000 0.0000
3 80.6127 64.8003 3 3 0 1 0.9695 1 1 0 0.0000 0.0000
3 103.7841 117.2437 2 2 0 1 3.3914 1 1 0 0.0000 0.0000
3 90.5905 64.5018 1 3 0 0 1.0945 0 1 0 0.0000 0.0000
3 108.8706 89.0201 4 3 0 0 6.5632 0 1 0 0.0000 0.0000
3 87.5448 133.7851 2 2 0 1 1.6571 1 1 0 0.0000 0.0000
3 100.5722 59.0357 3 3 0 1 1.0476 1 1 0 0.0000 0.0000
3 53.2597 97.6524 1 1 0 1 1.0475 1 1 0 0.0000 0.0000
3 140.2754 107.0743 4 4 0 1 4.1257 1 1 0 0.0000 0.0000
3 100.2814 82.6420 3 2 0 0 2.7664 0 1 0 0.0000 0.0000
3 98.2988 66.6219 3 3 0 1 0.8603 1 1 0 0.0000 0.0000
3 103.8039 134.0234 2 2 0 1 2.5479 1 1 0 0.0000 0.0000
3 105.4858 142.3728 2 2 0 1 0.8913 1 1 0 0.0000 0.0000
3 125.8238 82.1636 4 3 0 0 1.2196 0 1 0 0.0000 0.0000
3 138.9301 102.8864 4 4 0 1 1.7194 1 1 0 0.0000 0.0000
3 106.6255 68.2164 3 3 0 1 12.9069 1 1 0 0.0000 0.0000
3 89.8963 132.1882 2 2 0 1 10.8912 1 1 0 0.0000 0.0000
3 68.4902 100.3769 1 1 0 1 1.1101 1 1 0 0.0000 0.0000
3 118.2760 134.3861 2 4 0 0 5.5475 0 1 0 0.0000 0.0000
3 84.9633 129.4892 2 2 0 1 2.5788 1 1 0 0.0000 0.0000
3 112.0955 90.0869 4 2 0 0 3.7040 0 1 0 0.0000 0.0000
4 67.3771 101.2090 1 1 3 1 1.1409 0 0 0 0.0000 0.0000
4 70.1847 112.6640 1 1 3 1 0.6570 0 0 0 0.0000 0.0000
4 136.1951 109.8769 4 4 1 1 1.3601 0 0 0 0.0000 0.0000
4 116.6119 107.6445 4 1 4 0 3.0162 0 0 0 0.0000 0.0000
4 59.6690 94.7477 1 2 4 0 2.3132 0 0 0 0.0000 0.0000
4 87.4933 102.6541 1 3 3 0 4.5788 1 0 0 0.0000 0.0000
4 95.9064 128.1414 2 3 2 0 1.0475 0 0 0 0.0000 0.0000
4 78.0756 96.2654 1 1 3 1 3.6569 0 0 0 0.0000 0.0000
4 101.7649 128.0355 2 3 2 0 1.0161 0 0 0 0.0000 0.0000
4 97.8026 130.4800 2 2 4 1 3.1101 0 0 0 0.0000 0.0000
4 100.2263 73.7651 3 4 1 0 1.3131 0 0 0 0.0000 0.0000
4 78.2270 104.3290 1 1 4 1 4.2194 0 0 0 0.0000 0.0000
4 129.6425 91.9746 4 2 4 0 1.4694 0 0 0 0.0000 0.0000
4 133.6930 86.1741 4 3 1 0 3.8135 0 0 0 0.0000 0.0000
4 74.0738 99.6458 1 3 3 0 1.7976 1 0 0 0.0000 0.0000
4 74.8396 110.4062 1 3 4 0 0.6102 0 0 0 0.0000 0.0000
4 89.4633 121.3259 2 4 3 0 7.1883 0 0 0 0.0000 0.0000
4 104.5617 56.6949 3 3 1 1 3.0943 0 0 0 0.0000 0.0000
4 77.9959 133.3717 2 2 2 1 4.3287 1 0 0 0.0000 0.0000
4 73.6712 95.8782 1 4 1 0 3.5944 0 0 0 0.0000 0.0000
4 78.1565 106.1586 1 4 4 0 1.2351 1 0 0 0.0000 0.0000
4 106.3064 69.9625 3 2 4 0 6.8757 0 0 0 0.0000 0.0000
4 76.3090 94.5660 1 4 2 0 1.5161 0 0 0 0.0000 0.0000
4 101.5083 136.7463 2 3 2 0 8.5944 0 0 0 0.0000 0.0000
4 125.4167 88.3572 4 3 4 0 1.3443 0 0 0 0.0000 0.0000
4 95.0387 77.2566 3 2 4 0 1.7662 0 0 0 0.0000 0.0000
4 77.0428 103.0216 1 2 2 0 0.6569 1 0 0 0.0000 0.0000
4 107.9754 122.2757 2 2 2 1 0.5319 1 0 0 0.0000 0.0000
4 104.5539 75.9852 3 2 3 0 0.7663 0 0 0 0.0000 0.0000
4 103.3680 147.2061 2 2 2 1 3.3993 1 0 0 0.0000 0.0000
4 116.2361 104.3239 4 2 2 0 0.9225 1 0 0 0.0000 0.0000
4 105.3690 62.3515 3 3 3 1 1.8444 1 0 0 0.0000 0.0000
4 109.2279 139.7944 2 2 2 1 5.0163 1 0 0 0.0000 0.0000
4 76.5790 100.0855 1 1 3 1 2.8128 0 0 0 0.0000 0.0000
4 99.8924 122.9074 2 2 1 1 2.4852 0 0 0 0.0000 0.0000
4 92.0560 65.2067 3 3 3 1 1.6570 1 0 0 0.0000 0.0000
4 107.2509 127.7588 2 2 3 1 1.4070 0 0 0 0.0000 0.0000
4 131.3731 96.3049 4 4 2 1 0.7819 0 0 0 0.0000 0.0000
4 63.8414 99.9808 1 1 4 1 1.1725 0 0 0 0.0000 0.0000
4 140.5597 95.9058 4 3 4 0 3.0476 0 0 0 0.0000 0.0000
4 98.4734 67.9758 3 2 1 0 1.1724 0 0 0 0.0000 0.0000
4 64.0041 91.5645 1 2 3 0 2.7195 0 0 0 0.0000 0.0000
4 64.6998 97.2169 1 1 1 1 1.3133 1 0 0 0.0000 0.0000
4 79.3883 101.9495 1 1 4 1 1.0161 0 0 0 0.0000 0.0000
4 86.6962 51.7089 3 3 4 1 1.4069 0 0 0 0.0000 0.0000
4 64.7903 77.3709 1 1 1 1 0.9383 1 0 0 0.0000 0.0000
4 102.1490 115.6918 4 2 1 0 1.2976 0 0 0 0.0000 0.0000
4 121.1033 94.5771 4 2 2 0 0.8913 1 0 0 0.0000 0.0000
4 98.0162 72.5907 3 1 4 0 1.0319 0 0 0 0.0000 0.0000
4 113.7347 110.0741 4 4 4 1 1.0007 1 0 0 0.0000 0.0000
4 111.2919 71.9448 3 4 1 0 0.8132 0 0 0 0.0000 0.0000
4 105.8389 59.3266 3 3 1 1 1.6413 0 0 0 0.0000 0.0000
4 71.7453 107.3721 1 1 1 1 0.5320 1 0 0 0.0000 0.0000
4 92.5923 132.0602 2 1 3 0 1.3755 0 0 0 0.0000 0.0000
4 116.8400 79.5157 3 3 2 1 1.3756 0 0 0 0.0000 0.0000
4 114.2944 103.6657 4 2 1 0 0.6726 0 0 0 0.0000 0.0000
4 109.8450 73.7830 3 2 3 0 2.0787 0 0 0 0.0000 0.0000
4 78.2750 98.0735 1 1 2 1 0.6255 0 0 0 0.0000 0.0000
4 100.4068 124.7725 2 1 3 0 0.5786 0 0 0 0.0000 0.0000
4 90.9880 115.6455 2 3 3 0 0.9540 1 0 0 0.0000 0.0000
4 105.5620 113.2681 2 4 1 0 1.2351 0 0 0 0.0000 0.0000
4 97.2248 74.9069 3 3 3 1 0.9851 1 0 0 0.0000 0.0000
4 136.6758 89.3931 4 3 4 0 0.6255 0 0 0 0.0000 0.0000
4 100.2864 72.4270 3 3 3 1 0.4691 1 0 0 0.0000 0.0000
4 119.7145 97.1257 4 3 3 0 0.5163 1 0 0 0.0000 0.0000
4 122.0531 99.8556 4 3 1 0 0.5788 0 0 0 0.0000 0.0000
4 88.6969 141.3633 2 3 3 0 0.4852 1 0 0 0.0000 0.0000
4 90.4349 136.3736 2 3 2 0 0.8913 0 0 0 0.0000 0.0000
4 143.6517 112.9284 4 4 1 1 1.7973 0 0 0 0.0000 0.0000
4 68.5902 111.2368 1 3 3 0 0.5944 1 0 0 0.0000 0.0000
4 145.5079 105.0925 4 2 3 0 0.5475 0 0 0 0.0000 0.0000
4 122.1071 98.6297 4 1 4 0 0.4383 0 0 0 0.0000 0.0000
4 103.3426 114.0996 2 2 1 1 0.6261 0 0 0 0.0000 0.0000
4 119.9412 80.9812 3 2 1 0 0.5163 0 0 0 0.0000 0.0000
4 111.8529 106.1376 4 3 4 0 0.3758 0 0 0 0.0000 0.0000
4 82.9756 154.2510 2 3 2 0 0.9381 0 0 0 0.0000 0.0000
4 125.3602 108.8345 4 4 1 1 0.0789 0 0 0 0.0000 0.0000
4 97.0638 60.2841 3 1 4 0 0.2975 0 0 0 0.0000 0.0000
4 111.1157 67.1623 3 2 2 0 0.5321 1 0 0 0.0000 0.0000
4 64.8654 97.4523 1 2 1 0 0.6569 0 0 0 0.0000 0.0000
4 102.7899 116.4195 2 2 2 1 0.6412 1 0 0 0.0000 0.0000
4 113.7865 95.2948 3 4 3 0 0.5633 0 0 0 0.0000 0.0000
4 69.6587 95.3935 1 1 3 1 0.8131 0 0 0 0.0000 0.0000
4 132.5168 79.3665 4 2 4 0 0.3444 0 0 0 0.0000 0.0000
4 86.3785 114.4504 1 3 3 0 0.5635 1 0 0 0.0000 0.0000
4 97.5037 109.7229 2 3 2 0 0.3447 0 0 0 0.0000 0.0000
4 107.8462 71.1292 3 2 2 0 0.7664 1 0 0 0.0000 0.0000
4 143.8585 102.7132 4 4 1 1 0.8756 0 0 0 0.0000 0.0000
4 81.9811 122.2044 2 2 1 1 0.3446 0 0 0 0.0000 0.0000
4 94.5967 82.4114 3 1 1 0 0.0165 1 0 0 0.0000 0.0000
4 84.3642 77.5642 3 1 4 0 0.0320 0 0 0 0.0000 0.0000
4 100.4535 75.4099 3 3 2 1 0.0794 0 0 0 0.0000 0.0000
4 94.3484 71.3368 3 4 2 0 0.3600 0 0 0 0.0000 0.0000
4 106.9334 125.3360 2 3 4 0 0.0321 0 0 0 0.0000 0.0000
4 95.0812 129.7580 2 2 3 1 0.0947 0 0 0 0.0000 0.0000
4 111.8528 115.5680 2 1 4 0 0.6100 0 0 0 0.0000 0.0000
4 119.6669 98.9626 4 4 2 1 0.4695 0 0 0 0.0000 0.0000
4 133.9500 86.6055 4 3 3 0 0.2818 1 0 0 0.0000 0.0000
4 80.3630 107.5832 1 1 1 1 0.7039 1 0 0 0.0000 0.0000
4 122.8224 101.7694 4 4 1 1 1.4375 0 0 1 5.4834 1.0000
5 68.8092 92.9212 1 3 2 0 3.7039 0 0 1 3.6255 1.0000
5 109.0777 102.4331 4 3 2 0 2.6571 0 0 1 1.8756 1.0000
5 131.7155 99.7142 4 3 4 0 3.4539 0 0 1 2.2192 1.0000
5 81.9795 108.6904 1 3 3 0 3.4384 1 0 1 3.5319 1.0000
5 73.6090 100.0768 1 3 3 0 3.0890 1 0 1 1.2975 1.0000
5 107.6510 124.9763 2 2 3 1 2.0789 0 0 1 1.7193 1.0000
5 103.3468 81.9164 3 3 1 1 1.6728 0 0 1 1.2347 1.0000
5 88.9087 58.4290 3 3 2 1 3.1571 0 0 1 1.4849 1.0000
5 77.5715 109.9897 1 3 4 0 0.8914 0 0 1 1.9224 1.0000
5 146.5705 88.5627 4 3 4 0 0.7820 0 0 1 3.3754 1.0000
5 121.3137 98.8788 4 3 3 0 0.6414 1 0 1 2.1991 1.0000
5 93.2724 118.2552 2 3 1 0 3.2353 0 0 1 2.2663 1.0000
5 129.2654 80.7698 4 3 2 0 0.9228 0 0 1 0.6880 1.0000
5 72.0866 111.0079 1 3 4 0 0.4226 0 0 1 0.8912 1.0000
5 95.8447 83.3202 3 3 2 1 0.8758 0 0 1 0.6101 1.0000
5 131.2149 122.0328 4 3 3 0 0.8445 1 0 1 3.5316 1.0000
5 92.9179 131.8423 2 3 1 0 0.8602 0 0 1 0.9694 1.0000
5 101.3815 73.0170 3 3 3 1 0.9695 1 0 1 0.9693 1.0000
5 104.1968 141.2735 2 3 3 0 1.1727 1 0 1 1.5789 1.0000
5 94.9160 127.7004 2 3 1 0 1.1570 0 0 1 0.9225 1.0000
5 119.7651 117.6533 2 3 2 0 0.6727 0 0 1 0.6413 1.0000
5 107.2683 82.1691 3 3 1 1 1.3756 0 0 1 2.6727 1.0000
5 124.7199 97.3623 4 3 3 0 0.5320 1 0 1 1.1413 1.0000
5 110.4242 97.2032 4 3 1 0 0.6727 0 0 1 0.7818 1.0000
5 100.9880 121.5908 2 3 2 0 0.8601 0 0 1 1.0162 1.0000
5 65.6660 89.5178 1 3 1 0 0.3288 0 0 0 1.1725 0.9630
5 94.4389 74.6188 3 3 3 1 0.8134 1 0 1 0.9534 0.9643
5 104.0930 67.8945 3 3 2 1 1.5009 0 0 1 1.0162 0.9655
5 105.3469 62.1127 3 3 4 1 1.3603 0 0 1 1.1238 0.9667
5 95.9898 78.3730 3 3 4 1 1.0009 0 0 1 0.4381 0.9677
5 119.2084 107.1740 4 3 1 0 0.8134 0 0 1 0.7193 0.9688
5 130.1129 92.5924 4 3 2 0 0.6728 0 0 1 0.5005 0.9697
5 94.9039 108.7768 2 3 4 0 0.6570 0 0 1 0.4694 0.9706
5 113.1897 81.5377 4 3 2 0 0.7352 0 0 1 0.9694 0.9714
5 63.6398 102.4741 1 3 2 0 0.9539 0 0 1 0.6413 0.9722
5 75.8624 81.3255 1 3 1 0 0.8289 0 0 1 1.1412 0.9730
5 136.6643 105.0332 4 3 2 0 0.7038 0 0 1 0.8913 0.9737
5 134.6237 92.0509 4 3 2 0 0.8601 0 0 1 0.7662 0.9744
5 127.0373 102.5313 4 3 3 0 0.5787 1 0 1 1.4379 0.9750
5 95.3532 130.8562 2 3 1 0 0.5630 0 0 1 1.2975 0.9756
5 75.7972 136.1125 2 3 2 0 0.6104 0 0 1 0.7037 0.9762
5 150.1976 102.3980 4 3 1 0 1.0164 0 0 1 0.6100 0.9767
5 131.9336 115.7457 4 3 4 0 1.1728 0 0 1 1.4693 0.9773
5 67.0568 102.8144 1 3 2 0 1.5945 0 0 0 0.8755 0.9556
5 124.5032 78.1772 4 3 2 0 1.2980 0 0 0 0.9381 0.9348
5 66.1666 70.6993 1 3 2 0 0.8602 0 0 1 1.3913 0.9362
5 64.1784 95.8536 1 3 4 0 1.7508 0 0 1 0.8130 0.9375
5 75.2274 96.2135 1 3 4 0 1.3602 0 0 1 0.7662 0.9388
5 75.6848 119.7178 1 3 1 0 0.8289 0 0 1 1.1723 0.9400
5 82.7276 60.7880 3 3 2 1 0.7821 0 0 1 0.7662 0.9412
5 110.6129 128.7154 2 3 1 0 0.6571 0 0 1 1.0471 0.9423
5 96.8514 93.5220 1 3 3 0 0.5947 1 0 1 1.1255 0.9434
5 59.3703 85.0339 1 3 1 0 0.6883 0 0 1 1.1099 0.9444
5 90.7955 75.5635 3 3 3 1 0.3603 1 0 1 1.6724 0.9455
5 94.3007 69.4132 3 3 4 1 1.1414 0 0 1 0.5629 0.9464
5 128.0394 100.6980 4 3 3 0 0.5634 1 0 1 1.8287 0.9474
5 120.1177 97.7777 4 3 2 0 0.6415 0 0 1 0.9855 0.9483
5 58.4333 101.9441 1 3 1 0 2.3758 0 0 1 0.5788 0.9492
5 101.1555 128.3788 2 3 3 0 0.9384 1 0 0 1.1097 0.9333
5 93.6008 125.3017 2 3 2 0 0.9696 0 0 1 0.9537 0.9344
5 94.8763 128.9719 2 3 2 0 0.9696 0 0 1 1.0476 0.9355
5 91.0872 110.3567 2 3 4 0 0.6570 0 0 1 0.8132 0.9365
5 88.8389 138.9016 2 3 4 0 0.9853 0 0 1 0.6567 0.9375
5 94.2845 48.6109 3 3 2 1 0.8758 0 0 1 1.0162 0.9385
5 56.7195 111.4643 1 3 3 0 0.5945 1 0 1 0.8443 0.9394
5 85.8959 100.2280 1 3 2 0 0.6883 0 0 1 0.8755 0.9403
5 118.5892 107.7876 2 3 4 0 0.5789 0 0 1 0.7038 0.9412
5 95.0873 138.8186 2 3 2 0 1.0789 0 0 1 0.5007 0.9420
5 86.3858 114.7453 1 3 2 0 0.9852 0 0 1 0.6100 0.9429
5 104.6776 56.5007 3 3 4 1 0.3445 0 0 1 0.9380 0.9437
5 56.6860 103.5982 1 3 4 0 0.7507 0 0 1 1.3443 0.9444
5 101.1719 119.2859 2 3 4 0 0.7664 0 0 1 0.9694 0.9452
5 80.5237 83.7751 3 3 1 1 1.0792 0 0 1 0.5630 0.9459
5 121.8793 109.9178 4 3 1 0 0.6102 0 0 1 1.6723 0.9467
5 99.2885 68.1986 3 3 4 1 0.3447 0 0 1 1.0787 0.9474
5 105.3632 117.7025 2 3 4 0 0.8445 0 0 1 1.1568 0.9481
5 95.6192 81.2971 3 3 3 1 0.8446 1 0 1 1.9069 0.9487
5 94.1668 86.3556 3 3 2 1 0.3601 0 0 1 1.0631 0.9494
5 72.9761 91.8513 1 3 3 0 0.4851 1 0 1 0.5944 0.9500
5 64.4745 77.5333 1 3 3 0 0.7195 1 0 1 1.4538 0.9506
5 103.5760 77.8437 3 3 3 1 0.8917 1 0 1 0.8287 0.9512
5 92.5239 112.3685 2 3 2 0 0.7194 0 0 1 0.6880 0.9518
5 120.2600 88.8269 4 3 4 0 1.4851 0 0 1 0.8755 0.9524
5 105.3527 58.0847 3 3 2 1 0.6883 0 0 0 0.5631 0.9412
5 127.2725 101.2891 4 3 3 0 0.9540 1 0 1 0.7350 0.9419
5 49.0672 104.1744 1 3 1 0 0.5321 0 0 1 1.4070 0.9425
5 66.1732 98.4152 1 3 3 0 0.4696 1 0 1 1.0161 0.9432
5 70.5587 113.6624 1 3 1 0 0.4538 0 0 1 0.8599 0.9438
5 111.5165 115.1448 2 3 1 0 0.4696 0 0 1 0.9069 0.9444
5 126.1778 99.7698 4 3 3 0 0.2822 1 0 1 1.6411 0.9451
5 109.2525 147.8820 2 3 3 0 0.7038 1 0 1 0.5630 0.9457
5 100.4483 55.0481 3 3 3 1 0.4694 1 0 1 0.9694 0.9462
5 112.2636 78.2404 3 3 3 1 0.5788 1 0 1 0.4067 0.9468
5 90.2632 82.8812 3 3 3 1 0.3758 1 0 1 0.4224 0.9474
5 127.1002 108.3619 4 3 3 0 0.2977 1 0 1 1.1099 0.9479
5 129.2816 110.8507 4 3 1 0 1.2351 0 0 1 0.7975 0.9485
5 117.5010 78.0190 3 3 1 1 0.4540 0 0 1 1.3442 0.9490
5 101.8316 65.4209 3 3 2 1 0.4539 0 0 1 0.4225 0.9495
5 95.0595 146.4255 2 3 3 0 0.4227 1 0 1 1.2036 0.9500
5 96.2624 137.6255 2 3 4 0 0.5321 0 0 1 1.3132 0.9505
6 120.7779 94.1121 4 3 2 0 0.6102 0 0 1 4.8599 0.9510
6 89.3754 80.2530 3 3 1 1 0.8290 0 0 1 1.1256 0.9515
6 138.7935 110.5281 4 3 2 0 0.5009 0 0 1 1.6413 0.9519
6 100.1946 133.4809 2 3 1 0 0.2506 0 0 1 0.8287 0.9524
6 93.0298 127.9223 2 3 2 0 0.4228 0 0 1 0.9537 0.9528
6 110.8904 77.7991 3 3 4 1 1.3445 0 0 0 2.2977 0.9439
6 98.0288 118.9963 2 3 1 0 0.5008 0 0 1 0.9693 0.9444
6 103.0292 121.9929 2 3 4 0 0.3914 0 0 1 0.7977 0.9450
6 125.0165 87.0374 4 3 1 0 0.6414 0 0 1 1.1257 0.9455
6 94.9933 68.5995 3 3 2 1 0.3603 0 0 1 0.8599 0.9459
6 72.5890 103.3064 1 3 2 0 0.5945 0 0 1 2.5632 0.9464
6 117.2242 127.3864 2 3 3 0 0.3135 1 0 1 0.9068 0.9469
6 136.2692 109.1555 4 3 2 0 0.5008 0 0 1 1.5900 0.9474
6 127.3768 98.4144 4 3 1 0 0.4539 0 0 1 0.5316 0.9478
6 140.9303 83.2723 4 3 3 0 0.0323 1 0 1 1.5474 0.9483
6 82.7853 71.5963 3 3 1 1 0.6414 0 0 1 0.9537 0.9487
6 77.3297 102.7611 1 3 1 0 1.5944 0 0 1 1.7193 0.9492
6 65.6183 91.4331 1 3 1 0 0.3446 0 0 1 0.4379 0.9496
6 125.0520 99.4714 4 3 4 0 0.3290 0 0 1 0.6724 0.9500
6 92.0338 75.2069 3 3 1 1 0.4695 0 0 1 0.8288 0.9504
6 79.8248 110.0313 1 3 3 0 0.5319 1 0 1 0.9224 0.9508
6 132.9753 98.2457 4 3 4 0 0.7508 0 0 1 0.6569 0.9512
6 105.3467 81.1106 3 3 1 1 0.6101 0 0 1 0.8601 0.9516
6 94.4080 49.6970 3 3 2 1 0.2508 0 0 1 0.8756 0.9520
6 136.3717 93.2697 4 3 1 0 0.1571 0 0 1 0.5785 0.9524
6 132.9935 87.5063 4 3 2 0 0.1571 0 0 0 1.5161 0.9449
6 106.3990 126.8403 2 3 4 0 0.4070 0 0 1 0.7818 0.9453
6 67.6983 96.7664 1 3 1 0 0.2040 0 0 1 1.4848 0.9457
6 96.6668 66.6565 3 3 4 1 0.5320 0 0 1 0.6411 0.9462
6 71.3646 100.4742 1 3 2 0 0.2663 0 0 1 2.9848 0.9466
6 133.3195 99.7161 4 3 1 0 1.0481 0 0 1 2.7818 0.9470
6 93.3909 63.3240 3 3 2 1 0.4386 0 0 1 1.2659 0.9474
6 127.7091 94.5345 4 3 4 0 0.3404 0 0 1 1.4222 0.9478
6 71.8706 91.0002 1 3 4 0 0.4384 0 0 1 0.4068 0.9481
6 138.9077 109.0262 4 3 2 0 0.2980 0 0 1 0.9849 0.9485
6 100.1202 137.3844 2 3 4 0 0.3289 0 0 1 1.4694 0.9489
6 65.7857 99.0509 1 3 1 0 2.0008 0 0 0 0.6412 0.9420
6 105.4727 122.0417 2 3 2 0 0.6101 0 0 1 0.8287 0.9424
6 58.3275 73.3529 1 3 2 0 0.4383 0 0 1 0.7507 0.9429
6 71.1468 98.6645 1 3 4 0 0.6572 0 0 1 0.7349 0.9433
6 70.9591 107.6042 1 3 2 0 0.4070 0 0 1 1.4850 0.9437
6 97.8579 128.1863 2 3 3 0 0.3446 1 0 1 0.4380 0.9441
6 111.4199 105.7905 4 3 4 0 0.2196 0 0 1 1.0008 0.9444
6 74.2690 85.7949 1 3 1 0 0.3758 0 0 1 0.5318 0.9448
6 80.3229 104.6976 1 3 1 0 0.3134 0 0 1 0.8441 0.9452
6 88.9937 55.4789 3 3 4 1 0.3290 0 0 1 0.7817 0.9456
6 129.3278 121.8224 4 3 3 0 1.0945 1 0 1 1.4537 0.9459
6 127.5829 95.3633 4 3 3 0 2.1725 1 0 1 0.6880 0.9463
6 103.5668 102.0057 2 3 3 0 0.1570 1 0 1 0.8442 0.9467
6 96.6394 63.9314 3 3 1 1 0.3291 0 0 1 1.5161 0.9470
6 89.9558 64.8627 3 3 3 1 0.3446 1 0 1 0.9849 0.9474
6 110.4730 86.6673 3 3 1 1 0.4070 0 0 1 1.1724 0.9477
6 87.3135 64.0285 3 3 1 1 0.4229 0 0 1 2.1726 0.9481
6 121.4979 110.0468 4 3 3 0 0.3446 1 0 1 1.1566 0.9484
6 61.8078 120.1106 1 3 2 0 0.2821 0 0 1 0.5318 0.9487
6 66.9476 106.2204 1 3 4 0 0.4696 0 0 1 0.7662 0.9490
6 69.5087 113.4943 1 3 3 0 0.3135 1 0 1 1.1570 0.9494
6 72.5069 95.0757 1 3 3 0 0.3449 1 0 1 1.2351 0.9497
6 105.6745 113.8609 2 3 2 0 0.3289 0 0 1 2.2818 0.9500
6 93.3562 125.6489 2 3 2 0 0.2975 0 0 1 2.0319 0.9503
6 123.5913 90.9964 3 3 1 1 0.5945 0 0 1 0.8287 0.9506
6 135.3313 94.3023 4 3 1 0 0.2029 0 0 1 0.8447 0.9509
6 96.1304 74.5303 3 3 3 1 0.6883 1 0 1 0.4694 0.9512
6 104.7419 95.8541 4 3 4 0 0.6728 0 0 1 0.5945 0.9515
6 107.3375 146.0332 2 3 3 0 0.3759 1 0 1 0.7818 0.9518
6 88.6888 98.2993 1 3 3 0 0.3133 1 0 1 1.1100 0.9521
6 85.6290 129.7241 2 3 4 0 0.2821 0 0 1 0.7662 0.9524
6 122.3346 91.6734 4 3 4 0 0.4694 0 0 1 0.4226 0.9527
6 102.5619 50.8807 3 3 3 1 0.0635 1 0 1 0.5320 0.9529
6 85.5099 78.3823 3 3 4 1 0.2820 0 0 1 1.3599 0.9532
6 139.5657 102.7081 4 3 4 0 0.3446 0 0 1 1.4069 0.9535
6 87.9524 84.3511 1 3 1 0 0.0165 0 0 1 2.5943 0.9538
6 84.2333 137.9453 2 3 2 0 0.3758 0 0 1 0.4539 0.9540
6 103.2879 70.9612 3 3 4 1 0.2353 0 0 1 0.6725 0.9543
6 133.2758 109.7255 4 3 4 0 0.2980 0 0 1 1.1572 0.9545
6 101.3003 118.2468 2 3 3 0 0.3133 1 0 1 1.9069 0.9548
6 84.3613 143.2540 2 3 4 0 1.2664 0 0 1 2.4380 0.9551
6 108.8790 128.9527 2 3 3 0 0.3604 1 0 1 1.1099 0.9553
6 57.3956 106.8825 1 3 1 0 0.2977 0 0 1 0.7037 0.9556
6 93.9370 62.4624 3 3 4 1 0.2509 0 0 1 0.8599 0.9558
6 110.4685 121.2093 2 3 2 0 0.4539 0 0 1 0.8131 0.9560
6 74.1213 97.4802 1 3 2 0 0.3132 0 0 0 1.1723 0.9508
6 69.8300 103.9540 1 3 4 0 0.3759 0 0 1 0.5163 0.9511
6 126.1796 107.6207 4 3 4 0 0.2978 0 0 1 1.0946 0.9514
6 63.4951 112.7103 1 3 4 0 0.2042 0 0 1 2.8442 0.9516
6 81.3311 81.8530 1 3 2 0 0.5789 0 0 1 1.4379 0.9519
6 88.1573 69.8247 3 3 1 1 0.4227 0 0 1 0.3912 0.9521
6 104.8673 128.2429 2 3 3 0 0.2197 1 0 1 0.7504 0.9524
6 112.3647 123.1131 2 3 4 0 0.5633 0 0 1 0.5474 0.9526
6 126.7152 117.4950 4 3 4 0 0.2666 0 0 0 0.9693 0.9476
6 120.2761 123.7163 2 3 1 0 0.6414 0 0 1 0.5163 0.9479
6 101.4158 66.0176 3 3 3 1 0.7976 1 0 1 0.5945 0.9482
6 102.0303 55.2700 3 3 4 1 0.5946 0 0 1 0.5475 0.9485
6 106.5160 71.4494 3 3 1 1 0.3137 0 0 1 0.6255 0.9487
6 123.5975 102.7674 4 3 2 0 1.3758 0 0 1 1.4850 0.9490
6 110.2706 135.7376 2 3 4 0 0.7351 0 0 1 0.5007 0.9492
6 98.2771 121.0598 2 3 3 0 0.0791 1 0 1 0.7507 0.9495
6 77.5743 106.8028 1 3 4 0 0.1103 0 0 1 0.8600 0.9497
6 94.4813 130.1834 2 3 2 0 0.2509 0 0 1 0.6254 0.9500
6 82.9178 60.6965 3 3 1 1 0.0478 0 0 1 1.3913 0.9502
7 97.0720 123.3270 2 3 0 0 0.8288 0 1 1 1.7160 0.9505
7 101.1053 71.3264 3 3 0 1 1.3133 1 1 1 1.0161 0.9507
7 109.0160 110.1222 4 3 0 0 0.5634 0 1 1 1.0317 0.9510
7 78.5336 135.8575 2 3 0 0 1.2663 0 1 1 1.9223 0.9512
7 93.1776 65.4764 3 3 0 1 0.4540 1 1 1 0.8600 0.9515
7 103.4128 73.7752 3 3 0 1 0.4541 1 1 1 0.8285 0.9517
7 124.0074 108.1929 4 3 0 0 0.4071 0 1 1 1.3132 0.9519
7 130.4596 86.2393 4 3 0 0 0.3289 0 1 1 1.6095 0.9522
7 82.2037 101.0427 1 3 0 0 0.2821 0 1 1 3.6100 0.9524
7 87.7027 99.6187 1 3 0 0 0.4852 0 1 1 1.4069 0.9526
7 66.9838 90.4158 1 3 0 0 0.2353 0 1 1 0.6413 0.9528
7 102.1550 55.7520 3 3 0 1 0.2044 1 1 1 3.4538 0.9531
7 114.8966 101.9000 4 3 0 0 0.4536 0 1 1 3.8911 0.9533
7 89.2050 134.1374 2 3 0 0 0.4227 0 1 1 0.8444 0.9535
7 89.2490 78.6219 3 3 0 1 0.5635 1 1 1 0.5631 0.9537
7 98.2451 120.4918 2 3 0 0 0.0948 0 1 1 0.7350 0.9539
7 109.1853 138.0732 2 3 0 0 0.2510 0 1 1 0.7973 0.9541
7 88.1528 75.4018 3 3 0 1 0.1727 1 1 1 0.5944 0.9543
7 118.4548 107.2515 4 3 0 0 0.1885 0 1 1 0.9225 0.9545
7 113.9239 134.0780 2 3 0 0 0.3132 0 1 1 0.4537 0.9548
7 96.2220 119.3550 2 3 0 0 0.1726 0 1 1 0.4382 0.9550
7 123.5941 102.7619 4 3 0 0 0.5634 0 1 1 0.5322 0.9552
7 129.5553 104.7185 4 3 0 0 0.3602 0 1 1 0.8600 0.9554
7 90.9210 64.4163 3 3 0 1 0.3133 1 1 1 0.7974 0.9556
7 83.0973 99.6898 1 3 0 0 0.2821 0 1 1 1.1723 0.9558
7 55.6794 110.5232 1 3 0 0 0.0483 0 1 1 0.9692 0.9559
7 136.1853 96.6623 4 3 0 0 0.0635 0 1 1 1.5318 0.9561
7 127.5453 108.7529 4 3 0 0 0.1103 0 1 1 1.0008 0.9563
7 96.5532 70.7419 3 3 0 1 0.2665 1 1 1 5.5161 0.9565
7 94.7207 105.7847 2 3 0 0 0.2509 0 1 1 0.5944 0.9567
7 108.9303 81.9381 4 3 0 0 0.0790 0 1 1 0.8286 0.9569
7 115.8688 77.2415 3 3 0 1 0.5477 1 1 1 0.6098 0.9571
7 125.3780 93.6617 4 3 0 0 0.2196 0 1 1 0.5002 0.9573
7 73.3303 105.7902 1 3 0 0 0.3758 0 1 1 1.0944 0.9574
7 116.6820 143.1406 2 3 0 0 0.2982 0 1 1 0.8756 0.9576
7 106.4592 68.8722 3 3 0 1 0.4071 1 1 1 3.0632 0.9578
7 75.4131 94.6944 1 3 0 0 0.1575 0 1 1 0.8913 0.9580
7 64.7926 86.6726 1 3 0 0 0.7509 0 1 0 0.7349 0.9540
7 102.9579 73.3276 3 3 0 1 1.0164 1 1 1 1.7975 0.9542
7 92.9462 88.1557 3 3 0 1 2.7351 1 1 1 0.9225 0.9544
7 73.7486 110.4400 1 3 0 0 1.2352 0 1 1 1.0943 0.9545
7 103.8987 52.9844 3 3 0 1 0.9851 1 1 1 1.2664 0.9547
7 106.8346 93.8795 4 3 0 0 0.2353 0 1 1 1.3286 0.9549
7 87.6377 87.8999 1 3 0 0 0.0789 0 1 1 0.6098 0.9551
7 54.7262 102.9481 1 3 0 0 0.4852 0 1 0 0.9067 0.9512
7 60.9801 93.5680 1 3 0 0 0.9852 0 1 1 0.8756 0.9514
7 135.3254 107.9271 4 3 0 0 0.2041 0 1 1 0.5319 0.9516
7 70.0570 97.8239 1 3 0 0 0.0791 0 1 1 0.7349 0.9518
7 140.3759 105.7105 4 3 0 0 0.3290 0 1 1 0.4380 0.9520
7 74.1058 102.7346 1 3 0 0 0.1573 0 1 0 0.0000 0.9520
7 65.5740 101.7929 1 3 0 0 0.8444 0 1 0 0.0000 0.9520
7 107.7094 136.7320 2 4 0 0 3.4694 0 1 0 0.0000 0.9520
7 107.5018 121.6098 2 2 0 1 1.6568 1 1 0 0.0000 0.9520
7 91.5153 109.5289 2 2 0 1 1.1259 1 1 0 0.0000 0.9520
7 100.5643 73.9713 3 3 0 1 1.0006 1 1 0 0.0000 0.9520
7 105.9622 87.7261 3 2 0 0 1.3602 0 1 0 0.0000 0.9520
7 85.1726 84.3353 1 1 0 1 0.8445 1 1 0 0.0000 0.9520
7 104.9284 74.3248 3 1 0 0 1.8757 0 1 0 0.0000 0.9520
7 88.5755 154.7110 2 2 0 1 2.3133 1 1 0 0.0000 0.9520
7 92.9046 122.1020 2 2 0 1 1.1884 1 1 0 0.0000 0.9520
7 79.1953 108.8968 1 1 0 1 0.8759 1 1 0 0.0000 0.9520
7 84.0640 104.1338 1 1 0 1 1.0163 1 1 0 0.0000 0.9520
7 58.3788 84.3613 1 1 0 1 0.6727 1 1 0 0.0000 0.9520
7 139.6484 97.5681 4 4 0 1 1.7975 1 1 0 0.0000 0.9520
7 104.4290 118.4309 2 2 0 1 5.7976 1 1 0 0.0000 0.9520
7 42.7977 98.7857 1 1 0 1 0.8131 1 1 0 0.0000 0.9520
7 99.2218 84.4636 3 3 0 1 3.5321 1 1 0 0.0000 0.9520
7 124.8673 94.9131 4 4 0 1 2.3756 1 1 0 0.0000 0.9520
7 102.1152 59.2238 3 3 0 1 1.0632 1 1 0 0.0000 0.9520
7 104.2406 138.9003 2 2 0 1 1.0321 1 1 0 0.0000 0.9520
7 123.5472 93.8877 4 4 0 1 2.0787 1 1 0 0.0000 0.9520
7 126.1289 115.0799 4 4 0 1 1.0476 1 1 0 0.0000 0.9520
7 130.3035 108.1081 4 4 0 1 0.5474 1 1 0 0.0000 0.9520
7 101.9040 83.9635 3 2 0 0 3.3444 0 1 0 0.0000 0.9520
7 122.1670 87.2851 4 4 0 1 1.7348 1 1 0 0.0000 0.9520
7 106.0402 131.1355 2 2 0 1 1.2039 1 1 0 0.0000 0.9520
7 111.7206 105.1756 4 2 0 0 0.8134 0 1 0 0.0000 0.9520
7 101.8314 70.9860 3 3 0 1 1.1258 1 1 0 0.0000 0.9520
7 143.4742 104.9102 4 4 0 1 1.2507 1 1 0 0.0000 0.9520
7 67.4598 105.3197 1 1 0 1 0.7977 1 1 0 0.0000 0.9520
7 98.1891 128.3366 2 2 0 1 3.4851 1 1 0 0.0000 0.9520
7 107.8802 133.4480 2 2 0 1 1.2506 1 1 0 0.0000 0.9520
7 112.8966 126.8406 2 2 0 1 0.7193 1 1 0 0.0000 0.9520
7 83.5111 127.4984 2 1 0 0 1.7976 0 1 0 0.0000 0.9520
7 98.0313 85.9155 3 3 0 1 4.1413 1 1 0 0.0000 0.9520
7 135.2789 131.4748 4 4 0 1 1.3757 1 1 0 0.0000 0.9520
7 123.3151 82.9203 3 3 0 1 1.3600 1 1 0 0.0000 0.9520
7 95.7718 76.3855 3 3 0 1 1.1101 1 1 0 0.0000 0.9520
7 97.7604 139.6673 2 2 0 1 8.5475 1 1 0 0.0000 0.9520
7 107.1687 132.0388 2 2 0 1 0.7194 1 1 0 0.0000 0.9520
7 97.6390 74.1439 3 3 0 1 0.7508 1 1 0 0.0000 0.9520
7 120.9845 109.6560 4 2 0 0 1.0789 0 1 0 0.0000 0.9520
7 108.8770 124.8040 2 2 0 1 0.9696 1 1 0 0.0000 0.9520
7 80.1447 103.8121 1 1 0 1 1.9071 1 1 0 0.0000 0.9520
7 131.4001 98.8049 4 4 0 1 2.8599 1 1 0 0.0000 0.9520
7 91.4105 93.8808 3 3 0 1 2.2348 1 1 0 0.0000 0.9520
7 79.9510 141.1002 2 2 0 1 2.4227 1 1 0 0.0000 0.9520
7 68.0811 97.2900 1 1 0 1 1.0164 1 1 0 0.0000 0.9520
7 75.9152 124.9741 1 2 0 0 4.6411 0 1 0 0.0000 0.9520
7 70.7232 116.5256 1 1 0 1 0.6252 1 1 0 0.0000 0.9520
8 139.8791 103.1183 4 4 0 1 1.4378 1 1 0 0.0000 0.9520
8 141.1648 118.9442 4 4 0 1 0.7663 1 1 0 0.0000 0.9520
8 93.6683 67.5234 3 3 0 1 1.2352 1 1 0 0.0000 0.9520
8 106.6803 75.3501 3 3 0 1 1.2037 1 1 0 0.0000 0.9520
8 118.3336 94.6428 4 3 0 0 2.6415 0 1 0 0.0000 0.9520
8 108.9143 79.3603 3 3 0 1 1.4070 1 1 0 0.0000 0.9520
8 88.0723 90.5523 3 3 0 1 1.0945 1 1 0 0.0000 0.9520
8 79.8961 81.1035 3 3 0 1 0.6102 1 1 0 0.0000 0.9520
8 94.1701 78.6328 3 3 0 1 0.4694 1 1 0 0.0000 0.9520
8 104.8418 64.5808 3 3 0 1 0.4695 1 1 0 0.0000 0.9520
8 88.5654 90.1056 1 1 0 1 1.6256 1 1 0 0.0000 0.9520
8 106.3317 61.3886 3 3 0 1 0.7351 1 1 0 0.0000 0.9520
8 81.7898 111.5385 2 3 0 0 0.4695 0 1 0 0.0000 0.9520
8 101.9112 68.7101 3 3 0 1 0.6257 1 1 0 0.0000 0.9520
8 136.7401 101.5012 4 4 0 1 1.5787 1 1 0 0.0000 0.9520
8 91.9341 128.1148 2 1 0 0 2.2505 0 1 0 0.0000 0.9520
8 78.4511 105.1860 1 1 0 1 0.7509 1 1 0 0.0000 0.9520
8 69.0852 87.0812 1 1 0 1 0.7820 1 1 0 0.0000 0.9520
8 136.0329 94.3559 4 3 0 0 6.9591 0 1 0 0.0000 0.9520
8 94.5523 61.3336 3 3 0 1 0.7507 1 1 0 0.0000 0.9520
8 136.8027 115.4470 4 4 0 1 1.3754 1 1 0 0.0000 0.9520
8 112.4084 118.7632 4 4 0 1 0.7194 1 1 0 0.0000 0.9520
8 107.4919 124.2660 2 4 0 0 0.6256 0 1 0 0.0000 0.9520
8 105.5005 79.1120 3 4 0 0 0.7507 0 1 0 0.0000 0.9520
8 114.1970 77.1463 3 3 0 1 1.2041 1 1 0 0.0000 0.9520
8 71.6742 104.6640 1 1 0 1 0.8132 1 1 0 0.0000 0.9520
8 117.8498 104.5631 4 4 0 1 1.8601 1 1 0 0.0000 0.9520
8 86.8404 95.0285 3 2 0 0 1.6414 0 1 0 0.0000 0.9520
8 70.9801 97.4984 1 1 0 1 0.9851 1 1 0 0.0000 0.9520
8 95.9106 133.0822 2 2 0 1 0.8761 1 1 0 0.0000 0.9520
8 104.7563 75.8659 3 3 0 1 2.1726 1 1 0 0.0000 0.9520
8 71.0004 111.1560 1 1 0 1 1.5004 1 1 0 0.0000 0.9520
8 53.1331 82.5922 1 1 0 1 0.7977 1 1 0 0.0000 0.9520
8 131.2836 106.8547 4 4 0 1 1.5789 1 1 0 0.0000 0.9520
8 90.3402 116.8999 1 1 0 1 2.8601 1 1 0 0.0000 0.9520
8 93.9527 116.2486 2 1 0 0 0.7039 0 1 0 0.0000 0.9520
8 124.4834 113.4982 4 1 0 0 0.7821 0 1 0 0.0000 0.9520
8 96.0057 70.3104 3 1 0 0 0.7976 0 1 0 0.0000 0.9520
8 57.9441 87.1006 1 1 0 1 0.7350 1 1 0 0.0000 0.9520
8 91.8422 58.5898 3 3 0 1 1.2977 1 1 0 0.0000 0.9520
8 104.3017 71.1701 3 3 0 1 0.7196 1 1 0 0.0000 0.9520
8 91.3928 137.1108 2 2 0 1 4.0942 1 1 0 0.0000 0.9520
8 71.9726 116.2312 1 1 0 1 0.8444 1 1 0 0.0000 0.9520
8 97.4285 121.9249 2 2 0 1 1.3600 1 1 0 0.0000 0.9520
8 113.0986 110.6975 2 2 0 1 0.7351 1 1 0 0.0000 0.9520
8 77.8577 103.2591 1 3 0 0 2.5320 0 1 0 0.0000 0.9520
8 83.5518 92.8667 1 1 0 1 1.2664 1 1 0 0.0000 0.9520
8 98.5767 125.9519 2 2 0 1 0.9226 1 1 0 0.0000 0.9520
8 114.9372 130.4124 2 2 0 1 0.9070 1 1 0 0.0000 0.9520
8 99.8686 69.5788 3 3 0 1 2.4385 1 1 0 0.0000 0.9520
8 127.9187 108.3813 4 4 0 1 2.5008 1 1 0 0.0000 0.9520
8 100.6883 64.5680 3 3 0 1 1.0163 1 1 0 0.0000 0.9520
8 102.6554 124.9706 2 2 0 1 1.0163 1 1 0 0.0000 0.9520
8 67.5129 120.7204 1 1 0 1 0.8288 1 1 0 0.0000 0.9520
8 113.0291 96.0229 4 4 0 1 2.3912 1 1 0 0.0000 0.9520
8 72.5930 121.4012 1 1 0 1 0.9694 1 1 0 0.0000 0.9520
8 137.3987 90.8951 4 4 0 1 0.9225 1 1 0 0.0000 0.9520
8 74.0931 102.4500 1 1 0 1 1.6885 1 1 0 0.0000 0.9520
8 107.3234 140.2796 2 2 0 1 1.1257 1 1 0 0.0000 0.9520
8 75.2236 88.3775 1 1 0 1 0.8758 1 1 0 0.0000 0.9520
8 124.2482 90.8835 4 4 0 1 4.0789 1 1 0 0.0000 0.9520
8 69.7773 107.5104 1 1 0 1 0.6727 1 1 0 0.0000 0.9520
8 128.3816 97.9748 4 2 0 0 5.3601 0 1 0 0.0000 0.9520
8 131.2137 109.6500 4 2 0 0 1.2039 0 1 0 0.0000 0.9520
8 83.8468 132.1807 2 1 0 0 1.1414 0 1 0 0.0000 0.9520
8 101.4667 116.3394 2 2 0 1 2.5166 1 1 0 0.0000 0.9520
8 119.6989 106.1292 4 2 0 0 0.6416 0 1 0 0.0000 0.9520
8 87.7432 121.7098 2 2 0 1 2.6569 1 1 0 0.0000 0.9520
8 80.4441 103.3211 1 1 0 1 0.7665 1 1 0 0.0000 0.9520
8 80.0384 101.4079 1 1 0 1 0.7038 1 1 0 0.0000 0.9520
8 94.5770 65.3457 3 3 0 1 1.6570 1 1 0 0.0000 0.9520
8 70.8464 89.2329 1 1 0 1 2.0474 1 1 0 0.0000 0.9520
8 106.9445 67.1810 3 3 0 1 0.8447 1 1 0 0.0000 0.9520
8 94.8941 72.0194 3 3 0 1 0.7039 1 1 0 0.0000 0.9520
8 73.1696 85.1931 1 1 0 1 0.7820 1 1 0 0.0000 0.9520
8 135.1553 91.0800 4 4 0 1 2.5321 1 1 0 0.0000 0.9520
8 154.9917 97.4097 4 4 0 1 1.3757 1 1 0 0.0000 0.9520
8 94.5580 127.3204 2 1 0 0 1.7820 0 1 0 0.0000 0.9520
8 99.2293 138.8234 2 1 0 0 0.9851 0 1 0 0.0000 0.9520
8 106.2040 62.1277 3 3 0 1 1.2038 1 1 0 0.0000 0.9520
8 126.2479 93.8255 4 2 0 0 1.6726 0 1 0 0.0000 0.9520
8 54.5403 100.5869 1 1 0 1 0.7819 1 1 0 0.0000 0.9520
8 114.6830 141.2372 2 2 0 1 0.9694 1 1 0 0.0000 0.9520
8 66.8812 103.1281 1 1 0 1 0.7665 1 1 0 0.0000 0.9520
8 104.8713 112.1152 2 4 0 0 3.3289 0 1 0 0.0000 0.9520
8 86.9869 137.7303 2 1 0 0 0.8289 0 1 0 0.0000 0.9520
8 98.6420 67.0848 3 3 0 1 1.9538 1 1 0 0.0000 0.9520
8 87.3270 119.1106 2 2 0 1 1.6100 1 1 0 0.0000 0.9520
8 80.5136 110.9438 1 2 0 0 0.5943 0 1 0 0.0000 0.9520
8 79.8331 109.3147 1 2 0 0 0.5944 0 1 0 0.0000 0.9520
8 92.5878 154.2830 2 2 0 1 0.6258 1 1 0 0.0000 0.9520
8 125.4987 91.7156 4 2 0 0 0.7037 0 1 0 0.0000 0.9520
8 98.5304 129.2492 2 3 0 0 1.7507 0 1 0 0.0000 0.9520
8 129.0227 91.0200 4 4 0 1 8.3756 1 1 0 0.0000 0.9520
8 91.3367 66.3946 3 3 0 1 1.3914 1 1 0 0.0000 0.9520
8 101.9270 124.9169 2 2 0 1 2.3914 1 1 0 0.0000 0.9520
8 116.7106 100.2723 4 2 0 0 0.7664 0 1 0 0.0000 0.9520
8 121.7999 103.9522 4 4 0 1 0.8288 1 1 0 0.0000 0.9520
8 138.1587 109.2010 4 4 0 1 0.5787 1 1 0 0.0000 0.9520
8 105.3890 122.3535 2 2 0 1 1.5477 1 1 0 0.0000 0.9520
9 149.8503 85.6629 4 4 0 1 1.1565 1 1 0 0.0000 0.9520
9 123.7680 91.1913 4 4 0 1 1.2506 1 1 0 0.0000 0.9520
9 91.7822 124.1051 2 2 0 1 1.1725 1 1 0 0.0000 0.9520
9 102.3440 113.0387 2 2 0 1 0.8443 1 1 0 0.0000 0.9520
9 58.2609 103.3889 1 1 0 1 1.0007 1 1 0 0.0000 0.9520
9 115.4950 102.4642 4 2 0 0 1.4694 0 1 0 0.0000 0.9520
9 116.0171 54.0204 3 3 0 1 0.9539 1 1 0 0.0000 0.9520
9 90.7772 75.4578 3 3 0 1 1.0320 1 1 0 0.0000 0.9520
9 65.4832 111.9926 1 1 0 1 1.0008 1 1 0 0.0000 0.9520
9 80.0327 125.0308 2 1 0 0 6.8444 0 1 0 0.0000 0.9520
9 117.2038 70.5478 3 3 0 1 1.0321 1 1 0 0.0000 0.9520
9 133.6424 103.4671 4 2 0 0 2.2976 0 1 0 0.0000 0.9520
9 116.1249 104.1484 4 2 0 0 0.5788 0 1 0 0.0000 0.9520
9 84.9137 90.1487 3 1 0 0 1.2664 0 1 0 0.0000 0.9520
9 114.0655 154.3119 2 4 0 0 6.0161 0 1 0 0.0000 0.9520
9 132.9668 97.6630 4 2 0 0 5.6101 0 1 0 0.0000 0.9520
9 104.7057 119.4283 2 4 0 0 3.8913 0 1 0 0.0000 0.9520
9 63.8100 110.5574 1 1 0 1 0.9383 1 1 0 0.0000 0.9520
9 61.1240 86.3064 1 1 0 1 0.7195 1 1 0 0.0000 0.9520
9 107.7596 101.6084 4 3 0 0 1.7040 0 1 0 0.0000 0.9520
9 68.7974 98.9162 1 1 0 1 0.8603 1 1 0 0.0000 0.9520
9 64.3651 104.8376 1 1 0 1 0.8133 1 1 0 0.0000 0.9520
9 91.9709 124.1509 2 2 0 1 1.6570 1 1 0 0.0000 0.9520
9 52.2791 89.7587 1 1 0 1 0.9068 1 1 0 0.0000 0.9520
9 105.2428 69.6735 3 3 0 1 1.9381 1 1 0 0.0000 0.9520
9 62.8468 102.1042 1 1 0 1 1.2975 1 1 0 0.0000 0.9520
9 95.5026 80.5391 3 3 0 1 1.3289 1 1 0 0.0000 0.9520
9 84.6675 102.7472 1 2 0 0 2.1413 0 1 0 0.0000 0.9520
9 137.7972 100.4247 4 4 0 1 1.4073 1 1 0 0.0000 0.9520
9 142.5410 96.0239 4 4 0 1 3.2196 1 1 0 0.0000 0.9520
9 108.4486 68.6553 3 4 0 0 0.5945 0 1 0 0.0000 0.9520
9 92.7225 150.3744 2 2 0 1 1.2351 1 1 0 0.0000 0.9520
9 105.9102 134.8433 2 2 0 1 1.1099 1 1 0 0.0000 0.9520
9 89.6707 66.7162 3 3 0 1 1.3914 1 1 0 0.0000 0.9520
9 64.2303 102.6138 1 1 0 1 1.1101 1 1 0 0.0000 0.9520
9 82.4519 94.3090 1 1 0 1 4.5472 1 1 0 0.0000 0.9520
9 90.6607 114.7931 2 2 0 1 1.0476 1 1 0 0.0000 0.9520
9 71.1015 89.3096 1 1 0 1 0.8601 1 1 0 0.0000 0.9520
9 78.0881 134.8433 2 3 0 0 1.9383 0 1 0 0.0000 0.9520
9 102.9168 122.0853 2 2 0 1 4.9853 1 1 0 0.0000 0.9520
9 96.4923 64.0008 3 3 0 1 1.0479 1 1 0 0.0000 0.9520
9 114.0260 71.2138 3 3 0 1 3.1258 1 1 0 0.0000 0.9520
9 87.3606 68.2106 3 3 0 1 0.6101 1 1 0 0.0000 0.9520
9 137.4330 97.0950 4 4 0 1 2.0321 1 1 0 0.0000 0.9520
9 103.6479 80.3249 3 3 0 1 1.4695 1 1 0 0.0000 0.9520
9 108.5905 150.0014 2 2 0 1 3.3133 1 1 0 0.0000 0.9520
9 133.5203 113.6583 4 4 0 1 1.7350 1 1 0 0.0000 0.9520
9 110.0177 129.0274 2 4 0 0 5.7975 0 1 0 0.0000 0.9520
9 56.4131 94.2644 1 1 0 1 1.0789 1 1 0 0.0000 0.9520
9 116.4688 89.7162 4 3 0 0 2.4536 0 1 0 0.0000 0.9520
