1 54.7262 102.9481 1 2 0 0 2.8324 0 1 0 0.0000 0.0000
1 113.6511 134.4659 2 3 0 0 3.8283 0 1 0 0.0000 0.0000
1 122.0531 99.8556 4 1 0 0 1.3746 0 1 0 0.0000 0.0000
1 103.7433 91.3476 4 4 0 1 0.4733 1 1 0 0.0000 0.0000
1 140.2754 107.0743 4 4 0 1 0.7501 1 1 0 0.0000 0.0000
1 108.9143 79.3603 3 4 0 0 0.6011 0 1 0 0.0000 0.0000
1 70.9801 97.4984 1 2 0 0 1.6007 0 1 0 0.0000 0.0000
1 114.9372 130.4124 2 4 0 0 1.1544 0 1 0 0.0000 0.0000
1 79.3083 92.6669 1 3 0 0 1.1140 0 1 0 0.0000 0.0000
1 69.6587 95.3935 1 1 0 1 1.2951 1 1 0 0.0000 0.0000
1 82.9178 60.6965 3 1 0 0 2.5842 0 1 0 0.0000 0.0000
1 96.4990 80.8376 3 4 0 0 2.0042 0 1 0 0.0000 0.0000
1 90.2632 82.8812 3 3 0 1 0.6569 1 1 0 0.0000 0.0000
1 135.3254 107.9271 4 4 0 1 1.0497 1 1 0 0.0000 0.0000
1 93.9527 116.2486 2 1 0 0 1.4371 0 1 0 0.0000 0.0000
1 76.3090 94.5660 1 2 0 0 0.8107 0 1 0 0.0000 0.0000
1 106.9445 67.1810 3 4 0 0 0.7597 0 1 0 0.0000 0.0000
1 97.0720 123.3270 2 3 0 0 1.1717 0 1 0 0.0000 0.0000
1 96.6394 63.9314 3 2 0 0 0.9533 0 1 0 0.0000 0.0000
1 76.8107 106.3702 1 1 0 1 1.1479 1 1 0 0.0000 0.0000
1 125.7579 107.7674 4 4 0 1 1.3144 1 1 0 0.0000 0.0000
1 71.9726 116.2312 1 1 0 1 0.9257 1 1 0 0.0000 0.0000
1 138.1050 78.6352 4 4 0 1 0.8941 1 1 0 0.0000 0.0000
1 98.5304 129.2492 2 2 0 1 1.3567 1 1 0 0.0000 0.0000
1 103.4156 75.8864 3 1 0 0 2.7606 0 1 0 0.0000 0.0000
1 100.2628 126.5816 2 3 0 0 1.2403 0 1 0 0.0000 0.0000
1 107.4919 124.2660 2 2 0 1 0.6418 1 1 0 0.0000 0.0000
1 114.2944 103.6657 4 2 0 0 0.7148 0 1 0 0.0000 0.0000
1 102.1550 55.7520 3 3 0 1 1.0297 1 1 0 0.0000 0.0000
1 130.3035 108.1081 4 2 0 0 1.3847 0 1 0 0.0000 0.0000
1 131.5554 93.7477 4 4 0 1 0.6446 1 1 0 0.0000 0.0000
1 124.5032 100.2541 4 4 0 1 1.3570 1 1 0 0.0000 0.0000
1 127.5829 95.3633 4 4 0 1 0.7607 1 1 0 0.0000 0.0000
1 124.1812 129.4869 4 2 0 0 1.9245 0 1 0 0.0000 0.0000
1 103.4926 123.8252 2 3 0 0 1.2780 0 1 0 0.0000 0.0000
1 79.5622 79.5091 3 1 0 0 0.7757 0 1 0 0.0000 0.0000
1 83.0973 99.6898 1 3 0 0 0.7235 0 1 0 0.0000 0.0000
1 95.0387 77.2566 3 4 0 0 0.8160 0 1 0 0.0000 0.0000
1 129.6642 100.7962 4 4 0 1 0.8610 1 1 0 0.0000 0.0000
1 117.2242 127.3864 2 3 0 0 1.6279 0 1 0 0.0000 0.0000
1 73.1696 85.1931 1 1 0 1 0.7979 1 1 0 0.0000 0.0000
1 100.1930 132.4558 2 2 0 1 0.9070 1 1 0 0.0000 0.0000
1 104.7057 119.4283 2 2 0 1 1.3872 1 1 0 0.0000 0.0000
1 95.7107 96.6214 1 2 0 0 0.7912 0 1 0 0.0000 0.0000
1 113.9239 134.0780 2 1 0 0 2.1157 0 1 0 0.0000 0.0000
1 103.3426 114.0996 2 3 0 0 0.7376 0 1 0 0.0000 0.0000
1 66.1666 70.6993 1 1 0 1 0.8137 1 1 0 0.0000 0.0000
1 100.1202 137.3844 2 2 0 1 0.6985 1 1 0 0.0000 0.0000
1 102.9168 122.0853 2 2 0 1 0.5990 1 1 0 0.0000 0.0000
1 98.2988 66.6219 3 3 0 1 0.8628 1 1 0 0.0000 0.0000
1 57.3956 106.8825 1 1 0 1 0.7344 1 1 0 0.0000 0.0000
1 74.2789 93.9803 1 1 0 1 0.7612 1 1 0 0.0000 0.0000
1 88.7273 138.5179 2 2 0 1 2.2286 1 1 0 0.0000 0.0000
1 103.3468 81.9164 3 3 0 1 1.1257 1 1 0 0.0000 0.0000
1 81.1348 85.8898 1 1 0 1 0.9698 1 1 0 0.0000 0.0000
1 71.8706 91.0002 1 1 0 1 0.6028 1 1 0 0.0000 0.0000
1 106.9334 125.3360 2 2 0 1 1.6978 1 1 0 0.0000 0.0000
1 114.1970 77.1463 3 4 0 0 1.3172 0 1 0 0.0000 0.0000
1 105.3690 62.3515 3 3 0 1 1.0377 1 1 0 0.0000 0.0000
1 129.4118 107.4261 4 4 0 1 0.9778 1 1 0 0.0000 0.0000
1 97.3704 74.7911 3 2 0 0 2.7862 0 1 0 0.0000 0.0000
1 100.2263 73.7651 3 3 0 1 0.5782 1 1 0 0.0000 0.0000
1 106.8019 73.1424 3 3 0 1 1.7361 1 1 0 0.0000 0.0000
1 75.9152 124.9741 1 2 0 0 4.7340 0 1 0 0.0000 0.0000
1 132.5168 79.3665 4 4 0 1 1.1831 1 1 0 0.0000 0.0000
1 90.5905 64.5018 1 1 0 1 1.0607 1 1 0 0.0000 0.0000
1 72.5930 121.4012 1 4 0 0 2.9515 0 1 0 0.0000 0.0000
1 90.9948 70.2116 3 2 0 0 0.7318 0 1 0 0.0000 0.0000
1 137.3987 90.8951 4 4 0 1 1.0949 1 1 0 0.0000 0.0000
1 106.6255 68.2164 3 3 0 1 2.6984 1 1 0 0.0000 0.0000
1 91.6309 131.5931 2 2 0 1 1.5129 1 1 0 0.0000 0.0000
1 75.5032 120.2016 1 1 0 1 1.9117 1 1 0 0.0000 0.0000
1 142.5256 91.5844 4 4 0 1 0.5288 1 1 0 0.0000 0.0000
1 71.1468 98.6645 1 1 0 1 1.7818 1 1 0 0.0000 0.0000
1 115.8688 77.2415 3 4 0 0 0.9557 0 1 0 0.0000 0.0000
1 98.2771 121.0598 2 2 0 1 2.4107 1 1 0 0.0000 0.0000
1 51.4384 108.5347 1 1 0 1 0.8334 1 1 0 0.0000 0.0000
1 150.6347 101.2032 4 4 0 1 0.8627 1 1 0 0.0000 0.0000
1 54.5403 100.5869 1 1 0 1 1.4519 1 1 0 0.0000 0.0000
1 61.1240 86.3064 1 1 0 1 0.5843 1 1 0 0.0000 0.0000
1 94.4599 89.8636 3 3 0 1 2.0471 1 1 0 0.0000 0.0000
1 133.6930 86.1741 4 4 0 1 1.4685 1 1 0 0.0000 0.0000
1 56.6860 103.5982 1 1 0 1 0.8566 1 1 0 0.0000 0.0000
1 133.9920 82.4607 4 4 0 1 0.8860 1 1 0 0.0000 0.0000
1 102.2557 91.8934 3 3 0 1 5.9562 1 1 0 0.0000 0.0000
1 124.4834 113.4982 4 4 0 1 1.6066 1 1 0 0.0000 0.0000
1 117.0446 134.5159 2 2 0 1 0.6953 1 1 0 0.0000 0.0000
1 124.6191 98.2480 4 4 0 1 1.0571 1 1 0 0.0000 0.0000
1 94.5523 61.3336 3 3 0 1 1.9879 1 1 0 0.0000 0.0000
1 148.4004 105.7397 4 4 0 1 0.6880 1 1 0 0.0000 0.0000
1 84.3613 143.2540 2 2 0 1 1.3686 1 1 0 0.0000 0.0000
1 88.1528 75.4018 3 3 0 1 1.2043 1 1 0 0.0000 0.0000
1 126.2479 93.8255 4 4 0 1 4.8438 1 1 0 0.0000 0.0000
1 93.1776 65.4764 3 3 0 1 2.0473 1 1 0 0.0000 0.0000
1 103.5026 142.9016 2 2 0 1 1.5649 1 1 0 0.0000 0.0000
1 137.0804 110.1187 4 4 0 1 1.6615 1 1 0 0.0000 0.0000
1 91.9709 124.1509 2 2 0 1 0.9116 1 1 0 0.0000 0.0000
1 104.8673 128.2429 2 2 0 1 1.6948 1 1 0 0.0000 0.0000
1 64.8654 97.4523 1 1 0 1 0.7542 1 1 0 0.0000 0.0000
1 99.5780 137.4124 2 2 0 1 0.7803 1 1 0 0.0000 0.0000
2 123.5941 102.7619 4 1 0 0 3.2738 0 1 0 0.0000 0.0000
2 102.7899 116.4195 2 2 0 1 0.8667 1 1 0 0.0000 0.0000
2 109.4239 76.8451 3 3 0 1 1.4253 1 1 0 0.0000 0.0000
2 56.5795 97.8917 1 1 0 1 0.8144 1 1 0 0.0000 0.0000
2 66.1732 98.4152 1 1 0 1 0.6669 1 1 0 0.0000 0.0000
2 105.6745 113.8609 2 2 0 1 0.9158 1 1 0 0.0000 0.0000
2 127.8129 85.9738 4 3 0 0 1.0753 0 1 0 0.0000 0.0000
2 78.2270 104.3290 1 1 0 1 0.7590 1 1 0 0.0000 0.0000
2 63.8100 110.5574 1 1 0 1 0.8023 1 1 0 0.0000 0.0000
2 141.1648 118.9442 4 2 0 0 1.5502 0 1 0 0.0000 0.0000
2 93.2724 118.2552 2 2 0 1 1.4221 1 1 0 0.0000 0.0000
2 115.6346 88.5311 3 3 0 1 1.4019 1 1 0 0.0000 0.0000
2 91.6975 118.6216 2 2 0 1 1.3503 1 1 0 0.0000 0.0000
2 91.9586 81.3687 3 3 0 1 1.4243 1 1 0 0.0000 0.0000
2 122.3346 91.6734 4 4 0 1 0.8288 1 1 0 0.0000 0.0000
2 104.7658 137.1957 2 2 0 1 1.5930 1 1 0 0.0000 0.0000
2 67.0555 109.5032 1 1 0 1 0.7458 1 1 0 0.0000 0.0000
2 109.0160 110.1222 4 2 0 0 4.3883 0 1 0 0.0000 0.0000
2 125.4167 88.3572 4 4 0 1 0.9731 1 1 0 0.0000 0.0000
2 113.2000 100.1867 4 4 0 1 1.3566 1 1 0 0.0000 0.0000
2 92.5923 132.0602 2 2 0 1 1.0468 1 1 0 0.0000 0.0000
2 117.3649 99.6703 4 4 0 1 1.4172 1 1 0 0.0000 0.0000
2 99.0352 89.4037 3 4 0 0 3.1879 0 1 0 0.0000 0.0000
2 75.9614 119.5233 1 2 0 0 0.6551 0 1 0 0.0000 0.0000
2 108.9303 81.9381 4 3 0 0 1.4635 0 1 0 0.0000 0.0000
2 139.6484 97.5681 4 3 0 0 0.7735 0 1 0 0.0000 0.0000
2 134.5390 105.2827 4 4 0 1 0.8846 1 1 0 0.0000 0.0000
2 107.2509 127.7588 2 2 0 1 1.2663 1 1 0 0.0000 0.0000
2 78.0756 96.2654 1 1 0 1 0.7623 1 1 0 0.0000 0.0000
2 143.8585 102.7132 4 4 0 1 0.5335 1 1 0 0.0000 0.0000
2 66.9476 106.2204 1 1 0 1 0.7298 1 1 0 0.0000 0.0000
2 108.8790 128.9527 2 2 0 1 1.1879 1 1 0 0.0000 0.0000
2 91.7822 124.1051 2 2 0 1 4.0563 1 1 0 0.0000 0.0000
2 90.9210 64.4163 3 3 0 1 1.4629 1 1 0 0.0000 0.0000
2 106.5451 94.5860 4 3 0 0 1.3808 0 1 0 0.0000 0.0000
2 71.1379 121.6782 1 1 0 1 0.7208 1 1 0 0.0000 0.0000
2 127.5453 108.7529 4 4 0 1 0.7943 1 1 0 0.0000 0.0000
2 73.3303 105.7902 1 1 0 1 3.7016 1 1 0 0.0000 0.0000
2 85.6570 87.3307 1 3 0 0 1.1320 0 1 0 0.0000 0.0000
2 79.8248 110.0313 1 4 0 0 1.3931 0 1 0 0.0000 0.0000
2 119.6989 106.1292 4 4 0 1 0.7797 1 1 0 0.0000 0.0000
2 107.3375 146.0332 2 2 0 1 1.0150 1 1 0 0.0000 0.0000
2 107.7596 101.6084 4 3 0 0 1.2082 0 1 0 0.0000 0.0000
2 132.6607 101.5893 4 4 0 1 3.9680 1 1 0 0.0000 0.0000
2 92.0560 65.2067 3 3 0 1 1.3733 1 1 0 0.0000 0.0000
2 88.5654 90.1056 1 3 0 0 1.2562 0 1 0 0.0000 0.0000
2 98.4903 82.6266 3 3 0 1 2.1458 1 1 0 0.0000 0.0000
2 108.7283 146.0765 2 2 0 1 0.7213 1 1 0 0.0000 0.0000
2 74.8396 110.4062 1 1 0 1 1.6596 1 1 0 0.0000 0.0000
2 58.4333 101.9441 1 1 0 1 0.5416 1 1 0 0.0000 0.0000
2 90.7955 75.5635 3 4 0 0 12.3702 0 1 0 0.0000 0.0000
2 67.7185 92.3521 1 1 0 1 1.3194 1 1 0 0.0000 0.0000
2 101.9013 52.5659 3 3 0 1 1.7610 1 1 0 0.0000 0.0000
2 106.6803 75.3501 3 3 0 1 1.2861 1 1 0 0.0000 0.0000
2 93.3553 104.9840 1 4 0 0 2.1752 0 1 0 0.0000 0.0000
2 89.6134 63.6083 3 3 0 1 0.9269 1 1 0 0.0000 0.0000
2 90.9880 115.6455 2 4 0 0 1.5993 0 1 0 0.0000 0.0000
2 63.6398 102.4741 1 1 0 1 0.9443 1 1 0 0.0000 0.0000
2 92.6224 121.3498 2 2 0 1 1.6643 1 1 0 0.0000 0.0000
2 82.7276 60.7880 3 3 0 1 0.7235 1 1 0 0.0000 0.0000
2 80.0097 106.6956 1 2 0 0 1.6458 0 1 0 0.0000 0.0000
2 88.9286 109.5578 2 2 0 1 0.9115 1 1 0 0.0000 0.0000
2 97.3913 130.7559 2 2 0 1 0.6224 1 1 0 0.0000 0.0000
2 77.9282 100.4959 1 1 0 1 2.0542 1 1 0 0.0000 0.0000
2 100.3058 142.8041 2 2 0 1 0.5933 1 1 0 0.0000 0.0000
2 84.2333 137.9453 2 2 0 1 0.6959 1 1 0 0.0000 0.0000
2 119.9412 80.9812 3 3 0 1 0.9449 1 1 0 0.0000 0.0000
2 134.6237 92.0509 4 4 0 1 2.2411 1 1 0 0.0000 0.0000
2 94.5967 82.4114 3 3 0 1 1.3138 1 1 0 0.0000 0.0000
2 100.4535 75.4099 3 3 0 1 1.2917 1 1 0 0.0000 0.0000
2 71.1015 89.3096 1 1 0 1 1.2688 1 1 0 0.0000 0.0000
2 94.5770 65.3457 3 3 0 1 1.0211 1 1 0 0.0000 0.0000
2 101.4667 116.3394 2 2 0 1 1.0072 1 1 0 0.0000 0.0000
2 136.3717 93.2697 4 3 0 0 1.1683 0 1 0 0.0000 0.0000
2 133.2758 109.7255 4 4 0 1 0.5825 1 1 0 0.0000 0.0000
2 63.8414 99.9808 1 1 0 1 0.6691 1 1 0 0.0000 0.0000
2 104.3078 130.6184 2 2 0 1 0.7576 1 1 0 0.0000 0.0000
2 87.3135 64.0285 3 3 0 1 0.9927 1 1 0 0.0000 0.0000
2 85.5099 78.3823 3 1 0 0 4.1934 0 1 0 0.0000 0.0000
2 123.5913 90.9964 3 4 0 0 0.8683 0 1 0 0.0000 0.0000
2 104.4554 125.8732 2 2 0 1 29.2326 1 1 0 0.0000 0.0000
2 144.1202 106.3873 4 2 0 0 1.5103 0 1 0 0.0000 0.0000
2 73.2713 112.1859 1 1 0 1 0.6278 1 1 0 0.0000 0.0000
2 116.8400 79.5157 3 3 0 1 1.1314 1 1 0 0.0000 0.0000
2 154.9917 97.4097 4 4 0 1 0.8164 1 1 0 0.0000 0.0000
2 98.9164 142.1705 2 2 0 1 1.4377 1 1 0 0.0000 0.0000
2 97.6390 74.1439 3 3 0 1 1.7061 1 1 0 0.0000 0.0000
2 94.9933 68.5995 3 4 0 0 1.9180 0 1 0 0.0000 0.0000
2 136.1951 109.8769 4 4 0 1 1.2392 1 1 0 0.0000 0.0000
2 88.1573 69.8247 3 3 0 1 4.6704 1 1 0 0.0000 0.0000
2 90.2395 128.2253 2 2 0 1 2.4787 1 1 0 0.0000 0.0000
2 89.2050 134.1374 2 2 0 1 15.4612 1 1 0 0.0000 0.0000
2 99.7772 123.8030 2 2 0 1 1.5453 1 1 0 0.0000 0.0000
2 107.5802 141.2795 2 2 0 1 0.7126 1 1 0 0.0000 0.0000
2 104.8418 64.5808 3 3 0 1 0.8177 1 1 0 0.0000 0.0000
2 117.8498 104.5631 4 2 0 0 0.8312 0 1 0 0.0000 0.0000
2 79.3883 101.9495 1 2 0 0 1.3081 0 1 0 0.0000 0.0000
2 149.0769 86.5169 4 4 0 1 2.3255 1 1 0 0.0000 0.0000
2 77.0563 105.1720 1 1 0 1 1.0644 1 1 0 0.0000 0.0000
2 81.3666 54.0435 3 3 0 1 1.2276 1 1 0 0.0000 0.0000
3 74.0931 102.4500 1 2 0 0 2.8258 0 1 0 0.0000 0.0000
3 100.1946 133.4809 2 2 0 1 0.8887 1 1 0 0.0000 0.0000
3 111.4199 105.7905 4 3 0 0 1.1111 0 1 0 0.0000 0.0000
3 95.0812 129.7580 2 4 0 0 0.7339 0 1 0 0.0000 0.0000
3 95.5324 124.7046 2 2 0 1 0.7751 1 1 0 0.0000 0.0000
3 98.5767 125.9519 2 2 0 1 0.7549 1 1 0 0.0000 0.0000
3 55.9682 101.5119 1 1 0 1 0.7823 1 1 0 0.0000 0.0000
3 94.8067 71.0829 3 3 0 1 0.8737 1 1 0 0.0000 0.0000
3 107.9136 64.3814 3 3 0 1 1.7037 1 1 0 0.0000 0.0000
3 57.9441 87.1006 1 1 0 1 0.6357 1 1 0 0.0000 0.0000
3 134.6526 106.7230 4 4 0 1 1.0603 1 1 0 0.0000 0.0000
3 100.7278 116.5772 2 2 0 1 1.0141 1 1 0 0.0000 0.0000
3 135.1553 91.0800 4 4 0 1 2.5522 1 1 0 0.0000 0.0000
3 110.7191 120.0225 2 2 0 1 1.0243 1 1 0 0.0000 0.0000
3 114.5281 61.5265 3 4 0 0 1.4106 0 1 0 0.0000 0.0000
3 107.6510 124.9763 2 2 0 1 0.8945 1 1 0 0.0000 0.0000
3 116.7455 95.2483 4 4 0 1 0.9250 1 1 0 0.0000 0.0000
3 143.6517 112.9284 4 4 0 1 0.6203 1 1 0 0.0000 0.0000
3 66.9838 90.4158 1 1 0 1 0.6758 1 1 0 0.0000 0.0000
3 70.9591 107.6042 1 1 0 1 0.8452 1 1 0 0.0000 0.0000
3 131.2836 106.8547 4 4 0 1 0.9221 1 1 0 0.0000 0.0000
3 95.7718 76.3855 3 3 0 1 1.3373 1 1 0 0.0000 0.0000
3 96.2220 119.3550 2 2 0 1 1.2036 1 1 0 0.0000 0.0000
3 63.0102 111.5537 1 1 0 1 0.8264 1 1 0 0.0000 0.0000
3 86.9869 137.7303 2 2 0 1 0.8710 1 1 0 0.0000 0.0000
3 150.1976 102.3980 4 4 0 1 0.7559 1 1 0 0.0000 0.0000
3 122.1071 98.6297 4 4 0 1 0.7342 1 1 0 0.0000 0.0000
3 58.2609 103.3889 1 1 0 1 0.8397 1 1 0 0.0000 0.0000
3 110.4730 86.6673 3 4 0 0 2.0201 0 1 0 0.0000 0.0000
3 99.8686 69.5788 3 3 0 1 0.8157 1 1 0 0.0000 0.0000
3 65.7857 99.0509 1 1 0 1 1.3722 1 1 0 0.0000 0.0000
3 103.0292 121.9929 2 4 0 0 0.7431 0 1 0 0.0000 0.0000
3 109.0777 102.4331 4 2 0 0 1.1336 0 1 0 0.0000 0.0000
3 92.9462 88.1557 3 3 0 1 1.6005 1 1 0 0.0000 0.0000
3 131.2137 109.6500 4 4 0 1 0.7377 1 1 0 0.0000 0.0000
3 106.8346 93.8795 4 2 0 0 2.1242 0 1 0 0.0000 0.0000
3 96.1414 112.7962 2 4 0 0 2.4578 0 1 0 0.0000 0.0000
3 146.5705 88.5627 4 4 0 1 0.6721 1 1 0 0.0000 0.0000
3 136.6758 89.3931 4 4 0 1 0.6005 1 1 0 0.0000 0.0000
3 109.5893 66.1443 3 3 0 1 0.9114 1 1 0 0.0000 0.0000
3 74.1195 99.1445 1 1 0 1 1.8387 1 1 0 0.0000 0.0000
3 91.8763 91.1651 1 2 0 0 2.9814 0 1 0 0.0000 0.0000
3 107.4212 77.5781 3 4 0 0 1.0487 0 1 0 0.0000 0.0000
3 79.8961 81.1035 3 3 0 1 1.9468 1 1 0 0.0000 0.0000
3 113.0291 96.0229 4 2 0 0 2.2606 0 1 0 0.0000 0.0000
3 60.9801 93.5680 1 1 0 1 0.6619 1 1 0 0.0000 0.0000
3 88.9518 121.9229 2 2 0 1 0.8781 1 1 0 0.0000 0.0000
3 67.4598 105.3197 1 3 0 0 1.4691 0 1 0 0.0000 0.0000
3 105.2428 69.6735 3 2 0 0 3.1002 0 1 0 0.0000 0.0000
3 64.8705 105.0281 1 3 0 0 1.1712 0 1 0 0.0000 0.0000
3 131.8167 93.1313 4 2 0 0 6.5375 0 1 0 0.0000 0.0000
3 110.4685 121.2093 2 4 0 0 1.2719 0 1 0 0.0000 0.0000
3 83.2440 87.2348 3 3 0 1 1.0722 1 1 0 0.0000 0.0000
3 119.8556 94.2118 4 4 0 1 1.2031 1 1 0 0.0000 0.0000
3 123.5975 102.7674 4 4 0 1 1.2090 1 1 0 0.0000 0.0000
3 75.6848 119.7178 1 1 0 1 0.4315 1 1 0 0.0000 0.0000
3 113.1897 81.5377 4 3 0 0 1.0893 0 1 0 0.0000 0.0000
3 104.3017 71.1701 3 3 0 1 1.9410 1 1 0 0.0000 0.0000
3 77.0428 103.0216 1 1 0 1 0.7033 1 1 0 0.0000 0.0000
3 75.8624 81.3255 1 1 0 1 1.4161 1 1 0 0.0000 0.0000
3 109.8880 115.3438 2 4 0 0 0.7395 0 1 0 0.0000 0.0000
3 111.1747 126.9010 2 2 0 1 0.5900 1 1 0 0.0000 0.0000
3 124.8026 92.4396 4 4 0 1 0.8849 1 1 0 0.0000 0.0000
3 101.3003 118.2468 2 2 0 1 1.4587 1 1 0 0.0000 0.0000
3 78.1565 106.1586 1 1 0 1 3.8710 1 1 0 0.0000 0.0000
3 65.6183 91.4331 1 1 0 1 0.7935 1 1 0 0.0000 0.0000
3 111.1157 67.1623 3 3 0 1 1.2211 1 1 0 0.0000 0.0000
3 105.8389 59.3266 3 3 0 1 0.8290 1 1 0 0.0000 0.0000
3 86.8404 95.0285 3 3 0 1 4.9698 1 1 0 0.0000 0.0000
3 92.5878 154.2830 2 2 0 1 0.7369 1 1 0 0.0000 0.0000
3 70.8464 89.2329 1 1 0 1 1.2441 1 1 0 0.0000 0.0000
3 72.5069 95.0757 1 1 0 1 1.2677 1 1 0 0.0000 0.0000
3 84.9137 90.1487 3 3 0 1 1.2760 1 1 0 0.0000 0.0000
3 78.5336 135.8575 2 2 0 1 0.7762 1 1 0 0.0000 0.0000
3 103.9174 117.3660 2 4 0 0 2.1639 0 1 0 0.0000 0.0000
3 101.6947 71.4132 3 3 0 1 0.8985 1 1 0 0.0000 0.0000
3 140.8232 100.9438 4 2 0 0 1.1215 0 1 0 0.0000 0.0000
3 84.3642 77.5642 3 3 0 1 0.7576 1 1 0 0.0000 0.0000
3 104.5539 75.9852 3 3 0 1 0.8491 1 1 0 0.0000 0.0000
3 122.1147 103.2817 4 2 0 0 0.8628 0 1 0 0.0000 0.0000
3 111.8528 115.5680 2 4 0 0 0.6518 0 1 0 0.0000 0.0000
3 101.8316 65.4209 3 3 0 1 0.9324 1 1 0 0.0000 0.0000
3 125.0520 99.4714 4 4 0 1 1.5401 1 1 0 0.0000 0.0000
3 91.6651 129.7944 2 2 0 1 0.8354 1 1 0 0.0000 0.0000
3 72.5890 103.3064 1 1 0 1 0.8317 1 1 0 0.0000 0.0000
3 106.7931 73.1952 3 3 0 1 0.8131 1 1 0 0.0000 0.0000
3 39.4733 74.9602 1 1 0 1 0.7453 1 1 0 0.0000 0.0000
3 42.7977 98.7857 1 1 0 1 0.6127 1 1 0 0.0000 0.0000
3 104.2406 138.9003 2 2 0 1 0.9080 1 1 0 0.0000 0.0000
3 133.9500 86.6055 4 4 0 1 1.5621 1 1 0 0.0000 0.0000
3 104.1968 141.2735 2 2 0 1 0.9686 1 1 0 0.0000 0.0000
3 101.9112 68.7101 3 3 0 1 1.4167 1 1 0 0.0000 0.0000
3 63.4951 112.7103 1 1 0 1 1.2209 1 1 0 0.0000 0.0000
3 64.0041 91.5645 1 1 0 1 0.6040 1 1 0 0.0000 0.0000
3 92.9690 69.1337 3 3 0 1 0.8194 1 1 0 0.0000 0.0000
3 93.6683 67.5234 3 3 0 1 2.1128 1 1 0 0.0000 0.0000
3 107.7403 151.8154 2 2 0 1 0.7826 1 1 0 0.0000 0.0000
3 116.2361 104.3239 4 4 0 1 1.7378 1 1 0 0.0000 0.0000
3 91.9341 128.1148 2 2 0 1 0.8305 1 1 0 0.0000 0.0000
3 132.4728 91.2742 4 3 0 0 1.6750 0 1 0 0.0000 0.0000
4 118.4548 107.2515 4 4 3 1 3.5938 0 0 0 0.0000 0.0000
4 63.2691 104.2814 1 3 4 0 0.9103 0 0 0 0.0000 0.0000
4 73.9319 114.8849 1 2 4 0 1.7107 0 0 0 0.0000 0.0000
4 130.1129 92.5924 4 4 2 1 1.0114 0 0 0 0.0000 0.0000
4 80.0327 125.0308 2 2 1 1 0.9817 0 0 0 0.0000 0.0000
4 101.5083 136.7463 2 2 2 1 5.5100 1 0 0 0.0000 0.0000
4 70.5587 113.6624 1 1 4 1 0.8756 0 0 0 0.0000 0.0000
4 64.7903 77.3709 1 3 1 0 1.2893 0 0 0 0.0000 0.0000
4 137.4330 97.0950 4 4 1 1 1.5701 0 0 0 0.0000 0.0000
4 95.4788 69.3943 3 1 1 0 0.8989 1 0 0 0.0000 0.0000
4 104.7584 57.8152 3 1 4 0 0.6577 0 0 0 0.0000 0.0000
4 129.2654 80.7698 4 3 3 0 0.9535 1 0 0 0.0000 0.0000
4 111.1212 118.3085 4 3 4 0 1.0835 0 0 0 0.0000 0.0000
4 110.2706 135.7376 2 2 4 1 0.8172 0 0 0 0.0000 0.0000
4 90.6607 114.7931 2 1 1 0 1.3269 1 0 0 0.0000 0.0000
4 136.8027 115.4470 4 3 2 0 0.7603 0 0 0 0.0000 0.0000
4 124.5032 78.1772 4 4 2 1 0.2764 0 0 0 0.0000 0.0000
4 83.6900 97.7592 1 1 2 1 0.4359 0 0 0 0.0000 0.0000
4 103.5760 77.8437 3 2 2 0 0.5507 1 0 0 0.0000 0.0000
4 91.3928 137.1108 2 4 4 0 2.2364 1 0 0 0.0000 0.0000
4 102.1490 115.6918 4 4 4 1 1.6133 1 0 0 0.0000 0.0000
4 96.5532 70.7419 3 2 2 0 0.8783 1 0 0 0.0000 0.0000
4 76.2416 107.6445 1 3 3 0 1.5965 1 0 0 0.0000 0.0000
4 94.9160 127.7004 2 4 4 0 2.9264 1 0 0 0.0000 0.0000
4 72.9761 91.8513 1 2 4 0 2.4330 0 0 0 0.0000 0.0000
4 65.2718 109.8442 1 1 1 1 0.8863 1 0 0 0.0000 0.0000
4 71.6742 104.6640 1 1 1 1 0.5331 1 0 0 0.0000 0.0000
4 79.1953 108.8968 1 1 2 1 1.7698 0 0 0 0.0000 0.0000
4 110.0655 62.6440 3 4 4 0 1.2466 1 0 0 0.0000 0.0000
4 85.6290 129.7241 2 2 2 1 0.9030 1 0 0 0.0000 0.0000
4 87.5448 133.7851 2 2 1 1 1.6855 0 0 0 0.0000 0.0000
4 77.2926 99.9871 1 2 3 0 1.8002 0 0 0 0.0000 0.0000
4 110.7196 116.0871 2 4 3 0 1.5030 0 0 0 0.0000 0.0000
4 116.6820 143.1406 2 3 1 0 0.6370 0 0 0 0.0000 0.0000
4 79.9215 80.1434 1 4 1 0 2.7104 0 0 0 0.0000 0.0000
4 90.7604 118.0055 2 2 1 1 0.7876 0 0 0 0.0000 0.0000
4 79.9131 104.8711 1 4 1 0 31.2616 0 0 0 0.0000 0.0000
4 127.9187 108.3813 4 2 4 0 0.3760 0 0 0 0.0000 0.0000
4 132.9668 97.6630 4 4 4 1 0.3926 1 0 0 0.0000 0.0000
4 103.7841 117.2437 2 4 4 0 1.1625 1 0 0 0.0000 0.0000
4 102.1152 59.2238 3 2 1 0 1.8892 0 0 0 0.0000 0.0000
4 125.4987 91.7156 4 3 3 0 1.4973 1 0 0 0.0000 0.0000
4 116.7106 100.2723 4 4 3 1 0.6961 0 0 0 0.0000 0.0000
4 109.8450 73.7830 3 3 2 1 0.7053 0 0 0 0.0000 0.0000
4 53.1331 82.5922 1 2 4 0 2.0440 0 0 0 0.0000 0.0000
4 113.0652 114.0933 2 4 4 0 0.6961 1 0 0 0.0000 0.0000
4 61.8078 120.1106 1 3 3 0 0.8811 1 0 0 0.0000 0.0000
4 101.9270 124.9169 2 4 2 0 0.8800 0 0 0 0.0000 0.0000
4 89.9558 64.8627 3 2 1 0 1.5809 0 0 0 0.0000 0.0000
4 107.4892 144.6437 2 4 1 0 2.2862 0 0 0 0.0000 0.0000
4 135.4754 103.0953 4 4 1 1 1.2638 0 0 0 0.0000 0.0000
4 107.9754 122.2757 2 4 1 0 0.6465 0 0 0 0.0000 0.0000
4 91.3367 66.3946 3 4 4 0 0.5582 1 0 0 0.0000 0.0000
4 133.5203 113.6583 4 1 2 0 3.1081 0 0 0 0.0000 0.0000
4 131.7155 99.7142 4 3 4 0 21.4678 0 0 0 0.0000 0.0000
4 112.3647 123.1131 2 2 3 1 0.2347 0 0 0 0.0000 0.0000
4 56.7195 111.4643 1 1 1 1 0.1035 1 0 0 0.0000 0.0000
4 89.3754 80.2530 3 1 1 0 0.6265 1 0 0 0.0000 0.0000
4 98.4089 50.5345 3 1 2 0 0.7299 0 0 0 0.0000 0.0000
4 68.4902 100.3769 1 1 2 1 0.6923 0 0 0 0.0000 0.0000
4 106.2040 62.1277 3 3 2 1 0.6859 0 0 0 0.0000 0.0000
4 98.0162 72.5907 3 4 1 0 0.9994 0 0 0 0.0000 0.0000
4 96.1417 70.8354 3 4 1 0 0.6335 0 0 0 0.0000 0.0000
4 118.2760 134.3861 2 1 2 0 0.8169 0 0 0 0.0000 0.0000
4 129.0227 91.0200 4 2 3 0 0.2857 0 0 0 0.0000 0.0000
4 87.6377 87.8999 1 3 4 0 0.8769 0 0 0 0.0000 0.0000
4 100.9880 121.5908 2 2 3 1 0.3665 0 0 0 0.0000 0.0000
4 87.4933 102.6541 1 1 3 1 0.4320 0 0 0 0.0000 0.0000
4 78.1628 109.6438 1 4 2 0 0.6267 0 0 0 0.0000 0.0000
4 132.7261 92.5790 4 3 3 0 0.1396 1 0 0 0.0000 0.0000
4 131.9209 123.1288 4 2 3 0 1.1472 0 0 0 0.0000 0.0000
4 111.2919 71.9448 3 1 1 0 0.3209 1 0 0 0.0000 0.0000
4 109.2279 139.7944 2 3 3 0 0.6086 1 0 0 0.0000 0.0000
4 129.3278 121.8224 4 1 1 0 0.7288 1 0 0 0.0000 0.0000
4 97.0638 60.2841 3 3 3 1 1.3007 1 0 0 0.0000 0.0000
4 126.2764 83.8192 4 3 1 0 0.8469 0 0 0 0.0000 0.0000
4 65.2252 109.4380 1 3 4 0 1.2296 0 0 0 0.0000 0.0000
4 122.5304 84.5825 4 4 2 1 2.4853 0 0 0 0.0000 0.0000
4 103.8987 52.9844 3 2 1 0 0.2213 0 0 0 0.0000 0.0000
4 106.3990 126.8403 2 3 4 0 0.9704 0 0 0 0.0000 0.0000
4 116.9842 121.0366 4 2 4 0 0.3629 0 0 0 0.0000 0.0000
4 101.8314 70.9860 3 1 3 0 1.0194 0 0 0 0.0000 0.0000
4 111.3216 66.9400 3 4 1 0 0.5416 0 0 0 0.0000 0.0000
4 103.3680 147.2061 2 2 3 1 0.2909 0 0 0 0.0000 0.0000
4 136.6877 95.0447 4 1 1 0 0.2558 1 0 0 0.0000 0.0000
4 66.3930 108.7872 1 1 4 1 0.8451 0 0 0 0.0000 0.0000
4 64.6998 97.2169 1 1 3 1 0.9062 0 0 0 0.0000 0.0000
4 94.4813 130.1834 2 3 3 0 0.8407 1 0 0 0.0000 0.0000
4 67.0568 102.8144 1 3 3 0 1.1268 1 0 0 0.0000 0.0000
4 100.2864 72.4270 3 1 4 0 2.4277 0 0 0 0.0000 0.0000
4 105.3469 62.1127 3 4 2 0 0.7695 0 0 0 0.0000 0.0000
4 104.5617 56.6949 3 2 4 0 0.4763 0 0 0 0.0000 0.0000
4 99.2885 68.1986 3 3 4 1 0.4482 0 0 0 0.0000 0.0000
4 106.3064 69.9625 3 4 4 0 0.4190 1 0 0 0.0000 0.0000
4 111.7206 105.1756 4 3 3 0 0.9327 1 0 0 0.0000 0.0000
4 89.8963 132.1882 2 2 1 1 0.8369 0 0 0 0.0000 0.0000
4 91.5153 109.5289 2 1 3 0 0.1457 0 0 0 0.0000 0.0000
4 98.0184 84.3762 3 3 2 1 0.4935 0 0 0 0.0000 0.0000
4 71.1848 108.2609 1 4 2 0 0.0369 0 0 0 0.0000 0.0000
4 131.9336 115.7457 4 2 2 0 0.0182 1 0 1 2.2856 1.0000
5 93.0298 127.9223 2 2 3 1 5.2028 0 0 0 2.5789 0.5000
5 87.3606 68.2106 3 2 3 0 1.9553 0 0 1 1.8087 0.6667
5 96.6668 66.6565 3 2 4 0 1.3591 0 0 1 2.2215 0.7500
5 137.3462 113.9915 4 2 3 0 1.5889 0 0 1 1.6727 0.8000
5 81.9811 122.2044 2 4 3 0 1.9698 0 0 1 2.3666 0.8333
5 65.5803 106.6743 1 3 4 0 1.3057 0 0 0 4.2624 0.7143
5 136.7401 101.5012 4 3 1 0 2.4656 0 0 1 2.4920 0.7500
5 99.8741 116.0471 2 3 4 0 1.4509 0 0 0 0.7954 0.6667
5 107.8462 71.1292 3 4 3 0 0.8942 0 0 0 3.5195 0.6000
5 140.1412 112.9269 4 4 2 1 2.0399 0 0 1 0.7755 0.6364
5 83.5111 127.4984 2 4 4 0 1.1147 1 0 1 1.7782 0.6667
5 98.0313 85.9155 3 4 1 0 1.2790 0 0 0 1.9623 0.6154
5 61.9010 110.7270 1 4 4 0 0.8278 1 0 1 1.0510 0.6429
5 107.7221 122.8525 2 4 3 0 1.2854 0 0 1 1.0094 0.6667
5 72.0866 111.0079 1 4 3 0 0.9546 0 0 1 0.9425 0.6875
5 77.3297 102.7611 1 1 1 1 0.0401 1 0 1 2.7564 0.7059
5 93.0651 64.7039 3 1 1 0 1.2109 1 0 1 3.1247 0.7222
5 120.2600 88.8269 4 1 2 0 0.7089 0 0 1 0.8684 0.7368
5 98.6420 67.0848 3 1 3 0 0.9703 0 0 1 1.4702 0.7500
5 87.6885 64.6841 3 4 4 0 0.8517 1 0 1 1.8465 0.7619
5 121.4979 110.0468 4 4 2 1 0.4706 0 0 1 0.7656 0.7727
5 112.2636 78.2404 3 3 4 1 1.2002 0 0 0 1.6741 0.7391
5 79.8331 109.3147 1 4 3 0 0.9165 0 0 1 2.5511 0.7500
5 119.7651 117.6533 2 1 4 0 1.3197 0 0 1 3.7802 0.7600
5 129.6425 91.9746 4 1 2 0 0.7896 0 0 1 3.6838 0.7692
5 68.0811 97.2900 1 4 1 0 0.4019 0 0 0 1.3990 0.7407
5 98.8722 73.9907 3 4 1 0 0.5711 0 0 1 0.6933 0.7500
5 76.4013 95.2955 1 4 3 0 0.7264 0 0 1 0.8039 0.7586
5 70.1847 112.6640 1 4 2 0 0.8717 0 0 1 1.0168 0.7667
5 97.7604 139.6673 2 4 4 0 0.8016 1 0 1 0.6743 0.7742
5 134.8970 112.8241 4 4 1 1 0.7567 0 0 1 2.4992 0.7813
5 90.7772 75.4578 3 4 1 0 0.7708 0 0 1 0.6416 0.7879
5 135.9208 94.1744 4 4 3 1 1.2334 0 0 1 1.2923 0.7941
5 99.8924 122.9074 2 4 4 0 0.5407 1 0 1 3.3333 0.8000
5 120.2761 123.7163 2 4 1 0 0.4582 0 0 1 2.1769 0.8056
5 64.0133 119.6554 1 4 4 0 0.5207 1 0 1 0.7202 0.8108
5 73.7486 110.4400 1 4 2 0 0.0503 0 0 1 0.7657 0.8158
5 135.3313 94.3023 4 4 2 1 2.0000 0 0 1 1.4380 0.8205
5 94.8941 72.0194 3 4 4 0 0.4508 1 0 1 1.0987 0.8250
5 135.8160 105.1594 4 4 3 1 0.5496 0 0 1 2.8306 0.8293
5 73.6090 100.0768 1 4 3 0 0.4703 0 0 1 3.0693 0.8333
5 71.0004 111.1560 1 4 1 0 0.3635 0 0 1 1.3282 0.8372
5 75.4131 94.6944 1 4 3 0 1.3135 0 0 1 5.7411 0.8409
5 116.4688 89.7162 4 4 4 1 1.1046 1 0 1 2.4077 0.8444
5 103.6479 80.3249 3 4 1 0 0.4692 0 0 1 1.5323 0.8478
5 86.0869 61.6301 3 4 4 0 1.2196 1 0 1 0.8929 0.8511
5 107.8802 133.4480 2 4 3 0 1.0585 0 0 1 3.0320 0.8542
5 102.0468 85.1780 3 4 2 0 1.1889 0 0 1 2.4613 0.8571
5 105.3890 122.3535 2 4 1 0 0.0599 0 0 1 0.8562 0.8600
5 117.5010 78.0190 3 4 4 0 1.6290 1 0 1 1.7768 0.8627
5 87.7432 121.7098 2 4 1 0 0.0449 0 0 1 1.2571 0.8654
5 104.8713 112.1152 2 4 1 0 1.9282 0 0 1 0.4681 0.8679
5 109.2990 94.7243 4 4 4 1 1.6799 1 0 1 2.0211 0.8704
5 106.3317 61.3886 3 4 3 0 0.0564 0 0 1 1.0450 0.8727
5 102.3440 113.0387 2 4 3 0 0.6395 0 0 1 1.0508 0.8750
5 94.9339 58.1167 3 4 3 0 0.2778 0 0 1 0.7439 0.8772
5 86.3858 114.7453 1 4 1 0 0.3635 0 0 1 1.0238 0.8793
5 81.4458 97.6135 1 4 1 0 2.7131 0 0 1 2.2969 0.8814
5 140.9303 83.2723 4 4 1 1 0.9321 0 0 1 0.9033 0.8833
5 90.3402 116.8999 1 4 4 0 0.1585 1 0 1 1.7582 0.8852
5 58.3275 73.3529 1 4 3 0 0.3303 0 0 1 0.8939 0.8871
5 81.3311 81.8530 1 4 3 0 0.5654 0 0 1 1.3103 0.8889
5 83.8468 132.1807 2 4 1 0 0.4799 0 0 1 1.2554 0.8906
5 125.3602 108.8345 4 4 3 1 1.2387 0 0 1 0.7050 0.8923
5 95.6192 81.2971 3 4 2 0 0.3554 0 0 1 2.0075 0.8939
5 143.4742 104.9102 4 4 4 1 1.4819 1 0 1 3.1144 0.8955
5 121.7999 103.9522 4 4 1 1 0.6339 0 0 1 3.2044 0.8971
5 84.6467 111.4268 1 4 3 0 0.6137 0 0 1 0.9608 0.8986
5 118.3336 94.6428 4 4 1 1 1.2891 0 0 1 0.7567 0.9000
5 107.6564 76.9826 3 4 2 0 0.3909 0 0 1 7.5153 0.9014
5 88.8389 138.9016 2 4 1 0 0.3632 0 0 1 3.8872 0.9028
5 96.4548 124.9745 2 4 4 0 0.1638 1 0 1 0.6274 0.9041
5 111.8529 106.1376 4 4 3 1 0.0187 0 0 1 0.8296 0.9054
5 97.8026 130.4800 2 4 2 0 0.0342 0 0 1 0.7653 0.9067
5 94.4389 74.6188 3 4 4 0 13.9511 1 0 0 0.9587 0.8947
5 80.5136 110.9438 1 2 3 0 3.7499 0 0 0 2.2414 0.8831
5 64.4410 99.6203 1 2 1 0 0.2340 0 0 1 0.6830 0.8846
5 138.7935 110.5281 4 2 2 0 0.0109 1 0 1 0.7110 0.8861
5 112.4084 118.7632 4 2 2 0 1.5441 1 0 1 1.6591 0.8875
5 103.2879 70.9612 3 2 2 0 1.3018 1 0 1 1.9853 0.8889
5 98.1891 128.3366 2 2 3 1 1.0440 0 0 1 0.3789 0.8902
5 95.6356 122.0070 2 2 3 1 0.8681 0 0 1 1.9751 0.8916
5 78.0881 134.8433 2 2 3 1 18.5517 0 0 1 1.1210 0.8929
5 80.3229 104.6976 1 2 3 0 0.6842 0 0 1 1.5608 0.8941
5 68.5902 111.2368 1 2 4 0 0.0474 0 0 1 0.9065 0.8953
5 108.1576 121.1709 2 2 4 1 1.2325 0 0 1 1.5947 0.8966
5 107.2683 82.1691 3 2 3 0 1.6037 0 0 1 0.5833 0.8977
5 103.6137 74.1008 3 2 2 0 0.1493 1 0 1 7.5049 0.8989
5 119.6669 98.9626 4 2 3 0 0.8160 0 0 1 0.8318 0.9000
5 108.8706 89.0201 4 2 3 0 0.6757 0 0 1 0.9606 0.9011
5 92.9179 131.8423 2 2 1 1 0.6959 0 0 1 1.0290 0.9022
5 104.9786 107.9879 2 2 2 1 1.0856 1 0 0 1.0444 0.8925
5 95.8491 76.6500 3 2 3 0 1.8771 0 0 1 1.2960 0.8936
5 101.7707 60.4127 3 2 1 0 1.2653 0 0 1 1.5161 0.8947
5 103.5668 102.0057 2 2 3 1 0.4339 0 0 1 1.5128 0.8958
5 66.6809 92.0205 1 2 2 0 0.5433 1 0 1 0.8559 0.8969
5 137.0168 95.2159 4 2 4 0 1.3411 0 0 1 1.0502 0.8980
5 118.3561 111.6363 4 2 3 0 1.2044 0 0 1 1.5341 0.8990
5 114.8966 101.9000 4 2 2 0 0.2294 1 0 1 1.1924 0.9000
5 80.0384 101.4079 1 2 4 0 1.2225 0 0 1 1.1526 0.9010
6 94.2845 48.6109 3 2 1 0 3.2681 0 0 1 6.0190 0.9020
6 98.2451 120.4918 2 2 2 1 1.1638 1 0 1 3.5241 0.9029
6 80.1687 102.4136 1 2 2 0 0.4936 1 0 1 0.5014 0.9038
6 136.5479 103.7805 4 2 2 0 0.0489 1 0 1 7.4678 0.9048
6 68.8092 92.9212 1 2 4 0 1.7545 0 0 1 0.6572 0.9057
6 125.8238 82.1636 4 2 1 0 0.5130 0 0 1 0.6645 0.9065
6 56.4131 94.2644 1 2 3 0 0.2484 0 0 1 0.7608 0.9074
6 82.0931 84.7054 1 2 4 0 0.0580 0 0 1 0.7583 0.9083
6 121.8181 81.1996 4 2 1 0 0.0092 0 0 1 0.9964 0.9091
6 146.6449 104.1139 4 2 1 0 1.5011 0 0 1 2.3182 0.9099
6 114.6830 141.2372 2 2 1 1 0.0565 0 0 1 1.6226 0.9107
6 87.9524 84.3511 1 2 1 0 2.4470 0 0 1 0.6806 0.9115
6 103.0445 133.7577 2 2 4 1 1.0169 0 0 1 1.7900 0.9123
6 120.2365 105.3651 4 2 1 0 1.0034 0 0 1 0.8321 0.9130
6 105.2155 124.7106 2 2 4 1 1.6216 0 0 1 0.7148 0.9138
6 96.4913 75.5477 3 2 2 0 0.6690 1 0 1 0.6808 0.9145
6 106.4592 68.8722 3 2 4 0 1.4816 0 0 1 0.6667 0.9153
6 99.2808 114.3206 2 2 2 1 0.6666 1 0 1 0.8072 0.9160
6 55.6794 110.5232 1 2 4 0 0.2500 0 0 1 1.1389 0.9167
6 127.7061 107.1893 4 2 1 0 0.5591 0 0 1 1.2411 0.9174
6 94.9039 108.7768 2 2 2 1 1.8477 1 0 1 3.5535 0.9180
6 105.9622 87.7261 3 2 2 0 1.3086 1 0 1 0.8248 0.9187
6 101.4158 66.0176 3 2 1 0 0.6370 0 0 1 2.0409 0.9194
6 93.4160 96.6826 1 2 2 0 1.0683 1 0 1 0.9791 0.9200
6 126.1289 115.0799 4 2 1 0 0.6838 0 0 1 1.5451 0.9206
6 88.9110 106.8961 1 2 4 0 1.3277 0 0 1 1.1170 0.9213
6 99.5317 110.2907 2 2 2 1 0.3608 1 0 1 1.3106 0.9219
6 100.5643 73.9713 3 2 4 0 0.6069 0 0 1 18.4880 0.9225
6 109.2525 147.8820 2 2 3 1 28.0304 0 0 0 0.8888 0.9154
6 87.3270 119.1106 2 2 2 1 0.7811 1 0 1 1.5956 0.9160
6 65.4832 111.9926 1 2 4 0 1.5237 0 0 1 1.3492 0.9167
6 76.5329 94.4930 1 2 2 0 0.1993 1 0 1 2.1534 0.9173
6 77.0293 88.6312 1 2 2 0 0.7353 1 0 1 0.9891 0.9179
6 138.1587 109.2010 4 2 3 0 0.7250 0 0 1 1.0742 0.9185
6 82.2037 101.0427 1 2 1 0 0.0292 0 0 1 1.0370 0.9191
6 97.1936 128.5897 2 2 2 1 0.9035 1 0 1 1.3053 0.9197
6 64.1784 95.8536 1 2 4 0 0.4757 0 0 1 0.9162 0.9203
6 94.1701 78.6328 3 2 2 0 0.3793 1 0 1 0.7513 0.9209
6 136.6643 105.0332 4 2 1 0 0.3230 0 0 1 1.2545 0.9214
6 121.0435 119.9764 2 2 3 1 0.1018 0 0 1 0.9812 0.9220
6 116.1249 104.1484 4 2 3 0 0.7026 0 0 1 1.0520 0.9225
6 106.0402 131.1355 2 2 2 1 1.3023 1 0 1 1.2975 0.9231
6 100.6883 64.5680 3 2 4 0 0.0671 0 0 1 2.1598 0.9236
6 105.6702 73.1600 3 2 2 0 0.3911 1 0 1 1.9162 0.9241
6 139.8791 103.1183 4 2 1 0 1.2290 0 0 1 2.1673 0.9247
6 108.8308 89.4585 3 2 2 0 0.0153 1 0 1 1.9948 0.9252
6 96.2624 137.6255 2 2 2 1 0.1733 1 0 1 1.1638 0.9257
6 108.7611 66.5369 3 2 2 0 3.7209 1 0 1 1.0271 0.9262
6 58.3788 84.3613 1 2 4 0 0.1728 0 0 1 1.3875 0.9267
6 110.6893 65.7843 3 2 4 0 0.0947 0 0 1 1.1801 0.9272
6 101.1053 71.3264 3 2 3 0 0.5212 0 0 1 1.1064 0.9276
6 92.5239 112.3685 2 2 4 1 0.1414 0 0 1 1.0846 0.9281
6 65.8822 90.4625 1 2 2 0 0.3119 1 0 1 2.9888 0.9286
6 99.0396 118.4244 2 2 3 1 3.7038 0 0 1 2.3531 0.9290
6 82.4519 94.3090 1 2 4 0 1.6761 0 0 1 1.9703 0.9295
6 63.4358 97.9667 1 2 2 0 0.7892 1 0 1 8.6915 0.9299
6 107.7046 80.5418 3 2 4 0 0.1620 0 0 1 1.0252 0.9304
6 105.2905 110.1930 2 2 1 1 0.2502 0 0 1 0.8111 0.9308
6 88.6888 98.2993 1 2 3 0 0.1426 0 0 1 5.6596 0.9313
6 98.0211 135.4689 2 2 4 1 0.0432 0 0 1 1.0473 0.9317
6 100.4068 124.7725 2 2 4 1 0.0012 0 0 1 0.9869 0.9321
6 93.9370 62.4624 3 2 3 0 0.0197 0 0 1 1.2291 0.9325
6 101.7649 128.0355 2 2 2 1 0.0124 1 0 1 1.1744 0.9329
6 79.5867 92.3888 1 2 2 0 0.0196 1 0 1 0.9416 0.9333
6 129.5553 104.7185 4 2 3 0 0.0522 0 0 1 3.2947 0.9337
6 95.8447 83.3202 3 2 4 0 0.3071 0 0 1 8.8042 0.9341
6 94.7207 105.7847 2 2 2 1 0.1804 1 0 1 1.3633 0.9345
6 120.1177 97.7777 4 2 3 0 0.0205 0 0 1 0.7516 0.9349
6 136.6960 85.7850 4 2 4 0 0.0330 0 0 1 0.9071 0.9353
6 90.4349 136.3736 2 2 4 1 0.0647 0 0 1 1.0519 0.9357
6 76.1655 80.2105 1 2 1 0 0.1319 0 0 1 0.4482 0.9360
6 88.9937 55.4789 3 2 2 0 0.0587 1 0 1 1.8308 0.9364
6 145.5079 105.0925 4 2 1 0 0.1473 0 0 1 3.3440 0.9368
6 109.9944 128.7132 2 2 2 1 0.2430 1 0 1 1.1230 0.9371
6 85.6089 129.0267 2 2 4 1 0.1574 0 0 1 1.3553 0.9375
6 60.5538 97.4907 1 2 3 0 0.0769 0 0 1 2.4400 0.9379
6 91.8422 58.5898 3 2 3 0 0.0210 0 0 1 1.2458 0.9382
6 69.4482 106.4665 1 2 1 0 0.0131 0 0 1 1.2062 0.9385
6 98.2208 65.4573 3 2 3 0 0.0841 0 0 1 0.9105 0.9389
6 100.4483 55.0481 3 2 2 0 0.0703 1 0 1 0.6574 0.9392
6 123.5472 93.8877 4 2 4 0 1.3768 0 0 1 0.7658 0.9396
6 102.5889 83.5736 3 2 4 0 0.0659 0 0 1 0.6046 0.9399
6 143.6140 95.9601 4 2 2 0 1.6274 1 0 1 0.7843 0.9402
6 133.6609 106.8919 4 2 2 0 0.1803 1 0 0 4.8835 0.9351
6 113.7347 110.0741 4 2 2 0 0.1444 1 0 1 1.3261 0.9355
6 136.0329 94.3559 4 2 3 0 1.5512 0 0 1 1.1377 0.9358
6 75.7972 136.1125 2 2 3 1 0.6535 0 0 1 0.9212 0.9362
6 128.3816 97.9748 4 2 1 0 0.5125 0 0 0 1.7738 0.9312
6 107.7094 136.7320 2 2 3 1 0.2680 0 0 1 0.9277 0.9316
6 84.6675 102.7472 1 2 2 0 0.0211 1 0 1 3.9359 0.9319
6 80.6127 64.8003 3 2 1 0 0.5315 0 0 1 1.0843 0.9323
6 106.5160 71.4494 3 2 1 0 0.4551 0 0 1 5.4726 0.9326
6 120.9845 109.6560 4 2 2 0 0.4295 1 0 1 1.3640 0.9330
6 95.8101 77.8261 3 2 1 0 0.3102 0 0 1 1.0333 0.9333
6 115.4950 102.4642 4 2 2 0 0.1945 1 0 1 1.0740 0.9337
6 149.8503 85.6629 4 2 1 0 0.0596 0 0 1 0.9027 0.9340
6 64.4745 77.5333 1 2 3 0 0.0279 0 0 1 3.1742 0.9343
6 133.6424 103.4671 4 2 1 0 0.0215 0 0 1 0.8954 0.9347
6 74.2690 85.7949 1 2 2 0 0.0689 1 0 0 2.1918 0.9300
6 101.7032 60.1956 3 2 2 0 0.1178 1 0 1 1.8588 0.9303
7 68.9197 110.3770 1 2 0 0 0.6740 0 1 1 1.7083 0.9307
7 73.5563 72.2028 3 2 0 0 0.5830 0 1 1 1.0400 0.9310
7 65.5740 101.7929 1 2 0 0 0.1696 0 1 1 1.5608 0.9314
7 102.9579 73.3276 3 2 0 0 0.1597 0 1 1 0.5256 0.9317
7 127.2725 101.2891 4 2 0 0 0.0900 0 1 1 0.9827 0.9320
7 126.1796 107.6207 4 2 0 0 0.1755 0 1 1 1.7093 0.9324
7 116.9702 92.0839 4 2 0 0 0.0883 0 1 1 1.0921 0.9327
7 81.6602 102.3989 1 2 0 0 0.1115 0 1 1 1.7237 0.9330
7 100.2814 82.6420 3 2 0 0 0.0702 0 1 0 0.9766 0.9286
7 69.0852 87.0812 1 2 0 0 0.1213 0 1 1 0.8061 0.9289
7 85.8959 100.2280 1 2 0 0 11.4007 0 1 1 0.7751 0.9292
7 91.9884 65.8295 3 2 0 0 0.0419 0 1 1 1.2686 0.9296
7 67.3771 101.2090 1 2 0 0 0.2112 0 1 1 0.9152 0.9299
7 104.6776 56.5007 3 2 0 0 0.0735 0 1 1 0.8691 0.9302
7 104.9284 74.3248 3 2 0 0 0.0255 0 1 1 0.5492 0.9306
7 67.2599 96.2754 1 2 0 0 0.8186 0 1 1 0.7689 0.9309
7 101.5544 85.0108 3 2 0 0 0.1957 0 1 1 1.4915 0.9312
7 91.5616 71.1302 3 2 0 0 0.2169 0 1 1 2.2812 0.9315
7 95.9898 78.3730 3 2 0 0 0.1144 0 1 1 2.3671 0.9318
7 138.9301 102.8864 4 2 0 0 0.0593 0 1 1 1.4947 0.9321
7 101.9040 83.9635 3 2 0 0 0.2048 0 1 1 0.9403 0.9324
7 86.1985 132.7623 2 2 0 1 0.1150 1 1 1 7.2314 0.9327
7 138.9077 109.0262 4 2 0 0 0.0238 0 1 0 0.8025 0.9286
7 68.7974 98.9162 1 2 0 0 0.1820 0 1 1 1.0764 0.9289
7 95.0873 138.8186 2 2 0 1 0.0621 1 1 1 5.3207 0.9292
7 114.0260 71.2138 3 2 0 0 0.1307 0 1 1 0.5604 0.9295
7 136.6421 100.5962 4 2 0 0 0.7486 0 1 1 0.4580 0.9298
7 88.0723 90.5523 3 2 0 0 0.0840 0 1 1 0.7371 0.9301
7 122.8224 101.7694 4 2 0 0 0.4499 0 1 1 2.9049 0.9304
7 105.5620 113.2681 2 2 0 1 0.0666 1 1 1 0.7982 0.9307
7 104.8871 113.3817 2 2 0 1 0.0498 1 1 1 2.5605 0.9310
7 137.7972 100.4247 4 2 0 0 0.0815 0 1 0 0.8295 0.9270
7 92.9046 122.1020 2 2 0 1 0.0047 1 1 0 0.9260 0.9231
7 131.6035 100.0489 4 2 0 0 0.1168 0 1 1 1.0102 0.9234
7 93.3562 125.6489 2 2 0 1 0.3795 1 1 1 1.4084 0.9237
7 62.3993 88.2892 1 2 0 0 0.1476 0 1 1 0.8678 0.9241
7 105.3467 81.1106 3 2 0 0 0.8097 0 1 1 1.4511 0.9244
7 105.3527 58.0847 3 2 0 0 0.2233 0 1 1 0.8787 0.9247
7 98.0288 118.9963 2 2 0 1 0.1801 1 1 1 3.4265 0.9250
7 87.4036 103.1563 1 2 0 0 0.4728 0 1 1 2.6878 0.9253
7 75.2274 96.2135 1 2 0 0 0.1006 0 1 1 1.0086 0.9256
7 98.1793 69.0923 3 2 0 0 0.0745 0 1 1 0.9025 0.9259
7 69.7773 107.5104 1 2 0 0 0.1568 0 1 1 4.1383 0.9262
7 90.4904 90.7713 1 2 0 0 0.0184 0 1 1 2.5564 0.9265
7 124.8673 94.9131 4 2 0 0 0.1894 0 1 1 1.3391 0.9268
7 89.6707 66.7162 3 2 0 0 0.1867 0 1 1 1.6929 0.9271
7 129.4991 98.6783 4 2 0 0 0.0406 0 1 1 3.2046 0.9274
7 64.2303 102.6138 1 2 0 0 0.2294 0 1 1 3.6064 0.9277
7 84.9633 129.4892 2 2 0 1 0.0172 1 1 1 0.7156 0.9280
7 96.1304 74.5303 3 2 0 0 0.0052 0 1 0 0.0000 0.9280
7 74.0738 99.6458 1 2 0 0 0.5869 0 1 0 0.0000 0.9280
7 100.2872 72.8516 3 2 0 0 0.3522 0 1 0 0.0000 0.9280
7 70.0570 97.8239 1 3 0 0 0.0322 0 1 0 0.0000 0.9280
7 99.3557 122.9250 2 2 0 1 0.0237 1 1 0 0.0000 0.9280
7 71.3646 100.4742 1 2 0 0 0.1594 0 1 0 0.0000 0.9280
7 88.6969 141.3633 2 2 0 1 0.2982 1 1 0 0.0000 0.9280
7 75.8619 108.5506 1 2 0 0 0.0246 0 1 0 0.0000 0.9280
7 104.9014 118.6219 2 3 0 0 0.6708 0 1 0 0.0000 0.9280
7 81.7712 111.1103 1 3 0 0 0.2504 0 1 0 0.0000 0.9280
7 105.3632 117.7025 2 2 0 1 0.0414 1 1 0 0.0000 0.9280
7 116.9347 101.9188 4 2 0 0 0.1990 0 1 0 0.0000 0.9280
7 83.5518 92.8667 1 1 0 1 0.1176 1 1 0 0.0000 0.9280
7 122.2716 97.8254 4 1 0 0 0.0820 0 1 0 0.0000 0.9280
7 136.1853 96.6623 4 3 0 0 0.1068 0 1 0 0.0000 0.9280
7 121.2142 99.1859 4 3 0 0 0.1344 0 1 0 0.0000 0.9280
7 103.8216 160.6784 2 3 0 0 0.0325 0 1 0 0.0000 0.9280
7 119.7145 97.1257 4 3 0 0 0.1836 0 1 0 0.0000 0.9280
7 87.1385 149.7429 2 4 0 0 0.2425 0 1 0 0.0000 0.9280
7 63.8999 101.5863 1 4 0 0 0.1639 0 1 0 0.0000 0.9280
7 103.2945 76.8177 3 4 0 0 0.1007 0 1 0 0.0000 0.9280
7 102.6554 124.9706 2 3 0 0 0.1098 0 1 0 0.0000 0.9280
7 93.8110 81.9111 3 1 0 0 0.1830 0 1 0 0.0000 0.9280
7 128.0954 100.7774 4 3 0 0 0.1200 0 1 0 0.0000 0.9280
7 92.7225 150.3744 2 3 0 0 0.2252 0 1 0 0.0000 0.9280
7 49.0672 104.1744 1 3 0 0 0.2373 0 1 0 0.0000 0.9280
7 99.2293 138.8234 2 4 0 0 0.3849 0 1 0 0.0000 0.9280
7 77.5306 86.0670 1 3 0 0 0.1462 0 1 0 0.0000 0.9280
7 117.2038 70.5478 3 4 0 0 0.1306 0 1 0 0.0000 0.9280
7 90.7274 115.0446 2 4 0 0 0.1933 0 1 0 0.0000 0.9280
7 110.0177 129.0274 2 1 0 0 0.3971 0 1 0 0.0000 0.9280
7 123.1753 102.4976 4 4 0 1 0.1102 1 1 0 0.0000 0.9280
7 96.0948 76.7071 3 4 0 0 0.0688 0 1 0 0.0000 0.9280
7 118.1874 104.7384 4 3 0 0 0.2528 0 1 0 0.0000 0.9280
7 78.2750 98.0735 1 4 0 0 0.1376 0 1 0 0.0000 0.9280
7 107.3234 140.2796 2 2 0 1 2.3249 1 1 0 0.0000 0.9280
7 120.7779 94.1121 4 3 0 0 0.1379 0 1 0 0.0000 0.9280
7 95.3532 130.8562 2 1 0 0 0.2127 0 1 0 0.0000 0.9280
7 101.1719 119.2859 2 3 0 0 0.7400 0 1 0 0.0000 0.9280
7 133.5661 96.3853 4 4 0 1 0.4786 1 1 0 0.0000 0.9280
7 85.7585 122.9180 2 1 0 0 0.7548 0 1 0 0.0000 0.9280
7 136.2692 109.1555 4 4 0 1 0.7017 1 1 0 0.0000 0.9280
7 89.4633 121.3259 2 2 0 1 0.7271 1 1 0 0.0000 0.9280
7 101.0772 80.8251 3 3 0 1 1.3289 1 1 0 0.0000 0.9280
7 125.0165 87.0374 4 4 0 1 0.6985 1 1 0 0.0000 0.9280
7 131.3731 96.3049 4 4 0 1 0.7080 1 1 0 0.0000 0.9280
7 103.4128 73.7752 3 3 0 1 0.8293 1 1 0 0.0000 0.9280
7 74.1213 97.4802 1 1 0 1 0.5536 1 1 0 0.0000 0.9280
7 97.2248 74.9069 3 4 0 0 0.8156 0 1 0 0.0000 0.9280
7 121.8793 109.9178 4 4 0 1 0.6041 1 1 0 0.0000 0.9280
7 107.5018 121.6098 2 2 0 1 1.0107 1 1 0 0.0000 0.9280
8 105.4858 142.3728 2 2 0 1 1.0980 1 1 0 0.0000 0.9280
8 116.6119 107.6445 4 2 0 0 1.2166 0 1 0 0.0000 0.9280
8 101.1555 128.3788 2 2 0 1 0.8875 1 1 0 0.0000 0.9280
8 80.4441 103.3211 1 1 0 1 1.0134 1 1 0 0.0000 0.9280
8 128.9701 121.7062 4 4 0 1 0.6303 1 1 0 0.0000 0.9280
8 112.9909 56.6666 3 3 0 1 0.7504 1 1 0 0.0000 0.9280
8 77.5743 106.8028 1 1 0 1 0.7133 1 1 0 0.0000 0.9280
8 107.1687 132.0388 2 2 0 1 1.0585 1 1 0 0.0000 0.9280
8 118.5892 107.7876 2 4 0 0 8.9165 0 1 0 0.0000 0.9280
8 115.3325 116.7625 2 2 0 1 1.3432 1 1 0 0.0000 0.9280
8 104.7419 95.8541 4 3 0 0 1.3675 0 1 0 0.0000 0.9280
8 96.9975 144.9041 2 2 0 1 0.8021 1 1 0 0.0000 0.9280
8 131.2149 122.0328 4 4 0 1 0.6855 1 1 0 0.0000 0.9280
8 95.0595 146.4255 2 2 0 1 0.6775 1 1 0 0.0000 0.9280
8 123.7680 91.1913 4 4 0 1 0.7337 1 1 0 0.0000 0.9280
8 126.7152 117.4950 4 2 0 0 1.0634 0 1 0 0.0000 0.9280
8 74.1058 102.7346 1 3 0 0 1.7531 0 1 0 0.0000 0.9280
8 78.4511 105.1860 1 2 0 0 0.7334 0 1 0 0.0000 0.9280
8 75.2236 88.3775 1 3 0 0 0.7749 0 1 0 0.0000 0.9280
8 119.2084 107.1740 4 2 0 0 0.7230 0 1 0 0.0000 0.9280
8 59.3703 85.0339 1 1 0 1 0.6204 1 1 0 0.0000 0.9280
8 133.3841 95.1198 4 4 0 1 0.6113 1 1 0 0.0000 0.9280
8 69.5087 113.4943 1 3 0 0 1.7860 0 1 0 0.0000 0.9280
8 77.9959 133.3717 2 2 0 1 0.9453 1 1 0 0.0000 0.9280
8 95.9064 128.1414 2 2 0 1 0.7678 1 1 0 0.0000 0.9280
8 108.5905 150.0014 2 2 0 1 0.9224 1 1 0 0.0000 0.9280
8 135.8998 87.2633 4 3 0 0 1.0007 0 1 0 0.0000 0.9280
8 95.1936 94.8259 3 3 0 1 0.9719 1 1 0 0.0000 0.9280
8 126.8054 79.3947 4 3 0 0 0.8611 0 1 0 0.0000 0.9280
8 62.6681 107.7355 1 1 0 1 1.8206 1 1 0 0.0000 0.9280
8 71.7453 107.3721 1 3 0 0 1.3310 0 1 0 0.0000 0.9280
8 123.0373 92.7710 4 4 0 1 0.6218 1 1 0 0.0000 0.9280
8 113.0986 110.6975 2 4 0 0 1.1573 0 1 0 0.0000 0.9280
8 122.1670 87.2851 4 4 0 1 1.4333 1 1 0 0.0000 0.9280
8 84.0640 104.1338 1 3 0 0 1.0298 0 1 0 0.0000 0.9280
8 90.9566 126.3451 2 2 0 1 1.5276 1 1 0 0.0000 0.9280
8 128.0394 100.6980 4 4 0 1 0.8052 1 1 0 0.0000 0.9280
8 65.6660 89.5178 1 1 0 1 1.0249 1 1 0 0.0000 0.9280
8 111.7934 125.1150 2 4 0 0 1.0424 0 1 0 0.0000 0.9280
8 110.8904 77.7991 3 3 0 1 0.8681 1 1 0 0.0000 0.9280
8 76.5790 100.0855 1 4 0 0 0.9307 0 1 0 0.0000 0.9280
8 130.4596 86.2393 4 3 0 0 1.6016 0 1 0 0.0000 0.9280
8 127.3768 98.4144 4 3 0 0 0.8008 0 1 0 0.0000 0.9280
8 102.5619 50.8807 3 3 0 1 0.9083 1 1 0 0.0000 0.9280
8 125.3780 93.6617 4 4 0 1 0.7944 1 1 0 0.0000 0.9280
8 96.4923 64.0008 3 3 0 1 0.8849 1 1 0 0.0000 0.9280
8 80.3630 107.5832 1 2 0 0 1.1235 0 1 0 0.0000 0.9280
8 101.5874 128.6738 2 2 0 1 1.1269 1 1 0 0.0000 0.9280
8 109.4130 86.6045 3 3 0 1 0.9228 1 1 0 0.0000 0.9280
8 133.3195 99.7161 4 3 0 0 1.1305 0 1 0 0.0000 0.9280
8 127.0373 102.5313 4 4 0 1 0.8957 1 1 0 0.0000 0.9280
8 77.6529 103.1860 1 1 0 1 0.8616 1 1 0 0.0000 0.9280
8 99.1364 69.9712 3 3 0 1 0.9073 1 1 0 0.0000 0.9280
8 97.4285 121.9249 2 4 0 0 1.2120 0 1 0 0.0000 0.9280
8 86.3785 114.4504 1 4 0 0 0.8190 0 1 0 0.0000 0.9280
8 63.6886 99.3253 1 1 0 1 2.7185 1 1 0 0.0000 0.9280
8 121.9180 85.3120 4 4 0 1 2.3466 1 1 0 0.0000 0.9280
8 77.5715 109.9897 1 2 0 0 1.0855 0 1 0 0.0000 0.9280
8 104.0930 67.8945 3 4 0 0 1.0088 0 1 0 0.0000 0.9280
8 110.5923 67.3542 3 3 0 1 3.2501 1 1 0 0.0000 0.9280
8 116.0171 54.0204 3 3 0 1 0.9254 1 1 0 0.0000 0.9280
8 86.6962 51.7089 3 3 0 1 0.7974 1 1 0 0.0000 0.9280
8 68.2180 104.2906 1 1 0 1 2.0564 1 1 0 0.0000 0.9280
8 94.4080 49.6970 3 3 0 1 0.8520 1 1 0 0.0000 0.9280
8 92.8701 115.4010 2 2 0 1 1.1542 1 1 0 0.0000 0.9280
8 126.1778 99.7698 4 4 0 1 2.1988 1 1 0 0.0000 0.9280
8 103.0627 66.6268 3 2 0 0 1.2708 0 1 0 0.0000 0.9280
8 94.3007 69.4132 3 3 0 1 0.9903 1 1 0 0.0000 0.9280
8 108.4486 68.6553 3 3 0 1 0.8633 1 1 0 0.0000 0.9280
8 99.8400 81.4098 3 3 0 1 0.8759 1 1 0 0.0000 0.9280
8 101.3815 73.0170 3 3 0 1 0.6336 1 1 0 0.0000 0.9280
8 126.4884 92.9181 4 4 0 1 1.7290 1 1 0 0.0000 0.9280
8 121.1033 94.5771 4 4 0 1 0.5010 1 1 0 0.0000 0.9280
8 52.2791 89.7587 1 1 0 1 0.7140 1 1 0 0.0000 0.9280
8 122.0819 84.6832 4 4 0 1 0.6433 1 1 0 0.0000 0.9280
8 100.6615 138.9520 2 2 0 1 0.8749 1 1 0 0.0000 0.9280
8 131.4001 98.8049 4 4 0 1 2.8246 1 1 0 0.0000 0.9280
8 107.4894 67.7759 3 3 0 1 1.4476 1 1 0 0.0000 0.9280
8 81.7898 111.5385 2 4 0 0 1.5408 0 1 0 0.0000 0.9280
8 70.7232 116.5256 1 3 0 0 0.6757 0 1 0 0.0000 0.9280
8 140.5597 95.9058 4 4 0 1 0.6687 1 1 0 0.0000 0.9280
8 92.0338 75.2069 3 3 0 1 1.0938 1 1 0 0.0000 0.9280
8 85.1726 84.3353 1 3 0 0 1.4651 0 1 0 0.0000 0.9280
8 123.6157 140.5805 2 4 0 0 0.6789 0 1 0 0.0000 0.9280
8 71.8123 78.3524 1 1 0 1 0.6879 1 1 0 0.0000 0.9280
8 70.7976 95.5266 1 1 0 1 0.8086 1 1 0 0.0000 0.9280
8 80.5237 83.7751 3 1 0 0 0.6291 0 1 0 0.0000 0.9280
8 104.4290 118.4309 2 4 0 0 1.0374 0 1 0 0.0000 0.9280
8 94.1610 140.3225 2 2 0 1 0.9119 1 1 0 0.0000 0.9280
8 112.8350 144.2134 2 2 0 1 0.8465 1 1 0 0.0000 0.9280
8 113.3018 55.9921 3 3 0 1 0.9558 1 1 0 0.0000 0.9280
8 97.8579 128.1863 2 2 0 1 1.3249 1 1 0 0.0000 0.9280
8 113.7865 95.2948 3 4 0 0 2.2940 0 1 0 0.0000 0.9280
8 91.4105 93.8808 3 3 0 1 1.1601 1 1 0 0.0000 0.9280
8 69.8536 99.2167 1 1 0 1 12.2854 1 1 0 0.0000 0.9280
8 72.1357 96.4958 1 1 0 1 1.6631 1 1 0 0.0000 0.9280
8 101.5459 83.4905 3 3 0 1 2.2572 1 1 0 0.0000 0.9280
8 95.9106 133.0822 2 4 0 0 0.8345 0 1 0 0.0000 0.9280
8 103.8039 134.0234 2 2 0 1 0.8153 1 1 0 0.0000 0.9280
8 99.2218 84.4636 3 3 0 1 0.8921 1 1 0 0.0000 0.9280
9 95.9689 62.9362 3 3 0 1 67.6383 1 1 0 0.0000 0.9280
9 112.0955 90.0869 4 4 0 1 1.5163 1 1 0 0.0000 0.9280
9 91.0872 110.3567 2 2 0 1 3.0174 1 1 0 0.0000 0.9280
9 132.9753 98.2457 4 4 0 1 3.1660 1 1 0 0.0000 0.9280
9 100.6753 135.6078 2 2 0 1 4.2147 1 1 0 0.0000 0.9280
9 105.9102 134.8433 2 2 0 1 0.8412 1 1 0 0.0000 0.9280
9 110.6129 128.7154 2 2 0 1 1.7336 1 1 0 0.0000 0.9280
9 116.8181 91.3350 3 3 0 1 0.9844 1 1 0 0.0000 0.9280
9 108.8770 124.8040 2 2 0 1 1.1448 1 1 0 0.0000 0.9280
9 103.7936 74.4077 3 4 0 0 0.8616 0 1 0 0.0000 0.9280
9 60.3511 114.3077 1 1 0 1 0.6675 1 1 0 0.0000 0.9280
9 96.8514 93.5220 1 4 0 0 1.6360 0 1 0 0.0000 0.9280
9 137.0833 98.5415 4 4 0 1 1.9890 1 1 0 0.0000 0.9280
9 93.3909 63.3240 3 3 0 1 3.0714 1 1 0 0.0000 0.9280
9 103.3200 134.0606 2 2 0 1 0.8866 1 1 0 0.0000 0.9280
9 62.8468 102.1042 1 1 0 1 0.7567 1 1 0 0.0000 0.9280
9 118.0005 110.7687 4 4 0 1 3.9515 1 1 0 0.0000 0.9280
9 69.8300 103.9540 1 1 0 1 1.2764 1 1 0 0.0000 0.9280
9 112.8966 126.8406 2 4 0 0 1.5251 0 1 0 0.0000 0.9280
9 132.4578 93.5496 4 4 0 1 0.6588 1 1 0 0.0000 0.9280
9 106.9555 129.7324 2 2 0 1 2.3627 1 1 0 0.0000 0.9280
9 71.0679 87.6457 1 1 0 1 1.0712 1 1 0 0.0000 0.9280
9 88.5755 154.7110 2 2 0 1 0.7697 1 1 0 0.0000 0.9280
9 139.5657 102.7081 4 4 0 1 0.8451 1 1 0 0.0000 0.9280
9 124.0074 108.1929 4 4 0 1 0.7940 1 1 0 0.0000 0.9280
9 98.9094 143.2802 2 2 0 1 0.6606 1 1 0 0.0000 0.9280
9 98.4734 67.9758 3 3 0 1 1.1979 1 1 0 0.0000 0.9280
9 76.1449 86.4680 1 1 0 1 0.8370 1 1 0 0.0000 0.9280
9 90.9195 50.3999 3 3 0 1 0.9615 1 1 0 0.0000 0.9280
9 69.9645 86.5683 1 1 0 1 1.9866 1 1 0 0.0000 0.9280
9 147.2658 83.1370 4 4 0 1 1.3417 1 1 0 0.0000 0.9280
9 89.2490 78.6219 3 3 0 1 1.0624 1 1 0 0.0000 0.9280
9 105.5005 79.1120 3 3 0 1 2.0100 1 1 0 0.0000 0.9280
9 108.6715 117.6680 2 4 0 0 3.4778 0 1 0 0.0000 0.9280
9 67.6983 96.7664 1 1 0 1 0.7106 1 1 0 0.0000 0.9280
9 64.3651 104.8376 1 3 0 0 0.8963 0 1 0 0.0000 0.9280
9 80.1447 103.8121 1 3 0 0 1.9685 0 1 0 0.0000 0.9280
9 103.5842 78.5183 3 3 0 1 1.9787 1 1 0 0.0000 0.9280
9 94.5580 127.3204 2 2 0 1 0.7587 1 1 0 0.0000 0.9280
9 95.5026 80.5391 3 4 0 0 1.2822 0 1 0 0.0000 0.9280
9 114.0655 154.3119 2 2 0 1 0.5854 1 1 0 0.0000 0.9280
9 66.8812 103.1281 1 2 0 0 1.8082 0 1 0 0.0000 0.9280
9 134.4524 99.3927 4 4 0 1 2.2296 1 1 0 0.0000 0.9280
9 135.2789 131.4748 4 4 0 1 1.0141 1 1 0 0.0000 0.9280
9 81.9795 108.6904 1 3 0 0 1.3508 0 1 0 0.0000 0.9280
9 85.2607 84.4604 1 3 0 0 3.1693 0 1 0 0.0000 0.9280
9 121.3137 98.8788 4 2 0 0 0.9705 0 1 0 0.0000 0.9280
9 114.5423 65.2524 3 4 0 0 1.3395 0 1 0 0.0000 0.9280
9 113.3941 91.5610 4 4 0 1 4.3898 1 1 0 0.0000 0.9280
9 142.5410 96.0239 4 4 0 1 1.6454 1 1 0 0.0000 0.9280
