1 128.0954 100.7774 4 2 0 0 7.7928 0 1 0 0.0000 0.0000
1 107.8802 133.4480 2 1 0 0 1.3325 0 1 0 0.0000 0.0000
1 58.3788 84.3613 1 3 0 0 6.6876 0 1 0 0.0000 0.0000
1 96.4990 80.8376 3 4 0 0 93.1209 0 1 0 0.0000 0.0000
1 119.2084 107.1740 4 3 0 0 10.8130 0 1 0 0.0000 0.0000
1 129.4118 107.4261 4 2 0 0 0.6015 0 1 0 0.0000 0.0000
1 98.0162 72.5907 3 1 0 0 0.2883 0 1 0 0.0000 0.0000
1 77.9282 100.4959 1 1 0 1 0.2556 1 1 0 0.0000 0.0000
1 104.9284 74.3248 3 2 0 0 1.6159 0 1 0 0.0000 0.0000
1 63.8999 101.5863 1 1 0 1 0.7523 1 1 0 0.0000 0.0000
1 121.8181 81.1996 4 4 0 1 0.6354 1 1 0 0.0000 0.0000
1 98.1891 128.3366 2 3 0 0 0.7710 0 1 0 0.0000 0.0000
1 134.8970 112.8241 4 3 0 0 0.6701 0 1 0 0.0000 0.0000
1 94.2845 48.6109 3 3 0 1 0.8866 1 1 0 0.0000 0.0000
1 129.4991 98.6783 4 1 0 0 1.6050 0 1 0 0.0000 0.0000
1 100.2263 73.7651 3 2 0 0 1.6065 0 1 0 0.0000 0.0000
1 118.5892 107.7876 2 2 0 1 1.2073 1 1 0 0.0000 0.0000
1 104.9014 118.6219 2 4 0 0 0.4613 0 1 0 0.0000 0.0000
1 64.0133 119.6554 1 4 0 0 0.8009 0 1 0 0.0000 0.0000
1 100.2864 72.4270 3 4 0 0 0.6208 0 1 0 0.0000 0.0000
1 39.4733 74.9602 1 4 0 0 0.3080 0 1 0 0.0000 0.0000
1 90.7955 75.5635 3 2 0 0 0.3067 0 1 0 0.0000 0.0000
1 78.4511 105.1860 1 1 0 1 0.2259 1 1 0 0.0000 0.0000
1 97.3704 74.7911 3 3 0 1 0.2715 1 1 0 0.0000 0.0000
1 104.7419 95.8541 4 3 0 0 0.4759 0 1 0 0.0000 0.0000
1 81.7712 111.1103 1 1 0 1 0.0799 1 1 0 0.0000 0.0000
1 119.6989 106.1292 4 2 0 0 0.0426 0 1 0 0.0000 0.0000
1 105.4858 142.3728 2 1 0 0 0.4046 0 1 0 0.0000 0.0000
1 104.8871 113.3817 2 4 0 0 1.4956 0 1 0 0.0000 0.0000
1 75.7972 136.1125 2 1 0 0 0.7742 0 1 0 0.0000 0.0000
1 97.6390 74.1439 3 1 0 0 0.6430 0 1 0 0.0000 0.0000
1 104.5539 75.9852 3 1 0 0 0.4273 0 1 0 0.0000 0.0000
1 135.3313 94.3023 4 2 0 0 0.3021 0 1 0 0.0000 0.0000
1 77.0563 105.1720 1 1 0 1 0.7961 1 1 0 0.0000 0.0000
1 89.2050 134.1374 2 3 0 0 0.8240 0 1 0 0.0000 0.0000
1 132.7079 98.4518 4 3 0 0 0.5180 0 1 0 0.0000 0.0000
1 100.6883 64.5680 3 3 0 1 0.8592 1 1 0 0.0000 0.0000
1 87.3135 64.0285 3 3 0 1 2.7448 1 1 0 0.0000 0.0000
1 96.4913 75.5477 3 3 0 1 0.8407 1 1 0 0.0000 0.0000
1 120.2365 105.3651 4 1 0 0 1.1583 0 1 0 0.0000 0.0000
1 75.5032 120.2016 1 1 0 1 0.9415 1 1 0 0.0000 0.0000
1 71.9726 116.2312 1 3 0 0 2.2546 0 1 0 0.0000 0.0000
1 104.6776 56.5007 3 2 0 0 1.1534 0 1 0 0.0000 0.0000
1 63.8414 99.9808 1 2 0 0 1.9753 0 1 0 0.0000 0.0000
1 95.9689 62.9362 3 2 0 0 0.7054 0 1 0 0.0000 0.0000
1 122.1147 103.2817 4 2 0 0 0.2848 0 1 0 0.0000 0.0000
1 63.4358 97.9667 1 1 0 1 0.8612 1 1 0 0.0000 0.0000
1 91.8422 58.5898 3 4 0 0 0.6678 0 1 0 0.0000 0.0000
1 65.6660 89.5178 1 1 0 1 0.6121 1 1 0 0.0000 0.0000
1 136.0329 94.3559 4 1 0 0 0.2529 0 1 0 0.0000 0.0000
1 109.2279 139.7944 2 1 0 0 0.0916 0 1 0 0.0000 0.0000
1 64.8654 97.4523 1 1 0 1 0.7108 1 1 0 0.0000 0.0000
1 109.8880 115.3438 2 2 0 1 0.7540 1 1 0 0.0000 0.0000
1 133.5661 96.3853 4 3 0 0 0.7339 0 1 0 0.0000 0.0000
1 59.3703 85.0339 1 3 0 0 0.3438 0 1 0 0.0000 0.0000
1 115.3325 116.7625 2 3 0 0 0.2487 0 1 0 0.0000 0.0000
1 97.5037 109.7229 2 3 0 0 0.3911 0 1 0 0.0000 0.0000
1 86.0869 61.6301 3 3 0 1 0.3602 1 1 0 0.0000 0.0000
1 120.9845 109.6560 4 1 0 0 0.6498 0 1 0 0.0000 0.0000
1 104.4554 125.8732 2 1 0 0 0.7870 0 1 0 0.0000 0.0000
1 140.9303 83.2723 4 1 0 0 0.7865 0 1 0 0.0000 0.0000
1 131.3731 96.3049 4 2 0 0 0.3834 0 1 0 0.0000 0.0000
1 71.0679 87.6457 1 3 0 0 0.1453 0 1 0 0.0000 0.0000
1 87.7432 121.7098 2 1 0 0 0.7474 0 1 0 0.0000 0.0000
1 136.1951 109.8769 4 4 0 1 1.0142 1 1 0 0.0000 0.0000
1 137.0168 95.2159 4 4 0 1 0.7280 1 1 0 0.0000 0.0000
1 58.4333 101.9441 1 4 0 0 0.7221 0 1 0 0.0000 0.0000
1 70.5587 113.6624 1 1 0 1 0.8435 1 1 0 0.0000 0.0000
1 71.8706 91.0002 1 4 0 0 1.3056 0 1 0 0.0000 0.0000
1 136.5479 103.7805 4 4 0 1 2.3863 1 1 0 0.0000 0.0000
1 104.5617 56.6949 3 2 0 0 1.0147 0 1 0 0.0000 0.0000
1 73.6712 95.8782 1 2 0 0 1.2895 0 1 0 0.0000 0.0000
1 64.6998 97.2169 1 3 0 0 0.7378 0 1 0 0.0000 0.0000
1 124.6191 98.2480 4 1 0 0 0.3486 0 1 0 0.0000 0.0000
1 106.3990 126.8403 2 4 0 0 0.6530 0 1 0 0.0000 0.0000
1 108.6715 117.6680 2 1 0 0 0.8046 0 1 0 0.0000 0.0000
1 150.1976 102.3980 4 1 0 0 0.8185 0 1 0 0.0000 0.0000
1 146.6449 104.1139 4 2 0 0 0.1461 0 1 0 0.0000 0.0000
1 92.5239 112.3685 2 3 0 0 0.5569 0 1 0 0.0000 0.0000
1 99.8924 122.9074 2 3 0 0 0.8504 0 1 0 0.0000 0.0000
1 80.5237 83.7751 3 1 0 0 0.3201 0 1 0 0.0000 0.0000
1 106.9334 125.3360 2 1 0 0 0.2404 0 1 0 0.0000 0.0000
1 56.7195 111.4643 1 2 0 0 0.9916 0 1 0 0.0000 0.0000
1 95.5026 80.5391 3 1 0 0 0.4016 0 1 0 0.0000 0.0000
1 107.1687 132.0388 2 4 0 0 0.2763 0 1 0 0.0000 0.0000
1 72.5890 103.3064 1 2 0 0 0.4512 0 1 0 0.0000 0.0000
1 95.3532 130.8562 2 3 0 0 0.2931 0 1 0 0.0000 0.0000
1 90.9566 126.3451 2 1 0 0 0.1479 0 1 0 0.0000 0.0000
1 101.9013 52.5659 3 2 0 0 0.4002 0 1 0 0.0000 0.0000
1 102.1490 115.6918 4 4 0 1 0.7226 1 1 0 0.0000 0.0000
1 105.6702 73.1600 3 2 0 0 1.0666 0 1 0 0.0000 0.0000
1 98.0211 135.4689 2 1 0 0 0.3498 0 1 0 0.0000 0.0000
1 107.3375 146.0332 2 3 0 0 1.0869 0 1 0 0.0000 0.0000
1 116.2361 104.3239 4 3 0 0 1.2173 0 1 0 0.0000 0.0000
1 101.1719 119.2859 2 3 0 0 0.3589 0 1 0 0.0000 0.0000
1 79.5622 79.5091 3 3 0 1 0.2957 1 1 0 0.0000 0.0000
1 96.6394 63.9314 3 1 0 0 0.6789 0 1 0 0.0000 0.0000
1 58.2609 103.3889 1 1 0 1 0.7375 1 1 0 0.0000 0.0000
1 79.5867 92.3888 1 4 0 0 0.2052 0 1 0 0.0000 0.0000
1 104.3017 71.1701 3 2 0 0 1.3380 0 1 0 0.0000 0.0000
2 106.2040 62.1277 3 1 0 0 1.4824 0 1 0 0.0000 0.0000
2 80.1687 102.4136 1 3 0 0 0.2179 0 1 0 0.0000 0.0000
2 76.8107 106.3702 1 2 0 0 0.7915 0 1 0 0.0000 0.0000
2 65.4832 111.9926 1 4 0 0 0.3078 0 1 0 0.0000 0.0000
2 64.4410 99.6203 1 2 0 0 7.4117 0 1 0 0.0000 0.0000
2 89.9558 64.8627 3 4 0 0 0.0573 0 1 0 0.0000 0.0000
2 81.3311 81.8530 1 3 0 0 0.4965 0 1 0 0.0000 0.0000
2 100.1930 132.4558 2 1 0 0 0.3557 0 1 0 0.0000 0.0000
2 81.7898 111.5385 2 1 0 0 0.4049 0 1 0 0.0000 0.0000
2 98.4903 82.6266 3 1 0 0 0.2772 0 1 0 0.0000 0.0000
2 95.9106 133.0822 2 2 0 1 0.2129 1 1 0 0.0000 0.0000
2 104.3078 130.6184 2 4 0 0 0.4985 0 1 0 0.0000 0.0000
2 128.9701 121.7062 4 4 0 1 0.7753 1 1 0 0.0000 0.0000
2 136.6421 100.5962 4 1 0 0 0.7392 0 1 0 0.0000 0.0000
2 114.0655 154.3119 2 1 0 0 0.7995 0 1 0 0.0000 0.0000
2 133.6609 106.8919 4 4 0 1 0.8132 1 1 0 0.0000 0.0000
2 63.6398 102.4741 1 4 0 0 1.5611 0 1 0 0.0000 0.0000
2 107.2683 82.1691 3 1 0 0 1.8487 0 1 0 0.0000 0.0000
2 70.9801 97.4984 1 1 0 1 0.7519 1 1 0 0.0000 0.0000
2 90.2632 82.8812 3 1 0 0 0.6678 0 1 0 0.0000 0.0000
2 83.5111 127.4984 2 2 0 1 1.4778 1 1 0 0.0000 0.0000
2 65.2718 109.8442 1 2 0 0 1.2993 0 1 0 0.0000 0.0000
2 147.2658 83.1370 4 1 0 0 0.6361 0 1 0 0.0000 0.0000
2 66.9838 90.4158 1 1 0 1 0.4521 1 1 0 0.0000 0.0000
2 90.6607 114.7931 2 3 0 0 0.3432 0 1 0 0.0000 0.0000
2 87.4036 103.1563 1 4 0 0 0.9845 0 1 0 0.0000 0.0000
2 93.3553 104.9840 1 4 0 0 1.2901 0 1 0 0.0000 0.0000
2 132.9753 98.2457 4 1 0 0 1.3632 0 1 0 0.0000 0.0000
2 126.2479 93.8255 4 3 0 0 0.5435 0 1 0 0.0000 0.0000
2 113.7865 95.2948 3 2 0 0 0.4531 0 1 0 0.0000 0.0000
2 105.2155 124.7106 2 1 0 0 0.2807 0 1 0 0.0000 0.0000
2 122.0819 84.6832 4 1 0 0 0.9028 0 1 0 0.0000 0.0000
2 108.9143 79.3603 3 4 0 0 0.2307 0 1 0 0.0000 0.0000
2 121.2142 99.1859 4 1 0 0 0.3091 0 1 0 0.0000 0.0000
2 94.9160 127.7004 2 3 0 0 0.5495 0 1 0 0.0000 0.0000
2 91.4105 93.8808 3 2 0 0 0.0742 0 1 0 0.0000 0.0000
2 90.9880 115.6455 2 1 0 0 1.1718 0 1 0 0.0000 0.0000
2 116.9702 92.0839 4 1 0 0 0.2821 0 1 0 0.0000 0.0000
2 84.9137 90.1487 3 1 0 0 0.2329 0 1 0 0.0000 0.0000
2 99.1364 69.9712 3 1 0 0 0.9353 0 1 0 0.0000 0.0000
2 119.7145 97.1257 4 1 0 0 0.3112 0 1 0 0.0000 0.0000
2 112.4084 118.7632 4 4 0 1 0.2469 1 1 0 0.0000 0.0000
2 84.3613 143.2540 2 1 0 0 0.1172 0 1 0 0.0000 0.0000
2 89.8963 132.1882 2 2 0 1 0.4664 1 1 0 0.0000 0.0000
2 64.2303 102.6138 1 1 0 1 0.3744 1 1 0 0.0000 0.0000
2 121.4979 110.0468 4 4 0 1 0.5355 1 1 0 0.0000 0.0000
2 88.9087 58.4290 3 3 0 1 1.0056 1 1 0 0.0000 0.0000
2 143.6140 95.9601 4 4 0 1 0.6223 1 1 0 0.0000 0.0000
2 106.0402 131.1355 2 4 0 0 0.9811 0 1 0 0.0000 0.0000
2 140.1412 112.9269 4 4 0 1 0.4854 1 1 0 0.0000 0.0000
2 118.1874 104.7384 4 3 0 0 0.7614 0 1 0 0.0000 0.0000
2 93.1776 65.4764 3 1 0 0 1.0611 0 1 0 0.0000 0.0000
2 96.0948 76.7071 3 4 0 0 1.5129 0 1 0 0.0000 0.0000
2 91.9709 124.1509 2 4 0 0 0.8402 0 1 0 0.0000 0.0000
2 91.8763 91.1651 1 2 0 0 0.6941 0 1 0 0.0000 0.0000
2 149.0769 86.5169 4 4 0 1 0.9288 1 1 0 0.0000 0.0000
2 95.7718 76.3855 3 3 0 1 0.4789 1 1 0 0.0000 0.0000
2 91.9586 81.3687 3 3 0 1 0.6100 1 1 0 0.0000 0.0000
2 115.6346 88.5311 3 3 0 1 0.5056 1 1 0 0.0000 0.0000
2 129.2654 80.7698 4 3 0 0 0.5908 0 1 0 0.0000 0.0000
2 143.8585 102.7132 4 2 0 0 0.7248 0 1 0 0.0000 0.0000
2 82.7276 60.7880 3 1 0 0 1.4243 0 1 0 0.0000 0.0000
2 101.4667 116.3394 2 2 0 1 0.4607 1 1 0 0.0000 0.0000
2 95.0387 77.2566 3 4 0 0 0.6239 0 1 0 0.0000 0.0000
2 117.5010 78.0190 3 2 0 0 0.4886 0 1 0 0.0000 0.0000
2 67.0568 102.8144 1 1 0 1 0.3334 1 1 0 0.0000 0.0000
2 96.9975 144.9041 2 4 0 0 0.4614 0 1 0 0.0000 0.0000
2 99.2808 114.3206 2 2 0 1 0.6578 1 1 0 0.0000 0.0000
2 100.1202 137.3844 2 3 0 0 0.9381 0 1 0 0.0000 0.0000
2 139.8791 103.1183 4 1 0 0 0.7133 0 1 0 0.0000 0.0000
2 126.2764 83.8192 4 1 0 0 0.8361 0 1 0 0.0000 0.0000
2 112.0955 90.0869 4 2 0 0 0.2093 0 1 0 0.0000 0.0000
2 102.5619 50.8807 3 2 0 0 0.2392 0 1 0 0.0000 0.0000
2 73.7486 110.4400 1 2 0 0 0.2528 0 1 0 0.0000 0.0000
2 86.3785 114.4504 1 2 0 0 0.2341 0 1 0 0.0000 0.0000
2 105.6745 113.8609 2 2 0 1 0.4232 1 1 0 0.0000 0.0000
2 100.2628 126.5816 2 2 0 1 0.3944 1 1 0 0.0000 0.0000
2 113.9239 134.0780 2 2 0 1 0.4435 1 1 0 0.0000 0.0000
2 68.2180 104.2906 1 2 0 0 0.2871 0 1 0 0.0000 0.0000
2 77.0293 88.6312 1 1 0 1 0.3511 1 1 0 0.0000 0.0000
2 65.5803 106.6743 1 1 0 1 0.5115 1 1 0 0.0000 0.0000
2 105.3467 81.1106 3 4 0 0 0.3083 0 1 0 0.0000 0.0000
2 114.5423 65.2524 3 3 0 1 0.5963 1 1 0 0.0000 0.0000
2 75.2274 96.2135 1 4 0 0 0.8898 0 1 0 0.0000 0.0000
2 131.4001 98.8049 4 3 0 0 0.9674 0 1 0 0.0000 0.0000
2 139.5657 102.7081 4 4 0 1 0.3434 1 1 0 0.0000 0.0000
2 69.7773 107.5104 1 1 0 1 0.5037 1 1 0 0.0000 0.0000
2 79.9215 80.1434 1 1 0 1 0.8122 1 1 0 0.0000 0.0000
2 96.1304 74.5303 3 1 0 0 0.6489 0 1 0 0.0000 0.0000
2 99.2885 68.1986 3 3 0 1 0.6894 1 1 0 0.0000 0.0000
2 125.0520 99.4714 4 3 0 0 0.4421 0 1 0 0.0000 0.0000
2 88.0723 90.5523 3 3 0 1 0.7968 1 1 0 0.0000 0.0000
2 85.2607 84.4604 1 3 0 0 0.9685 0 1 0 0.0000 0.0000
2 110.0177 129.0274 2 4 0 0 0.5856 0 1 0 0.0000 0.0000
2 69.1136 108.5233 1 1 0 1 0.4647 1 1 0 0.0000 0.0000
2 101.9270 124.9169 2 1 0 0 0.7091 0 1 0 0.0000 0.0000
2 78.0756 96.2654 1 2 0 0 0.4635 0 1 0 0.0000 0.0000
2 132.4578 93.5496 4 1 0 0 0.3075 0 1 0 0.0000 0.0000
2 96.2220 119.3550 2 4 0 0 0.2903 0 1 0 0.0000 0.0000
2 116.6820 143.1406 2 3 0 0 0.0958 0 1 0 0.0000 0.0000
3 109.0777 102.4331 4 1 0 0 0.4905 0 1 0 0.0000 0.0000
3 88.1573 69.8247 3 2 0 0 0.8958 0 1 0 0.0000 0.0000
3 100.2814 82.6420 3 3 0 1 0.2394 1 1 0 0.0000 0.0000
3 146.5705 88.5627 4 1 0 0 0.1093 0 1 0 0.0000 0.0000
3 103.5842 78.5183 3 4 0 0 0.1685 0 1 0 0.0000 0.0000
3 111.1157 67.1623 3 2 0 0 0.1173 0 1 0 0.0000 0.0000
3 133.6424 103.4671 4 1 0 0 0.5309 0 1 0 0.0000 0.0000
3 111.5165 115.1448 2 4 0 0 0.2965 0 1 0 0.0000 0.0000
3 99.8400 81.4098 3 3 0 1 0.9680 1 1 0 0.0000 0.0000
3 81.4458 97.6135 1 1 0 1 1.3688 1 1 0 0.0000 0.0000
3 72.5930 121.4012 1 2 0 0 1.3800 0 1 0 0.0000 0.0000
3 83.8468 132.1807 2 1 0 0 0.9271 0 1 0 0.0000 0.0000
3 68.4902 100.3769 1 4 0 0 0.3028 0 1 0 0.0000 0.0000
3 129.2137 95.3005 4 3 0 0 0.3195 0 1 0 0.0000 0.0000
3 91.7822 124.1051 2 3 0 0 0.2702 0 1 0 0.0000 0.0000
3 100.7278 116.5772 2 3 0 0 0.6370 0 1 0 0.0000 0.0000
3 137.3987 90.8951 4 3 0 0 0.4215 0 1 0 0.0000 0.0000
3 95.8447 83.3202 3 3 0 1 0.3610 1 1 0 0.0000 0.0000
3 85.8959 100.2280 1 3 0 0 0.3929 0 1 0 0.0000 0.0000
3 114.8966 101.9000 4 4 0 1 0.0101 1 1 0 0.0000 0.0000
3 65.5740 101.7929 1 1 0 1 0.2101 1 1 0 0.0000 0.0000
3 104.7563 75.8659 3 3 0 1 0.3673 1 1 0 0.0000 0.0000
3 117.3649 99.6703 4 2 0 0 0.3204 0 1 0 0.0000 0.0000
3 107.4919 124.2660 2 2 0 1 0.4657 1 1 0 0.0000 0.0000
3 93.6683 67.5234 3 1 0 0 0.2129 0 1 0 0.0000 0.0000
3 96.1414 112.7962 2 1 0 0 0.2581 0 1 0 0.0000 0.0000
3 110.2706 135.7376 2 4 0 0 1.0084 0 1 0 0.0000 0.0000
3 108.8706 89.0201 4 3 0 0 0.4812 0 1 0 0.0000 0.0000
3 88.9110 106.8961 1 4 0 0 0.3427 0 1 0 0.0000 0.0000
3 68.7974 98.9162 1 1 0 1 0.3419 1 1 0 0.0000 0.0000
3 101.9040 83.9635 3 2 0 0 0.2155 0 1 0 0.0000 0.0000
3 59.6690 94.7477 1 4 0 0 0.1007 0 1 0 0.0000 0.0000
3 100.6615 138.9520 2 3 0 0 0.4795 0 1 0 0.0000 0.0000
3 110.4685 121.2093 2 1 0 0 0.1618 0 1 0 0.0000 0.0000
3 111.8528 115.5680 2 2 0 1 0.1578 1 1 0 0.0000 0.0000
3 78.1565 106.1586 1 4 0 0 0.0578 0 1 0 0.0000 0.0000
3 83.6900 97.7592 1 1 0 1 0.1306 1 1 0 0.0000 0.0000
3 80.1447 103.8121 1 3 0 0 0.3174 0 1 0 0.0000 0.0000
3 90.4904 90.7713 1 4 0 0 0.4921 0 1 0 0.0000 0.0000
3 124.0902 118.9130 4 2 0 0 0.3036 0 1 0 0.0000 0.0000
3 117.0446 134.5159 2 1 0 0 0.2242 0 1 0 0.0000 0.0000
3 99.8686 69.5788 3 3 0 1 0.1733 1 1 0 0.0000 0.0000
3 106.9445 67.1810 3 1 0 0 0.2161 0 1 0 0.0000 0.0000
3 116.0171 54.0204 3 2 0 0 0.1488 0 1 0 0.0000 0.0000
3 95.7107 96.6214 1 4 0 0 0.0968 0 1 0 0.0000 0.0000
3 97.6917 64.1212 3 1 0 0 0.1088 0 1 0 0.0000 0.0000
3 104.8713 112.1152 2 3 0 0 0.2952 0 1 0 0.0000 0.0000
3 129.5553 104.7185 4 2 0 0 0.2943 0 1 0 0.0000 0.0000
3 138.1050 78.6352 4 4 0 1 0.0379 1 1 0 0.0000 0.0000
3 98.2208 65.4573 3 3 0 1 7.5262 1 1 0 1.8414 0.0000
3 131.9336 115.7457 4 1 0 0 5.4115 0 1 1 1.0983 0.5000
3 126.4884 92.9181 4 2 0 0 1.0928 0 1 0 0.7795 0.3333
3 91.9341 128.1148 2 1 0 0 2.9747 0 1 1 0.6483 0.5000
3 60.9801 93.5680 1 1 0 1 1.3027 1 1 1 0.8842 0.6000
3 85.6290 129.7241 2 3 0 0 1.1287 0 1 1 0.7842 0.6667
3 97.0720 123.3270 2 1 0 0 1.0414 0 1 1 1.1606 0.7143
3 100.5722 59.0357 3 1 0 0 1.3809 0 1 0 0.7413 0.6250
3 98.2451 120.4918 2 1 0 0 0.6623 0 1 0 0.8676 0.5556
3 129.3278 121.8224 4 1 0 0 0.8389 0 1 1 0.8564 0.6000
3 95.8101 77.8261 3 3 0 1 0.6031 1 1 1 0.8064 0.6364
3 127.7091 94.5345 4 1 0 0 0.5844 0 1 0 0.6119 0.5833
3 94.4813 130.1834 2 1 0 0 0.8991 0 1 1 1.6058 0.6154
3 119.9412 80.9812 3 1 0 0 1.5014 0 1 1 0.8318 0.6429
3 98.5304 129.2492 2 1 0 0 0.9954 0 1 1 0.6642 0.6667
3 116.8400 79.5157 3 3 0 1 0.7909 1 1 1 0.4233 0.6875
3 77.0428 103.0216 1 2 0 0 0.5597 0 1 1 0.7925 0.7059
3 154.9917 97.4097 4 1 0 0 0.9859 0 1 0 0.6549 0.6667
3 91.5153 109.5289 2 3 0 0 0.3341 0 1 0 0.8184 0.6316
3 70.0570 97.8239 1 1 0 1 1.5411 1 1 1 0.6331 0.6500
3 109.8450 73.7830 3 1 0 0 0.8716 0 1 1 0.7779 0.6667
3 107.8462 71.1292 3 1 0 0 1.3879 0 1 0 0.5082 0.6364
3 110.7196 116.0871 2 3 0 0 0.9676 0 1 1 1.1010 0.6522
3 76.2416 107.6445 1 2 0 0 0.6310 0 1 1 0.6902 0.6667
3 76.5790 100.0855 1 3 0 0 0.6262 0 1 0 0.8141 0.6400
3 122.0531 99.8556 4 1 0 0 0.0825 0 1 0 0.7216 0.6154
3 125.8238 82.1636 4 3 0 0 0.6596 0 1 1 0.9765 0.6296
3 74.1058 102.7346 1 1 0 1 0.6328 1 1 0 0.6456 0.6071
3 74.0931 102.4500 1 1 0 1 0.7736 1 1 1 0.8384 0.6207
3 132.9935 87.5063 4 3 0 0 0.4092 0 1 1 0.4155 0.6333
3 107.5018 121.6098 2 1 0 0 0.5683 0 1 1 1.1551 0.6452
3 121.1033 94.5771 4 3 0 0 0.5739 0 1 1 0.7912 0.6563
3 96.6668 66.6565 3 1 0 0 0.5378 0 1 1 1.0114 0.6667
3 109.2525 147.8820 2 2 0 1 0.6184 1 1 0 0.7421 0.6471
3 81.3666 54.0435 3 1 0 0 0.7277 0 1 1 0.6633 0.6571
3 117.8498 104.5631 4 1 0 0 0.5178 0 1 1 0.8620 0.6667
3 131.8167 93.1313 4 2 0 0 0.4505 0 1 1 1.2100 0.6757
3 89.4633 121.3259 2 3 0 0 0.5509 0 1 1 0.8000 0.6842
3 143.4742 104.9102 4 1 0 0 0.8664 0 1 0 0.7239 0.6667
3 76.3090 94.5660 1 1 0 1 0.6611 1 1 1 0.6083 0.6750
3 96.0057 70.3104 3 3 0 1 0.4458 1 1 1 0.5325 0.6829
3 78.5336 135.8575 2 1 0 0 0.4482 0 1 1 0.9518 0.6905
3 94.4599 89.8636 3 2 0 0 0.4301 0 1 1 0.6290 0.6977
3 122.5304 84.5825 4 1 0 0 0.3074 0 1 0 0.4553 0.6818
3 66.3930 108.7872 1 1 0 1 0.5149 1 1 1 0.9561 0.6889
3 56.4131 94.2644 1 3 0 0 0.3877 0 1 1 0.7133 0.6957
3 104.9786 107.9879 2 2 0 1 0.3628 1 1 0 0.5920 0.6809
3 79.1953 108.8968 1 1 0 1 0.5255 1 1 1 0.5347 0.6875
3 100.2872 72.8516 3 3 0 1 0.5159 1 1 1 0.7494 0.6939
3 109.2990 94.7243 4 1 0 0 1.9822 0 1 1 0.8782 0.7000
3 67.4598 105.3197 1 1 0 1 0.3398 1 1 1 0.8098 0.7059
4 91.3367 66.3946 3 1 1 0 1.4525 1 0 1 1.9984 0.7115
4 135.1553 91.0800 4 2 1 0 0.6725 0 0 0 1.2309 0.6981
4 113.6511 134.4659 2 1 4 0 0.5883 0 0 1 0.9996 0.7037
4 71.1379 121.6782 1 2 3 0 0.9436 0 0 1 0.8840 0.7091
4 71.1468 98.6645 1 3 2 0 0.4087 0 0 0 0.3994 0.6964
4 96.4923 64.0008 3 1 2 0 0.3286 0 0 1 0.6851 0.7018
4 71.8123 78.3524 1 3 2 0 0.5082 0 0 1 0.4366 0.7069
4 112.8350 144.2134 2 1 1 0 0.6378 1 0 1 0.6502 0.7119
4 138.1587 109.2010 4 1 2 0 0.6663 0 0 1 0.7003 0.7167
4 79.3883 101.9495 1 3 3 0 0.3266 1 0 1 0.6509 0.7213
4 124.0074 108.1929 4 2 3 0 0.3293 0 0 1 0.8136 0.7258
4 85.6570 87.3307 1 4 3 0 0.7037 0 0 1 0.7324 0.7302
4 84.3642 77.5642 3 1 3 0 0.3660 0 0 1 0.8671 0.7344
4 71.1015 89.3096 1 1 2 1 0.4711 0 0 1 0.4303 0.7385
4 70.7976 95.5266 1 2 1 0 0.1531 0 0 1 0.4087 0.7424
4 105.8389 59.3266 3 3 2 1 0.1143 0 0 1 0.4315 0.7463
4 99.0396 118.4244 2 1 3 0 0.2803 0 0 1 0.3954 0.7500
4 65.2252 109.4380 1 4 3 0 0.4990 0 0 1 0.4422 0.7536
4 91.6651 129.7944 2 3 4 0 0.1950 0 0 1 0.4829 0.7571
4 92.0338 75.2069 3 1 4 0 0.6226 0 0 1 0.5697 0.7606
4 108.4486 68.6553 3 1 4 0 0.5505 0 0 1 0.5924 0.7639
4 88.9518 121.9229 2 1 2 0 0.6217 0 0 1 0.5708 0.7671
4 94.5967 82.4114 3 3 4 1 0.4084 0 0 1 0.5736 0.7703
4 87.6885 64.6841 3 2 3 0 0.4419 0 0 1 0.5127 0.7733
4 62.3993 88.2892 1 3 4 0 0.1395 0 0 1 0.7782 0.7763
4 87.9524 84.3511 1 1 3 1 0.2195 0 0 0 0.6519 0.7662
4 103.6479 80.3249 3 2 1 0 0.6043 0 0 1 0.5670 0.7692
4 102.0303 55.2700 3 3 2 1 0.5314 0 0 1 0.4593 0.7722
4 134.4524 99.3927 4 1 2 0 0.1978 0 0 0 0.7110 0.7625
4 122.3346 91.6734 4 3 3 0 0.4217 1 0 1 0.7313 0.7654
4 87.3270 119.1106 2 1 4 0 1.7877 0 0 1 1.0768 0.7683
4 129.6425 91.9746 4 3 1 0 0.3820 0 0 1 0.7068 0.7711
4 133.3195 99.7161 4 1 2 0 0.5168 0 0 1 0.6215 0.7738
4 107.3234 140.2796 2 2 2 1 0.2836 1 0 0 0.6075 0.7647
4 102.6554 124.9706 2 3 2 0 0.8623 0 0 1 0.9452 0.7674
4 94.4389 74.6188 3 1 4 0 0.5511 0 0 1 0.7383 0.7701
4 64.4745 77.5333 1 2 3 0 0.3717 0 0 1 0.5206 0.7727
4 127.9187 108.3813 4 3 3 0 0.1329 1 0 0 0.7077 0.7640
4 72.5069 95.0757 1 4 2 0 0.0205 0 0 1 1.1189 0.7667
4 123.5913 90.9964 3 1 4 0 0.0117 0 0 0 0.8889 0.7582
4 121.8793 109.9178 4 1 1 0 0.5573 1 0 1 0.7764 0.7609
4 88.5755 154.7110 2 3 2 0 0.3144 0 0 1 0.5584 0.7634
4 81.9811 122.2044 2 1 4 0 0.3485 0 0 1 0.6572 0.7660
4 61.8078 120.1106 1 1 4 1 0.2884 0 0 1 0.7403 0.7684
4 97.0638 60.2841 3 1 4 0 0.1665 0 0 1 0.7744 0.7708
4 103.3426 114.0996 2 3 4 0 0.0891 0 0 1 0.4383 0.7732
4 64.1784 95.8536 1 1 2 1 0.2238 0 0 1 0.6418 0.7755
4 75.2236 88.3775 1 1 1 1 0.3214 1 0 1 0.6294 0.7778
4 114.9372 130.4124 2 3 2 0 0.1334 0 0 1 0.6614 0.7800
4 94.8067 71.0829 3 1 1 0 0.0845 1 0 1 0.7373 0.7822
4 74.2789 93.9803 1 3 4 0 0.1455 0 0 1 0.3548 0.7843
4 71.3646 100.4742 1 1 3 1 0.1231 0 0 1 0.6013 0.7864
4 91.6975 118.6216 2 1 3 0 0.4227 0 0 0 0.6368 0.7788
4 103.9174 117.3660 2 3 2 0 0.4596 0 0 1 1.4911 0.7810
4 90.9948 70.2116 3 1 1 0 0.3595 1 0 1 0.4775 0.7830
4 56.6860 103.5982 1 3 2 0 0.2635 0 0 1 0.9862 0.7850
4 82.9756 154.2510 2 1 1 0 0.5151 1 0 1 0.9097 0.7870
4 101.0772 80.8251 3 3 3 1 0.4194 1 0 0 0.4422 0.7798
4 108.8308 89.4585 3 1 4 0 0.3246 0 0 1 0.7441 0.7818
4 111.1212 118.3085 4 1 2 0 0.2977 0 0 1 0.5880 0.7838
4 73.5563 72.2028 3 3 2 1 0.2325 0 0 1 0.9540 0.7857
4 85.5099 78.3823 3 2 1 0 0.6883 0 0 0 0.8608 0.7788
4 111.7206 105.1756 4 3 1 0 0.6892 0 0 0 0.3971 0.7719
4 75.4131 94.6944 1 1 3 1 0.5176 0 0 0 0.7836 0.7652
4 87.5448 133.7851 2 3 1 0 0.1947 0 0 1 1.0116 0.7672
4 80.0384 101.4079 1 1 2 1 1.2754 0 0 1 0.3631 0.7692
4 92.8701 115.4010 2 3 4 0 0.0198 0 0 1 0.9282 0.7712
4 87.6377 87.8999 1 1 2 1 0.2937 0 0 0 0.7785 0.7647
4 95.9898 78.3730 3 3 1 1 0.5581 0 0 1 0.6005 0.7667
4 78.2270 104.3290 1 1 3 1 0.2305 0 0 0 0.2797 0.7603
4 49.0672 104.1744 1 3 2 0 0.1253 0 0 1 0.8597 0.7623
4 95.6356 122.0070 2 3 4 0 0.0155 0 0 1 0.8916 0.7642
4 107.7094 136.7320 2 3 3 0 0.0316 1 0 1 0.6680 0.7661
4 136.2692 109.1555 4 3 4 0 0.1559 0 0 1 0.9555 0.7680
4 134.6237 92.0509 4 1 3 0 0.0979 0 0 1 0.6563 0.7698
4 103.5026 142.9016 2 3 4 0 0.0466 0 0 1 0.6519 0.7717
4 124.7199 97.3623 4 3 2 0 0.4261 0 0 1 0.4159 0.7734
4 124.5032 78.1772 4 1 3 0 0.0558 0 0 1 0.6290 0.7752
4 121.7999 103.9522 4 1 1 0 0.1641 1 0 0 0.7562 0.7692
4 66.8812 103.1281 1 3 1 0 0.7569 0 0 1 0.7565 0.7710
4 105.5005 79.1120 3 1 3 0 0.3100 0 0 1 1.0021 0.7727
4 142.5410 96.0239 4 1 2 0 0.3853 0 0 0 0.7276 0.7669
4 127.1002 108.3619 4 1 3 0 0.2157 0 0 1 0.7776 0.7687
4 100.6753 135.6078 2 3 4 0 0.1396 0 0 1 0.5059 0.7704
4 69.4482 106.4665 1 1 1 1 0.1335 1 0 1 0.8691 0.7721
4 107.4894 67.7759 3 3 3 1 0.1203 1 0 1 0.8867 0.7737
4 132.5168 79.3665 4 2 3 0 0.1399 0 0 1 0.4417 0.7754
4 127.7061 107.1893 4 4 4 1 0.2749 1 0 1 0.7246 0.7770
4 126.8054 79.3947 4 2 3 0 0.2446 0 0 1 0.9341 0.7786
4 107.7221 122.8525 2 1 1 0 0.1241 1 0 1 0.4757 0.7801
4 103.5668 102.0057 2 3 1 0 0.3727 0 0 1 0.7129 0.7817
4 113.0291 96.0229 4 2 1 0 0.3605 0 0 1 1.1161 0.7832
4 99.0352 89.4037 3 1 3 0 0.1180 0 0 1 0.8048 0.7847
4 116.7106 100.2723 4 3 2 0 0.3588 0 0 0 0.8108 0.7793
4 139.6484 97.5681 4 2 4 0 0.3822 0 0 1 0.7723 0.7808
4 103.3200 134.0606 2 3 2 0 0.3755 0 0 0 0.7495 0.7755
4 105.3632 117.7025 2 1 1 0 0.2082 1 0 1 0.6598 0.7770
4 103.3468 81.9164 3 3 1 1 0.2286 0 0 1 0.5973 0.7785
4 91.9884 65.8295 3 1 1 0 0.5629 1 0 1 0.5742 0.7800
4 119.6669 98.9626 4 2 2 0 0.3318 1 0 1 0.6881 0.7815
5 71.7453 107.3721 1 2 2 0 1.3225 1 0 1 0.4568 0.7829
5 71.6742 104.6640 1 3 2 0 0.2116 0 0 1 0.7257 0.7843
5 107.2509 127.7588 2 1 1 0 0.1504 1 0 1 1.1423 0.7857
5 102.1550 55.7520 3 1 2 0 0.4327 0 0 1 0.6959 0.7871
5 122.2716 97.8254 4 2 1 0 0.3927 0 0 1 0.6390 0.7885
5 144.1202 106.3873 4 3 4 0 0.1087 0 0 1 0.5058 0.7898
5 127.5829 95.3633 4 3 3 0 0.4374 1 0 1 0.4758 0.7911
5 124.5032 100.2541 4 2 3 0 0.3905 0 0 0 0.5893 0.7862
5 79.8248 110.0313 1 3 1 0 0.3461 0 0 1 0.4304 0.7875
5 102.1152 59.2238 3 1 3 0 0.3281 0 0 0 0.4289 0.7826
5 112.3647 123.1131 2 3 4 0 0.1180 0 0 1 1.0449 0.7840
5 96.8514 93.5220 1 3 4 0 0.2853 0 0 1 0.6728 0.7853
5 100.3058 142.8041 2 1 4 0 0.1456 0 0 1 0.5623 0.7866
5 53.1331 82.5922 1 1 2 1 0.4294 0 0 1 0.5827 0.7879
5 78.1628 109.6438 1 3 2 0 0.3884 0 0 1 0.6183 0.7892
5 68.0811 97.2900 1 1 3 1 0.1997 0 0 1 0.7938 0.7904
5 58.3275 73.3529 1 3 3 0 0.3802 1 0 1 0.6091 0.7917
5 74.1195 99.1445 1 3 1 0 0.2066 0 0 1 0.7186 0.7929
5 95.4788 69.3943 3 3 3 1 0.1906 1 0 1 0.5749 0.7941
5 113.3941 91.5610 4 3 4 0 0.2997 0 0 1 0.5113 0.7953
5 75.8624 81.3255 1 3 2 0 0.1061 0 0 1 0.5668 0.7965
5 135.2789 131.4748 4 3 3 0 0.3075 1 0 1 0.4065 0.7977
5 132.7261 92.5790 4 1 4 0 0.2231 0 0 1 0.5144 0.7989
5 126.1796 107.6207 4 3 3 0 0.1728 1 0 1 0.4453 0.8000
5 91.6309 131.5931 2 1 1 0 0.7436 1 0 1 0.7119 0.8011
5 114.1970 77.1463 3 3 3 1 0.5047 1 0 1 0.7859 0.8023
5 111.8529 106.1376 4 1 4 0 0.0687 0 0 1 0.4355 0.8034
5 88.6969 141.3633 2 3 1 0 0.2518 0 0 1 0.6546 0.8045
5 80.0327 125.0308 2 1 4 0 0.1245 0 0 1 0.5721 0.8056
5 55.6794 110.5232 1 1 4 1 0.4738 0 0 1 0.7064 0.8066
5 101.8316 65.4209 3 3 4 1 0.1460 0 0 1 0.7389 0.8077
5 125.4987 91.7156 4 3 1 0 0.3576 0 0 1 0.6988 0.8087
5 96.4548 124.9745 2 3 3 0 0.1708 1 0 1 0.4259 0.8098
5 98.9094 143.2802 2 3 3 0 0.2439 1 0 1 0.3740 0.8108
5 91.0872 110.3567 2 3 4 0 0.2059 0 0 0 0.6540 0.8065
5 109.0030 126.8378 2 1 1 0 0.1726 1 0 0 0.6051 0.8021
5 77.5306 86.0670 1 3 3 0 0.4105 1 0 1 0.5909 0.8032
5 131.7155 99.7142 4 3 1 0 0.4786 0 0 1 0.4226 0.8042
5 125.0165 87.0374 4 1 4 0 0.6087 0 0 1 0.8609 0.8053
5 95.6192 81.2971 3 1 3 0 0.2269 0 0 1 1.7337 0.8063
5 148.4004 105.7397 4 3 1 0 0.4497 0 0 0 0.5052 0.8021
5 105.2428 69.6735 3 1 1 0 0.4365 1 0 1 1.1148 0.8031
5 78.0881 134.8433 2 2 4 1 0.1965 0 0 0 1.1572 0.7990
5 92.9690 69.1337 3 3 4 1 0.0676 0 0 0 0.4819 0.7949
5 68.9197 110.3770 1 3 3 0 0.2039 1 0 1 0.7163 0.7959
5 87.1385 149.7429 2 3 3 0 0.2696 1 0 1 0.6887 0.7970
5 101.3003 118.2468 2 3 4 0 0.3059 0 0 1 0.8863 0.7980
5 118.2760 134.3861 2 2 2 1 0.1871 1 0 1 0.7305 0.7990
5 94.5523 61.3336 3 1 2 0 0.8278 0 0 0 0.3010 0.7950
5 141.1648 118.9442 4 1 2 0 0.5087 0 0 0 0.0000 0.7950
5 125.3780 93.6617 4 3 1 0 0.3550 0 0 0 0.0000 0.7950
5 95.0873 138.8186 2 4 1 0 0.1787 0 0 0 0.0000 0.7950
5 104.7584 57.8152 3 1 3 0 0.1738 0 0 0 0.0000 0.7950
5 73.3303 105.7902 1 1 3 1 0.0902 0 0 0 0.0000 0.7950
5 72.0866 111.0079 1 1 1 1 0.0206 1 0 0 0.0000 0.7950
5 133.6930 86.1741 4 3 1 0 0.1425 0 0 0 0.0000 0.7950
5 116.9842 121.0366 4 2 3 0 0.2649 0 0 0 0.0000 0.7950
5 90.2395 128.2253 2 4 2 0 0.3113 0 0 0 0.0000 0.7950
5 101.7032 60.1956 3 1 4 0 0.2149 0 0 0 0.0000 0.7950
5 107.7046 80.5418 3 1 1 0 0.1325 1 0 0 0.0000 0.7950
5 72.9761 91.8513 1 2 2 0 0.4961 1 0 0 0.0000 0.7950
5 66.9476 106.2204 1 3 3 0 0.1484 1 0 0 0.0000 0.7950
5 88.9286 109.5578 2 1 3 0 0.1448 0 0 0 0.0000 0.7950
5 103.7841 117.2437 2 1 1 0 0.1413 1 0 0 0.0000 0.7950
5 136.8027 115.4470 4 2 2 0 0.2815 1 0 0 0.0000 0.7950
5 103.2945 76.8177 3 3 4 1 0.2319 0 0 0 0.0000 0.7950
5 101.5544 85.0108 3 4 4 0 0.1651 1 0 0 0.0000 0.7950
5 110.4528 128.4331 2 1 3 0 0.0655 0 0 0 0.0000 0.7950
5 99.7772 123.8030 2 2 2 1 0.0750 1 0 0 0.0000 0.7950
5 150.6347 101.2032 4 3 4 0 0.0682 0 0 0 0.0000 0.7950
5 114.0260 71.2138 3 3 3 1 0.0622 1 0 0 0.0000 0.7950
5 63.0102 111.5537 1 1 4 1 0.0566 0 0 0 0.0000 0.7950
5 69.6821 91.3549 1 2 4 0 0.2115 0 0 0 0.0000 0.7950
5 137.0833 98.5415 4 1 4 0 0.1298 0 0 0 0.0000 0.7950
5 57.9441 87.1006 1 4 3 0 0.0458 0 0 0 0.0000 0.7950
5 104.7057 119.4283 2 3 1 0 0.0225 0 0 0 0.0000 0.7950
5 111.7934 125.1150 2 1 3 0 0.1745 0 0 0 0.0000 0.7950
5 106.4592 68.8722 3 2 2 0 0.0421 1 0 0 0.0000 0.7950
5 94.9339 58.1167 3 1 1 0 0.0205 1 0 0 0.0000 0.7950
5 111.4199 105.7905 4 4 1 1 0.2376 0 0 0 0.0000 0.7950
5 104.8673 128.2429 2 4 2 0 0.1384 0 0 0 0.0000 0.7950
5 106.3064 69.9625 3 3 3 1 0.1348 1 0 0 0.0000 0.7950
5 64.8705 105.0281 1 1 2 1 0.0824 0 0 0 0.0000 0.7950
5 136.7401 101.5012 4 1 4 0 0.1251 0 0 0 0.0000 0.7950
5 75.9614 119.5233 1 2 2 0 0.2963 1 0 0 0.0000 0.7950
5 82.9178 60.6965 3 3 1 1 0.4555 0 0 0 0.0000 0.7950
5 105.9102 134.8433 2 3 3 0 0.7478 1 0 0 0.0000 0.7950
5 52.2791 89.7587 1 4 2 0 0.4079 0 0 0 0.0000 0.7950
5 137.3462 113.9915 4 3 3 0 0.7291 1 0 0 0.0000 0.7950
5 64.7903 77.3709 1 1 4 1 0.5470 0 0 0 0.0000 0.7950
5 106.8019 73.1424 3 2 1 0 0.5690 0 0 0 0.0000 0.7950
5 133.3841 95.1198 4 4 4 1 0.1934 1 0 0 0.0000 0.7950
5 98.8722 73.9907 3 3 1 1 0.0617 0 0 0 0.0000 0.7950
5 98.9164 142.1705 2 1 2 0 0.2001 0 0 0 0.0000 0.7950
5 115.8688 77.2415 3 2 4 0 0.1490 0 0 0 0.0000 0.7950
5 116.9347 101.9188 4 4 4 1 0.1762 1 0 0 0.0000 0.7950
5 97.2248 74.9069 3 3 4 1 0.2509 0 0 0 0.0000 0.7950
5 113.3018 55.9921 3 4 1 0 0.1521 0 0 0 0.0000 0.7950
5 71.0004 111.1560 1 3 2 0 0.3232 0 0 0 0.0000 0.7950
5 89.3754 80.2530 3 3 2 1 0.0524 0 0 0 0.0000 0.7950
6 123.5472 93.8877 4 3 4 0 0.7625 0 0 0 0.0000 0.7950
6 95.1936 94.8259 3 2 2 0 0.1859 1 0 0 0.0000 0.7950
6 107.9136 64.3814 3 4 2 0 0.0227 0 0 0 0.0000 0.7950
6 91.5616 71.1302 3 1 1 0 0.0311 1 0 0 0.0000 0.7950
6 98.1793 69.0923 3 1 4 0 0.0871 0 0 0 0.0000 0.7950
6 74.4056 94.8732 1 4 3 0 0.4667 0 0 0 0.0000 0.7950
6 78.2750 98.0735 1 2 2 0 0.0370 1 0 0 0.0000 0.7950
6 76.4013 95.2955 1 3 3 0 0.1590 1 0 0 0.0000 0.7950
6 122.8224 101.7694 4 1 4 0 0.1546 0 0 0 0.0000 0.7950
6 82.7853 71.5963 3 3 4 1 0.4077 0 0 0 0.0000 0.7950
6 106.8346 93.8795 4 3 2 0 0.0906 0 0 0 0.0000 0.7950
6 95.9064 128.1414 2 3 1 0 0.0518 0 0 0 0.0000 0.7950
6 121.0435 119.9764 2 3 3 0 0.5898 1 0 0 0.0000 0.7950
6 124.1812 129.4869 4 2 2 0 0.2121 1 0 0 0.0000 0.7950
6 94.9039 108.7768 2 1 2 0 0.0337 0 0 0 0.0000 0.7950
6 101.5083 136.7463 2 4 2 0 0.0273 0 0 0 0.0000 0.7950
6 77.5715 109.9897 1 3 4 0 0.0898 0 0 0 0.0000 0.7950
6 101.5874 128.6738 2 2 4 1 0.2237 0 0 0 0.0000 0.7950
6 107.5802 141.2795 2 1 4 0 0.2212 0 0 0 0.0000 0.7950
6 116.8181 91.3350 3 4 1 0 0.1701 0 0 0 0.0000 0.7950
6 130.1129 92.5924 4 2 3 0 0.2459 0 0 0 0.0000 0.7950
6 136.6877 95.0447 4 3 2 0 0.2599 0 0 0 0.0000 0.7950
6 129.2816 110.8507 4 1 2 0 0.1776 0 0 0 0.0000 0.7950
6 136.6960 85.7850 4 2 2 0 0.1579 1 0 0 0.0000 0.7950
6 126.7152 117.4950 4 4 3 1 0.2331 0 0 0 0.0000 0.7950
6 51.4384 108.5347 1 3 1 0 0.2298 0 0 0 0.0000 0.7950
6 84.6467 111.4268 1 1 2 1 0.2274 0 0 0 0.0000 0.7950
6 103.8216 160.6784 2 4 2 0 0.2398 0 0 0 0.0000 0.7950
6 113.0652 114.0933 2 2 3 1 0.2202 0 0 0 0.0000 0.7950
6 95.0595 146.4255 2 1 2 0 0.2158 0 0 0 0.0000 0.7950
6 135.8998 87.2633 4 3 1 0 0.2445 0 0 0 0.0000 0.7950
6 70.8464 89.2329 1 2 3 0 0.1469 0 0 0 0.0000 0.7950
6 112.2636 78.2404 3 1 1 0 0.1749 1 0 0 0.0000 0.7950
6 122.1071 98.6297 4 4 4 1 0.0413 1 0 0 0.0000 0.7950
6 140.2754 107.0743 4 3 1 0 0.0496 0 0 0 0.0000 0.7950
6 123.1753 102.4976 4 2 1 0 0.4757 0 0 0 0.0000 0.7950
6 94.8941 72.0194 3 1 1 0 0.1116 1 0 0 0.0000 0.7950
6 106.5451 94.5860 4 1 2 0 0.3940 0 0 0 0.0000 0.7950
6 77.5743 106.8028 1 2 2 0 0.2688 1 0 0 0.0000 0.7950
6 95.0812 129.7580 2 1 3 0 0.2020 0 0 0 0.0000 0.7950
6 103.3680 147.2061 2 4 3 0 0.3908 0 0 0 0.0000 0.7950
6 99.3557 122.9250 2 3 3 0 0.2799 1 0 0 0.0000 0.7950
6 107.9754 122.2757 2 4 2 0 1.3483 0 0 0 0.0000 0.7950
6 61.9010 110.7270 1 2 3 0 0.0959 0 0 0 0.0000 0.7950
6 107.4212 77.5781 3 3 3 1 0.8289 1 0 0 0.0000 0.7950
6 137.0804 110.1187 4 1 3 0 2.8954 0 0 0 0.0000 0.7950
6 90.9210 64.4163 3 2 1 0 0.5786 0 0 0 0.0000 0.7950
6 99.5780 137.4124 2 3 3 0 0.2317 1 0 0 0.0000 0.7950
6 130.3035 108.1081 4 4 1 1 0.3402 0 0 0 0.0000 0.7950
6 63.2691 104.2814 1 1 1 1 0.0524 1 0 0 0.0000 0.7950
6 133.9920 82.4607 4 4 2 1 0.3669 0 0 0 0.0000 0.7950
6 111.3216 66.9400 3 2 4 0 0.1429 0 0 0 0.0000 0.7950
6 94.8763 128.9719 2 3 4 0 0.0576 0 0 0 0.0000 0.7950
6 97.7604 139.6673 2 1 1 0 0.0521 1 0 0 0.0000 0.7950
6 93.8110 81.9111 3 2 3 0 0.0772 0 0 0 0.0000 0.7950
6 98.0313 85.9155 3 4 2 0 0.1032 0 0 0 0.0000 0.7950
6 42.7977 98.7857 1 2 4 0 0.4331 0 0 0 0.0000 0.7950
6 134.5390 105.2827 4 2 4 0 0.2287 0 0 0 0.0000 0.7950
6 97.3913 130.7559 2 4 3 0 0.0980 0 0 0 0.0000 0.7950
6 104.2406 138.9003 2 3 1 0 0.0911 0 0 0 0.0000 0.7950
6 93.0651 64.7039 3 2 2 0 0.0856 1 0 0 0.0000 0.7950
6 117.2038 70.5478 3 4 2 0 0.3211 0 0 0 0.0000 0.7950
6 113.2000 100.1867 4 3 4 0 0.2886 0 0 0 0.0000 0.7950
6 119.8556 94.2118 4 1 4 0 0.1590 0 0 0 0.0000 0.7950
6 109.9944 128.7132 2 2 4 1 0.2665 0 0 0 0.0000 0.7950
6 103.5760 77.8437 3 1 2 0 0.1362 0 0 0 0.0000 0.7950
6 120.1177 97.7777 4 4 3 1 0.4033 0 0 0 0.0000 0.7950
6 92.9462 88.1557 3 3 2 1 0.2297 0 0 0 0.0000 0.7950
6 76.1449 86.4680 1 2 4 0 0.0341 0 0 0 0.0000 0.7950
6 117.2242 127.3864 2 1 1 0 0.1217 1 0 0 0.0000 0.7950
6 82.0931 84.7054 1 2 1 0 0.0204 0 0 0 0.0000 0.7950
6 70.1847 112.6640 1 2 1 0 0.3489 0 0 0 0.0000 0.7950
6 80.0097 106.6956 1 3 2 0 0.0296 0 0 0 0.0000 0.7950
6 98.4734 67.9758 3 2 1 0 0.2308 0 0 0 0.0000 0.7950
6 73.9319 114.8849 1 4 1 0 0.3564 0 0 0 0.0000 0.7950
6 94.5580 127.3204 2 1 1 0 0.1000 1 0 0 0.0000 0.7950
6 65.6183 91.4331 1 3 3 0 0.1900 1 0 0 0.0000 0.7950
6 68.8092 92.9212 1 2 3 0 0.2172 0 0 0 0.0000 0.7950
6 110.8904 77.7991 3 2 4 0 0.4859 0 0 0 0.0000 0.7950
6 90.3402 116.8999 1 1 1 1 0.3131 1 0 0 0.0000 0.7950
6 136.1853 96.6623 4 3 4 0 0.0415 0 0 0 0.0000 0.7950
6 133.9500 86.6055 4 4 3 1 0.2270 0 0 0 0.0000 0.7950
6 94.3007 69.4132 3 1 1 0 0.1451 1 0 0 0.0000 0.7950
6 143.6517 112.9284 4 1 4 0 0.3010 0 0 0 0.0000 0.7950
6 99.5317 110.2907 2 1 1 0 0.1258 1 0 0 0.0000 0.7950
6 80.3229 104.6976 1 3 1 0 0.2829 0 0 0 0.0000 0.7950
6 135.8160 105.1594 4 3 4 0 0.0570 0 0 0 0.0000 0.7950
6 99.2218 84.4636 3 3 2 1 0.4045 0 0 0 0.0000 0.7950
6 97.4285 121.9249 2 2 2 1 0.5041 1 0 0 0.0000 0.7950
6 62.8468 102.1042 1 4 4 0 0.3333 1 0 0 0.0000 0.7950
6 88.1528 75.4018 3 1 4 0 0.2201 0 0 0 0.0000 0.7950
6 81.9795 108.6904 1 3 4 0 0.1221 0 0 0 0.0000 0.7950
6 101.5459 83.4905 3 2 1 0 0.1004 0 0 0 0.0000 0.7950
6 75.9152 124.9741 1 1 1 1 0.2240 1 0 0 0.0000 0.7950
6 101.7707 60.4127 3 3 3 1 0.5748 1 0 0 0.0000 0.7950
6 82.4519 94.3090 1 4 4 0 0.6296 1 0 0 0.0000 0.7950
6 108.7283 146.0765 2 2 2 1 0.0291 1 0 0 0.0000 0.7950
6 84.6675 102.7472 1 4 4 0 0.0207 1 0 0 0.0000 0.7950
6 109.1853 138.0732 2 1 3 0 0.6214 0 0 0 0.0000 0.7950
6 114.5281 61.5265 3 3 1 1 0.3743 0 0 0 0.0000 0.7950
7 91.3928 137.1108 2 4 0 0 0.6504 0 1 0 0.0000 0.7950
7 133.2758 109.7255 4 2 0 0 1.1687 0 1 0 0.0000 0.7950
7 70.7232 116.5256 1 1 0 1 0.1674 1 1 0 0.0000 0.7950
7 140.3759 105.7105 4 3 0 0 0.1805 0 1 0 0.0000 0.7950
7 145.5079 105.0925 4 4 0 1 0.0977 1 1 0 0.0000 0.7950
7 105.9622 87.7261 3 2 0 0 0.2033 0 1 0 0.0000 0.7950
7 110.5923 67.3542 3 1 0 0 0.2645 0 1 0 0.0000 0.7950
7 107.4892 144.6437 2 3 0 0 0.2152 0 1 0 0.0000 0.7950
7 93.3562 125.6489 2 4 0 0 0.3248 0 1 0 0.0000 0.7950
7 69.9645 86.5683 1 2 0 0 0.1342 0 1 0 0.0000 0.7950
7 133.5203 113.6583 4 1 0 0 0.1929 0 1 0 0.0000 0.7950
7 63.4817 91.5669 1 3 0 0 0.1423 0 1 0 0.0000 0.7950
7 110.0655 62.6440 3 2 0 0 0.3460 0 1 0 0.0000 0.7950
7 130.4596 86.2393 4 4 0 1 0.0259 1 1 0 0.0000 0.7950
7 113.7347 110.0741 4 1 0 0 0.1791 0 1 0 0.0000 0.7950
7 119.7651 117.6533 2 3 0 0 0.2239 0 1 0 0.0000 0.7950
7 82.2037 101.0427 1 1 0 1 0.7342 1 1 0 0.0000 0.7950
7 77.6529 103.1860 1 2 0 0 0.0714 0 1 0 0.0000 0.7950
7 102.0468 85.1780 3 2 0 0 0.2090 0 1 0 0.0000 0.7950
7 93.0298 127.9223 2 3 0 0 0.3650 0 1 0 0.0000 0.7950
7 110.6129 128.7154 2 4 0 0 0.3990 0 1 0 0.0000 0.7950
7 140.5597 95.9058 4 2 0 0 0.0473 0 1 0 0.0000 0.7950
7 100.4483 55.0481 3 1 0 0 0.2470 0 1 0 0.0000 0.7950
7 108.8790 128.9527 2 3 0 0 0.3881 0 1 0 0.0000 0.7950
7 101.6947 71.4132 3 4 0 0 0.2116 0 1 0 0.0000 0.7950
7 127.8129 85.9738 4 4 0 1 0.2402 1 1 0 0.0000 0.7950
7 103.4926 123.8252 2 1 0 0 0.2056 0 1 0 0.0000 0.7950
7 69.6587 95.3935 1 1 0 1 0.3629 1 1 0 0.0000 0.7950
7 66.6809 92.0205 1 3 0 0 0.1228 0 1 0 0.0000 0.7950
7 108.9303 81.9381 4 4 0 1 0.0224 1 1 0 0.0000 0.7950
7 108.7611 66.5369 3 3 0 1 0.1428 1 1 0 0.0000 0.7950
7 96.5532 70.7419 3 2 0 0 0.3772 0 1 0 0.0000 0.7950
7 71.1848 108.2609 1 1 0 1 0.2984 1 1 0 0.0000 0.7950
7 66.1732 98.4152 1 4 0 0 0.4419 0 1 0 0.0000 0.7950
7 56.5795 97.8917 1 4 0 0 0.2675 0 1 0 0.0000 0.7950
7 136.6643 105.0332 4 4 0 1 0.5059 1 1 0 0.0000 0.7950
7 116.4688 89.7162 4 4 0 1 0.9099 1 1 0 0.0000 0.7950
7 94.1610 140.3225 2 2 0 1 0.4934 1 1 0 0.0000 0.7950
7 73.1696 85.1931 1 4 0 0 0.9302 0 1 0 0.0000 0.7950
7 123.6157 140.5805 2 3 0 0 0.9297 0 1 0 0.0000 0.7950
7 101.9112 68.7101 3 3 0 1 0.8010 1 1 0 0.0000 0.7950
7 101.1555 128.3788 2 1 0 0 0.8137 0 1 0 0.0000 0.7950
7 69.5087 113.4943 1 1 0 1 0.3945 1 1 0 0.0000 0.7950
7 93.9370 62.4624 3 4 0 0 0.2549 0 1 0 0.0000 0.7950
7 120.2600 88.8269 4 2 0 0 0.5876 0 1 0 0.0000 0.7950
7 101.8314 70.9860 3 1 0 0 0.4975 0 1 0 0.0000 0.7950
7 137.7972 100.4247 4 1 0 0 0.3604 0 1 0 0.0000 0.7950
7 140.8232 100.9438 4 2 0 0 0.1828 0 1 0 0.0000 0.7950
7 60.5538 97.4907 1 4 0 0 0.1776 0 1 0 0.0000 0.7950
7 94.7207 105.7847 2 3 0 0 0.3955 0 1 0 0.0000 0.7950
7 104.7658 137.1957 2 1 0 0 0.1247 0 1 0 0.0000 0.7950
7 127.2725 101.2891 4 2 0 0 0.0231 0 1 0 0.0000 0.7950
7 98.2771 121.0598 2 1 0 0 0.4308 0 1 0 0.0000 0.7950
7 105.3527 58.0847 3 2 0 0 0.3371 0 1 0 0.0000 0.7950
7 77.8577 103.2591 1 1 0 1 0.1455 1 1 0 0.0000 0.7950
7 85.1726 84.3353 1 4 0 0 0.5090 0 1 0 0.0000 0.7950
7 95.5324 124.7046 2 3 0 0 0.2407 0 1 0 0.0000 0.7950
7 102.9579 73.3276 3 4 0 0 0.3813 0 1 0 0.0000 0.7950
7 104.1968 141.2735 2 1 0 0 0.6857 0 1 0 0.0000 0.7950
7 55.9682 101.5119 1 3 0 0 1.4497 0 1 0 0.0000 0.7950
7 86.8404 95.0285 3 1 0 0 0.2309 0 1 0 0.0000 0.7950
7 88.6888 98.2993 1 4 0 0 0.0689 0 1 0 0.0000 0.7950
7 102.5889 83.5736 3 2 0 0 0.1584 0 1 0 0.0000 0.7950
7 137.4330 97.0950 4 1 0 0 0.0576 0 1 0 0.0000 0.7950
7 100.4068 124.7725 2 2 0 1 0.0348 1 1 0 0.0000 0.7950
7 69.0852 87.0812 1 3 0 0 0.0740 0 1 0 0.0000 0.7950
7 74.0738 99.6458 1 4 0 0 0.1008 0 1 0 0.0000 0.7950
7 92.5923 132.0602 2 1 0 0 0.0468 0 1 0 0.0000 0.7950
7 103.4128 73.7752 3 2 0 0 0.4415 0 1 0 0.0000 0.7950
7 121.3137 98.8788 4 1 0 0 0.6287 0 1 0 0.0000 0.7950
7 61.1240 86.3064 1 2 0 0 0.0775 0 1 0 0.0000 0.7950
7 97.3481 129.1895 2 1 0 0 0.2611 0 1 0 0.0000 0.7950
7 64.3651 104.8376 1 4 0 0 0.0831 0 1 0 0.0000 0.7950
7 110.4730 86.6673 3 3 0 1 0.1574 1 1 0 0.0000 0.7950
7 98.0184 84.3762 3 2 0 0 0.5210 0 1 0 0.0000 0.7950
7 93.6008 125.3017 2 1 0 0 0.1564 0 1 0 0.0000 0.7950
7 92.7225 150.3744 2 3 0 0 0.4569 0 1 0 0.0000 0.7950
7 110.4242 97.2032 4 4 0 1 0.1094 1 1 0 0.0000 0.7950
7 128.3816 97.9748 4 1 0 0 0.3281 0 1 0 0.0000 0.7950
7 104.4290 118.4309 2 2 0 1 0.2481 1 1 0 0.0000 0.7950
7 118.0005 110.7687 4 3 0 0 0.1172 0 1 0 0.0000 0.7950
7 79.3083 92.6669 1 4 0 0 0.2081 0 1 0 0.0000 0.7950
7 63.6886 99.3253 1 1 0 1 0.1408 1 1 0 0.0000 0.7950
7 115.0339 82.6380 3 4 0 0 0.1212 0 1 0 0.0000 0.7950
7 136.3717 93.2697 4 3 0 0 0.0848 0 1 0 0.0000 0.7950
7 106.6803 75.3501 3 2 0 0 0.1276 0 1 0 0.0000 0.7950
7 106.5160 71.4494 3 1 0 0 0.4271 0 1 0 0.0000 0.7950
7 86.9869 137.7303 2 2 0 1 0.2859 1 1 0 0.0000 0.7950
7 80.5136 110.9438 1 1 0 1 0.2828 1 1 0 0.0000 0.7950
7 136.6758 89.3931 4 3 0 0 0.1207 0 1 0 0.0000 0.7950
7 108.8770 124.8040 2 4 0 0 0.2591 0 1 0 0.0000 0.7950
7 89.6707 66.7162 3 3 0 1 0.0486 1 1 0 0.0000 0.7950
7 94.9933 68.5995 3 2 0 0 0.2658 0 1 0 0.0000 0.7950
7 74.1213 97.4802 1 4 0 0 0.5202 0 1 0 0.0000 0.7950
7 131.5554 93.7477 4 1 0 0 0.3701 0 1 0 0.0000 0.7950
7 110.7191 120.0225 2 3 0 0 0.6601 0 1 0 0.0000 0.7950
7 111.2919 71.9448 3 3 0 1 0.2884 1 1 0 0.0000 0.7950
7 101.4158 66.0176 3 1 0 0 0.1436 0 1 0 0.0000 0.7950
7 118.3336 94.6428 4 2 0 0 0.0476 0 1 0 0.0000 0.7950
7 103.7433 91.3476 4 2 0 0 0.2548 0 1 0 0.0000 0.7950
8 102.7899 116.4195 2 1 0 0 0.7784 0 1 0 0.0000 0.7950
8 103.8039 134.0234 2 3 0 0 0.1339 0 1 0 0.0000 0.7950
8 115.4950 102.4642 4 1 0 0 0.4736 0 1 0 0.0000 0.7950
8 103.0445 133.7577 2 1 0 0 0.3851 0 1 0 0.0000 0.7950
8 79.8961 81.1035 3 1 0 0 0.7876 0 1 0 0.0000 0.7950
8 112.9909 56.6666 3 2 0 0 0.5435 0 1 0 0.0000 0.7950
8 67.2599 96.2754 1 1 0 1 0.3087 1 1 0 0.0000 0.7950
8 85.6089 129.0267 2 4 0 0 0.4211 0 1 0 0.0000 0.7950
8 63.4951 112.7103 1 3 0 0 0.0062 0 1 0 0.0000 0.7950
8 80.6127 64.8003 3 2 0 0 0.0158 0 1 0 0.0000 0.7950
8 125.4167 88.3572 4 1 0 0 0.0550 0 1 0 0.0000 0.7950
8 89.6134 63.6083 3 3 0 1 0.3841 1 1 0 0.0000 0.7950
8 116.1249 104.1484 4 4 0 1 0.2430 1 1 0 0.0000 0.7950
8 135.3254 107.9271 4 1 0 0 0.1290 0 1 0 0.0000 0.7950
8 95.8491 76.6500 3 3 0 1 0.4437 1 1 0 0.0000 0.7950
8 88.7273 138.5179 2 1 0 0 0.2240 0 1 0 0.0000 0.7950
8 80.3630 107.5832 1 2 0 0 0.3829 0 1 0 0.0000 0.7950
8 88.5654 90.1056 1 4 0 0 3.7768 0 1 0 0.0000 0.7950
8 118.3561 111.6363 4 1 0 0 0.2312 0 1 0 0.0000 0.7950
8 142.5256 91.5844 4 3 0 0 0.1344 0 1 0 0.0000 0.7950
8 104.0930 67.8945 3 4 0 0 0.3860 0 1 0 0.0000 0.7950
8 99.2293 138.8234 2 1 0 0 0.1951 0 1 0 0.0000 0.7950
8 54.5403 100.5869 1 2 0 0 0.0819 0 1 0 0.0000 0.7950
8 72.1357 96.4958 1 2 0 0 0.2199 0 1 0 0.0000 0.7950
8 120.7779 94.1121 4 1 0 0 0.3775 0 1 0 0.0000 0.7950
8 90.7274 115.0446 2 4 0 0 0.5231 0 1 0 0.0000 0.7950
8 77.2926 99.9871 1 3 0 0 0.4786 0 1 0 0.0000 0.7950
8 110.6893 65.7843 3 1 0 0 0.3066 0 1 0 0.0000 0.7950
8 70.9591 107.6042 1 2 0 0 0.4678 0 1 0 0.0000 0.7950
8 67.0555 109.5032 1 4 0 0 0.5070 0 1 0 0.0000 0.7950
8 64.7926 86.6726 1 3 0 0 0.2402 0 1 0 0.0000 0.7950
8 102.3440 113.0387 2 2 0 1 0.0952 1 1 0 0.0000 0.7950
8 124.4760 113.3694 4 3 0 0 0.0737 0 1 0 0.0000 0.7950
8 109.4130 86.6045 3 1 0 0 0.2297 0 1 0 0.0000 0.7950
8 116.7455 95.2483 4 1 0 0 0.1164 0 1 0 0.0000 0.7950
8 101.1053 71.3264 3 1 0 0 0.1756 0 1 0 0.0000 0.7950
8 80.4441 103.3211 1 1 0 1 0.2380 1 1 0 0.0000 0.7950
8 103.0627 66.6268 3 1 0 0 0.2207 0 1 0 0.0000 0.7950
8 90.9195 50.3999 3 1 0 0 0.1551 0 1 0 0.0000 0.7950
8 69.8536 99.2167 1 4 0 0 0.3599 0 1 0 0.0000 0.7950
8 87.3606 68.2106 3 1 0 0 0.8084 0 1 0 0.0000 0.7950
8 90.4349 136.3736 2 2 0 1 0.1978 1 1 0 0.0000 0.7950
8 66.1666 70.6993 1 3 0 0 0.3382 0 1 0 0.0000 0.7950
8 132.6607 101.5893 4 4 0 1 0.6127 1 1 0 0.0000 0.7950
8 138.9077 109.0262 4 3 0 0 0.5570 0 1 0 0.0000 0.7950
8 63.8100 110.5574 1 1 0 1 0.8039 1 1 0 0.0000 0.7950
8 105.0474 72.4231 3 2 0 0 0.2577 0 1 0 0.0000 0.7950
8 123.0373 92.7710 4 1 0 0 1.2489 0 1 0 0.0000 0.7950
8 127.5453 108.7529 4 2 0 0 0.3201 0 1 0 0.0000 0.7950
8 94.5770 65.3457 3 1 0 0 1.3033 0 1 0 0.0000 0.7950
8 88.9937 55.4789 3 3 0 1 0.2723 1 1 0 0.0000 0.7950
8 118.4548 107.2515 4 4 0 1 0.4632 1 1 0 0.0000 0.7950
8 106.6255 68.2164 3 1 0 0 0.2264 0 1 0 0.0000 0.7950
8 124.2482 90.8835 4 1 0 0 0.2408 0 1 0 0.0000 0.7950
8 54.7262 102.9481 1 2 0 0 0.1268 0 1 0 0.0000 0.7950
8 84.9633 129.4892 2 4 0 0 0.2812 0 1 0 0.0000 0.7950
8 88.4604 132.3513 2 1 0 0 0.3761 0 1 0 0.0000 0.7950
8 131.6035 100.0489 4 3 0 0 0.2027 0 1 0 0.0000 0.7950
8 93.2724 118.2552 2 2 0 1 0.1998 1 1 0 0.0000 0.7950
8 69.8300 103.9540 1 1 0 1 0.1961 1 1 0 0.0000 0.7950
8 67.6983 96.7664 1 4 0 0 0.0830 0 1 0 0.0000 0.7950
8 75.6848 119.7178 1 2 0 0 0.1251 0 1 0 0.0000 0.7950
8 92.6224 121.3498 2 3 0 0 0.2310 0 1 0 0.0000 0.7950
8 98.0288 118.9963 2 1 0 0 0.2126 0 1 0 0.0000 0.7950
8 107.7596 101.6084 4 2 0 0 0.0661 0 1 0 0.0000 0.7950
8 113.0986 110.6975 2 2 0 1 0.1237 1 1 0 0.0000 0.7950
8 123.5941 102.7619 4 4 0 1 0.7745 1 1 0 0.0000 0.7950
8 90.5905 64.5018 1 1 0 1 0.5621 1 1 0 0.0000 0.7950
8 100.9880 121.5908 2 4 0 0 1.0157 0 1 0 0.0000 0.7950
8 97.1936 128.5897 2 4 0 0 0.5053 0 1 0 0.0000 0.7950
8 134.6526 106.7230 4 3 0 0 0.3824 0 1 0 0.0000 0.7950
8 85.7585 122.9180 2 1 0 0 0.1608 0 1 0 0.0000 0.7950
8 94.4080 49.6970 3 4 0 0 0.2452 0 1 0 0.0000 0.7950
8 114.2944 103.6657 4 4 0 1 0.4776 1 1 0 0.0000 0.7950
8 99.8741 116.0471 2 2 0 1 0.6091 1 1 0 0.0000 0.7950
8 126.1289 115.0799 4 4 0 1 0.6975 1 1 0 0.0000 0.7950
8 132.9668 97.6630 4 4 0 1 0.6430 1 1 0 0.0000 0.7950
8 124.4834 113.4982 4 2 0 0 0.8747 0 1 0 0.0000 0.7950
8 103.7936 74.4077 3 1 0 0 0.9542 0 1 0 0.0000 0.7950
8 124.8026 92.4396 4 4 0 1 1.0034 1 1 0 0.0000 0.7950
8 92.9179 131.8423 2 2 0 1 0.7654 1 1 0 0.0000 0.7950
8 105.3690 62.3515 3 3 0 1 0.6662 1 1 0 0.0000 0.7950
8 88.8389 138.9016 2 4 0 0 0.7389 0 1 0 0.0000 0.7950
8 65.7857 99.0509 1 4 0 0 0.5897 0 1 0 0.0000 0.7950
8 73.6090 100.0768 1 4 0 0 0.4529 0 1 0 0.0000 0.7950
8 81.6602 102.3989 1 3 0 0 0.5196 0 1 0 0.0000 0.7950
8 100.4535 75.4099 3 4 0 0 1.2297 0 1 0 0.0000 0.7950
8 127.0373 102.5313 4 2 0 0 0.2608 0 1 0 0.0000 0.7950
8 92.9046 122.1020 2 1 0 0 0.2764 0 1 0 0.0000 0.7950
8 98.4089 50.5345 3 2 0 0 0.2108 0 1 0 0.0000 0.7950
8 94.1701 78.6328 3 4 0 0 0.3040 0 1 0 0.0000 0.7950
8 111.1747 126.9010 2 3 0 0 0.2374 0 1 0 0.0000 0.7950
8 109.4239 76.8451 3 2 0 0 0.8594 0 1 0 0.0000 0.7950
8 62.6681 107.7355 1 1 0 1 1.0182 1 1 0 0.0000 0.7950
8 93.9527 116.2486 2 3 0 0 0.3506 0 1 0 0.0000 0.7950
8 86.6962 51.7089 3 4 0 0 0.1598 0 1 0 0.0000 0.7950
8 73.2713 112.1859 1 2 0 0 0.1554 0 1 0 0.0000 0.7950
8 65.8822 90.4625 1 1 0 1 0.3269 1 1 0 0.0000 0.7950
8 106.9555 129.7324 2 3 0 0 0.0233 0 1 0 0.0000 0.7950
8 106.3317 61.3886 3 4 0 0 0.2085 0 1 0 0.0000 0.7950
9 138.9301 102.8864 4 2 0 0 0.5544 0 1 0 0.0000 0.7950
9 103.2879 70.9612 3 1 0 0 0.1116 0 1 0 0.0000 0.7950
9 105.3469 62.1127 3 4 0 0 0.0137 0 1 0 0.0000 0.7950
9 108.1576 121.1709 2 3 0 0 0.0052 0 1 0 0.0000 0.7950
9 92.0560 65.2067 3 1 0 0 0.3331 0 1 0 0.0000 0.7950
9 105.5620 113.2681 2 4 0 0 0.0779 0 1 0 0.0000 0.7950
9 123.7680 91.1913 4 2 0 0 0.0536 0 1 0 0.0000 0.7950
9 84.0640 104.1338 1 3 0 0 0.0791 0 1 0 0.0000 0.7950
9 97.8026 130.4800 2 1 0 0 0.1991 0 1 0 0.0000 0.7950
9 74.2690 85.7949 1 1 0 1 0.0842 1 1 0 0.0000 0.7950
9 108.3587 74.9542 3 4 0 0 0.0146 0 1 0 0.0000 0.7950
9 53.2597 97.6524 1 2 0 0 0.1334 0 1 0 0.0000 0.7950
9 129.6642 100.7962 4 3 0 0 0.6258 0 1 0 0.0000 0.7950
9 102.2557 91.8934 3 2 0 0 0.0746 0 1 0 0.0000 0.7950
9 138.7935 110.5281 4 1 0 0 0.4526 0 1 0 0.0000 0.7950
9 126.1778 99.7698 4 2 0 0 0.2334 0 1 0 0.0000 0.7950
9 113.1897 81.5377 4 4 0 1 0.2305 1 1 0 0.0000 0.7950
9 131.2137 109.6500 4 2 0 0 0.1309 0 1 0 0.0000 0.7950
9 107.6510 124.9763 2 3 0 0 0.2549 0 1 0 0.0000 0.7950
9 105.3890 122.3535 2 1 0 0 0.5098 0 1 0 0.0000 0.7950
9 68.5902 111.2368 1 2 0 0 0.4692 0 1 0 0.0000 0.7950
9 107.7403 151.8154 2 4 0 0 0.2817 0 1 0 0.0000 0.7950
9 123.1581 86.3214 3 3 0 1 0.2484 1 1 0 0.0000 0.7950
9 96.1417 70.8354 3 3 0 1 0.5836 1 1 0 0.0000 0.7950
9 79.9131 104.8711 1 3 0 0 0.4632 0 1 0 0.0000 0.7950
9 123.5975 102.7674 4 4 0 1 1.1076 1 1 0 0.0000 0.7950
9 83.5518 92.8667 1 2 0 0 1.2895 0 1 0 0.0000 0.7950
9 101.7649 128.0355 2 3 0 0 0.4523 0 1 0 0.0000 0.7950
9 128.0394 100.6980 4 1 0 0 0.7906 0 1 0 0.0000 0.7950
9 77.3297 102.7611 1 4 0 0 0.2790 0 1 0 0.0000 0.7950
9 149.8503 85.6629 4 2 0 0 0.4842 0 1 0 0.0000 0.7950
9 112.8966 126.8406 2 4 0 0 0.2970 0 1 0 0.0000 0.7950
9 86.3858 114.7453 1 3 0 0 0.0390 0 1 0 0.0000 0.7950
9 121.9180 85.3120 4 1 0 0 0.0478 0 1 0 0.0000 0.7950
9 84.2333 137.9453 2 2 0 1 0.0589 1 1 0 0.0000 0.7950
9 93.4160 96.6826 1 4 0 0 0.1498 0 1 0 0.0000 0.7950
9 125.7579 107.7674 4 3 0 0 0.0972 0 1 0 0.0000 0.7950
9 60.3511 114.3077 1 1 0 1 0.0753 1 1 0 0.0000 0.7950
9 98.5767 125.9519 2 2 0 1 0.2945 1 1 0 0.0000 0.7950
9 98.2988 66.6219 3 4 0 0 0.1348 0 1 0 0.0000 0.7950
9 94.1668 86.3556 3 3 0 1 0.0980 1 1 0 0.0000 0.7950
9 96.2624 137.6255 2 1 0 0 0.1720 0 1 0 0.0000 0.7950
9 109.5893 66.1443 3 2 0 0 0.1695 0 1 0 0.0000 0.7950
9 103.4156 75.8864 3 4 0 0 0.1352 0 1 0 0.0000 0.7950
9 104.8418 64.5808 3 3 0 1 0.1783 1 1 0 0.0000 0.7950
9 57.3956 106.8825 1 1 0 1 0.1283 1 1 0 0.0000 0.7950
9 100.1946 133.4809 2 2 0 1 0.0599 1 1 0 0.0000 0.7950
9 94.3484 71.3368 3 3 0 1 0.2790 1 1 0 0.0000 0.7950
9 114.6830 141.2372 2 4 0 0 0.3259 0 1 0 0.0000 0.7950
9 135.9208 94.1744 4 1 0 0 0.4851 0 1 0 0.0000 0.7950
