1 129.02 91.02 4 1 0 23.28 2 1 2 0
1 69.114 108.52 1 2 0 5.693 2 1 2 0
1 90.49 90.771 1 3 0 3.0071 2 1 2 0
1 140.93 83.272 4 4 1 0.68591 2 1 2 0
1 124.09 118.91 4 4 1 3.1365 2 1 2 0
1 107.72 122.85 2 4 0 1.8566 2 1 2 0
1 84.963 129.49 2 2 1 1.1202 2 1 2 0
1 55.968 101.51 1 1 1 3.694 2 1 2 0
1 125.02 87.037 4 4 1 2.4467 2 1 2 0
1 73.671 95.878 1 2 0 4.6721 2 1 2 0
1 127.92 108.38 4 4 1 1.5175 2 1 2 0
1 85.609 129.03 2 1 0 2.0137 2 1 2 0
1 98.473 67.976 3 3 1 2.4152 2 1 2 0
1 112.1 90.087 4 2 0 1.8873 2 1 2 0
1 94.876 128.97 2 3 0 2.0784 2 1 2 0
1 94.916 127.7 2 1 0 2.0114 2 1 2 0
1 63.482 91.567 1 1 1 2.1127 2 1 2 0
1 119.77 117.65 2 4 0 2.5909 2 1 2 0
1 98.49 82.627 3 3 1 2.2546 2 1 2 0
1 70.559 113.66 1 1 1 2.3976 2 1 2 0
1 122.08 84.683 4 4 1 1.2147 2 1 2 0
1 88.153 75.402 3 3 1 2.1593 2 1 2 0
1 77.996 133.37 2 1 0 1.3284 2 1 2 0
1 64.7 97.217 1 1 1 1.1364 2 1 2 0
1 143.61 95.96 4 4 1 1.183 2 1 2 0
1 129.28 110.85 4 4 1 1.5499 2 1 2 0
1 80.145 103.81 1 2 0 3.1164 2 1 2 0
1 131.21 122.03 4 4 1 1.7739 2 1 2 0
1 59.37 85.034 1 1 1 1.5683 2 1 2 0
1 106.31 69.963 3 3 1 1.4686 2 1 2 0
1 122.11 98.63 4 4 1 1.2146 2 1 2 0
1 116.98 121.04 4 4 1 1.6638 2 1 2 0
1 78.227 104.33 1 2 0 1.7264 2 1 2 0
1 137.02 95.216 4 4 1 2.0621 2 1 2 0
1 139.57 102.71 4 4 1 1.4404 2 1 2 0
1 124.5 78.177 4 4 1 0.9265 2 1 2 0
1 74.121 97.48 1 1 1 2.7369 2 1 2 0
1 104.77 137.2 2 2 1 4.7842 2 1 2 0
1 127.71 94.534 4 4 1 2.3361 2 1 2 0
1 137.8 100.42 4 4 1 1.0717 2 1 2 0
1 116.82 91.335 3 4 0 1.8385 2 1 2 0
1 64.013 119.66 1 1 1 1.4388 2 1 2 0
1 122.82 101.77 4 4 1 1.1672 2 1 2 0
1 94.894 72.019 3 3 1 1.9192 2 1 2 0
1 74.074 99.646 1 1 1 1.5851 2 1 2 0
1 95.81 77.826 3 3 1 1.5688 2 1 2 0
1 135.33 107.93 4 4 1 0.99158 2 1 2 0
1 81.981 122.2 2 2 1 4.9911 2 1 2 0
1 110.45 128.43 2 2 1 1.7731 2 1 2 0
1 82.093 84.705 1 3 0 2.5569 2 1 2 0
1 95.906 128.14 2 2 1 1.5026 2 1 2 0
1 70.798 95.527 1 1 1 1.232 2 1 2 0
1 113.07 114.09 2 2 1 3.2474 2 1 2 0
1 79.562 79.509 3 1 0 2.126 2 1 2 0
1 104.24 138.9 2 2 1 1.9024 2 1 2 0
1 64.865 97.452 1 1 1 1.0557 2 1 2 0
1 81.79 111.54 2 3 0 3.6469 2 1 2 0
1 104.87 128.24 2 2 1 1.7428 2 1 2 0
1 103.9 52.984 3 3 1 1.5176 2 1 2 0
1 125.05 99.471 4 4 1 1.2482 2 1 2 0
1 103.34 114.1 2 2 1 5.3171 2 1 2 0
1 109.3 94.724 4 3 0 2.3173 2 1 2 0
1 115.03 82.638 3 2 0 2.3462 2 1 2 0
1 108.73 146.08 2 2 1 0.97435 2 1 2 0
1 108.93 81.938 4 4 1 1.1842 2 1 2 0
1 70.98 97.498 1 1 1 1.1511 2 1 2 0
1 88.909 58.429 3 3 1 1.2788 2 1 2 0
1 97.064 60.284 3 3 1 1.5508 2 1 2 0
1 132.73 92.579 4 4 1 1.024 2 1 2 0
1 100.29 72.852 3 3 1 1.9354 2 1 2 0
1 101.55 85.011 3 3 1 1.4545 2 1 2 0
1 107.25 127.76 2 2 1 2.6396 2 1 2 0
1 90.34 116.9 1 2 0 1.6306 2 1 2 0
1 90.921 64.416 3 3 1 1.4855 2 1 2 0
1 95.845 83.32 3 4 0 7.2947 2 1 2 0
1 114.03 71.214 3 4 0 0.99036 2 1 2 0
1 89.463 121.33 2 2 1 0.9431 2 1 2 0
1 110.02 129.03 2 2 1 1.0705 2 1 2 0
1 106.52 71.449 3 3 1 2.3999 2 1 2 0
1 91.665 129.79 2 2 1 0.84756 2 1 2 0
1 68.49 100.38 1 1 1 1.1342 2 1 2 0
1 76.145 86.468 1 1 1 2.4944 2 1 2 0
1 91.562 71.13 3 3 1 1.7263 2 1 2 0
1 101.69 71.413 3 3 1 2.3198 2 1 2 0
1 94.807 71.083 3 3 1 2.2054 2 1 2 0
1 96.262 137.63 2 1 0 0.86323 2 1 2 0
1 80.524 83.775 3 1 0 1.1675 2 1 2 0
1 73.17 85.193 1 3 0 1.9189 2 1 2 0
1 72.589 103.31 1 1 1 0.79868 2 1 2 0
1 101.08 80.825 3 2 0 4.0797 2 1 2 0
1 87.545 133.79 2 2 1 1.1352 2 1 2 0
1 130.3 108.11 4 4 1 1.6795 2 1 2 0
1 113.79 95.295 3 2 0 6.4145 2 1 2 0
1 69.854 99.217 1 1 1 1.5826 2 1 2 0
1 131.4 98.805 4 4 1 2.8451 2 1 2 0
1 71.674 104.66 1 1 1 1.2952 2 1 2 0
1 105.36 117.7 2 2 1 1.8396 2 1 2 0
1 105.37 62.352 3 3 1 2.1428 2 1 2 0
1 64.004 91.564 1 1 1 1.3528 2 1 2 0
1 98.53 129.25 2 2 1 3.1823 2 1 2 0
2 129.02 91.02 4 4 1 1.5198 2 1 2 0
2 69.114 108.52 1 1 1 1.6791 2 1 2 0
2 90.49 90.771 1 2 0 2.2869 2 1 2 0
2 140.93 83.272 4 4 1 0.81406 2 1 2 0
2 124.09 118.91 4 2 0 2.0936 2 1 2 0
2 107.72 122.85 2 4 0 3.1939 2 1 2 0
2 84.963 129.49 2 2 1 0.9274 2 1 2 0
2 55.968 101.51 1 1 1 1.2308 2 1 2 0
2 125.02 87.037 4 4 1 2.031 2 1 2 0
2 73.671 95.878 1 1 1 1.4542 2 1 2 0
2 127.92 108.38 4 4 1 0.87921 2 1 2 0
2 85.609 129.03 2 2 1 4.4624 2 1 2 0
2 98.473 67.976 3 3 1 1.7423 2 1 2 0
2 112.1 90.087 4 3 0 4.5108 2 1 2 0
2 94.876 128.97 2 2 1 0.87876 2 1 2 0
2 94.916 127.7 2 2 1 1.3428 2 1 2 0
2 63.482 91.567 1 1 1 1.2953 2 1 2 0
2 119.77 117.65 2 2 1 4.3829 2 1 2 0
2 98.49 82.627 3 3 1 1.2446 2 1 2 0
2 70.559 113.66 1 3 0 3.3246 2 1 2 0
2 122.08 84.683 4 4 1 1.3916 2 1 2 0
2 88.153 75.402 3 3 1 2.3826 2 1 2 0
2 77.996 133.37 2 2 1 1.5197 2 1 2 0
2 64.7 97.217 1 3 0 3.0681 2 1 2 0
2 143.61 95.96 4 4 1 2.3649 2 1 2 0
2 129.28 110.85 4 4 1 1.2798 2 1 2 0
2 80.145 103.81 1 3 0 3.6791 2 1 2 0
2 131.21 122.03 4 4 1 3.0402 2 1 2 0
2 59.37 85.034 1 1 1 1.8239 2 1 2 0
2 106.31 69.963 3 3 1 2.7173 2 1 2 0
2 122.11 98.63 4 4 1 1.2788 2 1 2 0
2 116.98 121.04 4 4 1 3.9829 2 1 2 0
2 78.227 104.33 1 2 0 5.9823 2 1 2 0
2 137.02 95.216 4 4 1 1.3882 2 1 2 0
2 139.57 102.71 4 4 1 0.84409 2 1 2 0
2 124.5 78.177 4 4 1 0.81512 2 1 2 0
2 74.121 97.48 1 1 1 7.2317 2 1 2 0
2 104.77 137.2 2 2 1 1.327 2 1 2 0
2 127.71 94.534 4 4 1 0.89512 2 1 2 0
2 137.8 100.42 4 4 1 1.0386 2 1 2 0
2 116.82 91.335 3 4 0 4.5592 2 1 2 0
2 64.013 119.66 1 1 1 6.5754 2 1 2 0
2 122.82 101.77 4 4 1 1.2122 2 1 2 0
2 94.894 72.019 3 3 1 1.6593 2 1 2 0
2 74.074 99.646 1 3 0 1.8868 2 1 2 0
2 95.81 77.826 3 3 1 3.6797 2 1 2 0
2 135.33 107.93 4 4 1 1.2952 2 1 2 0
2 81.981 122.2 2 2 1 3.4401 2 1 2 0
2 110.45 128.43 2 4 0 1.8388 2 1 2 0
2 82.093 84.705 1 3 0 3.8084 2 1 2 0
2 95.906 128.14 2 2 1 1.7435 2 1 2 0
2 70.798 95.527 1 1 1 3.1995 2 1 2 0
2 113.07 114.09 2 2 1 4.1271 2 1 2 0
2 79.562 79.509 3 1 0 1.2866 2 1 2 0
2 104.24 138.9 2 2 1 1.2384 2 1 2 0
2 64.865 97.452 1 1 1 1.2957 2 1 2 0
2 81.79 111.54 2 3 0 2.9931 2 1 2 0
2 104.87 128.24 2 4 0 3.5306 2 1 2 0
2 103.9 52.984 3 3 1 1.6141 2 1 2 0
2 125.05 99.471 4 4 1 2.1729 2 1 2 0
2 103.34 114.1 2 2 1 4.354 2 1 2 0
2 109.3 94.724 4 2 0 1.2605 2 1 2 0
2 115.03 82.638 3 3 1 4.8622 2 1 2 0
2 108.73 146.08 2 2 1 0.97199 2 1 2 0
2 108.93 81.938 4 3 0 1.1232 2 1 2 0
2 70.98 97.498 1 1 1 2.9232 2 1 2 0
2 88.909 58.429 3 3 1 2.7474 2 1 2 0
2 97.064 60.284 3 3 1 1.3007 2 1 2 0
2 132.73 92.579 4 4 1 1.4159 2 1 2 0
2 100.29 72.852 3 3 1 2.7014 2 1 2 0
2 101.55 85.011 3 3 1 5.0753 2 1 2 0
2 107.25 127.76 2 2 1 0.95922 2 1 2 0
2 90.34 116.9 1 2 0 2.8772 2 1 2 0
2 90.921 64.416 3 3 1 1.4646 2 1 2 0
2 95.845 83.32 3 2 0 3.268 2 1 2 0
2 114.03 71.214 3 3 1 1.7752 2 1 2 0
2 89.463 121.33 2 2 1 3.4696 2 1 2 0
2 110.02 129.03 2 2 1 6.2776 2 1 2 0
2 106.52 71.449 3 3 1 1.6086 2 1 2 0
2 91.665 129.79 2 2 1 2.0113 2 1 2 0
2 68.49 100.38 1 1 1 1.6814 2 1 2 0
2 76.145 86.468 1 3 0 3.3273 2 1 2 0
2 91.562 71.13 3 3 1 2.0466 2 1 2 0
2 101.69 71.413 3 3 1 4.24 2 1 2 0
2 94.807 71.083 3 3 1 1.76 2 1 2 0
2 96.262 137.63 2 2 1 1.7581 2 1 2 0
2 80.524 83.775 3 3 1 3.2163 2 1 2 0
2 73.17 85.193 1 1 1 2.5121 2 1 2 0
2 72.589 103.31 1 1 1 1.6478 2 1 2 0
2 101.08 80.825 3 3 1 2.704 2 1 2 0
2 87.545 133.79 2 2 1 1.52 2 1 2 0
2 130.3 108.11 4 4 1 1.7924 2 1 2 0
2 113.79 95.295 3 4 0 2.9749 2 1 2 0
2 69.854 99.217 1 1 1 2.6362 2 1 2 0
2 131.4 98.805 4 4 1 1.5328 2 1 2 0
2 71.674 104.66 1 1 1 3.2942 2 1 2 0
2 105.36 117.7 2 2 1 3.1625 2 1 2 0
2 105.37 62.352 3 3 1 1.601 2 1 2 0
2 64.004 91.564 1 1 1 1.4237 2 1 2 0
2 98.53 129.25 2 2 1 1.9684 2 1 2 0
3 129.02 91.02 4 4 1 1.4558 2 1 2 0
3 69.114 108.52 1 1 1 1.6466 2 1 2 0
3 90.49 90.771 1 2 0 1.5521 2 1 2 0
3 140.93 83.272 4 4 1 1.3091 2 1 2 0
3 124.09 118.91 4 4 1 3.3576 2 1 2 0
3 107.72 122.85 2 4 0 1.9345 2 1 2 0
3 84.963 129.49 2 2 1 2.0155 2 1 2 0
3 55.968 101.51 1 1 1 1.104 2 1 2 0
3 125.02 87.037 4 4 1 6.3833 2 1 2 0
3 73.671 95.878 1 1 1 1.356 2 1 2 0
3 127.92 108.38 4 4 1 1.8562 2 1 2 0
3 85.609 129.03 2 2 1 1.5346 2 1 2 0
3 98.473 67.976 3 3 1 1.6965 2 1 2 0
3 112.1 90.087 4 3 0 1.7578 2 1 2 0
3 94.876 128.97 2 2 1 1.2452 2 1 2 0
3 94.916 127.7 2 2 1 1.2772 2 1 2 0
3 63.482 91.567 1 1 1 1.5343 2 1 2 0
3 119.77 117.65 2 3 0 5.1359 2 1 2 0
3 98.49 82.627 3 3 1 1.6628 2 1 2 0
3 70.559 113.66 1 1 1 2.0969 2 1 2 0
3 122.08 84.683 4 4 1 2.2078 2 1 2 0
3 88.153 75.402 3 3 1 1.7932 2 1 2 0
3 77.996 133.37 2 2 1 1.5353 2 1 2 0
3 64.7 97.217 1 1 1 1.1677 2 1 2 0
3 143.61 95.96 4 4 1 1.3111 2 1 2 0
3 129.28 110.85 4 4 1 1.3106 2 1 2 0
3 80.145 103.81 1 2 0 3.0673 2 1 2 0
3 131.21 122.03 4 4 1 2.224 2 1 2 0
3 59.37 85.034 1 1 1 1.0879 2 1 2 0
3 106.31 69.963 3 3 1 1.4075 2 1 2 0
3 122.11 98.63 4 4 1 1.8398 2 1 2 0
3 116.98 121.04 4 2 0 1.357 2 1 2 0
3 78.227 104.33 1 2 0 1.489 2 1 2 0
3 137.02 95.216 4 4 1 2.6885 2 1 2 0
3 139.57 102.71 4 4 1 2.8966 2 1 2 0
3 124.5 78.177 4 4 1 2.5279 2 1 2 0
3 74.121 97.48 1 3 0 1.8387 2 1 2 0
3 104.77 137.2 2 2 1 1.2955 2 1 2 0
3 127.71 94.534 4 4 1 1.4237 2 1 2 0
3 137.8 100.42 4 4 1 1.6149 2 1 2 0
3 116.82 91.335 3 3 1 7.2266 2 1 2 0
3 64.013 119.66 1 1 1 1.3908 2 1 2 0
3 122.82 101.77 4 4 1 2.2539 2 1 2 0
3 94.894 72.019 3 3 1 1.6637 2 1 2 0
3 74.074 99.646 1 1 1 2.4473 2 1 2 0
3 95.81 77.826 3 3 1 1.4083 2 1 2 0
3 135.33 107.93 4 4 1 1.6965 2 1 2 0
3 81.981 122.2 2 1 0 6.0638 2 1 2 0
3 110.45 128.43 2 2 1 0.75193 2 1 2 0
3 82.093 84.705 1 3 0 1.4558 2 1 2 0
3 95.906 128.14 2 2 1 1.1041 2 1 2 0
3 70.798 95.527 1 1 1 2.6879 2 1 2 0
3 113.07 114.09 2 4 0 4.2529 2 1 2 0
3 79.562 79.509 3 3 1 1.4622 2 1 2 0
3 104.24 138.9 2 2 1 1.1196 2 1 2 0
3 64.865 97.452 1 1 1 1.7755 2 1 2 0
3 81.79 111.54 2 2 1 5.2955 2 1 2 0
3 104.87 128.24 2 2 1 1.4859 2 1 2 0
3 103.9 52.984 3 3 1 2.0138 2 1 2 0
3 125.05 99.471 4 3 0 2.1421 2 1 2 0
3 103.34 114.1 2 2 1 3.5022 2 1 2 0
3 109.3 94.724 4 2 0 5.4704 2 1 2 0
3 115.03 82.638 3 3 1 1.52 2 1 2 0
3 108.73 146.08 2 2 1 1.8248 2 1 2 0
3 108.93 81.938 4 3 0 4.4637 2 1 2 0
3 70.98 97.498 1 1 1 1.3906 2 1 2 0
3 88.909 58.429 3 3 1 1.4402 2 1 2 0
3 97.064 60.284 3 3 1 1.3649 2 1 2 0
3 132.73 92.579 4 4 1 1.7574 2 1 2 0
3 100.29 72.852 3 3 1 1.4555 2 1 2 0
3 101.55 85.011 3 3 1 3.4389 2 1 2 0
3 107.25 127.76 2 2 1 1.552 2 1 2 0
3 90.34 116.9 1 2 0 1.5035 2 1 2 0
3 90.921 64.416 3 3 1 1.4404 2 1 2 0
3 95.845 83.32 3 3 1 1.47 2 1 2 0
3 114.03 71.214 3 4 0 1.3131 2 1 2 0
3 89.463 121.33 2 2 1 1.4882 2 1 2 0
3 110.02 129.03 2 2 1 1.6332 2 1 2 0
3 106.52 71.449 3 3 1 1.6474 2 1 2 0
3 91.665 129.79 2 2 1 1.4711 2 1 2 0
3 68.49 100.38 1 1 1 1.4546 2 1 2 0
3 76.145 86.468 1 1 1 1.6312 2 1 2 0
3 91.562 71.13 3 3 1 1.5189 2 1 2 0
3 101.69 71.413 3 3 1 1.5519 2 1 2 0
3 94.807 71.083 3 3 1 1.2315 2 1 2 0
3 96.262 137.63 2 2 1 1.3121 2 1 2 0
3 80.524 83.775 3 1 0 2.6559 2 1 2 0
3 73.17 85.193 1 1 1 1.5973 2 1 2 0
3 72.589 103.31 1 1 1 5.4718 2 1 2 0
3 101.08 80.825 3 2 0 2.2958 2 1 2 0
3 87.545 133.79 2 2 1 1.3583 2 1 2 0
3 130.3 108.11 4 4 1 1.4046 2 1 2 0
3 113.79 95.295 3 4 0 3.2482 2 1 2 0
3 69.854 99.217 1 2 0 4.038 2 1 2 0
3 131.4 98.805 4 4 1 2.6866 2 1 2 0
3 71.674 104.66 1 1 1 3.8238 2 1 2 0
3 105.36 117.7 2 2 1 4.5123 2 1 2 0
3 105.37 62.352 3 3 1 2.2701 2 1 2 0
3 64.004 91.564 1 1 1 4.4489 2 1 2 0
3 98.53 129.25 2 2 1 1.7113 2 1 2 0
4 129.02 91.02 4 4 1 1.7439 0 2 2 0
4 69.114 108.52 1 1 1 2.6551 0 2 2 0
4 90.49 90.771 1 3 0 11.712 0 2 2 0
4 140.93 83.272 4 4 1 1.4223 0 2 2 0
4 124.09 118.91 4 4 1 1.6466 0 2 2 0
4 107.72 122.85 2 4 0 4.5024 0 2 2 0
4 84.963 129.49 2 2 1 4.7045 1 2 2 0
4 55.968 101.51 1 1 1 3.0072 0 2 2 0
4 125.02 87.037 4 4 1 4.8636 1 2 2 0
4 73.671 95.878 1 1 1 1.7266 1 2 2 0
4 127.92 108.38 4 4 1 5.0555 0 2 2 0
4 85.609 129.03 2 2 1 3.0883 0 2 2 0
4 98.473 67.976 3 3 1 1.1832 0 2 2 0
4 112.1 90.087 4 3 0 5.6467 0 2 2 0
4 94.876 128.97 2 2 1 1.3256 1 2 2 0
4 94.916 127.7 2 2 1 1.6323 1 2 2 0
4 63.482 91.567 1 1 1 1.4398 1 2 2 0
4 119.77 117.65 2 4 0 3.3286 1 2 2 0
4 98.49 82.627 3 3 1 1.5992 1 2 2 0
4 70.559 113.66 1 1 1 3.5343 1 2 2 0
4 122.08 84.683 4 4 1 1.4558 0 2 2 0
4 88.153 75.402 3 3 1 1.6319 1 2 2 0
4 77.996 133.37 2 2 1 1.3283 0 2 2 0
4 64.7 97.217 1 3 0 5.0888 0 2 2 0
4 143.61 95.96 4 4 1 5.3095 1 2 2 0
4 129.28 110.85 4 4 1 2.2884 1 2 2 0
4 80.145 103.81 1 3 0 1.9678 0 2 2 0
4 131.21 122.03 4 4 1 1.2803 1 2 2 0
4 59.37 85.034 1 3 0 3.343 1 2 2 0
4 106.31 69.963 3 3 1 1.6965 1 2 2 0
4 122.11 98.63 4 3 0 4.1431 1 2 2 0
4 116.98 121.04 4 2 0 1.3422 1 2 2 0
4 78.227 104.33 1 2 0 3.8189 1 2 2 0
4 137.02 95.216 4 4 1 3.3062 0 2 2 0
4 139.57 102.71 4 4 1 1.2317 1 2 2 0
4 124.5 78.177 4 3 0 2.2557 1 2 2 0
4 74.121 97.48 1 1 1 4.3529 1 2 2 0
4 104.77 137.2 2 2 1 1.3764 0 2 2 0
4 127.71 94.534 4 3 0 2.1584 1 2 2 0
4 137.8 100.42 4 4 1 1.3419 0 2 2 0
4 116.82 91.335 3 3 1 1.7899 1 2 2 0
4 64.013 119.66 1 1 1 1.6294 0 2 2 0
4 122.82 101.77 4 2 0 2.3195 0 2 2 0
4 94.894 72.019 3 3 1 1.4086 0 2 2 0
4 74.074 99.646 1 2 0 2.8937 1 2 2 0
4 95.81 77.826 3 3 1 2.1607 1 2 2 0
4 135.33 107.93 4 2 0 1.9837 1 2 2 0
4 81.981 122.2 2 2 1 0.87931 1 2 2 0
4 110.45 128.43 2 2 1 0.8473 1 2 2 0
4 82.093 84.705 1 1 1 1.7768 0 2 2 0
4 95.906 128.14 2 1 0 2.1107 1 2 2 0
4 70.798 95.527 1 1 1 1.3928 1 2 2 0
4 113.07 114.09 2 2 1 2.0467 0 2 2 0
4 79.562 79.509 3 3 1 5.1044 0 2 2 0
4 104.24 138.9 2 2 1 1.9511 0 2 2 0
4 64.865 97.452 1 1 1 6.207 0 2 2 0
4 81.79 111.54 2 2 1 4.5757 1 2 2 0
4 104.87 128.24 2 2 1 4.0795 1 2 2 0
4 103.9 52.984 3 3 1 1.2285 1 2 2 0
4 125.05 99.471 4 4 1 2.2381 1 2 2 0
4 103.34 114.1 2 2 1 2.352 1 2 2 0
4 109.3 94.724 4 3 0 3.7609 0 2 2 0
4 115.03 82.638 3 3 1 0.95812 0 2 2 0
4 108.73 146.08 2 2 1 1.1683 1 2 2 0
4 108.93 81.938 4 3 0 1.2635 0 2 2 0
4 70.98 97.498 1 3 0 8.6399 1 2 2 0
4 88.909 58.429 3 3 1 1.2311 0 2 2 0
4 97.064 60.284 3 3 1 1.168 1 2 2 0
4 132.73 92.579 4 4 1 1.583 1 2 2 0
4 100.29 72.852 3 3 1 1.6956 1 2 2 0
4 101.55 85.011 3 2 0 2.4794 0 2 2 0
4 107.25 127.76 2 2 1 1.0719 0 2 2 0
4 90.34 116.9 1 2 0 1.3428 1 2 2 0
4 90.921 64.416 3 3 1 1.649 0 2 2 0
4 95.845 83.32 3 3 1 5.8223 1 2 2 0
4 114.03 71.214 3 3 1 1.2956 1 2 2 0
4 89.463 121.33 2 2 1 1.7115 1 2 2 0
4 110.02 129.03 2 2 1 1.4072 1 2 2 0
4 106.52 71.449 3 3 1 3.1033 1 2 2 0
4 91.665 129.79 2 2 1 2.0481 0 2 2 0
4 68.49 100.38 1 1 1 1.678 1 2 2 0
4 76.145 86.468 1 1 1 2.7327 0 2 2 0
4 91.562 71.13 3 3 1 2.6883 1 2 2 0
4 101.69 71.413 3 3 1 4.3683 1 2 2 0
4 94.807 71.083 3 3 1 1.936 0 2 2 0
4 96.262 137.63 2 2 1 1.3274 1 2 2 0
4 80.524 83.775 3 3 1 4.8493 0 2 2 0
4 73.17 85.193 1 3 0 4.2727 1 2 2 0
4 72.589 103.31 1 1 1 1.3603 1 2 2 0
4 101.08 80.825 3 3 1 1.8872 0 2 2 0
4 87.545 133.79 2 2 1 1.3448 1 2 2 0
4 130.3 108.11 4 4 1 5.7445 0 2 2 0
4 113.79 95.295 3 3 1 6.2878 1 2 2 0
4 69.854 99.217 1 3 0 1.5643 1 2 2 0
4 131.4 98.805 4 4 1 1.4403 1 2 2 0
4 71.674 104.66 1 3 0 3.0546 0 2 2 0
4 105.36 117.7 2 2 1 4.2405 1 2 2 0
4 105.37 62.352 3 3 1 1.4241 1 2 2 0
4 64.004 91.564 1 1 1 2.1921 1 2 2 0
4 98.53 129.25 2 2 1 1.9352 1 2 2 0
5 129.02 91.02 4 4 1 1.8078 0 2 2 0
5 69.114 108.52 1 3 0 2.6556 1 2 2 0
5 90.49 90.771 1 3 0 1.2629 0 2 2 0
5 140.93 83.272 4 4 1 1.3588 0 2 2 0
5 124.09 118.91 4 4 1 5.375 1 2 2 0
5 107.72 122.85 2 3 0 1.8367 1 2 2 0
5 84.963 129.49 2 2 1 1.7758 1 2 2 0
5 55.968 101.51 1 1 1 1.3436 1 2 2 0
5 125.02 87.037 4 3 0 4.2403 1 2 2 0
5 73.671 95.878 1 3 0 6.4313 0 2 2 0
5 127.92 108.38 4 4 1 1.2604 0 2 2 0
5 85.609 129.03 2 3 0 1.6635 1 2 2 0
5 98.473 67.976 3 3 1 1.5362 1 2 2 0
5 112.1 90.087 4 2 0 3.6969 1 2 2 0
5 94.876 128.97 2 2 1 1.5041 1 2 2 0
5 94.916 127.7 2 2 1 1.2324 1 2 2 0
5 63.482 91.567 1 1 1 1.3609 1 2 2 0
5 119.77 117.65 2 4 0 4.7188 0 2 2 0
5 98.49 82.627 3 3 1 2.4306 1 2 2 0
5 70.559 113.66 1 1 1 5.7423 0 2 2 0
5 122.08 84.683 4 3 0 2.5749 0 2 2 0
5 88.153 75.402 3 3 1 2.5764 0 2 2 0
5 77.996 133.37 2 1 0 3.1998 1 2 2 0
5 64.7 97.217 1 1 1 1.6937 0 2 2 0
5 143.61 95.96 4 4 1 1.3255 1 2 2 0
5 129.28 110.85 4 2 0 3.5987 0 2 2 0
5 80.145 103.81 1 2 0 7.519 1 2 2 0
5 131.21 122.03 4 4 1 8.3834 1 2 2 0
5 59.37 85.034 1 1 1 1.0856 1 2 2 0
5 106.31 69.963 3 3 1 2.2072 1 2 2 0
5 122.11 98.63 4 2 0 3.1838 0 2 2 0
5 116.98 121.04 4 2 0 1.6441 0 2 2 0
5 78.227 104.33 1 3 0 4.3663 0 2 2 0
5 137.02 95.216 4 4 1 1.8369 0 2 2 0
5 139.57 102.71 4 4 1 1.6136 1 2 2 0
5 124.5 78.177 4 4 1 1.6303 1 2 2 0
5 74.121 97.48 1 2 0 3.6933 1 2 2 0
5 104.77 137.2 2 2 1 1.0388 0 2 2 0
5 127.71 94.534 4 3 0 4.4632 1 2 2 0
5 137.8 100.42 4 4 1 2.0147 1 2 2 0
5 116.82 91.335 3 2 0 6.4958 0 2 2 0
5 64.013 119.66 1 2 0 1.3755 0 2 2 0
5 122.82 101.77 4 2 0 13.103 1 2 2 0
5 94.894 72.019 3 3 1 1.2784 1 2 2 0
5 74.074 99.646 1 1 1 1.4875 0 2 2 0
5 95.81 77.826 3 3 1 1.5005 1 2 2 0
5 135.33 107.93 4 4 1 1.6298 1 2 2 0
5 81.981 122.2 2 2 1 7.7264 0 2 2 0
5 110.45 128.43 2 2 1 6.0247 1 2 2 0
5 82.093 84.705 1 3 0 3.9357 0 2 2 0
5 95.906 128.14 2 2 1 1.6953 1 2 2 0
5 70.798 95.527 1 1 1 2.1258 1 2 2 0
5 113.07 114.09 2 2 1 3.9982 0 2 2 0
5 79.562 79.509 3 3 1 1.0544 1 2 2 0
5 104.24 138.9 2 2 1 0.81552 1 2 2 0
5 64.865 97.452 1 1 1 1.2788 1 2 2 0
5 81.79 111.54 2 2 1 1.9188 0 2 2 0
5 104.87 128.24 2 2 1 4.9582 0 2 2 0
5 103.9 52.984 3 3 1 0.91127 1 2 2 0
5 125.05 99.471 4 2 0 2.7832 0 2 2 0
5 103.34 114.1 2 2 1 0.97186 1 2 2 0
5 109.3 94.724 4 3 0 4.0767 1 2 2 0
5 115.03 82.638 3 3 1 2.1593 1 2 2 0
5 108.73 146.08 2 2 1 0.84491 1 2 2 0
5 108.93 81.938 4 3 0 1.4216 1 2 2 0
5 70.98 97.498 1 1 1 4.062 1 2 2 0
5 88.909 58.429 3 3 1 1.806 1 2 2 0
5 97.064 60.284 3 3 1 1.8865 1 2 2 0
5 132.73 92.579 4 2 0 2.6396 1 2 2 0
5 100.29 72.852 3 3 1 2.1753 1 2 2 0
5 101.55 85.011 3 4 0 1.756 1 2 2 0
5 107.25 127.76 2 2 1 3.2609 0 2 2 0
5 90.34 116.9 1 2 0 1.5495 1 2 2 0
5 90.921 64.416 3 3 1 1.0066 0 2 2 0
5 95.845 83.32 3 3 1 1.0699 0 2 2 0
5 114.03 71.214 3 3 1 0.81215 1 2 2 0
5 89.463 121.33 2 2 1 1.9678 0 2 2 0
5 110.02 129.03 2 4 0 3.6293 1 2 2 0
5 106.52 71.449 3 3 1 1.2791 0 2 2 0
5 91.665 129.79 2 2 1 0.75056 1 2 2 0
5 68.49 100.38 1 1 1 5.7593 1 2 2 0
5 76.145 86.468 1 3 0 2.1424 0 2 2 0
5 91.562 71.13 3 3 1 1.3599 1 2 2 0
5 101.69 71.413 3 3 1 0.92748 0 2 2 0
5 94.807 71.083 3 3 1 0.62078 1 2 2 0
5 96.262 137.63 2 2 1 0.68697 1 2 2 0
5 80.524 83.775 3 3 1 7.2315 0 2 2 0
5 73.17 85.193 1 3 0 1.6794 0 2 2 0
5 72.589 103.31 1 3 0 2.5908 1 2 2 0
5 101.08 80.825 3 3 1 0.84795 1 2 2 0
5 87.545 133.79 2 2 1 1.5518 1 2 2 0
5 130.3 108.11 4 4 1 4.9891 0 2 2 0
5 113.79 95.295 3 2 0 25.344 0 2 2 0
5 69.854 99.217 1 1 1 1.4554 0 2 2 0
5 131.4 98.805 4 4 1 2.399 1 2 2 0
5 71.674 104.66 1 2 0 4.3964 1 2 2 0
5 105.36 117.7 2 2 1 1.0684 0 2 2 0
5 105.37 62.352 3 3 1 2.0598 1 2 2 0
5 64.004 91.564 1 1 1 1.4854 0 2 2 0
5 98.53 129.25 2 2 1 1.2949 0 2 2 0
6 129.02 91.02 4 4 1 1.6159 0 2 2 0
6 69.114 108.52 1 2 0 1.5178 1 2 2 0
6 90.49 90.771 1 3 0 1.5039 1 2 2 0
6 140.93 83.272 4 4 1 1.2634 0 2 2 0
6 124.09 118.91 4 2 0 2.2878 0 2 2 0
6 107.72 122.85 2 2 1 6.0617 1 2 2 0
6 84.963 129.49 2 3 0 1.3891 1 2 2 0
6 55.968 101.51 1 1 1 3.4711 1 2 2 0
6 125.02 87.037 4 3 0 2.1764 1 2 2 0
6 73.671 95.878 1 3 0 13.712 0 2 2 0
6 127.92 108.38 4 4 1 1.3907 0 2 2 0
6 85.609 129.03 2 2 1 5.2152 0 2 2 0
6 98.473 67.976 3 3 1 0.71786 1 2 2 0
6 112.1 90.087 4 3 0 2.5898 1 2 2 0
6 94.876 128.97 2 2 1 0.91029 0 2 2 0
6 94.916 127.7 2 2 1 1.0064 1 2 2 0
6 63.482 91.567 1 1 1 1.5347 1 2 2 0
6 119.77 117.65 2 2 1 2.6543 1 2 2 0
6 98.49 82.627 3 3 1 1.0523 1 2 2 0
6 70.559 113.66 1 3 0 1.8067 1 2 2 0
6 122.08 84.683 4 3 0 1.2966 0 2 2 0
6 88.153 75.402 3 3 1 0.81419 1 2 2 0
6 77.996 133.37 2 2 1 0.83088 0 2 2 0
6 64.7 97.217 1 2 0 2.9566 1 2 2 0
6 143.61 95.96 4 4 1 1.5997 1 2 2 0
6 129.28 110.85 4 2 0 3.0867 1 2 2 0
6 80.145 103.81 1 3 0 3.5514 1 2 2 0
6 131.21 122.03 4 2 0 1.9192 1 2 2 0
6 59.37 85.034 1 3 0 1.2003 0 2 2 0
6 106.31 69.963 3 3 1 1.1815 1 2 2 0
6 122.11 98.63 4 2 0 3.5973 0 2 2 0
6 116.98 121.04 4 2 0 2.2237 0 2 2 0
6 78.227 104.33 1 2 0 1.8714 0 2 2 0
6 137.02 95.216 4 2 0 4.2224 0 2 2 0
6 139.57 102.71 4 2 0 1.1672 0 2 2 0
6 124.5 78.177 4 3 0 1.2156 1 2 2 0
6 74.121 97.48 1 2 0 0.63928 1 2 2 0
6 104.77 137.2 2 2 1 0.81572 0 2 2 0
6 127.71 94.534 4 2 0 0.94279 1 2 2 0
6 137.8 100.42 4 3 0 3.4387 1 2 2 0
6 116.82 91.335 3 3 1 1.6626 1 2 2 0
6 64.013 119.66 1 2 0 2.1739 1 2 2 0
6 122.82 101.77 4 2 0 7.0221 1 2 2 0
6 94.894 72.019 3 3 1 1.71 0 2 2 0
6 74.074 99.646 1 3 0 1.6463 0 2 2 0
6 95.81 77.826 3 4 0 3.616 1 2 2 0
6 135.33 107.93 4 4 1 9.0236 1 2 2 0
6 81.981 122.2 2 2 1 1.4867 0 2 2 0
6 110.45 128.43 2 2 1 0.81377 1 2 2 0
6 82.093 84.705 1 3 0 1.5454 0 2 2 0
6 95.906 128.14 2 2 1 0.89583 1 2 2 0
6 70.798 95.527 1 3 0 1.3739 1 2 2 0
6 113.07 114.09 2 2 1 0.94191 1 2 2 0
6 79.562 79.509 3 1 0 2.8477 0 2 2 0
6 104.24 138.9 2 2 1 1.3268 0 2 2 0
6 64.865 97.452 1 1 1 1.0391 1 2 2 0
6 81.79 111.54 2 2 1 1.6314 1 2 2 0
6 104.87 128.24 2 2 1 0.99055 1 2 2 0
6 103.9 52.984 3 3 1 0.95941 0 2 2 0
6 125.05 99.471 4 4 1 2.8952 1 2 2 0
6 103.34 114.1 2 2 1 2.0311 1 2 2 0
6 109.3 94.724 4 3 0 2.4617 1 2 2 0
6 115.03 82.638 3 3 1 2.255 1 2 2 0
6 108.73 146.08 2 2 1 1.8241 1 2 2 0
6 108.93 81.938 4 3 0 9.2942 0 2 2 0
6 70.98 97.498 1 1 1 1.9194 1 2 2 0
6 88.909 58.429 3 3 1 1.1025 1 2 2 0
6 97.064 60.284 3 3 1 0.86099 1 2 2 0
6 132.73 92.579 4 2 0 2.9732 1 2 2 0
6 100.29 72.852 3 3 1 2.7514 1 2 2 0
6 101.55 85.011 3 4 0 2.191 1 2 2 0
6 107.25 127.76 2 2 1 0.92404 1 2 2 0
6 90.34 116.9 1 2 0 0.71998 0 2 2 0
6 90.921 64.416 3 3 1 1.5665 0 2 2 0
6 95.845 83.32 3 3 1 6.415 0 2 2 0
6 114.03 71.214 3 3 1 2.5112 1 2 2 0
6 89.463 121.33 2 2 1 1.3762 1 2 2 0
6 110.02 129.03 2 2 1 0.783 0 2 2 0
6 106.52 71.449 3 3 1 0.83264 0 2 2 0
6 91.665 129.79 2 2 1 3.2631 1 2 2 0
6 68.49 100.38 1 3 0 1.9338 0 2 2 0
6 76.145 86.468 1 3 0 1.1993 1 2 2 0
6 91.562 71.13 3 3 1 2.6868 1 2 2 0
6 101.69 71.413 3 3 1 1.7595 1 2 2 0
6 94.807 71.083 3 4 0 2.3163 1 2 2 0
6 96.262 137.63 2 2 1 0.97488 0 2 2 0
6 80.524 83.775 3 3 1 1.6481 0 2 2 0
6 73.17 85.193 1 3 0 3.2315 0 2 2 0
6 72.589 103.31 1 1 1 1.4397 0 2 2 0
6 101.08 80.825 3 3 1 1.4231 1 2 2 0
6 87.545 133.79 2 2 1 1.2461 1 2 2 0
6 130.3 108.11 4 3 0 3.0227 1 2 2 0
6 113.79 95.295 3 3 1 1.2629 0 2 2 0
6 69.854 99.217 1 3 0 0.82928 0 2 2 0
6 131.4 98.805 4 4 1 1.4859 0 2 2 0
6 71.674 104.66 1 3 0 2.447 1 2 2 0
6 105.36 117.7 2 3 0 1.087 0 2 2 0
6 105.37 62.352 3 3 1 0.89413 0 2 2 0
6 64.004 91.564 1 3 0 4.0803 0 2 2 0
6 98.53 129.25 2 2 1 1.103 1 2 2 0
7 129.02 91.02 3 4 0 5.1678 2 1 2 1
7 69.114 108.52 2 3 0 2.7487 2 1 2 1
7 90.49 90.771 2 3 0 0.68807 2 1 2 1
7 140.93 83.272 3 4 0 1.3262 2 1 2 1
7 124.09 118.91 3 2 0 8.6206 2 1 2 1
7 107.72 122.85 1 3 0 1.1639 2 1 2 1
7 84.963 129.49 1 2 0 2.1758 2 1 2 1
7 55.968 101.51 2 1 0 1.547 2 1 2 1
7 125.02 87.037 3 3 1 2.031 2 1 2 1
7 73.671 95.878 2 3 0 0.87614 2 1 2 1
7 127.92 108.38 3 3 1 0.94324 2 1 2 1
7 85.609 129.03 1 2 0 0.94335 2 1 2 1
7 98.473 67.976 4 3 0 0.49508 2 1 2 1
7 112.1 90.087 3 3 1 0.62241 2 1 2 1
7 94.876 128.97 1 3 0 0.7996 2 1 2 1
7 94.916 127.7 1 3 0 0.71708 2 1 2 1
7 63.482 91.567 2 1 0 1.7589 2 1 2 1
7 119.77 117.65 1 3 0 0.99133 2 1 2 1
7 98.49 82.627 4 3 0 0.86142 2 1 2 1
7 70.559 113.66 2 3 0 0.79838 2 1 2 1
7 122.08 84.683 3 3 1 0.52677 2 1 2 1
7 88.153 75.402 4 3 0 0.84627 2 1 2 1
7 77.996 133.37 1 2 0 0.75261 2 1 2 1
7 64.7 97.217 2 3 0 1.1035 2 1 2 1
7 143.61 95.96 3 4 0 1.2325 2 1 2 1
7 129.28 110.85 3 2 0 3.249 2 1 2 1
7 80.145 103.81 2 3 0 2.8143 2 1 2 1
7 131.21 122.03 3 2 0 1.8224 2 1 2 1
7 59.37 85.034 2 3 0 3.7719 2 1 2 1
7 106.31 69.963 4 3 0 0.81516 2 1 2 1
7 122.11 98.63 3 3 1 1.0065 2 1 2 1
7 116.98 121.04 3 3 1 2.3475 2 1 2 1
7 78.227 104.33 2 3 0 1.1314 2 1 2 1
7 137.02 95.216 3 3 1 0.99101 2 1 2 1
7 139.57 102.71 3 3 1 6.8609 2 1 2 1
7 124.5 78.177 3 3 1 1.0716 2 1 2 1
7 74.121 97.48 2 3 0 2.1737 2 1 2 1
7 104.77 137.2 1 2 0 1.7744 2 1 2 1
7 127.71 94.534 3 3 1 2.5427 2 1 2 1
7 137.8 100.42 3 4 0 4.7181 2 1 2 1
7 116.82 91.335 4 3 0 1.583 2 1 2 1
7 64.013 119.66 2 1 0 2.3514 2 1 2 1
7 122.82 101.77 3 3 1 7.3896 2 1 2 1
7 94.894 72.019 4 3 0 0.90805 2 1 2 1
7 74.074 99.646 2 3 0 5.2774 2 1 2 1
7 95.81 77.826 4 3 0 1.7077 2 1 2 1
7 135.33 107.93 3 3 1 6.3985 2 1 2 1
7 81.981 122.2 1 3 0 1.131 2 1 2 1
7 110.45 128.43 1 3 0 0.76537 2 1 2 1
7 82.093 84.705 2 3 0 0.76571 2 1 2 1
7 95.906 128.14 1 3 0 0.81563 2 1 2 1
7 70.798 95.527 2 3 0 0.73657 2 1 2 1
7 113.07 114.09 1 3 0 0.55982 2 1 2 1
7 79.562 79.509 4 3 0 0.59081 2 1 2 1
7 104.24 138.9 1 2 0 1.4722 2 1 2 1
7 64.865 97.452 2 1 0 1.2922 2 1 2 1
7 81.79 111.54 1 3 0 0.50824 2 1 2 1
7 104.87 128.24 1 2 0 0.87781 2 1 2 1
7 103.9 52.984 4 3 0 0.66934 2 1 2 1
7 125.05 99.471 3 2 0 1.9831 2 1 2 1
7 103.34 114.1 1 3 0 1.28 2 1 2 1
7 109.3 94.724 3 3 1 0.63944 2 1 2 1
7 115.03 82.638 4 3 0 0.57389 2 1 2 1
7 108.73 146.08 1 2 0 0.79803 2 1 2 1
7 108.93 81.938 3 3 1 0.7973 2 1 2 1
7 70.98 97.498 2 3 0 1.0389 2 1 2 1
7 88.909 58.429 4 3 0 0.49484 2 1 2 1
7 97.064 60.284 4 3 0 0.57157 2 1 2 1
7 132.73 92.579 3 3 1 0.943 2 1 2 1
7 100.29 72.852 4 3 0 0.54335 2 1 2 1
7 101.55 85.011 4 3 0 0.52582 2 1 2 1
7 107.25 127.76 1 2 0 0.86358 2 1 2 1
7 90.34 116.9 2 3 0 1.088 2 1 2 1
7 90.921 64.416 4 3 0 0.79572 2 1 2 1
7 95.845 83.32 4 3 0 0.67236 2 1 2 1
7 114.03 71.214 4 3 0 0.81558 2 1 2 1
7 89.463 121.33 1 3 0 0.92744 2 1 2 1
7 110.02 129.03 1 2 0 1.707 2 1 2 1
7 106.52 71.449 4 3 0 0.65237 2 1 2 1
7 91.665 129.79 1 2 0 1.3748 2 1 2 1
7 68.49 100.38 2 3 0 0.91085 2 1 2 1
7 76.145 86.468 2 3 0 0.47851 2 1 2 1
7 91.562 71.13 4 3 0 0.57206 2 1 2 1
7 101.69 71.413 4 3 0 0.62277 2 1 2 1
7 94.807 71.083 4 3 0 0.48042 2 1 2 1
7 96.262 137.63 1 3 0 0.31872 2 1 2 1
7 80.524 83.775 4 3 0 0.97543 2 1 2 1
7 73.17 85.193 2 3 0 0.57294 2 1 2 1
7 72.589 103.31 2 3 0 0.76694 2 1 2 1
7 101.08 80.825 4 3 0 0.6565 2 1 2 1
7 87.545 133.79 1 2 0 1.6 2 1 2 1
7 130.3 108.11 3 4 0 1.0717 2 1 2 1
7 113.79 95.295 4 3 0 0.78371 2 1 2 1
7 69.854 99.217 2 3 0 2.4708 2 1 2 1
7 131.4 98.805 3 4 0 1.4888 2 1 2 1
7 71.674 104.66 2 1 0 4.8947 2 1 2 1
7 105.36 117.7 1 3 0 3.3283 2 1 2 1
7 105.37 62.352 4 3 0 0.91026 2 1 2 1
7 64.004 91.564 2 3 0 0.60877 2 1 2 1
7 98.53 129.25 1 3 0 0.94193 2 1 2 1
8 129.02 91.02 3 4 0 1.4398 2 1 2 1
8 69.114 108.52 2 3 0 1.5988 2 1 2 1
8 90.49 90.771 2 3 0 0.47835 2 1 2 1
8 140.93 83.272 3 3 1 2.6719 2 1 2 1
8 124.09 118.91 3 3 1 1.072 2 1 2 1
8 107.72 122.85 1 3 0 1.1834 2 1 2 1
8 84.963 129.49 1 2 0 1.4541 2 1 2 1
8 55.968 101.51 2 1 0 1.5191 2 1 2 1
8 125.02 87.037 3 3 1 0.94166 2 1 2 1
8 73.671 95.878 2 3 0 0.86358 2 1 2 1
8 127.92 108.38 3 3 1 0.95926 2 1 2 1
8 85.609 129.03 1 3 0 6.1271 2 1 2 1
8 98.473 67.976 4 3 0 0.86299 2 1 2 1
8 112.1 90.087 3 3 1 0.99101 2 1 2 1
8 94.876 128.97 1 2 0 1.1167 2 1 2 1
8 94.916 127.7 1 2 0 0.91219 2 1 2 1
8 63.482 91.567 2 3 0 1.2635 2 1 2 1
8 119.77 117.65 1 3 0 0.23982 2 1 2 1
8 98.49 82.627 4 3 0 0.14364 2 1 2 1
8 70.559 113.66 2 3 0 1.4068 2 1 2 1
8 122.08 84.683 3 3 1 2.6552 2 1 2 1
8 88.153 75.402 4 3 0 0.71912 2 1 2 1
8 77.996 133.37 1 2 0 0.82969 2 1 2 1
8 64.7 97.217 2 3 0 1.245 2 1 2 1
8 143.61 95.96 3 4 0 1.9839 2 1 2 1
8 129.28 110.85 3 4 0 1.3258 2 1 2 1
8 80.145 103.81 2 3 0 7.9178 2 1 2 1
8 131.21 122.03 3 3 1 1.552 2 1 2 1
8 59.37 85.034 2 3 0 0.60918 2 1 2 1
8 106.31 69.963 4 3 0 0.54381 2 1 2 1
8 122.11 98.63 3 3 1 0.52696 2 1 2 1
8 116.98 121.04 3 3 1 0.41574 2 1 2 1
8 78.227 104.33 2 3 0 0.35043 2 1 2 1
8 137.02 95.216 3 3 1 0.17449 2 1 2 1
8 139.57 102.71 3 3 1 0.30275 2 1 2 1
8 124.5 78.177 3 3 1 0.5284 2 1 2 1
8 74.121 97.48 2 3 0 0.38307 2 1 2 1
8 104.77 137.2 1 3 0 0.39876 2 1 2 1
8 127.71 94.534 3 3 1 0.63931 2 1 2 1
8 137.8 100.42 3 3 1 0.9258 2 1 2 1
8 116.82 91.335 4 3 0 1.4728 2 1 2 1
8 64.013 119.66 2 3 0 1.1202 2 1 2 1
8 122.82 101.77 3 2 0 1.1668 2 1 2 1
8 94.894 72.019 4 3 0 0.5891 2 1 2 1
8 74.074 99.646 2 3 0 0.41511 2 1 2 1
8 95.81 77.826 4 3 0 0.36743 2 1 2 1
8 135.33 107.93 3 3 1 0.33431 2 1 2 1
8 81.981 122.2 1 3 0 1.4692 2 1 2 1
8 110.45 128.43 1 3 0 2.143 2 1 2 1
8 82.093 84.705 2 3 0 0.5592 2 1 2 1
8 95.906 128.14 1 3 0 0.97496 2 1 2 1
8 70.798 95.527 2 3 0 0.62293 2 1 2 1
8 113.07 114.09 1 3 0 0.79544 2 1 2 1
8 79.562 79.509 4 3 0 0.49294 2 1 2 1
8 104.24 138.9 1 2 0 1.471 2 1 2 1
8 64.865 97.452 2 1 0 3.5017 2 1 2 1
8 81.79 111.54 1 3 0 5.4711 2 1 2 1
8 104.87 128.24 1 3 0 1.5173 2 1 2 1
8 103.9 52.984 4 3 0 4.9555 2 1 2 1
8 125.05 99.471 3 3 1 2.3505 2 1 2 1
8 103.34 114.1 1 3 0 1.9671 2 1 2 1
8 109.3 94.724 3 3 1 0.54419 2 1 2 1
8 115.03 82.638 4 3 0 0.59018 2 1 2 1
8 108.73 146.08 1 3 0 0.6563 2 1 2 1
8 108.93 81.938 3 3 1 0.81343 2 1 2 1
8 70.98 97.498 2 3 0 0.73542 2 1 2 1
8 88.909 58.429 4 3 0 0.75277 2 1 2 1
8 97.064 60.284 4 3 0 0.87672 2 1 2 1
8 132.73 92.579 3 3 1 0.79863 2 1 2 1
8 100.29 72.852 4 3 0 0.33556 2 1 2 1
8 101.55 85.011 4 3 0 0.28712 2 1 2 1
8 107.25 127.76 1 3 0 10.668 2 1 2 1
8 90.34 116.9 2 3 0 0.44604 2 1 2 1
8 90.921 64.416 4 3 0 0.302 2 1 2 1
8 95.845 83.32 4 3 0 0.15507 2 1 2 1
8 114.03 71.214 4 3 0 0.31813 2 1 2 1
8 89.463 121.33 1 3 0 0.65303 2 1 2 1
8 110.02 129.03 1 2 0 2.0125 2 1 2 1
8 106.52 71.449 4 3 0 0.78124 2 1 2 1
8 91.665 129.79 1 3 0 0.23946 2 1 2 1
8 68.49 100.38 2 3 0 0.68832 2 1 2 1
8 76.145 86.468 2 3 0 0.54186 2 1 2 1
8 91.562 71.13 4 3 0 1.4855 2 1 2 1
8 101.69 71.413 4 3 0 0.55983 2 1 2 1
8 94.807 71.083 4 3 0 0.46459 2 1 2 1
8 96.262 137.63 1 2 0 1.6475 2 1 2 1
8 80.524 83.775 4 3 0 0.54176 2 1 2 1
8 73.17 85.193 2 3 0 0.63959 2 1 2 1
8 72.589 103.31 2 3 0 0.43149 2 1 2 1
8 101.08 80.825 4 3 0 1.2779 2 1 2 1
8 87.545 133.79 1 2 0 2.1421 2 1 2 1
8 130.3 108.11 3 4 0 1.4403 2 1 2 1
8 113.79 95.295 4 3 0 0.90744 2 1 2 1
8 69.854 99.217 2 3 0 0.92796 2 1 2 1
8 131.4 98.805 3 3 1 0.76377 2 1 2 1
8 71.674 104.66 2 3 0 1.4226 2 1 2 1
8 105.36 117.7 1 3 0 1.0383 2 1 2 1
8 105.37 62.352 4 4 1 2.015 2 1 2 1
8 64.004 91.564 2 1 0 1.837 2 1 2 1
8 98.53 129.25 1 2 0 1.5503 2 1 2 1
9 129.02 91.02 3 3 1 0.84785 2 1 2 1
9 69.114 108.52 2 3 0 0.47993 2 1 2 1
9 90.49 90.771 2 3 0 0.28735 2 1 2 1
9 140.93 83.272 3 3 1 0.39851 2 1 2 1
9 124.09 118.91 3 3 1 0.81357 2 1 2 1
9 107.72 122.85 1 3 0 1.0231 2 1 2 1
9 84.963 129.49 1 3 0 0.73498 2 1 2 1
9 55.968 101.51 2 1 0 2.0154 2 1 2 1
9 125.02 87.037 3 4 0 1.4875 2 1 2 1
9 73.671 95.878 2 3 0 0.70281 2 1 2 1
9 127.92 108.38 3 3 1 0.71794 2 1 2 1
9 85.609 129.03 1 3 0 0.79879 2 1 2 1
9 98.473 67.976 4 3 0 0.55803 2 1 2 1
9 112.1 90.087 3 3 1 0.30439 2 1 2 1
9 94.876 128.97 1 2 0 1.5666 2 1 2 1
9 94.916 127.7 1 3 0 0.71921 2 1 2 1
9 63.482 91.567 2 3 0 0.28769 2 1 2 1
9 119.77 117.65 1 3 0 0.36729 2 1 2 1
9 98.49 82.627 4 3 0 0.46002 2 1 2 1
9 70.559 113.66 2 3 0 0.34888 2 1 2 1
9 122.08 84.683 3 3 1 0.50925 2 1 2 1
9 88.153 75.402 4 3 0 0.58908 2 1 2 1
9 77.996 133.37 1 3 0 0.39891 2 1 2 1
9 64.7 97.217 2 1 0 1.5663 2 1 2 1
9 143.61 95.96 3 3 1 0.75092 2 1 2 1
9 129.28 110.85 3 3 1 0.63906 2 1 2 1
9 80.145 103.81 2 3 0 0.97217 2 1 2 1
9 131.21 122.03 3 2 0 4.4938 2 1 2 1
9 59.37 85.034 2 3 0 1.5344 2 1 2 1
9 106.31 69.963 4 3 0 1.9669 2 1 2 1
9 122.11 98.63 3 3 1 0.55956 2 1 2 1
9 116.98 121.04 3 3 1 2.9745 2 1 2 1
9 78.227 104.33 2 3 0 0.87717 2 1 2 1
9 137.02 95.216 3 3 1 0.52766 2 1 2 1
9 139.57 102.71 3 3 1 0.5913 2 1 2 1
9 124.5 78.177 3 3 1 0.94293 2 1 2 1
9 74.121 97.48 2 3 0 0.22462 2 1 2 1
9 104.77 137.2 1 3 0 1.7914 2 1 2 1
9 127.71 94.534 3 3 1 0.31773 2 1 2 1
9 137.8 100.42 3 3 1 8.3834 2 1 2 1
9 116.82 91.335 4 3 0 1.6968 2 1 2 1
9 64.013 119.66 2 3 0 0.55733 2 1 2 1
9 122.82 101.77 3 3 1 0.51207 2 1 2 1
9 94.894 72.019 4 3 0 0.57532 2 1 2 1
9 74.074 99.646 2 3 0 5.7113 2 1 2 1
9 95.81 77.826 4 3 0 0.66997 2 1 2 1
9 135.33 107.93 3 3 1 2.6199 2 1 2 1
9 81.981 122.2 1 3 0 2.2522 2 1 2 1
9 110.45 128.43 1 3 0 0.23931 2 1 2 1
9 82.093 84.705 2 3 0 0.18145 2 1 2 1
9 95.906 128.14 1 3 0 0.19016 2 1 2 1
9 70.798 95.527 2 3 0 0.12807 2 1 2 1
9 113.07 114.09 1 3 0 0.30393 2 1 2 1
9 79.562 79.509 4 3 0 0.34836 2 1 2 1
9 104.24 138.9 1 3 0 0.36702 2 1 2 1
9 64.865 97.452 2 3 0 2.32 2 1 2 1
9 81.79 111.54 1 2 0 2.2216 2 1 2 1
9 104.87 128.24 1 3 0 3.7916 2 1 2 1
9 103.9 52.984 4 3 0 1.3265 2 1 2 1
9 125.05 99.471 3 3 1 0.71815 2 1 2 1
9 103.34 114.1 1 3 0 0.76484 2 1 2 1
9 109.3 94.724 3 3 1 0.23873 2 1 2 1
9 115.03 82.638 4 3 0 0.38184 2 1 2 1
9 108.73 146.08 1 3 0 10.064 2 1 2 1
9 108.93 81.938 3 3 1 0.59037 2 1 2 1
9 70.98 97.498 2 1 0 1.6288 2 1 2 1
9 88.909 58.429 4 3 0 0.67164 2 1 2 1
9 97.064 60.284 4 2 0 0.76702 2 1 2 1
9 132.73 92.579 3 3 1 0.84629 2 1 2 1
9 100.29 72.852 4 3 0 0.89353 2 1 2 1
9 101.55 85.011 4 3 0 0.89426 2 1 2 1
9 107.25 127.76 1 3 0 0.62282 2 1 2 1
9 90.34 116.9 2 3 0 10.415 2 1 2 1
9 90.921 64.416 4 3 0 0.35039 2 1 2 1
9 95.845 83.32 4 3 0 0.35231 2 1 2 1
9 114.03 71.214 4 3 0 0.43137 2 1 2 1
9 89.463 121.33 1 3 0 2.3177 2 1 2 1
9 110.02 129.03 1 3 0 0.6235 2 1 2 1
9 106.52 71.449 4 3 0 0.30311 2 1 2 1
9 91.665 129.79 1 3 0 1.2476 2 1 2 1
9 68.49 100.38 2 1 0 11.103 2 1 2 1
9 76.145 86.468 2 3 0 0.94377 2 1 2 1
9 91.562 71.13 4 3 0 0.67117 2 1 2 1
9 101.69 71.413 4 3 0 0.3827 2 1 2 1
9 94.807 71.083 4 3 0 0.35084 2 1 2 1
9 96.262 137.63 1 3 0 0.31688 2 1 2 1
9 80.524 83.775 4 3 0 0.575 2 1 2 1
9 73.17 85.193 2 3 0 0.39841 2 1 2 1
9 72.589 103.31 2 3 0 0.54291 2 1 2 1
9 101.08 80.825 4 3 0 0.46397 2 1 2 1
9 87.545 133.79 1 2 0 0.82902 2 1 2 1
9 130.3 108.11 3 3 1 1.1994 2 1 2 1
9 113.79 95.295 4 3 0 0.49533 2 1 2 1
9 69.854 99.217 2 3 0 0.52599 2 1 2 1
9 131.4 98.805 3 3 1 0.47998 2 1 2 1
9 71.674 104.66 2 3 0 0.68878 2 1 2 1
9 105.36 117.7 1 3 0 0.31916 2 1 2 1
9 105.37 62.352 4 3 0 0.50782 2 1 2 1
9 64.004 91.564 2 3 0 0.62279 2 1 2 1
9 98.53 129.25 1 3 0 0.7195 2 1 2 1
