cat,x,y
4,137.35,113.99
3,95.503,80.539
1,77.043,103.02
1,83.097,99.69
4,138.91,109.03
2,97.803,130.48
1,58.433,101.94
4,138.16,109.2
2,105.29,110.19
4,124.8,92.44
4,126.81,79.395
4,130.46,86.239
4,132.47,91.274
4,113.19,81.538
1,64.441,99.62
4,131.82,93.131
2,88.46,132.35
3,107.66,76.983
4,118.36,111.64
2,100.26,126.58
2,108.16,121.17
3,111.32,66.94
1,79.921,80.143
4,111.42,105.79
3,108.36,74.954
2,84.233,137.95
4,130.11,92.592
1,81.331,81.853
3,96.006,70.31
1,65.483,111.99
1,67.719,92.352
2,99.777,123.8
3,105.84,59.327
2,96.222,119.36
3,97.37,74.791
3,102.03,55.27
3,100.45,75.41
1,71.147,98.665
4,135.9,87.263
3,100.23,73.765
2,103.04,133.76
2,109.19,138.07
2,95.081,129.76
1,67.377,101.21
2,88.727,138.52
1,75.224,88.377
2,100.19,132.46
3,103.29,76.818
3,96.639,63.931
4,135.48,103.1
4,132.97,97.663
4,136.37,93.27
4,135.92,94.174
1,74.406,94.873
2,100.66,138.95
1,70.057,97.824
3,96.095,76.707
1,84.668,102.75
4,124.62,98.248
2,99.874,116.05
2,95.636,122.01
2,101.93,124.92
2,103.8,134.02
4,150.2,102.4
2,105.39,122.35
1,80.514,110.94
3,110.47,86.667
1,56.719,111.46
3,94.439,74.619
3,92.034,75.207
2,101.3,118.25
3,94.17,78.633
1,68.92,110.38
1,79.388,101.95
3,91.842,58.59
2,95.087,138.82
3,85.51,78.382
1,67.055,109.5
3,123.59,90.996
3,100.28,82.642
1,78.156,106.16
2,111.85,115.57
1,78.076,96.265
2,108.59,150
4,138.1,78.635
2,97.504,109.72
3,114.2,77.146
1,73.271,112.19
3,82.728,60.788
1,78.451,105.19
4,137.08,110.12
4,129.64,91.975
3,79.896,81.103
1,87.493,102.65
1,49.067,104.17
3,105.35,62.113
4,143.47,104.91
4,125.42,88.357
4,114.29,103.67
2,103.49,123.83
1,96.851,93.522
1,80.363,107.58
3,104.55,75.985
4,133.57,96.385
4,128.1,100.78
4,125.36,108.83
4,112.41,118.76
4,134.45,99.393
1,79.195,108.9
4,140.56,95.906
4,136.2,109.88
4,147.27,83.137
2,113.1,110.7
2,98.245,120.49
1,70.846,89.233
3,99.136,69.971
4,135.82,105.16
4,121.31,98.879
1,69.448,106.47
2,100.99,121.59
3,106.46,68.872
2,112.83,144.21
3,86.087,61.63
2,88.839,138.9
3,96.491,75.548
3,73.556,72.203
2,92.918,131.84
4,109.08,102.43
2,83.847,132.18
2,104.9,118.62
3,102.96,73.328
3,101.83,65.421
1,73.749,110.44
1,79.308,92.667
3,102.16,55.752
1,74.453,101.68
2,91.087,110.36
3,84.364,77.564
2,109.99,128.71
3,103.79,74.408
4,132.99,87.506
2,90.76,118.01
3,100.29,72.427
4,127.81,85.974
2,101.16,128.38
2,88.576,154.71
2,78.088,134.84
4,121.92,85.312
3,92.056,65.207
1,71.102,89.31
1,72.136,96.496
3,101.11,71.326
4,127.04,102.53
3,114.53,61.526
4,116.97,92.084
1,61.124,86.306
3,105.24,69.674
1,75.227,96.213
3,89.249,78.622
2,106.96,129.73
2,111.52,115.14
1,77.928,100.5
1,77.572,109.99
3,104.56,56.695
2,82.976,154.25
1,70.723,116.53
2,111.79,125.11
4,126.49,92.918
1,73.932,114.88
3,86.84,95.028
3,109.85,73.783
2,96.141,112.8
1,82.452,94.309
1,86.386,114.75
1,62.399,88.289
2,104.2,141.27
4,120.24,105.37
1,84.647,111.43
3,87.314,64.028
4,124.87,94.913
4,131.6,100.05
3,98.409,50.535
4,136.8,115.45
1,64.365,104.84
1,81.98,108.69
2,97.194,128.59
1,80.038,101.41
3,101.9,83.963
2,102.34,113.04
4,126.18,107.62
1,85.657,87.331
4,137.4,90.895
3,105.35,58.085
4,123.77,91.191
3,95.619,81.297
1,76.242,107.64
2,114.07,154.31
2,105.56,113.27
4,135.16,91.08
2,107.65,124.98
1,58.328,73.353
4,134.54,105.28
3,95.194,94.826
2,105.91,134.84
3,110.59,67.354
1,77.33,102.76
4,127.38,98.414
1,88.911,106.9
3,94.597,82.411
2,109.89,115.34
1,58.379,84.361
4,120.78,94.112
4,136.7,85.785
1,78.275,98.073
4,143.65,112.93
3,112.26,78.24
1,62.847,102.1
3,94.993,68.6
3,90.263,82.881
1,79.587,92.389
1,91.876,91.165
4,126.25,93.826
1,80.323,104.7
3,110.07,62.644
1,57.396,106.88
3,106.94,67.181
4,124.72,97.362
4,142.54,96.024
2,96.455,124.97
2,100.31,142.8
1,51.438,108.53
2,97.429,121.92
2,85.758,122.92
2,98.189,128.34
1,68.797,98.916
3,102.12,59.224
1,74.279,93.98
2,78.534,135.86
2,117.22,127.39
4,136.68,89.393
3,87.361,68.211
2,112.9,126.84
1,85.173,84.335
3,96.553,70.742
2,110.61,128.72
3,105.67,73.16
4,134.9,112.82
4,129.27,80.77
2,105.22,124.71
3,94.284,48.611
4,127.58,95.363
4,133.69,86.174
1,67.26,96.275
4,116.75,95.248
3,90.995,70.212
2,116.68,143.14
4,149.08,86.517
2,92.592,132.06
4,113.73,110.07
2,99.281,114.32
4,117.36,99.67
3,112.99,56.667
4,121.8,103.95
2,110.72,120.02
4,113.03,96.023
2,99.356,122.93
4,119.21,107.17
3,103.58,77.844
1,93.355,104.98
1,63.9,101.59
3,91.41,93.881
2,79.951,141.1
2,123.62,140.58
3,107.42,77.578
4,122.11,103.28
4,125.5,91.716
2,87.743,121.71
2,90.727,115.04
3,90.796,75.564
1,59.669,94.748
1,64.23,102.61
4,133.32,99.716
1,52.279,89.759
1,68.081,97.29
2,104.31,130.62
4,132.71,98.452
1,66.393,108.79
3,96.13,74.53
1,93.416,96.683
4,145.51,105.09
3,98.221,65.457
1,71.185,108.26
2,107.34,146.03
2,89.896,132.19
3,94.167,86.356
2,103.82,160.68
3,101.9,52.566
3,104.09,67.894
1,76.579,100.09
3,94.934,58.117
3,106.63,68.216
2,92.87,115.4
4,116.93,101.92
1,73.33,105.79
2,94.721,105.78
2,108.88,128.95
1,63.841,99.981
4,106.83,93.879
1,75.915,124.97
3,93.391,63.324
2,91.515,109.53
3,114.54,65.252
3,89.671,66.716
1,87.404,103.16
3,123.16,86.321
4,120.12,97.778
3,116.84,79.516
3,103.58,78.518
1,74.106,102.73
2,98.021,135.47
4,141.16,118.94
2,91.393,137.11
3,116.02,54.02
4,121.82,81.2
4,140.28,107.07
1,69.509,113.49
3,107.27,82.169
4,136.55,103.78
1,63.269,104.28
3,115.63,88.531
2,102.92,122.09
4,103.74,91.348
2,107.58,141.28
2,107.5,121.61
4,133.99,82.461
2,99.892,122.91
4,115.5,102.46
3,96.142,70.835
3,88.994,55.479
1,72.976,91.851
1,81.135,85.89
1,67.46,105.32
2,95.911,133.08
1,90.591,64.502
1,84.064,104.13
2,110.47,121.21
4,107.76,101.61
4,126.72,117.5
4,126.18,99.77
4,143.86,102.71
4,129.66,100.8
1,77.029,88.631
2,109.25,147.88
3,101.91,68.71
4,119.7,106.13
1,65.666,89.518
4,132.66,101.59
2,99.229,138.82
2,107.49,144.64
3,108.45,68.655
3,108.83,89.459
2,88.697,141.36
1,75.961,119.52
1,63.01,111.55
3,104.3,71.17
3,108.91,79.36
1,74.269,85.795
4,148.4,105.74
4,137.43,97.095
2,114.94,130.41
4,129.33,121.82
3,81.367,54.044
1,69.777,107.51
1,65.58,106.67
2,104.87,112.12
2,107.49,124.27
4,116.12,104.15
3,110.89,77.799
2,100.68,135.61
1,77.293,99.987
3,98.299,66.622
2,93.272,118.26
1,80.444,103.32
4,134.65,106.72
4,118,110.77
1,75.862,108.55
4,129.41,107.43
1,79.913,104.87
3,95.772,76.385
1,66.173,98.415
2,99.04,118.42
3,105.96,87.726
1,85.261,84.46
4,129.21,95.301
3,104.68,56.501
3,111.29,71.945
3,101.77,60.413
2,92.524,112.37
2,95.06,146.43
2,110.72,116.09
1,86.379,114.45
2,104.46,125.87
3,106.2,62.128
4,118.33,94.643
1,79.833,109.31
1,77.056,105.17
4,142.53,91.584
1,74.12,99.144
3,111.12,67.162
4,146.64,104.11
3,101.42,66.018
2,94.904,108.78
3,90.777,75.458
1,76.309,94.566
2,101.17,119.29
4,125.38,93.662
4,133.38,95.12
4,144.12,106.39
3,103.06,66.627
3,103.35,81.916
1,60.351,114.31
4,116.24,104.32
2,83.511,127.5
2,106.04,131.14
4,138.93,102.89
4,123.59,102.76
4,135.28,131.47
4,122.05,99.856
3,119.94,80.981
1,42.798,98.786
1,78.163,109.64
3,100.45,55.048
1,81.66,102.4
2,80.033,125.03
1,60.554,97.491
2,103.78,117.24
3,95.969,62.936
2,109,126.84
3,123.32,82.92
4,150.63,101.2
1,63.64,102.47
4,133.28,109.73
1,53.26,97.652
4,126.13,115.08
4,126.28,83.819
3,97.225,74.907
2,93.03,127.92
1,80.169,102.41
1,71.745,107.37
4,119.67,98.963
1,68.59,111.24
4,122.17,87.285
3,103.42,75.886
2,95.532,124.7
1,55.679,110.52
1,63.436,97.967
1,75.862,81.326
2,101.47,116.34
1,69.682,91.355
3,98.872,73.991
1,63.495,112.71
4,110.42,97.203
4,131.21,109.65
3,105.05,72.423
1,64.178,95.854
2,98.029,119
4,131.72,99.714
3,93.811,81.911
2,110.27,135.74
3,84.914,90.149
2,99.578,137.41
2,90.661,114.79
4,132.52,79.367
2,102.66,124.97
2,117.04,134.52
3,96.492,64.001
2,103.92,117.37
4,127.1,108.36
1,79.825,110.03
3,94.552,61.334
3,83.244,87.235
2,118.59,107.79
1,95.711,96.621
3,96.667,66.656
4,136.66,105.03
3,100.57,59.036
2,92.622,121.35
2,92.722,150.37
3,89.375,80.253
3,98.018,84.376
3,94.577,65.346
4,120.26,88.827
1,65.574,101.79
4,116.61,107.64
2,90.435,136.37
2,91.698,118.62
2,99.532,110.29
3,109.41,86.605
1,68.809,92.921
2,107.88,133.45
1,70.959,107.6
4,111.12,118.31
1,76.533,94.493
2,90.957,126.35
1,87.952,84.351
3,97.639,74.144
2,85.629,129.72
3,89.613,63.608
2,107.32,140.28
2,121.04,119.98
1,76.165,80.21
1,69.83,103.95
1,64.79,77.371
4,133.64,103.47
3,91.988,65.829
3,99.84,81.41
3,110.69,65.784
1,68.218,104.29
3,98.031,85.915
2,98.916,142.17
4,132.46,93.55
1,72.087,111.01
2,104.43,118.43
1,81.771,111.11
4,123.04,92.771
4,131.93,115.75
3,99.288,68.199
4,116.47,89.716
4,123.55,93.888
2,86.198,132.76
4,133.66,106.89
2,91.934,128.11
3,107.7,80.542
2,105.67,113.86
1,71.365,100.47
1,54.54,100.59
1,65.225,109.44
3,104.76,75.866
2,101.76,128.04
2,98.909,143.28
4,133.95,86.606
4,119.86,94.212
3,106.33,61.389
1,71.068,87.646
2,120.28,123.72
3,98.642,67.085
1,88.565,90.106
3,115.87,77.242
4,111.72,105.18
2,89.205,134.14
2,94.161,140.32
3,99.035,89.404
4,125.82,82.164
1,80.01,106.7
4,119.71,97.126
1,61.808,120.11
1,61.901,110.73
3,91.959,81.369
3,113.3,55.992
4,129.5,98.678
2,91.782,124.11
2,94.558,127.32
4,131.28,106.85
1,65.618,91.433
3,103.65,80.325
2,97.391,130.76
1,56.58,97.892
1,81.446,97.614
4,122.27,97.825
4,131.92,123.13
2,97.76,139.67
1,76.811,106.37
2,107.98,122.28
4,129.56,104.72
1,73.609,100.08
2,100.73,116.58
3,90.919,50.4
2,94.481,130.18
2,93.953,116.25
3,82.918,60.697
3,87.689,64.684
4,138.79,110.53
3,93.668,67.523
4,108.87,89.02
4,124.48,113.37
3,103.41,73.775
3,102.05,85.178
1,65.882,90.463
3,100.56,73.971
3,107.49,67.776
1,77.858,103.26
3,106.68,75.35
4,139.88,103.12
4,104.74,95.854
4,136.69,95.045
4,127.55,108.75
2,105.49,142.37
2,86.987,137.73
2,90.988,115.65
1,71.973,116.23
1,75.413,94.694
1,60.98,93.568
3,104.84,64.581
1,66.984,90.416
3,117.5,78.019
4,106.55,94.586
1,77.531,86.067
3,104.76,57.815
3,106.8,73.142
3,92.969,69.134
1,66.681,92.02
2,114.68,141.24
4,134.62,92.051
4,146.57,88.563
4,149.85,85.663
1,71.871,91
3,101.83,70.986
2,107.71,136.73
3,109.59,66.144
3,98.179,69.092
1,77.653,103.19
4,136.74,101.5
1,65.272,109.84
2,84.361,143.25
3,107.85,71.129
2,103.03,121.99
4,109.02,110.12
4,121.1,94.577
4,136.64,100.6
4,136.03,94.356
3,101.7,60.196
2,115.33,116.76
1,58.261,103.39
2,104.89,113.38
2,98.577,125.95
4,127.27,101.29
1,64.475,77.533
3,80.613,64.8
1,63.689,99.325
3,96.499,80.838
2,106.4,126.84
3,107.91,64.381
1,67.513,120.72
3,109.42,76.845
4,123.18,102.5
1,82.204,101.04
1,71.138,121.68
2,91.971,124.15
4,121.5,110.05
3,99.222,84.464
2,102.79,116.42
2,100.19,133.48
2,92.905,122.1
2,93.601,125.3
3,105.35,81.111
2,95.353,130.86
4,139.65,97.568
3,94.408,49.697
4,137.08,98.541
1,67.057,102.81
3,101.55,83.49
1,69.965,86.568
2,75.797,136.11
1,76.401,95.296
4,136.19,96.662
2,112.36,123.11
4,140.38,105.71
4,154.99,97.41
4,124.48,113.5
4,118.19,104.74
3,94.301,69.413
4,124.18,129.49
4,116.71,100.27
1,62.668,107.74
4,118.45,107.25
1,65.786,99.051
4,121.21,99.186
3,103.61,74.101
1,72.593,121.4
2,97.348,129.19
3,105.5,79.112
4,114.9,101.9
1,64.793,86.673
2,107.17,132.04
1,69.085,87.081
2,105.47,122.04
1,56.686,103.6
2,93.356,125.65
4,122.53,84.582
3,91.337,66.395
3,97.692,64.121
2,109.23,139.79
2,103.5,142.9
3,95.99,78.373
2,113.65,134.47
3,100.69,64.568
1,83.552,92.867
2,100.12,137.38
2,103.57,102.01
1,66.948,106.22
4,140.82,100.94
2,87.138,149.74
2,101.59,128.67
1,71.812,78.352
3,94.348,71.337
4,136.27,109.16
2,96.998,144.9
2,111.17,126.9
2,90.24,128.23
2,108.67,117.67
1,75.503,120.2
3,102.59,83.574
1,39.473,74.96
3,89.956,64.863
3,102.56,50.881
2,97.072,123.33
3,101.38,73.017
3,106.79,73.195
4,132.98,98.246
3,117.2,70.548
2,118.28,134.39
1,72.507,95.076
1,63.81,110.56
3,88.072,90.552
1,64.871,105.03
4,131.37,96.305
1,70.185,112.66
3,94.46,89.864
3,88.157,69.825
2,107.74,151.82
3,93.065,64.704
4,127.71,107.19
4,135.33,94.302
4,123.6,102.77
2,87.327,119.11
4,121.88,109.92
4,131.56,93.748
4,133.52,113.66
4,124.5,100.25
1,77.574,106.8
2,104.71,119.43
2,103.32,134.06
3,99.869,69.579
2,88.952,121.92
4,128.04,100.7
3,104.93,74.325
1,67.698,96.766
4,125.76,107.77
2,88.929,109.56
4,117.85,104.56
3,93.178,65.476
2,100.41,124.77
4,140.14,112.93
1,66.167,70.699
1,53.133,82.592
2,98.277,121.06
2,92.588,154.28
3,92.946,88.156
4,124.01,108.19
3,108.76,66.537
4,128.97,121.71
2,108.88,124.8
1,71,111.16
2,104.98,107.99
3,93.937,62.462
3,95.849,76.65
2,101.51,136.75
3,98.016,72.591
3,95.479,69.394
1,54.726,102.95
1,75.685,119.72
1,74.84,110.41
2,103.37,147.21
4,128.38,97.975
4,124.25,90.883
3,95.039,77.257
1,66.881,103.13
2,106.93,125.34
4,113.39,91.561
3,102.26,91.893
1,83.69,97.759
1,74.093,102.45
3,86.696,51.709
3,103.29,70.961
4,120.98,109.66
4,113.2,100.19
4,122.33,91.673
1,85.896,100.23
1,57.944,87.101
1,88.689,98.299
4,102.15,115.69
2,97.858,128.19
1,87.703,99.619
1,56.413,94.264
1,69.659,95.394
3,82.785,71.596
4,111.85,106.14
2,91.631,131.59
1,87.638,87.9
2,113.92,134.08
4,137.02,95.216
3,97.064,60.284
1,63.482,91.567
2,105.36,117.7
1,78.227,104.33
3,100.29,72.852
4,139.57,102.71
4,127.92,108.38
1,70.98,97.498
4,129.02,91.02
1,64.013,119.66
4,125.05,99.471
4,122.11,98.63
3,115.03,82.638
3,91.562,71.13
3,116.82,91.335
1,90.49,90.771
2,98.53,129.25
2,85.609,129.03
3,79.562,79.509
1,55.968,101.51
1,76.145,86.468
2,84.963,129.49
3,106.52,71.449
3,106.31,69.963
3,101.55,85.011
2,104.87,128.24
1,64.7,97.217
1,74.121,97.48
1,72.589,103.31
1,69.854,99.217
3,103.9,52.984
4,124.5,78.177
4,122.82,101.77
4,143.61,95.96
3,113.79,95.295
2,104.77,137.2
3,94.807,71.083
4,131.21,122.03
4,109.3,94.724
2,107.72,122.85
1,68.49,100.38
2,108.73,146.08
2,81.79,111.54
2,81.981,122.2
2,94.876,128.97
2,91.665,129.79
2,87.545,133.79
2,107.25,127.76
4,124.09,118.91
2,113.07,114.09
2,95.906,128.14
4,140.93,83.272
2,110.45,128.43
4,135.33,107.93
3,88.153,75.402
2,110.02,129.03
3,95.845,83.32
1,70.798,95.527
1,90.34,116.9
3,88.909,58.429
1,70.559,113.66
1,71.674,104.66
1,80.145,103.81
3,98.473,67.976
4,137.8,100.42
4,131.4,98.805
1,64.865,97.452
1,69.114,108.52
1,73.17,85.193
3,101.08,80.825
2,104.24,138.9
4,127.71,94.534
2,77.996,133.37
4,112.1,90.087
3,98.49,82.627
4,122.08,84.683
3,114.03,71.214
4,108.93,81.938
1,64.004,91.564
4,125.02,87.037
3,101.69,71.413
2,89.463,121.33
4,132.73,92.579
3,80.524,83.775
3,95.81,77.826
2,96.262,137.63
1,73.671,95.878
4,116.98,121.04
2,119.77,117.65
2,94.916,127.7
1,59.37,85.034
1,74.074,99.646
4,130.3,108.11
3,94.894,72.019
1,82.093,84.705
2,103.34,114.1
3,105.37,62.352
3,90.921,64.416
4,129.28,110.85
