0.180123
0.200000
0.512506
0.512522
0.512490
0.512521
0.280000
0.121829
0.263240
0.512506
0.512522
0.512490
0.512521
0.200000
0.154377
0.289053
0.512491
0.512518
0.512475
0.512528
0.240000
0.135124
0.323481
0.512472
0.512522
0.512442
0.512543
0.200000
0.091595
0.350189
0.512438
0.512498
0.512397
0.512576
0.140000
0.184643
0.353289
0.512374
0.512464
0.512300
0.512598
0.280000
0.185556
0.382229
0.512369
0.512518
0.512335
0.512734
0.280000
0.155375
0.417089
0.512381
0.512557
0.512293
0.512674
0.260000
0.193452
0.441390
0.512331
0.512628
0.512250
0.512666
0.320000
0.232046
0.463551
0.512315
0.512735
0.512175
0.512702
0.380000
0.207052
0.479302
0.512470
0.512839
0.512225
0.512800
0.320000
0.222357
0.500665
0.512472
0.512843
0.512152
0.512838
0.360000
0.155232
0.510953
0.512495
0.512918
0.512236
0.512916
0.240000
0.153798
0.525248
0.512468
0.512830
0.512231
0.512868
0.260000
0.253070
0.521118
0.512407
0.512834
0.512293
0.512788
0.440000
0.183264
0.538512
0.512627
0.512880
0.512354
0.512775
0.320000
0.235342
0.537371
0.512611
0.513049
0.512346
0.512853
0.400000
0.169401
0.551308
0.512813
0.513117
0.512456
0.512781
0.300000
0.209567
0.548754
0.512907
0.513086
0.512407
0.512869
0.360000
0.149927
0.555337
0.512991
0.513103
0.512497
0.512925
0.300000
0.241445
0.549133
0.512939
0.513044
0.512486
0.512971
0.420000
0.232225
0.557545
0.513201
0.513139
0.512519
0.513043
0.440000
0.183567
0.563014
0.513416
0.513136
0.512441
0.513268
0.320000
0.187879
0.562150
0.513446
0.513247
0.512468
0.513264
0.360000
0.216319
0.560628
0.513530
0.513264
0.512637
0.513247
0.380000
0.177406
0.571170
0.513831
0.513287
0.512654
0.513355
0.340000
0.192858
0.566481
0.513895
0.513273
0.512802
0.513430
0.440000
0.224986
0.569273
0.514050
0.513209
0.512800
0.513266
0.380000
0.254747
0.576740
0.514299
0.513445
0.512912
0.513164
0.500000
0.214934
0.584119
0.514520
0.513667
0.513018
0.513161
0.260000
0.339035
0.587794
0.514305
0.513619
0.513413
0.513396
0.460000
0.287792
0.602581
0.514698
0.513956
0.513932
0.513663
0.460000
0.279298
0.608461
0.515040
0.514124
0.514219
0.513768
0.420000
0.297896
0.611823
0.515347
0.514362
0.514571
0.514076
0.400000
0.242231
0.612250
0.515681
0.514772
0.514685
0.514114
0.360000
0.212468
0.609458
0.516070
0.515048
0.515042
0.514308
0.340000
0.256708
0.598041
0.516339
0.515193
0.515446
0.514417
0.320000
0.337654
0.600736
0.516853
0.515360
0.515619
0.514550
0.420000
0.281941
0.606842
0.517517
0.515916
0.515828
0.514833
0.420000
0.255574
0.603055
0.517824
0.516151
0.516589
0.515033
0.300000
0.269480
0.596274
0.518224
0.516420
0.517077
0.515231
0.440000
0.341849
0.591497
0.518959
0.516570
0.517258
0.515494
0.360000
0.275227
0.595592
0.519646
0.516932
0.517677
0.515662
0.300000
0.318480
0.600393
0.519842
0.517323
0.517920
0.515941
0.520000
0.413851
0.606468
0.520201
0.517618
0.518570
0.516058
0.500000
0.389676
0.617622
0.520615
0.517800
0.519396
0.516854
0.500000
0.343418
0.625598
0.521002
0.518603
0.519765
0.517338
0.500000
0.417273
0.626695
0.521490
0.518949
0.520574
0.517644
0.520000
0.431946
0.635726
0.522826
0.519387
0.520813
0.518085
0.560000
0.357240
0.641617
0.523965
0.520023
0.521592
0.518438
0.400000
0.417431
0.639478
0.524595
0.520585
0.521917
0.519011
0.440000
0.321701
0.640055
0.525529
0.520824
0.522502
0.519580
0.400000
0.438477
0.630589
0.525809
0.521475
0.522875
0.520003
0.560000
0.345523
0.643923
0.526448
0.522323
0.523569
0.520493
0.420000
0.494845
0.639137
0.527359
0.522944
0.523882
0.520656
0.620000
0.351543
0.657690
0.528527
0.523340
0.524435
0.521462
0.460000
0.417830
0.650039
0.529015
0.523801
0.525200
0.521827
0.460000
0.481603
0.653046
0.529586
0.524044
0.525827
0.522995
0.560000
0.418288
0.667157
0.530332
0.524595
0.526917
0.523657
0.540000
0.464631
0.671643
0.531046
0.525115
0.528288
0.523634
0.500000
0.396192
0.677405
0.532075
0.525279
0.528941
0.524312
0.500000
0.451580
0.685220
0.532608
0.525574
0.529756
0.524976
0.560000
0.424097
0.687664
0.533431
0.526418
0.530349
0.525571
0.500000
0.472070
0.687649
0.534202
0.527104
0.530895
0.526300
0.600000
0.444351
0.694091
0.534799
0.527828
0.531876
0.526753
0.560000
0.466660
0.693368
0.535910
0.528338
0.532610
0.527206
0.520000
0.541248
0.695914
0.536521
0.529219
0.533093
0.528031
0.620000
0.454000
0.705830
0.537605
0.530057
0.533814
0.528934
0.580000
0.467055
0.708079
0.538630
0.530637
0.534729
0.529321
0.540000
0.481934
0.707045
0.539565
0.531572
0.535224
0.529683
0.520000
0.419968
0.710267
0.540218
0.532283
0.535972
0.530678
0.540000
0.579121
0.707654
0.540640
0.532799
0.536862
0.531292
0.660000
0.426589
0.721926
0.541164
0.533431
0.538450
0.531961
0.540000
0.460357
0.713311
0.542011
0.534375
0.538797
0.532479
0.560000
0.523064
0.710724
0.542131
0.535634
0.539336
0.533519
0.700000
0.483214
0.716876
0.542966
0.536501
0.540539
0.534063
0.560000
0.440670
0.716047
0.543563
0.536870
0.541670
0.535085
0.540000
0.499499
0.709085
0.544330
0.537941
0.541928
0.535573
0.540000
0.539695
0.710012
0.545173
0.538895
0.542474
0.536335
0.620000
0.541339
0.713555
0.545743
0.539387
0.544376
0.536923
0.680000
0.524041
0.719293
0.546540
0.540577
0.545269
0.537607
0.620000
0.492703
0.719732
0.547332
0.541448
0.546557
0.538242
0.560000
0.484808
0.719058
0.547844
0.542627
0.547101
0.539364
0.580000
0.455507
0.717938
0.548504
0.543479
0.548142
0.539888
0.480000
0.512023
0.714199
0.548997
0.543796
0.549204
0.540365
0.620000
0.589236
0.726587
0.549276
0.545352
0.549665
0.540750
0.660000
0.495745
0.734663
0.550242
0.546341
0.550489
0.541554
0.600000
0.586246
0.739472
0.551104
0.547213
0.551763
0.541721
0.720000
0.532070
0.747920
0.551639
0.548581
0.553064
0.542385
0.680000
0.577293
0.751299
0.552438
0.549185
0.554220
0.543488
0.700000
0.574235
0.755764
0.553496
0.550396
0.554712
0.544359
0.640000
0.539461
0.754528
0.554826
0.551415
0.555450
0.545123
0.600000
0.531533
0.756076
0.555225
0.552265
0.556398
0.545989
0.580000
0.518157
0.758600
0.556157
0.552649
0.557068
0.547076
0.580000
0.554385
0.760810
0.556195
0.553448
0.557823
0.547982
0.600000
0.590551
0.768348
0.557603
0.554507
0.558427
0.548314
0.660000
0.642648
0.773844
0.558495
0.555437
0.559031
0.549246
0.720000
0.642681
0.783582
0.559821
0.557388
0.559895
0.549473
0.740000
0.632749
0.791457
0.560214
0.558681
0.560744
0.550767
0.700000
0.536508
0.795597
0.561471
0.559457
0.561981
0.552033
0.660000
0.526431
0.789647
0.562228
0.560633
0.562545
0.552832
0.580000
0.589045
0.786710
0.562855
0.561200
0.563222
0.554341
0.740000
0.678574
0.790788
0.563281
0.562396
0.564431
0.555300
0.800000
0.475265
0.804314
0.564492
0.563625
0.565201
0.556669
0.520000
0.594771
0.796181
0.565023
0.564377
0.565854
0.556783
0.680000
0.517469
0.797587
0.565716
0.565662
0.566549
0.557639
0.660000
0.579458
0.795494
0.566394
0.566564
0.567337
0.557858
0.720000
0.640520
0.800384
0.567514
0.567200
0.568127
0.558681
0.740000
0.613330
0.804434
0.568475
0.568491
0.569038
0.559184
0.700000
0.639998
0.805487
0.569181
0.569197
0.569707
0.560614
0.700000
0.523310
0.805347
0.569957
0.570492
0.570538
0.561120
0.640000
0.619057
0.797718
0.570732
0.571326
0.570939
0.561658
0.720000
0.634412
0.799820
0.571585
0.572351
0.570979
0.561872
0.700000
0.619191
0.806474
0.573290
0.572844
0.571873
0.562673
0.700000
0.675179
0.809947
0.573576
0.573513
0.573077
0.563820
0.740000
0.672315
0.815877
0.574647
0.574702
0.574403
0.564063
0.740000
0.603579
0.821951
0.575557
0.575465
0.575610
0.564855
0.660000
0.704879
0.817983
0.576595
0.576253
0.576285
0.565692
0.840000
0.646143
0.825663
0.577199
0.577606
0.577165
0.566786
0.720000
0.613055
0.827375
0.578093
0.578677
0.577457
0.567901
0.720000
0.484258
0.828020
0.578558
0.579875
0.578160
0.568765
0.540000
0.703435
0.812457
0.579167
0.580830
0.578409
0.569313
0.860000
0.685137
0.826599
0.580604
0.581455
0.579875
0.570132
0.800000
0.634165
0.831725
0.581519
0.582370
0.581125
0.571240
0.720000
0.600675
0.831339
0.582318
0.583895
0.581428
0.571894
0.720000
0.601747
0.825650
0.583209
0.584791
0.581831
0.572707
0.760000
0.632710
0.825473
0.584540
0.585833
0.582403
0.573060
0.800000
0.626097
0.826701
0.585595
0.586950
0.583073
0.574113
0.720000
0.560350
0.826252
0.586012
0.588105
0.583735
0.575262
0.640000
0.530610
0.818833
0.586940
0.588785
0.583806
0.576256
0.620000
0.573098
0.813291
0.587545
0.589143
0.584270
0.577219
0.700000
0.608154
0.810936
0.588388
0.590042
0.584911
0.578104
0.740000
0.644062
0.814402
0.588620
0.590532
0.586020
0.579457
0.760000
0.667524
0.816853
0.589635
0.590948
0.586529
0.580511
0.820000
0.656258
0.824772
0.590852
0.590782
0.587703
0.581434
0.820000
0.589807
0.830802
0.591314
0.591504
0.588794
0.582498
0.720000
0.615536
0.826737
0.592576
0.591867
0.589267
0.583109
0.800000
0.559101
0.825979
0.593200
0.592487
0.590210
0.583966
0.760000
0.583237
0.820349
0.593689
0.593327
0.591108
0.584658
0.760000
0.580554
0.815602
0.594579
0.593299
0.591724
0.584833
0.740000
0.601565
0.809928
0.594952
0.593278
0.592922
0.585684
0.780000
0.601762
0.810715
0.596341
0.593852
0.593940
0.586048
0.780000
0.613791
0.811299
0.597805
0.594214
0.594737
0.586322
0.760000
0.641918
0.813198
0.598158
0.594848
0.595787
0.587295
0.820000
0.568747
0.824074
0.598922
0.595440
0.596166
0.588350
0.740000
0.571226
0.818715
0.599282
0.595796
0.597266
0.589525
0.780000
0.610621
0.814523
0.599809
0.596330
0.597822
0.590158
0.800000
0.600764
0.812243
0.600660
0.597208
0.598392
0.590358
0.820000
0.577255
0.808885
0.601018
0.597994
0.599316
0.590874
0.800000
0.587770
0.806763
0.601490
0.598776
0.599657
0.591906
0.720000
0.563742
0.806353
0.602362
0.598968
0.600016
0.593247
0.680000
0.662812
0.801080
0.602875
0.599523
0.600213
0.594421
0.800000
0.631838
0.811577
0.602787
0.600274
0.601511
0.595143
0.780000
0.676391
0.812992
0.603509
0.600753
0.602463
0.596153
0.820000
0.645426
0.818108
0.604127
0.602040
0.602946
0.596522
0.820000
0.632208
0.818975
0.605009
0.602230
0.603380
0.597383
0.740000
0.610435
0.817229
0.606388
0.602267
0.604061
0.598090
0.760000
0.616581
0.815365
0.607121
0.603410
0.604974
0.598203
0.780000
0.588209
0.813837
0.608149
0.603822
0.605790
0.598833
0.760000
0.611807
0.813012
0.608929
0.604182
0.606211
0.599688
0.800000
0.561571
0.817525
0.608782
0.605085
0.606712
0.600930
0.700000
0.585356
0.814759
0.608932
0.605551
0.607496
0.601314
0.760000
0.600178
0.814630
0.610100
0.606230
0.607562
0.601895
0.720000
0.614093
0.819823
0.610867
0.606632
0.607748
0.602752
0.760000
0.628499
0.824155
0.611230
0.607397
0.607855
0.603088
0.780000
0.633046
0.831307
0.611503
0.608183
0.608084
0.604052
0.840000
0.609655
0.835293
0.611696
0.609114
0.608463
0.605197
0.800000
0.633127
0.839806
0.612320
0.610266
0.609011
0.605465
0.800000
0.621709
0.843678
0.612705
0.610928
0.609559
0.606239
0.780000
0.586316
0.842911
0.613278
0.611661
0.609676
0.607419
0.800000
0.669568
0.848460
0.613641
0.612502
0.610251
0.607871
0.820000
0.616705
0.853422
0.614057
0.613542
0.610976
0.609081
0.820000
0.561068
0.850544
0.614271
0.613703
0.611745
0.609903
0.760000
0.585026
0.851522
0.614822
0.613924
0.612134
0.610173
0.780000
0.644758
0.851363
0.615498
0.614877
0.612557
0.610504
0.800000
0.652581
0.854112
0.616128
0.614880
0.613125
0.611385
0.860000
0.660532
0.857960
0.616673
0.615141
0.614273
0.611664
0.840000
0.697564
0.857647
0.617006
0.615853
0.614878
0.612319
0.900000
0.653648
0.864334
0.617722
0.616299
0.615996
0.612992
0.800000
0.665986
0.861759
0.618326
0.617047
0.616414
0.613681
0.820000
0.651010
0.862185
0.618707
0.617865
0.616514
0.614891
0.820000
0.595340
0.863303
0.619014
0.618985
0.616667
0.615723
0.800000
0.572563
0.858489
0.619881
0.619040
0.616730
0.616168
0.820000
0.573932
0.854586
0.620770
0.619905
0.616855
0.616087
0.840000
0.626093
0.850919
0.621441
0.620296
0.617520
0.616720
0.860000
0.603352
0.854393
0.622090
0.620363
0.618834
0.617258
0.840000
0.601674
0.851895
0.622520
0.621247
0.619602
0.618232
0.780000
0.611082
0.846763
0.623104
0.621521
0.619886
0.618576
0.800000
0.662555
0.843108
0.623764
0.621851
0.620833
0.618468
0.840000
0.615813
0.848483
0.624761
0.622373
0.620944
0.618750
0.840000
0.644304
0.846587
0.625565
0.622668
0.621117
0.619550
0.860000
0.616150
0.844413
0.626220
0.623401
0.621337
0.620298
0.820000
0.654530
0.837698
0.626925
0.624316
0.621281
0.620796
0.840000
0.657381
0.843425
0.626726
0.624922
0.621930
0.621301
0.860000
0.609401
0.842626
0.627329
0.625256
0.621952
0.622625
0.800000
0.585528
0.839366
0.627720
0.625645
0.622436
0.623019
0.740000
0.561555
0.832782
0.628028
0.625988
0.622672
0.623546
0.740000
0.624092
0.825181
0.628377
0.626502
0.623281
0.623382
0.840000
0.650720
0.824768
0.628562
0.627815
0.623417
0.623618
0.860000
0.651308
0.832290
0.628947
0.628157
0.623763
0.624803
0.840000
0.569237
0.840486
0.629600
0.628390
0.624175
0.624636
0.800000
0.589958
0.839277
0.630232
0.628424
0.624376
0.625643
0.860000
0.572864
0.851083
0.630397
0.628619
0.623851
0.626939
0.800000
0.616592
0.848962
0.630560
0.628488
0.624424
0.627616
0.860000
0.564251
0.850298
0.630960
0.629341
0.624837
0.628266
0.860000
0.586824
0.847395
0.631578
0.629688
0.624772
0.628590
0.800000
0.615247
0.851275
0.631632
0.630457
0.624750
0.629511
0.880000
0.618273
0.852365
0.631709
0.630860
0.625489
0.629583
0.920000
0.523999
0.853385
0.631822
0.631307
0.625717
0.629969
0.760000
0.519159
0.841309
0.631832
0.631105
0.626431
0.629701
0.820000
0.573073
0.832331
0.630666
0.631169
0.626630
0.630500
0.820000
0.535145
0.830449
0.630786
0.631191
0.627072
0.630653
0.760000
0.590704
0.821594
0.630372
0.631439
0.627705
0.630968
0.860000
0.573749
0.821482
0.630480
0.631419
0.628599
0.631259
0.820000
0.635130
0.824807
0.630561
0.632098
0.628634
0.631695
0.840000
0.632477
0.833015
0.630596
0.632858
0.629412
0.631371
0.900000
0.554732
0.840973
0.630402
0.633574
0.630096
0.632079
0.760000
0.569007
0.838680
0.630456
0.633936
0.631091
0.631981
0.800000
0.659680
0.840549
0.630619
0.634022
0.631490
0.632463
0.880000
0.627290
0.849864
0.630823
0.634882
0.631286
0.633511
0.820000
0.632655
0.854489
0.630953
0.635538
0.631865
0.634425
0.820000
0.556605
0.858743
0.631556
0.636068
0.632200
0.635096
0.740000
0.621964
0.858709
0.631741
0.636442
0.632170
0.634818
0.800000
0.568134
0.860868
0.632404
0.637231
0.631863
0.634685
0.800000
0.587936
0.860938
0.632953
0.636686
0.632763
0.634838
0.820000
0.653981
0.862755
0.633051
0.637442
0.632700
0.635387
0.880000
0.678034
0.872719
0.633817
0.637768
0.633338
0.635668
0.920000
0.567050
0.883153
0.634241
0.638382
0.634451
0.636225
0.740000
0.678060
0.878955
0.634196
0.638830
0.634944
0.636690
0.900000
0.700365
0.887568
0.634539
0.639634
0.635288
0.637758
0.860000
0.737435
0.893451
0.635302
0.640186
0.635803
0.638295
0.920000
0.666755
0.904111
0.636448
0.640822
0.637097
0.638735
0.840000
0.685241
0.905280
0.636952
0.641724
0.637516
0.639643
0.820000
0.649175
0.905717
0.637759
0.641995
0.638112
0.640465
0.820000
0.713289
0.903979
0.637937
0.642744
0.639273
0.640555
0.900000
0.644722
0.909038
0.638685
0.643351
0.640115
0.641196
0.820000
0.702436
0.906776
0.639075
0.644091
0.640926
0.642125
0.880000
0.704708
0.908184
0.639501
0.644944
0.641128
0.642417
0.880000
0.646114
0.909886
0.640507
0.645232
0.642015
0.643261
0.820000
0.673357
0.906713
0.641586
0.645722
0.641614
0.643902
0.860000
0.694289
0.904608
0.641994
0.646567
0.642568
0.644397
0.900000
0.646453
0.904187
0.643246
0.647221
0.643238
0.644616
0.880000
0.688271
0.901910
0.643421
0.647445
0.643655
0.645431
0.920000
0.636676
0.903026
0.643784
0.647851
0.644106
0.646643
0.840000
0.710693
0.899523
0.644627
0.647984
0.644642
0.647149
0.920000
0.602458
0.904537
0.644895
0.648720
0.644976
0.647915
0.800000
0.561768
0.898124
0.645775
0.648989
0.645163
0.648595
0.780000
0.701216
0.887256
0.645670
0.649912
0.644845
0.648731
0.900000
0.651879
0.898009
0.646155
0.650700
0.645299
0.649734
0.880000
0.637446
0.897653
0.646013
0.651157
0.645807
0.650540
0.900000
0.609849
0.898373
0.646586
0.651638
0.646233
0.651338
0.860000
0.627696
0.900193
0.647414
0.652405
0.645839
0.651680
0.880000
0.593412
0.900356
0.647771
0.653157
0.646143
0.651681
0.880000
0.606918
0.900124
0.647769
0.654011
0.647107
0.651604
0.900000
0.583939
0.903606
0.647542
0.655205
0.647276
0.651998
0.840000
0.619958
0.901266
0.647890
0.655821
0.647506
0.652161
0.860000
0.629331
0.902479
0.648770
0.656537
0.647608
0.652420
0.920000
0.553098
0.904809
0.649286
0.657460
0.648174
0.652859
0.780000
0.638761
0.900876
0.649774
0.658049
0.648311
0.653507
0.860000
0.594480
0.908583
0.650575
0.658517
0.648163
0.654046
0.820000
0.664866
0.908557
0.650911
0.659126
0.648439
0.654427
0.920000
0.546118
0.916009
0.651210
0.659811
0.648615
0.654750
0.780000
0.655593
0.908685
0.651540
0.660343
0.648565
0.655156
0.880000
0.705800
0.912224
0.652481
0.660543
0.649142
0.655196
0.920000
0.692970
0.919095
0.652341
0.661892
0.649563
0.655717
0.940000
0.649226
0.922324
0.652792
0.662185
0.649983
0.655951
0.920000
0.590513
0.920963
0.653304
0.662438
0.649110
0.656459
0.820000
0.625113
0.916774
0.653395
0.662863
0.648953
0.657056
0.900000
0.610787
0.917980
0.653728
0.663007
0.649554
0.657376
0.860000
0.635589
0.917535
0.654504
0.663279
0.650233
0.657743
0.860000
0.671227
0.919223
0.655227
0.664112
0.650332
0.657769
0.900000
0.743716
0.922754
0.655875
0.664762
0.650388
0.658537
0.980000
0.706154
0.933252
0.656499
0.665521
0.650607
0.659063
0.880000
0.669606
0.936929
0.657554
0.665873
0.650909
0.659678
0.860000
0.608841
0.935778
0.658406
0.666542
0.650857
0.660272
0.800000
0.730622
0.930056
0.658778
0.667199
0.651343
0.660257
0.900000
0.734060
0.937901
0.659152
0.667694
0.651917
0.661053
0.880000
0.643223
0.943272
0.659370
0.668052
0.652746
0.662020
0.800000
0.743669
0.938537
0.659738
0.668948
0.653193
0.662218
0.940000
0.687217
0.945123
0.660108
0.669689
0.654126
0.662934
0.880000
0.750571
0.946094
0.660828
0.670586
0.654302
0.663532
0.960000
0.706506
0.951982
0.661036
0.671191
0.655222
0.664058
0.920000
0.668129
0.953825
0.661166
0.671892
0.655776
0.664323
0.880000
0.648732
0.950346
0.661560
0.671999
0.655920
0.664470
0.860000
0.643363
0.944314
0.661704
0.672268
0.656269
0.665228
0.900000
0.681852
0.942118
0.661795
0.672688
0.656949
0.665209
0.940000
0.665846
0.941942
0.661620
0.673332
0.657777
0.665809
0.900000
0.696371
0.938101
0.662419
0.674085
0.657696
0.666114
0.920000
0.747077
0.936695
0.663150
0.674953
0.658193
0.666315
0.940000
0.667621
0.939006
0.663542
0.675889
0.658335
0.666869
0.820000
0.713965
0.934886
0.663975
0.675966
0.659023
0.667505
0.880000
0.703427
0.940901
0.664394
0.677038
0.659809
0.668027
0.920000
0.815697
0.942196
0.664951
0.676772
0.660687
0.668630
0.980000
0.733971
0.951561
0.665748
0.677022
0.661168
0.669520
0.880000
0.719694
0.949901
0.666209
0.677703
0.661623
0.669896
0.900000
0.713963
0.947158
0.667313
0.677937
0.661436
0.670201
0.920000
0.773467
0.945808
0.668089
0.678946
0.661666
0.670372
0.960000
0.772463
0.952456
0.668728
0.679792
0.661997
0.670991
0.940000
0.772234
0.953811
0.669099
0.680387
0.662692
0.671325
0.960000
0.711348
0.953692
0.669432
0.680802
0.662976
0.672317
0.920000
0.221136
0.951107
0.670035
0.681301
0.663119
0.672321
0.940000
0.199767
0.900601
0.668179
0.679887
0.660616
0.670693
0.860000
0.135643
0.859987
0.666253
0.677799
0.658573
0.668756
0.900000
0.103370
0.814731
0.663544
0.676583
0.655507
0.667835
0.900000
0.082649
0.773393
0.661616
0.674173
0.653845
0.666214
0.840000
0.114806
0.728791
0.659422
0.672706
0.651345
0.663767
0.880000
0.137484
0.696222
0.656996
0.670931
0.650344
0.661506
0.880000
0.120031
0.676001
0.656176
0.668741
0.647782
0.660204
0.860000
0.099837
0.651856
0.654623
0.667111
0.646311
0.657121
0.860000
0.121044
0.625596
0.652904
0.665997
0.643463
0.654783
0.840000
0.097295
0.605918
0.652454
0.663194
0.642243
0.653029
0.860000
0.090938
0.582931
0.650142
0.662011
0.640506
0.651472
0.900000
0.083821
0.562277
0.649067
0.661211
0.637408
0.649207
0.840000
0.123629
0.540702
0.647401
0.659376
0.635623
0.647716
0.900000
0.105264
0.527481
0.645573
0.658813
0.634540
0.646713
0.820000
0.071637
0.511382
0.644291
0.657485
0.633122
0.645080
0.880000
0.056182
0.489297
0.642117
0.656338
0.630523
0.644623
0.880000
0.077607
0.467118
0.639628
0.653672
0.629897
0.643394
0.820000
0.116255
0.449871
0.638122
0.652134
0.628639
0.641601
0.820000
0.080715
0.438681
0.636721
0.651233
0.627532
0.640317
0.740000
0.076321
0.421031
0.635058
0.649744
0.626824
0.639404
0.660000
0.106191
0.403040
0.634031
0.648511
0.625610
0.638993
0.660000
0.085874
0.391292
0.633873
0.647479
0.624902
0.638719
0.680000
0.074160
0.375740
0.631902
0.646682
0.624428
0.637726
0.720000
0.099884
0.358828
0.631268
0.645863
0.622972
0.637308
0.660000
0.115735
0.351616
0.631048
0.644795
0.622507
0.636541
0.720000
0.073238
0.344013
0.630576
0.644338
0.622264
0.635472
0.580000
0.075450
0.328963
0.629450
0.643855
0.621944
0.634974
0.620000
0.067009
0.317524
0.629331
0.643210
0.620660
0.634469
0.660000
0.091657
0.302867
0.628633
0.642274
0.619850
0.633900
0.580000
0.105972
0.298515
0.627856
0.641994
0.619223
0.633425
0.540000
0.076334
0.289771
0.627207
0.641319
0.618786
0.633190
0.500000
0.055275
0.277457
0.627021
0.640860
0.618430
0.632698
0.500000
0.087063
0.259301
0.626449
0.640016
0.617952
0.632056
0.540000
0.120725
0.254457
0.626305
0.639068
0.617812
0.631579
0.460000
0.100460
0.259243
0.625736
0.638823
0.617482
0.631404
0.480000
0.079918
0.249490
0.625268
0.638791
0.617371
0.631262
0.440000
0.096113
0.248612
0.624680
0.638706
0.617078
0.630372
0.360000
0.090048
0.243488
0.624673
0.638386
0.616822
0.630160
0.420000
0.102677
0.240745
0.624386
0.637879
0.616822
0.629615
0.500000
0.097338
0.245170
0.624025
0.637839
0.616895
0.629274
0.520000
0.089649
0.243010
0.623853
0.637544
0.616398
0.629134
0.580000
0.098885
0.237662
0.622764
0.637382
0.616258
0.628773
0.480000
0.099200
0.239827
0.622517
0.637194
0.616065
0.628030
0.460000
0.120519
0.237474
0.622120
0.636857
0.616095
0.627786
0.440000
0.108955
0.251858
0.622230
0.636081
0.615699
0.627650
0.420000
0.144051
0.264720
0.621622
0.635621
0.615641
0.627286
0.620000
0.061098
0.275865
0.621475
0.635436
0.615380
0.627233
0.380000
0.094221
0.266037
0.621110
0.634596
0.615243
0.626581
0.540000
0.049413
0.276164
0.620621
0.634284
0.615003
0.625862
0.460000
0.076822
0.264005
0.619804
0.633391
0.614978
0.625615
0.540000
0.092348
0.258375
0.619610
0.632918
0.614525
0.625192
0.560000
0.064630
0.252202
0.618985
0.632331
0.614383
0.624952
0.580000
0.057206
0.244221
0.618337
0.631535
0.614115
0.624594
0.520000
0.067232
0.232601
0.618240
0.631245
0.613868
0.624111
0.380000
0.093946
0.226477
0.618095
0.630922
0.613496
0.623802
0.440000
0.071871
0.224538
0.617960
0.630586
0.613259
0.623646
0.500000
0.068187
0.218758
0.617458
0.630570
0.612804
0.623453
0.380000
0.097382
0.211430
0.617293
0.630538
0.612801
0.622830
0.480000
0.045134
0.210670
0.617080
0.629828
0.612822
0.622545
0.460000
0.082289
0.198447
0.616910
0.629844
0.612346
0.622495
0.380000
0.090329
0.192533
0.616748
0.629752
0.612287
0.621871
0.340000
0.095041
0.193300
0.616569
0.629438
0.612092
0.621863
0.360000
0.054449
0.194454
0.616689
0.629311
0.611800
0.621542
0.300000
0.061410
0.183937
0.616554
0.629369
0.611325
0.621156
0.520000
0.089774
0.178026
0.616557
0.629191
0.611213
0.620668
0.440000
0.056738
0.179560
0.616374
0.628964
0.610906
0.620680
0.460000
0.063578
0.169670
0.616049
0.628964
0.610618
0.620654
0.380000
0.059225
0.168286
0.615623
0.628904
0.609976
0.620532
0.440000
0.045131
0.161609
0.615504
0.628721
0.609749
0.620529
0.400000
0.042031
0.152996
0.615200
0.628682
0.609460
0.620260
0.380000
0.038921
0.144742
0.614820
0.628360
0.609250
0.620077
0.420000
0.034671
0.135707
0.614616
0.627783
0.609124
0.620077
0.380000
0.043699
0.126651
0.614326
0.627457
0.609107
0.619973
0.240000
0.072312
0.121687
0.614325
0.627525
0.608879
0.619787
0.360000
0.065147
0.124729
0.613836
0.627489
0.608678
0.619787
0.360000
0.049381
0.122054
0.613546
0.627283
0.608643
0.619911
0.360000
0.092013
0.119528
0.613165
0.627229
0.608508
0.619518
0.320000
0.082172
0.146625
0.613165
0.626949
0.608227
0.619415
0.380000
0.097128
0.148208
0.612979
0.626795
0.608157
0.618739
0.500000
0.079026
0.154891
0.612884
0.626575
0.607989
0.618682
0.320000
0.082882
0.155354
0.612491
0.626140
0.607776
0.618688
0.440000
0.065995
0.156266
0.612336
0.625812
0.607292
0.618584
0.400000
0.086450
0.152735
0.611682
0.625571
0.607050
0.618322
0.340000
0.091063
0.164831
0.611674
0.624672
0.607062
0.618332
0.440000
0.080936
0.170391
0.611394
0.624495
0.607025
0.618039
0.320000
0.045570
0.177382
0.611238
0.624339
0.606707
0.617634
0.420000
0.079654
0.168455
0.611116
0.623817
0.606647
0.617036
0.440000
0.057957
0.176382
0.611012
0.623624
0.606268
0.616377
0.380000
0.061616
0.172755
0.610392
0.623583
0.605983
0.616180
0.440000
0.037786
0.171624
0.610079
0.623557
0.605721
0.616023
0.400000
0.049723
0.163053
0.609706
0.623079
0.605333
0.616030
0.400000
0.064506
0.155588
0.609555
0.622749
0.605143
0.615214
0.300000
0.050576
0.152931
0.609364
0.622604
0.605240
0.614865
0.240000
0.059637
0.151518
0.609137
0.622341
0.605156
0.614784
0.340000
0.102957
0.149949
0.609137
0.621801
0.604833
0.614601
0.440000
0.059059
0.164542
0.608999
0.621792
0.604606
0.614608
0.420000
0.066328
0.162036
0.608835
0.621821
0.604063
0.613978
0.380000
0.078381
0.157497
0.608802
0.621851
0.604121
0.613709
0.300000
0.042334
0.157198
0.608721
0.621722
0.603740
0.613764
0.380000
0.033947
0.150769
0.608423
0.621424
0.603703
0.612965
0.300000
0.069331
0.147717
0.608105
0.621143
0.603403
0.612509
0.340000
0.068732
0.144858
0.608106
0.620858
0.603276
0.612549
0.480000
0.067329
0.149674
0.607702
0.620777
0.603028
0.612549
0.420000
0.064626
0.147993
0.607426
0.620575
0.603032
0.611949
0.360000
0.042465
0.144763
0.607066
0.620580
0.603001
0.611939
0.340000
0.057708
0.138167
0.606784
0.619823
0.603089
0.611930
0.300000
0.058065
0.141257
0.606521
0.619741
0.603002
0.611971
0.380000
0.078028
0.140936
0.605821
0.619676
0.602976
0.611962
0.340000
0.075349
0.150638
0.605676
0.619639
0.602746
0.611989
0.400000
0.062529
0.149461
0.605790
0.619721
0.602637
0.611988
0.340000
0.041282
0.147689
0.605666
0.619841
0.602617
0.611824
0.340000
0.063388
0.139179
0.605475
0.619599
0.602387
0.611405
0.380000
0.079115
0.139861
0.605395
0.619163
0.602178
0.611296
0.340000
0.069040
0.147525
0.605391
0.618948
0.601785
0.610694
0.480000
0.041066
0.149086
0.605208
0.618631
0.601619
0.610753
0.360000
0.075985
0.144494
0.605132
0.618410
0.600742
0.610659
0.400000
0.053198
0.147013
0.604767
0.618193
0.600502
0.610584
0.440000
0.062165
0.141313
0.604682
0.618065
0.600103
0.610474
0.320000
0.059473
0.136871
0.604682
0.617776
0.599736
0.610209
0.400000
0.060468
0.135602
0.604601
0.617625
0.599287
0.609982
0.480000
0.076574
0.133410
0.604216
0.617329
0.599130
0.609834
0.340000
0.039633
0.135862
0.604184
0.617283
0.599126
0.609657
0.360000
0.061549
0.130913
0.604058
0.616808
0.598954
0.609628
0.420000
0.067764
0.132886
0.603873
0.616503
0.598921
0.609352
0.380000
0.085943
0.138105
0.603622
0.616407
0.598997
0.609290
0.320000
0.060032
0.140992
0.603652
0.616288
0.598992
0.609344
0.300000
0.065894
0.141799
0.603511
0.616283
0.598942
0.609277
0.240000
0.034373
0.143702
0.603343
0.615966
0.598863
0.608834
0.320000
0.086786
0.138959
0.603183
0.615969
0.598640
0.608450
0.300000
0.058104
0.150058
0.603151
0.616018
0.598551
0.608251
0.480000
0.063263
0.144127
0.603064
0.615960
0.598434
0.608164
0.380000
0.056956
0.143268
0.602982
0.615942
0.598343
0.608084
0.420000
0.105669
0.142163
0.602771
0.615665
0.598204
0.607893
0.400000
0.070646
0.156722
0.602920
0.615505
0.597660
0.607761
0.240000
0.088946
0.152144
0.602805
0.615432
0.597546
0.607622
0.280000
0.045571
0.152843
0.602627
0.615221
0.597438
0.607335
0.460000
0.087894
0.145986
0.602449
0.614899
0.597438
0.606792
0.320000
0.082787
0.150761
0.602339
0.614462
0.597342
0.606819
0.260000
0.099627
0.153704
0.601954
0.614393
0.597401
0.606819
0.340000
0.068638
0.157559
0.601686
0.614181
0.597355
0.606822
0.480000
0.093259
0.157632
0.601385
0.614091
0.597193
0.606708
0.360000
0.077389
0.159728
0.601382
0.613851
0.597177
0.606544
0.420000
0.083551
0.165264
0.601279
0.613851
0.596379
0.606571
0.360000
0.093732
0.175700
0.601195
0.613215
0.596171
0.606661
0.360000
0.095304
0.175713
0.601288
0.612979
0.595896
0.606697
0.480000
0.074849
0.180968
0.601288
0.612933
0.595770
0.606494
0.380000
0.029303
0.177986
0.601159
0.612470
0.595546
0.606120
0.440000
0.108082
0.165693
0.600724
0.612045
0.595055
0.605635
0.380000
0.081215
0.177616
0.600658
0.611899
0.595178
0.605556
0.420000
0.115907
0.174908
0.600534
0.611854
0.595074
0.605184
0.320000
0.078622
0.187043
0.600433
0.611589
0.594916
0.604953
0.380000
0.095913
0.182611
0.600266
0.611254
0.594728
0.604904
0.400000
0.068051
0.178806
0.600009
0.611061
0.594480
0.604904
0.360000
0.128566
0.172627
0.599520
0.610715
0.594235
0.604575
0.360000
0.103241
0.177720
0.599613
0.610622
0.593988
0.604508
0.340000
0.072783
0.179585
0.599274
0.610389
0.593805
0.604559
0.360000
0.124359
0.177603
0.598947
0.609905
0.593667
0.604180
0.380000
0.139463
0.197109
0.598858
0.609699
0.593629
0.603829
0.440000
0.074985
0.212499
0.598883
0.609637
0.593579
0.603818
0.460000
0.062524
0.210605
0.598310
0.609410
0.592954
0.603485
0.360000
0.066598
0.208965
0.598042
0.608407
0.592882
0.603007
0.380000
0.082332
0.203226
0.597931
0.607953
0.592909
0.602710
0.460000
0.067819
0.207317
0.597260
0.607657
0.592840
0.602777
0.360000
0.093612
0.202221
0.597100
0.606888
0.592602
0.602271
0.440000
0.075439
0.199525
0.596884
0.606774
0.592370
0.601950
0.380000
0.070588
0.197865
0.596516
0.606052
0.592197
0.601948
0.360000
0.051697
0.198412
0.596394
0.605578
0.591984
0.601714
0.340000
0.074268
0.190942
0.596270
0.605440
0.591801
0.601461
0.380000
0.076183
0.184620
0.596072
0.604834
0.591685
0.600994
0.300000
0.086498
0.181491
0.596071
0.604458
0.591495
0.600967
0.300000
0.106009
0.182617
0.596010
0.604207
0.591577
0.600832
0.380000
0.080412
0.187167
0.595833
0.604196
0.591471
0.600590
0.400000
0.059936
0.191882
0.595669
0.604196
0.591205
0.600334
0.380000
0.087298
0.185471
0.595405
0.603725
0.590866
0.600222
0.380000
0.065620
0.184611
0.595315
0.603368
0.590586
0.599896
0.300000
0.079963
0.180529
0.595345
0.603261
0.590492
0.599374
0.320000
0.076384
0.180181
0.595306
0.603181
0.589985
0.599299
0.480000
0.071673
0.174420
0.594981
0.602888
0.589816
0.599331
0.380000
0.080522
0.170852
0.594871
0.602559
0.589692
0.598984
0.400000
0.058636
0.179135
0.594716
0.602584
0.589574
0.598867
0.400000
0.066414
0.172997
0.594401
0.602577
0.589464
0.598647
0.440000
0.067683
0.169152
0.593989
0.602227
0.589464
0.598314
0.400000
0.059996
0.165893
0.593021
0.602064
0.589445
0.598135
0.380000
0.093470
0.162943
0.592686
0.602033
0.589371
0.598144
0.420000
0.087302
0.180264
0.592686
0.602041
0.589212
0.597872
0.420000
0.069986
0.180223
0.592499
0.601881
0.589304
0.597519
0.440000
0.072449
0.178340
0.592036
0.601966
0.589185
0.597245
0.360000
0.056091
0.173408
0.591712
0.601827
0.588744
0.597000
0.500000
0.072535
0.170288
0.591440
0.601747
0.588424
0.596595
0.320000
0.051792
0.171429
0.591416
0.601757
0.588310
0.596283
0.440000
0.073885
0.163376
0.591281
0.601476
0.588048
0.595809
0.320000
0.056918
0.160671
0.591202
0.601206
0.588221
0.595461
0.280000
0.054173
0.157401
0.591202
0.601192
0.588056
0.595312
0.300000
0.053894
0.151210
0.591304
0.601004
0.588055
0.595190
0.360000
0.052629
0.148373
0.590686
0.600765
0.587906
0.595190
0.380000
0.076280
0.142033
0.590657
0.600727
0.587563
0.594650
0.340000
0.094073
0.139730
0.590757
0.600773
0.587521
0.594449
0.360000
0.089919
0.143775
0.590733
0.600809
0.587454
0.594528
0.240000
0.096624
0.142431
0.590699
0.600754
0.587284
0.594528
0.240000
0.056633
0.141855
0.590615
0.600994
0.587284
0.594548
0.360000
0.043788
0.141284
0.590272
0.600674
0.587284
0.594237
0.400000
0.085875
0.132794
0.589906
0.600562
0.587110
0.594064
0.220000
0.071382
0.137214
0.589963
0.600478
0.587197
0.594064
0.320000
0.045553
0.143435
0.589973
0.599937
0.587082
0.594011
0.420000
0.073940
0.141476
0.589737
0.599710
0.586764
0.593759
0.360000
0.045548
0.142847
0.589585
0.599358
0.586633
0.593727
0.400000
0.062271
0.134995
0.589377
0.599325
0.586508
0.593306
0.200000
0.072460
0.132593
0.589234
0.599300
0.586226
0.593306
0.340000
0.065036
0.135743
0.589220
0.599293
0.585660
0.593278
0.320000
0.096020
0.137093
0.589156
0.599136
0.585338
0.593278
0.360000
0.075748
0.153831
0.589010
0.599093
0.585100
0.593138
0.460000
0.052901
0.151101
0.588848
0.598843
0.585057
0.593013
0.500000
0.081595
0.146080
0.588848
0.598602
0.584955
0.592644
0.200000
0.058505
0.154290
0.588628
0.598591
0.584703
0.592465
0.340000
0.038507
0.151318
0.588466
0.598557
0.584506
0.592409
0.380000
0.025835
0.147085
0.587942
0.598557
0.584293
0.592152
0.360000
0.037069
0.136196
0.587891
0.598273
0.583926
0.592152
0.540000
0.085236
0.130184
0.587891
0.598273
0.583435
0.591613
0.460000
0.063697
0.147794
0.587650
0.597878
0.583439
0.591536
0.360000
0.100677
0.148192
0.587648
0.597766
0.583308
0.591375
0.340000
0.112780
0.156890
0.587735
0.597628
0.583253
0.591358
0.420000
0.101833
0.161028
0.587685
0.597628
0.583296
0.591339
0.280000
0.095149
0.167027
0.587537
0.597756
0.583296
0.591147
0.400000
0.076411
0.166929
0.587507
0.597737
0.583288
0.591120
0.260000
0.061623
0.164544
0.587306
0.597737
0.583323
0.591120
0.440000
0.080295
0.160914
0.587187
0.597737
0.583192
0.591039
0.360000
0.084833
0.171241
0.586949
0.597720
0.583192
0.590915
0.380000
0.089222
0.172806
0.587046
0.597664
0.582973
0.590660
0.300000
0.070644
0.181069
0.586904
0.597548
0.582877
0.590495
0.360000
0.049980
0.179139
0.586878
0.597404
0.582574
0.590494
0.380000
0.053741
0.172175
0.586878
0.597341
0.582394
0.589814
0.380000
0.080259
0.164030
0.586925
0.596921
0.581937
0.589431
0.400000
0.108789
0.168284
0.586570
0.596214
0.582060
0.589503
0.260000
0.058098
0.174871
0.586672
0.596142
0.582132
0.589318
0.320000
0.076335
0.170672
0.586575
0.595911
0.582034
0.589023
0.380000
0.070198
0.179787
0.586258
0.595578
0.581985
0.588921
0.380000
0.051441
0.177804
0.586094
0.595515
0.581909
0.588955
0.500000
0.086249
0.169641
0.586063
0.595014
0.581715
0.588567
0.440000
0.051810
0.169080
0.586158
0.595036
0.581574
0.588583
0.360000
0.052108
0.162113
0.585931
0.594885
0.581108
0.588482
0.180000
0.048182
0.155766
0.585652
0.594884
0.581105
0.588422
0.480000
0.063534
0.146609
0.585221
0.594572
0.580834
0.588038
0.340000
0.050056
0.144544
0.584713
0.594342
0.580794
0.587963
0.300000
0.090337
0.140256
0.584667
0.593856
0.580760
0.587930
0.400000
0.067798
0.145796
0.584728
0.593900
0.580676
0.587638
0.380000
0.083697
0.141347
0.584667
0.593514
0.580648
0.587533
0.260000
0.078846
0.144215
0.584636
0.593192
0.580648
0.586900
0.420000
0.097529
0.145548
0.584589
0.593154
0.580358
0.586790
0.420000
0.095416
0.147442
0.584675
0.593136
0.580259
0.586794
0.320000
0.076911
0.148421
0.584477
0.593028
0.580148
0.586754
0.360000
0.076423
0.151049
0.584335
0.592670
0.580157
0.586740
0.240000
0.097482
0.151660
0.584306
0.592505
0.580227
0.586347
0.280000
0.066675
0.165001
0.584252
0.592028
0.580159
0.586347
0.360000
0.098827
0.158954
0.584094
0.591834
0.580044
0.586070
0.240000
0.078055
0.166225
0.584093
0.591685
0.579882
0.585977
0.340000
0.066863
0.167922
0.584061
0.591227
0.579527
0.585977
0.300000
0.052669
0.164562
0.583720
0.591041
0.579438
0.585916
0.380000
0.067713
0.160862
0.583566
0.591003
0.578990
0.585676
0.380000
0.077414
0.162856
0.583286
0.591000
0.578991
0.585568
0.320000
0.084435
0.163389
0.583234
0.591043
0.578964
0.585572
0.480000
0.052116
0.162698
0.582872
0.590968
0.578964
0.585603
0.320000
0.086657
0.157188
0.582733
0.590560
0.578562
0.585434
0.420000
0.079990
0.165232
0.582660
0.590434
0.578375
0.585232
0.440000
0.061809
0.169877
0.582798
0.590156
0.578240
0.585016
0.360000
0.100635
0.163905
0.582710
0.589760
0.578240
0.584627
0.360000
0.053263
0.174070
0.582710
0.589795
0.577866
0.584712
0.360000
0.068661
0.168258
0.582510
0.589727
0.577578
0.584522
0.380000
0.090791
0.171226
0.582243
0.589810
0.577209
0.584352
0.380000
0.069079
0.179036
0.582048
0.589410
0.577211
0.584149
0.360000
0.056922
0.181000
0.581934
0.589180
0.576958
0.583976
0.380000
0.054253
0.176238
0.582007
0.589099
0.576954
0.583903
0.260000
0.052862
0.176865
0.581997
0.588624
0.576941
0.583829
0.320000
0.054324
0.169176
0.581997
0.588509
0.576679
0.583754
0.340000
0.048312
0.166874
0.582114
0.588490
0.576532
0.583705
0.400000
0.064776
0.157947
0.582037
0.588344
0.576587
0.583431
0.280000
0.045918
0.154965
0.582023
0.588224
0.576258
0.583347
0.300000
0.034777
0.147574
0.582023
0.587515
0.576013
0.583284
0.300000
0.047373
0.138347
0.581682
0.587515
0.575748
0.583200
0.380000
0.072419
0.133186
0.581682
0.587184
0.575644
0.583200
0.280000
0.064703
0.136658
0.581682
0.587166
0.575512
0.582922
0.360000
0.081026
0.140544
0.581456
0.587093
0.575388
0.582626
0.280000
0.083120
0.141046
0.581354
0.587045
0.575365
0.582411
0.340000
0.047831
0.145329
0.581307
0.586809
0.575210
0.582150
0.380000
0.072861
0.138993
0.581170
0.586723
0.575105
0.581657
0.440000
0.074473
0.145169
0.580976
0.586582
0.575102
0.581295
0.340000
0.075959
0.149746
0.580845
0.586582
0.575007
0.581228
0.380000
0.054458
0.154500
0.580391
0.586560
0.574852
0.581138
0.260000
0.080119
0.147826
0.580072
0.586467
0.574744
0.581035
0.280000
0.040910
0.159746
0.579776
0.586467
0.574588
0.580831
0.360000
0.042068
0.150224
0.579461
0.586388
0.574455
0.580764
0.400000
0.051426
0.141134
0.579082
0.586286
0.574455
0.580570
0.360000
0.046068
0.135851
0.578937
0.586250
0.574271
0.580346
0.440000
0.033934
0.133293
0.578862
0.585938
0.574271
0.580282
0.220000
0.059633
0.125813
0.578668
0.585938
0.574025
0.580177
0.280000
0.050155
0.124390
0.578668
0.585966
0.573963
0.579952
0.280000
0.054218
0.119542
0.578558
0.585919
0.573852
0.579901
0.300000
0.066173
0.117721
0.578443
0.585809
0.573623
0.579922
0.280000
0.094271
0.110939
0.578334
0.585593
0.573567
0.579922
0.300000
0.058750
0.117582
0.578323
0.585507
0.573586
0.579965
0.340000
0.085309
0.114509
0.578260
0.585305
0.573490
0.579827
0.300000
0.105207
0.120851
0.578257
0.585255
0.573601
0.579824
0.380000
0.114954
0.131054
0.578275
0.585278
0.573600
0.579872
0.260000
0.127362
0.142740
0.578457
0.585441
0.573600
0.579871
0.460000
0.114477
0.154268
0.578451
0.585441
0.573746
0.579915
0.320000
0.089797
0.158815
0.578641
0.585460
0.573871
0.579952
0.200000
0.144888
0.158681
0.578667
0.585440
0.573863
0.580064
0.440000
0.153604
0.174643
0.578731
0.585593
0.574134
0.580064
0.320000
0.134350
0.193060
0.578885
0.585625
0.574569
0.580160
0.300000
0.193970
0.200567
0.578927
0.585623
0.574679
0.580379
0.280000
0.190800
0.221517
0.579120
0.585866
0.575256
0.580501
0.420000
0.166019
0.244333
0.579443
0.585978
0.575550
0.580660
0.340000
0.235632
0.254258
0.579536
0.585987
0.575800
0.580962
0.400000
0.203513
0.275761
0.579935
0.586007
0.575905
0.581360
0.400000
0.272164
0.284812
0.580077
0.586239
0.576182
0.581792
0.420000
0.272535
0.308736
0.580457
0.586608
0.576699
0.581997
0.520000
0.288355
0.324126
0.581027
0.586606
0.577082
0.582533
0.420000
0.308356
0.348725
0.581496
0.586978
0.577439
0.582943
0.440000
0.287996
0.376050
0.581855
0.587532
0.577883
0.583160
0.460000
0.255582
0.390868
0.582201
0.587917
0.578352
0.583664
0.420000
0.249664
0.395803
0.582579
0.588090
0.578801
0.584132
0.420000
0.351213
0.398534
0.582889
0.588154
0.579133
0.584702
0.500000
0.288610
0.418738
0.583099
0.588595
0.579754
0.585915
0.400000
0.377670
0.429923
0.583695
0.589060
0.579499
0.586704
0.580000
0.309838
0.457241
0.584201
0.589660
0.579950
0.587641
0.440000
0.309154
0.462464
0.584658
0.590146
0.580414
0.587911
0.400000
0.345810
0.465190
0.585136
0.591049
0.580839
0.588403
0.560000
0.367705
0.474336
0.585545
0.591485
0.581332
0.589277
0.520000
0.383888
0.490345
0.585551
0.591476
0.582365
0.590082
0.620000
0.320166
0.506765
0.586265
0.591651
0.583046
0.590429
0.520000
0.399565
0.511565
0.586640
0.592409
0.583488
0.590462
0.540000
0.410941
0.525340
0.587494
0.592758
0.584333
0.590866
0.500000
0.375720
0.538495
0.588040
0.593238
0.584874
0.591865
0.500000
0.402231
0.545975
0.588635
0.593421
0.585685
0.592676
0.560000
0.386857
0.552899
0.589327
0.593702
0.586200
0.593709
0.520000
0.418450
0.559257
0.590444
0.594430
0.586391
0.594061
0.520000
0.457877
0.564813
0.590951
0.595148
0.586702
0.594940
0.600000
0.475504
0.580472
0.591425
0.596182
0.587119
0.595417
0.620000
0.415833
0.591338
0.591961
0.597137
0.587712
0.596199
0.520000
0.491762
0.608881
0.592681
0.597646
0.588299
0.596712
0.600000
0.375199
0.622734
0.593313
0.599381
0.588783
0.596990
0.540000
0.460533
0.623377
0.594247
0.599663
0.589152
0.597459
0.600000
0.480385
0.633359
0.595129
0.600597
0.589588
0.597988
0.720000
0.417023
0.643862
0.595970
0.600508
0.590570
0.598852
0.480000
0.513586
0.648102
0.596493
0.600896
0.591314
0.599652
0.600000
0.486168
0.658699
0.597436
0.601200
0.592297
0.600194
0.580000
0.493397
0.667294
0.597937
0.602291
0.592876
0.600931
0.620000
0.485993
0.673187
0.598442
0.603419
0.593839
0.601369
0.600000
0.487280
0.675056
0.598844
0.603616
0.594343
0.602691
0.600000
0.539293
0.681773
0.599503
0.604598
0.595401
0.603315
0.660000
0.448194
0.692937
0.600700
0.605512
0.596150
0.603931
0.540000
0.482143
0.691807
0.601316
0.606286
0.596532
0.604986
0.680000
0.495687
0.694896
0.602040
0.607269
0.597074
0.605615
0.580000
0.548626
0.699197
0.603143
0.608405
0.597623
0.605821
0.700000
0.486363
0.710028
0.603902
0.609504
0.598172
0.606605
0.720000
0.481384
0.710561
0.604468
0.610532
0.598477
0.607408
0.600000
0.541176
0.715296
0.605059
0.610877
0.599351
0.608279
0.720000
0.577753
0.723354
0.605510
0.611726
0.600671
0.608771
0.680000
0.524754
0.733278
0.606763
0.612259
0.601313
0.609196
0.640000
0.533050
0.739268
0.607677
0.612784
0.601973
0.609677
0.680000
0.531628
0.748100
0.608290
0.613265
0.603236
0.610057
0.640000
0.586518
0.763154
0.609249
0.613695
0.604287
0.610453
0.700000
0.557013
0.768553
0.610392
0.614361
0.605351
0.610832
0.720000
0.552390
0.772373
0.611346
0.614812
0.606628
0.611358
0.700000
0.559666
0.775728
0.611986
0.615784
0.607289
0.611678
0.680000
0.618085
0.782729
0.612355
0.616803
0.608326
0.612270
0.800000
0.509320
0.795462
0.612948
0.617466
0.609223
0.613129
0.640000
0.605863
0.793874
0.613974
0.617720
0.609742
0.614053
0.780000
0.551334
0.802715
0.614876
0.618429
0.610662
0.614992
0.740000
0.486488
0.800085
0.615414
0.619280
0.611234
0.615343
0.680000
0.508858
0.794138
0.615399
0.620004
0.612551
0.615633
0.700000
0.572643
0.793553
0.615186
0.620261
0.613621
0.617218
0.740000
0.519520
0.798584
0.615979
0.621214
0.613958
0.617847
0.680000
0.551487
0.797194
0.616743
0.621871
0.614455
0.618667
0.740000
0.600282
0.801299
0.617261
0.622530
0.615398
0.619214
0.780000
0.557669
0.810169
0.618284
0.623262
0.616350
0.619662
0.720000
0.541244
0.813971
0.619224
0.624298
0.617043
0.620382
0.760000
0.531364
0.822287
0.619946
0.625462
0.617558
0.621113
0.740000
0.602453
0.824250
0.620552
0.626073
0.618203
0.621530
0.820000
0.532633
0.837051
0.620806
0.626726
0.619185
0.622056
0.720000
0.559670
0.835653
0.621496
0.627470
0.619673
0.623581
0.740000
0.466156
0.839070
0.622924
0.628069
0.620437
0.623715
0.680000
0.600883
0.833965
0.623487
0.628436
0.620581
0.624618
0.780000
0.500878
0.849995
0.624162
0.629719
0.621646
0.625326
0.680000
0.594807
0.843300
0.624487
0.630983
0.621940
0.625615
0.740000
0.545760
0.847020
0.625791
0.632270
0.622638
0.625842
0.700000
0.580790
0.845643
0.626331
0.632956
0.622814
0.626680
0.740000
0.560839
0.849214
0.626912
0.633450
0.623566
0.627688
0.700000
0.585806
0.849010
0.627335
0.633543
0.624583
0.628345
0.760000
0.590101
0.848829
0.627304
0.633860
0.625446
0.629039
0.800000
0.499640
0.850310
0.627668
0.634288
0.625791
0.630236
0.640000
0.622416
0.842974
0.628905
0.635253
0.625969
0.630041
0.740000
0.621886
0.850007
0.629417
0.635667
0.626750
0.630649
0.780000
0.624197
0.852888
0.629825
0.636890
0.627113
0.631103
0.840000
0.591194
0.858233
0.630737
0.637647
0.628234
0.631796
0.780000
0.670031
0.855794
0.631349
0.638542
0.628779
0.632191
0.840000
0.598521
0.864431
0.632546
0.638988
0.630068
0.632411
0.740000
0.622964
0.861477
0.633528
0.639817
0.630556
0.632754
0.840000
0.683712
0.864319
0.634085
0.640590
0.631646
0.633554
0.860000
0.617668
0.873976
0.635273
0.641410
0.632765
0.634183
0.760000
0.619938
0.874095
0.635897
0.641967
0.633565
0.634764
0.740000
0.685985
0.874674
0.636568
0.643376
0.633977
0.635143
0.840000
0.616221
0.881866
0.636966
0.644739
0.634777
0.635791
0.800000
0.630593
0.880150
0.637285
0.644991
0.635461
0.636249
0.820000
0.607386
0.883499
0.637648
0.645572
0.636182
0.637337
0.780000
0.559771
0.883401
0.638303
0.645966
0.636604
0.638419
0.720000
0.667395
0.877521
0.639111
0.646612
0.637250
0.638788
0.880000
0.596783
0.883201
0.640185
0.647436
0.638307
0.638864
0.800000
0.687825
0.883456
0.640717
0.648585
0.638663
0.639494
0.940000
0.568536
0.894030
0.641486
0.649809
0.639401
0.640303
0.760000
0.510613
0.887819
0.641908
0.649829
0.640402
0.640896
0.740000
0.580273
0.880571
0.642507
0.650162
0.640890
0.641694
0.820000
0.539153
0.885760
0.642844
0.651091
0.641441
0.642093
0.740000
0.562021
0.880914
0.643709
0.651321
0.641557
0.642699
0.820000
0.591614
0.883663
0.644296
0.651981
0.642343
0.642858
0.900000
0.571929
0.890342
0.645114
0.652776
0.642630
0.643641
0.840000
0.577744
0.893228
0.645159
0.653326
0.643310
0.644587
0.800000
0.537342
0.895366
0.645762
0.654049
0.643251
0.645481
0.780000
0.610042
0.894969
0.646739
0.653788
0.643432
0.646414
0.880000
0.550277
0.901414
0.647040
0.654728
0.643904
0.646968
0.820000
0.571705
0.899586
0.647432
0.655136
0.644450
0.647201
0.860000
0.594089
0.900910
0.647867
0.655237
0.644515
0.647746
0.860000
0.532223
0.904426
0.648084
0.655443
0.645705
0.648344
0.840000
0.577711
0.900550
0.648688
0.656344
0.645980
0.648404
0.860000
0.557749
0.902912
0.649289
0.656964
0.646533
0.648570
0.840000
0.517866
0.902943
0.649325
0.657508
0.647637
0.648680
0.760000
0.530237
0.892860
0.649862
0.657068
0.648076
0.648876
0.820000
0.520236
0.889156
0.649956
0.657307
0.648900
0.649078
0.800000
0.643807
0.882853
0.650777
0.657241
0.648635
0.649392
0.940000
0.580544
0.893702
0.650840
0.657539
0.649346
0.650048
0.820000
0.542991
0.890730
0.651655
0.657820
0.649874
0.650327
0.840000
0.500716
0.886392
0.652548
0.657367
0.650073
0.650891
0.800000
0.489878
0.879785
0.652439
0.658234
0.650154
0.650818
0.840000
0.565705
0.874682
0.652840
0.658908
0.649734
0.651368
0.920000
0.537706
0.878981
0.652771
0.659142
0.650169
0.652427
0.880000
0.538052
0.875783
0.653017
0.658871
0.650948
0.652851
0.860000
0.468858
0.873901
0.653016
0.659106
0.651297
0.653881
0.760000
0.572011
0.867293
0.652937
0.659425
0.650714
0.654097
0.860000
0.532348
0.875949
0.652840
0.660123
0.651068
0.654968
0.800000
0.524728
0.874222
0.653056
0.660253
0.651360
0.655794
0.820000
0.522929
0.870647
0.653203
0.660375
0.651902
0.656248
0.820000
0.599488
0.871122
0.653794
0.660979
0.652654
0.656026
0.880000
0.511113
0.879551
0.654837
0.661508
0.653125
0.656475
0.800000
0.507258
0.873347
0.655292
0.661093
0.653745
0.657085
0.800000
0.557512
0.872143
0.655613
0.661814
0.653575
0.657390
0.840000
0.525511
0.875978
0.656066
0.662634
0.653822
0.657665
0.780000
0.589806
0.871405
0.656195
0.663097
0.653758
0.658096
0.900000
0.484068
0.875980
0.656344
0.663307
0.654073
0.659093
0.840000
0.470876
0.878568
0.656026
0.663436
0.653537
0.658509
0.840000
0.562348
0.868477
0.655051
0.663597
0.653966
0.658672
0.880000
0.533833
0.869282
0.655832
0.663725
0.654663
0.658548
0.840000
0.506440
0.865078
0.656136
0.663840
0.654952
0.658093
0.800000
0.534815
0.859332
0.656608
0.663921
0.655701
0.657367
0.860000
0.523685
0.858819
0.656929
0.664356
0.656092
0.657386
0.860000
0.508198
0.855399
0.656857
0.664382
0.656703
0.657442
0.820000
0.527896
0.853314
0.657036
0.665072
0.657963
0.657012
0.820000
0.585976
0.853793
0.657175
0.665142
0.658187
0.657799
0.880000
0.610452
0.861822
0.657521
0.665506
0.658723
0.657790
0.880000
0.585209
0.872051
0.658114
0.665509
0.659704
0.658066
0.900000
0.524678
0.876948
0.658482
0.665912
0.660489
0.658359
0.800000
0.600225
0.873037
0.659028
0.666911
0.660497
0.658598
0.880000
0.582153
0.880145
0.659053
0.667165
0.661389
0.659101
0.860000
0.605664
0.883381
0.660379
0.667267
0.661828
0.659521
0.920000
0.533866
0.890112
0.660775
0.668064
0.662749
0.659891
0.800000
0.560073
0.883948
0.661132
0.668491
0.663161
0.660149
0.780000
0.595400
0.883879
0.661590
0.669173
0.663549
0.660590
0.800000
0.613372
0.886953
0.662337
0.669504
0.664185
0.660859
0.920000
0.527317
0.899882
0.662967
0.670066
0.664497
0.661434
0.800000
0.526564
0.896397
0.663509
0.670526
0.664851
0.661870
0.820000
0.541269
0.909346
0.663905
0.670982
0.665136
0.661544
0.800000
0.539106
0.908993
0.664571
0.671216
0.665941
0.662028
0.880000
0.465091
0.907609
0.664745
0.671951
0.665196
0.662740
0.840000
0.515265
0.901757
0.664923
0.672155
0.665118
0.662464
0.920000
0.504934
0.901833
0.664940
0.672357
0.665482
0.662712
0.860000
0.449970
0.898854
0.665221
0.672787
0.665758
0.663157
0.820000
0.551387
0.893483
0.665538
0.672863
0.666032
0.663409
0.960000
0.500460
0.901070
0.666066
0.673312
0.666868
0.663775
0.860000
0.536964
0.901026
0.666511
0.674182
0.667464
0.663512
0.900000
0.529174
0.902032
0.667030
0.674542
0.667715
0.663870
0.920000
0.562822
0.902978
0.667797
0.674935
0.668037
0.664374
0.940000
0.471655
0.907912
0.667783
0.675179
0.668833
0.664753
0.800000
0.431079
0.898557
0.668110
0.674987
0.669182
0.664945
0.820000
0.557758
0.888811
0.668089
0.675005
0.668846
0.664893
0.920000
0.476165
0.890877
0.668494
0.675867
0.668568
0.665182
0.820000
0.522653
0.884732
0.669174
0.675793
0.668456
0.665083
0.960000
0.491011
0.884141
0.669181
0.676155
0.667716
0.664959
0.920000
0.521376
0.875930
0.669547
0.675722
0.667838
0.664060
0.900000
0.411469
0.869791
0.669354
0.676047
0.667131
0.663965
0.760000
0.576461
0.856297
0.668789
0.676171
0.666041
0.664393
0.960000
0.490222
0.864457
0.668156
0.676412
0.666506
0.664801
0.880000
0.567681
0.862583
0.668362
0.676094
0.666797
0.664607
0.880000
0.495415
0.869714
0.669103
0.676354
0.666926
0.664234
0.820000
0.529957
0.867907
0.669416
0.676737
0.666931
0.664090
0.880000
0.576667
0.873680
0.669454
0.677457
0.666592
0.664396
0.880000
0.563398
0.882030
0.669922
0.677755
0.666579
0.664620
0.880000
0.594022
0.885781
0.669470
0.678283
0.667629
0.664842
0.860000
0.615921
0.890897
0.669693
0.678616
0.667860
0.665563
0.900000
0.649403
0.900368
0.670332
0.679692
0.667611
0.666463
0.940000
0.559770
0.904535
0.670463
0.679926
0.667895
0.667261
0.880000
0.600952
0.900666
0.670544
0.679912
0.667929
0.667658
0.920000
0.566783
0.898979
0.670768
0.680780
0.668130
0.667593
0.860000
0.600225
0.893111
0.671031
0.680706
0.668983
0.667319
0.900000
0.457637
0.893500
0.671095
0.680629
0.670232
0.667369
0.740000
0.601865
0.878028
0.670940
0.681142
0.669969
0.667325
0.880000
0.490973
0.879931
0.671771
0.681493
0.669852
0.667296
0.800000
0.534404
0.873259
0.671599
0.682021
0.670098
0.667162
0.820000
0.566357
0.869874
0.671809
0.682033
0.670328
0.667222
0.900000
0.541019
0.873808
0.671021
0.682439
0.670628
0.668213
0.860000
0.625096
0.868720
0.671738
0.682762
0.670335
0.668459
0.960000
0.507710
0.881715
0.672521
0.682811
0.670115
0.668603
0.820000
0.567728
0.871760
0.672436
0.682835
0.669989
0.669175
0.860000
0.510475
0.867525
0.671907
0.683154
0.669908
0.669304
0.800000
0.605879
0.856191
0.672131
0.683293
0.669055
0.669131
0.920000
0.538508
0.859755
0.671990
0.683920
0.669223
0.669359
0.820000
0.556396
0.854190
0.672437
0.683915
0.669062
0.669682
0.860000
0.612659
0.856893
0.672638
0.683747
0.668395
0.670747
0.940000
0.476489
0.863617
0.672347
0.684572
0.668280
0.671156
0.820000
0.556051
0.855013
0.671429
0.684802
0.668427
0.671135
0.840000
0.578451
0.854695
0.671669
0.684654
0.669743
0.671224
0.860000
0.580959
0.857083
0.671699
0.684295
0.670183
0.671613
0.840000
0.611886
0.857196
0.671777
0.685272
0.670381
0.672154
0.880000
0.597367
0.864239
0.671823
0.684963
0.670937
0.673156
0.840000
0.599331
0.865767
0.671689
0.685880
0.671411
0.673943
0.780000
0.707890
0.867003
0.672289
0.686340
0.671782
0.674585
0.960000
0.691097
0.901135
0.673335
0.686885
0.672198
0.675473
0.920000
0.624451
0.908987
0.673596
0.687714
0.672382
0.675906
0.860000
0.706359
0.910244
0.674603
0.688065
0.672684
0.676881
0.960000
0.642535
0.917257
0.675259
0.688310
0.673382
0.677780
0.880000
0.712172
0.917462
0.675858
0.688766
0.673411
0.678312
0.940000
0.697348
0.921982
0.676086
0.689809
0.672997
0.679772
0.920000
0.621243
0.930627
0.676842
0.690729
0.673163
0.680506
0.860000
0.549256
0.925464
0.677051
0.691423
0.673449
0.680208
0.760000
0.591534
0.913293
0.677184
0.691197
0.674391
0.680144
0.820000
0.636238
0.912428
0.677531
0.691794
0.674331
0.680695
0.880000
0.673162
0.914650
0.678404
0.691995
0.675160
0.681139
0.940000
0.673276
0.920926
0.679357
0.692057
0.675047
0.681602
0.940000
0.645526
0.925134
0.679870
0.692608
0.676005
0.682098
0.880000
0.591446
0.922263
0.680552
0.692624
0.676757
0.682408
0.800000
0.665181
0.918153
0.680965
0.693135
0.677238
0.682785
0.940000
0.583609
0.922472
0.681716
0.693924
0.676858
0.683175
0.860000
0.570730
0.918382
0.682199
0.694085
0.676995
0.683197
0.840000
0.648131
0.911117
0.682164
0.693751
0.676798
0.684007
0.880000
0.586276
0.914482
0.682824
0.693984
0.677055
0.684729
0.860000
0.621464
0.910099
0.683552
0.694140
0.677187
0.685249
0.860000
0.612200
0.906664
0.683260
0.694341
0.677756
0.684949
0.860000
0.669637
0.901862
0.683883
0.694713
0.678165
0.685019
0.960000
0.589419
0.907852
0.684203
0.694846
0.678387
0.685131
0.820000
0.590742
0.901156
0.684032
0.695559
0.678852
0.685210
0.880000
0.630630
0.900807
0.684078
0.695786
0.678590
0.685461
0.920000
0.589570
0.899536
0.684029
0.696207
0.678620
0.686359
0.860000
0.656233
0.902616
0.684318
0.696217
0.678750
0.686035
0.940000
0.594988
0.908387
0.685133
0.696927
0.678808
0.685990
0.880000
0.631465
0.905376
0.685962
0.696757
0.679415
0.687082
0.920000
0.615864
0.905996
0.685989
0.697336
0.679589
0.687434
0.900000
0.568635
0.906234
0.686326
0.697499
0.679193
0.687819
0.840000
0.581734
0.902649
0.686129
0.697167
0.679778
0.688061
0.920000
0.555131
0.904118
0.686086
0.697151
0.680381
0.688300
0.840000
0.609443
0.902110
0.686251
0.697647
0.680872
0.688529
0.900000
0.629074
0.905028
0.686586
0.697966
0.680731
0.689462
0.860000
0.576593
0.905867
0.687205
0.698321
0.681297
0.689764
0.800000
0.614607
0.904099
0.687520
0.698159
0.681777
0.690095
0.880000
0.616058
0.907649
0.687780
0.698426
0.681914
0.690424
0.900000
0.655566
0.913478
0.688343
0.698879
0.681909
0.690654
0.920000
0.638935
0.920006
0.689350
0.698889
0.682464
0.691379
0.920000
0.618567
0.925240
0.690382
0.699253
0.682658
0.691087
0.880000
0.554399
0.926326
0.690181
0.700082
0.683025
0.692101
0.840000
0.580617
0.919923
0.690771
0.700398
0.683489
0.692331
0.880000
0.604390
0.919275
0.691239
0.700811
0.683091
0.692733
0.920000
0.584138
0.923401
0.691441
0.701537
0.683076
0.693504
0.860000
0.641758
0.921987
0.691868
0.702199
0.683090
0.693465
0.920000
0.580422
0.928269
0.692475
0.703217
0.683178
0.693960
0.860000
0.634009
0.928382
0.692569
0.703380
0.684027
0.694241
0.920000
0.593582
0.936116
0.693126
0.704004
0.684682
0.694722
0.860000
0.633239
0.936507
0.693581
0.704144
0.685163
0.695225
0.900000
0.666970
0.939412
0.693987
0.704400
0.685683
0.695455
0.980000
0.543125
0.947999
0.694610
0.704441
0.685941
0.696407
0.820000
0.565116
0.942601
0.695036
0.704934
0.686346
0.696253
0.840000
0.573466
0.938243
0.694658
0.705407
0.686342
0.696728
0.920000
0.653208
0.939777
0.695230
0.705613
0.686748
0.696574
0.960000
0.592923
0.944980
0.695538
0.706333
0.687271
0.696900
0.900000
0.583787
0.944066
0.696334
0.706281
0.687410
0.697228
0.840000
0.598959
0.939266
0.696662
0.706529
0.687345
0.697725
0.900000
0.623297
0.940102
0.697206
0.706372
0.688044
0.697826
0.900000
0.628707
0.938818
0.697993
0.706551
0.688110
0.697924
0.920000
0.614026
0.939723
0.697955
0.707468
0.688523
0.698244
0.920000
0.563487
0.936035
0.698611
0.707431
0.688126
0.698824
0.800000
0.606833
0.926044
0.698655
0.707911
0.688011
0.699041
0.940000
0.588075
0.923327
0.698904
0.708347
0.688557
0.698650
0.920000
0.592901
0.919089
0.699490
0.709208
0.688960
0.698073
0.940000
0.534386
0.917042
0.699519
0.709759
0.688884
0.698178
0.840000
0.569418
0.906118
0.699161
0.710219
0.688352
0.698127
0.960000
0.518863
0.903567
0.699880
0.710494
0.688263
0.697726
0.860000
0.544482
0.894365
0.700488
0.710008
0.688374
0.697686
0.940000
0.581373
0.892894
0.700014
0.710503
0.688620
0.697897
0.960000
0.515196
0.894959
0.700549
0.710953
0.688515
0.697962
0.860000
0.583606
0.892603
0.700934
0.710036
0.688601
0.698148
0.980000
0.541980
0.896570
0.701089
0.710118
0.689070
0.698591
0.920000
0.495856
0.893268
0.701069
0.709884
0.689133
0.699063
0.920000
0.494317
0.890484
0.700840
0.709629
0.688881
0.699176
0.860000
0.492018
0.881495
0.700273
0.709108
0.688039
0.699066
0.880000
