1 104.1968 141.2735 2 1 0 0 2.9065 0 1 0 0.0000 0.0000
1 109.0030 126.8378 2 3 0 0 4.0637 0 1 0 0.0000 0.0000
1 69.7773 107.5104 1 2 0 0 1.0555 0 1 0 0.0000 0.0000
1 126.4884 92.9181 4 4 0 1 0.3710 1 1 0 0.0000 0.0000
1 129.3278 121.8224 4 4 0 1 0.7407 1 1 0 0.0000 0.0000
1 99.5317 110.2907 2 4 0 0 0.5117 0 1 0 0.0000 0.0000
1 113.7347 110.0741 4 2 0 0 1.8133 0 1 0 0.0000 0.0000
1 56.7195 111.4643 1 1 0 1 0.3322 1 1 0 0.0000 0.0000
1 124.4760 113.3694 4 3 0 0 0.4275 0 1 0 0.0000 0.0000
1 71.6742 104.6640 1 4 0 0 0.7348 0 1 0 0.0000 0.0000
1 81.7898 111.5385 2 4 0 0 0.8424 0 1 0 0.0000 0.0000
1 101.7649 128.0355 2 1 0 0 1.2723 0 1 0 0.0000 0.0000
1 71.1468 98.6645 1 3 0 0 1.5700 0 1 0 0.0000 0.0000
1 82.4519 94.3090 1 2 0 0 1.9853 0 1 0 0.0000 0.0000
1 99.2218 84.4636 3 2 0 0 1.5149 0 1 0 0.0000 0.0000
1 98.6420 67.0848 3 4 0 0 0.9364 0 1 0 0.0000 0.0000
1 136.6643 105.0332 4 3 0 0 0.3770 0 1 0 0.0000 0.0000
1 109.2990 94.7243 4 2 0 0 0.3147 0 1 0 0.0000 0.0000
1 141.1648 118.9442 4 1 0 0 0.2655 0 1 0 0.0000 0.0000
1 75.8619 108.5506 1 2 0 0 1.5922 0 1 0 0.0000 0.0000
1 79.5867 92.3888 1 1 0 1 0.4401 1 1 0 0.0000 0.0000
1 95.0387 77.2566 3 3 0 1 0.9868 1 1 0 0.0000 0.0000
1 103.4926 123.8252 2 2 0 1 0.5093 1 1 0 0.0000 0.0000
1 97.3481 129.1895 2 2 0 1 0.8343 1 1 0 0.0000 0.0000
1 101.8316 65.4209 3 1 0 0 0.7832 0 1 0 0.0000 0.0000
1 64.0041 91.5645 1 4 0 0 0.6998 0 1 0 0.0000 0.0000
1 94.9039 108.7768 2 1 0 0 0.5980 0 1 0 0.0000 0.0000
1 68.5902 111.2368 1 2 0 0 0.5589 0 1 0 0.0000 0.0000
1 98.2451 120.4918 2 2 0 1 0.9964 1 1 0 0.0000 0.0000
1 56.4131 94.2644 1 4 0 0 0.9485 0 1 0 0.0000 0.0000
1 94.8941 72.0194 3 1 0 0 0.9809 0 1 0 0.0000 0.0000
1 63.4817 91.5669 1 3 0 0 1.0790 0 1 0 0.0000 0.0000
1 85.6570 87.3307 1 2 0 0 0.8578 0 1 0 0.0000 0.0000
1 102.3440 113.0387 2 2 0 1 0.5994 1 1 0 0.0000 0.0000
1 103.5760 77.8437 3 2 0 0 0.7186 0 1 0 0.0000 0.0000
1 101.3003 118.2468 2 2 0 1 0.7601 1 1 0 0.0000 0.0000
1 77.5306 86.0670 1 4 0 0 0.6425 0 1 0 0.0000 0.0000
1 95.6192 81.2971 3 2 0 0 0.6362 0 1 0 0.0000 0.0000
1 78.1565 106.1586 1 2 0 0 0.8675 0 1 0 0.0000 0.0000
1 94.9339 58.1167 3 1 0 0 0.6577 0 1 0 0.0000 0.0000
1 98.0211 135.4689 2 2 0 1 0.5552 1 1 0 0.0000 0.0000
1 104.0930 67.8945 3 4 0 0 0.9123 0 1 0 0.0000 0.0000
1 121.4979 110.0468 4 4 0 1 0.8165 1 1 0 0.0000 0.0000
1 79.9510 141.1002 2 3 0 0 1.2783 0 1 0 0.0000 0.0000
1 108.8770 124.8040 2 2 0 1 1.1433 1 1 0 0.0000 0.0000
1 91.9586 81.3687 3 1 0 0 0.7797 0 1 0 0.0000 0.0000
1 82.7853 71.5963 3 3 0 1 0.9527 1 1 0 0.0000 0.0000
1 127.9187 108.3813 4 2 0 0 0.9372 0 1 0 0.0000 0.0000
1 133.3195 99.7161 4 1 0 0 0.6174 0 1 0 0.0000 0.0000
1 112.0955 90.0869 4 2 0 0 1.2503 0 1 0 0.0000 0.0000
1 126.1778 99.7698 4 2 0 0 0.6809 0 1 0 0.0000 0.0000
1 118.1874 104.7384 4 1 0 0 0.4985 0 1 0 0.0000 0.0000
1 80.5237 83.7751 3 4 0 0 0.9996 0 1 0 0.0000 0.0000
1 110.7191 120.0225 2 2 0 1 0.8257 1 1 0 0.0000 0.0000
1 131.9209 123.1288 4 4 0 1 1.1100 1 1 0 0.0000 0.0000
1 91.3928 137.1108 2 1 0 0 1.4032 0 1 0 0.0000 0.0000
1 103.2945 76.8177 3 1 0 0 0.9040 0 1 0 0.0000 0.0000
1 101.8314 70.9860 3 1 0 0 0.7763 0 1 0 0.0000 0.0000
1 96.1414 112.7962 2 1 0 0 0.4688 0 1 0 0.0000 0.0000
1 131.6035 100.0489 4 3 0 0 1.0015 0 1 0 0.0000 0.0000
1 98.9094 143.2802 2 2 0 1 1.5471 1 1 0 0.0000 0.0000
1 131.4001 98.8049 4 1 0 0 0.8604 0 1 0 0.0000 0.0000
1 80.6127 64.8003 3 1 0 0 1.1796 0 1 0 0.0000 0.0000
1 106.9445 67.1810 3 1 0 0 0.5635 0 1 0 0.0000 0.0000
1 79.1953 108.8968 1 1 0 1 0.5065 1 1 0 0.0000 0.0000
1 110.8904 77.7991 3 2 0 0 1.2645 0 1 0 0.0000 0.0000
1 103.7936 74.4077 3 2 0 0 0.7129 0 1 0 0.0000 0.0000
1 99.2885 68.1986 3 3 0 1 0.9469 1 1 0 0.0000 0.0000
1 104.7563 75.8659 3 4 0 0 1.3304 0 1 0 0.0000 0.0000
1 145.5079 105.0925 4 2 0 0 0.7502 0 1 0 0.0000 0.0000
1 113.3941 91.5610 4 2 0 0 0.7448 0 1 0 0.0000 0.0000
1 137.0833 98.5415 4 2 0 0 1.6676 0 1 0 0.0000 0.0000
1 74.1195 99.1445 1 1 0 1 1.4452 1 1 0 0.0000 0.0000
1 75.7972 136.1125 2 1 0 0 0.6111 0 1 0 0.0000 0.0000
1 67.2599 96.2754 1 1 0 1 0.5711 1 1 0 0.0000 0.0000
1 131.9336 115.7457 4 4 0 1 1.4422 1 1 0 0.0000 0.0000
1 110.7196 116.0871 2 2 0 1 0.7834 1 1 0 0.0000 0.0000
1 88.9937 55.4789 3 3 0 1 0.3467 1 1 0 0.0000 0.0000
1 95.0873 138.8186 2 2 0 1 3.4829 1 1 0 0.0000 0.0000
1 114.1970 77.1463 3 3 0 1 1.4353 1 1 0 0.0000 0.0000
1 131.3731 96.3049 4 1 0 0 1.5916 0 1 0 0.0000 0.0000
1 136.5479 103.7805 4 1 0 0 0.6809 0 1 0 0.0000 0.0000
1 69.5087 113.4943 1 1 0 1 0.7394 1 1 0 0.0000 0.0000
1 64.1784 95.8536 1 1 0 1 0.5585 1 1 0 0.0000 0.0000
1 105.6745 113.8609 2 2 0 1 1.9724 1 1 0 0.0000 0.0000
1 143.6140 95.9601 4 4 0 1 0.5900 1 1 0 0.0000 0.0000
1 80.0097 106.6956 1 3 0 0 0.5168 0 1 0 0.0000 0.0000
1 137.0168 95.2159 4 2 0 0 0.8251 0 1 0 0.0000 0.0000
1 99.8924 122.9074 2 2 0 1 0.8220 1 1 0 0.0000 0.0000
1 95.0595 146.4255 2 2 0 1 0.8662 1 1 0 0.0000 0.0000
1 96.8514 93.5220 1 2 0 0 0.5755 0 1 0 0.0000 0.0000
1 66.9476 106.2204 1 1 0 1 0.8211 1 1 0 0.0000 0.0000
1 94.1668 86.3556 3 2 0 0 0.7223 0 1 0 0.0000 0.0000
1 102.2557 91.8934 3 3 0 1 0.9710 1 1 0 0.0000 0.0000
1 64.4410 99.6203 1 1 0 1 0.6830 1 1 0 0.0000 0.0000
1 76.1449 86.4680 1 1 0 1 1.2375 1 1 0 0.0000 0.0000
1 104.8673 128.2429 2 2 0 1 1.4689 1 1 0 0.0000 0.0000
1 104.6776 56.5007 3 4 0 0 0.5369 0 1 0 0.0000 0.0000
1 56.5795 97.8917 1 1 0 1 0.9265 1 1 0 0.0000 0.0000
1 112.4084 118.7632 4 2 0 0 1.1032 0 1 0 0.0000 0.0000
2 143.8585 102.7132 4 2 0 0 2.1862 0 1 0 0.0000 0.0000
2 126.2764 83.8192 4 4 0 1 0.6768 1 1 0 0.0000 0.0000
2 95.9689 62.9362 3 1 0 0 0.9098 0 1 0 0.0000 0.0000
2 124.8026 92.4396 4 2 0 0 1.5012 0 1 0 0.0000 0.0000
2 94.1610 140.3225 2 2 0 1 0.8430 1 1 0 0.0000 0.0000
2 104.8713 112.1152 2 2 0 1 0.8102 1 1 0 0.0000 0.0000
2 72.5069 95.0757 1 1 0 1 0.7738 1 1 0 0.0000 0.0000
2 66.8812 103.1281 1 1 0 1 0.7223 1 1 0 0.0000 0.0000
2 71.3646 100.4742 1 1 0 1 0.7165 1 1 0 0.0000 0.0000
2 105.8389 59.3266 3 3 0 1 0.8718 1 1 0 0.0000 0.0000
2 71.8706 91.0002 1 1 0 1 0.7575 1 1 0 0.0000 0.0000
2 121.2142 99.1859 4 4 0 1 1.5861 1 1 0 0.0000 0.0000
2 80.5136 110.9438 1 2 0 0 1.2504 0 1 0 0.0000 0.0000
2 87.7027 99.6187 1 2 0 0 0.6492 0 1 0 0.0000 0.0000
2 99.5780 137.4124 2 2 0 1 0.7854 1 1 0 0.0000 0.0000
2 65.2252 109.4380 1 1 0 1 1.1483 1 1 0 0.0000 0.0000
2 65.8822 90.4625 1 1 0 1 0.6113 1 1 0 0.0000 0.0000
2 97.6390 74.1439 3 3 0 1 1.3406 1 1 0 0.0000 0.0000
2 111.4199 105.7905 4 2 0 0 1.0146 0 1 0 0.0000 0.0000
2 126.1796 107.6207 4 2 0 0 0.5843 0 1 0 0.0000 0.0000
2 104.7584 57.8152 3 3 0 1 1.0070 1 1 0 0.0000 0.0000
2 67.0568 102.8144 1 1 0 1 0.6239 1 1 0 0.0000 0.0000
2 104.3078 130.6184 2 2 0 1 0.8082 1 1 0 0.0000 0.0000
2 100.2864 72.4270 3 2 0 0 1.4929 0 1 0 0.0000 0.0000
2 105.2428 69.6735 3 3 0 1 0.6437 1 1 0 0.0000 0.0000
2 126.2479 93.8255 4 2 0 0 0.7476 0 1 0 0.0000 0.0000
2 103.3426 114.0996 2 4 0 0 0.4224 0 1 0 0.0000 0.0000
2 92.7225 150.3744 2 2 0 1 1.1612 1 1 0 0.0000 0.0000
2 49.0672 104.1744 1 1 0 1 1.3260 1 1 0 0.0000 0.0000
2 107.4919 124.2660 2 2 0 1 0.9045 1 1 0 0.0000 0.0000
2 98.4089 50.5345 3 3 0 1 1.7669 1 1 0 0.0000 0.0000
2 99.2293 138.8234 2 2 0 1 0.7631 1 1 0 0.0000 0.0000
2 129.2137 95.3005 4 2 0 0 0.8697 0 1 0 0.0000 0.0000
2 102.1490 115.6918 4 4 0 1 0.5786 1 1 0 0.0000 0.0000
2 92.0560 65.2067 3 3 0 1 1.6570 1 1 0 0.0000 0.0000
2 104.7057 119.4283 2 2 0 1 0.9555 1 1 0 0.0000 0.0000
2 137.3987 90.8951 4 4 0 1 1.2265 1 1 0 0.0000 0.0000
2 70.8464 89.2329 1 1 0 1 0.7364 1 1 0 0.0000 0.0000
2 70.9801 97.4984 1 1 0 1 0.8121 1 1 0 0.0000 0.0000
2 90.6607 114.7931 2 2 0 1 1.0334 1 1 0 0.0000 0.0000
2 121.8793 109.9178 4 4 0 1 0.9380 1 1 0 0.0000 0.0000
2 58.3788 84.3613 1 1 0 1 0.7297 1 1 0 0.0000 0.0000
2 99.1364 69.9712 3 3 0 1 0.9956 1 1 0 0.0000 0.0000
2 114.8966 101.9000 4 2 0 0 1.2516 0 1 0 0.0000 0.0000
2 53.2597 97.6524 1 1 0 1 0.9231 1 1 0 0.0000 0.0000
2 140.2754 107.0743 4 4 0 1 1.2122 1 1 0 0.0000 0.0000
2 84.6675 102.7472 1 1 0 1 1.2991 1 1 0 0.0000 0.0000
2 97.0638 60.2841 3 3 0 1 1.2933 1 1 0 0.0000 0.0000
2 94.3484 71.3368 3 1 0 0 0.9492 0 1 0 0.0000 0.0000
2 103.7841 117.2437 2 2 0 1 1.2700 1 1 0 0.0000 0.0000
2 65.7857 99.0509 1 1 0 1 0.8936 1 1 0 0.0000 0.0000
2 69.6587 95.3935 1 1 0 1 0.5415 1 1 0 0.0000 0.0000
2 121.9180 85.3120 4 2 0 0 2.2118 0 1 0 0.0000 0.0000
2 136.1951 109.8769 4 2 0 0 0.7710 0 1 0 0.0000 0.0000
2 122.2716 97.8254 4 4 0 1 0.6065 1 1 0 0.0000 0.0000
2 96.1417 70.8354 3 1 0 0 0.7738 0 1 0 0.0000 0.0000
2 127.7091 94.5345 4 2 0 0 0.8030 0 1 0 0.0000 0.0000
2 124.1812 129.4869 4 1 0 0 0.7190 0 1 0 0.0000 0.0000
2 87.4933 102.6541 1 1 0 1 0.9053 1 1 0 0.0000 0.0000
2 101.9270 124.9169 2 2 0 1 1.3689 1 1 0 0.0000 0.0000
2 62.8468 102.1042 1 1 0 1 0.7556 1 1 0 0.0000 0.0000
2 98.0162 72.5907 3 3 0 1 0.7677 1 1 0 0.0000 0.0000
2 107.5018 121.6098 2 2 0 1 1.0348 1 1 0 0.0000 0.0000
2 106.9334 125.3360 2 4 0 0 0.4452 0 1 0 0.0000 0.0000
2 104.8418 64.5808 3 3 0 1 1.0565 1 1 0 0.0000 0.0000
2 104.8871 113.3817 2 2 0 1 0.7228 1 1 0 0.0000 0.0000
2 84.3613 143.2540 2 1 0 0 1.2608 0 1 0 0.0000 0.0000
2 88.6888 98.2993 1 2 0 0 1.1267 0 1 0 0.0000 0.0000
2 78.1628 109.6438 1 2 0 0 0.8754 0 1 0 0.0000 0.0000
2 111.3216 66.9400 3 3 0 1 1.2099 1 1 0 0.0000 0.0000
2 101.1555 128.3788 2 2 0 1 1.0571 1 1 0 0.0000 0.0000
2 101.9040 83.9635 3 3 0 1 1.0757 1 1 0 0.0000 0.0000
2 79.9215 80.1434 1 1 0 1 0.7918 1 1 0 0.0000 0.0000
2 103.3468 81.9164 3 3 0 1 2.1332 1 1 0 0.0000 0.0000
2 106.5451 94.5860 4 2 0 0 0.9321 0 1 0 0.0000 0.0000
2 136.6421 100.5962 4 4 0 1 0.6756 1 1 0 0.0000 0.0000
2 118.3336 94.6428 4 4 0 1 0.4940 1 1 0 0.0000 0.0000
2 94.5523 61.3336 3 3 0 1 0.8980 1 1 0 0.0000 0.0000
2 93.2724 118.2552 2 2 0 1 1.1691 1 1 0 0.0000 0.0000
2 106.7931 73.1952 3 3 0 1 0.8233 1 1 0 0.0000 0.0000
2 110.2706 135.7376 2 2 0 1 1.0923 1 1 0 0.0000 0.0000
2 101.9013 52.5659 3 3 0 1 1.5599 1 1 0 0.0000 0.0000
2 119.9412 80.9812 3 3 0 1 0.9996 1 1 0 0.0000 0.0000
2 87.5448 133.7851 2 2 0 1 1.5446 1 1 0 0.0000 0.0000
2 99.8741 116.0471 2 2 0 1 1.0314 1 1 0 0.0000 0.0000
2 110.4685 121.2093 2 2 0 1 0.7933 1 1 0 0.0000 0.0000
2 112.8966 126.8406 2 2 0 1 0.7093 1 1 0 0.0000 0.0000
2 78.2270 104.3290 1 1 0 1 0.7829 1 1 0 0.0000 0.0000
2 123.3151 82.9203 3 3 0 1 1.1629 1 1 0 0.0000 0.0000
2 71.1379 121.6782 1 2 0 0 1.3284 0 1 0 0.0000 0.0000
2 101.6947 71.4132 3 3 0 1 0.7941 1 1 0 0.0000 0.0000
2 116.2361 104.3239 4 1 0 0 2.1983 0 1 0 0.0000 0.0000
2 127.3768 98.4144 4 2 0 0 0.9828 0 1 0 0.0000 0.0000
2 67.7185 92.3521 1 3 0 0 1.1767 0 1 0 0.0000 0.0000
2 97.6917 64.1212 3 3 0 1 1.0403 1 1 0 0.0000 0.0000
2 98.4734 67.9758 3 3 0 1 1.0283 1 1 0 0.0000 0.0000
2 110.4528 128.4331 2 2 0 1 1.0306 1 1 0 0.0000 0.0000
2 93.3562 125.6489 2 2 0 1 1.3684 1 1 0 0.0000 0.0000
2 119.8556 94.2118 4 2 0 0 1.2368 0 1 0 0.0000 0.0000
2 131.8167 93.1313 4 2 0 0 1.1669 0 1 0 0.0000 0.0000
3 107.9754 122.2757 2 2 0 1 2.2504 1 1 0 0.0000 0.0000
3 90.5905 64.5018 1 3 0 0 1.3752 0 1 0 0.0000 0.0000
3 89.2490 78.6219 3 2 0 0 0.8892 0 1 0 0.0000 0.0000
3 97.2248 74.9069 3 3 0 1 1.5432 1 1 0 0.0000 0.0000
3 103.5026 142.9016 2 2 0 1 0.9815 1 1 0 0.0000 0.0000
3 79.8331 109.3147 1 1 0 1 1.9423 1 1 0 0.0000 0.0000
3 85.6290 129.7241 2 2 0 1 1.2794 1 1 0 0.0000 0.0000
3 123.5941 102.7619 4 4 0 1 1.1435 1 1 0 0.0000 0.0000
3 67.0555 109.5032 1 3 0 0 1.0998 0 1 0 0.0000 0.0000
3 98.2988 66.6219 3 3 0 1 0.9746 1 1 0 0.0000 0.0000
3 91.8422 58.5898 3 3 0 1 2.2701 1 1 0 0.0000 0.0000
3 101.5083 136.7463 2 2 0 1 0.8788 1 1 0 0.0000 0.0000
3 111.7934 125.1150 2 4 0 0 0.6534 0 1 0 0.0000 0.0000
3 73.5563 72.2028 3 3 0 1 1.0293 1 1 0 0.0000 0.0000
3 63.6886 99.3253 1 1 0 1 1.0152 1 1 0 0.0000 0.0000
3 78.0756 96.2654 1 2 0 0 1.4668 0 1 0 0.0000 0.0000
3 69.4482 106.4665 1 1 0 1 1.8160 1 1 0 0.0000 0.0000
3 103.5668 102.0057 2 2 0 1 0.7507 1 1 0 0.0000 0.0000
3 71.9726 116.2312 1 1 0 1 1.8487 1 1 0 0.0000 0.0000
3 68.8092 92.9212 1 1 0 1 0.7359 1 1 0 0.0000 0.0000
3 130.4596 86.2393 4 4 0 1 1.2579 1 1 0 0.0000 0.0000
3 136.8027 115.4470 4 2 0 0 0.8334 0 1 0 0.0000 0.0000
3 83.0973 99.6898 1 2 0 0 1.5662 0 1 0 0.0000 0.0000
3 100.9880 121.5908 2 2 0 1 0.9734 1 1 0 0.0000 0.0000
3 139.6484 97.5681 4 4 0 1 0.5259 1 1 0 0.0000 0.0000
3 100.4535 75.4099 3 2 0 0 1.0259 0 1 0 0.0000 0.0000
3 98.9164 142.1705 2 4 0 0 1.1875 0 1 0 0.0000 0.0000
3 100.6883 64.5680 3 4 0 0 1.2090 0 1 0 0.0000 0.0000
3 98.1891 128.3366 2 2 0 1 1.0071 1 1 0 0.0000 0.0000
3 98.0184 84.3762 3 2 0 0 1.1994 0 1 0 0.0000 0.0000
3 75.6848 119.7178 1 1 0 1 1.4134 1 1 0 0.0000 0.0000
3 106.6803 75.3501 3 4 0 0 0.9770 0 1 0 0.0000 0.0000
3 100.2814 82.6420 3 2 0 0 0.5139 0 1 0 0.0000 0.0000
3 97.1936 128.5897 2 2 0 1 1.1258 1 1 0 0.0000 0.0000
3 108.6715 117.6680 2 2 0 1 0.9062 1 1 0 0.0000 0.0000
3 124.5032 100.2541 4 2 0 0 1.0804 0 1 0 0.0000 0.0000
3 98.5304 129.2492 2 2 0 1 0.7949 1 1 0 0.0000 0.0000
3 69.8536 99.2167 1 1 0 1 0.9184 1 1 0 0.0000 0.0000
3 103.0292 121.9929 2 4 0 0 0.6449 0 1 0 0.0000 0.0000
3 80.4441 103.3211 1 2 0 0 0.8136 0 1 0 0.0000 0.0000
3 81.3666 54.0435 3 1 0 0 0.7946 0 1 0 0.0000 0.0000
3 104.4290 118.4309 2 2 0 1 0.8392 1 1 0 0.0000 0.0000
3 150.1976 102.3980 4 4 0 1 0.7453 1 1 0 0.0000 0.0000
3 55.9682 101.5119 1 3 0 0 1.0715 0 1 0 0.0000 0.0000
3 116.6119 107.6445 4 2 0 0 0.9300 0 1 0 0.0000 0.0000
3 78.0881 134.8433 2 1 0 0 2.1137 0 1 0 0.0000 0.0000
3 115.0339 82.6380 3 2 0 0 0.9774 0 1 0 0.0000 0.0000
3 100.1202 137.3844 2 2 0 1 0.7691 1 1 0 0.0000 0.0000
3 107.3375 146.0332 2 2 0 1 1.1152 1 1 0 0.0000 0.0000
3 100.7278 116.5772 2 2 0 1 3.7513 1 1 1 41.4704 1.0000
3 67.5129 120.7204 1 2 0 0 2.8103 0 1 0 7.1155 0.5000
3 143.4742 104.9102 4 4 0 1 6.4826 1 1 1 5.5404 0.6667
3 101.9112 68.7101 3 3 0 1 2.3526 1 1 0 10.2795 0.5000
3 60.5538 97.4907 1 1 0 1 2.0921 1 1 0 5.3565 0.4000
3 132.6607 101.5893 4 2 0 0 2.6123 0 1 1 2.7381 0.5000
3 64.6998 97.2169 1 1 0 1 4.2306 1 1 0 1.3585 0.4286
3 114.5423 65.2524 3 3 0 1 6.5761 1 1 1 1.7982 0.5000
3 112.3647 123.1131 2 4 0 0 2.5627 0 1 1 4.2728 0.5556
3 106.5160 71.4494 3 3 0 1 2.9906 1 1 1 1.9113 0.6000
3 99.7772 123.8030 2 2 0 1 2.2464 1 1 1 1.3381 0.6364
3 117.8498 104.5631 4 2 0 0 4.4255 0 1 0 1.4951 0.5833
3 77.5743 106.8028 1 1 0 1 2.2828 1 1 1 1.9841 0.6154
3 81.7712 111.1103 1 2 0 0 4.5772 0 1 1 2.0336 0.6429
3 74.0738 99.6458 1 1 0 1 2.1469 1 1 1 1.8292 0.6667
3 120.9845 109.6560 4 2 0 0 2.3063 0 1 1 1.6736 0.6875
3 120.2365 105.3651 4 2 0 0 1.8744 0 1 1 1.8846 0.7059
3 72.5930 121.4012 1 1 0 1 1.8819 1 1 1 1.2058 0.7222
3 107.8462 71.1292 3 3 0 1 1.9379 1 1 1 1.1506 0.7368
3 103.7433 91.3476 4 2 0 0 3.5605 0 1 1 2.1432 0.7500
3 136.1853 96.6623 4 2 0 0 1.7316 0 1 1 0.7633 0.7619
3 103.8987 52.9844 3 3 0 1 1.6280 1 1 1 0.9130 0.7727
3 94.4599 89.8636 3 2 0 0 2.0216 0 1 1 0.8842 0.7826
3 102.6554 124.9706 2 4 0 0 3.7523 0 1 1 0.5626 0.7917
3 102.7899 116.4195 2 2 0 1 1.4711 1 1 0 1.5670 0.7600
3 115.3325 116.7625 2 2 0 1 2.5502 1 1 1 1.9068 0.7692
3 149.8503 85.6629 4 4 0 1 2.4350 1 1 0 1.2115 0.7407
3 129.0227 91.0200 4 2 0 0 1.2736 0 1 0 0.8216 0.7143
3 77.0428 103.0216 1 1 0 1 2.5529 1 1 1 1.3010 0.7241
3 142.5256 91.5844 4 2 0 0 2.7904 0 1 1 1.7061 0.7333
3 56.6860 103.5982 1 1 0 1 2.0059 1 1 1 1.7969 0.7419
3 126.1289 115.0799 4 4 0 1 3.3137 1 1 1 1.5217 0.7500
3 136.6877 95.0447 4 2 0 0 1.3186 0 1 1 1.4269 0.7576
3 59.3703 85.0339 1 3 0 0 1.9909 0 1 1 1.2056 0.7647
3 91.5616 71.1302 3 1 0 0 3.4423 0 1 1 1.8619 0.7714
3 146.5705 88.5627 4 1 0 0 2.0527 0 1 0 1.4929 0.7500
3 118.3561 111.6363 4 4 0 1 3.4509 1 1 1 1.5818 0.7568
3 108.8706 89.0201 4 2 0 0 2.9323 0 1 0 1.6112 0.7368
3 114.9372 130.4124 2 2 0 1 1.9705 1 1 1 0.8805 0.7436
3 96.4990 80.8376 3 3 0 1 2.1324 1 1 1 1.0453 0.7500
3 107.7046 80.5418 3 2 0 0 2.6372 0 1 1 1.5631 0.7561
3 90.7955 75.5635 3 3 0 1 3.6831 1 1 1 0.8607 0.7619
3 122.1670 87.2851 4 2 0 0 2.5763 0 1 1 0.6862 0.7674
3 116.9347 101.9188 4 2 0 0 2.9088 0 1 1 0.8206 0.7727
3 116.9842 121.0366 4 1 0 0 2.8393 0 1 1 0.3490 0.7778
3 54.5403 100.5869 1 1 0 1 2.4672 1 1 1 0.7512 0.7826
3 107.4894 67.7759 3 3 0 1 3.0716 1 1 1 2.1380 0.7872
3 108.8790 128.9527 2 4 0 0 2.0135 0 1 1 1.1327 0.7917
3 93.0651 64.7039 3 3 0 1 2.2479 1 1 1 1.7243 0.7959
3 110.0655 62.6440 3 3 0 1 2.1355 1 1 1 1.0491 0.8000
3 81.1348 85.8898 1 1 0 1 1.9218 1 1 1 0.7834 0.8039
4 92.5878 154.2830 2 3 4 0 3.0940 0 0 1 3.1043 0.8077
4 131.2836 106.8547 4 2 3 0 2.5416 0 0 1 0.8256 0.8113
4 58.2609 103.3889 1 1 4 1 1.6607 0 0 1 1.7630 0.8148
4 91.5153 109.5289 2 2 3 1 3.4210 0 0 1 0.6086 0.8182
4 77.0563 105.1720 1 1 1 1 1.5657 1 0 1 0.6738 0.8214
4 103.4156 75.8864 3 3 3 1 1.7140 1 0 1 1.1765 0.8246
4 66.6809 92.0205 1 1 3 1 1.8601 0 0 1 1.3760 0.8276
4 131.2137 109.6500 4 4 3 1 1.5045 0 0 1 1.1545 0.8305
4 96.6668 66.6565 3 1 3 0 1.8231 0 0 1 0.6806 0.8333
4 68.9197 110.3770 1 1 3 1 1.2875 0 0 1 0.6926 0.8361
4 105.3890 122.3535 2 2 2 1 1.1239 1 0 0 1.1479 0.8226
4 91.3367 66.3946 3 1 1 0 2.1674 1 0 1 1.1630 0.8254
4 95.3532 130.8562 2 2 4 1 2.6481 0 0 1 1.3520 0.8281
4 71.8123 78.3524 1 3 4 0 1.4178 0 0 1 0.7765 0.8308
4 147.2658 83.1370 4 2 2 0 1.8512 1 0 1 1.4623 0.8333
4 96.0057 70.3104 3 3 1 1 4.8590 0 0 1 0.7715 0.8358
4 88.5755 154.7110 2 4 1 0 1.6066 0 0 1 0.8275 0.8382
4 96.4548 124.9745 2 2 4 1 2.3201 0 0 1 1.2234 0.8406
4 88.0723 90.5523 3 1 1 0 1.4306 1 0 0 1.0794 0.8286
4 65.4832 111.9926 1 3 3 0 3.5701 1 0 1 0.7134 0.8310
4 63.8414 99.9808 1 1 4 1 4.3456 0 0 1 0.8544 0.8333
4 122.0819 84.6832 4 2 4 0 3.0668 0 0 1 1.4460 0.8356
4 150.6347 101.2032 4 2 3 0 1.3207 0 0 0 1.7342 0.8243
4 95.7107 96.6214 1 2 3 0 3.0102 0 0 1 0.9545 0.8267
4 90.9195 50.3999 3 3 1 1 1.8415 0 0 1 0.8273 0.8289
4 90.2395 128.2253 2 2 3 1 2.4149 0 0 1 2.8556 0.8312
4 63.6398 102.4741 1 1 4 1 2.4785 0 0 1 1.6793 0.8333
4 133.9920 82.4607 4 2 3 0 1.9879 0 0 1 0.6108 0.8354
4 120.2761 123.7163 2 2 4 1 1.6154 0 0 1 1.0131 0.8375
4 148.4004 105.7397 4 4 4 1 1.8535 1 0 1 1.4162 0.8395
4 112.9909 56.6666 3 3 3 1 1.9955 1 0 1 1.1286 0.8415
4 81.9795 108.6904 1 2 4 0 2.0837 0 0 1 0.9813 0.8434
4 106.0402 131.1355 2 2 3 1 1.6596 0 0 1 0.7381 0.8452
4 99.3557 122.9250 2 4 2 0 1.9879 0 0 1 0.6268 0.8471
4 135.1553 91.0800 4 2 2 0 3.6802 1 0 1 0.7627 0.8488
4 74.4056 94.8732 1 2 4 0 2.6682 0 0 1 0.9567 0.8506
4 113.9239 134.0780 2 2 3 1 1.6190 0 0 1 1.5443 0.8523
4 86.0869 61.6301 3 3 3 1 1.8710 1 0 1 1.0013 0.8539
4 97.7604 139.6673 2 2 1 1 2.5788 0 0 1 1.4249 0.8556
4 133.5661 96.3853 4 4 1 1 2.7901 0 0 1 0.6165 0.8571
4 101.5874 128.6738 2 2 3 1 2.0372 0 0 0 1.7176 0.8478
4 107.7221 122.8525 2 2 3 1 2.5139 0 0 1 1.0544 0.8495
4 127.8129 85.9738 4 3 1 0 1.4791 0 0 1 3.0482 0.8511
4 127.0373 102.5313 4 2 2 0 2.2298 1 0 1 0.8105 0.8526
4 132.9753 98.2457 4 2 3 0 1.5166 0 0 1 3.0228 0.8542
4 75.5032 120.2016 1 1 1 1 2.3301 1 0 1 1.4576 0.8557
4 96.2220 119.3550 2 2 4 1 2.8859 0 0 1 0.7792 0.8571
4 79.8248 110.0313 1 1 4 1 1.9326 0 0 1 1.3707 0.8586
4 149.0769 86.5169 4 4 4 1 2.0299 1 0 1 1.8695 0.8600
4 76.1655 80.2105 1 1 3 1 1.6447 0 0 1 1.9870 0.8614
4 108.4486 68.6553 3 2 3 0 1.9874 0 0 1 0.7541 0.8627
4 115.4950 102.4642 4 2 3 0 1.6034 0 0 1 0.6641 0.8641
4 123.7680 91.1913 4 4 4 1 1.4305 1 0 1 1.7344 0.8654
4 85.2607 84.4604 1 1 2 1 2.5132 0 0 1 0.7335 0.8667
4 67.4598 105.3197 1 3 2 0 1.8058 0 0 1 1.5747 0.8679
4 115.6346 88.5311 3 2 1 0 1.9652 0 0 1 1.7395 0.8692
4 103.2879 70.9612 3 1 2 0 2.3113 0 0 1 0.9107 0.8704
4 94.4389 74.6188 3 1 4 0 1.7498 0 0 1 2.0786 0.8716
4 117.0446 134.5159 2 4 1 0 1.9212 0 0 1 0.7813 0.8727
4 95.9898 78.3730 3 3 4 1 1.2981 0 0 1 4.0295 0.8739
4 69.1136 108.5233 1 1 3 1 1.9223 0 0 1 0.7836 0.8750
4 69.6821 91.3549 1 1 3 1 1.5712 0 0 1 1.3675 0.8761
4 134.8970 112.8241 4 4 1 1 1.7383 0 0 1 0.8818 0.8772
4 84.3642 77.5642 3 3 2 1 2.0863 0 0 1 2.1834 0.8783
4 86.9869 137.7303 2 2 4 1 1.4701 0 0 1 0.8798 0.8793
4 67.6983 96.7664 1 1 1 1 1.9877 1 0 1 2.3868 0.8803
4 105.6702 73.1600 3 2 4 0 2.5424 0 0 1 0.6984 0.8814
4 52.2791 89.7587 1 1 1 1 1.4657 1 0 1 0.9066 0.8824
4 128.3816 97.9748 4 2 1 0 2.6875 0 0 1 1.2631 0.8833
4 107.7596 101.6084 4 4 4 1 2.0130 1 0 1 1.4038 0.8843
4 87.3135 64.0285 3 3 4 1 3.0069 0 0 1 0.7269 0.8852
4 117.2038 70.5478 3 4 4 0 2.2794 1 0 1 1.7729 0.8862
4 133.5203 113.6583 4 2 4 0 2.6976 0 0 1 1.4976 0.8871
4 99.0352 89.4037 3 1 2 0 1.7745 0 0 1 0.8393 0.8880
4 95.5026 80.5391 3 2 4 0 2.5226 0 0 0 1.1419 0.8810
4 93.9527 116.2486 2 3 4 0 2.6579 0 0 1 0.6887 0.8819
4 95.4788 69.3943 3 1 2 0 1.7450 0 0 1 1.9298 0.8828
4 102.9579 73.3276 3 4 3 0 1.8321 0 0 1 1.2496 0.8837
4 87.3606 68.2106 3 3 1 1 1.5990 0 0 1 0.7392 0.8846
4 110.0177 129.0274 2 4 3 0 1.9708 0 0 1 0.8976 0.8855
4 94.9160 127.7004 2 3 2 0 3.7514 0 0 1 0.8667 0.8864
4 121.3137 98.8788 4 2 1 0 1.5423 0 0 1 1.6086 0.8872
4 136.2692 109.1555 4 1 4 0 2.0482 0 0 1 1.5847 0.8881
4 64.2303 102.6138 1 1 2 1 1.5754 0 0 1 1.5157 0.8889
4 107.7094 136.7320 2 3 2 0 2.9128 0 0 1 1.0629 0.8897
4 112.8350 144.2134 2 4 3 0 2.1765 0 0 1 0.9160 0.8905
4 70.5587 113.6624 1 3 4 0 3.3222 0 0 1 1.0831 0.8913
4 90.7604 118.0055 2 2 1 1 1.3339 0 0 1 1.8911 0.8921
4 100.4068 124.7725 2 4 2 0 1.8747 0 0 1 1.1335 0.8929
4 54.7262 102.9481 1 1 4 1 1.7535 0 0 1 0.7382 0.8936
4 42.7977 98.7857 1 3 1 0 1.7306 0 0 1 1.2413 0.8944
4 76.2416 107.6445 1 2 1 0 1.3349 0 0 1 3.7331 0.8951
4 140.8232 100.9438 4 4 4 1 1.7000 1 0 0 0.9400 0.8889
4 100.3058 142.8041 2 3 3 0 5.8754 1 0 0 0.7424 0.8828
4 124.0902 118.9130 4 4 2 1 2.1031 0 0 1 0.9215 0.8836
4 154.9917 97.4097 4 3 1 0 1.2623 0 0 1 1.6098 0.8844
4 103.6137 74.1008 3 3 4 1 2.8974 0 0 1 1.6069 0.8851
4 96.5532 70.7419 3 3 3 1 1.5178 1 0 1 1.2325 0.8859
4 111.1157 67.1623 3 3 2 1 2.4937 0 0 1 2.1536 0.8867
4 138.1050 78.6352 4 3 2 0 2.3033 0 0 1 1.2712 0.8874
5 101.5459 83.4905 3 3 1 1 3.4582 0 0 1 0.9199 0.8882
5 75.2274 96.2135 1 3 1 0 1.8378 0 0 1 1.2717 0.8889
5 94.5580 127.3204 2 3 4 0 1.9906 0 0 1 1.6857 0.8896
5 111.8528 115.5680 2 3 2 0 1.0234 0 0 1 1.2050 0.8903
5 94.9933 68.5995 3 3 4 1 2.0667 0 0 1 1.1711 0.8910
5 109.1853 138.0732 2 3 1 0 1.3760 0 0 1 4.9101 0.8917
5 90.9210 64.4163 3 3 2 1 1.5779 0 0 1 1.2771 0.8924
5 79.5622 79.5091 3 3 1 1 1.4515 0 0 1 0.9406 0.8931
5 106.8019 73.1424 3 2 2 0 1.7626 1 0 1 0.9406 0.8938
5 82.7276 60.7880 3 3 2 1 2.2112 0 0 1 0.7117 0.8944
5 77.2926 99.9871 1 1 3 1 1.9597 0 0 1 0.9012 0.8951
5 87.1385 149.7429 2 3 1 0 2.6827 0 0 1 0.8424 0.8957
5 87.6885 64.6841 3 2 3 0 2.0607 0 0 1 1.2127 0.8963
5 79.9131 104.8711 1 3 2 0 1.3067 0 0 1 0.7119 0.8970
5 61.9010 110.7270 1 3 2 0 1.4315 0 0 1 0.5990 0.8976
5 74.1213 97.4802 1 3 1 0 1.0602 0 0 0 0.6034 0.8922
5 69.8300 103.9540 1 3 4 0 1.3841 0 0 1 1.0150 0.8929
5 88.6969 141.3633 2 3 3 0 1.4701 1 0 1 1.2464 0.8935
5 65.2718 109.8442 1 3 3 0 1.0231 1 0 1 2.5327 0.8941
5 64.8705 105.0281 1 3 2 0 2.1972 0 0 1 0.8075 0.8947
5 99.2808 114.3206 2 3 2 0 1.4020 0 0 1 1.1287 0.8953
5 105.5005 79.1120 3 3 2 1 1.3179 0 0 1 1.0906 0.8960
5 120.1177 97.7777 4 3 2 0 1.2447 0 0 1 1.8158 0.8966
5 129.4991 98.6783 4 3 2 0 1.0122 0 0 1 1.3362 0.8971
5 103.0445 133.7577 2 3 1 0 1.0345 0 0 1 0.6722 0.8977
5 66.1732 98.4152 1 3 2 0 1.6620 0 0 1 4.6118 0.8983
5 104.9014 118.6219 2 1 2 0 1.3208 0 0 1 1.4152 0.8989
5 119.6989 106.1292 4 3 1 0 1.0980 0 0 1 0.9283 0.8994
5 107.7403 151.8154 2 3 3 0 1.4159 1 0 1 1.8946 0.9000
5 104.3017 71.1701 3 3 1 1 2.8382 0 0 1 0.7138 0.9006
5 93.1776 65.4764 3 3 3 1 1.4817 1 0 1 0.8421 0.9011
5 108.1576 121.1709 2 3 1 0 1.2129 0 0 1 0.7892 0.9016
5 60.9801 93.5680 1 3 3 0 1.0314 1 0 1 1.6921 0.9022
5 123.1753 102.4976 4 3 2 0 1.1413 0 0 1 0.6852 0.9027
5 118.5892 107.7876 2 3 2 0 1.1176 0 0 1 0.7731 0.9032
5 77.8577 103.2591 1 3 1 0 1.0620 0 0 1 1.2923 0.9037
5 71.1015 89.3096 1 3 2 0 0.5228 0 0 1 1.7152 0.9043
5 95.6356 122.0070 2 3 2 0 0.8127 0 0 1 0.9880 0.9048
5 66.1666 70.6993 1 1 4 1 1.7470 0 0 1 0.9080 0.9053
5 132.9668 97.6630 4 3 4 0 1.4269 0 0 1 1.1227 0.9058
5 70.0570 97.8239 1 3 2 0 2.8792 0 0 1 0.6924 0.9063
5 109.2525 147.8820 2 3 1 0 1.8296 0 0 1 1.0715 0.9067
5 66.3930 108.7872 1 2 4 0 1.4806 0 0 1 0.8264 0.9072
5 131.5554 93.7477 4 3 4 0 1.2447 0 0 1 0.8883 0.9077
5 118.4548 107.2515 4 3 3 0 1.3422 1 0 1 1.2438 0.9082
5 88.1528 75.4018 3 2 1 0 1.5622 0 0 1 0.7010 0.9086
5 89.4633 121.3259 2 4 3 0 1.4696 0 0 1 2.4789 0.9091
5 64.0133 119.6554 1 3 3 0 1.0057 1 0 1 2.0664 0.9095
5 76.4013 95.2955 1 3 2 0 2.1968 0 0 1 1.2724 0.9100
5 100.2872 72.8516 3 1 2 0 3.3131 0 0 0 0.0000 0.9100
5 119.7651 117.6533 2 1 2 0 3.4223 0 0 0 0.0000 0.9100
5 111.8529 106.1376 4 2 3 0 0.7988 0 0 0 0.0000 0.9100
5 77.3297 102.7611 1 1 3 1 0.7788 0 0 0 0.0000 0.9100
5 105.3632 117.7025 2 2 1 1 0.6151 0 0 0 0.0000 0.9100
5 133.3841 95.1198 4 2 4 0 0.8623 0 0 0 0.0000 0.9100
5 79.8961 81.1035 3 3 2 1 1.1155 0 0 0 0.0000 0.9100
5 106.3064 69.9625 3 2 1 0 1.0239 0 0 0 0.0000 0.9100
5 96.9975 144.9041 2 2 2 1 0.7541 1 0 0 0.0000 0.9100
5 138.7935 110.5281 4 4 3 1 0.7494 0 0 0 0.0000 0.9100
5 93.6683 67.5234 3 3 4 1 0.8730 0 0 0 0.0000 0.9100
5 74.1058 102.7346 1 1 3 1 0.5674 0 0 0 0.0000 0.9100
5 113.0986 110.6975 2 2 2 1 0.3353 1 0 0 0.0000 0.9100
5 109.8450 73.7830 3 3 1 1 0.8001 0 0 0 0.0000 0.9100
5 101.4158 66.0176 3 1 4 0 0.4445 0 0 0 0.0000 0.9100
5 74.2789 93.9803 1 3 2 0 0.7376 0 0 0 0.0000 0.9100
5 122.0531 99.8556 4 2 3 0 0.7164 0 0 0 0.0000 0.9100
5 128.0954 100.7774 4 2 4 0 0.6625 0 0 0 0.0000 0.9100
5 116.9702 92.0839 4 2 3 0 0.7205 0 0 0 0.0000 0.9100
5 124.6191 98.2480 4 4 1 1 0.5228 0 0 0 0.0000 0.9100
5 108.9303 81.9381 4 2 4 0 0.6236 0 0 0 0.0000 0.9100
5 59.6690 94.7477 1 1 1 1 0.7119 1 0 0 0.0000 0.9100
5 97.0720 123.3270 2 2 4 1 0.7083 0 0 0 0.0000 0.9100
5 71.0679 87.6457 1 1 3 1 0.7675 0 0 0 0.0000 0.9100
5 76.3090 94.5660 1 3 2 0 0.5234 0 0 0 0.0000 0.9100
5 113.6511 134.4659 2 2 2 1 0.7839 1 0 0 0.0000 0.9100
5 105.3467 81.1106 3 1 1 0 1.0037 1 0 0 0.0000 0.9100
5 113.2000 100.1867 4 3 3 0 1.0570 1 0 0 0.0000 0.9100
5 104.2406 138.9003 2 4 3 0 0.6289 0 0 0 0.0000 0.9100
5 122.1071 98.6297 4 2 4 0 0.6693 0 0 0 0.0000 0.9100
5 119.7145 97.1257 4 1 3 0 0.4541 0 0 0 0.0000 0.9100
5 71.7453 107.3721 1 1 1 1 0.7473 1 0 0 0.0000 0.9100
5 86.1985 132.7623 2 3 3 0 0.7757 1 0 0 0.0000 0.9100
5 126.8054 79.3947 4 2 1 0 0.7700 0 0 0 0.0000 0.9100
5 75.9614 119.5233 1 1 3 1 0.7168 0 0 0 0.0000 0.9100
5 102.1550 55.7520 3 3 2 1 0.2627 0 0 0 0.0000 0.9100
5 88.9518 121.9229 2 2 2 1 0.4528 1 0 0 0.0000 0.9100
5 135.2789 131.4748 4 4 1 1 0.6939 0 0 0 0.0000 0.9100
5 114.5281 61.5265 3 2 2 0 0.7347 1 0 0 0.0000 0.9100
5 94.1701 78.6328 3 1 2 0 0.5371 0 0 0 0.0000 0.9100
5 110.4242 97.2032 4 3 3 0 0.6070 1 0 0 0.0000 0.9100
5 102.0303 55.2700 3 2 4 0 0.6142 0 0 0 0.0000 0.9100
5 133.6930 86.1741 4 3 1 0 0.3022 0 0 0 0.0000 0.9100
5 101.5544 85.0108 3 1 2 0 0.2866 0 0 0 0.0000 0.9100
5 125.4167 88.3572 4 2 3 0 0.2705 0 0 0 0.0000 0.9100
5 136.3717 93.2697 4 1 1 0 0.3485 1 0 0 0.0000 0.9100
5 87.7432 121.7098 2 3 1 0 0.8929 0 0 0 0.0000 0.9100
5 96.6394 63.9314 3 3 1 1 0.8605 0 0 0 0.0000 0.9100
5 127.7061 107.1893 4 2 4 0 0.6990 0 0 0 0.0000 0.9100
5 107.6564 76.9826 3 1 3 0 0.6444 0 0 0 0.0000 0.9100
5 81.9811 122.2044 2 2 2 1 1.3583 1 0 0 0.0000 0.9100
6 140.9303 83.2723 4 3 1 0 1.2104 0 0 0 0.0000 0.9100
6 118.2760 134.3861 2 1 1 0 0.7238 1 0 0 0.0000 0.9100
6 73.6090 100.0768 1 2 4 0 0.5747 0 0 0 0.0000 0.9100
6 95.7718 76.3855 3 3 4 1 0.4705 0 0 0 0.0000 0.9100
6 123.5472 93.8877 4 4 4 1 0.2659 1 0 0 0.0000 0.9100
6 87.9524 84.3511 1 3 2 0 0.8081 0 0 0 0.0000 0.9100
6 109.8880 115.3438 2 2 3 1 0.8532 0 0 0 0.0000 0.9100
6 132.4728 91.2742 4 2 2 0 0.7081 1 0 0 0.0000 0.9100
6 106.6255 68.2164 3 1 3 0 0.7348 0 0 0 0.0000 0.9100
6 127.1002 108.3619 4 3 4 0 0.3308 0 0 0 0.0000 0.9100
6 75.9152 124.9741 1 3 1 0 0.7488 0 0 0 0.0000 0.9100
6 92.5923 132.0602 2 2 4 1 0.7455 0 0 0 0.0000 0.9100
6 63.8100 110.5574 1 1 1 1 0.8363 1 0 0 0.0000 0.9100
6 100.2628 126.5816 2 4 1 0 0.9159 0 0 0 0.0000 0.9100
6 122.1147 103.2817 4 2 2 0 0.3412 1 0 0 0.0000 0.9100
6 104.4554 125.8732 2 1 4 0 0.3090 0 0 0 0.0000 0.9100
6 77.5715 109.9897 1 4 4 0 0.2130 1 0 0 0.0000 0.9100
6 121.8181 81.1996 4 3 4 0 0.1950 0 0 0 0.0000 0.9100
6 63.4951 112.7103 1 2 2 0 0.3042 1 0 0 0.0000 0.9100
6 107.4212 77.5781 3 1 2 0 0.2706 0 0 0 0.0000 0.9100
6 80.1687 102.4136 1 2 1 0 0.3021 0 0 0 0.0000 0.9100
6 136.0329 94.3559 4 3 1 0 0.3969 0 0 0 0.0000 0.9100
6 88.8389 138.9016 2 4 4 0 0.2720 1 0 0 0.0000 0.9100
6 51.4384 108.5347 1 1 2 1 0.3196 0 0 0 0.0000 0.9100
6 96.0948 76.7071 3 2 3 0 0.3526 0 0 0 0.0000 0.9100
6 137.7972 100.4247 4 4 4 1 0.9630 1 0 0 0.0000 0.9100
6 134.5390 105.2827 4 3 2 0 0.2434 0 0 0 0.0000 0.9100
6 103.8039 134.0234 2 1 1 0 0.1952 1 0 0 0.0000 0.9100
6 92.6224 121.3498 2 2 3 1 0.3853 0 0 0 0.0000 0.9100
6 99.8400 81.4098 3 1 3 0 0.4022 0 0 0 0.0000 0.9100
6 105.4858 142.3728 2 3 3 0 0.2298 1 0 0 0.0000 0.9100
6 85.7585 122.9180 2 4 1 0 0.3085 0 0 0 0.0000 0.9100
6 95.8101 77.8261 3 3 4 1 0.0377 0 0 0 0.0000 0.9100
6 66.9838 90.4158 1 1 4 1 0.5913 0 0 0 0.0000 0.9100
6 105.3469 62.1127 3 3 4 1 0.9360 0 0 0 0.0000 0.9100
6 85.5099 78.3823 3 1 1 0 0.2173 1 0 0 0.0000 0.9100
6 130.1129 92.5924 4 2 1 0 0.3450 0 0 0 0.0000 0.9100
6 120.7779 94.1121 4 4 2 1 0.4735 0 0 0 0.0000 0.9100
6 57.9441 87.1006 1 2 1 0 1.2142 0 0 0 0.0000 0.9100
6 81.4458 97.6135 1 3 4 0 1.4603 0 0 0 0.0000 0.9100
6 89.3754 80.2530 3 4 1 0 0.3530 0 0 0 0.0000 0.9100
6 73.7486 110.4400 1 1 1 1 0.2439 1 0 0 0.0000 0.9100
6 109.2279 139.7944 2 3 2 0 0.2442 0 0 0 0.0000 0.9100
6 98.2771 121.0598 2 4 3 0 0.8518 0 0 0 0.0000 0.9100
6 113.0291 96.0229 4 1 3 0 2.4367 0 0 0 0.0000 0.9100
6 113.3018 55.9921 3 2 1 0 0.2716 0 0 0 0.0000 0.9100
6 90.9948 70.2116 3 2 4 0 0.0631 0 0 0 0.0000 0.9100
6 98.1793 69.0923 3 1 2 0 0.2962 0 0 0 0.0000 0.9100
6 95.8447 83.3202 3 2 2 0 0.2796 1 0 0 0.0000 0.9100
6 123.6157 140.5805 2 3 1 0 0.2459 0 0 0 0.0000 0.9100
6 64.8654 97.4523 1 4 4 0 0.2593 1 0 0 0.0000 0.9100
6 136.7401 101.5012 4 2 1 0 0.2254 0 0 0 0.0000 0.9100
6 138.1587 109.2010 4 4 3 1 0.4146 0 0 0 0.0000 0.9100
6 99.8686 69.5788 3 2 1 0 0.9282 0 0 0 0.0000 0.9100
6 73.9319 114.8849 1 4 2 0 0.2409 0 0 0 0.0000 0.9100
6 81.3311 81.8530 1 4 1 0 0.3013 0 0 0 0.0000 0.9100
6 94.5967 82.4114 3 1 1 0 0.2677 1 0 0 0.0000 0.9100
6 61.1240 86.3064 1 1 1 1 0.4109 1 0 0 0.0000 0.9100
6 103.5842 78.5183 3 3 3 1 0.7177 1 0 0 0.0000 0.9100
6 133.6609 106.8919 4 2 1 0 0.6952 0 0 0 0.0000 0.9100
6 57.3956 106.8825 1 1 2 1 0.7515 0 0 0 0.0000 0.9100
6 98.2208 65.4573 3 3 3 1 0.3804 1 0 0 0.0000 0.9100
6 77.0293 88.6312 1 2 2 0 0.3503 1 0 0 0.0000 0.9100
6 125.3780 93.6617 4 4 2 1 0.3047 0 0 0 0.0000 0.9100
6 146.6449 104.1139 4 2 4 0 0.4652 0 0 0 0.0000 0.9100
6 101.1053 71.3264 3 4 2 0 0.2919 0 0 0 0.0000 0.9100
6 111.7206 105.1756 4 3 4 0 0.4663 0 0 0 0.0000 0.9100
6 64.3651 104.8376 1 1 4 1 0.3266 0 0 0 0.0000 0.9100
6 102.5889 83.5736 3 2 2 0 0.3587 1 0 0 0.0000 0.9100
6 140.1412 112.9269 4 3 4 0 0.4709 0 0 0 0.0000 0.9100
6 95.9106 133.0822 2 4 2 0 1.0669 0 0 0 0.0000 0.9100
6 109.0777 102.4331 4 1 1 0 0.3831 1 0 0 0.0000 0.9100
6 125.3602 108.8345 4 2 1 0 0.4813 0 0 0 0.0000 0.9100
6 138.9301 102.8864 4 3 2 0 0.2941 0 0 0 0.0000 0.9100
6 88.5654 90.1056 1 1 4 1 0.2461 0 0 0 0.0000 0.9100
6 110.5923 67.3542 3 2 4 0 0.0372 0 0 0 0.0000 0.9100
6 105.9102 134.8433 2 2 1 1 0.2380 0 0 0 0.0000 0.9100
6 95.9064 128.1414 2 3 3 0 0.2040 1 0 0 0.0000 0.9100
6 125.8238 82.1636 4 2 3 0 0.7630 0 0 0 0.0000 0.9100
6 91.9341 128.1148 2 3 3 0 0.3422 1 0 0 0.0000 0.9100
6 109.4239 76.8451 3 3 4 1 0.7741 0 0 0 0.0000 0.9100
6 102.9168 122.0853 2 3 4 0 0.4362 0 0 0 0.0000 0.9100
6 83.5518 92.8667 1 2 3 0 0.6013 0 0 0 0.0000 0.9100
6 68.7974 98.9162 1 1 2 1 0.3537 0 0 0 0.0000 0.9100
6 94.4813 130.1834 2 4 3 0 0.3228 0 0 0 0.0000 0.9100
6 121.0435 119.9764 2 2 2 1 0.5789 1 0 0 0.0000 0.9100
6 81.6602 102.3989 1 1 2 1 0.8425 0 0 0 0.0000 0.9100
6 132.7261 92.5790 4 2 4 0 0.2479 0 0 0 0.0000 0.9100
6 92.9690 69.1337 3 2 3 0 0.5829 0 0 0 0.0000 0.9100
6 91.6309 131.5931 2 2 4 1 0.8776 0 0 0 0.0000 0.9100
6 93.3553 104.9840 1 4 1 0 0.5083 0 0 0 0.0000 0.9100
6 63.8999 101.5863 1 2 4 0 0.3861 0 0 0 0.0000 0.9100
6 103.8216 160.6784 2 2 3 1 0.5329 0 0 0 0.0000 0.9100
6 111.1747 126.9010 2 2 2 1 0.6825 1 0 0 0.0000 0.9100
6 89.8963 132.1882 2 1 3 0 1.3155 0 0 0 0.0000 0.9100
6 102.1152 59.2238 3 2 4 0 0.7180 0 0 0 0.0000 0.9100
6 116.7455 95.2483 4 2 1 0 0.7287 0 0 0 0.0000 0.9100
6 103.3200 134.0606 2 2 3 1 0.8035 0 0 0 0.0000 0.9100
6 106.2040 62.1277 3 2 3 0 0.7039 0 0 0 0.0000 0.9100
6 108.8308 89.4585 3 2 2 0 0.5047 1 0 0 0.0000 0.9100
7 92.9462 88.1557 3 3 0 1 3.6742 1 1 0 0.0000 0.9100
7 82.0931 84.7054 1 3 0 0 1.1366 0 1 0 0.0000 0.9100
7 132.4578 93.5496 4 2 0 0 0.4697 0 1 0 0.0000 0.9100
7 100.6753 135.6078 2 4 0 0 0.3780 0 1 0 0.0000 0.9100
7 108.7611 66.5369 3 1 0 0 1.9292 0 1 0 0.0000 0.9100
7 137.0804 110.1187 4 4 0 1 1.1068 1 1 0 0.0000 0.9100
7 130.3035 108.1081 4 2 0 0 0.5828 0 1 0 0.0000 0.9100
7 79.3083 92.6669 1 1 0 1 0.3016 1 1 0 0.0000 0.9100
7 88.4604 132.3513 2 4 0 0 0.3809 0 1 0 0.0000 0.9100
7 135.3254 107.9271 4 1 0 0 0.6060 0 1 0 0.0000 0.9100
7 74.4528 101.6761 1 3 0 0 0.2936 0 1 0 0.0000 0.9100
7 98.0313 85.9155 3 2 0 0 0.5987 0 1 0 0.0000 0.9100
7 78.4511 105.1860 1 1 0 1 0.4467 1 1 0 0.0000 0.9100
7 73.2713 112.1859 1 4 0 0 0.5631 0 1 0 0.0000 0.9100
7 129.5553 104.7185 4 3 0 0 0.3462 0 1 0 0.0000 0.9100
7 116.8400 79.5157 3 1 0 0 1.2110 0 1 0 0.0000 0.9100
7 103.9174 117.3660 2 2 0 1 0.0673 1 1 0 0.0000 0.9100
7 84.9137 90.1487 3 3 0 1 0.7181 1 1 0 0.0000 0.9100
7 98.5767 125.9519 2 2 0 1 0.6014 1 1 0 0.0000 0.9100
7 117.3649 99.6703 4 3 0 0 0.8337 0 1 0 0.0000 0.9100
7 105.5620 113.2681 2 2 0 1 0.9122 1 1 0 0.0000 0.9100
7 106.9555 129.7324 2 2 0 1 0.4001 1 1 0 0.0000 0.9100
7 136.6758 89.3931 4 4 0 1 1.2818 1 1 0 0.0000 0.9100
7 127.5829 95.3633 4 2 0 0 0.5212 0 1 0 0.0000 0.9100
7 97.3913 130.7559 2 1 0 0 0.3031 0 1 0 0.0000 0.9100
7 143.6517 112.9284 4 3 0 0 0.1432 0 1 0 0.0000 0.9100
7 112.2636 78.2404 3 4 0 0 0.2999 0 1 0 0.0000 0.9100
7 129.2816 110.8507 4 1 0 0 0.2503 0 1 0 0.0000 0.9100
7 77.9959 133.3717 2 4 0 0 0.4247 0 1 0 0.0000 0.9100
7 89.6134 63.6083 3 2 0 0 0.6836 0 1 0 0.0000 0.9100
7 84.0640 104.1338 1 4 0 0 0.4545 0 1 0 0.0000 0.9100
7 73.6712 95.8782 1 3 0 0 1.0494 0 1 0 0.0000 0.9100
7 69.0852 87.0812 1 2 0 0 0.5730 0 1 0 0.0000 0.9100
7 84.6467 111.4268 1 1 0 1 0.3086 1 1 0 0.0000 0.9100
7 116.4688 89.7162 4 4 0 1 0.4041 1 1 0 0.0000 0.9100
7 83.5111 127.4984 2 2 0 1 0.5825 1 1 0 0.0000 0.9100
7 134.6237 92.0509 4 4 0 1 0.6221 1 1 0 0.0000 0.9100
7 70.9591 107.6042 1 1 0 1 0.7573 1 1 0 0.0000 0.9100
7 116.8181 91.3350 3 2 0 0 0.8972 0 1 0 0.0000 0.9100
7 124.2482 90.8835 4 1 0 0 0.5601 0 1 0 0.0000 0.9100
7 108.3587 74.9542 3 3 0 1 0.3420 1 1 0 0.0000 0.9100
7 103.0627 66.6268 3 4 0 0 0.3744 0 1 0 0.0000 0.9100
7 90.3402 116.8999 1 1 0 1 0.2952 1 1 0 0.0000 0.9100
7 88.9286 109.5578 2 2 0 1 0.4871 1 1 0 0.0000 0.9100
7 82.2037 101.0427 1 1 0 1 0.3157 1 1 0 0.0000 0.9100
7 80.3229 104.6976 1 1 0 1 0.5887 1 1 0 0.0000 0.9100
7 94.8763 128.9719 2 2 0 1 0.9798 1 1 0 0.0000 0.9100
7 77.9282 100.4959 1 3 0 0 0.8218 0 1 0 0.0000 0.9100
7 88.9110 106.8961 1 4 0 0 0.2910 0 1 0 0.0000 0.9100
7 128.9701 121.7062 4 1 0 0 0.1953 0 1 0 0.0000 0.9100
7 113.7865 95.2948 3 2 0 0 0.2414 0 1 0 0.0000 0.9100
7 101.0772 80.8251 3 2 0 0 0.3373 0 1 0 0.0000 0.9100
7 101.7707 60.4127 3 3 0 1 0.5797 1 1 0 0.0000 0.9100
7 71.1848 108.2609 1 3 0 0 0.6367 0 1 0 0.0000 0.9100
7 142.5410 96.0239 4 1 0 0 0.3120 0 1 0 0.0000 0.9100
7 123.1581 86.3214 3 2 0 0 0.3938 0 1 0 0.0000 0.9100
7 131.2149 122.0328 4 4 0 1 0.3172 1 1 0 0.0000 0.9100
7 140.3759 105.7105 4 2 0 0 0.4628 0 1 0 0.0000 0.9100
7 90.2632 82.8812 3 4 0 0 0.3564 0 1 0 0.0000 0.9100
7 134.4524 99.3927 4 2 0 0 0.3267 0 1 0 0.0000 0.9100
7 78.5336 135.8575 2 4 0 0 0.1997 0 1 0 0.0000 0.9100
7 86.3785 114.4504 1 3 0 0 0.6618 0 1 0 0.0000 0.9100
7 135.9208 94.1744 4 1 0 0 0.3213 0 1 0 0.0000 0.9100
7 71.0004 111.1560 1 2 0 0 0.2585 0 1 0 0.0000 0.9100
7 91.4105 93.8808 3 4 0 0 0.2573 0 1 0 0.0000 0.9100
7 101.7032 60.1956 3 3 0 1 0.3858 1 1 0 0.0000 0.9100
7 106.3990 126.8403 2 2 0 1 0.3252 1 1 0 0.0000 0.9100
7 95.5324 124.7046 2 1 0 0 0.4069 0 1 0 0.0000 0.9100
7 100.4483 55.0481 3 3 0 1 0.2826 1 1 0 0.0000 0.9100
7 87.3270 119.1106 2 2 0 1 0.6513 1 1 0 0.0000 0.9100
7 96.2624 137.6255 2 4 0 0 0.9804 0 1 0 0.0000 0.9100
7 124.5032 78.1772 4 1 0 0 0.3099 0 1 0 0.0000 0.9100
7 88.7273 138.5179 2 1 0 0 0.4704 0 1 0 0.0000 0.9100
7 103.4128 73.7752 3 3 0 1 0.0289 1 1 0 0.0000 0.9100
7 89.9558 64.8627 3 2 0 0 0.6936 0 1 0 0.0000 0.9100
7 91.6651 129.7944 2 2 0 1 0.7034 1 1 0 0.0000 0.9100
7 90.9880 115.6455 2 4 0 0 0.5695 0 1 0 0.0000 0.9100
7 110.4730 86.6673 3 4 0 0 0.9123 0 1 0 0.0000 0.9100
7 74.0931 102.4500 1 4 0 0 0.7839 0 1 0 0.0000 0.9100
7 65.6660 89.5178 1 1 0 1 0.4127 1 1 0 0.0000 0.9100
7 84.2333 137.9453 2 2 0 1 0.6879 1 1 0 0.0000 0.9100
7 86.8404 95.0285 3 3 0 1 0.5047 1 1 0 0.0000 0.9100
7 126.7152 117.4950 4 4 0 1 0.4454 1 1 0 0.0000 0.9100
7 100.2263 73.7651 3 3 0 1 0.8641 1 1 0 0.0000 0.9100
7 109.4130 86.6045 3 2 0 0 0.6230 0 1 0 0.0000 0.9100
7 80.1447 103.8121 1 3 0 0 0.7441 0 1 0 0.0000 0.9100
7 114.0260 71.2138 3 1 0 0 0.3237 0 1 0 0.0000 0.9100
7 92.5239 112.3685 2 4 0 0 0.2908 0 1 0 0.0000 0.9100
7 125.7579 107.7674 4 3 0 0 0.2592 0 1 0 0.0000 0.9100
7 99.0396 118.4244 2 2 0 1 0.2588 1 1 0 0.0000 0.9100
7 108.7283 146.0765 2 1 0 0 0.2576 0 1 0 0.0000 0.9100
7 107.3234 140.2796 2 2 0 1 0.0640 1 1 0 0.0000 0.9100
7 91.8763 91.1651 1 4 0 0 0.2176 0 1 0 0.0000 0.9100
7 80.0384 101.4079 1 3 0 0 0.3640 0 1 0 0.0000 0.9100
7 93.4160 96.6826 1 2 0 0 0.4628 0 1 0 0.0000 0.9100
7 119.6669 98.9626 4 1 0 0 1.1059 0 1 0 0.0000 0.9100
7 91.7822 124.1051 2 3 0 0 0.5031 0 1 0 0.0000 0.9100
7 68.4902 100.3769 1 1 0 1 0.3006 1 1 0 0.0000 0.9100
7 131.7155 99.7142 4 4 0 1 0.3490 1 1 0 0.0000 0.9100
7 135.3313 94.3023 4 2 0 0 0.3190 0 1 0 0.0000 0.9100
8 93.8110 81.9111 3 3 0 1 1.4823 1 1 0 0.0000 0.9100
8 107.8802 133.4480 2 3 0 0 0.3310 0 1 0 0.0000 0.9100
8 137.4330 97.0950 4 4 0 1 1.8673 1 1 0 0.0000 0.9100
8 68.0811 97.2900 1 3 0 0 0.2905 0 1 0 0.0000 0.9100
8 108.9143 79.3603 3 3 0 1 0.5789 1 1 0 0.0000 0.9100
8 133.9500 86.6055 4 3 0 0 0.1709 0 1 0 0.0000 0.9100
8 94.7207 105.7847 2 3 0 0 0.4885 0 1 0 0.0000 0.9100
8 92.8701 115.4010 2 4 0 0 0.7652 0 1 0 0.0000 0.9100
8 93.9370 62.4624 3 4 0 0 2.2175 0 1 0 0.0000 0.9100
8 96.1304 74.5303 3 3 0 1 0.3787 1 1 0 0.0000 0.9100
8 115.8688 77.2415 3 1 0 0 1.1816 0 1 0 0.0000 0.9100
8 107.2683 82.1691 3 2 0 0 0.2442 0 1 0 0.0000 0.9100
8 138.9077 109.0262 4 1 0 0 0.4027 0 1 0 0.0000 0.9100
8 68.2180 104.2906 1 3 0 0 0.3575 0 1 0 0.0000 0.9100
8 135.8998 87.2633 4 4 0 1 0.7278 1 1 0 0.0000 0.9100
8 89.6707 66.7162 3 3 0 1 0.4515 1 1 0 0.0000 0.9100
8 88.9087 58.4290 3 1 0 0 0.6497 0 1 0 0.0000 0.9100
8 97.3704 74.7911 3 2 0 0 0.3550 0 1 0 0.0000 0.9100
8 64.4745 77.5333 1 3 0 0 0.5002 0 1 0 0.0000 0.9100
8 94.5770 65.3457 3 2 0 0 0.2989 0 1 0 0.0000 0.9100
8 63.4358 97.9667 1 4 0 0 0.0112 0 1 0 0.0000 0.9100
8 91.6975 118.6216 2 1 0 0 0.2934 0 1 0 0.0000 0.9100
8 114.0655 154.3119 2 3 0 0 0.4049 0 1 0 0.0000 0.9100
8 137.3462 113.9915 4 2 0 0 0.2968 0 1 0 0.0000 0.9100
8 64.7926 86.6726 1 4 0 0 1.0647 0 1 0 0.0000 0.9100
8 107.6510 124.9763 2 1 0 0 0.2855 0 1 0 0.0000 0.9100
8 116.1249 104.1484 4 3 0 0 0.5423 0 1 0 0.0000 0.9100
8 128.0394 100.6980 4 1 0 0 0.2792 0 1 0 0.0000 0.9100
8 76.8107 106.3702 1 2 0 0 0.9191 0 1 0 0.0000 0.9100
8 96.4923 64.0008 3 3 0 1 0.1506 1 1 0 0.0000 0.9100
8 73.1696 85.1931 1 4 0 0 0.9487 0 1 0 0.0000 0.9100
8 105.3527 58.0847 3 2 0 0 0.4990 0 1 0 0.0000 0.9100
8 136.6960 85.7850 4 1 0 0 1.5446 0 1 0 0.0000 0.9100
8 104.5617 56.6949 3 1 0 0 3.5124 0 1 0 0.0000 0.9100
8 113.1897 81.5377 4 1 0 0 1.9472 0 1 0 0.0000 0.9100
8 140.5597 95.9058 4 2 0 0 4.6610 0 1 0 0.0000 0.9100
8 97.4285 121.9249 2 1 0 0 1.6681 0 1 0 0.0000 0.9100
8 39.4733 74.9602 1 2 0 0 2.2467 0 1 0 0.0000 0.9100
8 106.4592 68.8722 3 2 0 0 5.3533 0 1 0 0.0000 0.9100
8 122.8224 101.7694 4 1 0 0 2.2350 0 1 0 0.0000 0.9100
8 129.6425 91.9746 4 2 0 0 3.4854 0 1 0 0.0000 0.9100
8 116.6820 143.1406 2 1 0 0 0.3986 0 1 0 0.0000 0.9100
8 86.3858 114.7453 1 1 0 1 0.3206 1 1 0 0.0000 0.9100
8 125.0520 99.4714 4 1 0 0 18.9119 0 1 0 0.0000 0.9100
8 109.0160 110.1222 4 2 0 0 0.1880 0 1 0 0.0000 0.9100
8 114.2944 103.6657 4 3 0 0 0.5360 0 1 0 0.0000 0.9100
8 132.5168 79.3665 4 3 0 0 0.2519 0 1 0 0.0000 0.9100
8 123.0373 92.7710 4 1 0 0 0.0095 0 1 0 0.0000 0.9100
8 105.3690 62.3515 3 2 0 0 0.2579 0 1 0 0.0000 0.9100
8 90.7772 75.4578 3 1 0 0 0.3523 0 1 0 0.0000 0.9100
8 83.8468 132.1807 2 2 0 1 0.2903 1 1 0 0.0000 0.9100
8 107.9136 64.3814 3 2 0 0 0.2886 0 1 0 0.0000 0.9100
8 106.8346 93.8795 4 1 0 0 0.4802 0 1 0 0.0000 0.9100
8 93.3909 63.3240 3 2 0 0 0.2766 0 1 0 0.0000 0.9100
8 53.1331 82.5922 1 4 0 0 0.0182 0 1 0 0.0000 0.9100
8 92.9046 122.1020 2 2 0 1 0.1555 1 1 0 0.0000 0.9100
8 76.5329 94.4930 1 2 0 0 0.2949 0 1 0 0.0000 0.9100
8 92.9179 131.8423 2 1 0 0 0.2945 0 1 0 0.0000 0.9100
8 87.6377 87.8999 1 2 0 0 0.2465 0 1 0 0.0000 0.9100
8 75.2236 88.3775 1 1 0 1 0.2764 1 1 0 0.0000 0.9100
8 100.6615 138.9520 2 2 0 1 0.2916 1 1 0 0.0000 0.9100
8 90.9566 126.3451 2 2 0 1 0.3236 1 1 0 0.0000 0.9100
8 94.8067 71.0829 3 2 0 0 0.2452 0 1 0 0.0000 0.9100
8 104.9786 107.9879 2 2 0 1 0.4691 1 1 0 0.0000 0.9100
8 89.2050 134.1374 2 2 0 1 0.2499 1 1 0 0.0000 0.9100
8 109.9944 128.7132 2 2 0 1 0.2648 1 1 0 0.0000 0.9100
8 105.4727 122.0417 2 2 0 1 0.1031 1 1 0 0.0000 0.9100
8 85.8959 100.2280 1 2 0 0 0.2584 0 1 0 0.0000 0.9100
8 132.7079 98.4518 4 2 0 0 0.2250 0 1 0 0.0000 0.9100
8 79.3883 101.9495 1 2 0 0 0.2714 0 1 0 0.0000 0.9100
8 129.4118 107.4261 4 4 0 1 0.1588 1 1 0 0.0000 0.9100
8 122.5304 84.5825 4 4 0 1 0.2033 1 1 0 0.0000 0.9100
8 90.7274 115.0446 2 4 0 0 0.5678 0 1 0 0.0000 0.9100
8 129.6642 100.7962 4 4 0 1 1.0073 1 1 0 0.0000 0.9100
8 98.4903 82.6266 3 4 0 0 0.3053 0 1 0 0.0000 0.9100
8 133.6424 103.4671 4 4 0 1 0.0965 1 1 0 0.0000 0.9100
8 107.1687 132.0388 2 4 0 0 0.5873 0 1 0 0.0000 0.9100
8 98.0288 118.9963 2 4 0 0 0.1464 0 1 0 0.0000 0.9100
8 67.3771 101.2090 1 4 0 0 0.2716 0 1 0 0.0000 0.9100
8 82.9756 154.2510 2 4 0 0 0.1961 0 1 0 0.0000 0.9100
8 73.3303 105.7902 1 4 0 0 1.6628 0 1 0 0.0000 0.9100
8 139.8791 103.1183 4 4 0 1 1.2975 1 1 0 0.0000 0.9100
8 111.5165 115.1448 2 4 0 0 1.1947 0 1 0 0.0000 0.9100
8 65.6183 91.4331 1 4 0 0 0.5298 0 1 0 0.0000 0.9100
8 108.5905 150.0014 2 4 0 0 0.3434 0 1 0 0.0000 0.9100
8 101.3815 73.0170 3 4 0 0 1.2239 0 1 0 0.0000 0.9100
8 87.4036 103.1563 1 4 0 0 0.7822 0 1 0 0.0000 0.9100
8 58.3275 73.3529 1 4 0 0 0.2813 0 1 0 0.0000 0.9100
8 72.1357 96.4958 1 4 0 0 0.3282 0 1 0 0.0000 0.9100
8 105.0474 72.4231 3 4 0 0 0.3113 0 1 0 0.0000 0.9100
8 109.5893 66.1443 3 4 0 0 0.0069 0 1 0 0.0000 0.9100
8 60.3511 114.3077 1 4 0 0 8.0933 0 1 0 0.0000 0.9100
8 90.4904 90.7713 1 4 0 0 0.3401 0 1 0 0.0000 0.9100
8 88.1573 69.8247 3 4 0 0 0.3556 0 1 0 0.0000 0.9100
8 74.2690 85.7949 1 4 0 0 0.0023 0 1 0 0.0000 0.9100
8 104.7658 137.1957 2 4 0 0 21.5759 0 1 0 0.0000 0.9100
8 65.5740 101.7929 1 4 0 0 0.2329 0 1 0 0.0000 0.9100
8 123.5975 102.7674 4 4 0 1 11.8454 1 1 0 0.0000 0.9100
8 114.6830 141.2372 2 4 0 0 0.2993 0 1 0 0.0000 0.9100
8 86.6962 51.7089 3 4 0 0 0.2332 0 1 0 0.0000 0.9100
9 105.2155 124.7106 2 4 0 0 1.7383 0 1 0 0.0000 0.9100
9 72.0866 111.0079 1 3 0 0 1.4003 0 1 0 0.0000 0.9100
9 90.4349 136.3736 2 1 0 0 0.3867 0 1 0 0.0000 0.9100
9 100.1946 133.4809 2 2 0 1 0.2295 1 1 0 0.0000 0.9100
9 75.4131 94.6944 1 2 0 0 0.3866 0 1 0 0.0000 0.9100
9 117.2242 127.3864 2 3 0 0 0.1966 0 1 0 0.0000 0.9100
9 104.7419 95.8541 4 2 0 0 0.5626 0 1 0 0.0000 0.9100
9 107.4892 144.6437 2 4 0 0 0.2802 0 1 0 0.0000 0.9100
9 91.9709 124.1509 2 2 0 1 0.3281 1 1 0 0.0000 0.9100
9 69.9645 86.5683 1 3 0 0 0.2965 0 1 0 0.0000 0.9100
9 94.2845 48.6109 3 1 0 0 0.6013 0 1 0 0.0000 0.9100
9 91.9884 65.8295 3 2 0 0 0.3369 0 1 0 0.0000 0.9100
9 100.5643 73.9713 3 4 0 0 0.4649 0 1 0 0.0000 0.9100
9 74.8396 110.4062 1 3 0 0 0.3420 0 1 0 0.0000 0.9100
9 84.9633 129.4892 2 4 0 0 0.2300 0 1 0 0.0000 0.9100
9 75.8624 81.3255 1 3 0 0 0.2620 0 1 0 0.0000 0.9100
9 127.5453 108.7529 4 3 0 0 0.4220 0 1 0 0.0000 0.9100
9 107.5802 141.2795 2 4 0 0 0.4411 0 1 0 0.0000 0.9100
9 72.5890 103.3064 1 4 0 0 0.3179 0 1 0 0.0000 0.9100
9 62.3993 88.2892 1 4 0 0 1.1511 0 1 0 0.0000 0.9100
9 78.2750 98.0735 1 3 0 0 3.5097 0 1 0 0.0000 0.9100
9 70.1847 112.6640 1 1 0 1 0.1699 1 1 0 0.0000 0.9100
9 102.5619 50.8807 3 2 0 0 1.3990 0 1 0 0.0000 0.9100
9 133.2758 109.7255 4 1 0 0 0.5630 0 1 0 0.0000 0.9100
9 94.4080 49.6970 3 1 0 0 0.4893 0 1 0 0.0000 0.9100
9 124.7199 97.3623 4 1 0 0 0.3818 0 1 0 0.0000 0.9100
9 132.9935 87.5063 4 1 0 0 1.1521 0 1 0 0.0000 0.9100
9 92.0338 75.2069 3 2 0 0 0.5021 0 1 0 0.0000 0.9100
9 124.4834 113.4982 4 1 0 0 1.2112 0 1 0 0.0000 0.9100
9 70.7976 95.5266 1 1 0 1 0.5952 1 1 0 0.0000 0.9100
9 121.7999 103.9522 4 1 0 0 0.6504 0 1 0 0.0000 0.9100
9 110.6893 65.7843 3 1 0 0 0.0676 0 1 0 0.0000 0.9100
9 135.8160 105.1594 4 2 0 0 0.3496 0 1 0 0.0000 0.9100
9 113.0652 114.0933 2 2 0 1 0.1428 1 1 0 0.0000 0.9100
9 116.7106 100.2723 4 1 0 0 0.3143 0 1 0 0.0000 0.9100
9 102.0468 85.1780 3 1 0 0 0.2983 0 1 0 0.0000 0.9100
9 76.5790 100.0855 1 2 0 0 0.5059 0 1 0 0.0000 0.9100
9 80.0327 125.0308 2 2 0 1 1.1498 1 1 0 0.0000 0.9100
9 58.4333 101.9441 1 1 0 1 1.2042 1 1 0 0.0000 0.9100
9 129.2654 80.7698 4 1 0 0 0.3945 0 1 0 0.0000 0.9100
9 101.1719 119.2859 2 1 0 0 0.2051 0 1 0 0.0000 0.9100
9 105.9622 87.7261 3 2 0 0 0.0105 0 1 0 0.0000 0.9100
9 107.2509 127.7588 2 2 0 1 0.3554 1 1 0 0.0000 0.9100
9 111.2919 71.9448 3 2 0 0 0.3245 0 1 0 0.0000 0.9100
9 118.0005 110.7687 4 3 0 0 0.3601 0 1 0 0.0000 0.9100
9 124.0074 108.1929 4 3 0 0 0.4408 0 1 0 0.0000 0.9100
9 125.4987 91.7156 4 3 0 0 0.3012 0 1 0 0.0000 0.9100
9 83.2440 87.2348 3 1 0 0 1.5175 0 1 0 0.0000 0.9100
9 110.6129 128.7154 2 3 0 0 0.2868 0 1 0 0.0000 0.9100
9 83.6900 97.7592 1 1 0 1 0.3831 1 1 0 0.0000 0.9100
