1 106.8346 93.8795 4 4 1 1 0 2.4297 0 1
1 86.0869 61.6301 4 3 2 1 0 1.3483 0 1
1 97.6917 64.1212 4 3 3 1 1 0.4916 1 1
1 107.7046 80.5418 3 3 3 1 1 0.7950 1 1
1 117.2038 70.5478 4 3 3 1 1 2.0026 1 1
1 70.8464 89.2329 1 1 4 1 0 3.5748 0 1
1 75.8624 81.3255 1 1 3 1 0 0.4002 0 1
1 132.4728 91.2742 3 4 1 1 0 1.3569 0 1
1 120.2761 123.7163 4 2 3 1 0 1.3618 0 1
1 103.4156 75.8864 1 3 2 1 0 0.4851 0 1
1 103.0445 133.7577 1 2 1 1 0 1.5903 0 1
1 94.4599 89.8636 4 3 3 1 1 0.4172 1 1
1 70.9591 107.6042 3 1 3 1 0 0.7511 0 1
1 72.5890 103.3064 1 1 4 1 0 0.7405 0 1
1 127.8129 85.9738 3 4 3 1 0 0.5056 0 1
1 104.3017 71.1701 4 3 3 1 1 0.6173 1 1
1 101.6947 71.4132 1 3 3 1 1 0.8114 1 1
1 88.7273 138.5179 3 2 2 1 1 0.8186 1 1
1 110.0655 62.6440 1 3 3 1 1 0.7481 1 1
1 109.9944 128.7132 4 2 2 1 1 0.5290 1 1
1 141.1648 118.9442 1 4 3 1 0 0.7553 0 1
1 116.7106 100.2723 4 4 3 1 0 0.7440 0 1
1 88.4604 132.3513 1 2 2 1 1 0.6207 1 1
1 75.4131 94.6944 2 1 3 1 0 1.1363 0 1
1 149.8503 85.6629 1 4 3 1 0 0.8310 0 1
1 91.9586 81.3687 1 3 3 1 1 0.8384 1 1
1 104.9284 74.3248 4 3 3 1 1 0.8136 1 1
1 105.5005 79.1120 3 3 3 1 1 0.7235 1 1
1 68.4902 100.3769 3 1 3 1 0 0.7288 0 1
1 104.4290 118.4309 1 2 3 1 0 0.6063 0 1
1 98.2988 66.6219 3 3 3 1 1 0.6563 1 1
1 94.9339 58.1167 1 3 3 1 1 0.6600 1 1
1 136.6643 105.0332 1 4 1 1 0 0.9034 0 1
1 81.6602 102.3989 4 1 4 1 0 1.1042 0 1
1 131.5554 93.7477 2 4 3 1 0 0.5750 0 1
1 99.3557 122.9250 3 2 4 1 0 1.4087 0 1
1 80.5136 110.9438 4 1 2 1 0 1.7673 0 1
1 98.5304 129.2492 3 2 4 1 0 0.6466 0 1
1 97.0720 123.3270 3 2 2 1 1 0.6837 1 1
1 102.6554 124.9706 1 2 2 1 1 0.6892 1 1
1 112.8966 126.8406 4 2 1 1 0 1.8614 0 1
1 143.6140 95.9601 1 4 3 1 0 0.7098 0 1
1 107.4892 144.6437 4 2 2 1 1 0.8429 1 1
1 95.3532 130.8562 3 2 2 1 1 1.4596 1 1
1 111.1747 126.9010 1 2 2 1 1 0.6348 1 1
1 95.8447 83.3202 3 3 3 1 1 0.5591 1 1
1 54.5403 100.5869 2 1 1 1 1 2.1127 1 1
1 65.8822 90.4625 2 1 1 1 1 0.6152 1 1
1 81.1348 85.8898 1 1 1 1 1 0.6172 1 1
1 73.5563 72.2028 3 3 1 1 0 0.5239 0 1
1 138.9301 102.8864 3 4 2 1 0 1.4205 0 1
1 124.8673 94.9131 4 4 4 1 1 0.7065 1 1
1 94.3007 69.4132 2 3 3 1 1 1.4152 1 1
1 136.6960 85.7850 2 4 2 1 0 0.7319 0 1
1 116.4688 89.7162 1 4 4 1 1 0.5625 1 1
1 84.9633 129.4892 2 2 2 1 1 0.7093 1 1
1 130.4596 86.2393 1 4 4 1 1 0.6191 1 1
1 57.9441 87.1006 3 1 1 1 1 0.5103 1 1
1 70.1847 112.6640 2 1 2 1 0 0.7344 0 1
1 111.1157 67.1623 2 3 3 1 1 0.6435 1 1
1 105.5620 113.2681 1 2 3 1 0 1.8942 0 1
1 137.0168 95.2159 3 4 3 1 0 0.7595 0 1
1 128.3816 97.9748 1 4 4 1 1 2.4125 1 1
1 66.9838 90.4158 1 1 1 1 1 0.7617 1 1
1 105.3890 122.3535 2 2 2 1 1 0.5434 1 1
1 116.6119 107.6445 2 4 2 1 0 0.6407 0 1
1 95.8101 77.8261 1 3 1 1 0 0.7570 0 1
1 75.8619 108.5506 3 1 4 1 0 0.6821 0 1
1 116.6820 143.1406 3 2 2 1 1 0.8387 1 1
1 109.8880 115.3438 3 2 3 1 0 1.7279 0 1
1 76.3090 94.5660 2 1 1 1 1 1.7409 1 1
1 140.9303 83.2723 1 4 3 1 0 0.6191 0 1
1 126.4884 92.9181 4 4 4 1 1 0.6539 1 1
1 110.6129 128.7154 2 2 2 1 1 0.7225 1 1
1 89.6707 66.7162 3 3 1 1 0 0.8742 0 1
1 154.9917 97.4097 1 4 4 1 1 2.1002 1 1
1 67.6983 96.7664 2 1 1 1 1 1.5801 1 1
1 70.0570 97.8239 3 1 1 1 1 0.7113 1 1
1 107.6564 76.9826 1 3 3 1 1 0.9884 1 1
1 105.3690 62.3515 2 3 3 1 1 0.5358 1 1
1 99.5780 137.4124 2 2 2 1 1 0.6003 1 1
1 53.1331 82.5922 4 1 1 1 1 0.5395 1 1
1 95.0873 138.8186 1 2 4 1 0 0.4924 0 1
1 81.4458 97.6135 1 1 3 1 0 3.8526 0 1
1 125.7579 107.7674 3 4 3 1 0 0.9407 0 1
1 117.3649 99.6703 3 4 4 1 1 2.1986 1 1
1 136.7401 101.5012 1 4 4 1 1 0.4998 1 1
1 93.8110 81.9111 3 3 3 1 1 0.9163 1 1
1 107.8462 71.1292 4 3 3 1 1 0.6059 1 1
1 108.9143 79.3603 4 3 3 1 1 0.4956 1 1
1 54.7262 102.9481 1 1 1 1 1 0.6874 1 1
1 65.5740 101.7929 1 1 1 1 1 0.5480 1 1
1 108.1576 121.1709 3 2 2 1 1 0.8682 1 1
1 76.4013 95.2955 4 1 1 1 1 0.7970 1 1
1 97.8026 130.4800 2 2 2 1 1 0.7716 1 1
1 104.7057 119.4283 2 2 2 1 1 0.8431 1 1
1 122.3346 91.6734 4 4 4 1 1 0.5941 1 1
1 113.3941 91.5610 2 4 4 1 1 1.0137 1 1
1 87.4933 102.6541 3 1 3 1 0 0.5154 0 1
1 65.5803 106.6743 1 1 1 1 1 0.7224 1 1
2 105.2428 69.6735 2 3 3 1 1 0.9269 1 1
2 102.1152 59.2238 1 3 3 1 1 0.5979 1 1
2 96.2624 137.6255 4 2 2 1 1 0.5679 1 1
2 88.9286 109.5578 4 2 3 1 0 0.6667 0 1
2 101.1555 128.3788 1 2 2 1 1 0.7023 1 1
2 77.5306 86.0670 3 1 1 1 1 0.8361 1 1
2 82.4519 94.3090 4 1 1 1 1 0.5398 1 1
2 87.7432 121.7098 4 2 2 1 1 0.7320 1 1
2 101.8314 70.9860 4 3 3 1 1 1.0250 1 1
2 67.0568 102.8144 2 1 1 1 1 0.9885 1 1
2 61.1240 86.3064 3 1 1 1 1 0.6333 1 1
2 93.1776 65.4764 2 3 3 1 1 0.6527 1 1
2 107.2509 127.7588 4 2 2 1 1 0.6085 1 1
2 126.1778 99.7698 3 4 3 1 0 0.6207 0 1
2 112.9909 56.6666 1 3 4 1 0 0.5262 0 1
2 94.1610 140.3225 1 2 2 1 1 0.6403 1 1
2 100.3058 142.8041 4 2 2 1 1 0.5653 1 1
2 111.4199 105.7905 3 4 3 1 0 0.6953 0 1
2 69.8300 103.9540 4 1 1 1 1 0.6037 1 1
2 65.6660 89.5178 3 1 1 1 1 5.1984 1 1
2 118.0005 110.7687 1 4 3 1 0 0.6412 0 1
2 102.1490 115.6918 4 4 4 1 1 0.5158 1 1
2 105.9622 87.7261 2 3 4 1 0 0.4394 0 1
2 120.9845 109.6560 3 4 4 1 1 0.8221 1 1
2 78.4511 105.1860 1 1 3 1 0 0.7196 0 1
2 97.8579 128.1863 4 2 3 1 0 0.6447 0 1
2 104.9786 107.9879 4 2 2 1 1 0.5358 1 1
2 140.8232 100.9438 4 4 2 1 0 0.4899 0 1
2 87.3135 64.0285 2 3 3 1 1 0.8749 1 1
2 112.0955 90.0869 4 4 4 1 1 0.8520 1 1
2 75.6848 119.7178 1 1 2 1 0 0.7487 0 1
2 125.0520 99.4714 4 4 4 1 1 1.8753 1 1
2 71.1468 98.6645 2 1 1 1 1 0.9001 1 1
2 73.9319 114.8849 4 1 1 1 1 0.5729 1 1
2 135.3313 94.3023 2 4 4 1 1 1.1983 1 1
2 148.4004 105.7397 4 4 4 1 1 0.6408 1 1
2 95.5324 124.7046 3 2 2 1 1 0.6930 1 1
2 99.0396 118.4244 1 2 3 1 0 0.5712 0 1
2 87.5448 133.7851 2 2 2 1 1 0.9402 1 1
2 99.7772 123.8030 1 2 2 1 1 0.7123 1 1
2 94.8763 128.9719 2 2 2 1 1 0.6858 1 1
2 82.9178 60.6965 4 3 3 1 1 3.1385 1 1
2 77.3297 102.7611 1 1 3 1 0 1.5057 0 1
2 92.9462 88.1557 1 3 3 1 1 0.7127 1 1
2 90.5905 64.5018 4 1 3 1 0 0.6051 0 1
2 103.2879 70.9612 1 3 4 1 0 2.1590 0 1
2 95.9064 128.1414 3 2 2 1 1 0.6800 1 1
2 121.3137 98.8788 3 4 4 1 1 0.9732 1 1
2 112.8350 144.2134 4 2 2 1 1 0.8409 1 1
2 78.0756 96.2654 3 1 3 1 0 8.7858 0 1
2 133.9500 86.6055 3 4 4 1 1 0.7924 1 1
2 98.0211 135.4689 1 2 2 1 1 0.5925 1 1
2 97.0638 60.2841 2 3 3 1 1 0.7400 1 1
2 87.3606 68.2106 4 3 3 1 1 0.8091 1 1
2 78.1628 109.6438 2 1 2 1 0 0.7683 0 1
2 107.5802 141.2795 3 2 2 1 1 0.7117 1 1
2 115.8688 77.2415 4 3 3 1 1 0.7662 1 1
2 100.2864 72.4270 3 3 3 1 1 0.5640 1 1
2 119.2084 107.1740 3 4 2 1 0 0.7885 0 1
2 127.5829 95.3633 1 4 4 1 1 0.6526 1 1
2 100.6615 138.9520 1 2 4 1 0 0.5784 0 1
2 110.5923 67.3542 2 3 3 1 1 0.6604 1 1
2 131.9336 115.7457 1 4 3 1 0 0.9208 0 1
2 80.1687 102.4136 1 1 3 1 0 1.1226 0 1
2 99.8741 116.0471 2 2 3 1 0 1.8731 0 1
2 132.7079 98.4518 1 4 4 1 1 0.6106 1 1
2 53.2597 97.6524 2 1 1 1 1 0.4702 1 1
2 109.2990 94.7243 2 4 3 1 0 1.6059 0 1
2 103.5760 77.8437 2 3 4 1 0 0.6088 0 1
2 81.9795 108.6904 3 1 1 1 1 1.1898 1 1
2 78.2270 104.3290 3 1 1 1 1 0.5364 1 1
2 137.4330 97.0950 2 4 4 1 1 0.8900 1 1
2 63.8414 99.9808 1 1 1 1 1 0.9655 1 1
2 77.0293 88.6312 3 1 3 1 0 1.6001 0 1
2 107.7403 151.8154 2 2 2 1 1 0.6026 1 1
2 90.4349 136.3736 1 2 2 1 1 0.6214 1 1
2 135.2789 131.4748 2 4 3 1 0 1.3754 0 1
2 132.7261 92.5790 2 4 4 1 1 0.7402 1 1
2 104.5617 56.6949 2 3 3 1 1 0.8903 1 1
2 72.1357 96.4958 3 1 1 1 1 0.9956 1 1
2 112.4084 118.7632 4 4 3 1 0 0.8336 0 1
2 62.6681 107.7355 3 1 1 1 1 0.6809 1 1
2 104.6776 56.5007 3 3 3 1 1 0.6379 1 1
2 88.1528 75.4018 2 3 3 1 1 0.5934 1 1
2 108.9303 81.9381 1 4 3 1 0 0.5628 0 1
2 98.6420 67.0848 3 3 4 1 0 3.5561 0 1
2 115.0339 82.6380 2 3 3 1 1 2.9139 1 1
2 79.9131 104.8711 1 1 1 1 1 1.2599 1 1
2 92.9046 122.1020 1 2 1 1 0 0.9759 0 1
2 93.3909 63.3240 2 3 3 1 1 5.6761 1 1
2 136.2692 109.1555 1 4 4 1 1 1.5262 1 1
2 121.8181 81.1996 3 4 3 1 0 0.7836 0 1
2 108.6715 117.6680 4 2 3 1 0 1.0152 0 1
2 56.5795 97.8917 2 1 1 1 1 0.6762 1 1
2 96.1304 74.5303 4 3 4 1 0 1.6103 0 1
2 106.0402 131.1355 1 2 2 1 1 0.5975 1 1
2 88.9110 106.8961 1 1 3 1 0 0.6497 0 1
2 103.8987 52.9844 1 3 3 1 1 0.6860 1 1
2 127.1002 108.3619 4 4 4 1 1 1.1558 1 1
2 111.3216 66.9400 1 3 3 1 1 5.4754 1 1
3 114.1970 77.1463 2 3 4 1 0 0.8628 0 1
3 104.7419 95.8541 3 4 3 1 0 0.5748 0 1
3 88.9518 121.9229 3 2 4 1 0 7.3126 0 1
3 104.3078 130.6184 1 2 2 1 1 1.2674 1 1
3 83.8468 132.1807 1 2 2 1 1 1.3978 1 1
3 133.3195 99.7161 4 4 4 1 1 0.8115 1 1
3 103.7841 117.2437 4 2 4 1 0 0.7075 0 1
3 68.0811 97.2900 2 1 2 1 0 0.7765 0 1
3 133.5203 113.6583 4 4 4 1 1 0.8653 1 1
3 104.5539 75.9852 2 3 4 1 0 0.7148 0 1
3 149.0769 86.5169 2 4 4 1 1 0.6406 1 1
3 56.7195 111.4643 1 1 1 1 1 0.6613 1 1
3 107.3234 140.2796 2 2 2 1 1 0.6984 1 1
3 122.1147 103.2817 4 4 4 1 1 1.2485 1 1
3 92.6224 121.3498 4 2 1 1 0 0.7715 0 1
3 86.6962 51.7089 1 3 3 1 1 2.7619 1 1
3 99.2885 68.1986 3 3 3 1 1 0.5610 1 1
3 123.0373 92.7710 4 4 4 1 1 0.9310 1 1
3 123.7680 91.1913 1 4 4 1 1 0.7340 1 1
3 110.8904 77.7991 3 3 4 1 0 0.7559 0 1
3 119.7145 97.1257 2 4 3 1 0 0.5711 0 1
3 93.6683 67.5234 4 3 3 1 1 0.9233 1 1
3 143.6517 112.9284 2 4 4 1 1 0.6460 1 1
3 106.3064 69.9625 3 3 3 1 1 2.6023 1 1
3 66.1666 70.6993 1 1 1 1 1 0.6839 1 1
3 98.9094 143.2802 4 2 2 1 1 0.7207 1 1
3 66.6809 92.0205 4 1 1 1 1 0.7264 1 1
3 62.8468 102.1042 3 1 1 1 1 0.5395 1 1
3 56.4131 94.2644 3 1 1 1 1 0.5891 1 1
3 119.9412 80.9812 4 3 4 1 0 0.9420 0 1
3 95.8491 76.6500 4 3 3 1 1 0.6183 1 1
3 101.1719 119.2859 4 2 3 1 0 0.7181 0 1
3 121.0435 119.9764 2 2 4 1 0 0.7710 0 1
3 102.9579 73.3276 1 3 3 1 1 1.5145 1 1
3 96.4913 75.5477 4 3 3 1 1 0.4194 1 1
3 81.7898 111.5385 2 2 4 1 0 1.5694 0 1
3 103.4128 73.7752 3 3 3 1 1 0.6350 1 1
3 119.7651 117.6533 2 2 4 1 0 0.7027 0 1
3 99.8400 81.4098 3 3 4 1 0 1.0105 0 1
3 79.8248 110.0313 2 1 3 1 0 1.3747 0 1
3 117.8498 104.5631 2 4 2 1 0 0.6907 0 1
3 124.8026 92.4396 1 4 4 1 1 0.6162 1 1
3 138.1050 78.6352 4 4 4 1 1 0.4909 1 1
3 109.5893 66.1443 4 3 4 1 0 0.5380 0 1
3 116.9842 121.0366 2 4 4 1 1 0.5869 1 1
3 121.7999 103.9522 4 4 4 1 1 0.8613 1 1
3 119.6669 98.9626 1 4 4 1 1 0.5821 1 1
3 94.4813 130.1834 1 2 2 1 1 1.7060 1 1
3 85.7585 122.9180 3 2 2 1 1 1.0642 1 1
3 79.3883 101.9495 1 1 3 1 0 1.5237 0 1
3 106.4592 68.8722 4 3 3 1 1 1.2423 1 1
3 124.4760 113.3694 1 4 2 1 0 0.8426 0 1
3 92.5239 112.3685 3 2 4 1 0 0.6914 0 1
3 81.3311 81.8530 2 1 3 1 0 2.4092 0 1
3 94.9160 127.7004 1 2 2 1 1 1.0468 1 1
3 101.4158 66.0176 4 3 3 1 1 0.7795 1 1
3 105.4858 142.3728 2 2 2 1 1 0.6102 1 1
3 140.1412 112.9269 4 4 4 1 1 0.7435 1 1
3 112.2636 78.2404 2 3 4 1 0 0.7490 0 1
3 140.5597 95.9058 3 4 4 1 1 0.7387 1 1
3 59.6690 94.7477 4 1 1 1 1 0.6005 1 1
3 93.4160 96.6826 1 1 1 1 1 0.6994 1 1
3 98.4089 50.5345 2 3 2 1 0 0.7516 0 1
3 67.7185 92.3521 2 1 3 1 0 0.9997 0 1
3 90.7274 115.0446 2 2 2 1 1 0.7380 1 1
3 88.0723 90.5523 4 3 3 1 1 2.7133 1 1
3 101.4667 116.3394 3 2 2 1 1 0.6703 1 1
3 87.6377 87.8999 3 1 3 1 0 1.0434 0 1
3 90.9948 70.2116 1 3 3 1 1 0.7679 1 1
3 106.6255 68.2164 1 3 3 1 1 0.5341 1 1
3 99.0352 89.4037 2 3 3 1 1 0.6142 1 1
3 84.9137 90.1487 2 3 3 1 1 0.6003 1 1
3 87.4036 103.1563 3 1 3 1 0 0.9384 0 1
3 133.6424 103.4671 4 4 4 1 1 0.8046 1 1
3 88.5654 90.1056 2 1 3 1 0 1.5324 0 1
3 107.9754 122.2757 2 2 2 1 1 1.3165 1 1
3 71.9726 116.2312 2 1 3 1 0 0.7453 0 1
3 66.3930 108.7872 1 1 1 1 1 0.9279 1 1
3 90.9566 126.3451 3 2 2 1 1 1.8334 1 1
3 72.5930 121.4012 4 1 2 1 0 4.4589 0 1
3 63.4951 112.7103 4 1 3 1 0 1.0047 0 1
3 112.3647 123.1131 3 2 4 1 0 2.7761 0 1
3 134.6237 92.0509 2 4 4 1 1 1.1344 1 1
3 63.8999 101.5863 3 1 1 1 1 0.6702 1 1
3 66.1732 98.4152 3 1 1 1 1 1.0589 1 1
3 129.2137 95.3005 4 4 4 1 1 2.6574 1 1
3 103.4926 123.8252 2 2 4 1 0 0.5341 0 1
3 134.4524 99.3927 2 4 4 1 1 0.4069 1 1
3 67.5129 120.7204 1 1 1 1 1 0.5165 1 1
3 84.6467 111.4268 4 1 3 1 0 1.0763 0 1
3 95.9898 78.3730 4 3 3 1 1 0.2735 1 1
3 90.2395 128.2253 4 2 2 1 1 0.7153 1 1
3 91.7822 124.1051 4 2 2 1 1 0.6742 1 1
3 136.6758 89.3931 3 4 4 1 1 0.6164 1 1
3 73.2713 112.1859 3 1 3 1 0 1.2905 0 1
3 130.3035 108.1081 4 4 3 1 0 0.3483 0 1
3 89.3754 80.2530 4 3 3 1 1 0.7116 1 1
3 86.1985 132.7623 1 2 3 1 0 1.7399 0 1
3 69.1136 108.5233 1 1 1 1 1 0.7457 1 1
3 139.6484 97.5681 3 4 4 1 1 0.7351 1 1
4 126.7152 117.4950 1 4 4 0 1 5.6148 1 1
4 80.3630 107.5832 2 1 3 0 0 2.8532 0 1
4 142.5410 96.0239 2 4 4 0 1 0.7646 0 1
4 114.5423 65.2524 2 3 4 0 0 0.8350 0 1
4 71.8123 78.3524 3 1 1 0 1 1.0352 0 1
4 85.6089 129.0267 1 2 2 0 1 0.7924 1 1
4 103.9174 117.3660 3 2 2 0 1 0.6245 0 1
4 136.6877 95.0447 1 4 3 0 0 0.9800 1 1
4 123.6157 140.5805 3 2 2 0 1 1.1198 0 1
4 95.0387 77.2566 3 3 2 0 0 0.6867 0 1
4 77.5715 109.9897 1 1 1 0 1 0.7069 1 1
4 130.1129 92.5924 4 4 3 0 0 0.6315 0 1
4 113.9239 134.0780 4 2 2 0 1 0.6336 0 1
4 113.6511 134.4659 3 2 4 0 0 0.5095 0 1
4 88.9937 55.4789 3 3 1 0 0 1.6133 0 1
4 42.7977 98.7857 2 1 1 0 1 0.6306 0 1
4 73.6090 100.0768 1 1 3 0 0 0.9062 1 1
4 98.0288 118.9963 2 2 4 0 0 1.5076 0 1
4 98.0184 84.3762 1 3 3 0 1 0.7331 1 1
4 67.2599 96.2754 1 1 2 0 0 1.7460 1 1
4 83.5518 92.8667 1 1 2 0 0 0.9774 1 1
4 94.9933 68.5995 4 3 2 0 0 0.6691 0 1
4 68.5902 111.2368 2 1 2 0 0 0.6422 0 1
4 132.4578 93.5496 4 4 4 0 1 0.9026 0 1
4 75.7972 136.1125 2 2 1 0 0 1.2808 0 1
4 103.5668 102.0057 4 2 3 0 0 0.6106 0 1
4 124.5032 100.2541 2 4 2 0 0 1.0127 0 1
4 87.6885 64.6841 1 3 3 0 1 0.6583 1 1
4 75.2274 96.2135 3 1 3 0 0 0.6135 0 1
4 145.5079 105.0925 1 4 1 0 0 1.9109 1 1
4 79.5622 79.5091 3 3 3 0 1 1.4321 0 1
4 115.4950 102.4642 2 4 1 0 0 1.0066 0 1
4 88.6969 141.3633 1 2 2 0 1 2.6995 1 1
4 74.4056 94.8732 1 1 4 0 0 1.0243 1 1
4 134.5390 105.2827 1 4 1 0 0 0.8467 1 1
4 134.8970 112.8241 4 4 1 0 0 0.6625 0 1
4 106.9334 125.3360 4 2 1 0 0 0.8259 0 1
4 91.5616 71.1302 4 3 3 0 1 0.4020 0 1
4 128.0394 100.6980 4 4 1 0 0 0.9907 0 1
4 111.1212 118.3085 4 4 4 0 1 1.4033 0 1
4 63.0102 111.5537 4 1 4 0 0 1.5860 0 1
4 69.0852 87.0812 2 1 2 0 0 0.9563 0 1
4 94.7207 105.7847 2 2 3 0 0 0.5355 0 1
4 109.4239 76.8451 1 3 1 0 0 0.9512 1 1
4 94.5580 127.3204 4 2 2 0 1 0.9943 0 1
4 108.8706 89.0201 3 4 1 0 0 0.5595 0 1
4 135.3254 107.9271 1 4 1 0 0 1.4882 1 1
4 94.4080 49.6970 3 3 4 0 0 4.5042 0 1
4 79.3083 92.6669 4 1 4 0 0 0.6964 0 1
4 138.7935 110.5281 3 4 4 0 1 0.6539 0 1
4 106.6803 75.3501 4 3 4 0 0 0.3549 0 1
4 96.4923 64.0008 1 3 4 0 0 0.2724 1 1
4 76.1655 80.2105 3 1 4 0 0 0.7630 0 1
4 114.2944 103.6657 4 4 2 0 0 0.6106 0 1
4 65.4832 111.9926 2 1 3 0 0 0.4378 0 1
4 150.1976 102.3980 3 4 1 0 0 1.9077 0 1
4 139.5657 102.7081 2 4 3 0 0 0.5656 0 1
4 79.5867 92.3888 1 1 2 0 0 0.5989 1 1
4 114.5281 61.5265 3 3 2 0 0 0.5713 0 1
4 103.0292 121.9929 4 2 2 0 1 0.6860 0 1
4 110.0177 129.0274 2 2 2 0 1 1.0751 0 1
4 85.6290 129.7241 2 2 4 0 0 0.5931 0 1
4 135.8998 87.2633 3 4 1 0 0 0.7872 0 1
4 81.3666 54.0435 4 3 2 0 0 0.3609 0 1
4 96.0057 70.3104 3 3 3 0 1 0.8381 0 1
4 96.1414 112.7962 2 2 4 0 0 4.4320 0 1
4 105.3527 58.0847 4 3 3 0 1 0.3497 0 1
4 123.5975 102.7674 4 4 1 0 0 1.1770 0 1
4 136.8027 115.4470 1 4 4 0 1 0.6012 1 1
4 95.7718 76.3855 4 3 1 0 0 1.5648 0 1
4 80.0097 106.6956 2 1 3 0 0 0.7808 0 1
4 79.9510 141.1002 1 2 2 0 1 0.7230 1 1
4 93.9370 62.4624 2 3 3 0 1 0.7276 0 1
4 88.9087 58.4290 1 3 1 0 0 0.8286 1 1
4 95.5026 80.5391 1 3 3 0 1 1.3167 1 1
4 81.9811 122.2044 1 2 2 0 1 0.6636 1 1
4 124.0074 108.1929 2 4 4 0 1 0.5876 0 1
4 107.1687 132.0388 3 2 2 0 1 0.8136 0 1
4 90.7772 75.4578 4 3 3 0 1 0.8217 0 1
4 117.2242 127.3864 1 2 4 0 0 0.6842 1 1
4 65.6183 91.4331 1 1 1 0 1 1.2012 1 1
4 82.2037 101.0427 2 1 2 0 0 1.3623 0 1
4 105.3469 62.1127 3 3 3 0 1 1.0478 0 1
4 76.2416 107.6445 4 1 3 0 0 0.6771 0 1
4 100.7278 116.5772 1 2 4 0 0 1.0494 1 1
4 98.1793 69.0923 2 3 1 0 0 0.7595 0 1
4 71.6742 104.6640 3 1 4 0 0 0.8300 0 1
4 100.1946 133.4809 3 2 2 0 1 0.7931 0 1
4 75.9152 124.9741 1 1 1 0 1 1.6324 1 1
4 123.5941 102.7619 3 4 4 0 1 18.1563 0 1
4 94.8941 72.0194 1 3 3 0 1 3.6669 1 1
4 52.2791 89.7587 1 1 1 0 1 0.8637 1 1
4 84.2333 137.9453 4 2 2 0 1 0.8401 0 1
4 39.4733 74.9602 4 1 1 0 1 0.6410 0 1
4 70.9801 97.4984 4 1 3 0 0 0.4201 0 1
4 126.8054 79.3947 2 4 4 0 1 2.4173 0 1
4 124.7199 97.3623 2 4 3 0 0 3.0876 0 1
4 102.7899 116.4195 4 2 4 0 0 0.9082 0 1
4 98.4903 82.6266 3 3 1 0 0 0.7420 0 1
4 96.4548 124.9745 1 2 2 0 1 0.2674 1 1
5 68.7974 98.9162 4 1 1 0 1 1.1028 0 1
5 107.7221 122.8525 2 2 2 0 1 0.7336 0 1
5 103.3426 114.0996 3 2 2 0 1 0.6122 0 1
5 103.2945 76.8177 3 3 3 0 1 0.5822 0 1
5 101.7032 60.1956 2 3 4 0 0 0.3440 0 1
5 127.7061 107.1893 3 4 1 0 0 0.9004 0 1
5 49.0672 104.1744 3 1 1 0 1 0.4443 0 1
5 122.2716 97.8254 2 4 1 0 0 0.5882 0 1
5 72.0866 111.0079 1 1 1 0 1 0.5597 1 1
5 100.4068 124.7725 1 2 3 0 0 1.8570 1 1
5 65.2252 109.4380 4 1 4 0 0 1.0582 0 1
5 60.5538 97.4907 1 1 1 0 1 0.5766 1 1
5 119.6989 106.1292 2 4 2 0 0 0.5146 0 1
5 98.0313 85.9155 4 3 4 0 0 3.0759 0 1
5 111.7934 125.1150 2 2 3 0 0 0.7714 0 1
5 99.1364 69.9712 4 3 1 0 0 1.3685 0 1
5 133.2758 109.7255 3 4 3 0 0 1.3105 0 1
5 116.9702 92.0839 3 4 4 0 1 1.5545 0 1
5 135.8160 105.1594 3 4 3 0 0 2.5246 0 1
5 91.3367 66.3946 3 3 2 0 0 0.6193 0 1
5 113.0291 96.0229 4 4 1 0 0 0.5908 0 1
5 89.6134 63.6083 1 3 4 0 0 0.8020 1 1
5 101.3815 73.0170 2 3 4 0 0 0.4720 0 1
5 125.3780 93.6617 4 4 1 0 0 0.5679 0 1
5 96.6394 63.9314 2 3 2 0 0 0.2972 0 1
5 78.1565 106.1586 1 1 1 0 1 0.5813 1 1
5 78.0881 134.8433 1 2 2 0 1 6.7909 1 1
5 143.4742 104.9102 4 4 2 0 0 4.8932 0 1
5 92.5878 154.2830 2 2 4 0 0 0.3912 0 1
5 77.2926 99.9871 3 1 3 0 0 0.4355 0 1
5 74.0738 99.6458 3 1 1 0 1 1.3779 0 1
5 116.7455 95.2483 1 4 1 0 0 1.8783 1 1
5 100.2872 72.8516 3 3 1 0 0 0.4067 0 1
5 118.1874 104.7384 2 4 1 0 0 1.0275 0 1
5 110.6893 65.7843 1 3 4 0 0 1.1654 1 1
5 96.5532 70.7419 3 3 3 0 1 0.6534 0 1
5 64.7903 77.3709 2 1 1 0 1 1.4104 0 1
5 126.1796 107.6207 1 4 4 0 1 2.5679 1 1
5 131.9209 123.1288 1 4 2 0 0 0.6500 1 1
5 94.5770 65.3457 1 3 1 0 0 0.9248 1 1
5 91.5153 109.5289 4 2 1 0 0 0.8079 0 1
5 109.1853 138.0732 3 2 2 0 1 0.9279 0 1
5 102.0303 55.2700 2 3 3 0 1 2.5382 0 1
5 90.9880 115.6455 4 2 4 0 0 3.7242 0 1
5 133.6609 106.8919 3 4 2 0 0 1.5450 0 1
5 91.9884 65.8295 4 3 1 0 0 2.0499 0 1
5 74.1058 102.7346 4 1 3 0 0 0.8236 0 1
5 100.4535 75.4099 1 3 4 0 0 0.3686 1 1
5 87.1385 149.7429 1 2 2 0 1 1.7401 1 1
5 101.9040 83.9635 4 3 3 0 1 1.9451 0 1
5 150.6347 101.2032 2 4 2 0 0 0.8442 0 1
5 101.9013 52.5659 3 3 4 0 0 0.4994 0 1
5 104.8871 113.3817 2 2 1 0 0 0.2738 0 1
5 104.7658 137.1957 4 2 2 0 1 1.3556 0 1
5 74.1213 97.4802 3 1 3 0 0 0.2723 0 1
5 63.2691 104.2814 1 1 4 0 0 0.2836 1 1
5 63.4817 91.5669 4 1 4 0 0 0.4709 0 1
5 88.8389 138.9016 4 2 3 0 0 0.6947 0 1
5 71.8706 91.0002 2 1 4 0 0 1.4533 0 1
5 103.8039 134.0234 2 2 2 0 1 2.1315 0 1
5 76.1449 86.4680 3 1 1 0 1 0.6657 0 1
5 98.4734 67.9758 4 3 3 0 1 0.3492 0 1
5 69.9645 86.5683 4 1 4 0 0 0.4106 0 1
5 87.3270 119.1106 1 2 3 0 0 0.5820 1 1
5 131.8167 93.1313 2 4 2 0 0 1.4953 0 1
5 129.2654 80.7698 4 4 2 0 0 0.6871 0 1
5 124.1812 129.4869 4 4 4 0 1 1.1874 0 1
5 71.1015 89.3096 2 1 1 0 1 0.4364 0 1
5 103.0627 66.6268 1 3 3 0 1 0.3394 1 1
5 109.0030 126.8378 2 2 2 0 1 0.8467 0 1
5 60.3511 114.3077 4 1 3 0 0 0.5180 0 1
5 94.2845 48.6109 4 3 4 0 0 0.3091 0 1
5 114.9372 130.4124 2 2 1 0 0 2.7196 0 1
5 105.9102 134.8433 3 2 4 0 0 3.4964 0 1
5 95.6192 81.2971 4 3 3 0 1 0.4481 0 1
5 76.5329 94.4930 1 1 2 0 0 6.8305 1 1
5 91.6975 118.6216 4 2 1 0 0 12.9498 0 1
5 64.6998 97.2169 1 1 3 0 0 1.1501 1 1
5 98.1891 128.3366 3 2 4 0 0 0.5402 0 1
5 103.7433 91.3476 3 4 2 0 0 0.2047 0 1
5 62.3993 88.2892 3 1 3 0 0 0.7890 0 1
5 124.2482 90.8835 4 4 1 0 0 0.5880 0 1
5 116.8400 79.5157 4 3 4 0 0 0.5579 0 1
5 131.6035 100.0489 3 4 2 0 0 0.2080 0 1
5 113.0652 114.0933 3 2 3 0 0 0.1040 0 1
5 102.5889 83.5736 4 3 1 0 0 0.3180 0 1
5 93.0298 127.9223 2 2 1 0 0 0.2493 0 1
5 93.3553 104.9840 1 1 1 0 1 0.3260 1 1
5 98.2451 120.4918 4 2 1 0 0 0.6100 0 1
5 96.2220 119.3550 1 2 3 0 0 0.2933 1 1
5 64.8705 105.0281 4 1 1 0 1 0.8961 0 1
5 129.6425 91.9746 4 4 4 0 1 1.1144 0 1
5 100.4483 55.0481 1 3 2 0 0 0.5220 1 1
5 95.1936 94.8259 1 3 3 0 1 0.9066 1 1
5 136.6421 100.5962 2 4 4 0 1 0.7565 0 1
5 122.0819 84.6832 3 4 1 0 0 0.4586 0 1
5 80.0384 101.4079 1 1 3 0 0 0.5537 1 1
5 105.4727 122.0417 4 2 4 0 0 2.9709 0 1
5 129.2816 110.8507 3 4 4 0 1 0.2628 0 1
5 72.9761 91.8513 4 1 4 0 0 0.2417 0 1
6 133.3841 95.1198 1 4 2 0 0 0.8308 1 1
6 101.9112 68.7101 2 3 1 0 0 1.7740 0 1
6 74.2789 93.9803 3 1 1 0 1 0.8918 0 1
6 71.0004 111.1560 1 1 4 0 0 4.0058 1 1
6 104.7563 75.8659 1 3 3 0 1 1.3852 1 1
6 127.9187 108.3813 1 4 3 0 0 0.5748 1 1
6 114.8966 101.9000 2 4 3 0 0 0.3841 0 1
6 107.2683 82.1691 3 3 2 0 0 0.4601 0 1
6 103.7936 74.4077 2 3 4 0 0 0.2824 0 1
6 100.6753 135.6078 3 2 1 0 0 0.3729 0 1
6 61.8078 120.1106 1 1 3 0 0 0.3061 1 1
6 131.4001 98.8049 2 4 4 0 1 0.5730 0 1
6 63.6886 99.3253 2 1 3 0 0 0.3343 0 1
6 92.8701 115.4010 4 2 1 0 0 0.3776 0 1
6 120.2365 105.3651 4 4 2 0 0 0.2292 0 1
6 73.3303 105.7902 1 1 4 0 0 0.4977 1 1
6 101.1053 71.3264 3 3 1 0 0 0.6742 0 1
6 97.6390 74.1439 2 3 4 0 0 0.3432 0 1
6 111.7206 105.1756 3 4 2 0 0 0.3895 0 1
6 100.6883 64.5680 3 3 3 0 1 0.3748 0 1
6 93.3562 125.6489 2 2 1 0 0 1.2196 0 1
6 84.3642 77.5642 2 3 1 0 0 1.3014 0 1
6 123.3151 82.9203 3 3 2 0 0 1.0807 0 1
6 84.0640 104.1338 1 1 4 0 0 1.0166 1 1
6 127.0373 102.5313 3 4 1 0 0 1.1567 0 1
6 73.1696 85.1931 3 1 4 0 0 1.2858 0 1
6 129.5553 104.7185 3 4 3 0 0 1.5612 0 1
6 99.8924 122.9074 1 2 1 0 0 1.5552 1 1
6 71.1379 121.6782 3 1 3 0 0 0.7012 0 1
6 76.8107 106.3702 3 1 4 0 0 0.8816 0 1
6 122.1071 98.6297 4 4 2 0 0 0.8103 0 1
6 77.5743 106.8028 3 1 4 0 0 2.2583 0 1
6 132.9935 87.5063 1 4 1 0 0 0.6681 1 1
6 97.3481 129.1895 1 2 3 0 0 1.0885 1 1
6 102.9168 122.0853 3 2 3 0 0 1.3113 0 1
6 113.3018 55.9921 4 3 4 0 0 1.1859 0 1
6 129.0227 91.0200 1 4 2 0 0 0.5156 1 1
6 123.1581 86.3214 3 3 2 0 0 0.4529 0 1
6 129.4118 107.4261 3 4 4 0 1 0.4044 0 1
6 80.0327 125.0308 3 2 3 0 0 0.5470 0 1
6 65.2718 109.8442 4 1 4 0 0 0.3388 0 1
6 93.2724 118.2552 4 2 1 0 0 1.5187 0 1
6 118.3561 111.6363 2 4 2 0 0 0.2473 0 1
6 84.3613 143.2540 3 2 2 0 1 11.1058 0 1
6 107.4212 77.5781 3 3 1 0 0 6.0160 0 1
6 91.6309 131.5931 2 2 2 0 1 1.4592 0 1
6 102.0468 85.1780 3 3 3 0 1 3.3223 0 1
6 89.9558 64.8627 2 3 3 0 1 4.9244 0 1
6 69.7773 107.5104 3 1 4 0 0 0.6312 0 1
6 85.2607 84.4604 1 1 1 0 1 0.9071 1 1
6 102.3440 113.0387 2 2 1 0 0 0.3728 0 1
6 111.2919 71.9448 4 3 3 0 1 0.4833 0 1
6 94.5523 61.3336 3 3 2 0 0 0.7872 0 1
6 129.3278 121.8224 1 4 4 0 1 0.5224 1 1
6 104.9014 118.6219 1 2 4 0 0 0.2989 1 1
6 101.5083 136.7463 1 2 4 0 0 0.6287 1 1
6 121.8793 109.9178 2 4 2 0 0 0.6930 0 1
6 72.5069 95.0757 3 1 3 0 0 0.5684 0 1
6 104.8673 128.2429 2 2 4 0 0 1.5279 0 1
6 93.6008 125.3017 1 2 3 0 0 0.8309 1 1
6 132.9753 98.2457 2 4 1 0 0 0.7091 0 1
6 109.0160 110.1222 2 4 3 0 0 0.6970 0 1
6 104.8418 64.5808 3 3 4 0 0 1.1466 0 1
6 85.8959 100.2280 3 1 2 0 0 0.4727 0 1
6 83.0973 99.6898 1 1 3 0 0 0.5361 1 1
6 133.6930 86.1741 3 4 1 0 0 0.7752 0 1
6 77.9282 100.4959 2 1 2 0 0 0.6362 0 1
6 96.4990 80.8376 1 3 4 0 0 0.4790 1 1
6 100.2628 126.5816 2 2 4 0 0 0.4766 0 1
6 93.9527 116.2486 3 2 1 0 0 0.6028 0 1
6 104.7584 57.8152 3 3 2 0 0 0.3953 0 1
6 95.4788 69.3943 2 3 3 0 1 0.3914 0 1
6 129.4991 98.6783 1 4 4 0 1 1.0594 1 1
6 95.0812 129.7580 2 2 4 0 0 0.8785 0 1
6 107.4894 67.7759 1 3 3 0 1 0.4530 1 1
6 103.3200 134.0606 2 2 3 0 0 0.5782 0 1
6 118.4548 107.2515 3 4 1 0 0 0.5943 0 1
6 80.6127 64.8003 2 3 4 0 0 0.4843 0 1
6 84.6675 102.7472 2 1 2 0 0 0.4022 0 1
6 79.8331 109.3147 2 1 3 0 0 0.5915 0 1
6 101.5544 85.0108 1 3 1 0 0 0.3043 1 1
6 95.9106 133.0822 2 2 1 0 0 0.5244 0 1
6 105.6745 113.8609 3 2 2 0 1 0.4126 0 1
6 107.6510 124.9763 1 2 3 0 0 2.6508 1 1
6 95.7107 96.6214 2 1 3 0 0 1.4716 0 1
6 127.5453 108.7529 1 4 2 0 0 16.1349 1 1
6 58.3275 73.3529 4 1 3 0 0 0.4128 0 1
6 77.6529 103.1860 4 1 1 0 1 0.6005 0 1
6 99.5317 110.2907 2 2 4 0 0 0.5199 0 1
6 87.9524 84.3511 3 1 2 0 0 0.3426 0 1
6 91.0872 110.3567 4 2 3 0 0 0.3050 0 1
6 75.9614 119.5233 1 1 1 0 1 0.3294 1 1
6 68.8092 92.9212 3 1 1 0 1 0.5959 0 1
6 115.3325 116.7625 1 2 1 0 0 0.5310 1 1
6 125.8238 82.1636 2 4 3 0 0 0.4012 0 1
6 136.3717 93.2697 3 4 3 0 0 0.3642 0 1
6 110.4242 97.2032 4 4 3 0 0 0.6304 0 1
6 110.4730 86.6673 2 3 4 0 0 0.2636 0 1
6 107.7596 101.6084 2 4 2 0 0 0.3670 0 1
6 96.0948 76.7071 4 3 3 0 1 0.4592 0 1
7 66.8812 103.1281 4 1 1 0 1 1.5184 0 1
7 106.2040 62.1277 3 3 3 0 1 0.9686 0 1
7 131.2836 106.8547 2 4 2 0 0 0.9157 0 1
7 136.5479 103.7805 1 4 2 0 0 0.4628 1 1
7 67.3771 101.2090 2 1 3 0 0 1.2305 0 1
7 80.1447 103.8121 3 1 4 0 0 0.6426 0 1
7 74.2690 85.7949 1 1 3 0 0 0.0244 1 1
7 64.3651 104.8376 2 1 3 0 0 0.3524 0 1
7 104.1968 141.2735 2 2 1 0 0 0.6534 0 1
7 63.8100 110.5574 3 1 2 0 0 0.4509 0 1
7 138.9077 109.0262 2 4 2 0 0 0.1782 0 1
7 105.6702 73.1600 2 3 4 0 0 0.7483 0 1
7 137.0804 110.1187 3 4 3 0 0 4.3390 0 1
7 88.5755 154.7110 3 2 4 0 0 0.0474 0 1
7 71.0679 87.6457 2 1 2 0 0 3.1422 0 1
7 69.6821 91.3549 3 1 1 0 1 0.3918 0 1
7 133.5661 96.3853 4 4 1 0 0 1.0950 0 1
7 94.3484 71.3368 1 3 2 0 0 0.2939 1 1
7 85.1726 84.3353 1 1 2 0 0 14.0666 1 1
7 111.8528 115.5680 4 2 4 0 0 0.3445 0 1
7 105.2155 124.7106 1 2 3 0 0 0.1954 1 1
7 91.9341 128.1148 2 2 3 0 0 0.3450 0 1
7 137.0833 98.5415 4 4 2 0 0 0.3879 0 1
7 101.8316 65.4209 4 3 1 0 0 0.1291 0 1
7 102.5619 50.8807 2 3 4 0 0 0.2841 0 1
7 108.8770 124.8040 2 2 1 0 0 0.2177 0 1
7 126.2479 93.8255 3 4 4 0 1 0.2761 0 1
7 100.5643 73.9713 4 3 3 0 1 0.1602 0 1
7 64.1784 95.8536 4 1 2 0 0 0.4572 0 1
7 127.2725 101.2891 4 4 1 0 0 0.3770 0 1
7 92.5923 132.0602 4 2 2 0 1 0.4697 0 1
7 131.2149 122.0328 2 4 4 0 1 0.5010 0 1
7 92.0560 65.2067 2 3 3 0 1 0.4686 0 1
7 110.4528 128.4331 1 2 4 0 0 0.3389 1 1
7 99.2808 114.3206 2 2 4 0 0 0.4302 0 1
7 78.5336 135.8575 2 2 2 0 1 0.6989 0 1
7 132.9668 97.6630 2 4 1 0 0 0.4473 0 1
7 75.2236 88.3775 4 1 3 0 0 0.4932 0 1
7 100.1930 132.4558 1 2 4 0 0 0.1864 1 1
7 56.6860 103.5982 4 1 4 0 0 0.6728 0 1
7 109.8450 73.7830 1 3 2 0 0 0.4504 1 1
7 73.7486 110.4400 2 1 3 0 0 0.9127 0 1
7 133.9920 82.4607 1 4 4 0 1 0.0564 1 1
7 89.2490 78.6219 4 3 4 0 0 0.5104 0 1
7 64.8654 97.4523 2 1 1 0 1 0.0763 0 1
7 116.8181 91.3350 1 3 2 0 0 0.3405 1 1
7 136.1951 109.8769 4 4 1 0 0 0.3527 0 1
7 118.5892 107.7876 2 2 2 0 1 0.0926 0 1
7 90.7955 75.5635 1 3 4 0 0 13.2346 1 1
7 126.1289 115.0799 1 4 3 0 0 0.3398 1 1
7 108.7611 66.5369 2 3 4 0 0 0.3831 0 1
7 83.5111 127.4984 3 2 3 0 0 0.8760 0 1
7 71.1848 108.2609 4 1 2 0 0 0.6749 0 1
7 94.1701 78.6328 3 3 1 0 0 0.3104 0 1
7 117.5010 78.0190 2 3 3 0 1 0.2574 0 1
7 74.8396 110.4062 4 1 4 0 0 0.1064 0 1
7 107.3375 146.0332 2 2 2 0 1 3.6504 0 1
7 123.5472 93.8877 2 4 3 0 0 0.5274 0 1
7 124.0902 118.9130 2 4 1 0 0 0.3355 0 1
7 125.3602 108.8345 3 4 4 0 1 0.3803 0 1
7 85.5099 78.3823 3 3 3 0 1 0.3138 0 1
7 97.5037 109.7229 4 2 2 0 1 0.2436 0 1
7 75.5032 120.2016 3 1 3 0 0 2.0150 0 1
7 106.5160 71.4494 1 3 2 0 0 0.0653 1 1
7 131.3731 96.3049 3 4 2 0 0 0.5833 0 1
7 124.4834 113.4982 3 4 3 0 0 0.1068 0 1
7 67.0555 109.5032 2 1 1 0 1 0.5612 0 1
7 121.1033 94.5771 3 4 4 0 1 0.4829 0 1
7 98.8722 73.9907 3 3 2 0 0 0.3390 0 1
7 142.5256 91.5844 2 4 1 0 0 0.3363 0 1
7 123.5913 90.9964 4 3 1 0 0 0.0126 0 1
7 132.5168 79.3665 3 4 3 0 0 0.0990 0 1
7 113.0986 110.6975 4 2 4 0 0 0.0743 0 1
7 74.4528 101.6761 1 1 2 0 0 0.2894 1 1
7 77.0563 105.1720 3 1 2 0 0 0.2382 0 1
7 101.7707 60.4127 1 3 3 0 1 0.4731 1 1
7 98.2771 121.0598 3 2 3 0 0 0.5532 0 1
7 76.5790 100.0855 2 1 4 0 0 0.2829 0 1
7 106.8019 73.1424 4 3 1 0 0 0.4713 0 1
7 67.4598 105.3197 3 1 4 0 0 0.2955 0 1
7 95.6356 122.0070 1 2 3 0 0 0.9156 1 1
7 102.2557 91.8934 1 3 1 0 0 0.1581 1 1
7 136.1853 96.6623 3 4 2 0 0 0.1992 0 1
7 143.8585 102.7132 2 4 1 0 0 0.0649 0 1
7 108.3587 74.9542 1 3 3 0 1 0.4055 1 1
7 89.8963 132.1882 3 2 4 0 0 0.0201 0 1
7 104.2406 138.9003 4 2 4 0 0 3.7050 0 1
7 109.0777 102.4331 2 4 4 0 1 3.1581 0 1
7 90.9195 50.3999 3 3 3 0 1 0.5978 0 1
7 122.1670 87.2851 2 4 2 0 0 0.0718 0 1
7 96.1417 70.8354 3 3 2 0 0 0.0309 0 1
7 68.2180 104.2906 1 1 1 0 1 0.3395 1 1
7 105.2905 110.1930 2 2 1 0 0 0.3679 0 1
7 68.9197 110.3770 4 1 1 0 1 0.4915 0 1
7 89.4633 121.3259 2 2 3 0 0 0.1546 0 1
7 60.9801 93.5680 2 1 4 0 0 0.1449 0 1
7 91.4105 93.8808 4 3 3 0 1 0.1518 0 1
7 108.5905 150.0014 2 2 1 0 0 0.3651 0 1
7 82.9756 154.2510 3 2 2 0 1 0.4601 0 1
7 92.9179 131.8423 4 2 1 0 0 0.2373 0 1
8 55.9682 101.5119 4 1 4 1 0 0.8628 0 1
8 90.7604 118.0055 4 2 4 1 0 0.2231 0 1
8 131.2137 109.6500 2 4 2 1 0 0.1178 0 1
8 140.2754 107.0743 2 4 3 1 0 0.0934 0 1
8 97.3913 130.7559 1 2 1 1 0 0.3371 0 1
8 104.8713 112.1152 1 2 4 1 0 0.2710 0 1
8 147.2658 83.1370 2 4 1 1 0 0.4256 0 1
8 103.5026 142.9016 1 2 2 1 1 0.3289 1 1
8 110.7196 116.0871 3 2 2 1 1 0.2127 1 1
8 64.4410 99.6203 2 1 2 1 0 0.1275 0 1
8 106.3317 61.3886 4 3 4 1 0 0.0242 0 1
8 88.1573 69.8247 4 3 1 1 0 0.2054 0 1
8 80.5237 83.7751 4 3 3 1 1 0.3269 1 1
8 96.6668 66.6565 2 3 3 1 1 0.0033 1 1
8 106.5451 94.5860 1 4 3 1 0 0.5217 0 1
8 91.8422 58.5898 2 3 1 1 0 0.1534 0 1
8 107.7094 136.7320 3 2 3 1 0 0.2722 0 1
8 70.5587 113.6624 2 1 3 1 0 0.0747 0 1
8 121.9180 85.3120 1 4 2 1 0 0.6721 0 1
8 70.7232 116.5256 4 1 3 1 0 0.0200 0 1
8 89.2050 134.1374 1 2 3 1 0 0.2153 0 1
8 118.3336 94.6428 1 4 2 1 0 1.0081 0 1
8 117.0446 134.5159 1 2 4 1 0 1.4202 0 1
8 104.4554 125.8732 4 2 1 1 0 0.3698 0 1
8 81.7712 111.1103 3 1 3 1 0 0.3677 0 1
8 71.3646 100.4742 3 1 4 1 0 0.0441 0 1
8 107.9136 64.3814 2 3 3 1 1 0.1766 1 1
8 114.0260 71.2138 3 3 1 1 0 0.2962 0 1
8 74.0931 102.4500 3 1 4 1 0 0.4344 0 1
8 110.7191 120.0225 1 2 2 1 1 0.3999 1 1
8 96.8514 93.5220 3 1 3 1 0 0.2709 0 1
8 78.2750 98.0735 3 1 2 1 0 4.1061 0 1
8 101.7649 128.0355 1 2 3 1 0 0.7862 0 1
8 140.3759 105.7105 4 4 1 1 0 0.7432 0 1
8 107.5018 121.6098 3 2 4 1 0 0.4127 0 1
8 137.7972 100.4247 4 4 3 1 0 0.1857 0 1
8 135.9208 94.1744 2 4 3 1 0 0.3857 0 1
8 86.3858 114.7453 3 1 4 1 0 0.2452 0 1
8 123.1753 102.4976 4 4 3 1 0 0.2882 0 1
8 61.9010 110.7270 4 1 3 1 0 0.2034 0 1
8 55.6794 110.5232 2 1 2 1 0 1.2207 0 1
8 69.8536 99.2167 1 1 4 1 0 0.8874 0 1
8 105.3632 117.7025 2 2 1 1 0 0.0645 0 1
8 80.3229 104.6976 4 1 3 1 0 0.0393 0 1
8 98.5767 125.9519 4 2 2 1 1 1.3399 1 1
8 94.5967 82.4114 4 3 3 1 1 0.4517 1 1
8 82.7853 71.5963 1 3 1 1 0 1.6355 0 1
8 120.7779 94.1121 3 4 4 1 1 0.5777 1 1
8 93.0651 64.7039 1 3 3 1 1 4.1652 1 1
8 103.3680 147.2061 4 2 3 1 0 1.5019 0 1
8 125.0165 87.0374 1 4 3 1 0 0.8070 0 1
8 122.5304 84.5825 1 4 4 1 1 0.4808 1 1
8 59.3703 85.0339 3 1 3 1 0 0.1445 0 1
8 119.8556 94.2118 3 4 2 1 0 0.8393 0 1
8 109.4130 86.6045 4 3 1 1 0 0.0474 0 1
8 101.3003 118.2468 1 2 2 1 1 0.4839 1 1
8 139.8791 103.1183 4 4 4 1 1 0.3237 1 1
8 99.2293 138.8234 3 2 3 1 0 0.2081 0 1
8 129.6642 100.7962 2 4 1 1 0 0.6972 0 1
8 94.1668 86.3556 2 3 1 1 0 0.6647 0 1
8 77.9959 133.3717 2 2 1 1 0 0.8446 0 1
8 114.6830 141.2372 3 2 2 1 1 2.0043 1 1
8 95.0595 146.4255 2 2 4 1 0 7.9303 0 1
8 79.9215 80.1434 3 1 3 1 0 0.1083 0 1
8 105.0474 72.4231 4 3 3 1 1 1.4104 1 1
8 113.1897 81.5377 3 4 4 1 1 0.0087 1 1
8 57.3956 106.8825 4 1 4 1 0 0.1557 0 1
8 109.2279 139.7944 4 2 2 1 1 1.4747 1 1
8 92.9690 69.1337 3 3 4 1 0 0.2503 0 1
8 116.9347 101.9188 2 4 3 1 0 0.3286 0 1
8 94.4389 74.6188 2 3 1 1 0 0.5498 0 1
8 106.7931 73.1952 3 3 2 1 0 1.4623 0 1
8 98.0162 72.5907 3 3 2 1 0 0.0360 0 1
8 110.4685 121.2093 3 2 3 1 0 0.9363 0 1
8 92.7225 150.3744 3 2 4 1 0 0.4978 0 1
8 58.4333 101.9441 3 1 1 1 1 1.0713 1 1
8 82.7276 60.7880 1 3 2 1 0 2.2504 0 1
8 107.8802 133.4480 3 2 4 1 0 0.1154 0 1
8 122.8224 101.7694 4 4 3 1 0 0.4440 0 1
8 101.0772 80.8251 4 3 1 1 0 1.7215 0 1
8 144.1202 106.3873 3 4 1 1 0 0.3456 0 1
8 90.4904 90.7713 4 1 3 1 0 0.2817 0 1
8 51.4384 108.5347 1 1 4 1 0 0.2587 0 1
8 132.6607 101.5893 1 4 2 1 0 0.4102 0 1
8 85.6570 87.3307 1 1 2 1 0 0.0070 0 1
8 115.6346 88.5311 2 3 3 1 1 0.7148 1 1
8 87.7027 99.6187 3 1 3 1 0 1.0231 0 1
8 69.6587 95.3935 1 1 4 1 0 0.0745 0 1
8 100.9880 121.5908 2 2 1 1 0 0.4293 0 1
8 103.5842 78.5183 2 3 4 1 0 0.1239 0 1
8 86.3785 114.4504 1 1 1 1 1 0.3532 1 1
8 136.0329 94.3559 4 4 2 1 0 1.1492 0 1
8 120.2600 88.8269 3 4 2 1 0 0.3155 0 1
8 125.4167 88.3572 4 4 3 1 0 0.7578 0 1
8 105.8389 59.3266 4 3 4 1 0 1.0206 0 1
8 122.0531 99.8556 3 4 3 1 0 0.5353 0 1
8 73.6712 95.8782 3 1 2 1 0 1.1911 0 1
8 90.9210 64.4163 3 3 1 1 0 1.2074 0 1
8 95.9689 62.9362 4 3 1 1 0 1.0006 0 1
8 79.8961 81.1035 2 3 3 1 1 0.1825 1 1
9 63.6398 102.4741 2 1 4 1 0 0.6213 0 1
9 86.9869 137.7303 2 2 3 1 0 0.5605 0 1
9 70.7976 95.5266 3 1 3 1 0 0.4674 0 1
9 98.2208 65.4573 4 3 3 1 1 0.0024 1 1
9 104.0930 67.8945 1 3 3 1 1 10.0709 1 1
9 91.8763 91.1651 3 1 3 1 0 0.0284 0 1
9 106.3990 126.8403 3 2 3 1 0 4.9297 0 1
9 99.8686 69.5788 3 3 4 1 0 0.2064 0 1
9 146.5705 88.5627 1 4 3 1 0 0.7757 0 1
9 91.6651 129.7944 4 2 4 1 0 1.1026 0 1
9 113.7347 110.0741 4 4 4 1 1 0.1262 1 1
9 137.3987 90.8951 1 4 3 1 0 0.4709 0 1
9 97.4285 121.9249 1 2 1 1 0 0.7583 0 1
9 99.2218 84.4636 3 3 2 1 0 1.1321 0 1
9 128.9701 121.7062 2 4 2 1 0 3.1941 0 1
9 116.0171 54.0204 2 3 3 1 1 1.3065 1 1
9 102.1550 55.7520 4 3 4 1 0 0.2048 0 1
9 100.2814 82.6420 3 3 3 1 1 1.8780 1 1
9 74.1195 99.1445 4 1 3 1 0 0.6476 0 1
9 146.6449 104.1139 4 4 4 1 1 2.7646 1 1
9 79.1953 108.8968 2 1 3 1 0 2.4031 0 1
9 103.8216 160.6784 1 2 2 1 1 0.2887 1 1
9 90.3402 116.8999 1 1 3 1 0 1.4673 0 1
9 109.2525 147.8820 2 2 4 1 0 0.9456 0 1
9 113.7865 95.2948 1 3 4 1 0 1.1638 0 1
9 111.8529 106.1376 1 4 3 1 0 3.6119 0 1
9 135.1553 91.0800 3 4 3 1 0 2.4237 0 1
9 91.9709 124.1509 4 2 2 1 1 0.3752 1 1
9 103.6137 74.1008 2 3 1 1 0 1.8287 0 1
9 106.9445 67.1810 1 3 3 1 1 2.4063 1 1
9 83.2440 87.2348 2 3 4 1 0 0.4682 0 1
9 101.9270 124.9169 4 2 3 1 0 0.0200 0 1
9 58.2609 103.3889 3 1 4 1 0 3.5129 0 1
9 114.0655 154.3119 2 2 4 1 0 1.1350 0 1
9 101.5459 83.4905 1 3 2 1 0 0.4783 0 1
9 63.4358 97.9667 1 1 2 1 0 2.7990 0 1
9 77.8577 103.2591 2 1 4 1 0 3.7016 0 1
9 71.7453 107.3721 2 1 4 1 0 0.9783 0 1
9 103.3468 81.9164 4 3 2 1 0 0.4468 0 1
9 94.8067 71.0829 3 3 2 1 0 2.8142 0 1
9 97.1936 128.5897 2 2 4 1 0 0.2135 0 1
9 101.5874 128.6738 3 2 1 1 0 3.3403 0 1
9 92.0338 75.2069 4 3 3 1 1 1.3135 1 1
9 100.5722 59.0357 1 3 3 1 1 2.9660 1 1
9 113.2000 100.1867 1 4 1 1 0 0.0658 0 1
9 100.2263 73.7651 2 3 3 1 1 0.8871 1 1
9 128.0954 100.7774 1 4 4 1 1 0.5132 1 1
9 131.7155 99.7142 3 4 3 1 0 0.3851 0 1
9 82.0931 84.7054 2 1 3 1 0 0.2386 0 1
9 121.2142 99.1859 2 4 2 1 0 0.0483 0 1
