1 88.4604 132.3513 2 2 1 1 0 3.3108 0 1
1 100.2628 126.5816 4 2 1 1 0 1.6831 0 1
1 88.7273 138.5179 3 2 2 1 1 1.9839 1 1
1 101.8316 65.4209 3 3 2 1 0 1.2048 0 1
1 73.2713 112.1859 2 1 1 1 1 1.3338 1 1
1 101.7707 60.4127 2 3 1 1 0 2.7443 0 1
1 86.6962 51.7089 4 3 2 1 0 1.3105 0 1
1 133.6930 86.1741 4 4 1 1 0 0.4829 0 1
1 107.3234 140.2796 4 2 3 1 0 0.7071 0 1
1 122.1147 103.2817 3 4 4 1 1 0.5837 1 1
1 81.7712 111.1103 1 1 3 1 0 1.1473 0 1
1 133.5203 113.6583 3 4 2 1 0 0.8912 0 1
1 104.8713 112.1152 3 2 1 1 0 0.0050 0 1
1 89.4633 121.3259 3 2 3 1 0 0.6492 0 1
1 56.5795 97.8917 3 1 4 1 0 0.4451 0 1
1 88.9286 109.5578 1 2 2 1 1 0.0929 1 1
1 144.1202 106.3873 4 4 3 1 0 2.5007 0 1
1 100.6753 135.6078 4 2 1 1 0 3.0605 0 1
1 76.8107 106.3702 4 1 4 1 0 0.8034 0 1
1 67.4598 105.3197 3 1 2 1 0 0.5542 0 1
1 106.3317 61.3886 1 3 3 1 1 0.7323 1 1
1 74.1213 97.4802 4 1 2 1 0 0.1613 0 1
1 119.7145 97.1257 3 4 4 1 1 0.4899 1 1
1 126.1796 107.6207 1 4 2 1 0 0.6512 0 1
1 105.2428 69.6735 3 3 1 1 0 1.9671 0 1
1 123.5472 93.8877 3 4 2 1 0 0.4498 0 1
1 101.4667 116.3394 3 2 4 1 0 0.6416 0 1
1 135.1553 91.0800 4 4 3 1 0 0.6279 0 1
1 123.1753 102.4976 1 4 2 1 0 1.0474 0 1
1 84.2333 137.9453 1 2 1 1 0 1.9894 0 1
1 131.3731 96.3049 3 4 2 1 0 1.2258 0 1
1 129.6642 100.7962 2 4 4 1 1 1.0510 1 1
1 68.2180 104.2906 4 1 2 1 0 1.0323 0 1
1 89.3754 80.2530 3 3 1 1 0 1.0132 0 1
1 88.6888 98.2993 1 1 3 1 0 0.6894 0 1
1 94.7207 105.7847 1 2 2 1 1 1.7497 1 1
1 100.1946 133.4809 4 2 1 1 0 2.6282 0 1
1 145.5079 105.0925 3 4 4 1 1 0.9022 1 1
1 100.6883 64.5680 1 3 2 1 0 0.7034 0 1
1 122.3346 91.6734 4 4 4 1 1 1.0284 1 1
1 71.8706 91.0002 1 1 3 1 0 0.7845 0 1
1 120.1177 97.7777 2 4 1 1 0 0.9678 0 1
1 75.7972 136.1125 4 2 2 1 1 0.8501 1 1
1 104.8871 113.3817 3 2 1 1 0 1.0189 0 1
1 123.3151 82.9203 1 3 4 1 0 0.7587 0 1
1 77.5715 109.9897 1 1 2 1 0 0.7819 0 1
1 116.0171 54.0204 2 3 4 1 0 5.0936 0 1
1 96.8514 93.5220 1 1 2 1 0 1.1400 0 1
1 75.8624 81.3255 1 1 2 1 0 1.1243 0 1
1 135.3254 107.9271 4 4 4 1 1 0.8838 1 1
1 109.8880 115.3438 4 2 3 1 0 0.9086 0 1
1 80.5237 83.7751 2 3 2 1 0 0.9181 0 1
1 94.3007 69.4132 1 3 2 1 0 1.0252 0 1
1 94.9160 127.7004 4 2 2 1 1 0.7992 1 1
1 91.9341 128.1148 4 2 2 1 1 0.8719 1 1
1 99.2293 138.8234 3 2 2 1 1 0.9455 1 1
1 107.9754 122.2757 1 2 1 1 0 0.8448 0 1
1 143.8585 102.7132 2 4 4 1 1 1.2369 1 1
1 124.4834 113.4982 4 4 3 1 0 1.4471 0 1
1 127.9187 108.3813 2 4 4 1 1 0.7013 1 1
1 105.2155 124.7106 2 2 2 1 1 0.5464 1 1
1 95.8101 77.8261 4 3 1 1 0 1.0920 0 1
1 58.4333 101.9441 3 1 3 1 0 1.2489 0 1
1 105.8389 59.3266 4 3 3 1 1 2.8339 1 1
1 94.9339 58.1167 3 3 3 1 1 0.7604 1 1
1 95.8447 83.3202 2 3 3 1 1 0.7983 1 1
1 80.4441 103.3211 3 1 2 1 0 1.1881 0 1
1 116.7455 95.2483 3 4 4 1 1 0.6603 1 1
1 90.4349 136.3736 4 2 2 1 1 1.1271 1 1
1 91.6975 118.6216 4 2 2 1 1 0.9346 1 1
1 70.7232 116.5256 1 1 1 1 1 0.8016 1 1
1 104.6776 56.5007 2 3 3 1 1 1.8002 1 1
1 79.3883 101.9495 2 1 2 1 0 0.7426 0 1
1 103.4128 73.7752 1 3 1 1 0 1.8674 0 1
1 110.5923 67.3542 4 3 4 1 0 0.9397 0 1
1 138.1050 78.6352 2 4 4 1 1 0.7573 1 1
1 70.0570 97.8239 3 1 2 1 0 0.6663 0 1
1 74.0738 99.6458 2 1 1 1 1 0.6706 1 1
1 58.3275 73.3529 3 1 2 1 0 0.8653 0 1
1 105.3690 62.3515 4 3 3 1 1 4.0421 1 1
1 108.8308 89.4585 2 3 3 1 1 0.8299 1 1
1 142.5410 96.0239 4 4 4 1 1 0.7096 1 1
1 85.5099 78.3823 2 3 2 1 0 0.7134 0 1
1 121.1033 94.5771 1 4 2 1 0 0.6865 0 1
1 105.3467 81.1106 3 3 1 1 0 0.7553 0 1
1 70.8464 89.2329 1 1 1 1 1 1.6885 1 1
1 63.4951 112.7103 1 1 1 1 1 0.4681 1 1
1 114.1970 77.1463 1 3 4 1 0 0.7067 0 1
1 76.1655 80.2105 1 1 1 1 1 0.9026 1 1
1 63.2691 104.2814 3 1 1 1 1 0.5922 1 1
1 89.8963 132.1882 3 2 1 1 0 1.1854 0 1
1 92.7225 150.3744 4 2 3 1 0 3.0737 0 1
1 68.5902 111.2368 3 1 1 1 1 1.0389 1 1
1 93.6008 125.3017 3 2 2 1 1 0.5868 1 1
1 98.1793 69.0923 3 3 3 1 1 2.1248 1 1
1 108.8706 89.0201 2 4 3 1 0 0.7079 0 1
1 82.0931 84.7054 2 1 2 1 0 4.1053 0 1
1 122.8224 101.7694 1 4 4 1 1 1.7929 1 1
1 110.6893 65.7843 4 3 4 1 0 1.0874 0 1
1 129.2654 80.7698 4 4 1 1 0 2.1411 0 1
2 101.1555 128.3788 4 2 4 1 0 5.0708 0 1
2 121.8793 109.9178 4 4 4 1 1 0.7794 1 1
2 136.7401 101.5012 3 4 4 1 1 0.8822 1 1
2 62.8468 102.1042 1 1 2 1 0 2.1702 0 1
2 100.1930 132.4558 4 2 2 1 1 0.9797 1 1
2 80.0097 106.6956 2 1 3 1 0 1.0882 0 1
2 110.6129 128.7154 1 2 2 1 1 2.5582 1 1
2 64.7926 86.6726 1 1 1 1 1 0.9115 1 1
2 110.0177 129.0274 3 2 2 1 1 2.6654 1 1
2 70.9801 97.4984 4 1 1 1 1 1.4366 1 1
2 110.4242 97.2032 4 4 2 1 0 1.0588 0 1
2 80.5136 110.9438 3 1 1 1 1 2.2409 1 1
2 139.8791 103.1183 3 4 4 1 1 1.6914 1 1
2 98.6420 67.0848 3 3 3 1 1 0.8233 1 1
2 148.4004 105.7397 4 4 4 1 1 1.1510 1 1
2 107.8802 133.4480 1 2 2 1 1 0.7817 1 1
2 104.8418 64.5808 4 3 3 1 1 1.1567 1 1
2 127.5453 108.7529 2 4 4 1 1 5.0598 1 1
2 113.7865 95.2948 1 3 4 1 0 1.3931 0 1
2 124.4760 113.3694 1 4 2 1 0 0.5819 0 1
2 117.0446 134.5159 4 2 2 1 1 0.8229 1 1
2 118.1874 104.7384 1 4 4 1 1 0.6388 1 1
2 89.6134 63.6083 2 3 1 1 0 1.1539 0 1
2 101.9040 83.9635 2 3 3 1 1 0.6400 1 1
2 90.3402 116.8999 3 1 3 1 0 0.4660 0 1
2 96.4990 80.8376 4 3 1 1 0 0.3999 0 1
2 133.3841 95.1198 3 4 2 1 0 1.2759 0 1
2 87.4036 103.1563 2 1 3 1 0 1.9668 0 1
2 88.5755 154.7110 1 2 2 1 1 6.0658 1 1
2 62.6681 107.7355 4 1 2 1 0 1.3360 0 1
2 58.2609 103.3889 4 1 3 1 0 1.2280 0 1
2 101.5544 85.0108 3 3 3 1 1 0.9581 1 1
2 79.8961 81.1035 2 3 4 1 0 2.2480 0 1
2 71.6742 104.6640 1 1 1 1 1 0.9625 1 1
2 119.7651 117.6533 2 2 4 1 0 2.0143 0 1
2 129.2816 110.8507 4 4 4 1 1 0.7214 1 1
2 102.1550 55.7520 4 3 2 1 0 0.6772 0 1
2 114.5423 65.2524 3 3 3 1 1 0.4906 1 1
2 67.0555 109.5032 4 1 1 1 1 1.0170 1 1
2 90.7274 115.0446 3 2 1 1 0 1.8602 0 1
2 136.6421 100.5962 2 4 4 1 1 0.9327 1 1
2 114.6830 141.2372 2 2 2 1 1 0.5913 1 1
2 63.6398 102.4741 4 1 1 1 1 2.0174 1 1
2 123.5975 102.7674 4 4 3 1 0 0.7569 0 1
2 104.4554 125.8732 3 2 3 1 0 0.6015 0 1
2 105.9102 134.8433 4 2 2 1 1 1.4664 1 1
2 109.0160 110.1222 2 4 3 1 0 0.7526 0 1
2 84.9633 129.4892 1 2 3 1 0 0.8378 0 1
2 109.1853 138.0732 3 2 2 1 1 0.9886 1 1
2 116.2361 104.3239 2 4 2 1 0 0.8556 0 1
2 62.3993 88.2892 4 1 1 1 1 2.3360 1 1
2 91.8763 91.1651 1 1 3 1 0 1.4185 0 1
2 64.8654 97.4523 3 1 1 1 1 1.4557 1 1
2 131.9336 115.7457 4 4 4 1 1 1.3973 1 1
2 99.0352 89.4037 2 3 3 1 1 1.0335 1 1
2 91.8422 58.5898 4 3 2 1 0 3.5726 0 1
2 130.1129 92.5924 1 4 2 1 0 6.3499 0 1
2 124.8673 94.9131 3 4 4 1 1 0.7141 1 1
2 136.0329 94.3559 4 4 4 1 1 0.9110 1 1
2 96.1417 70.8354 4 3 3 1 1 3.4489 1 1
2 87.4933 102.6541 3 1 1 1 1 2.2061 1 1
2 77.0563 105.1720 1 1 1 1 1 0.8712 1 1
2 101.9270 124.9169 3 2 2 1 1 1.7111 1 1
2 103.5668 102.0057 2 2 2 1 1 0.8434 1 1
2 94.1610 140.3225 3 2 2 1 1 0.6915 1 1
2 105.0474 72.4231 3 3 4 1 0 1.4641 0 1
2 82.9178 60.6965 3 3 3 1 1 0.6072 1 1
2 105.5005 79.1120 2 3 3 1 1 0.5288 1 1
2 99.1364 69.9712 3 3 3 1 1 0.4002 1 1
2 88.0723 90.5523 1 3 3 1 1 0.5722 1 1
2 93.2724 118.2552 1 2 3 1 0 1.4044 0 1
2 129.4118 107.4261 4 4 4 1 1 0.8172 1 1
2 110.8904 77.7991 4 3 4 1 0 1.1756 0 1
2 83.0973 99.6898 4 1 3 1 0 1.1585 0 1
2 72.0866 111.0079 4 1 1 1 1 0.3731 1 1
2 92.5239 112.3685 4 2 1 1 0 0.4973 0 1
2 146.6449 104.1139 1 4 4 1 1 1.4563 1 1
2 98.2451 120.4918 1 2 1 1 0 2.2633 0 1
2 111.1212 118.3085 4 4 3 1 0 1.0095 0 1
2 92.9690 69.1337 3 3 1 1 0 2.2208 0 1
2 77.5306 86.0670 1 1 1 1 1 3.5899 1 1
2 97.3913 130.7559 3 2 3 1 0 3.2472 0 1
2 132.9753 98.2457 3 4 4 1 1 0.7366 1 1
2 94.5770 65.3457 4 3 1 1 0 0.9337 0 1
2 126.1289 115.0799 1 4 4 1 1 1.5515 1 1
2 121.0435 119.9764 4 2 4 1 0 0.6477 0 1
2 127.1002 108.3619 3 4 4 1 1 1.0500 1 1
2 143.4742 104.9102 3 4 4 1 1 2.1833 1 1
2 65.7857 99.0509 1 1 1 1 1 2.3836 1 1
2 107.8462 71.1292 2 3 3 1 1 1.3709 1 1
2 64.7903 77.3709 1 1 1 1 1 1.0058 1 1
2 82.9756 154.2510 1 2 2 1 1 0.9369 1 1
2 103.3468 81.9164 2 3 4 1 0 2.0679 0 1
2 90.7604 118.0055 4 2 3 1 0 4.7767 0 1
2 82.4519 94.3090 2 1 2 1 0 0.9910 0 1
2 79.5867 92.3888 2 1 1 1 1 0.4264 1 1
2 59.3703 85.0339 1 1 1 1 1 0.5839 1 1
2 91.9884 65.8295 4 3 1 1 0 1.1132 0 1
2 81.3666 54.0435 4 3 3 1 1 0.5025 1 1
2 98.5767 125.9519 1 2 2 1 1 1.3342 1 1
3 128.3816 97.9748 2 4 4 1 1 3.5188 1 1
3 118.0005 110.7687 3 4 4 1 1 1.6556 1 1
3 109.0777 102.4331 2 4 4 1 1 1.0271 1 1
3 60.5538 97.4907 1 1 1 1 1 1.4076 1 1
3 146.5705 88.5627 2 4 4 1 1 1.4292 1 1
3 99.8741 116.0471 2 2 3 1 0 3.3394 0 1
3 96.1304 74.5303 3 3 4 1 0 0.4148 0 1
3 73.9319 114.8849 1 1 1 1 1 2.3322 1 1
3 105.3890 122.3535 2 2 1 1 0 2.9843 0 1
3 116.9842 121.0366 1 4 4 1 1 0.9965 1 1
3 135.8160 105.1594 4 4 4 1 1 0.7534 1 1
3 95.7107 96.6214 1 1 4 1 0 0.7115 0 1
3 87.9524 84.3511 2 1 3 1 0 0.4925 0 1
3 124.5032 100.2541 1 4 4 1 1 2.1875 1 1
3 131.2137 109.6500 3 4 4 1 1 2.8194 1 1
3 105.4858 142.3728 1 2 2 1 1 1.6586 1 1
3 66.1732 98.4152 1 1 1 1 1 1.1747 1 1
3 71.1379 121.6782 1 1 1 1 1 0.7425 1 1
3 106.6803 75.3501 2 3 3 1 1 2.3795 1 1
3 135.2789 131.4748 4 4 2 1 0 1.3514 0 1
3 107.7403 151.8154 3 2 2 1 1 0.7476 1 1
3 93.9527 116.2486 3 2 3 1 0 1.2978 0 1
3 95.8491 76.6500 2 3 1 1 0 0.6767 0 1
3 132.6607 101.5893 3 4 4 1 1 0.8729 1 1
3 56.6860 103.5982 4 1 1 1 1 0.7697 1 1
3 98.0211 135.4689 2 2 2 1 1 0.9839 1 1
3 106.9555 129.7324 2 2 2 1 1 1.4113 1 1
3 116.6119 107.6445 3 4 2 1 0 1.1761 0 1
3 98.4734 67.9758 2 3 4 1 0 0.8564 0 1
3 132.5168 79.3665 3 4 4 1 1 1.4563 1 1
3 103.0292 121.9929 2 2 3 1 0 1.6874 0 1
3 97.8026 130.4800 2 2 2 1 1 0.8681 1 1
3 94.5580 127.3204 2 2 2 1 1 0.7492 1 1
3 78.1565 106.1586 1 1 1 1 1 1.1397 1 1
3 103.8039 134.0234 1 2 2 1 1 0.6745 1 1
3 56.4131 94.2644 2 1 1 1 1 0.6951 1 1
3 71.9726 116.2312 3 1 2 1 0 0.8271 0 1
3 95.7718 76.3855 3 3 3 1 1 4.4335 1 1
3 74.8396 110.4062 2 1 1 1 1 1.4402 1 1
3 125.0165 87.0374 1 4 4 1 1 1.4157 1 1
3 137.0833 98.5415 1 4 4 1 1 0.8764 1 1
3 68.8092 92.9212 1 1 1 1 1 0.8051 1 1
3 104.8673 128.2429 2 2 3 1 0 0.8925 0 1
3 113.3018 55.9921 2 3 4 1 0 0.7092 0 1
3 101.5459 83.4905 2 3 4 1 0 0.9368 0 1
3 93.3909 63.3240 4 3 3 1 1 1.3783 1 1
3 51.4384 108.5347 2 1 1 1 1 1.0143 1 1
3 103.2879 70.9612 3 3 3 1 1 0.8821 1 1
3 96.4923 64.0008 1 3 3 1 1 0.7945 1 1
3 101.6947 71.4132 2 3 4 1 0 0.9926 0 1
3 107.2683 82.1691 2 3 3 1 1 2.7145 1 1
3 76.2416 107.6445 2 1 1 1 1 2.0960 1 1
3 103.7841 117.2437 4 2 3 1 0 0.8380 0 1
3 95.0387 77.2566 3 3 3 1 1 2.4616 1 1
3 64.0041 91.5645 4 1 1 1 1 1.0035 1 1
3 133.6424 103.4671 1 4 4 1 1 0.7768 1 1
3 98.2771 121.0598 4 2 2 1 1 2.6241 1 1
3 116.8181 91.3350 2 3 4 1 0 3.6036 0 1
3 140.1412 112.9269 1 4 4 1 1 1.5809 1 1
3 112.3647 123.1131 2 2 2 1 1 0.9182 1 1
3 105.6702 73.1600 1 3 3 1 1 0.8652 1 1
3 81.3311 81.8530 1 1 1 1 1 0.8092 1 1
3 103.7936 74.4077 3 3 3 1 1 2.8318 1 1
3 117.8498 104.5631 2 4 4 1 1 0.6623 1 1
3 95.6192 81.2971 4 3 3 1 1 1.2579 1 1
3 86.9869 137.7303 1 2 2 1 1 0.9389 1 1
3 73.6090 100.0768 2 1 1 1 1 0.9499 1 1
3 149.0769 86.5169 4 4 4 1 1 0.8167 1 1
3 91.9586 81.3687 3 3 3 1 1 3.2715 1 1
3 92.8701 115.4010 1 2 3 1 0 2.3765 0 1
3 127.5829 95.3633 4 4 4 1 1 1.7965 1 1
3 53.2597 97.6524 1 1 1 1 1 0.8023 1 1
3 112.9909 56.6666 2 3 3 1 1 4.7776 1 1
3 112.4084 118.7632 3 4 4 1 1 0.8474 1 1
3 134.5390 105.2827 1 4 4 1 1 0.9041 1 1
3 98.0184 84.3762 2 3 3 1 1 0.7529 1 1
3 94.1668 86.3556 4 3 3 1 1 1.2387 1 1
3 67.7185 92.3521 4 1 1 1 1 0.7277 1 1
3 78.2750 98.0735 1 1 1 1 1 0.7496 1 1
3 112.8350 144.2134 2 2 2 1 1 1.0444 1 1
3 98.4089 50.5345 4 3 4 1 0 0.7371 0 1
3 97.3704 74.7911 2 3 3 1 1 0.6303 1 1
3 101.5083 136.7463 4 2 2 1 1 0.9036 1 1
3 138.9077 109.0262 2 4 4 1 1 0.6258 1 1
3 90.6607 114.7931 1 2 1 1 0 3.9246 0 1
3 107.4892 144.6437 4 2 2 1 1 0.8214 1 1
3 106.8346 93.8795 3 4 4 1 1 1.3262 1 1
3 103.3426 114.0996 2 2 4 1 0 0.9612 0 1
3 69.8300 103.9540 3 1 1 1 1 0.7976 1 1
3 103.6137 74.1008 4 3 3 1 1 1.8118 1 1
3 85.6290 129.7241 3 2 2 1 1 0.7710 1 1
3 75.8619 108.5506 2 1 1 1 1 3.1448 1 1
3 82.2037 101.0427 3 1 1 1 1 0.9528 1 1
3 131.9209 123.1288 4 4 4 1 1 0.8358 1 1
3 107.5802 141.2795 4 2 2 1 1 0.7477 1 1
3 110.4685 121.2093 3 2 3 1 0 2.4820 0 1
3 74.4528 101.6761 1 1 1 1 1 1.0562 1 1
3 74.1195 99.1445 4 1 1 1 1 3.4848 1 1
3 139.6484 97.5681 3 4 4 1 1 1.6351 1 1
3 93.9370 62.4624 4 3 3 1 1 1.5329 1 1
4 102.1152 59.2238 4 3 3 0 1 6.6228 0 1
4 72.5069 95.0757 2 1 1 0 1 0.8593 0 1
4 137.4330 97.0950 3 4 4 0 1 0.9153 0 1
4 64.8705 105.0281 2 1 2 0 0 2.1736 0 1
4 113.3941 91.5610 3 4 3 0 0 3.1746 0 1
4 65.2718 109.8442 1 1 2 0 0 0.4854 1 1
4 84.6675 102.7472 2 1 1 0 1 1.9412 0 1
4 84.9137 90.1487 1 3 4 0 0 0.4083 1 1
4 132.9668 97.6630 1 4 2 0 0 0.9018 1 1
4 72.5890 103.3064 3 1 2 0 0 0.9113 0 1
4 142.5256 91.5844 4 4 2 0 0 2.3616 0 1
4 138.9301 102.8864 2 4 2 0 0 0.5024 0 1
4 101.7032 60.1956 2 3 4 0 0 0.7429 0 1
4 137.3987 90.8951 1 4 3 0 0 0.4287 1 1
4 121.4979 110.0468 2 4 1 0 0 0.2669 0 1
4 81.4458 97.6135 1 1 1 0 1 0.2599 1 1
4 91.9709 124.1509 1 2 1 0 0 0.7326 1 1
4 121.9180 85.3120 1 4 1 0 0 0.3700 1 1
4 116.6820 143.1406 1 2 3 0 0 2.3028 1 1
4 95.4788 69.3943 2 3 4 0 0 2.2318 0 1
4 140.3759 105.7105 2 4 1 0 0 0.8153 0 1
4 107.9136 64.3814 3 3 2 0 0 0.6458 0 1
4 77.5743 106.8028 4 1 2 0 0 1.5271 0 1
4 104.9284 74.3248 4 3 4 0 0 0.8941 0 1
4 108.9303 81.9381 2 4 1 0 0 0.4054 0 1
4 112.8966 126.8406 4 2 3 0 0 0.8498 0 1
4 73.7486 110.4400 1 1 4 0 0 1.3512 1 1
4 89.2490 78.6219 2 3 2 0 0 0.7130 0 1
4 74.2690 85.7949 1 1 2 0 0 0.7009 1 1
4 103.8216 160.6784 2 2 3 0 0 3.6160 0 1
4 74.4056 94.8732 1 1 4 0 0 1.5941 1 1
4 123.6157 140.5805 2 2 4 0 0 0.6281 0 1
4 94.4080 49.6970 4 3 4 0 0 0.8069 0 1
4 136.3717 93.2697 3 4 4 0 1 0.6690 0 1
4 115.6346 88.5311 2 3 4 0 0 0.3529 0 1
4 134.4524 99.3927 3 4 4 0 1 0.4304 0 1
4 127.7061 107.1893 4 4 4 0 1 1.1785 0 1
4 95.9064 128.1414 1 2 3 0 0 1.1940 1 1
4 84.3613 143.2540 1 2 3 0 0 4.9401 1 1
4 96.4548 124.9745 3 2 4 0 0 0.5672 0 1
4 104.0930 67.8945 3 3 1 0 0 0.9041 0 1
4 69.6821 91.3549 4 1 2 0 0 0.8657 0 1
4 102.5619 50.8807 2 3 3 0 1 1.1776 0 1
4 101.3815 73.0170 1 3 4 0 0 1.8012 1 1
4 106.5451 94.5860 2 4 1 0 0 0.8077 0 1
4 77.2926 99.9871 2 1 2 0 0 0.3022 0 1
4 124.7199 97.3623 2 4 3 0 0 0.5063 0 1
4 104.3017 71.1701 1 3 4 0 0 0.4428 1 1
4 90.9566 126.3451 3 2 3 0 0 0.6334 0 1
4 111.4199 105.7905 3 4 1 0 0 0.3158 0 1
4 129.5553 104.7185 3 4 1 0 0 0.6302 0 1
4 136.1853 96.6623 2 4 1 0 0 1.4978 0 1
4 63.8100 110.5574 4 1 1 0 1 0.5296 0 1
4 67.6983 96.7664 4 1 3 0 0 0.5945 0 1
4 111.1157 67.1623 3 3 1 0 0 0.6137 0 1
4 118.2760 134.3861 3 2 1 0 0 1.0165 0 1
4 111.2919 71.9448 1 3 1 0 0 1.3177 1 1
4 106.9445 67.1810 4 3 1 0 0 0.6017 0 1
4 120.2365 105.3651 2 4 4 0 1 0.7478 0 1
4 107.5018 121.6098 1 2 4 0 0 1.6026 1 1
4 105.3527 58.0847 2 3 2 0 0 2.1106 0 1
4 100.2814 82.6420 2 3 4 0 0 1.1429 0 1
4 101.1719 119.2859 4 2 3 0 0 1.2528 0 1
4 73.1696 85.1931 2 1 1 0 1 0.5518 0 1
4 94.1701 78.6328 1 3 4 0 0 3.1461 1 1
4 83.8468 132.1807 2 2 3 0 0 1.9449 0 1
4 104.7419 95.8541 3 4 3 0 0 0.2673 0 1
4 124.0902 118.9130 3 4 3 0 0 0.6130 0 1
4 90.2632 82.8812 3 3 4 0 0 1.7023 0 1
4 64.4410 99.6203 4 1 1 0 1 0.3538 0 1
4 79.3083 92.6669 1 1 3 0 0 0.4779 1 1
4 139.5657 102.7081 1 4 1 0 0 4.3489 1 1
4 123.0373 92.7710 4 4 4 0 1 2.1674 0 1
4 57.9441 87.1006 1 1 3 0 0 1.1014 1 1
4 75.4131 94.6944 2 1 3 0 0 1.1620 0 1
4 91.5616 71.1302 4 3 4 0 0 4.1531 0 1
4 100.9880 121.5908 4 2 4 0 0 1.4716 0 1
4 110.2706 135.7376 2 2 2 0 1 1.3692 0 1
4 68.0811 97.2900 2 1 3 0 0 1.3895 0 1
4 125.7579 107.7674 4 4 1 0 0 1.3936 0 1
4 67.2599 96.2754 4 1 3 0 0 1.1093 0 1
4 111.7934 125.1150 4 2 1 0 0 2.4342 0 1
4 94.2845 48.6109 2 3 3 0 1 2.4314 0 1
4 91.6651 129.7944 3 2 3 0 0 1.3078 0 1
4 104.1968 141.2735 2 2 2 0 1 0.9728 0 1
4 101.5874 128.6738 2 2 2 0 1 4.6295 0 1
4 92.5923 132.0602 3 2 2 0 1 1.8636 0 1
4 66.9838 90.4158 3 1 3 0 0 1.0784 0 1
4 60.3511 114.3077 2 1 3 0 0 0.9938 0 1
4 99.8924 122.9074 3 2 1 0 0 3.3386 0 1
4 90.2395 128.2253 4 2 1 0 0 1.0681 0 1
4 102.2557 91.8934 1 3 3 0 1 1.6555 1 1
4 90.7955 75.5635 3 3 3 0 1 7.4895 0 1
4 100.6615 138.9520 1 2 2 0 1 2.3439 1 1
4 116.9702 92.0839 3 4 1 0 0 1.7644 0 1
4 106.9334 125.3360 2 2 1 0 0 2.5948 0 1
4 56.7195 111.4643 4 1 3 0 0 1.0933 0 1
4 95.5324 124.7046 2 2 4 0 0 0.8330 0 1
4 65.6183 91.4331 2 1 3 0 0 1.0482 0 1
4 105.9622 87.7261 3 3 1 0 0 1.0940 0 1
5 112.0955 90.0869 2 4 3 0 0 3.9988 0 1
5 91.3928 137.1108 4 2 3 0 0 0.7309 0 1
5 88.9087 58.4290 2 3 3 0 1 0.7999 0 1
5 98.2988 66.6219 1 3 3 0 1 0.5513 1 1
5 75.9152 124.9741 2 1 3 0 0 0.6001 0 1
5 115.3325 116.7625 4 2 4 0 0 0.9542 0 1
5 96.0057 70.3104 4 3 3 0 1 0.9812 0 1
5 113.0291 96.0229 3 4 4 0 1 0.6886 0 1
5 98.4903 82.6266 4 3 4 0 0 0.8535 0 1
5 107.4894 67.7759 2 3 4 0 0 0.9881 0 1
5 107.2509 127.7588 4 2 2 0 1 1.9743 0 1
5 135.8998 87.2633 1 4 2 0 0 0.8733 1 1
5 96.2624 137.6255 1 2 4 0 0 2.3702 1 1
5 123.1581 86.3214 4 3 2 0 0 2.6862 0 1
5 97.2248 74.9069 3 3 4 0 0 0.8985 0 1
5 110.7191 120.0225 1 2 1 0 0 0.8105 1 1
5 70.1847 112.6640 1 1 4 0 0 1.0105 1 1
5 90.9880 115.6455 2 2 3 0 0 0.6873 0 1
5 119.8556 94.2118 4 4 2 0 0 1.7164 0 1
5 98.0288 118.9963 1 2 4 0 0 0.8659 1 1
5 117.5010 78.0190 1 3 1 0 0 0.7935 1 1
5 99.8686 69.5788 4 3 3 0 1 1.1226 0 1
5 91.4105 93.8808 4 3 2 0 0 0.4501 0 1
5 107.7094 136.7320 1 2 1 0 0 0.4020 1 1
5 85.6570 87.3307 3 1 3 0 0 0.8314 0 1
5 131.6035 100.0489 3 4 4 0 1 1.2387 0 1
5 69.6587 95.3935 1 1 3 0 0 0.9358 1 1
5 104.9014 118.6219 2 2 2 0 1 1.2658 0 1
5 57.3956 106.8825 1 1 3 0 0 0.6777 1 1
5 81.1348 85.8898 2 1 1 0 1 0.6489 0 1
5 141.1648 118.9442 1 4 1 0 0 0.8768 1 1
5 126.2479 93.8255 3 4 2 0 0 0.7259 0 1
5 131.8167 93.1313 3 4 4 0 1 0.7332 0 1
5 39.4733 74.9602 4 1 3 0 0 1.2342 0 1
5 85.7585 122.9180 1 2 3 0 0 0.6752 1 1
5 63.4358 97.9667 2 1 3 0 0 1.1747 0 1
5 100.1202 137.3844 3 2 3 0 0 0.8379 0 1
5 95.0873 138.8186 3 2 3 0 0 0.6859 0 1
5 109.0030 126.8378 2 2 1 0 0 0.6258 0 1
5 95.9898 78.3730 1 3 1 0 0 0.7413 1 1
5 103.0627 66.6268 3 3 1 0 0 0.6519 0 1
5 108.8790 128.9527 2 2 2 0 1 0.8009 0 1
5 129.6425 91.9746 4 4 2 0 0 0.7769 0 1
5 112.2636 78.2404 3 3 4 0 0 0.3201 0 1
5 129.3278 121.8224 2 4 4 0 1 0.2995 0 1
5 88.8389 138.9016 4 2 1 0 0 0.5177 0 1
5 90.5905 64.5018 2 1 1 0 1 1.0781 0 1
5 87.7432 121.7098 3 2 2 0 1 2.5642 0 1
5 135.4754 103.0953 1 4 4 0 1 1.0595 1 1
5 66.3930 108.7872 3 1 3 0 0 1.6652 0 1
5 79.9215 80.1434 4 1 2 0 0 1.2123 0 1
5 102.1490 115.6918 4 4 1 0 0 1.1673 0 1
5 116.7106 100.2723 3 4 2 0 0 0.6420 0 1
5 132.4578 93.5496 3 4 1 0 0 1.0304 0 1
5 64.4745 77.5333 4 1 2 0 0 0.9804 0 1
5 109.4239 76.8451 1 3 4 0 0 0.6562 1 1
5 134.8970 112.8241 1 4 1 0 0 0.8513 1 1
5 101.8314 70.9860 1 3 2 0 0 0.7485 1 1
5 65.4832 111.9926 4 1 3 0 0 0.6914 0 1
5 124.2482 90.8835 4 4 2 0 0 0.5201 0 1
5 81.6602 102.3989 2 1 2 0 0 1.0493 0 1
5 90.9948 70.2116 2 3 1 0 0 0.9673 0 1
5 103.8987 52.9844 1 3 1 0 0 0.5452 1 1
5 103.7433 91.3476 1 4 1 0 0 1.5214 1 1
5 71.0679 87.6457 4 1 3 0 0 1.1597 0 1
5 69.8536 99.2167 4 1 3 0 0 1.4777 0 1
5 124.0074 108.1929 2 4 3 0 0 2.3967 0 1
5 75.9614 119.5233 2 1 3 0 0 2.5546 0 1
5 107.4919 124.2660 4 2 2 0 1 1.1635 0 1
5 64.3651 104.8376 4 1 3 0 0 0.4599 0 1
5 71.3646 100.4742 4 1 2 0 0 0.3617 0 1
5 70.7976 95.5266 4 1 3 0 0 0.9356 0 1
5 119.9412 80.9812 4 3 1 0 0 0.7534 0 1
5 83.5111 127.4984 2 2 4 0 0 0.7927 0 1
5 79.5622 79.5091 3 3 2 0 0 0.8310 0 1
5 88.6969 141.3633 1 2 4 0 0 0.4877 1 1
5 135.9208 94.1744 3 4 1 0 0 0.9020 0 1
5 111.5165 115.1448 4 2 1 0 0 1.1489 0 1
5 102.6554 124.9706 3 2 2 0 1 0.5713 0 1
5 108.4486 68.6553 2 3 1 0 0 1.0850 0 1
5 106.0402 131.1355 3 2 3 0 0 1.2098 0 1
5 61.9010 110.7270 3 1 1 0 1 0.6349 0 1
5 78.1628 109.6438 2 1 3 0 0 0.7649 0 1
5 87.3135 64.0285 2 3 1 0 0 1.2499 0 1
5 125.3602 108.8345 1 4 2 0 0 0.9156 1 1
5 116.4688 89.7162 1 4 4 0 1 3.1507 1 1
5 98.2208 65.4573 2 3 1 0 0 1.8375 0 1
5 68.4902 100.3769 4 1 2 0 0 0.7972 0 1
5 101.1053 71.3264 4 3 3 0 1 0.5642 0 1
5 140.9303 83.2723 1 4 3 0 0 1.7470 1 1
5 54.7262 102.9481 1 1 3 0 0 1.2306 1 1
5 101.9013 52.5659 4 3 1 0 0 1.4046 0 1
5 71.0004 111.1560 4 1 3 0 0 2.7076 0 1
5 122.0819 84.6832 3 4 2 0 0 0.8723 0 1
5 113.1897 81.5377 2 4 3 0 0 2.2914 0 1
5 96.9975 144.9041 4 2 2 0 1 1.1328 0 1
5 103.9174 117.3660 3 2 4 0 0 0.4916 0 1
5 101.4158 66.0176 3 3 1 0 0 0.8418 0 1
5 150.6347 101.2032 4 4 1 0 0 1.3135 0 1
5 97.7604 139.6673 4 2 2 0 1 2.1636 0 1
6 78.4511 105.1860 2 1 3 0 0 2.1589 0 1
6 121.2142 99.1859 3 4 3 0 0 1.1476 0 1
6 118.4548 107.2515 4 4 3 0 0 1.8638 0 1
6 100.2864 72.4270 2 3 3 0 1 0.5175 0 1
6 133.9500 86.6055 3 4 4 0 1 0.3078 0 1
6 94.9039 108.7768 3 2 3 0 0 1.0528 0 1
6 103.6479 80.3249 3 3 1 0 0 0.6319 0 1
6 80.0327 125.0308 2 2 1 0 0 0.8418 0 1
6 129.0227 91.0200 2 4 3 0 0 1.4252 0 1
6 110.4730 86.6673 3 3 2 0 0 0.6127 0 1
6 99.7772 123.8030 2 2 3 0 0 0.9337 0 1
6 106.8019 73.1424 3 3 4 0 0 0.6869 0 1
6 106.4592 68.8722 1 3 4 0 0 0.7053 1 1
6 107.3375 146.0332 4 2 2 0 1 0.9952 0 1
6 94.4599 89.8636 3 3 1 0 0 1.8528 0 1
6 130.4596 86.2393 2 4 2 0 0 6.4113 0 1
6 93.4160 96.6826 4 1 4 0 0 3.9121 0 1
6 97.4285 121.9249 1 2 3 0 0 4.0242 1 1
6 55.9682 101.5119 1 1 1 0 1 2.8112 1 1
6 136.1951 109.8769 2 4 4 0 1 5.1355 0 1
6 147.2658 83.1370 4 4 2 0 0 2.6532 0 1
6 109.2279 139.7944 3 2 3 0 0 1.4712 0 1
6 104.3078 130.6184 1 2 1 0 0 0.8357 1 1
6 75.5032 120.2016 1 1 4 0 0 0.7614 1 1
6 109.5893 66.1443 3 3 1 0 0 3.0053 0 1
6 64.6998 97.2169 2 1 3 0 0 1.9264 0 1
6 116.1249 104.1484 1 4 1 0 0 1.7512 1 1
6 100.2263 73.7651 1 3 1 0 0 1.1545 1 1
6 92.0560 65.2067 1 3 1 0 0 2.7048 1 1
6 79.9510 141.1002 1 2 3 0 0 1.3311 1 1
6 122.1071 98.6297 3 4 1 0 0 1.3166 0 1
6 96.6668 66.6565 4 3 1 0 0 3.8616 0 1
6 69.9645 86.5683 1 1 1 0 1 1.5555 1 1
6 97.3481 129.1895 2 2 2 0 1 1.7545 0 1
6 132.4728 91.2742 2 4 2 0 0 2.4381 0 1
6 137.3462 113.9915 3 4 1 0 0 1.6020 0 1
6 87.7027 99.6187 2 1 3 0 0 1.4337 0 1
6 93.1776 65.4764 3 3 1 0 0 1.6290 0 1
6 63.8414 99.9808 1 1 3 0 0 3.0145 1 1
6 77.8577 103.2591 4 1 4 0 0 3.4244 0 1
6 73.5563 72.2028 2 3 3 0 1 1.4287 0 1
6 136.5479 103.7805 4 4 2 0 0 1.1462 0 1
6 128.0394 100.6980 1 4 4 0 1 1.5610 1 1
6 115.0339 82.6380 3 3 1 0 0 1.0401 0 1
6 82.7276 60.7880 4 3 3 0 1 1.0343 0 1
6 72.1357 96.4958 1 1 3 0 0 1.1261 1 1
6 124.6191 98.2480 3 4 1 0 0 1.0110 0 1
6 137.0168 95.2159 3 4 1 0 0 1.1489 0 1
6 69.1136 108.5233 4 1 3 0 0 1.3381 0 1
6 129.2137 95.3005 4 4 4 0 1 1.2119 0 1
6 90.4904 90.7713 1 1 2 0 0 1.4995 1 1
6 131.2149 122.0328 1 4 1 0 0 0.9320 1 1
6 117.2242 127.3864 3 2 2 0 1 1.0691 0 1
6 132.7079 98.4518 4 4 4 0 1 0.7643 0 1
6 86.1985 132.7623 4 2 3 0 0 1.0111 0 1
6 90.9195 50.3999 3 3 3 0 1 0.7833 0 1
6 85.6089 129.0267 1 2 3 0 0 1.7171 1 1
6 103.4156 75.8864 4 3 3 0 1 0.9927 0 1
6 104.5539 75.9852 1 3 1 0 0 0.7461 1 1
6 100.2872 72.8516 1 3 2 0 0 0.4494 1 1
6 79.8331 109.3147 3 1 3 0 0 1.3626 0 1
6 122.0531 99.8556 2 4 1 0 0 0.8387 0 1
6 125.0520 99.4714 4 4 4 0 1 3.1663 0 1
6 81.9811 122.2044 3 2 3 0 0 1.0204 0 1
6 124.1812 129.4869 4 4 3 0 0 1.0318 0 1
6 92.0338 75.2069 2 3 2 0 0 1.6516 0 1
6 103.5842 78.5183 3 3 3 0 1 1.2166 0 1
6 95.3532 130.8562 2 2 2 0 1 1.3289 0 1
6 95.1936 94.8259 2 3 1 0 0 0.6784 0 1
6 95.9106 133.0822 1 2 4 0 0 0.5707 1 1
6 73.3303 105.7902 1 1 3 0 0 0.8578 1 1
6 119.6989 106.1292 4 4 2 0 0 0.2722 0 1
6 136.6758 89.3931 1 4 4 0 1 1.0987 1 1
6 154.9917 97.4097 1 4 1 0 0 0.4065 1 1
6 108.7283 146.0765 3 2 3 0 0 1.5564 0 1
6 97.6390 74.1439 1 3 2 0 0 0.7165 1 1
6 88.5654 90.1056 2 1 2 0 0 0.7398 0 1
6 90.9210 64.4163 4 3 1 0 0 1.0991 0 1
6 93.0651 64.7039 2 3 4 0 0 4.9052 0 1
6 136.6877 95.0447 3 4 3 0 0 1.5867 0 1
6 110.4528 128.4331 3 2 3 0 0 0.8447 0 1
6 63.4817 91.5669 4 1 3 0 0 0.8360 0 1
6 77.3297 102.7611 4 1 4 0 0 0.6208 0 1
6 96.1414 112.7962 1 2 1 0 0 0.2883 1 1
6 68.7974 98.9162 4 1 2 0 0 0.4268 0 1
6 96.2220 119.3550 1 2 2 0 1 0.8251 1 1
6 109.9944 128.7132 1 2 3 0 0 0.3069 1 1
6 103.3680 147.2061 1 2 4 0 0 0.3674 1 1
6 106.5160 71.4494 2 3 3 0 1 0.9234 0 1
6 71.7453 107.3721 2 1 3 0 0 1.3489 0 1
6 85.1726 84.3353 1 1 4 0 0 1.4341 1 1
6 111.1747 126.9010 1 2 4 0 0 1.3611 1 1
6 113.0986 110.6975 4 2 4 0 0 0.8230 0 1
6 99.3557 122.9250 2 2 4 0 0 0.8801 0 1
6 66.9476 106.2204 2 1 4 0 0 0.8258 0 1
6 85.2607 84.4604 4 1 3 0 0 2.2098 0 1
6 83.5518 92.8667 4 1 4 0 0 0.9402 0 1
6 87.6377 87.8999 4 1 1 0 1 1.1131 0 1
6 66.1666 70.6993 2 1 2 0 0 0.3922 0 1
6 87.3270 119.1106 4 2 3 0 0 4.2282 0 1
7 123.5941 102.7619 3 4 3 0 0 11.2308 0 1
7 116.8400 79.5157 3 3 3 0 1 3.3338 0 1
7 89.9558 64.8627 2 3 3 0 1 4.9524 0 1
7 96.6394 63.9314 2 3 4 0 0 0.7364 0 1
7 106.7931 73.1952 3 3 3 0 1 1.2036 0 1
7 101.0772 80.8251 4 3 4 0 0 1.0908 0 1
7 70.5587 113.6624 4 1 2 0 0 1.3418 0 1
7 98.1891 128.3366 2 2 3 0 0 1.1676 0 1
7 98.0313 85.9155 4 3 4 0 0 1.0041 0 1
7 54.5403 100.5869 4 1 1 0 1 2.1488 0 1
7 104.7658 137.1957 4 2 4 0 0 1.3058 0 1
7 99.0396 118.4244 1 2 3 0 0 0.9388 1 1
7 140.8232 100.9438 4 4 2 0 0 2.2584 0 1
7 65.8822 90.4625 1 1 1 0 1 2.8914 1 1
7 125.4987 91.7156 4 4 3 0 0 2.0199 0 1
7 95.6356 122.0070 3 2 3 0 0 0.9513 0 1
7 80.3630 107.5832 2 1 3 0 0 0.5943 0 1
7 92.6224 121.3498 4 2 4 0 0 0.8363 0 1
7 96.5532 70.7419 3 3 4 0 0 0.6684 0 1
7 88.9518 121.9229 1 2 4 0 0 0.9770 1 1
7 110.0655 62.6440 3 3 1 0 0 0.8924 0 1
7 105.2905 110.1930 4 2 2 0 1 0.6138 0 1
7 75.2274 96.2135 4 1 3 0 0 1.0174 0 1
7 101.3003 118.2468 2 2 4 0 0 0.8540 0 1
7 134.6237 92.0509 1 4 1 0 0 0.9085 1 1
7 114.2944 103.6657 2 4 2 0 0 0.7580 0 1
7 126.1778 99.7698 3 4 2 0 0 1.4045 0 1
7 105.3469 62.1127 3 3 4 0 0 1.3316 0 1
7 128.0954 100.7774 3 4 2 0 0 0.9356 0 1
7 101.9112 68.7101 2 3 3 0 1 0.7223 0 1
7 97.0720 123.3270 1 2 3 0 0 0.5203 1 1
7 113.6511 134.4659 1 2 4 0 0 0.5694 1 1
7 65.6660 89.5178 2 1 3 0 0 0.6822 0 1
7 91.0872 110.3567 3 2 1 0 0 4.6697 0 1
7 116.9347 101.9188 3 4 2 0 0 0.9147 0 1
7 127.0373 102.5313 1 4 1 0 0 1.8533 1 1
7 94.3484 71.3368 4 3 2 0 0 1.1026 0 1
7 76.5329 94.4930 4 1 3 0 0 1.7425 0 1
7 98.9094 143.2802 2 2 4 0 0 1.2599 0 1
7 95.9689 62.9362 4 3 2 0 0 0.8609 0 1
7 118.3561 111.6363 2 4 1 0 0 2.4079 0 1
7 87.3606 68.2106 3 3 1 0 0 1.4946 0 1
7 69.0852 87.0812 3 1 3 0 0 1.0715 0 1
7 131.2836 106.8547 1 4 1 0 0 0.9720 1 1
7 94.8763 128.9719 1 2 4 0 0 0.9031 1 1
7 115.8688 77.2415 4 3 1 0 0 0.5137 0 1
7 95.5026 80.5391 4 3 3 0 1 0.9146 0 1
7 125.4167 88.3572 2 4 2 0 0 1.1641 0 1
7 67.0568 102.8144 3 1 3 0 0 0.7168 0 1
7 120.7779 94.1121 4 4 4 0 1 1.8902 0 1
7 136.6960 85.7850 2 4 4 0 1 0.9474 0 1
7 98.5304 129.2492 1 2 4 0 0 1.0228 1 1
7 64.2303 102.6138 4 1 3 0 0 1.1312 0 1
7 100.7278 116.5772 4 2 4 0 0 1.2420 0 1
7 94.4813 130.1834 4 2 4 0 0 2.0583 0 1
7 111.8528 115.5680 1 2 3 0 0 1.1973 1 1
7 105.5620 113.2681 3 2 3 0 0 1.2441 0 1
7 58.3788 84.3613 2 1 3 0 0 1.5163 0 1
7 97.5037 109.7229 4 2 4 0 0 2.2110 0 1
7 60.9801 93.5680 2 1 3 0 0 1.2251 0 1
7 143.6140 95.9601 1 4 1 0 0 0.7594 1 1
7 76.3090 94.5660 2 1 3 0 0 1.0509 0 1
7 55.6794 110.5232 4 1 3 0 0 0.9660 0 1
7 114.0260 71.2138 2 3 2 0 0 1.8228 0 1
7 126.7152 117.4950 1 4 4 0 1 1.1630 1 1
7 65.5803 106.6743 4 1 3 0 0 1.7683 0 1
7 61.8078 120.1106 2 1 3 0 0 0.9967 0 1
7 103.2945 76.8177 4 3 4 0 0 1.1821 0 1
7 83.6900 97.7592 1 1 1 0 1 0.8754 1 1
7 80.1687 102.4136 1 1 3 0 0 1.6659 1 1
7 111.3216 66.9400 1 3 4 0 0 1.2911 1 1
7 104.2406 138.9003 3 2 4 0 0 2.7480 0 1
7 150.1976 102.3980 3 4 1 0 0 1.1998 0 1
7 77.9282 100.4959 3 1 3 0 0 1.3586 0 1
7 127.7091 94.5345 3 4 2 0 0 1.3443 0 1
7 104.7563 75.8659 4 3 2 0 0 1.2185 0 1
7 115.4950 102.4642 1 4 2 0 0 1.0249 1 1
7 88.1573 69.8247 1 3 2 0 0 0.9904 1 1
7 81.7898 111.5385 1 2 2 0 1 3.4280 1 1
7 94.9933 68.5995 1 3 4 0 0 1.1116 1 1
7 136.6643 105.0332 2 4 3 0 0 2.7562 0 1
7 79.9131 104.8711 1 1 4 0 0 1.2881 1 1
7 72.9761 91.8513 1 1 3 0 0 1.0007 1 1
7 95.0595 146.4255 2 2 4 0 0 2.2906 0 1
7 102.3440 113.0387 3 2 4 0 0 1.2268 0 1
7 132.7261 92.5790 1 4 1 0 0 1.3868 1 1
7 118.3336 94.6428 2 4 1 0 0 1.9816 0 1
7 114.5281 61.5265 2 3 2 0 0 1.5988 0 1
7 149.8503 85.6629 4 4 1 0 0 1.1117 0 1
7 125.8238 82.1636 1 4 2 0 0 1.4770 1 1
7 104.7057 119.4283 3 2 4 0 0 0.8258 0 1
7 69.7773 107.5104 1 1 3 0 0 0.8643 1 1
7 106.6255 68.2164 3 3 1 0 0 1.0139 0 1
7 93.3562 125.6489 1 2 2 0 1 0.5138 1 1
7 63.0102 111.5537 3 1 3 0 0 13.2183 0 1
7 74.1058 102.7346 1 1 3 0 0 1.1860 1 1
7 96.0948 76.7071 3 3 2 0 0 1.1535 0 1
7 131.5554 93.7477 2 4 1 0 0 1.1995 0 1
7 80.0384 101.4079 3 1 4 0 0 1.3581 0 1
7 84.3642 77.5642 3 3 2 0 0 0.7562 0 1
8 72.5930 121.4012 4 1 2 1 0 1.9508 0 1
8 99.8400 81.4098 4 3 2 1 0 1.3307 0 1
8 100.4535 75.4099 1 3 3 1 1 0.9325 1 1
8 103.4926 123.8252 3 2 3 1 0 1.1650 0 1
8 109.2525 147.8820 4 2 4 1 0 0.7305 0 1
8 123.7680 91.1913 2 4 3 1 0 2.1245 0 1
8 97.1936 128.5897 3 2 1 1 0 1.3774 0 1
8 106.3064 69.9625 3 3 2 1 0 1.9883 0 1
8 98.0162 72.5907 3 3 4 1 0 1.2058 0 1
8 75.2236 88.3775 3 1 3 1 0 0.8999 0 1
8 76.1449 86.4680 2 1 3 1 0 0.9864 0 1
8 105.6745 113.8609 2 2 4 1 0 1.0915 0 1
8 128.9701 121.7062 4 4 3 1 0 2.8310 0 1
8 107.7221 122.8525 2 2 4 1 0 5.4949 0 1
8 80.1447 103.8121 4 1 3 1 0 0.9086 0 1
8 91.5153 109.5289 2 2 2 1 1 4.7878 1 1
8 100.5722 59.0357 4 3 4 1 0 10.2327 0 1
8 78.0756 96.2654 1 1 3 1 0 0.9928 0 1
8 111.8529 106.1376 1 4 3 1 0 1.1460 0 1
8 91.3367 66.3946 2 3 1 1 0 1.7832 0 1
8 136.8027 115.4470 2 4 2 1 0 0.9811 0 1
8 104.4290 118.4309 2 2 1 1 0 0.5761 0 1
8 109.4130 86.6045 3 3 4 1 0 0.8653 0 1
8 124.8026 92.4396 3 4 3 1 0 1.1610 0 1
8 133.9920 82.4607 1 4 2 1 0 0.7589 0 1
8 101.7649 128.0355 4 2 2 1 1 0.6691 1 1
8 113.9239 134.0780 2 2 2 1 1 0.7519 1 1
8 130.3035 108.1081 3 4 1 1 0 1.0621 0 1
8 108.6715 117.6680 3 2 3 1 0 1.9721 0 1
8 122.1670 87.2851 1 4 3 1 0 1.0010 0 1
8 75.6848 119.7178 1 1 4 1 0 1.2252 0 1
8 120.9845 109.6560 3 4 3 1 0 0.6990 0 1
8 132.9935 87.5063 1 4 1 1 0 0.8648 0 1
8 53.1331 82.5922 4 1 3 1 0 0.9856 0 1
8 86.3785 114.4504 3 1 3 1 0 0.9677 0 1
8 122.2716 97.8254 4 4 2 1 0 1.0624 0 1
8 98.9164 142.1705 2 2 2 1 1 1.1077 1 1
8 104.9786 107.9879 1 2 3 1 0 0.9922 0 1
8 88.9937 55.4789 1 3 3 1 1 0.5385 1 1
8 77.0428 103.0216 3 1 4 1 0 2.3633 0 1
8 131.7155 99.7142 4 4 1 1 0 2.1525 0 1
8 87.6885 64.6841 2 3 4 1 0 1.1536 0 1
8 64.0133 119.6554 3 1 1 1 1 1.0765 1 1
8 108.7611 66.5369 1 3 4 1 0 1.5705 0 1
8 80.3229 104.6976 4 1 3 1 0 0.5074 0 1
8 106.3990 126.8403 3 2 2 1 1 1.7871 1 1
8 123.5913 90.9964 4 3 3 1 1 9.3715 1 1
8 107.6564 76.9826 1 3 4 1 0 7.4063 0 1
8 97.8579 128.1863 1 2 2 1 1 1.4936 1 1
8 129.4991 98.6783 2 4 3 1 0 1.4991 0 1
8 105.3632 117.7025 2 2 3 1 0 1.2487 0 1
8 85.8959 100.2280 3 1 3 1 0 0.9122 0 1
8 68.9197 110.3770 1 1 3 1 0 1.2714 0 1
8 107.7046 80.5418 3 3 3 1 1 1.1750 1 1
8 74.0931 102.4500 2 1 1 1 1 1.5083 1 1
8 110.7196 116.0871 1 2 1 1 0 0.8433 0 1
8 107.7596 101.6084 3 4 2 1 0 0.8339 0 1
8 90.7772 75.4578 4 3 4 1 0 0.9836 0 1
8 71.1848 108.2609 4 1 3 1 0 1.2164 0 1
8 107.4212 77.5781 1 3 4 1 0 0.7839 0 1
8 136.2692 109.1555 2 4 3 1 0 0.9169 0 1
8 42.7977 98.7857 3 1 3 1 0 0.9089 0 1
8 121.8181 81.1996 4 4 3 1 0 1.0305 0 1
8 74.2789 93.9803 1 1 2 1 0 1.2190 0 1
8 100.3058 142.8041 3 2 2 1 1 1.0261 1 1
8 94.5523 61.3336 4 3 1 1 0 0.9881 0 1
8 59.6690 94.7477 4 1 3 1 0 0.6136 0 1
8 117.3649 99.6703 4 4 1 1 0 1.6396 0 1
8 108.1576 121.1709 2 2 4 1 0 0.9296 0 1
8 96.4913 75.5477 4 3 1 1 0 2.2973 0 1
8 65.5740 101.7929 4 1 1 1 1 2.3378 1 1
8 91.6309 131.5931 2 2 1 1 0 1.3713 0 1
8 102.0303 55.2700 3 3 3 1 1 2.8790 1 1
8 73.6712 95.8782 1 1 4 1 0 2.0848 0 1
8 102.5889 83.5736 4 3 3 1 1 1.5278 1 1
8 120.2761 123.7163 1 2 2 1 1 1.1669 1 1
8 124.5032 78.1772 2 4 1 1 0 1.2143 0 1
8 137.0804 110.1187 2 4 3 1 0 1.1004 0 1
8 133.2758 109.7255 1 4 4 1 1 1.1297 1 1
8 93.0298 127.9223 3 2 4 1 0 1.0176 0 1
8 71.1468 98.6645 2 1 3 1 0 0.7116 0 1
8 108.3587 74.9542 2 3 1 1 0 6.0289 0 1
8 49.0672 104.1744 3 1 3 1 0 2.2118 0 1
8 138.7935 110.5281 2 4 2 1 0 2.6046 0 1
8 143.6517 112.9284 2 4 2 1 0 2.6861 0 1
8 92.9462 88.1557 2 3 3 1 1 0.7361 1 1
8 133.3195 99.7161 4 4 4 1 1 1.9389 1 1
8 99.2218 84.4636 4 3 4 1 0 1.2029 0 1
8 103.5026 142.9016 4 2 2 1 1 1.2167 1 1
8 93.6683 67.5234 4 3 3 1 1 1.6795 1 1
8 100.4068 124.7725 3 2 4 1 0 1.2569 0 1
8 126.4884 92.9181 4 4 1 1 0 1.1930 0 1
8 86.3858 114.7453 3 1 1 1 1 1.8793 1 1
8 94.8941 72.0194 3 3 1 1 0 1.3674 0 1
8 111.7206 105.1756 4 4 4 1 1 1.4009 1 1
8 98.8722 73.9907 4 3 3 1 1 1.2280 1 1
8 77.9959 133.3717 4 2 2 1 1 1.1781 1 1
8 65.2252 109.4380 4 1 1 1 1 1.3365 1 1
8 66.8812 103.1281 2 1 1 1 1 1.4503 1 1
8 87.1385 149.7429 4 2 4 1 0 2.9109 0 1
9 126.2764 83.8192 4 4 2 1 0 14.8948 0 1
9 127.2725 101.2891 4 4 3 1 0 1.0089 0 1
9 61.1240 86.3064 4 1 3 1 0 1.1144 0 1
9 114.9372 130.4124 2 2 2 1 1 1.8797 1 1
9 83.2440 87.2348 1 3 3 1 1 1.1902 1 1
9 63.6886 99.3253 4 1 3 1 0 1.0442 0 1
9 102.7899 116.4195 2 2 1 1 0 0.9906 0 1
9 103.0445 133.7577 2 2 2 1 1 1.3674 1 1
9 102.0468 85.1780 1 3 4 1 0 4.4943 0 1
9 119.6669 98.9626 1 4 1 1 0 1.2294 0 1
9 78.0881 134.8433 3 2 4 1 0 0.9789 0 1
9 88.1528 75.4018 2 3 1 1 0 0.9296 0 1
9 86.0869 61.6301 2 3 4 1 0 0.8280 0 1
9 140.2754 107.0743 1 4 1 1 0 1.5895 0 1
9 77.0293 88.6312 1 1 3 1 0 0.7850 0 1
9 52.2791 89.7587 2 1 3 1 0 1.3028 0 1
9 113.2000 100.1867 2 4 2 1 0 1.2883 0 1
9 126.8054 79.3947 1 4 3 1 0 1.9958 0 1
9 118.5892 107.7876 4 2 3 1 0 1.0382 0 1
9 108.5905 150.0014 3 2 2 1 1 1.3848 1 1
9 71.8123 78.3524 1 1 3 1 0 4.2197 0 1
9 99.2885 68.1986 1 3 3 1 1 1.0603 1 1
9 103.3200 134.0606 4 2 2 1 1 2.1582 1 1
9 114.0655 154.3119 3 2 2 1 1 1.2363 1 1
9 95.0812 129.7580 3 2 2 1 1 1.3318 1 1
9 109.8450 73.7830 3 3 3 1 1 1.2368 1 1
9 107.6510 124.9763 2 2 4 1 0 1.3163 0 1
9 134.6526 106.7230 3 4 1 1 0 1.7342 0 1
9 80.6127 64.8003 4 3 3 1 1 2.2248 1 1
9 117.2038 70.5478 1 3 3 1 1 1.3841 1 1
9 89.6707 66.7162 2 3 3 1 1 1.1001 1 1
9 94.5967 82.4114 3 3 3 1 1 1.3065 1 1
9 140.5597 95.9058 2 4 2 1 0 2.4591 0 1
9 119.2084 107.1740 3 4 1 1 0 1.8808 0 1
9 79.1953 108.8968 2 1 1 1 1 1.6563 1 1
9 102.9579 73.3276 3 3 3 1 1 1.8103 1 1
9 100.4483 55.0481 3 3 3 1 1 1.5361 1 1
9 91.7822 124.1051 4 2 2 1 1 1.4312 1 1
9 84.6467 111.4268 1 1 2 1 0 1.3393 0 1
9 71.1015 89.3096 1 1 4 1 0 1.2130 0 1
9 135.3313 94.3023 2 4 4 1 1 2.0921 1 1
9 94.8067 71.0829 1 3 3 1 1 1.4722 1 1
9 89.2050 134.1374 3 2 2 1 1 1.2218 1 1
9 127.8129 85.9738 2 4 4 1 1 3.1413 1 1
9 127.3768 98.4144 2 4 4 1 1 1.2825 1 1
9 86.8404 95.0285 1 3 1 1 0 3.1245 0 1
9 66.6809 92.0205 3 1 1 1 1 1.5369 1 1
9 92.9179 131.8423 4 2 2 1 1 1.9600 1 1
9 121.7999 103.9522 3 4 2 1 0 1.2573 0 1
9 108.8770 124.8040 4 2 2 1 1 1.4658 1 1
