1 110.5923 67.3542 3 3 1 1 0 17.6904 1
1 80.6127 64.8003 3 3 1 1 0 2.6699 1
1 61.8078 120.1106 2 1 1 1 1 24.4353 1
1 96.1304 74.5303 1 3 1 1 0 2.3385 1
1 68.0811 97.2900 4 1 1 1 1 1.7903 1
1 105.8389 59.3266 3 3 1 1 0 2.3808 1
1 101.3003 118.2468 2 2 1 1 0 1.7372 1
1 126.1289 115.0799 2 4 1 1 0 2.4063 1
1 119.6989 106.1292 1 4 1 1 0 2.4023 1
1 59.3703 85.0339 4 1 1 1 1 2.2221 1
1 92.9046 122.1020 1 2 1 1 0 2.0053 1
1 133.3195 99.7161 2 4 1 1 0 2.1196 1
1 87.6377 87.8999 3 1 1 1 1 2.3321 1
1 120.2365 105.3651 1 4 1 1 0 2.1023 1
1 113.3941 91.5610 3 4 1 1 0 1.7553 1
1 79.9510 141.1002 2 2 1 1 0 1.5123 1
1 93.3909 63.3240 3 3 1 1 0 2.6714 1
1 118.0005 110.7687 1 4 1 1 0 2.5622 1
1 71.9726 116.2312 2 1 1 1 1 1.9540 1
1 116.7455 95.2483 4 4 1 1 0 2.4034 1
1 123.5472 93.8877 2 4 1 1 0 1.6651 1
1 97.1936 128.5897 2 2 1 1 0 1.4514 1
1 54.7262 102.9481 1 1 1 1 1 1.2662 1
1 137.0168 95.2159 2 4 1 1 0 2.0832 1
1 73.6090 100.0768 4 1 1 1 1 1.3680 1
1 64.4410 99.6203 1 1 1 1 1 1.3400 1
1 111.4199 105.7905 3 4 1 1 0 1.5025 1
1 64.4745 77.5333 2 1 1 1 1 1.2054 1
1 105.2428 69.6735 1 3 1 1 0 1.3171 1
1 107.5802 141.2795 3 2 1 1 0 1.4957 1
1 96.4548 124.9745 1 2 1 1 0 1.8387 1
1 106.2040 62.1277 3 3 1 1 0 1.4860 1
1 99.5317 110.2907 2 2 1 1 0 1.7002 1
1 93.6683 67.5234 1 3 1 1 0 1.7277 1
1 85.7585 122.9180 3 2 1 1 0 1.4674 1
1 74.2690 85.7949 1 1 1 1 1 1.1054 1
1 119.7145 97.1257 2 4 1 1 0 1.4390 1
1 85.2607 84.4604 4 1 1 1 1 2.9641 1
1 105.9102 134.8433 1 2 1 1 0 2.0462 1
1 104.3078 130.6184 3 2 1 1 0 1.3947 1
1 96.0057 70.3104 4 3 1 1 0 1.6065 1
1 136.6877 95.0447 4 4 1 1 0 2.3837 1
1 135.4754 103.0953 4 4 1 1 0 1.3394 1
1 91.5616 71.1302 2 3 1 1 0 1.2139 1
1 77.6529 103.1860 2 1 1 1 1 1.0539 1
1 121.0435 119.9764 3 2 1 1 0 1.4181 1
1 94.5967 82.4114 4 3 1 1 0 1.5513 1
1 39.4733 74.9602 3 1 1 1 1 1.3190 1
1 83.0973 99.6898 3 1 1 1 1 1.1944 1
1 109.0160 110.1222 4 4 1 1 0 1.3051 1
1 75.4131 94.6944 3 1 1 1 1 1.2432 1
1 98.9164 142.1705 3 2 1 1 0 1.7239 1
1 121.1033 94.5771 4 4 1 1 0 1.2719 1
1 121.8181 81.1996 2 4 1 1 0 2.2330 1
1 123.5941 102.7619 2 4 1 1 0 1.8257 1
1 92.9690 69.1337 1 3 1 1 0 1.3431 1
1 73.5563 72.2028 4 3 1 1 0 1.1230 1
1 66.9838 90.4158 4 1 1 1 1 1.1689 1
1 119.2084 107.1740 4 4 1 1 0 1.9517 1
1 74.1213 97.4802 2 1 1 1 1 1.3779 1
1 99.2808 114.3206 3 2 1 1 0 1.4302 1
1 71.0679 87.6457 1 1 1 1 1 1.2267 1
1 67.4598 105.3197 2 1 1 1 1 1.4035 1
1 74.0931 102.4500 4 1 1 1 1 1.2795 1
1 67.0555 109.5032 3 1 1 1 1 1.1373 1
1 104.7658 137.1957 2 2 1 1 0 2.8626 1
1 103.0292 121.9929 4 2 1 1 0 3.5426 1
1 99.0352 89.4037 1 3 1 1 0 1.3592 1
1 95.0812 129.7580 1 2 1 1 0 1.5553 1
1 92.5239 112.3685 4 2 1 1 0 1.5311 1
1 116.6119 107.6445 4 4 1 1 0 1.0270 1
1 91.7822 124.1051 1 2 1 1 0 1.2622 1
1 122.1071 98.6297 1 4 1 1 0 1.5187 1
1 110.0655 62.6440 2 3 1 1 0 1.2206 1
1 101.7707 60.4127 4 3 1 1 0 1.3338 1
1 58.4333 101.9441 3 1 1 1 1 1.8322 1
1 107.8462 71.1292 1 3 1 1 0 1.4307 1
1 96.4923 64.0008 3 3 1 1 0 1.3876 1
1 101.3815 73.0170 3 3 1 1 0 1.3429 1
1 105.6745 113.8609 2 2 1 1 0 1.4750 1
1 56.6860 103.5982 4 1 1 1 1 2.0245 1
1 109.0030 126.8378 2 2 1 1 0 1.6912 1
1 104.8418 64.5808 2 3 1 1 0 1.5096 1
1 136.5479 103.7805 1 4 1 1 0 1.1163 1
1 123.0373 92.7710 4 4 1 1 0 1.4010 1
1 127.7061 107.1893 3 4 1 1 0 1.3244 1
1 86.1985 132.7623 1 2 1 1 0 1.5502 1
1 88.0723 90.5523 4 3 1 1 0 1.4625 1
1 63.8999 101.5863 3 1 1 1 1 1.1805 1
1 92.5878 154.2830 1 2 1 1 0 1.5624 1
1 96.6394 63.9314 2 3 1 1 0 3.4425 1
1 124.5032 78.1772 3 4 1 1 0 1.0791 1
1 90.7772 75.4578 2 3 1 1 0 4.4197 1
1 82.9178 60.6965 3 3 1 1 0 3.9050 1
1 104.8871 113.3817 1 2 1 1 0 1.8894 1
1 93.9370 62.4624 1 3 1 1 0 3.0571 1
1 94.5580 127.3204 4 2 1 1 0 3.4043 1
1 108.7283 146.0765 1 2 1 1 0 2.7533 1
1 62.8468 102.1042 1 1 1 1 1 1.4617 1
1 127.5829 95.3633 3 4 1 1 0 2.5381 1
2 81.6602 102.3989 2 1 1 1 1 2.3027 1
2 103.8216 160.6784 4 2 1 1 0 1.3954 1
2 131.2836 106.8547 3 4 1 1 0 1.3829 1
2 110.4242 97.2032 2 4 1 1 0 1.6095 1
2 111.7934 125.1150 3 2 1 1 0 1.3468 1
2 134.8970 112.8241 3 4 1 1 0 1.3494 1
2 111.1157 67.1623 3 3 1 1 0 1.6245 1
2 109.2279 139.7944 2 2 1 1 0 1.8579 1
2 109.0777 102.4331 2 4 1 1 0 4.0507 1
2 143.6140 95.9601 4 4 1 1 0 1.8310 1
2 113.6511 134.4659 4 2 1 1 0 1.7165 1
2 116.9347 101.9188 1 4 1 1 0 1.5681 1
2 101.4667 116.3394 3 2 1 1 0 1.2721 1
2 123.7680 91.1913 3 4 1 1 0 1.9935 1
2 90.9948 70.2116 4 3 1 1 0 1.4025 1
2 125.3602 108.8345 3 4 1 1 0 1.1664 1
2 101.8316 65.4209 2 3 1 1 0 1.2281 1
2 124.5032 100.2541 3 4 1 1 0 1.5151 1
2 138.1050 78.6352 1 4 1 1 0 1.5544 1
2 129.3278 121.8224 1 4 1 1 0 1.2893 1
2 103.0445 133.7577 3 2 1 1 0 1.4513 1
2 105.0474 72.4231 3 3 1 1 0 1.5838 1
2 72.5930 121.4012 4 1 1 1 1 1.6567 1
2 72.5890 103.3064 2 1 1 1 1 1.3158 1
2 75.2236 88.3775 3 1 1 1 1 1.2852 1
2 65.7857 99.0509 3 1 1 1 1 1.1907 1
2 100.2872 72.8516 3 3 1 1 0 1.3818 1
2 112.9909 56.6666 1 3 1 1 0 1.7374 1
2 81.7712 111.1103 3 1 1 1 1 1.5735 1
2 103.8987 52.9844 1 3 1 1 0 0.9434 1
2 125.4987 91.7156 3 4 1 1 0 1.3859 1
2 96.2220 119.3550 2 2 1 1 0 1.4705 1
2 104.9786 107.9879 4 2 1 1 0 1.6696 1
2 91.9586 81.3687 4 3 1 1 0 1.7452 1
2 102.3440 113.0387 4 2 1 1 0 1.0718 1
2 105.2905 110.1930 3 2 1 1 0 1.4215 1
2 119.6669 98.9626 1 4 1 1 0 1.1873 1
2 63.4951 112.7103 3 1 1 1 1 2.0193 1
2 97.4285 121.9249 4 2 1 1 0 1.2392 1
2 143.8585 102.7132 2 4 1 1 0 1.8000 1
2 92.9179 131.8423 1 2 1 1 0 1.4935 1
2 126.1796 107.6207 2 4 1 1 0 1.0363 1
2 78.5336 135.8575 1 2 1 1 0 1.3047 1
2 98.5304 129.2492 4 2 1 1 0 1.1782 1
2 127.5453 108.7529 1 4 1 1 0 1.2259 1
2 79.3083 92.6669 3 1 1 1 1 1.7708 1
2 133.3841 95.1198 2 4 1 1 0 1.6094 1
2 101.9040 83.9635 1 3 1 1 0 1.8900 1
2 70.8464 89.2329 4 1 1 1 1 0.9142 1
2 98.1891 128.3366 4 2 1 1 0 1.4673 1
2 64.0133 119.6554 2 1 1 1 1 1.3307 1
2 135.3313 94.3023 2 4 1 1 0 2.1972 1
2 118.5892 107.7876 2 2 1 1 0 2.2364 1
2 102.0303 55.2700 2 3 1 1 0 1.6539 1
2 132.7261 92.5790 3 4 1 1 0 2.1294 1
2 89.6134 63.6083 1 3 1 1 0 2.0722 1
2 60.5538 97.4907 1 1 1 1 1 1.4208 1
2 72.5069 95.0757 3 1 1 1 1 1.1375 1
2 118.2760 134.3861 1 2 1 1 0 1.8715 1
2 78.1628 109.6438 2 1 1 1 1 1.2942 1
2 69.0852 87.0812 3 1 1 1 1 1.2313 1
2 97.6390 74.1439 1 3 1 1 0 1.6148 1
2 65.8822 90.4625 3 1 1 1 1 1.2394 1
2 117.5010 78.0190 2 3 1 1 0 2.0881 1
2 64.8705 105.0281 4 1 1 1 1 1.2929 1
2 135.3254 107.9271 3 4 1 1 0 1.5512 1
2 76.2416 107.6445 4 1 1 1 1 1.7041 1
2 99.0396 118.4244 1 2 1 1 0 1.7960 1
2 64.0041 91.5645 3 1 1 1 1 1.3930 1
2 106.9334 125.3360 3 2 1 1 0 1.9085 1
2 136.2692 109.1555 1 4 1 1 0 2.5812 1
2 106.6255 68.2164 1 3 1 1 0 1.8626 1
2 83.2440 87.2348 2 3 1 1 0 2.0054 1
2 110.6129 128.7154 3 2 1 1 0 1.0634 1
2 73.6712 95.8782 2 1 1 1 1 1.3636 1
2 82.4519 94.3090 3 1 1 1 1 1.0477 1
2 107.4894 67.7759 1 3 1 1 0 0.9321 1
2 99.8686 69.5788 2 3 1 1 0 1.3914 1
2 106.5160 71.4494 1 3 1 1 0 1.3649 1
2 93.3562 125.6489 3 2 1 1 0 3.0660 1
2 70.5587 113.6624 1 1 1 1 1 1.4629 1
2 98.8722 73.9907 3 3 1 1 0 2.5084 1
2 82.9756 154.2510 1 2 1 1 0 1.9313 1
2 135.8998 87.2633 1 4 1 1 0 2.0917 1
2 111.2919 71.9448 2 3 1 1 0 0.9936 1
2 101.5459 83.4905 3 3 1 1 0 1.0522 1
2 102.5889 83.5736 1 3 1 1 0 1.0972 1
2 113.7347 110.0741 4 4 1 1 0 0.8705 1
2 109.2990 94.7243 4 4 1 1 0 0.7825 1
2 55.9682 101.5119 4 1 1 1 1 1.3163 1
2 108.8308 89.4585 4 3 1 1 0 1.3032 1
2 105.5620 113.2681 3 2 1 1 0 1.3215 1
2 75.2274 96.2135 2 1 1 1 1 1.2441 1
2 104.9014 118.6219 2 2 1 1 0 4.3185 1
2 63.4817 91.5669 4 1 1 1 1 1.1773 1
2 119.8556 94.2118 4 4 1 1 0 1.8008 1
2 117.2242 127.3864 3 2 1 1 0 2.8394 1
2 96.1417 70.8354 2 3 1 1 0 3.1838 1
2 80.5237 83.7751 4 3 1 1 0 1.1685 1
2 42.7977 98.7857 2 1 1 1 1 1.0408 1
3 64.7926 86.6726 1 1 1 1 1 1.6308 1
3 103.7936 74.4077 2 3 1 1 0 2.5355 1
3 64.1784 95.8536 1 1 1 1 1 1.5750 1
3 103.5026 142.9016 4 2 1 1 0 1.8247 1
3 122.1147 103.2817 1 4 1 1 0 0.9125 1
3 106.7931 73.1952 1 3 1 1 0 0.9860 1
3 93.6008 125.3017 2 2 1 1 0 1.0295 1
3 84.6467 111.4268 2 1 1 1 1 1.3781 1
3 93.2724 118.2552 3 2 1 1 0 1.2875 1
3 100.4483 55.0481 2 3 1 1 0 1.8660 1
3 131.7155 99.7142 3 4 1 1 0 1.3216 1
3 75.5032 120.2016 1 1 1 1 1 1.0526 1
3 135.2789 131.4748 2 4 1 1 0 2.7772 1
3 102.7899 116.4195 1 2 1 1 0 2.6080 1
3 117.3649 99.6703 2 4 1 1 0 2.9311 1
3 123.5975 102.7674 4 4 1 1 0 1.4371 1
3 139.5657 102.7081 2 4 1 1 0 1.2022 1
3 115.0339 82.6380 2 3 1 1 0 1.4089 1
3 108.8706 89.0201 4 4 1 1 0 1.3182 1
3 88.1573 69.8247 4 3 1 1 0 1.2088 1
3 136.0329 94.3559 2 4 1 1 0 1.0801 1
3 98.6420 67.0848 2 3 1 1 0 1.1088 1
3 103.4156 75.8864 1 3 1 1 0 1.1385 1
3 101.9112 68.7101 4 3 1 1 0 1.1207 1
3 81.7898 111.5385 4 2 1 1 0 1.2309 1
3 74.0738 99.6458 2 1 1 1 1 1.0876 1
3 119.9412 80.9812 4 3 1 1 0 3.3086 1
3 107.7596 101.6084 3 4 1 1 0 1.0551 1
3 69.6587 95.3935 1 1 1 1 1 1.4679 1
3 96.0948 76.7071 2 3 1 1 0 1.7132 1
3 122.0531 99.8556 1 4 1 1 0 0.9264 1
3 90.4349 136.3736 3 2 1 1 0 1.6719 1
3 72.1357 96.4958 1 1 1 1 1 1.0914 1
3 133.2758 109.7255 1 4 1 1 0 1.4893 1
3 91.4105 93.8808 3 3 1 1 0 1.2581 1
3 104.4554 125.8732 3 2 1 1 0 0.7646 1
3 92.8701 115.4010 2 2 1 1 0 1.0263 1
3 100.9880 121.5908 3 2 1 1 0 3.3273 1
3 58.3788 84.3613 3 1 1 1 1 1.2199 1
3 133.9920 82.4607 2 4 1 1 0 1.5724 1
3 77.3297 102.7611 4 1 1 1 1 0.4147 1
3 65.2252 109.4380 3 1 1 1 1 0.1093 1
3 55.6794 110.5232 1 1 1 1 1 0.3880 1
3 77.5743 106.8028 1 1 1 1 1 0.6591 1
3 77.8577 103.2591 4 1 1 1 1 1.2717 1
3 68.8092 92.9212 2 1 1 1 1 0.4748 1
3 111.5165 115.1448 4 2 1 1 0 0.4577 1
3 122.8224 101.7694 2 4 1 1 0 1.8967 1
3 81.9795 108.6904 3 1 3 1 0 2.8263 1
3 78.1565 106.1586 3 1 4 1 0 5.6498 1
3 121.7999 103.9522 2 4 4 1 1 1.1738 1
3 105.3690 62.3515 2 3 4 1 0 0.7099 1
3 101.9270 124.9169 3 2 1 1 0 1.1796 1
3 106.0402 131.1355 1 2 1 1 0 1.9803 1
3 110.4685 121.2093 2 2 2 1 1 0.8158 1
3 133.5203 113.6583 1 4 2 1 0 1.0479 1
3 88.6888 98.2993 2 1 1 1 1 1.0756 1
3 125.8238 82.1636 2 4 2 1 0 1.4904 1
3 98.4734 67.9758 2 3 4 1 0 2.3294 1
3 124.1812 129.4869 2 4 3 1 0 0.3735 1
3 86.8404 95.0285 3 3 2 1 0 0.3067 1
3 88.7273 138.5179 4 2 1 1 0 0.8626 1
3 139.6484 97.5681 2 4 3 1 0 0.3431 1
3 97.2248 74.9069 1 3 4 1 0 0.2915 1
3 136.7401 101.5012 4 4 2 1 0 0.3668 1
3 111.3216 66.9400 1 3 3 1 1 0.4280 1
3 100.5643 73.9713 1 3 2 1 0 1.3049 1
3 102.9168 122.0853 1 2 1 1 0 0.6037 1
3 154.9917 97.4097 3 4 3 1 0 0.9268 1
3 109.4239 76.8451 1 3 2 1 0 2.0564 1
3 138.9077 109.0262 1 4 4 1 1 3.2290 1
3 94.9160 127.7004 4 2 4 1 0 0.5741 1
3 67.6983 96.7664 4 1 1 1 1 0.5906 1
3 106.8346 93.8795 3 4 4 1 1 2.7861 1
3 106.3064 69.9625 4 3 4 1 0 1.8488 1
3 74.1058 102.7346 1 1 1 1 1 1.2725 1
3 60.9801 93.5680 1 1 1 1 1 0.6994 1
3 84.6675 102.7472 4 1 2 1 0 1.8077 1
3 136.6421 100.5962 3 4 4 1 1 1.5506 1
3 104.8713 112.1152 3 2 3 1 0 1.0796 1
3 89.2490 78.6219 2 3 1 1 0 0.5812 1
3 99.2293 138.8234 3 2 2 1 1 0.6475 1
3 91.5153 109.5289 1 2 2 1 1 0.7944 1
3 112.4084 118.7632 1 4 2 1 0 1.0086 1
3 91.3928 137.1108 2 2 2 1 1 0.7000 1
3 107.3375 146.0332 3 2 3 1 0 0.6083 1
3 74.1195 99.1445 3 1 1 1 1 0.7067 1
3 95.6192 81.2971 1 3 2 1 0 1.4154 1
3 97.0638 60.2841 2 3 3 1 1 1.0529 1
3 100.2263 73.7651 4 3 3 1 1 0.4258 1
3 99.8400 81.4098 3 3 3 1 1 0.3919 1
3 96.1414 112.7962 3 2 3 1 0 0.4207 1
3 94.4080 49.6970 1 3 1 1 0 0.6261 1
3 99.7772 123.8030 3 2 3 1 0 0.6617 1
3 95.9106 133.0822 4 2 2 1 1 0.3280 1
3 75.6848 119.7178 4 1 2 1 0 0.3221 1
3 65.5803 106.6743 2 1 1 1 1 0.3004 1
3 94.4813 130.1834 3 2 1 1 0 0.2633 1
3 132.9753 98.2457 3 4 3 1 0 0.5443 1
3 73.1696 85.1931 2 1 1 1 1 0.6409 1
4 64.3651 104.8376 2 1 1 0 0 5.8548 1
4 137.0804 110.1187 3 4 2 0 0 0.8850 1
4 139.8791 103.1183 4 4 3 0 0 0.3513 1
4 88.6969 141.3633 3 2 4 0 0 0.2837 1
4 95.7107 96.6214 1 1 2 0 0 0.9802 1
4 129.2654 80.7698 3 4 2 0 0 1.4556 1
4 67.7185 92.3521 2 1 1 0 0 0.6306 1
4 91.9709 124.1509 1 2 4 0 0 0.4420 1
4 95.8447 83.3202 3 3 3 0 1 0.3117 1
4 71.6742 104.6640 2 1 3 0 0 0.5474 1
4 65.6660 89.5178 3 1 1 0 0 0.4183 1
4 137.3462 113.9915 1 4 1 0 1 0.9282 1
4 104.5539 75.9852 3 3 4 0 0 1.2112 1
4 71.1468 98.6645 1 1 3 0 0 0.9712 1
4 137.4330 97.0950 2 4 1 0 0 1.1574 1
4 79.1953 108.8968 2 1 2 0 1 0.6945 1
4 148.4004 105.7397 4 4 1 0 0 0.8905 1
4 66.3930 108.7872 2 1 2 0 1 0.5800 1
4 124.2482 90.8835 4 4 4 0 1 0.9660 1
4 143.6517 112.9284 3 4 3 0 1 0.8807 1
4 90.4904 90.7713 1 1 4 0 0 1.0492 1
4 116.7106 100.2723 4 4 4 0 1 0.8845 1
4 91.6651 129.7944 1 2 1 0 1 1.0042 1
4 103.5668 102.0057 4 2 1 0 0 1.0797 1
4 103.5842 78.5183 1 3 1 0 1 0.9011 1
4 69.8536 99.2167 1 1 2 0 0 0.9909 1
4 66.9476 106.2204 3 1 3 0 1 0.8907 1
4 91.8422 58.5898 4 3 1 0 0 0.4522 1
4 68.4902 100.3769 1 1 3 0 0 0.7868 1
4 120.2600 88.8269 3 4 2 0 0 0.2502 1
4 101.9013 52.5659 1 3 4 0 0 0.2277 1
4 80.3229 104.6976 3 1 1 0 0 0.7329 1
4 85.1726 84.3353 2 1 3 0 0 0.7857 1
4 124.4834 113.4982 1 4 2 0 0 0.3281 1
4 100.2864 72.4270 4 3 4 0 1 0.3723 1
4 104.4290 118.4309 1 2 3 0 0 0.7363 1
4 80.0384 101.4079 3 1 2 0 0 0.4053 1
4 106.9555 129.7324 2 2 1 0 0 0.2429 1
4 103.3200 134.0606 3 2 4 0 0 0.3171 1
4 129.4991 98.6783 1 4 3 0 0 0.3759 1
4 107.2683 82.1691 4 3 1 0 0 0.3240 1
4 147.2658 83.1370 2 4 2 0 1 0.3356 1
4 136.6960 85.7850 4 4 4 0 1 0.2837 1
4 107.4212 77.5781 1 3 3 0 0 0.3571 1
4 109.8450 73.7830 1 3 1 0 1 0.2735 1
4 90.9566 126.3451 2 2 2 0 1 0.3491 1
4 94.2845 48.6109 4 3 4 0 1 0.2653 1
4 68.2180 104.2906 3 1 3 0 1 0.3386 1
4 108.6715 117.6680 1 2 1 0 1 0.3347 1
4 73.7486 110.4400 2 1 2 0 1 0.2823 1
4 94.8941 72.0194 1 3 4 0 0 0.2917 1
4 127.8129 85.9738 4 4 3 0 0 0.2859 1
4 79.8961 81.1035 4 3 1 0 0 0.2801 1
4 135.8160 105.1594 2 4 2 0 1 0.2602 1
4 123.1753 102.4976 3 4 4 0 0 0.4147 1
4 81.3311 81.8530 1 1 3 0 0 0.4751 1
4 97.8026 130.4800 2 2 4 0 0 0.5206 1
4 127.0373 102.5313 2 4 4 0 0 0.4236 1
4 100.2814 82.6420 2 3 4 0 0 0.2437 1
4 65.2718 109.8442 3 1 4 0 0 0.4760 1
4 75.7972 136.1125 1 2 4 0 0 0.2983 1
4 121.4979 110.0468 2 4 4 0 0 0.3088 1
4 95.8101 77.8261 4 3 1 0 0 0.3673 1
4 133.6930 86.1741 1 4 2 0 0 0.2529 1
4 106.4592 68.8722 2 3 4 0 0 0.2954 1
4 66.1666 70.6993 4 1 4 0 1 0.2416 1
4 97.5037 109.7229 4 2 3 0 0 0.2666 1
4 101.5083 136.7463 1 2 1 0 1 0.3084 1
4 71.3646 100.4742 3 1 1 0 0 1.0241 1
4 102.2557 91.8934 2 3 2 0 1 0.4606 1
4 109.1853 138.0732 1 2 4 0 0 0.4436 1
4 105.3632 117.7025 3 2 3 0 1 0.4892 1
4 106.5451 94.5860 3 4 3 0 1 0.9202 1
4 129.2816 110.8507 2 4 1 0 0 0.6272 1
4 68.9197 110.3770 1 1 2 0 0 0.6933 1
4 90.2395 128.2253 3 2 4 0 0 0.3940 1
4 108.9303 81.9381 1 4 3 0 0 0.4868 1
4 87.3135 64.0285 2 3 1 0 0 0.4069 1
4 112.0955 90.0869 4 4 1 0 0 0.7245 1
4 70.9591 107.6042 2 1 1 0 0 0.7292 1
4 107.4892 144.6437 3 2 2 0 0 0.6229 1
4 95.0873 138.8186 3 2 4 0 0 0.3541 1
4 89.3754 80.2530 1 3 3 0 0 8.1752 1
4 109.2525 147.8820 2 2 4 0 0 2.3323 1
4 57.9441 87.1006 2 1 3 0 0 0.3757 1
4 88.9518 121.9229 1 2 2 0 0 0.2950 1
4 134.6526 106.7230 2 4 1 0 0 0.3231 1
4 78.0756 96.2654 3 1 1 0 0 0.6231 1
4 123.1581 86.3214 3 3 1 0 0 0.3218 1
4 100.3058 142.8041 3 2 3 0 1 0.8147 1
4 108.7611 66.5369 3 3 4 0 0 0.7425 1
4 90.9210 64.4163 1 3 2 0 0 0.8586 1
4 103.7841 117.2437 1 2 3 0 0 1.3157 1
4 104.3017 71.1701 3 3 4 0 0 0.9984 1
4 99.2218 84.4636 1 3 3 0 0 0.9451 1
4 98.2988 66.6219 2 3 1 0 0 0.8749 1
4 101.4158 66.0176 4 3 2 0 0 0.3244 1
4 91.6309 131.5931 4 2 3 0 0 0.7843 1
4 88.8389 138.9016 4 2 4 0 1 0.4226 1
4 97.0720 123.3270 1 2 4 0 0 0.4210 1
5 64.2303 102.6138 1 1 1 0 1 1.4069 1
5 103.5760 77.8437 2 3 3 0 0 0.9659 1
5 94.4599 89.8636 4 3 2 0 0 0.3834 1
5 107.4919 124.2660 1 2 4 0 0 0.6526 1
5 74.4056 94.8732 4 1 1 0 0 0.6881 1
5 86.9869 137.7303 3 2 4 0 0 0.3081 1
5 79.5622 79.5091 3 3 3 0 1 0.5276 1
5 95.3532 130.8562 3 2 1 0 0 0.2886 1
5 86.3785 114.4504 2 1 2 0 1 0.2515 1
5 92.5923 132.0602 3 2 4 0 0 0.7417 1
5 96.9975 144.9041 3 2 3 0 1 0.3944 1
5 103.3468 81.9164 4 3 3 0 0 8.3926 1
5 56.5795 97.8917 1 1 1 0 1 0.0056 1
5 83.5111 127.4984 1 2 2 0 0 0.5835 1
5 64.6998 97.2169 3 1 4 0 0 0.1851 1
5 114.1970 77.1463 2 3 3 0 0 0.6235 1
5 80.1687 102.4136 1 1 2 0 0 0.4980 1
5 120.1177 97.7777 1 4 1 0 1 0.8341 1
5 103.6137 74.1008 3 3 3 0 1 0.9382 1
5 78.4511 105.1860 4 1 3 0 0 0.5653 1
5 146.5705 88.5627 4 4 1 0 0 0.5685 1
5 102.5619 50.8807 4 3 4 0 1 0.6973 1
5 73.3303 105.7902 2 1 1 0 0 0.6543 1
5 107.7221 122.8525 3 2 4 0 0 0.6577 1
5 98.1793 69.0923 1 3 1 0 1 0.5182 1
5 94.1610 140.3225 1 2 1 0 1 0.6457 1
5 95.6356 122.0070 4 2 3 0 0 1.5615 1
5 124.8026 92.4396 1 4 1 0 1 0.4532 1
5 107.7094 136.7320 4 2 1 0 0 0.4842 1
5 99.3557 122.9250 2 2 4 0 0 0.5792 1
5 76.5329 94.4930 4 1 2 0 0 0.4052 1
5 61.9010 110.7270 3 1 1 0 0 0.3384 1
5 89.8963 132.1882 4 2 3 0 0 0.4148 1
5 84.9137 90.1487 1 3 1 0 1 0.3179 1
5 104.0930 67.8945 4 3 1 0 0 0.4724 1
5 85.6570 87.3307 2 1 3 0 0 0.6006 1
5 81.9811 122.2044 2 2 1 0 0 0.6681 1
5 75.9152 124.9741 3 1 2 0 0 0.3200 1
5 127.2725 101.2891 1 4 4 0 0 0.3157 1
5 114.2944 103.6657 1 4 3 0 0 0.4240 1
5 96.6668 66.6565 3 3 1 0 0 0.3257 1
5 108.8790 128.9527 3 2 2 0 0 0.2580 1
5 104.6776 56.5007 1 3 4 0 0 0.4453 1
5 150.1976 102.3980 3 4 3 0 1 0.3633 1
5 113.0291 96.0229 4 4 4 0 1 1.8473 1
5 97.3913 130.7559 2 2 2 0 1 0.7769 1
5 121.9180 85.3120 1 4 4 0 0 0.7845 1
5 103.7433 91.3476 4 4 4 0 1 0.9511 1
5 109.5893 66.1443 4 3 4 0 1 0.6425 1
5 123.3151 82.9203 2 3 4 0 0 0.8217 1
5 136.1951 109.8769 2 4 2 0 1 0.7003 1
5 72.9761 91.8513 1 1 1 0 1 0.6417 1
5 111.8529 106.1376 2 4 2 0 1 0.8368 1
5 107.9136 64.3814 3 3 4 0 0 0.9093 1
5 140.3759 105.7105 1 4 3 0 0 0.5188 1
5 106.8019 73.1424 1 3 2 0 0 0.7110 1
5 49.0672 104.1744 2 1 1 0 0 0.5708 1
5 77.5306 86.0670 3 1 2 0 0 0.6512 1
5 104.7419 95.8541 1 4 1 0 1 0.3989 1
5 70.1847 112.6640 4 1 1 0 0 0.6044 1
5 100.7278 116.5772 3 2 4 0 0 0.3347 1
5 121.8793 109.9178 3 4 3 0 1 0.3789 1
5 131.9336 115.7457 4 4 1 0 0 0.2958 1
5 103.6479 80.3249 3 3 2 0 0 0.2423 1
5 88.4604 132.3513 4 2 4 0 1 0.2844 1
5 135.9208 94.1744 4 4 3 0 0 0.2142 1
5 95.5026 80.5391 4 3 2 0 0 0.2568 1
5 96.4990 80.8376 4 3 4 0 1 0.4108 1
5 67.2599 96.2754 3 1 3 0 1 0.2485 1
5 113.7865 95.2948 4 3 1 0 0 0.4343 1
5 114.6830 141.2372 1 2 2 0 0 0.3853 1
5 125.7579 107.7674 3 4 3 0 1 0.5264 1
5 113.1897 81.5377 1 4 3 0 0 0.3190 1
5 61.1240 86.3064 3 1 4 0 0 0.3630 1
5 100.2628 126.5816 2 2 4 0 0 0.1991 1
5 80.0097 106.6956 1 1 1 0 1 0.3680 1
5 80.5136 110.9438 4 1 1 0 0 0.6040 1
5 128.0394 100.6980 2 4 3 0 0 0.3993 1
5 124.4760 113.3694 3 4 4 0 0 0.4940 1
5 66.8812 103.1281 1 1 1 0 1 0.7974 1
5 65.5740 101.7929 3 1 1 0 0 0.4682 1
5 107.5018 121.6098 4 2 4 0 1 0.5474 1
5 106.3317 61.3886 1 3 2 0 0 1.8119 1
5 62.3993 88.2892 4 1 4 0 1 1.0909 1
5 73.9319 114.8849 2 1 4 0 0 0.7682 1
5 103.3680 147.2061 3 2 3 0 1 0.4699 1
5 95.9689 62.9362 4 3 1 0 0 0.5165 1
5 95.9898 78.3730 3 3 4 0 0 0.3411 1
5 87.5448 133.7851 4 2 1 0 0 0.4172 1
5 87.1385 149.7429 2 2 2 0 1 0.4795 1
5 128.9701 121.7062 1 4 4 0 0 0.2553 1
5 108.5905 150.0014 1 2 1 0 1 0.5378 1
5 79.8248 110.0313 1 1 4 0 0 0.4275 1
5 102.9579 73.3276 4 3 3 0 0 0.4426 1
5 134.6237 92.0509 2 4 2 0 1 1.0174 1
5 126.4884 92.9181 4 4 4 0 1 9.7493 1
5 112.8350 144.2134 3 2 3 0 1 0.3553 1
5 132.6607 101.5893 2 4 1 0 0 0.3212 1
5 133.6609 106.8919 4 4 2 0 0 0.4609 1
5 82.7276 60.7880 4 3 4 0 1 0.3148 1
6 82.2037 101.0427 1 1 4 0 0 0.6868 1
6 74.8396 110.4062 1 1 1 0 1 0.3411 1
6 80.3630 107.5832 4 1 1 0 0 0.5456 1
6 51.4384 108.5347 3 1 1 0 0 0.5461 1
6 114.5423 65.2524 4 3 3 0 0 0.4831 1
6 100.1946 133.4809 4 2 4 0 1 0.8829 1
6 94.1701 78.6328 2 3 2 0 1 0.6684 1
6 111.1747 126.9010 3 2 3 0 1 1.3137 1
6 103.2945 76.8177 1 3 4 0 0 1.8297 1
6 52.2791 89.7587 2 1 1 0 0 0.7415 1
6 92.7225 150.3744 1 2 4 0 0 0.8422 1
6 138.9301 102.8864 1 4 4 0 0 0.6575 1
6 71.1379 121.6782 4 1 1 0 0 0.6767 1
6 104.7563 75.8659 2 3 2 0 1 2.0405 1
6 68.5902 111.2368 2 1 1 0 0 2.1426 1
6 116.8400 79.5157 3 3 3 0 1 2.8218 1
6 122.5304 84.5825 1 4 3 0 0 1.2288 1
6 94.8067 71.0829 4 3 1 0 0 2.0949 1
6 93.4160 96.6826 1 1 4 0 0 1.3201 1
6 105.3890 122.3535 4 2 1 0 0 0.6842 1
6 95.0387 77.2566 4 3 2 0 0 0.6396 1
6 95.5324 124.7046 4 2 4 0 1 0.3392 1
6 67.3771 101.2090 2 1 3 0 0 0.2716 1
6 136.1853 96.6623 3 4 2 0 0 0.3142 1
6 105.6702 73.1600 1 3 1 0 1 0.3098 1
6 126.1778 99.7698 4 4 1 0 0 0.3687 1
6 136.3717 93.2697 3 4 4 0 0 0.3183 1
6 118.4548 107.2515 2 4 4 0 0 1.0183 1
6 127.7091 94.5345 1 4 3 0 0 0.3747 1
6 94.9339 58.1167 4 3 4 0 1 0.4033 1
6 107.6510 124.9763 4 2 3 0 0 0.3215 1
6 57.3956 106.8825 4 1 4 0 1 0.3644 1
6 144.1202 106.3873 4 4 1 0 0 0.2835 1
6 130.3035 108.1081 4 4 4 0 1 0.2784 1
6 103.2879 70.9612 4 3 2 0 0 0.6421 1
6 99.1364 69.9712 2 3 3 0 0 0.2917 1
6 69.5087 113.4943 4 1 4 0 1 0.1266 1
6 96.4913 75.5477 2 3 4 0 0 0.5184 1
6 78.2270 104.3290 4 1 1 0 0 0.5838 1
6 80.1447 103.8121 3 1 4 0 0 0.2489 1
6 133.5661 96.3853 3 4 4 0 0 0.2753 1
6 102.1490 115.6918 2 4 4 0 0 4.6375 1
6 111.7206 105.1756 1 4 1 0 1 0.4491 1
6 132.7079 98.4518 4 4 3 0 0 0.3525 1
6 68.7974 98.9162 2 1 4 0 0 0.2525 1
6 105.2155 124.7106 2 2 1 0 0 0.3579 1
6 110.4528 128.4331 1 2 2 0 0 0.2926 1
6 85.8959 100.2280 4 1 4 0 1 0.3206 1
6 101.0772 80.8251 4 3 1 0 0 0.2367 1
6 79.3883 101.9495 1 1 4 0 0 0.5599 1
6 69.8300 103.9540 4 1 3 0 0 0.3628 1
6 114.0655 154.3119 4 2 2 0 0 0.3124 1
6 110.7191 120.0225 1 2 3 0 0 0.4535 1
6 95.9064 128.1414 4 2 2 0 0 0.2305 1
6 54.5403 100.5869 4 1 1 0 0 0.4646 1
6 85.6290 129.7241 2 2 4 0 0 0.4332 1
6 121.2142 99.1859 4 4 3 0 0 0.3845 1
6 85.6089 129.0267 4 2 4 0 1 0.3996 1
6 93.1776 65.4764 2 3 2 0 1 0.3022 1
6 138.7935 110.5281 3 4 3 0 1 0.8907 1
6 110.6893 65.7843 1 3 1 0 1 0.7257 1
6 77.5715 109.9897 2 1 3 0 0 2.5086 1
6 85.5099 78.3823 4 3 1 0 0 0.4798 1
6 53.2597 97.6524 3 1 4 0 0 0.2896 1
6 119.7651 117.6533 3 2 1 0 0 0.3163 1
6 80.0327 125.0308 1 2 2 0 0 0.4260 1
6 92.6224 121.3498 3 2 1 0 0 0.2958 1
6 109.8880 115.3438 4 2 3 0 0 0.3711 1
6 108.1576 121.1709 1 2 4 0 0 0.1778 1
6 81.4458 97.6135 3 1 4 0 0 0.4463 1
6 89.9558 64.8627 4 3 1 0 0 0.4296 1
6 102.0468 85.1780 2 3 3 0 0 0.4622 1
6 132.9935 87.5063 4 4 2 0 0 0.4148 1
6 120.7779 94.1121 1 4 4 0 0 0.2541 1
6 102.1550 55.7520 1 3 3 0 0 0.4735 1
6 137.0833 98.5415 4 4 1 0 0 0.2824 1
6 94.4389 74.6188 3 3 4 0 0 0.2954 1
6 125.0165 87.0374 1 4 3 0 0 0.7228 1
6 106.6803 75.3501 2 3 1 0 0 0.2196 1
6 86.3858 114.7453 4 1 2 0 0 0.3123 1
6 75.8619 108.5506 2 1 4 0 0 0.2776 1
6 133.9500 86.6055 1 4 2 0 0 0.1920 1
6 104.7057 119.4283 2 2 3 0 0 0.3130 1
6 114.0260 71.2138 3 3 1 0 0 0.3575 1
6 87.3270 119.1106 4 2 4 0 1 0.3704 1
6 117.2038 70.5478 4 3 2 0 0 0.3358 1
6 122.1670 87.2851 1 4 3 0 0 0.4283 1
6 107.8802 133.4480 3 2 1 0 0 0.2033 1
6 120.2761 123.7163 1 2 4 0 0 0.3098 1
6 138.1587 109.2010 4 4 2 0 0 0.1295 1
6 63.8100 110.5574 4 1 1 0 0 0.5527 1
6 113.2000 100.1867 1 4 4 0 0 0.7299 1
6 136.8027 115.4470 1 4 4 0 0 0.3521 1
6 83.8468 132.1807 1 2 4 0 0 1.0686 1
6 75.8624 81.3255 3 1 3 0 1 1.0027 1
6 145.5079 105.0925 4 4 4 0 1 1.0803 1
6 107.1687 132.0388 1 2 4 0 0 0.5507 1
6 89.4633 121.3259 4 2 1 0 0 0.4247 1
6 100.5722 59.0357 4 3 3 0 0 1.6558 1
6 82.7853 71.5963 3 3 4 0 0 1.3843 1
7 140.9303 83.2723 1 4 4 0 0 1.6788 1
7 123.5913 90.9964 4 3 1 0 0 0.4607 1
7 134.4524 99.3927 4 4 4 0 1 0.0281 1
7 94.3484 71.3368 4 3 3 0 0 0.2934 1
7 91.9884 65.8295 4 3 1 0 0 0.4027 1
7 77.0563 105.1720 4 1 1 0 0 1.8589 1
7 108.4486 68.6553 1 3 2 0 0 0.3408 1
7 104.1968 141.2735 2 2 4 0 0 0.2409 1
7 93.8110 81.9111 4 3 3 0 0 0.2194 1
7 109.4130 86.6045 2 3 1 0 0 2.8082 1
7 110.0177 129.0274 4 2 3 0 0 0.2410 1
7 111.8528 115.5680 1 2 1 0 1 0.8790 1
7 115.8688 77.2415 2 3 2 0 1 1.8991 1
7 103.9174 117.3660 2 2 1 0 0 1.4381 1
7 100.1930 132.4558 4 2 3 0 0 0.6125 1
7 107.3234 140.2796 2 2 4 0 0 0.2313 1
7 97.3704 74.7911 2 3 2 0 1 0.4014 1
7 127.3768 98.4144 2 4 4 0 0 0.4630 1
7 100.1202 137.3844 1 2 1 0 1 0.3199 1
7 116.4688 89.7162 1 4 4 0 0 0.3806 1
7 110.2706 135.7376 4 2 1 0 0 0.3462 1
7 99.5780 137.4124 4 2 4 0 1 0.7757 1
7 71.0004 111.1560 1 1 1 0 1 0.3922 1
7 108.3587 74.9542 3 3 2 0 0 0.6944 1
7 76.8107 106.3702 3 1 3 0 1 0.4747 1
7 99.8741 116.0471 4 2 4 0 1 0.3630 1
7 113.0652 114.0933 1 2 3 0 0 0.4407 1
7 99.8924 122.9074 1 2 2 0 0 0.2477 1
7 78.2750 98.0735 4 1 1 0 0 0.2420 1
7 104.9284 74.3248 4 3 4 0 1 0.2689 1
7 92.0560 65.2067 3 3 3 0 1 0.3594 1
7 79.9215 80.1434 1 1 4 0 0 0.2442 1
7 88.9937 55.4789 4 3 3 0 0 0.3987 1
7 66.6809 92.0205 2 1 1 0 0 0.2839 1
7 69.1136 108.5233 4 1 2 0 0 0.4079 1
7 87.7027 99.6187 3 1 1 0 0 0.9488 1
7 130.4596 86.2393 2 4 4 0 0 0.3057 1
7 113.3018 55.9921 3 3 3 0 1 0.1897 1
7 77.0293 88.6312 1 1 1 0 1 0.3617 1
7 123.6157 140.5805 4 2 4 0 1 0.3928 1
7 131.8167 93.1313 4 4 4 0 1 0.1023 1
7 107.9754 122.2757 3 2 3 0 1 0.0615 1
7 122.0819 84.6832 1 4 1 0 1 0.2436 1
7 71.1848 108.2609 4 1 1 0 0 0.7344 1
7 66.1732 98.4152 3 1 2 0 0 0.2289 1
7 71.1015 89.3096 1 1 1 0 1 0.3180 1
7 63.8414 99.9808 4 1 1 0 0 0.4417 1
7 128.0954 100.7774 1 4 4 0 0 0.5847 1
7 131.2149 122.0328 4 4 3 0 0 0.3951 1
7 71.8123 78.3524 2 1 1 0 0 0.9526 1
7 65.4832 111.9926 1 1 1 0 1 0.8517 1
7 116.9702 92.0839 1 4 2 0 0 0.5078 1
7 125.0520 99.4714 1 4 3 0 0 0.3162 1
7 87.9524 84.3511 4 1 1 0 0 0.7439 1
7 94.9933 68.5995 1 3 4 0 0 0.7022 1
7 98.2771 121.0598 4 2 3 0 0 0.4359 1
7 69.6821 91.3549 1 1 2 0 0 0.3710 1
7 98.2208 65.4573 4 3 1 0 0 0.8005 1
7 94.8763 128.9719 4 2 4 0 1 11.7212 1
7 98.4089 50.5345 1 3 4 0 0 0.3746 1
7 89.2050 134.1374 2 2 3 0 0 0.3393 1
7 122.3346 91.6734 4 4 1 0 0 0.2584 1
7 118.1874 104.7384 1 4 3 0 0 1.7584 1
7 132.5168 79.3665 3 4 4 0 0 1.9790 1
7 67.0568 102.8144 3 1 3 0 1 0.3855 1
7 63.0102 111.5537 3 1 1 0 0 0.3045 1
7 91.3367 66.3946 2 3 3 0 0 0.3006 1
7 87.6885 64.6841 1 3 4 0 0 0.2327 1
7 136.6643 105.0332 2 4 4 0 0 0.1792 1
7 104.2406 138.9003 2 2 3 0 0 0.2994 1
7 126.8054 79.3947 1 4 1 0 1 1.0160 1
7 94.5523 61.3336 2 3 2 0 1 0.2779 1
7 100.6615 138.9520 2 2 2 0 1 0.3045 1
7 108.8770 124.8040 3 2 2 0 0 0.4594 1
7 94.1668 86.3556 4 3 4 0 1 0.4421 1
7 111.1212 118.3085 4 4 3 0 0 0.6960 1
7 118.3561 111.6363 1 4 2 0 0 0.1886 1
7 150.6347 101.2032 2 4 1 0 0 0.3416 1
7 124.7199 97.3623 1 4 1 0 1 0.3381 1
7 116.1249 104.1484 4 4 3 0 0 0.3181 1
7 97.7604 139.6673 4 2 4 0 1 0.2981 1
7 95.4788 69.3943 2 3 3 0 0 0.2770 1
7 56.4131 94.2644 2 1 2 0 1 0.2568 1
7 98.0313 85.9155 2 3 3 0 0 0.3793 1
7 118.3336 94.6428 4 4 4 0 1 1.8019 1
7 86.6962 51.7089 1 3 2 0 0 0.1211 1
7 77.2926 99.9871 3 1 3 0 1 0.4499 1
7 131.3731 96.3049 2 4 1 0 0 0.2893 1
7 72.0866 111.0079 2 1 4 0 0 0.3170 1
7 137.7972 100.4247 2 4 3 0 0 0.3610 1
7 131.5554 93.7477 2 4 2 0 1 0.9194 1
7 102.6554 124.9706 2 2 4 0 0 0.3856 1
7 75.9614 119.5233 2 1 3 0 0 0.2391 1
7 79.8331 109.3147 1 1 2 0 0 0.3618 1
7 86.0869 61.6301 2 3 4 0 0 0.7440 1
7 103.0627 66.6268 4 3 3 0 0 2.2557 1
7 98.0211 135.4689 1 2 1 0 1 2.2238 1
7 101.1719 119.2859 1 2 4 0 0 0.4097 1
7 115.3325 116.7625 2 2 1 0 0 0.3436 1
7 69.4482 106.4665 1 1 4 0 0 0.4212 1
8 112.8966 126.8406 3 2 4 1 0 1.5348 1
8 70.0570 97.8239 2 1 4 1 0 1.9902 1
8 98.9094 143.2802 2 2 4 1 0 0.1220 1
8 92.0338 75.2069 2 3 1 1 0 0.3502 1
8 105.3527 58.0847 4 3 3 1 1 0.3143 1
8 103.3426 114.0996 3 2 1 1 0 0.2783 1
8 130.1129 92.5924 2 4 4 1 1 0.1932 1
8 88.9087 58.4290 1 3 4 1 0 0.2503 1
8 112.3647 123.1131 3 2 2 1 1 0.2124 1
8 59.6690 94.7477 4 1 1 1 1 0.7029 1
8 136.6758 89.3931 3 4 3 1 0 0.5465 1
8 127.9187 108.3813 4 4 2 1 0 0.5485 1
8 65.6183 91.4331 3 1 4 1 0 0.2451 1
8 129.4118 107.4261 4 4 4 1 1 0.5261 1
8 133.6424 103.4671 4 4 4 1 1 0.7678 1
8 74.2789 93.9803 4 1 1 1 1 0.7580 1
8 101.5874 128.6738 2 2 2 1 1 0.6986 1
8 131.6035 100.0489 3 4 3 1 0 0.5118 1
8 149.8503 85.6629 4 4 3 1 0 0.7039 1
8 116.8181 91.3350 3 3 4 1 0 0.6434 1
8 106.9445 67.1810 4 3 2 1 0 0.8541 1
8 95.1936 94.8259 2 3 2 1 0 0.5910 1
8 117.0446 134.5159 3 2 4 1 0 0.3701 1
8 105.5005 79.1120 2 3 4 1 0 0.4466 1
8 142.5410 96.0239 2 4 3 1 0 1.0857 1
8 113.0986 110.6975 2 2 1 1 0 0.3826 1
8 116.0171 54.0204 4 3 4 1 0 1.0042 1
8 110.8904 77.7991 1 3 3 1 1 0.6167 1
8 107.2509 127.7588 4 2 1 1 0 0.3017 1
8 117.8498 104.5631 1 4 4 1 1 0.4419 1
8 71.7453 107.3721 3 1 2 1 0 0.2984 1
8 87.4933 102.6541 1 1 4 1 0 0.3264 1
8 101.1053 71.3264 3 3 3 1 1 0.5636 1
8 76.5790 100.0855 1 1 3 1 0 0.6140 1
8 69.7773 107.5104 3 1 1 1 1 0.3466 1
8 105.3469 62.1127 3 3 3 1 1 0.3606 1
8 102.1152 59.2238 3 3 4 1 0 0.2622 1
8 104.7584 57.8152 2 3 1 1 0 0.4006 1
8 97.3481 129.1895 1 2 4 1 0 0.3677 1
8 70.9801 97.4984 3 1 3 1 0 0.2693 1
8 98.2451 120.4918 2 2 1 1 0 0.3613 1
8 90.7955 75.5635 1 3 2 1 0 0.2628 1
8 63.6398 102.4741 4 1 4 1 0 0.2573 1
8 113.9239 134.0780 3 2 1 1 0 0.2519 1
8 77.9282 100.4959 1 1 4 1 0 0.3425 1
8 96.8514 93.5220 1 1 3 1 0 0.3880 1
8 129.5553 104.7185 4 4 1 1 0 0.1782 1
8 107.7046 80.5418 4 3 2 1 0 0.2354 1
8 128.3816 97.9748 2 4 4 1 1 1.2863 1
8 56.7195 111.4643 3 1 4 1 0 0.3783 1
8 88.5755 154.7110 3 2 1 1 0 0.2948 1
8 140.5597 95.9058 1 4 4 1 1 0.2907 1
8 100.6883 64.5680 3 3 2 1 0 0.4307 1
8 90.6607 114.7931 2 2 3 1 0 0.3658 1
8 116.6820 143.1406 3 2 1 1 0 0.1713 1
8 70.7232 116.5256 3 1 4 1 0 0.4208 1
8 94.5770 65.3457 1 3 3 1 1 0.3234 1
8 116.9842 121.0366 2 4 4 1 1 0.8008 1
8 97.8579 128.1863 3 2 2 1 1 0.6168 1
8 141.1648 118.9442 1 4 3 1 0 0.6195 1
8 140.8232 100.9438 1 4 4 1 1 0.8153 1
8 92.9462 88.1557 3 3 2 1 0 0.8226 1
8 64.8654 97.4523 2 1 1 1 1 0.5747 1
8 105.4858 142.3728 2 2 3 1 0 0.9768 1
8 98.4903 82.6266 2 3 2 1 0 0.5878 1
8 77.9959 133.3717 1 2 3 1 0 0.6553 1
8 101.5544 85.0108 1 3 1 1 0 0.3404 1
8 93.9527 116.2486 4 2 4 1 0 0.9287 1
8 97.6917 64.1212 4 3 2 1 0 0.2995 1
8 82.0931 84.7054 3 1 1 1 1 0.4395 1
8 124.6191 98.2480 4 4 3 1 0 0.3109 1
8 100.4535 75.4099 1 3 2 1 0 0.2775 1
8 100.6753 135.6078 1 2 4 1 0 0.3533 1
8 91.0872 110.3567 1 2 1 1 0 0.2540 1
8 105.3467 81.1106 2 3 4 1 0 0.3453 1
8 88.9110 106.8961 1 1 3 1 0 0.3112 1
8 129.6642 100.7962 4 4 2 1 0 0.3088 1
8 120.9845 109.6560 2 4 1 1 0 0.3208 1
8 100.4068 124.7725 3 2 3 1 0 0.3968 1
8 93.3553 104.9840 4 1 4 1 0 0.0755 1
8 88.5654 90.1056 2 1 3 1 0 0.6898 1
8 134.5390 105.2827 1 4 1 1 0 0.2789 1
8 140.2754 107.0743 1 4 4 1 1 0.3055 1
8 116.2361 104.3239 1 4 3 1 0 0.5729 1
8 101.1555 128.3788 4 2 4 1 0 0.2715 1
8 126.2764 83.8192 2 4 4 1 1 1.8500 1
8 91.8763 91.1651 1 1 3 1 0 0.4754 1
8 90.5905 64.5018 4 1 2 1 0 0.6507 1
8 95.0595 146.4255 1 2 3 1 0 0.2717 1
8 101.8314 70.9860 1 3 4 1 0 0.3141 1
8 79.5867 92.3888 3 1 3 1 0 0.9343 1
8 84.3613 143.2540 1 2 2 1 1 0.0814 1
8 90.3402 116.8999 2 1 4 1 0 0.2165 1
8 90.7274 115.0446 1 2 2 1 1 0.5794 1
8 76.4013 95.2955 4 1 4 1 0 0.3393 1
8 115.4950 102.4642 1 4 1 1 0 0.2892 1
8 93.0651 64.7039 3 3 4 1 0 0.2688 1
8 126.7152 117.4950 2 4 1 1 0 0.0713 1
8 79.9131 104.8711 1 1 4 1 0 0.7065 1
8 126.2479 93.8255 4 4 3 1 0 0.2481 1
9 131.4001 98.8049 1 4 5 1 0 0.6210 1
9 84.2333 137.9453 3 2 4 1 0 0.4370 1
9 98.0162 72.5907 2 3 5 1 0 0.1947 1
9 69.9645 86.5683 2 1 5 1 0 0.4876 1
9 131.2137 109.6500 1 4 3 1 0 0.4834 1
9 64.7903 77.3709 1 1 5 1 0 0.2395 1
9 125.4167 88.3572 4 4 5 1 0 0.5180 1
9 73.2713 112.1859 4 1 3 1 0 0.2586 1
9 127.1002 108.3619 4 4 4 1 1 0.5052 1
9 129.0227 91.0200 2 4 5 1 0 0.7432 1
9 93.0298 127.9223 1 2 5 1 0 0.0577 1
9 83.5518 92.8667 1 1 3 1 0 0.2856 1
9 63.6886 99.3253 3 1 2 1 0 0.4213 1
9 98.5767 125.9519 2 2 5 1 0 1.0912 1
9 103.4926 123.8252 3 2 4 1 0 1.4739 1
9 149.0769 86.5169 1 4 3 1 0 0.4891 1
9 129.2137 95.3005 1 4 4 1 1 0.7916 1
9 104.5617 56.6949 4 3 3 1 1 0.6680 1
9 132.4728 91.2742 3 4 5 1 0 0.3181 1
9 89.6707 66.7162 2 3 4 1 0 0.7742 1
9 125.3780 93.6617 3 4 4 1 1 2.3667 1
9 84.9633 129.4892 4 2 5 1 0 0.4898 1
9 110.4730 86.6673 3 3 4 1 0 1.7705 1
9 90.9195 50.3999 1 3 2 1 0 5.5764 1
9 91.6975 118.6216 2 2 5 1 0 0.2706 1
9 106.3990 126.8403 2 2 4 1 0 0.3258 1
9 135.1553 91.0800 3 4 3 1 0 0.3365 1
9 94.7207 105.7847 1 2 2 1 1 0.2976 1
9 96.2624 137.6255 2 2 5 1 0 0.2418 1
9 60.3511 114.3077 1 1 4 1 0 0.2639 1
9 96.5532 70.7419 3 3 3 1 1 0.7013 1
9 90.7604 118.0055 2 2 3 1 0 0.6541 1
9 81.1348 85.8898 4 1 5 1 0 1.0696 1
9 77.0428 103.0216 3 1 2 1 0 0.7120 1
9 90.9880 115.6455 1 2 5 1 0 0.3142 1
9 90.2632 82.8812 1 3 4 1 0 0.2746 1
9 132.4578 93.5496 3 4 5 1 0 0.3787 1
9 58.3275 73.3529 1 1 4 1 0 0.2761 1
9 99.2885 68.1986 4 3 3 1 1 0.0114 1
9 107.6564 76.9826 2 3 5 1 0 0.7171 1
9 98.0184 84.3762 1 3 3 1 1 0.5113 1
9 95.8491 76.6500 3 3 3 1 1 0.7159 1
9 124.0902 118.9130 2 4 5 1 0 0.5247 1
9 71.8706 91.0002 2 1 2 1 0 1.3055 1
9 142.5256 91.5844 1 4 3 1 0 0.3441 1
9 115.6346 88.5311 1 3 2 1 0 0.3056 1
9 101.6947 71.4132 3 3 5 1 0 2.0577 1
9 94.9039 108.7768 1 2 5 1 0 2.3961 1
9 109.9944 128.7132 1 2 5 1 0 0.5504 1
9 114.5281 61.5265 2 3 4 1 0 0.4056 1
