1 122.3346 91.6734 3 4 1 1 0 1.5635 1
1 62.8468 102.1042 1 1 4 1 0 2.1757 1
1 117.2242 127.3864 4 2 4 1 0 2.3757 1
1 83.8468 132.1807 3 2 2 1 1 0.7554 1
1 110.4730 86.6673 4 3 2 1 0 0.9384 1
1 96.4913 75.5477 1 3 1 1 0 0.3555 1
1 94.4389 74.6188 3 3 4 1 0 14.3834 1
1 115.4950 102.4642 3 4 1 1 0 1.8517 1
1 104.5539 75.9852 2 3 1 1 0 7.2271 1
1 107.7046 80.5418 2 3 2 1 0 0.5571 1
1 89.8963 132.1882 4 2 4 1 0 0.4627 1
1 116.6119 107.6445 3 4 2 1 0 0.7189 1
1 93.9527 116.2486 2 2 1 1 0 11.8598 1
1 69.4482 106.4665 3 1 2 1 0 0.4369 1
1 138.1587 109.2010 3 4 4 1 1 0.8992 1
1 141.1648 118.9442 4 4 4 1 1 0.7945 1
1 104.7658 137.1957 1 2 4 1 0 0.4791 1
1 94.9933 68.5995 4 3 1 1 0 1.0058 1
1 51.4384 108.5347 4 1 2 1 0 0.9529 1
1 133.5661 96.3853 1 4 4 1 1 1.1868 1
1 100.4483 55.0481 3 3 1 1 0 2.4676 1
1 94.8763 128.9719 4 2 2 1 1 0.8509 1
1 126.1778 99.7698 2 4 4 1 1 0.5713 1
1 107.4892 144.6437 3 2 4 1 0 1.0824 1
1 58.3788 84.3613 1 1 1 1 1 1.0141 1
1 84.3642 77.5642 4 3 1 1 0 0.8658 1
1 104.7584 57.8152 3 3 4 1 0 0.6653 1
1 129.2137 95.3005 3 4 4 1 1 0.5553 1
1 121.0435 119.9764 4 2 2 1 1 0.9065 1
1 124.6191 98.2480 2 4 2 1 0 0.8664 1
1 79.8961 81.1035 1 3 1 1 0 0.7933 1
1 63.4951 112.7103 2 1 1 1 1 0.5107 1
1 118.0005 110.7687 4 4 2 1 0 1.1177 1
1 96.4923 64.0008 4 3 1 1 0 1.4674 1
1 100.2864 72.4270 3 3 2 1 0 1.7772 1
1 85.6570 87.3307 2 1 1 1 1 1.4384 1
1 99.5780 137.4124 3 2 2 1 1 0.7240 1
1 106.9445 67.1810 4 3 1 1 0 0.9187 1
1 94.5523 61.3336 2 3 1 1 0 1.3435 1
1 64.8654 97.4523 4 1 2 1 0 4.4508 1
1 89.4633 121.3259 3 2 4 1 0 0.7532 1
1 101.0772 80.8251 3 3 2 1 0 0.9499 1
1 76.5329 94.4930 2 1 1 1 1 0.6420 1
1 80.5237 83.7751 1 3 1 1 0 0.8209 1
1 97.8579 128.1863 3 2 4 1 0 0.7162 1
1 66.1666 70.6993 1 1 2 1 0 1.2324 1
1 98.2451 120.4918 3 2 2 1 1 0.6262 1
1 94.1668 86.3556 3 3 4 1 0 0.9010 1
1 77.9959 133.3717 1 2 2 1 1 1.2945 1
1 138.9077 109.0262 2 4 4 1 1 1.7622 1
1 143.8585 102.7132 3 4 4 1 1 0.8488 1
1 122.2716 97.8254 2 4 4 1 1 0.4397 1
1 108.9143 79.3603 1 3 4 1 0 0.4846 1
1 62.6681 107.7355 4 1 1 1 1 0.6903 1
1 75.2236 88.3775 4 1 1 1 1 0.9015 1
1 67.0568 102.8144 1 1 1 1 1 1.5503 1
1 87.4036 103.1563 3 1 2 1 0 1.1574 1
1 100.2263 73.7651 1 3 2 1 0 2.1809 1
1 96.9975 144.9041 2 2 4 1 0 1.2438 1
1 85.7585 122.9180 3 2 2 1 1 5.7088 1
1 136.6421 100.5962 1 4 4 1 1 0.5860 1
1 71.7453 107.3721 3 1 1 1 1 0.7290 1
1 122.1071 98.6297 2 4 2 1 0 0.7014 1
1 69.6821 91.3549 3 1 1 1 1 1.6328 1
1 127.7061 107.1893 2 4 2 1 0 3.5316 1
1 69.8536 99.2167 1 1 1 1 1 0.6610 1
1 67.2599 96.2754 3 1 1 1 1 0.7453 1
1 72.9761 91.8513 1 1 1 1 1 0.5584 1
1 82.2037 101.0427 1 1 1 1 1 1.0072 1
1 92.9179 131.8423 3 2 2 1 1 0.7783 1
1 93.3909 63.3240 2 3 1 1 0 5.4236 1
1 62.3993 88.2892 4 1 1 1 1 0.8213 1
1 97.6917 64.1212 1 3 2 1 0 2.3798 1
1 135.3254 107.9271 3 4 4 1 1 0.6494 1
1 104.4554 125.8732 4 2 2 1 1 2.4290 1
1 66.6809 92.0205 3 1 1 1 1 0.7157 1
1 86.3785 114.4504 4 1 2 1 0 0.6556 1
1 88.4604 132.3513 4 2 2 1 1 0.8336 1
1 118.3336 94.6428 2 4 1 1 0 0.8401 1
1 132.9935 87.5063 3 4 2 1 0 1.0238 1
1 103.5842 78.5183 2 3 2 1 0 1.2593 1
1 110.6893 65.7843 1 3 1 1 0 0.7322 1
1 87.3606 68.2106 1 3 1 1 0 0.9294 1
1 81.7712 111.1103 2 1 2 1 0 1.8828 1
1 70.8464 89.2329 3 1 1 1 1 0.6681 1
1 71.3646 100.4742 3 1 1 1 1 0.5600 1
1 109.4130 86.6045 1 3 2 1 0 1.1693 1
1 116.9702 92.0839 2 4 2 1 0 1.3453 1
1 90.9880 115.6455 2 2 2 1 1 1.7813 1
1 127.5453 108.7529 1 4 4 1 1 0.6754 1
1 125.3780 93.6617 4 4 2 1 0 4.2294 1
1 106.9555 129.7324 3 2 4 1 0 0.8775 1
1 147.2658 83.1370 1 4 2 1 0 1.1106 1
1 87.1385 149.7429 1 2 2 1 1 1.9893 1
1 108.8770 124.8040 1 2 2 1 1 0.6477 1
1 90.6607 114.7931 1 2 2 1 1 0.7778 1
1 91.9709 124.1509 1 2 2 1 1 0.5901 1
1 129.4118 107.4261 2 4 2 1 0 1.0877 1
1 140.1412 112.9269 1 4 2 1 0 1.3086 1
1 85.6089 129.0267 2 2 2 1 1 2.3352 1
2 76.3090 94.5660 2 1 1 1 1 1.8229 1
2 128.3816 97.9748 2 4 2 1 0 0.7423 1
2 65.8822 90.4625 2 1 1 1 1 0.5722 1
2 72.0866 111.0079 3 1 1 1 1 0.4931 1
2 109.0160 110.1222 3 4 2 1 0 0.9070 1
2 93.6008 125.3017 4 2 4 1 0 0.6925 1
2 74.1195 99.1445 1 1 1 1 1 0.4073 1
2 106.6803 75.3501 4 3 3 1 1 4.9955 1
2 61.8078 120.1106 3 1 1 1 1 5.0697 1
2 120.2365 105.3651 1 4 3 1 0 3.7543 1
2 74.2789 93.9803 4 1 1 1 1 0.6626 1
2 98.4734 67.9758 2 3 3 1 1 1.0807 1
2 127.0373 102.5313 4 4 2 1 0 0.9161 1
2 111.5165 115.1448 1 2 2 1 1 0.9565 1
2 78.2750 98.0735 1 1 1 1 1 0.3901 1
2 109.0030 126.8378 2 2 3 1 0 0.8501 1
2 95.4788 69.3943 4 3 3 1 1 1.6887 1
2 82.0931 84.7054 4 1 1 1 1 0.9638 1
2 113.7865 95.2948 2 3 2 1 0 0.9563 1
2 137.0168 95.2159 4 4 2 1 0 1.0298 1
2 111.1747 126.9010 4 2 4 1 0 0.9608 1
2 79.9215 80.1434 1 1 1 1 1 1.0984 1
2 100.2814 82.6420 4 3 3 1 1 1.7667 1
2 129.6642 100.7962 2 4 2 1 0 0.6439 1
2 86.1985 132.7623 2 2 2 1 1 1.4133 1
2 97.0638 60.2841 4 3 3 1 1 1.0493 1
2 61.9010 110.7270 4 1 1 1 1 0.8048 1
2 103.4156 75.8864 1 3 3 1 1 1.2581 1
2 121.4979 110.0468 2 4 2 1 0 1.5618 1
2 85.2607 84.4604 4 1 3 1 0 1.4422 1
2 91.0872 110.3567 3 2 2 1 1 1.5751 1
2 111.1212 118.3085 4 4 2 1 0 1.6316 1
2 95.0595 146.4255 4 2 4 1 0 0.7777 1
2 105.3467 81.1106 1 3 3 1 1 1.0393 1
2 55.9682 101.5119 4 1 1 1 1 0.6840 1
2 101.1053 71.3264 2 3 3 1 1 1.0235 1
2 96.2220 119.3550 2 2 2 1 1 1.7066 1
2 107.3375 146.0332 1 2 4 1 0 0.6458 1
2 63.8414 99.9808 1 1 1 1 1 0.6468 1
2 110.8904 77.7991 4 3 3 1 1 0.6320 1
2 74.4528 101.6761 1 1 1 1 1 0.8570 1
2 70.5587 113.6624 3 1 1 1 1 0.6391 1
2 133.3195 99.7161 1 4 2 1 0 1.3284 1
2 96.5532 70.7419 2 3 3 1 1 0.6589 1
2 121.8793 109.9178 1 4 4 1 1 1.2225 1
2 64.1784 95.8536 4 1 1 1 1 0.5355 1
2 64.7903 77.3709 1 1 1 1 1 0.7273 1
2 104.3017 71.1701 3 3 3 1 1 0.7792 1
2 117.2038 70.5478 2 3 3 1 1 1.0083 1
2 105.3632 117.7025 2 2 2 1 1 1.1142 1
2 107.2509 127.7588 3 2 4 1 0 0.5507 1
2 120.2761 123.7163 1 2 4 1 0 0.8378 1
2 136.1951 109.8769 1 4 2 1 0 1.1948 1
2 98.5304 129.2492 4 2 2 1 1 0.7304 1
2 98.2771 121.0598 1 2 2 1 1 0.8474 1
2 135.9208 94.1744 1 4 4 1 1 0.7587 1
2 102.5619 50.8807 3 3 3 1 1 1.1165 1
2 134.6237 92.0509 3 4 4 1 1 0.9858 1
2 140.9303 83.2723 1 4 4 1 1 0.7881 1
2 102.6554 124.9706 3 2 2 1 1 1.1451 1
2 122.0531 99.8556 2 4 2 1 0 1.1911 1
2 98.6420 67.0848 2 3 3 1 1 0.6780 1
2 88.9110 106.8961 2 1 3 1 0 1.4966 1
2 103.5760 77.8437 3 3 3 1 1 1.7423 1
2 94.4080 49.6970 1 3 1 1 0 0.5538 1
2 57.9441 87.1006 4 1 1 1 1 0.4097 1
2 128.9701 121.7062 4 4 4 1 1 1.0781 1
2 100.2628 126.5816 3 2 4 1 0 1.0255 1
2 110.2706 135.7376 4 2 4 1 0 1.2118 1
2 99.2218 84.4636 4 3 3 1 1 0.7945 1
2 135.4754 103.0953 3 4 4 1 1 0.7196 1
2 146.5705 88.5627 4 4 4 1 1 0.6431 1
2 84.0640 104.1338 3 1 3 1 0 1.1724 1
2 136.6758 89.3931 1 4 2 1 0 0.9465 1
2 127.7091 94.5345 4 4 4 1 1 0.6346 1
2 129.3278 121.8224 2 4 4 1 1 0.8918 1
2 92.8701 115.4010 4 2 2 1 1 1.1064 1
2 131.2149 122.0328 3 4 4 1 1 1.0877 1
2 68.5902 111.2368 2 1 1 1 1 0.7954 1
2 118.5892 107.7876 4 2 4 1 0 2.0478 1
2 114.2944 103.6657 1 4 2 1 0 1.6661 1
2 119.9412 80.9812 4 3 3 1 1 1.1489 1
2 103.3680 147.2061 3 2 4 1 0 0.8742 1
2 114.5423 65.2524 2 3 3 1 1 0.9299 1
2 116.0171 54.0204 4 3 3 1 1 1.9619 1
2 87.4933 102.6541 1 1 2 1 0 1.9158 1
2 99.8924 122.9074 4 2 2 1 1 1.5494 1
2 110.0655 62.6440 1 3 3 1 1 0.7099 1
2 112.3647 123.1131 2 2 2 1 1 4.3454 1
2 98.0184 84.3762 1 3 3 1 1 0.9000 1
2 97.2248 74.9069 3 3 1 1 0 1.1153 1
2 104.8871 113.3817 4 2 3 1 0 1.3042 1
2 138.7935 110.5281 3 4 4 1 1 1.7213 1
2 84.6675 102.7472 1 1 3 1 0 2.4384 1
2 104.8713 112.1152 4 2 2 1 1 1.0755 1
2 79.1953 108.8968 2 1 3 1 0 3.3129 1
2 114.5281 61.5265 3 3 3 1 1 1.2849 1
2 132.9753 98.2457 1 4 4 1 1 4.8060 1
2 91.5153 109.5289 1 2 2 1 1 1.3417 1
2 56.4131 94.2644 3 1 1 1 1 0.8638 1
3 64.8705 105.0281 1 1 1 1 1 1.2949 1
3 113.3941 91.5610 4 4 3 1 0 9.6804 1
3 123.5941 102.7619 1 4 2 1 0 0.8740 1
3 111.8528 115.5680 4 2 2 1 1 1.2157 1
3 66.1732 98.4152 4 1 1 1 1 0.6081 1
3 72.5890 103.3064 3 1 1 1 1 0.8813 1
3 103.8216 160.6784 3 2 3 1 0 1.1294 1
3 108.7283 146.0765 1 2 3 1 0 3.1579 1
3 82.9178 60.6965 2 3 1 1 0 0.7407 1
3 98.9164 142.1705 3 2 4 1 0 1.8498 1
3 104.9786 107.9879 4 2 2 1 1 1.8825 1
3 94.5967 82.4114 3 3 3 1 1 1.0027 1
3 136.6643 105.0332 1 4 4 1 1 0.7569 1
3 91.9341 128.1148 4 2 4 1 0 0.7300 1
3 97.0720 123.3270 1 2 2 1 1 0.7808 1
3 101.5083 136.7463 2 2 4 1 0 0.7851 1
3 123.5975 102.7674 4 4 4 1 1 0.9498 1
3 132.4578 93.5496 1 4 4 1 1 0.7982 1
3 76.8107 106.3702 2 1 2 1 0 0.5312 1
3 71.1848 108.2609 3 1 1 1 1 0.4663 1
3 78.4511 105.1860 1 1 1 1 1 0.4332 1
3 70.7232 116.5256 3 1 1 1 1 0.5901 1
3 102.1550 55.7520 3 3 3 1 1 0.7353 1
3 97.4285 121.9249 4 2 4 1 0 1.6989 1
3 101.4158 66.0176 4 3 3 1 1 0.9104 1
3 68.9197 110.3770 3 1 1 1 1 0.6464 1
3 64.3651 104.8376 4 1 1 1 1 0.5521 1
3 92.9046 122.1020 1 2 2 1 1 1.6552 1
3 116.8181 91.3350 1 3 3 1 1 0.8812 1
3 94.4599 89.8636 4 3 3 1 1 0.7754 1
3 105.3890 122.3535 3 2 2 1 1 0.7796 1
3 87.9524 84.3511 3 1 3 1 0 1.4414 1
3 136.0329 94.3559 2 4 4 1 1 1.0775 1
3 100.1946 133.4809 4 2 2 1 1 0.7373 1
3 133.9920 82.4607 2 4 4 1 1 1.5576 1
3 71.0004 111.1560 4 1 1 1 1 0.6848 1
3 84.2333 137.9453 2 2 2 1 1 1.9027 1
3 91.6309 131.5931 3 2 4 1 0 0.9099 1
3 81.4458 97.6135 3 1 1 1 1 0.7417 1
3 94.9160 127.7004 3 2 2 1 1 1.4335 1
3 117.0446 134.5159 2 2 4 1 0 1.0201 1
3 88.1573 69.8247 4 3 3 1 1 0.8868 1
3 97.1936 128.5897 2 2 2 1 1 1.3585 1
3 57.3956 106.8825 1 1 1 1 1 0.6403 1
3 83.5111 127.4984 2 2 3 1 0 1.2480 1
3 118.3561 111.6363 4 4 4 1 1 1.9360 1
3 105.5005 79.1120 3 3 4 1 0 0.7532 1
3 127.8129 85.9738 2 4 2 1 0 1.4134 1
3 98.9094 143.2802 3 2 4 1 0 0.8743 1
3 72.1357 96.4958 1 1 1 1 1 0.7535 1
3 84.9137 90.1487 3 3 3 1 1 0.9346 1
3 77.9282 100.4959 4 1 1 1 1 0.7346 1
3 63.4358 97.9667 4 1 1 1 1 0.6102 1
3 101.9112 68.7101 2 3 3 1 1 0.8340 1
3 124.5032 100.2541 2 4 4 1 1 2.5193 1
3 102.1490 115.6918 1 4 2 1 0 0.5185 1
3 77.0428 103.0216 4 1 1 1 1 0.6614 1
3 101.5874 128.6738 3 2 3 1 0 1.2555 1
3 120.7779 94.1121 1 4 3 1 0 0.9675 1
3 100.6883 64.5680 1 3 3 1 1 0.9130 1
3 143.6140 95.9601 3 4 4 1 1 4.7290 1
3 78.1628 109.6438 3 1 3 1 0 1.7589 1
3 92.7225 150.3744 2 2 2 1 1 0.7967 1
3 86.8404 95.0285 3 3 3 1 1 1.3952 1
3 74.2690 85.7949 1 1 1 1 1 1.1753 1
3 92.9690 69.1337 4 3 3 1 1 2.1333 1
3 113.3018 55.9921 2 3 3 1 1 1.7551 1
3 79.3883 101.9495 3 1 1 1 1 0.9841 1
3 126.2764 83.8192 4 4 3 1 0 1.2819 1
3 90.9948 70.2116 3 3 3 1 1 3.7310 1
3 126.7152 117.4950 3 4 4 1 1 0.7986 1
3 104.7419 95.8541 4 4 2 1 0 1.5076 1
3 91.3367 66.3946 1 3 3 1 1 1.4183 1
3 88.8389 138.9016 3 2 2 1 1 7.9514 1
3 105.2155 124.7106 3 2 4 1 0 3.2339 1
3 94.7207 105.7847 3 2 1 1 0 4.3069 1
3 71.6742 104.6640 3 1 1 1 1 0.4296 1
3 115.6346 88.5311 4 3 3 1 1 0.9227 1
3 101.8316 65.4209 2 3 3 1 1 1.3472 1
3 59.6690 94.7477 4 1 1 1 1 0.6289 1
3 92.0338 75.2069 2 3 3 1 1 1.6389 1
3 94.8067 71.0829 2 3 3 1 1 0.9291 1
3 106.3064 69.9625 4 3 2 1 0 0.8891 1
3 137.0833 98.5415 1 4 4 1 1 0.7851 1
3 132.6607 101.5893 1 4 4 1 1 0.7102 1
3 81.3311 81.8530 3 1 1 1 1 1.3529 1
3 131.9336 115.7457 4 4 2 1 0 1.8683 1
3 127.2725 101.2891 2 4 4 1 1 0.7316 1
3 73.5563 72.2028 1 3 1 1 0 0.7349 1
3 122.5304 84.5825 2 4 4 1 1 8.2913 1
3 106.8346 93.8795 3 4 3 1 0 1.1005 1
3 134.8970 112.8241 3 4 4 1 1 0.7763 1
3 119.7145 97.1257 4 4 2 1 0 1.1970 1
3 88.6969 141.3633 4 2 3 1 0 0.9235 1
3 104.8418 64.5808 4 3 3 1 1 0.7715 1
3 124.0074 108.1929 2 4 3 1 0 7.3684 1
3 74.1213 97.4802 3 1 1 1 1 0.6031 1
3 109.8450 73.7830 1 3 3 1 1 0.8596 1
3 88.0723 90.5523 1 3 3 1 1 6.5301 1
3 75.9152 124.9741 1 1 3 1 0 0.9133 1
4 128.0394 100.6980 1 4 4 0 0 3.9028 1
4 63.0102 111.5537 4 1 1 0 0 0.5625 1
4 89.6134 63.6083 3 3 3 0 1 2.8021 1
4 129.5553 104.7185 3 4 4 0 0 0.5673 1
4 85.6290 129.7241 1 2 3 0 0 1.1104 1
4 92.0560 65.2067 3 3 3 0 1 1.0916 1
4 99.3557 122.9250 4 2 2 0 0 0.7206 1
4 95.0812 129.7580 3 2 3 0 1 0.8037 1
4 107.7221 122.8525 2 2 3 0 0 0.8880 1
4 125.4167 88.3572 2 4 4 0 0 0.7997 1
4 74.4056 94.8732 1 1 1 0 1 0.6435 1
4 98.8722 73.9907 4 3 3 0 0 0.8057 1
4 80.3229 104.6976 2 1 3 0 0 0.8579 1
4 113.1897 81.5377 3 4 3 0 1 1.1529 1
4 53.1331 82.5922 4 1 1 0 0 0.9112 1
4 99.2808 114.3206 3 2 3 0 1 3.1590 1
4 75.6848 119.7178 4 1 2 0 0 0.9654 1
4 105.6702 73.1600 4 3 3 0 0 0.9280 1
4 100.1930 132.4558 1 2 4 0 0 2.3132 1
4 127.5829 95.3633 1 4 2 0 0 0.8351 1
4 119.8556 94.2118 2 4 1 0 0 0.6183 1
4 71.1379 121.6782 3 1 1 0 0 0.3964 1
4 96.8514 93.5220 4 1 3 0 0 0.5205 1
4 119.2084 107.1740 2 4 3 0 0 4.2314 1
4 101.1555 128.3788 1 2 2 0 0 0.7678 1
4 63.4817 91.5669 4 1 1 0 0 0.6936 1
4 69.0852 87.0812 2 1 3 0 0 0.3774 1
4 88.5755 154.7110 3 2 4 0 0 0.7564 1
4 75.8624 81.3255 1 1 2 0 0 0.6007 1
4 124.2482 90.8835 3 4 2 0 0 0.7954 1
4 105.3469 62.1127 1 3 3 0 0 0.7217 1
4 125.7579 107.7674 3 4 4 0 0 0.6616 1
4 96.6668 66.6565 4 3 1 0 0 0.4247 1
4 127.3768 98.4144 4 4 2 0 0 1.2539 1
4 90.5905 64.5018 4 1 3 0 0 0.5532 1
4 75.7972 136.1125 4 2 4 0 1 0.4730 1
4 121.3137 98.8788 3 4 3 0 1 0.6153 1
4 96.0948 76.7071 4 3 3 0 0 0.5529 1
4 91.4105 93.8808 3 3 3 0 1 1.0484 1
4 95.3532 130.8562 1 2 2 0 0 0.8361 1
4 129.6425 91.9746 2 4 1 0 0 0.6195 1
4 88.9518 121.9229 1 2 1 0 1 0.5571 1
4 91.6651 129.7944 1 2 2 0 0 0.7965 1
4 88.7273 138.5179 1 2 2 0 0 1.0263 1
4 120.1177 97.7777 2 4 1 0 0 0.7819 1
4 136.1853 96.6623 4 4 3 0 0 0.4664 1
4 123.3151 82.9203 4 3 2 0 0 0.6551 1
4 116.4688 89.7162 3 4 3 0 1 0.6732 1
4 143.4742 104.9102 1 4 3 0 0 0.5319 1
4 109.0777 102.4331 3 4 3 0 1 0.6114 1
4 140.3759 105.7105 2 4 1 0 0 0.6283 1
4 105.2905 110.1930 1 2 3 0 0 0.5656 1
4 90.4904 90.7713 4 1 2 0 0 0.6933 1
4 116.2361 104.3239 4 4 3 0 0 0.3937 1
4 90.7772 75.4578 3 3 3 0 1 1.2536 1
4 86.0869 61.6301 1 3 1 0 1 0.4069 1
4 124.1812 129.4869 4 4 2 0 0 0.8028 1
4 88.9937 55.4789 3 3 3 0 1 0.8398 1
4 69.9645 86.5683 4 1 1 0 0 0.3976 1
4 93.9370 62.4624 3 3 3 0 1 0.5369 1
4 79.5867 92.3888 2 1 1 0 0 0.9199 1
4 71.0679 87.6457 2 1 3 0 0 0.6712 1
4 79.9510 141.1002 2 2 4 0 0 1.6332 1
4 103.0292 121.9929 2 2 2 0 1 0.7313 1
4 133.6930 86.1741 1 4 4 0 0 1.8084 1
4 106.4592 68.8722 1 3 3 0 0 0.6371 1
4 54.7262 102.9481 2 1 1 0 0 0.6711 1
4 80.0327 125.0308 4 2 3 0 0 0.6575 1
4 133.6424 103.4671 2 4 4 0 0 0.5315 1
4 114.6830 141.2372 2 2 2 0 1 0.7706 1
4 65.4832 111.9926 4 1 3 0 0 1.1604 1
4 105.0474 72.4231 2 3 3 0 0 1.0311 1
4 108.1576 121.1709 3 2 1 0 0 1.0594 1
4 77.2926 99.9871 3 1 3 0 1 1.7595 1
4 99.0396 118.4244 3 2 4 0 0 1.0198 1
4 103.8039 134.0234 2 2 2 0 1 0.7749 1
4 102.5889 83.5736 1 3 2 0 0 1.3905 1
4 95.9106 133.0822 4 2 2 0 0 0.7546 1
4 66.8812 103.1281 2 1 4 0 0 1.8160 1
4 74.0931 102.4500 1 1 1 0 1 0.4384 1
4 124.0902 118.9130 3 4 3 0 1 1.3481 1
4 99.2885 68.1986 3 3 2 0 0 0.7597 1
4 93.2724 118.2552 2 2 2 0 1 1.0208 1
4 111.3216 66.9400 3 3 3 0 1 1.0479 1
4 86.6962 51.7089 3 3 1 0 0 0.6752 1
4 64.2303 102.6138 3 1 1 0 0 0.3900 1
4 85.5099 78.3823 2 3 3 0 0 0.6583 1
4 102.9168 122.0853 1 2 2 0 0 0.7240 1
4 90.9195 50.3999 4 3 4 0 1 1.1281 1
4 107.4212 77.5781 2 3 3 0 0 1.1409 1
4 80.5136 110.9438 1 1 4 0 0 0.7703 1
4 77.5743 106.8028 3 1 1 0 0 0.8720 1
4 70.9591 107.6042 3 1 2 0 0 2.8953 1
4 98.4903 82.6266 2 3 3 0 0 0.8242 1
4 107.9136 64.3814 3 3 3 0 1 4.3034 1
4 95.5324 124.7046 2 2 4 0 0 1.0973 1
4 77.5306 86.0670 2 1 3 0 0 0.4361 1
4 96.4990 80.8376 1 3 1 0 1 1.3756 1
4 139.6484 97.5681 4 4 3 0 0 1.5402 1
4 113.7347 110.0741 2 4 4 0 0 7.7736 1
5 101.6947 71.4132 2 3 3 0 0 1.0068 1
5 108.4486 68.6553 3 3 1 0 0 0.6918 1
5 91.9586 81.3687 4 3 3 0 0 0.7273 1
5 55.6794 110.5232 4 1 1 0 0 0.6360 1
5 103.2879 70.9612 1 3 4 0 0 0.9584 1
5 72.5930 121.4012 3 1 2 0 0 1.1294 1
5 131.9209 123.1288 4 4 4 0 1 0.9210 1
5 76.5790 100.0855 2 1 3 0 0 0.4825 1
5 124.4760 113.3694 3 4 2 0 0 1.5212 1
5 98.1891 128.3366 3 2 1 0 0 0.6192 1
5 94.8941 72.0194 1 3 3 0 0 0.7061 1
5 49.0672 104.1744 3 1 4 0 0 1.0503 1
5 115.3325 116.7625 4 2 3 0 0 3.0300 1
5 116.7106 100.2723 1 4 2 0 0 1.1386 1
5 96.2624 137.6255 4 2 3 0 0 1.0421 1
5 116.1249 104.1484 4 4 3 0 0 0.7499 1
5 102.0303 55.2700 4 3 1 0 0 0.6106 1
5 110.7196 116.0871 4 2 1 0 0 1.2511 1
5 101.5544 85.0108 4 3 3 0 0 0.8038 1
5 122.0819 84.6832 4 4 4 0 1 0.6015 1
5 109.2990 94.7243 2 4 4 0 0 0.6035 1
5 101.3003 118.2468 1 2 1 0 1 0.5386 1
5 96.1414 112.7962 4 2 1 0 0 0.7937 1
5 137.3987 90.8951 1 4 4 0 0 0.6547 1
5 78.0881 134.8433 2 2 3 0 0 1.3463 1
5 124.7199 97.3623 2 4 4 0 0 0.8543 1
5 107.6564 76.9826 1 3 2 0 0 1.1808 1
5 87.3270 119.1106 4 2 4 0 1 0.4281 1
5 124.4834 113.4982 1 4 1 0 1 0.6644 1
5 63.6886 99.3253 1 1 4 0 0 0.8105 1
5 115.0339 82.6380 3 3 4 0 0 0.6723 1
5 100.5722 59.0357 4 3 4 0 1 0.9150 1
5 73.6712 95.8782 2 1 1 0 0 0.4912 1
5 67.0555 109.5032 2 1 2 0 1 0.4574 1
5 81.9795 108.6904 3 1 2 0 0 0.7756 1
5 145.5079 105.0925 2 4 4 0 0 0.7167 1
5 136.2692 109.1555 3 4 4 0 0 0.8634 1
5 94.5580 127.3204 1 2 3 0 0 1.0948 1
5 137.4330 97.0950 4 4 2 0 0 1.7305 1
5 136.3717 93.2697 1 4 1 0 1 1.1055 1
5 100.6753 135.6078 3 2 3 0 1 0.8302 1
5 114.9372 130.4124 4 2 4 0 1 1.1570 1
5 104.8673 128.2429 3 2 1 0 0 0.8671 1
5 126.1289 115.0799 4 4 3 0 0 1.0015 1
5 96.1304 74.5303 3 3 4 0 0 1.3318 1
5 123.6157 140.5805 4 2 4 0 1 0.7897 1
5 104.7563 75.8659 3 3 3 0 1 0.6819 1
5 73.3303 105.7902 1 1 2 0 0 1.1480 1
5 95.9689 62.9362 3 3 3 0 1 1.6268 1
5 60.9801 93.5680 1 1 2 0 0 1.2520 1
5 126.1796 107.6207 3 4 4 0 0 2.8858 1
5 80.4441 103.3211 4 1 3 0 0 0.7172 1
5 140.2754 107.0743 3 4 4 0 0 0.7371 1
5 71.8706 91.0002 2 1 2 0 1 1.1243 1
5 101.7707 60.4127 2 3 1 0 0 0.4991 1
5 79.3083 92.6669 4 1 2 0 0 0.7061 1
5 108.8308 89.4585 2 3 3 0 0 1.1896 1
5 97.5037 109.7229 1 2 3 0 0 0.6623 1
5 94.1701 78.6328 2 3 4 0 0 2.9535 1
5 98.2208 65.4573 3 3 3 0 1 0.8518 1
5 130.1129 92.5924 1 4 4 0 0 1.0355 1
5 90.9566 126.3451 2 2 4 0 0 1.5428 1
5 134.6526 106.7230 1 4 4 0 0 1.4553 1
5 101.1719 119.2859 1 2 3 0 0 0.8876 1
5 58.4333 101.9441 3 1 2 0 0 0.8320 1
5 101.8314 70.9860 3 3 3 0 1 1.3677 1
5 125.0520 99.4714 2 4 4 0 0 0.9249 1
5 77.6529 103.1860 3 1 1 0 0 0.7751 1
5 65.2252 109.4380 3 1 1 0 0 3.4068 1
5 103.7433 91.3476 1 4 3 0 0 2.3087 1
5 121.2142 99.1859 4 4 4 0 1 0.7993 1
5 39.4733 74.9602 1 1 2 0 0 1.1590 1
5 110.0177 129.0274 2 2 3 0 0 1.0161 1
5 63.6398 102.4741 3 1 1 0 0 3.9728 1
5 99.1364 69.9712 4 3 4 0 1 0.6975 1
5 105.4727 122.0417 2 2 3 0 0 0.5404 1
5 110.5923 67.3542 4 3 3 0 0 0.9073 1
5 109.2525 147.8820 1 2 2 0 0 1.3162 1
5 89.9558 64.8627 3 3 3 0 1 0.9853 1
5 126.2479 93.8255 1 4 4 0 0 0.9008 1
5 96.0057 70.3104 2 3 2 0 1 1.7416 1
5 99.7772 123.8030 4 2 4 0 1 1.4365 1
5 77.8577 103.2591 3 1 2 0 0 1.1883 1
5 104.0930 67.8945 3 3 2 0 0 1.4929 1
5 78.2270 104.3290 2 1 1 0 0 0.8120 1
5 116.6820 143.1406 1 2 4 0 0 1.1545 1
5 86.9869 137.7303 2 2 3 0 0 1.3636 1
5 92.5878 154.2830 2 2 2 0 1 1.2236 1
5 106.5160 71.4494 1 3 4 0 0 1.1925 1
5 100.4068 124.7725 1 2 3 0 0 0.6803 1
5 81.7898 111.5385 2 2 1 0 0 1.4351 1
5 95.7718 76.3855 2 3 4 0 0 2.1613 1
5 135.1553 91.0800 3 4 2 0 0 1.0481 1
5 148.4004 105.7397 2 4 2 0 1 0.7574 1
5 85.8959 100.2280 2 1 3 0 0 2.0584 1
5 91.8763 91.1651 1 1 3 0 0 6.9750 1
5 65.6660 89.5178 1 1 4 0 0 1.1614 1
5 87.6377 87.8999 2 1 3 0 0 1.4322 1
5 69.5087 113.4943 1 1 1 0 1 1.2614 1
5 133.5203 113.6583 1 4 4 0 0 2.0947 1
6 107.3234 140.2796 3 2 4 0 0 2.3988 1
6 135.3313 94.3023 1 4 3 0 0 0.9853 1
6 127.9187 108.3813 3 4 4 0 0 2.6286 1
6 68.2180 104.2906 4 1 1 0 0 1.2081 1
6 116.7455 95.2483 3 4 3 0 1 0.8088 1
6 80.1687 102.4136 3 1 4 0 0 0.6542 1
6 102.2557 91.8934 2 3 4 0 0 0.7843 1
6 87.5448 133.7851 3 2 4 0 0 1.1398 1
6 56.6860 103.5982 3 1 1 0 0 2.1131 1
6 81.6602 102.3989 2 1 1 0 0 1.9751 1
6 117.8498 104.5631 2 4 4 0 0 1.9290 1
6 133.9500 86.6055 3 4 2 0 0 1.3071 1
6 79.5622 79.5091 4 3 2 0 0 0.9104 1
6 89.6707 66.7162 4 3 4 0 1 4.9191 1
6 70.9801 97.4984 4 1 3 0 0 0.9124 1
6 80.1447 103.8121 3 1 1 0 0 1.0327 1
6 69.1136 108.5233 4 1 4 0 1 0.4839 1
6 107.5018 121.6098 2 2 2 0 1 1.8744 1
6 136.8027 115.4470 3 4 3 0 1 1.3468 1
6 103.4128 73.7752 4 3 1 0 0 1.8614 1
6 96.1417 70.8354 1 3 2 0 0 1.2688 1
6 88.9286 109.5578 1 2 4 0 0 0.9978 1
6 90.7604 118.0055 2 2 2 0 1 1.1681 1
6 80.0097 106.6956 4 1 4 0 1 0.7516 1
6 116.9842 121.0366 1 4 3 0 0 0.5959 1
6 131.8167 93.1313 2 4 3 0 0 0.9956 1
6 122.1147 103.2817 4 4 2 0 0 1.1329 1
6 101.9040 83.9635 1 3 4 0 0 2.0110 1
6 60.3511 114.3077 4 1 1 0 0 4.4299 1
6 83.0973 99.6898 2 1 3 0 0 1.0340 1
6 110.4528 128.4331 1 2 2 0 0 1.0135 1
6 122.8224 101.7694 1 4 3 0 0 3.6972 1
6 99.5317 110.2907 2 2 4 0 0 1.9492 1
6 95.5026 80.5391 4 3 2 0 0 1.2151 1
6 94.9039 108.7768 4 2 1 0 0 0.4962 1
6 110.6129 128.7154 4 2 2 0 0 1.2952 1
6 104.7057 119.4283 3 2 3 0 1 0.5952 1
6 129.4991 98.6783 1 4 2 0 0 0.9645 1
6 125.4987 91.7156 4 4 3 0 0 1.0556 1
6 136.7401 101.5012 3 4 1 0 0 0.8107 1
6 95.9064 128.1414 3 2 4 0 0 0.8964 1
6 123.5472 93.8877 4 4 3 0 0 0.9860 1
6 67.4598 105.3197 2 1 3 0 0 1.8923 1
6 133.3841 95.1198 2 4 2 0 1 0.7898 1
6 123.1753 102.4976 3 4 2 0 0 0.7484 1
6 98.4089 50.5345 1 3 4 0 0 0.8502 1
6 75.2274 96.2135 1 1 1 0 1 2.0742 1
6 133.6609 106.8919 4 4 2 0 0 5.2940 1
6 105.3527 58.0847 2 3 3 0 0 0.4490 1
6 107.4919 124.2660 3 2 3 0 1 0.6061 1
6 103.4926 123.8252 2 2 3 0 0 0.5431 1
6 76.1449 86.4680 4 1 3 0 0 1.0221 1
6 98.0313 85.9155 2 3 3 0 0 0.7452 1
6 94.3484 71.3368 1 3 1 0 1 1.0370 1
6 97.8026 130.4800 1 2 3 0 0 0.8732 1
6 108.8790 128.9527 3 2 1 0 0 0.8161 1
6 107.6510 124.9763 4 2 3 0 0 0.7423 1
6 93.3562 125.6489 4 2 4 0 1 0.4433 1
6 67.6983 96.7664 1 1 2 0 0 0.8245 1
6 95.7107 96.6214 3 1 4 0 0 0.6566 1
6 117.3649 99.6703 3 4 1 0 0 2.0520 1
6 100.1202 137.3844 4 2 3 0 0 1.8966 1
6 88.9087 58.4290 2 3 3 0 0 0.7469 1
6 109.9944 128.7132 4 2 2 0 0 0.5441 1
6 101.5459 83.4905 2 3 2 0 1 0.6078 1
6 77.0293 88.6312 1 1 4 0 0 0.9931 1
6 100.5643 73.9713 4 3 3 0 0 2.1720 1
6 81.3666 54.0435 3 3 2 0 0 1.5088 1
6 63.8999 101.5863 4 1 4 0 1 2.9569 1
6 95.6192 81.2971 3 3 3 0 1 0.7097 1
6 67.5129 120.7204 3 1 4 0 0 1.1933 1
6 89.2490 78.6219 3 3 3 0 1 0.7602 1
6 107.2683 82.1691 3 3 2 0 0 1.6124 1
6 105.4858 142.3728 3 2 4 0 0 1.5261 1
6 102.7899 116.4195 4 2 4 0 1 6.5731 1
6 73.2713 112.1859 2 1 1 0 0 0.5093 1
6 120.9845 109.6560 4 4 2 0 0 0.5564 1
6 64.0041 91.5645 4 1 4 0 1 1.5969 1
6 106.6255 68.2164 1 3 4 0 0 0.6782 1
6 134.4524 99.3927 2 4 3 0 0 1.1298 1
6 105.9622 87.7261 4 3 3 0 0 1.8315 1
6 124.8026 92.4396 2 4 4 0 0 2.9824 1
6 74.8396 110.4062 3 1 3 0 1 0.5439 1
6 140.8232 100.9438 1 4 2 0 0 1.1517 1
6 90.3402 116.8999 4 1 1 0 0 0.7680 1
6 94.2845 48.6109 3 3 1 0 0 1.1098 1
6 106.8019 73.1424 1 3 4 0 0 0.3398 1
6 97.7604 139.6673 3 2 3 0 1 0.5599 1
6 66.3930 108.7872 1 1 2 0 0 4.8796 1
6 138.1050 78.6352 2 4 1 0 0 0.4245 1
6 140.5597 95.9058 1 4 4 0 0 0.7249 1
6 125.3602 108.8345 3 4 3 0 1 0.6340 1
6 103.9174 117.3660 4 2 3 0 0 0.6684 1
6 99.0352 89.4037 4 3 3 0 0 0.3824 1
6 94.5770 65.3457 1 3 4 0 0 0.7462 1
6 56.5795 97.8917 2 1 3 0 0 0.9603 1
6 112.8966 126.8406 4 2 2 0 0 0.7946 1
6 89.3754 80.2530 4 3 3 0 0 0.4803 1
6 42.7977 98.7857 2 1 2 0 1 1.6466 1
6 103.5668 102.0057 2 2 3 0 0 1.1289 1
7 123.5913 90.9964 4 3 4 0 1 1.1189 1
7 100.9880 121.5908 3 2 3 0 1 0.9058 1
7 103.2945 76.8177 4 3 1 0 0 2.8498 1
7 61.1240 86.3064 1 1 1 0 1 1.6069 1
7 126.8054 79.3947 3 4 3 0 1 1.1354 1
7 77.3297 102.7611 3 1 2 0 0 1.2455 1
7 111.8529 106.1376 4 4 3 0 0 1.0063 1
7 111.7934 125.1150 3 2 4 0 0 0.9049 1
7 103.0445 133.7577 2 2 3 0 0 0.8489 1
7 67.3771 101.2090 3 1 1 0 0 1.7345 1
7 70.1847 112.6640 2 1 2 0 1 0.9150 1
7 95.8447 83.3202 4 3 1 0 0 0.9390 1
7 102.9579 73.3276 3 3 3 0 1 1.2838 1
7 71.1015 89.3096 4 1 2 0 0 1.3656 1
7 104.3078 130.6184 4 2 3 0 0 0.7457 1
7 69.6587 95.3935 3 1 2 0 0 1.9179 1
7 100.7278 116.5772 2 2 3 0 0 0.8476 1
7 77.0563 105.1720 3 1 1 0 0 3.4468 1
7 72.5069 95.0757 3 1 2 0 0 3.2116 1
7 90.9210 64.4163 1 3 3 0 0 0.8447 1
7 101.7649 128.0355 4 2 4 0 1 0.6272 1
7 108.8706 89.0201 4 4 4 0 1 0.7260 1
7 110.4685 121.2093 3 2 4 0 0 0.6343 1
7 103.5026 142.9016 4 2 4 0 1 2.5876 1
7 103.3200 134.0606 1 2 4 0 0 0.8606 1
7 142.5410 96.0239 2 4 4 0 0 1.9725 1
7 112.0955 90.0869 2 4 4 0 0 1.1737 1
7 154.9917 97.4097 2 4 3 0 0 1.2686 1
7 113.0291 96.0229 3 4 4 0 0 0.6455 1
7 88.5654 90.1056 1 1 1 0 1 2.4875 1
7 130.3035 108.1081 3 4 4 0 0 1.1107 1
7 106.3990 126.8403 2 2 2 0 1 1.3000 1
7 114.0655 154.3119 3 2 2 0 0 0.9193 1
7 109.8880 115.3438 4 2 3 0 0 6.1615 1
7 123.1581 86.3214 2 3 4 0 0 4.0084 1
7 150.1976 102.3980 2 4 1 0 0 2.5075 1
7 96.4548 124.9745 1 2 1 0 1 1.8826 1
7 123.0373 92.7710 1 4 3 0 0 1.9306 1
7 127.1002 108.3619 3 4 4 0 0 1.3562 1
7 83.2440 87.2348 2 3 4 0 0 3.3441 1
7 105.9102 134.8433 4 2 3 0 0 1.3003 1
7 74.1058 102.7346 2 1 2 0 1 3.3188 1
7 116.8400 79.5157 4 3 1 0 0 0.6814 1
7 98.0162 72.5907 3 3 4 0 0 0.4766 1
7 98.0211 135.4689 4 2 3 0 0 1.4036 1
7 117.5010 78.0190 3 3 3 0 1 0.7208 1
7 95.9898 78.3730 2 3 2 0 1 7.4926 1
7 149.0769 86.5169 3 4 4 0 0 1.0370 1
7 54.5403 100.5869 2 1 2 0 1 2.6819 1
7 68.8092 92.9212 1 1 2 0 0 0.7513 1
7 104.2406 138.9003 1 2 3 0 0 1.2219 1
7 95.6356 122.0070 2 2 4 0 0 2.5360 1
7 121.1033 94.5771 1 4 4 0 0 0.6152 1
7 118.2760 134.3861 3 2 3 0 1 1.2720 1
7 98.1793 69.0923 4 3 1 0 0 0.9689 1
7 80.6127 64.8003 2 3 1 0 0 1.0754 1
7 99.8741 116.0471 3 2 2 0 0 0.5603 1
7 131.6035 100.0489 3 4 4 0 0 0.9770 1
7 112.4084 118.7632 1 4 3 0 0 1.1665 1
7 112.2636 78.2404 1 3 4 0 0 0.1424 1
7 92.6224 121.3498 4 2 3 0 0 1.1249 1
7 135.8998 87.2633 4 4 4 0 1 1.9385 1
7 94.3007 69.4132 4 3 1 0 0 1.5069 1
7 107.8462 71.1292 1 3 3 0 0 1.5139 1
7 111.1157 67.1623 1 3 3 0 0 0.8970 1
7 129.2816 110.8507 1 4 4 0 0 0.8265 1
7 82.4519 94.3090 1 1 1 0 1 0.9290 1
7 76.1655 80.2105 3 1 1 0 0 0.7961 1
7 63.2691 104.2814 1 1 2 0 0 2.5002 1
7 124.5032 78.1772 3 4 3 0 1 2.3247 1
7 93.8110 81.9111 1 3 4 0 0 5.4232 1
7 104.5617 56.6949 2 3 3 0 0 0.2281 1
7 71.8123 78.3524 3 1 2 0 0 1.2109 1
7 73.1696 85.1931 4 1 2 0 0 0.4935 1
7 70.7976 95.5266 4 1 1 0 0 0.3675 1
7 102.3440 113.0387 3 2 4 0 0 1.3564 1
7 136.6877 95.0447 4 4 4 0 1 0.5574 1
7 144.1202 106.3873 1 4 4 0 0 0.6051 1
7 114.0260 71.2138 3 3 3 0 1 0.6384 1
7 104.9284 74.3248 3 3 1 0 0 0.6424 1
7 103.3468 81.9164 1 3 4 0 0 0.5007 1
7 87.6885 64.6841 2 3 3 0 0 0.5318 1
7 71.9726 116.2312 3 1 2 0 0 8.1315 1
7 93.3553 104.9840 4 1 1 0 0 0.9080 1
7 129.0227 91.0200 3 4 3 0 1 1.8607 1
7 85.1726 84.3353 4 1 1 0 0 2.1960 1
7 100.3058 142.8041 3 2 4 0 0 3.1316 1
7 94.1610 140.3225 1 2 3 0 0 1.4336 1
7 95.8491 76.6500 1 3 1 0 1 4.0792 1
7 138.9301 102.8864 2 4 4 0 0 2.1158 1
7 131.4001 98.8049 3 4 3 0 1 1.1604 1
7 119.7651 117.6533 2 2 4 0 0 1.8141 1
7 60.5538 97.4907 1 1 2 0 0 2.1162 1
7 64.7926 86.6726 2 1 2 0 1 1.6269 1
7 76.2416 107.6445 1 1 1 0 1 14.6624 1
7 91.5616 71.1302 4 3 4 0 1 2.3303 1
7 137.3462 113.9915 3 4 3 0 1 0.8688 1
7 113.6511 134.4659 2 2 3 0 0 0.7966 1
7 107.7596 101.6084 2 4 3 0 0 0.6260 1
7 53.2597 97.6524 3 1 2 0 0 1.5076 1
8 104.1968 141.2735 2 2 4 1 0 0.8788 1
8 133.2758 109.7255 4 4 3 1 0 0.3221 1
8 68.0811 97.2900 3 1 2 1 0 0.3966 1
8 93.0298 127.9223 3 2 1 1 0 0.3782 1
8 119.6669 98.9626 3 4 3 1 0 0.3423 1
8 75.8619 108.5506 4 1 3 1 0 0.6407 1
8 116.9347 101.9188 2 4 4 1 1 0.3559 1
8 125.0165 87.0374 2 4 4 1 1 0.4159 1
8 123.7680 91.1913 1 4 4 1 1 0.6546 1
8 131.2836 106.8547 4 4 4 1 1 0.5149 1
8 84.6467 111.4268 4 1 3 1 0 0.7074 1
8 56.7195 111.4643 3 1 2 1 0 0.8230 1
8 88.1528 75.4018 4 3 1 1 0 0.4150 1
8 102.0468 85.1780 4 3 3 1 1 0.5580 1
8 120.2600 88.8269 3 4 3 1 0 0.5106 1
8 86.3858 114.7453 4 1 2 1 0 0.9412 1
8 58.2609 103.3889 2 1 1 1 1 0.9523 1
8 91.3928 137.1108 1 2 3 1 0 0.9164 1
8 107.9754 122.2757 1 2 3 1 0 0.7827 1
8 64.4410 99.6203 1 1 1 1 1 1.1405 1
8 73.6090 100.0768 3 1 2 1 0 0.7706 1
8 106.2040 62.1277 3 3 3 1 1 0.7775 1
8 97.6390 74.1439 2 3 3 1 1 0.7669 1
8 103.0627 66.6268 1 3 4 1 0 0.8359 1
8 83.5518 92.8667 3 1 1 1 1 1.7377 1
8 105.5620 113.2681 2 2 3 1 0 0.7420 1
8 95.1936 94.8259 1 3 3 1 1 0.9551 1
8 149.8503 85.6629 1 4 4 1 1 0.6764 1
8 101.3815 73.0170 3 3 3 1 1 0.7282 1
8 121.7999 103.9522 1 4 4 1 1 1.2608 1
8 95.0873 138.8186 2 2 1 1 0 1.2942 1
8 150.6347 101.2032 2 4 4 1 1 0.6873 1
8 65.7857 99.0509 1 1 2 1 0 2.4501 1
8 87.7027 99.6187 1 1 1 1 1 0.9421 1
8 91.6975 118.6216 1 2 1 1 0 0.6157 1
8 90.2632 82.8812 3 3 3 1 1 0.7282 1
8 67.7185 92.3521 4 1 2 1 0 1.3725 1
8 107.1687 132.0388 2 2 3 1 0 1.8413 1
8 76.4013 95.2955 2 1 1 1 1 0.9122 1
8 106.0402 131.1355 1 2 4 1 0 0.8887 1
8 139.8791 103.1183 1 4 4 1 1 0.6392 1
8 65.6183 91.4331 3 1 2 1 0 1.0398 1
8 126.4884 92.9181 4 4 3 1 0 2.0427 1
8 132.7079 98.4518 4 4 4 1 1 1.0378 1
8 110.4242 97.2032 1 4 3 1 0 0.8264 1
8 130.4596 86.2393 1 4 4 1 1 3.6009 1
8 104.4290 118.4309 3 2 3 1 0 0.6327 1
8 82.7276 60.7880 1 3 2 1 0 6.6179 1
8 89.2050 134.1374 2 2 1 1 0 5.0041 1
8 101.4667 116.3394 1 2 3 1 0 15.4630 1
8 69.8300 103.9540 1 1 2 1 0 4.2209 1
8 84.9633 129.4892 3 2 1 1 0 0.7752 1
8 92.5239 112.3685 3 2 3 1 0 0.7993 1
8 93.6683 67.5234 2 3 3 1 1 0.9151 1
8 91.9884 65.8295 3 3 3 1 1 4.2984 1
8 87.7432 121.7098 3 2 1 1 0 1.0608 1
8 106.7931 73.1952 4 3 4 1 0 1.2328 1
8 93.0651 64.7039 3 3 3 1 1 0.8651 1
8 134.5390 105.2827 3 4 4 1 1 1.2746 1
8 78.0756 96.2654 4 1 3 1 0 1.8677 1
8 90.7955 75.5635 2 3 1 1 0 0.8735 1
8 74.0738 99.6458 1 1 1 1 1 7.4727 1
8 106.5451 94.5860 1 4 3 1 0 1.0312 1
8 99.2293 138.8234 4 2 4 1 0 0.9630 1
8 108.3587 74.9542 2 3 3 1 1 6.0448 1
8 52.2791 89.7587 4 1 2 1 0 21.2321 1
8 113.0986 110.6975 2 2 4 1 0 9.6667 1
8 114.8966 101.9000 3 4 4 1 1 2.5265 1
8 78.5336 135.8575 2 2 3 1 0 8.0649 1
8 125.8238 82.1636 4 4 4 1 1 7.7647 1
8 64.4745 77.5333 4 1 1 1 1 1.1082 1
8 128.0954 100.7774 3 4 4 1 1 1.0582 1
8 68.4902 100.3769 2 1 1 1 1 1.0227 1
8 93.1776 65.4764 2 3 3 1 1 1.2269 1
8 92.9462 88.1557 1 3 3 1 1 0.7308 1
8 115.8688 77.2415 1 3 4 1 0 1.0064 1
8 112.8350 144.2134 1 2 4 1 0 3.3197 1
8 101.7032 60.1956 3 3 3 1 1 3.6250 1
8 100.6615 138.9520 4 2 4 1 0 0.7376 1
8 63.8100 110.5574 4 1 2 1 0 1.3643 1
8 65.5803 106.6743 1 1 1 1 1 0.7451 1
8 108.6715 117.6680 2 2 3 1 0 1.1822 1
8 124.8673 94.9131 4 4 4 1 1 0.4603 1
8 129.2654 80.7698 3 4 4 1 1 0.9854 1
8 98.5767 125.9519 3 2 3 1 0 0.7873 1
8 82.7853 71.5963 4 3 3 1 1 1.1122 1
8 103.7936 74.4077 1 3 4 1 0 1.9249 1
8 75.4131 94.6944 3 1 1 1 1 0.7555 1
8 103.3426 114.0996 1 2 3 1 0 0.9997 1
8 66.9838 90.4158 3 1 2 1 0 5.6347 1
8 96.6394 63.9314 1 3 3 1 1 0.6239 1
8 131.3731 96.3049 4 4 4 1 1 0.9467 1
8 135.2789 131.4748 1 4 4 1 1 1.2282 1
8 102.1152 59.2238 3 3 1 1 0 2.7157 1
8 91.7822 124.1051 3 2 3 1 0 24.3518 1
8 88.6888 98.2993 4 1 3 1 0 1.6117 1
8 121.9180 85.3120 4 4 4 1 1 0.6614 1
8 106.9334 125.3360 1 2 4 1 0 0.6650 1
8 91.8422 58.5898 2 3 1 1 0 0.8266 1
8 109.5893 66.1443 4 3 3 1 1 2.0483 1
9 75.5032 120.2016 4 1 2 1 0 2.6369 1
9 107.8802 133.4480 4 2 5 1 0 2.0948 1
9 113.2000 100.1867 3 4 4 1 1 2.6715 1
9 90.7274 115.0446 2 2 4 1 0 0.9907 1
9 95.0387 77.2566 1 3 4 1 0 1.0447 1
9 112.9909 56.6666 1 3 3 1 1 1.1157 1
9 59.3703 85.0339 3 1 2 1 0 1.3337 1
9 105.8389 59.3266 4 3 4 1 0 15.6682 1
9 84.3613 143.2540 2 2 5 1 0 0.9880 1
9 81.1348 85.8898 2 1 4 1 0 1.6206 1
9 100.4535 75.4099 2 3 4 1 0 24.1064 1
9 90.4349 136.3736 1 2 5 1 0 1.4850 1
9 80.3630 107.5832 3 1 2 1 0 1.7586 1
9 137.7972 100.4247 2 4 5 1 0 0.8876 1
9 97.3913 130.7559 4 2 5 1 0 0.7328 1
9 131.7155 99.7142 1 4 3 1 0 1.1487 1
9 98.2988 66.6219 2 3 4 1 0 0.6803 1
9 106.3317 61.3886 1 3 2 1 0 0.3591 1
9 111.4199 105.7905 2 4 5 1 0 0.3503 1
9 80.0384 101.4079 3 1 4 1 0 0.2609 1
9 132.9668 97.6630 2 4 3 1 0 0.3125 1
9 107.7094 136.7320 3 2 5 1 0 0.6219 1
9 103.8987 52.9844 4 3 4 1 0 0.6036 1
9 136.5479 103.7805 2 4 2 1 0 1.2080 1
9 142.5256 91.5844 3 4 5 1 0 0.9811 1
9 146.6449 104.1139 1 4 2 1 0 15.2261 1
9 111.7206 105.1756 2 4 5 1 0 0.5039 1
9 81.9811 122.2044 2 2 5 1 0 9.4425 1
9 94.9339 58.1167 3 3 4 1 0 1.4759 1
9 108.5905 150.0014 2 2 3 1 0 0.2473 1
9 75.9614 119.5233 1 1 5 1 0 1.1639 1
9 100.2872 72.8516 2 3 4 1 0 0.6483 1
9 98.0288 118.9963 1 2 3 1 0 0.5031 1
9 104.9014 118.6219 4 2 3 1 0 0.5628 1
9 82.9756 154.2510 2 2 4 1 0 0.7689 1
9 139.5657 102.7081 4 4 4 1 1 1.4099 1
9 107.4894 67.7759 2 3 5 1 0 1.8900 1
9 58.3275 73.3529 3 1 2 1 0 0.7333 1
9 118.4548 107.2515 2 4 4 1 1 0.9103 1
9 97.3704 74.7911 3 3 5 1 0 1.2176 1
9 105.3690 62.3515 2 3 2 1 0 2.7964 1
9 109.1853 138.0732 2 2 4 1 0 4.3982 1
9 79.8331 109.3147 4 1 3 1 0 0.4063 1
9 131.2137 109.6500 3 4 4 1 1 0.5439 1
9 64.0133 119.6554 4 1 5 1 0 0.5717 1
9 65.5740 101.7929 2 1 2 1 0 1.0308 1
9 111.2919 71.9448 4 3 4 1 0 0.6538 1
9 131.5554 93.7477 3 4 5 1 0 0.5558 1
9 99.8686 69.5788 4 3 3 1 1 0.2811 1
9 121.8181 81.1996 3 4 4 1 1 3.5688 1
