1 137.0168 95.2159 3 4 1 1 0 1.7736 1
1 108.3587 74.9542 4 3 1 1 0 1.6095 1
1 104.9014 118.6219 4 2 1 1 0 1.6036 1
1 137.0833 98.5415 2 4 1 1 0 1.8225 1
1 85.8959 100.2280 3 1 2 1 0 1.7266 1
1 108.8770 124.8040 4 2 4 1 0 6.4264 1
1 96.5532 70.7419 1 3 2 1 0 1.4157 1
1 98.2771 121.0598 4 2 1 1 0 0.6685 1
1 82.9756 154.2510 1 2 1 1 0 1.8895 1
1 75.2236 88.3775 4 1 2 1 0 0.4672 1
1 136.6758 89.3931 1 4 4 1 1 8.5279 1
1 119.6989 106.1292 4 4 2 1 0 1.1860 1
1 71.1468 98.6645 3 1 1 1 1 0.9159 1
1 95.3532 130.8562 3 2 2 1 1 0.9778 1
1 111.7934 125.1150 1 2 1 1 0 1.4704 1
1 91.3928 137.1108 4 2 4 1 0 1.4433 1
1 98.0184 84.3762 4 3 4 1 0 1.5784 1
1 104.5539 75.9852 2 3 2 1 0 1.1393 1
1 133.3195 99.7161 3 4 1 1 0 0.5625 1
1 105.9102 134.8433 3 2 2 1 1 1.3493 1
1 135.3254 107.9271 4 4 4 1 1 1.1784 1
1 96.6668 66.6565 4 3 2 1 0 1.2743 1
1 97.6390 74.1439 2 3 1 1 0 0.6536 1
1 108.9143 79.3603 3 3 2 1 0 0.9295 1
1 92.9462 88.1557 3 3 4 1 0 0.7479 1
1 94.9339 58.1167 4 3 2 1 0 1.4889 1
1 143.8585 102.7132 1 4 4 1 1 1.0807 1
1 148.4004 105.7397 4 4 4 1 1 0.8056 1
1 63.4951 112.7103 4 1 1 1 1 1.3569 1
1 58.3788 84.3613 3 1 1 1 1 0.6570 1
1 92.9690 69.1337 1 3 1 1 0 0.6926 1
1 70.5587 113.6624 1 1 1 1 1 0.6811 1
1 111.8529 106.1376 3 4 4 1 1 0.8778 1
1 123.0373 92.7710 3 4 4 1 1 0.8066 1
1 101.7032 60.1956 2 3 4 1 0 1.4551 1
1 79.5622 79.5091 2 3 4 1 0 0.8538 1
1 99.8400 81.4098 3 3 4 1 0 0.9410 1
1 77.9282 100.4959 2 1 1 1 1 0.8073 1
1 96.4913 75.5477 1 3 1 1 0 0.6386 1
1 126.4884 92.9181 4 4 4 1 1 1.2334 1
1 73.2713 112.1859 3 1 4 1 0 0.7224 1
1 134.8970 112.8241 2 4 1 1 0 1.0624 1
1 83.0973 99.6898 3 1 4 1 0 0.7877 1
1 94.1668 86.3556 3 3 4 1 0 0.8575 1
1 91.6309 131.5931 3 2 1 1 0 0.7855 1
1 132.7079 98.4518 1 4 4 1 1 1.2725 1
1 97.2248 74.9069 4 3 4 1 0 0.6186 1
1 136.3717 93.2697 4 4 2 1 0 1.5159 1
1 103.7841 117.2437 1 2 1 1 0 0.3409 1
1 103.8039 134.0234 1 2 2 1 1 3.2180 1
1 78.2270 104.3290 2 1 2 1 0 0.6590 1
1 140.5597 95.9058 1 4 1 1 0 0.7895 1
1 91.5153 109.5289 2 2 4 1 0 0.8452 1
1 73.6712 95.8782 2 1 4 1 0 1.5729 1
1 122.0531 99.8556 3 4 1 1 0 1.0069 1
1 110.8904 77.7991 3 3 2 1 0 0.7467 1
1 78.0881 134.8433 3 2 2 1 1 2.3845 1
1 109.2525 147.8820 3 2 2 1 1 13.1020 1
1 119.9412 80.9812 3 3 1 1 0 3.7722 1
1 87.3606 68.2106 4 3 4 1 0 0.7004 1
1 68.7974 98.9162 2 1 4 1 0 1.0086 1
1 106.6803 75.3501 3 3 4 1 0 0.6844 1
1 109.8450 73.7830 1 3 4 1 0 0.4807 1
1 78.5336 135.8575 1 2 4 1 0 0.7671 1
1 70.7232 116.5256 4 1 4 1 0 0.7729 1
1 85.1726 84.3353 2 1 2 1 0 0.6018 1
1 76.1655 80.2105 3 1 1 1 1 0.7007 1
1 95.6356 122.0070 4 2 1 1 0 0.5449 1
1 92.6224 121.3498 2 2 2 1 1 0.4338 1
1 75.5032 120.2016 2 1 4 1 0 0.5750 1
1 68.4902 100.3769 4 1 4 1 0 0.7516 1
1 98.5304 129.2492 2 2 4 1 0 0.6757 1
1 129.4118 107.4261 2 4 2 1 0 0.3434 1
1 79.9131 104.8711 1 1 4 1 0 0.7230 1
1 98.8722 73.9907 1 3 1 1 0 0.6482 1
1 74.0931 102.4500 1 1 4 1 0 2.5238 1
1 87.4933 102.6541 3 1 1 1 1 2.1064 1
1 103.5668 102.0057 3 2 1 1 0 1.2983 1
1 94.3484 71.3368 4 3 4 1 0 2.9347 1
1 111.1212 118.3085 4 4 4 1 1 0.7523 1
1 130.1129 92.5924 1 4 2 1 0 1.0293 1
1 90.4349 136.3736 4 2 1 1 0 0.3855 1
1 71.1015 89.3096 1 1 4 1 0 3.6794 1
1 123.5913 90.9964 2 3 2 1 0 0.7146 1
1 128.3816 97.9748 2 4 1 1 0 0.4956 1
1 127.7091 94.5345 3 4 4 1 1 0.3678 1
1 131.7155 99.7142 1 4 4 1 1 1.4204 1
1 113.3941 91.5610 3 4 4 1 1 1.6509 1
1 90.7772 75.4578 3 3 4 1 0 0.8309 1
1 103.4926 123.8252 4 2 1 1 0 0.4376 1
1 107.4892 144.6437 4 2 2 1 1 0.3412 1
1 103.3200 134.0606 3 2 4 1 0 0.9613 1
1 68.8092 92.9212 4 1 4 1 0 0.6843 1
1 76.1449 86.4680 4 1 2 1 0 0.4173 1
1 127.8129 85.9738 1 4 1 1 0 0.5272 1
1 92.5923 132.0602 1 2 4 1 0 1.5034 1
1 63.8414 99.9808 1 1 1 1 1 0.6472 1
1 67.7185 92.3521 4 1 1 1 1 0.6831 1
1 131.9209 123.1288 4 4 1 1 0 0.9282 1
1 103.8216 160.6784 2 2 4 1 0 0.3944 1
2 71.3646 100.4742 3 1 4 1 0 0.7828 1
2 113.1897 81.5377 4 4 1 1 0 0.8236 1
2 97.4285 121.9249 4 2 4 1 0 0.8324 1
2 93.8110 81.9111 2 3 4 1 0 0.8877 1
2 86.8404 95.0285 3 3 4 1 0 0.7693 1
2 105.4858 142.3728 4 2 2 1 1 0.4398 1
2 95.5026 80.5391 2 3 2 1 0 0.8217 1
2 88.0723 90.5523 4 3 1 1 0 0.7170 1
2 119.7651 117.6533 3 2 1 1 0 0.7704 1
2 74.1058 102.7346 3 1 4 1 0 0.7450 1
2 132.9935 87.5063 2 4 1 1 0 0.6547 1
2 69.9645 86.5683 4 1 2 1 0 0.4030 1
2 121.1033 94.5771 4 4 4 1 1 0.7061 1
2 100.1946 133.4809 3 2 4 1 0 6.9039 1
2 140.1412 112.9269 3 4 1 1 0 0.6400 1
2 111.2919 71.9448 2 3 1 1 0 0.8988 1
2 101.9112 68.7101 1 3 2 1 0 0.8771 1
2 92.8701 115.4010 2 2 4 1 0 0.6315 1
2 87.7432 121.7098 2 2 4 1 0 1.1462 1
2 116.9842 121.0366 1 4 4 1 1 0.5050 1
2 106.2040 62.1277 4 3 4 1 0 0.6964 1
2 86.3858 114.7453 4 1 4 1 0 0.7971 1
2 98.1793 69.0923 2 3 2 1 0 0.4203 1
2 129.2816 110.8507 3 4 1 1 0 0.8175 1
2 129.6425 91.9746 1 4 2 1 0 0.3139 1
2 133.9920 82.4607 3 4 1 1 0 1.6536 1
2 106.3317 61.3886 3 3 4 1 0 2.9935 1
2 124.5032 100.2541 4 4 2 1 0 1.0359 1
2 82.4519 94.3090 2 1 1 1 1 1.2720 1
2 81.7898 111.5385 3 2 1 1 0 1.0029 1
2 121.8181 81.1996 1 4 4 1 1 0.8075 1
2 85.7585 122.9180 1 2 2 1 1 0.5265 1
2 94.4389 74.6188 4 3 4 1 0 0.6709 1
2 91.5616 71.1302 2 3 2 1 0 0.7549 1
2 127.5453 108.7529 2 4 4 1 1 0.5362 1
2 111.3216 66.9400 1 3 4 1 0 0.4721 1
2 90.2632 82.8812 4 3 2 1 0 0.5507 1
2 125.4987 91.7156 4 4 1 1 0 0.4233 1
2 69.7773 107.5104 3 1 4 1 0 0.6452 1
2 121.9180 85.3120 4 4 1 1 0 0.9837 1
2 107.3375 146.0332 4 2 2 1 1 0.6755 1
2 138.9077 109.0262 4 4 4 1 1 0.6805 1
2 87.1385 149.7429 4 2 4 1 0 1.0043 1
2 88.1528 75.4018 1 3 2 1 0 0.5366 1
2 96.6394 63.9314 4 3 1 1 0 0.6655 1
2 94.5580 127.3204 3 2 2 1 1 1.5509 1
2 66.1666 70.6993 1 1 2 1 0 0.9050 1
2 93.3553 104.9840 2 1 4 1 0 0.4989 1
2 74.1213 97.4802 3 1 1 1 1 0.4662 1
2 132.9753 98.2457 2 4 4 1 1 1.0257 1
2 77.6529 103.1860 1 1 1 1 1 0.7498 1
2 68.0811 97.2900 4 1 1 1 1 0.4844 1
2 86.1985 132.7623 4 2 4 1 0 1.0597 1
2 112.9909 56.6666 1 3 1 1 0 1.1367 1
2 102.2557 91.8934 4 3 2 1 0 0.6723 1
2 65.8822 90.4625 3 1 4 1 0 0.4047 1
2 104.7584 57.8152 3 3 1 1 0 0.8316 1
2 62.8468 102.1042 3 1 1 1 1 0.5037 1
2 80.0384 101.4079 4 1 1 1 1 0.6805 1
2 136.6877 95.0447 4 4 4 1 1 0.6851 1
2 103.9174 117.3660 2 2 4 1 0 0.8654 1
2 126.1778 99.7698 3 4 4 1 1 0.8254 1
2 123.5975 102.7674 4 4 4 1 1 0.5771 1
2 101.9013 52.5659 1 3 4 1 0 0.8184 1
2 98.0211 135.4689 2 2 4 1 0 0.7770 1
2 89.2050 134.1374 1 2 4 1 0 0.8635 1
2 71.8123 78.3524 1 1 4 1 0 0.5522 1
2 129.0227 91.0200 4 4 4 1 1 0.6321 1
2 93.6683 67.5234 1 3 1 1 0 0.8265 1
2 114.6830 141.2372 1 2 1 1 0 0.9305 1
2 106.9555 129.7324 3 2 4 1 0 0.6376 1
2 98.9164 142.1705 3 2 2 1 1 0.9600 1
2 122.1670 87.2851 2 4 1 1 0 3.2431 1
2 102.3440 113.0387 3 2 4 1 0 1.0209 1
2 94.4599 89.8636 2 3 4 1 0 0.9214 1
2 122.1071 98.6297 2 4 2 1 0 0.1950 1
2 122.0819 84.6832 1 4 2 1 0 0.9880 1
2 65.6183 91.4331 1 1 2 1 0 0.3431 1
2 86.0869 61.6301 3 3 1 1 0 3.4903 1
2 136.0329 94.3559 3 4 2 1 0 4.5062 1
2 98.0288 118.9963 1 2 2 1 1 0.1685 1
2 85.2607 84.4604 1 1 1 1 1 1.1342 1
2 95.0595 146.4255 1 2 1 1 0 0.9261 1
2 113.0986 110.6975 1 2 2 1 1 0.4724 1
2 80.5237 83.7751 4 3 1 1 0 1.6402 1
2 72.5890 103.3064 4 1 1 1 1 0.6593 1
2 58.3275 73.3529 3 1 1 1 1 0.6952 1
2 95.0812 129.7580 3 2 2 1 1 0.9396 1
2 93.3909 63.3240 1 3 2 1 0 0.7258 1
2 65.5740 101.7929 1 1 1 1 1 0.9716 1
2 68.5902 111.2368 2 1 1 1 1 0.7907 1
2 88.9110 106.8961 2 1 1 1 1 1.1660 1
2 65.2252 109.4380 4 1 1 1 1 0.5903 1
2 116.4688 89.7162 1 4 4 1 1 1.2644 1
2 89.8963 132.1882 2 2 4 1 0 1.0730 1
2 100.4068 124.7725 4 2 2 1 1 1.7877 1
2 74.8396 110.4062 3 1 4 1 0 1.5150 1
2 120.2600 88.8269 1 4 4 1 1 1.2013 1
2 88.9087 58.4290 1 3 2 1 0 1.6474 1
2 64.6998 97.2169 2 1 1 1 1 1.6582 1
3 124.8026 92.4396 2 4 2 1 0 2.1268 1
3 75.2274 96.2135 4 1 1 1 1 0.8921 1
3 93.9370 62.4624 1 3 4 1 0 1.0304 1
3 106.3064 69.9625 1 3 2 1 0 0.9939 1
3 103.0292 121.9929 3 2 4 1 0 0.9892 1
3 103.8987 52.9844 3 3 4 1 0 0.7603 1
3 138.1050 78.6352 4 4 1 1 0 0.7184 1
3 110.4528 128.4331 4 2 4 1 0 1.1875 1
3 63.6886 99.3253 2 1 1 1 1 1.0107 1
3 104.3078 130.6184 4 2 1 1 0 1.2468 1
3 105.6745 113.8609 3 2 4 1 0 0.7697 1
3 127.0373 102.5313 3 4 1 1 0 0.8548 1
3 94.1701 78.6328 2 3 2 1 0 0.6716 1
3 56.6860 103.5982 4 1 4 1 0 0.8667 1
3 95.9064 128.1414 2 2 1 1 0 0.5879 1
3 107.9754 122.2757 1 2 1 1 0 1.0066 1
3 87.6885 64.6841 4 3 1 1 0 0.6520 1
3 112.2636 78.2404 1 3 4 1 0 0.5599 1
3 117.2038 70.5478 1 3 1 1 0 0.7848 1
3 98.0162 72.5907 1 3 2 1 0 0.7601 1
3 106.9445 67.1810 2 3 4 1 0 0.4611 1
3 136.2692 109.1555 3 4 2 1 0 8.6346 1
3 88.1573 69.8247 4 3 1 1 0 4.9251 1
3 133.9500 86.6055 1 4 2 1 0 1.7675 1
3 90.7274 115.0446 2 2 1 1 0 1.5585 1
3 101.1053 71.3264 3 3 1 1 0 3.2310 1
3 104.8418 64.5808 3 3 4 1 0 2.2078 1
3 76.5790 100.0855 3 1 1 1 1 2.7597 1
3 80.1687 102.4136 3 1 1 1 1 1.0528 1
3 131.2149 122.0328 4 4 4 1 1 2.2817 1
3 76.5329 94.4930 4 1 1 1 1 0.8340 1
3 74.4056 94.8732 1 1 1 1 1 0.5704 1
3 100.5722 59.0357 3 3 4 1 0 1.6125 1
3 64.1784 95.8536 1 1 1 1 1 0.6458 1
3 69.0852 87.0812 1 1 1 1 1 0.7133 1
3 83.5111 127.4984 3 2 1 1 0 2.0441 1
3 107.7221 122.8525 2 2 4 1 0 0.8810 1
3 122.8224 101.7694 4 4 4 1 1 0.8411 1
3 107.2683 82.1691 2 3 4 1 0 0.4483 1
3 91.3367 66.3946 2 3 4 1 0 0.5742 1
3 154.9917 97.4097 1 4 4 1 1 0.7349 1
3 116.6119 107.6445 4 4 4 1 1 0.5642 1
3 121.8793 109.9178 4 4 4 1 1 0.0371 1
3 108.1576 121.1709 4 2 4 1 0 0.4729 1
3 87.7027 99.6187 3 1 2 1 0 0.7905 1
3 116.7455 95.2483 3 4 1 1 0 0.5561 1
3 95.6192 81.2971 4 3 2 1 0 0.9713 1
3 96.2220 119.3550 1 2 4 1 0 0.2776 1
3 64.8654 97.4523 3 1 1 1 1 0.4794 1
3 150.6347 101.2032 4 4 1 1 0 0.8468 1
3 94.4813 130.1834 1 2 2 1 1 0.3577 1
3 63.4817 91.5669 1 1 1 1 1 1.0912 1
3 90.9566 126.3451 1 2 4 1 0 0.5773 1
3 135.2789 131.4748 3 4 4 1 1 1.2201 1
3 103.3426 114.0996 1 2 4 1 0 1.3339 1
3 83.8468 132.1807 3 2 2 1 1 0.6020 1
3 105.2428 69.6735 3 3 2 1 0 2.4269 1
3 103.5026 142.9016 1 2 4 1 0 0.7452 1
3 143.6517 112.9284 4 4 4 1 1 0.4488 1
3 124.5032 78.1772 2 4 4 1 1 1.7599 1
3 93.6008 125.3017 3 2 2 1 1 2.4925 1
3 66.3930 108.7872 3 1 1 1 1 1.4512 1
3 88.6888 98.2993 4 1 2 1 0 3.3623 1
3 74.0738 99.6458 4 1 2 1 0 7.8463 1
3 94.2845 48.6109 2 3 2 1 0 1.6053 1
3 113.9239 134.0780 2 2 2 1 1 1.2147 1
3 92.0338 75.2069 4 3 4 1 0 0.7354 1
3 118.4548 107.2515 4 4 2 1 0 0.8535 1
3 119.8556 94.2118 2 4 4 1 1 0.7009 1
3 70.7976 95.5266 2 1 1 1 1 1.1208 1
3 109.0160 110.1222 1 4 2 1 0 12.0467 1
3 91.9341 128.1148 2 2 2 1 1 2.8838 1
3 107.8462 71.1292 3 3 2 1 0 0.6680 1
3 84.2333 137.9453 4 2 2 1 1 0.7516 1
3 87.5448 133.7851 2 2 2 1 1 0.5009 1
3 84.0640 104.1338 3 1 1 1 1 1.6025 1
3 83.5518 92.8667 2 1 4 1 0 2.6030 1
3 114.2944 103.6657 1 4 2 1 0 1.7090 1
3 75.8624 81.3255 4 1 1 1 1 2.7142 1
3 63.0102 111.5537 2 1 1 1 1 1.1010 1
3 134.6526 106.7230 4 4 2 1 0 2.0882 1
3 103.7936 74.4077 1 3 4 1 0 1.1498 1
3 100.5643 73.9713 2 3 3 1 1 1.9306 1
3 67.0568 102.8144 3 1 3 1 0 0.6346 1
3 79.8331 109.3147 3 1 2 1 0 3.4680 1
3 111.1747 126.9010 1 2 4 1 0 0.8659 1
3 103.0627 66.6268 1 3 4 1 0 1.4027 1
3 77.0428 103.0216 1 1 1 1 1 0.7846 1
3 123.5472 93.8877 3 4 3 1 0 1.1105 1
3 126.1289 115.0799 3 4 2 1 0 1.6849 1
3 136.8027 115.4470 3 4 4 1 1 1.2488 1
3 106.7931 73.1952 1 3 3 1 1 0.7383 1
3 87.9524 84.3511 2 1 1 1 1 1.1587 1
3 100.2872 72.8516 4 3 2 1 0 2.5345 1
3 138.9301 102.8864 4 4 4 1 1 0.8863 1
3 81.6602 102.3989 2 1 1 1 1 1.0075 1
3 100.9880 121.5908 2 2 3 1 0 1.3229 1
3 108.7283 146.0765 3 2 2 1 1 1.3742 1
3 122.3346 91.6734 4 4 4 1 1 1.0426 1
3 96.1414 112.7962 2 2 1 1 0 4.7188 1
4 77.8577 103.2591 3 1 1 0 0 1.4549 1
4 118.2760 134.3861 1 2 4 0 0 0.9078 1
4 80.0327 125.0308 3 2 1 0 0 0.8685 1
4 101.7707 60.4127 3 3 3 0 1 0.5406 1
4 96.9975 144.9041 1 2 3 0 0 0.6684 1
4 102.5619 50.8807 1 3 2 0 0 0.7200 1
4 95.1936 94.8259 1 3 4 0 0 0.6290 1
4 123.3151 82.9203 3 3 4 0 0 0.5836 1
4 61.1240 86.3064 1 1 2 0 0 0.3763 1
4 114.8966 101.9000 2 4 1 0 0 0.7868 1
4 143.6140 95.9601 1 4 3 0 0 0.9850 1
4 93.0298 127.9223 4 2 3 0 0 0.5804 1
4 104.4554 125.8732 3 2 4 0 0 1.3329 1
4 134.6237 92.0509 1 4 2 0 0 0.3922 1
4 99.1364 69.9712 4 3 4 0 1 0.9163 1
4 124.2482 90.8835 1 4 4 0 0 0.7643 1
4 80.3229 104.6976 4 1 4 0 1 0.6585 1
4 97.3913 130.7559 2 2 4 0 0 0.7725 1
4 131.4001 98.8049 1 4 1 0 1 0.7292 1
4 100.2628 126.5816 2 2 4 0 0 1.3102 1
4 69.8300 103.9540 3 1 4 0 0 0.6084 1
4 53.2597 97.6524 3 1 4 0 0 0.5933 1
4 107.7596 101.6084 3 4 4 0 0 0.8975 1
4 109.5893 66.1443 1 3 3 0 0 0.6335 1
4 77.2926 99.9871 3 1 4 0 0 0.6675 1
4 87.3135 64.0285 2 3 4 0 0 0.5748 1
4 103.4128 73.7752 2 3 2 0 1 0.3669 1
4 115.8688 77.2415 2 3 2 0 1 0.5550 1
4 64.2303 102.6138 2 1 2 0 1 0.5079 1
4 80.3630 107.5832 2 1 2 0 1 0.4916 1
4 91.7822 124.1051 2 2 2 0 1 0.6030 1
4 56.7195 111.4643 1 1 2 0 0 0.3967 1
4 129.6642 100.7962 4 4 2 0 0 9.1759 1
4 101.8316 65.4209 3 3 4 0 0 0.4550 1
4 69.6821 91.3549 2 1 3 0 0 0.2604 1
4 124.6191 98.2480 4 4 2 0 0 0.2847 1
4 89.6707 66.7162 1 3 4 0 0 0.3261 1
4 72.5069 95.0757 2 1 3 0 0 0.2408 1
4 103.3468 81.9164 4 3 1 0 0 0.6661 1
4 78.1628 109.6438 4 1 2 0 0 0.4632 1
4 99.2293 138.8234 2 2 2 0 1 0.8141 1
4 124.0074 108.1929 3 4 2 0 0 1.9734 1
4 97.3481 129.1895 2 2 4 0 0 2.8565 1
4 110.2706 135.7376 3 2 3 0 1 0.3507 1
4 66.9838 90.4158 1 1 3 0 0 0.4108 1
4 79.9215 80.1434 2 1 4 0 0 0.4704 1
4 102.9579 73.3276 4 3 2 0 0 1.3487 1
4 110.0177 129.0274 2 2 1 0 0 1.2389 1
4 99.0396 118.4244 2 2 3 0 0 0.6949 1
4 84.6675 102.7472 2 1 4 0 0 0.5227 1
4 117.3649 99.6703 3 4 3 0 1 1.2886 1
4 104.9786 107.9879 2 2 3 0 0 0.5535 1
4 59.3703 85.0339 4 1 3 0 0 0.6658 1
4 68.2180 104.2906 2 1 4 0 0 1.8199 1
4 117.0446 134.5159 3 2 1 0 0 4.3140 1
4 111.7206 105.1756 1 4 2 0 0 2.1167 1
4 104.3017 71.1701 3 3 4 0 0 3.4658 1
4 96.4548 124.9745 4 2 3 0 0 1.3923 1
4 134.5390 105.2827 4 4 1 0 0 1.7012 1
4 115.6346 88.5311 4 3 2 0 0 0.3534 1
4 139.8791 103.1183 4 4 3 0 0 0.4782 1
4 114.0260 71.2138 1 3 3 0 0 0.4125 1
4 113.3018 55.9921 4 3 3 0 0 0.2333 1
4 128.0394 100.6980 1 4 3 0 0 0.6256 1
4 106.5451 94.5860 3 4 4 0 0 0.5963 1
4 129.4991 98.6783 4 4 1 0 0 0.2941 1
4 63.8100 110.5574 4 1 1 0 0 0.8497 1
4 116.8400 79.5157 3 3 2 0 0 0.5525 1
4 112.3647 123.1131 1 2 4 0 0 0.4742 1
4 126.8054 79.3947 3 4 3 0 1 0.3285 1
4 102.9168 122.0853 1 2 3 0 0 0.5158 1
4 135.8998 87.2633 3 4 4 0 0 0.4676 1
4 76.4013 95.2955 2 1 4 0 0 0.9619 1
4 94.9160 127.7004 1 2 2 0 0 0.3631 1
4 116.8181 91.3350 1 3 3 0 0 0.2482 1
4 140.9303 83.2723 4 4 3 0 0 1.7461 1
4 108.4486 68.6553 1 3 3 0 0 0.5751 1
4 139.6484 97.5681 1 4 4 0 0 0.3520 1
4 76.2416 107.6445 3 1 2 0 0 0.2833 1
4 100.4535 75.4099 3 3 4 0 0 0.5975 1
4 133.3841 95.1198 3 4 3 0 1 0.4563 1
4 54.7262 102.9481 4 1 3 0 0 0.4865 1
4 90.6607 114.7931 1 2 3 0 0 0.2933 1
4 113.7865 95.2948 3 3 3 0 1 0.3194 1
4 126.2764 83.8192 2 4 3 0 0 0.3451 1
4 111.5165 115.1448 2 2 3 0 0 0.4844 1
4 80.4441 103.3211 2 1 3 0 0 0.3700 1
4 67.6983 96.7664 1 1 3 0 0 0.5264 1
4 79.1953 108.8968 1 1 3 0 0 0.5433 1
4 118.5892 107.7876 4 2 3 0 0 0.5125 1
4 100.3058 142.8041 2 2 4 0 0 1.4236 1
4 139.5657 102.7081 2 4 1 0 0 1.9259 1
4 107.8802 133.4480 3 2 2 0 0 0.7408 1
4 147.2658 83.1370 4 4 1 0 0 0.7318 1
4 106.8019 73.1424 1 3 1 0 1 0.9287 1
4 92.0560 65.2067 3 3 1 0 0 0.4899 1
4 121.7999 103.9522 4 4 1 0 0 0.5530 1
4 112.8966 126.8406 1 2 2 0 0 0.5528 1
4 107.7046 80.5418 3 3 2 0 0 0.5198 1
4 70.0570 97.8239 3 1 2 0 0 0.3447 1
5 108.8308 89.4585 3 3 2 0 0 0.9269 1
5 116.6820 143.1406 3 2 2 0 0 0.4423 1
5 113.7347 110.0741 2 4 2 0 1 3.1138 1
5 91.9884 65.8295 1 3 2 0 0 0.4877 1
5 109.9944 128.7132 3 2 2 0 0 0.3901 1
5 87.6377 87.8999 2 1 2 0 1 0.5626 1
5 91.9586 81.3687 1 3 2 0 0 0.3704 1
5 98.4903 82.6266 1 3 2 0 0 0.3188 1
5 105.3690 62.3515 3 3 2 0 0 0.0085 1
5 126.1796 107.6207 1 4 1 0 1 0.3643 1
5 79.5867 92.3888 4 1 1 0 0 0.6156 1
5 67.5129 120.7204 1 1 4 0 0 5.5452 1
5 93.3562 125.6489 2 2 3 0 0 0.3365 1
5 131.2836 106.8547 1 4 4 0 0 0.4117 1
5 93.4160 96.6826 2 1 3 0 0 3.0808 1
5 92.5878 154.2830 1 2 2 0 0 0.3738 1
5 150.1976 102.3980 3 4 1 0 0 0.3397 1
5 71.8706 91.0002 4 1 2 0 0 0.3823 1
5 120.2365 105.3651 4 4 3 0 0 0.6020 1
5 102.0303 55.2700 1 3 3 0 0 0.5227 1
5 64.7926 86.6726 1 1 3 0 0 0.4898 1
5 60.9801 93.5680 1 1 3 0 0 0.4874 1
5 74.2789 93.9803 1 1 4 0 0 0.6301 1
5 124.4834 113.4982 2 4 3 0 0 1.9281 1
5 94.9933 68.5995 1 3 3 0 0 1.1292 1
5 127.7061 107.1893 4 4 3 0 0 0.6949 1
5 77.5715 109.9897 3 1 4 0 0 0.4094 1
5 94.8941 72.0194 2 3 2 0 1 1.3662 1
5 88.5755 154.7110 2 2 2 0 1 0.6814 1
5 102.5889 83.5736 2 3 2 0 1 0.2541 1
5 71.1379 121.6782 3 1 2 0 0 0.4076 1
5 110.4242 97.2032 4 4 2 0 0 0.3726 1
5 73.5563 72.2028 4 3 1 0 0 0.9626 1
5 60.5538 97.4907 4 1 1 0 0 0.8913 1
5 62.6681 107.7355 4 1 4 0 1 0.4347 1
5 90.9948 70.2116 2 3 4 0 0 0.8485 1
5 107.4919 124.2660 4 2 3 0 0 1.3999 1
5 77.3297 102.7611 4 1 4 0 1 0.8927 1
5 82.7276 60.7880 3 3 4 0 0 0.5493 1
5 121.0435 119.9764 3 2 4 0 0 0.4067 1
5 107.6510 124.9763 1 2 2 0 0 1.7316 1
5 136.1951 109.8769 1 4 4 0 0 4.1107 1
5 104.0930 67.8945 3 3 4 0 0 0.3561 1
5 92.9179 131.8423 3 2 4 0 0 0.3841 1
5 83.2440 87.2348 4 3 4 0 1 0.1718 1
5 86.9869 137.7303 3 2 4 0 0 0.3229 1
5 104.5617 56.6949 3 3 4 0 0 0.5091 1
5 109.4130 86.6045 2 3 2 0 1 0.4282 1
5 42.7977 98.7857 3 1 4 0 0 0.6009 1
5 116.1249 104.1484 3 4 2 0 0 0.6670 1
5 102.7899 116.4195 1 2 3 0 0 1.3421 1
5 143.4742 104.9102 4 4 1 0 0 1.5043 1
5 105.3632 117.7025 3 2 3 0 1 0.5826 1
5 70.8464 89.2329 2 1 4 0 0 1.7511 1
5 79.9510 141.1002 4 2 2 0 0 0.4042 1
5 130.4596 86.2393 1 4 3 0 0 0.7065 1
5 125.7579 107.7674 3 4 2 0 0 0.6304 1
5 71.1848 108.2609 3 1 4 0 0 0.9848 1
5 95.8491 76.6500 1 3 2 0 0 0.3075 1
5 133.5661 96.3853 2 4 3 0 0 0.4475 1
5 83.6900 97.7592 1 1 3 0 0 0.0786 1
5 125.0165 87.0374 4 4 3 0 0 0.1628 1
5 84.3642 77.5642 3 3 3 0 1 2.1379 1
5 81.3311 81.8530 3 1 3 0 1 0.4338 1
5 71.7453 107.3721 1 1 3 0 0 0.2877 1
5 94.3007 69.4132 3 3 4 0 0 0.5539 1
5 133.6930 86.1741 3 4 4 0 0 0.3609 1
5 113.6511 134.4659 3 2 2 0 0 0.4042 1
5 123.6157 140.5805 2 2 1 0 0 0.4022 1
5 98.5767 125.9519 1 2 4 0 0 0.4648 1
5 105.5620 113.2681 2 2 3 0 0 0.2889 1
5 102.1152 59.2238 2 3 2 0 1 0.3791 1
5 101.5083 136.7463 2 2 1 0 0 0.4402 1
5 111.4199 105.7905 1 4 4 0 0 0.4388 1
5 57.3956 106.8825 2 1 3 0 0 0.4205 1
5 93.2724 118.2552 3 2 4 0 0 0.4493 1
5 103.6479 80.3249 2 3 2 0 1 1.5028 1
5 90.9195 50.3999 3 3 2 0 0 1.1091 1
5 104.8673 128.2429 4 2 3 0 0 3.0104 1
5 131.8167 93.1313 1 4 2 0 0 2.6854 1
5 101.3003 118.2468 1 2 1 0 1 0.6254 1
5 118.3336 94.6428 3 4 3 0 1 0.7878 1
5 102.1490 115.6918 2 4 3 0 0 0.4744 1
5 138.7935 110.5281 3 4 4 0 0 2.0414 1
5 105.8389 59.3266 2 3 4 0 0 0.3340 1
5 120.7779 94.1121 1 4 2 0 0 0.6816 1
5 104.7658 137.1957 3 2 3 0 1 0.2841 1
5 71.6742 104.6640 3 1 3 0 1 0.3586 1
5 99.3557 122.9250 4 2 3 0 0 0.3379 1
5 75.8619 108.5506 1 1 1 0 1 0.3964 1
5 109.8880 115.3438 4 2 1 0 0 0.7288 1
5 129.2654 80.7698 1 4 1 0 1 0.3167 1
5 123.5941 102.7619 2 4 1 0 0 0.4858 1
5 90.9880 115.6455 3 2 4 0 0 0.4361 1
5 67.3771 101.2090 2 1 2 0 1 0.3699 1
5 103.7433 91.3476 3 4 2 0 0 1.1968 1
5 82.2037 101.0427 2 1 2 0 1 0.4619 1
5 82.7853 71.5963 3 3 2 0 0 0.4289 1
5 94.5523 61.3336 2 3 4 0 0 13.9780 1
5 65.5803 106.6743 3 1 3 0 1 0.4915 1
6 135.4754 103.0953 2 4 2 0 1 7.3268 1
6 131.9336 115.7457 3 4 2 0 0 0.5603 1
6 79.3083 92.6669 4 1 2 0 0 0.5292 1
6 121.3137 98.8788 3 4 2 0 0 0.6090 1
6 96.8514 93.5220 4 1 4 0 1 2.4982 1
6 70.9591 107.6042 1 1 4 0 0 0.4805 1
6 89.9558 64.8627 1 3 3 0 0 1.6639 1
6 100.6883 64.5680 2 3 4 0 0 1.3380 1
6 81.3666 54.0435 3 3 1 0 0 0.3639 1
6 69.5087 113.4943 2 1 3 0 0 0.3123 1
6 105.3467 81.1106 2 3 2 0 1 0.3213 1
6 107.7094 136.7320 1 2 2 0 0 0.4754 1
6 51.4384 108.5347 2 1 1 0 0 0.2661 1
6 116.7106 100.2723 3 4 3 0 1 0.3090 1
6 81.4458 97.6135 1 1 4 0 0 0.6555 1
6 79.3883 101.9495 2 1 2 0 1 0.6904 1
6 105.6702 73.1600 3 3 2 0 0 0.8703 1
6 88.4604 132.3513 2 2 3 0 0 1.1514 1
6 105.9622 87.7261 3 3 3 0 1 0.6863 1
6 89.3754 80.2530 3 3 3 0 1 0.7214 1
6 132.5168 79.3665 4 4 3 0 0 0.5653 1
6 101.5459 83.4905 4 3 3 0 0 0.5174 1
6 103.2945 76.8177 4 3 3 0 0 0.5001 1
6 98.4734 67.9758 4 3 4 0 1 0.3224 1
6 115.3325 116.7625 4 2 4 0 1 0.4290 1
6 98.2988 66.6219 2 3 4 0 0 0.4425 1
6 99.0352 89.4037 3 3 3 0 1 0.6800 1
6 95.0387 77.2566 3 3 3 0 1 0.5556 1
6 114.0655 154.3119 3 2 3 0 1 1.1949 1
6 106.0402 131.1355 2 2 3 0 0 0.4749 1
6 112.8350 144.2134 1 2 4 0 0 0.3779 1
6 99.7772 123.8030 1 2 2 0 0 0.4227 1
6 126.7152 117.4950 4 4 1 0 0 0.3080 1
6 85.5099 78.3823 3 3 1 0 0 0.3031 1
6 141.1648 118.9442 4 4 2 0 0 0.6799 1
6 84.6467 111.4268 3 1 3 0 1 0.4110 1
6 96.4923 64.0008 2 3 3 0 0 0.2955 1
6 110.0655 62.6440 1 3 3 0 0 0.4652 1
6 91.6651 129.7944 2 2 4 0 0 0.4490 1
6 66.6809 92.0205 3 1 3 0 1 1.4568 1
6 98.6420 67.0848 1 3 3 0 0 0.4871 1
6 116.9347 101.9188 2 4 4 0 0 0.3414 1
6 107.5802 141.2795 4 2 4 0 1 0.3683 1
6 80.1447 103.8121 2 1 1 0 0 0.6355 1
6 125.3780 93.6617 2 4 4 0 0 0.3972 1
6 94.8067 71.0829 4 3 3 0 0 0.5864 1
6 149.8503 85.6629 3 4 2 0 0 0.5084 1
6 112.4084 118.7632 3 4 3 0 1 0.3942 1
6 95.7107 96.6214 2 1 3 0 0 0.4872 1
6 104.8871 113.3817 1 2 4 0 0 0.2606 1
6 108.5905 150.0014 4 2 2 0 0 0.3185 1
6 137.0804 110.1187 4 4 1 0 0 0.3468 1
6 85.6290 129.7241 4 2 1 0 0 0.4545 1
6 133.2758 109.7255 3 4 1 0 0 0.6288 1
6 95.7718 76.3855 4 3 1 0 0 0.5668 1
6 135.9208 94.1744 2 4 1 0 0 0.3921 1
6 136.6643 105.0332 1 4 1 0 1 0.1630 1
6 73.9319 114.8849 3 1 1 0 0 0.3149 1
6 131.6035 100.0489 4 4 1 0 0 0.4219 1
6 146.5705 88.5627 1 4 3 0 0 0.4812 1
6 120.2761 123.7163 3 2 4 0 0 0.3518 1
6 129.3278 121.8224 4 4 3 0 0 0.2678 1
6 119.6669 98.9626 4 4 3 0 0 0.3729 1
6 91.9709 124.1509 2 2 3 0 0 0.2912 1
6 79.8248 110.0313 3 1 3 0 1 0.6184 1
6 104.2406 138.9003 2 2 3 0 0 0.2040 1
6 112.0955 90.0869 2 4 3 0 0 0.4515 1
6 99.2218 84.4636 2 3 4 0 0 0.3531 1
6 107.5018 121.6098 4 2 2 0 0 1.1956 1
6 81.9795 108.6904 4 1 1 0 0 0.3144 1
6 65.2718 109.8442 1 1 4 0 0 0.2921 1
6 55.6794 110.5232 4 1 2 0 0 0.9274 1
6 128.0954 100.7774 4 4 3 0 0 0.9995 1
6 95.9689 62.9362 3 3 3 0 1 1.2505 1
6 142.5410 96.0239 1 4 2 0 0 0.1628 1
6 133.5203 113.6583 4 4 4 0 1 0.2322 1
6 74.4528 101.6761 2 1 4 0 0 0.3997 1
6 73.3303 105.7902 3 1 4 0 0 0.3637 1
6 89.4633 121.3259 4 2 3 0 0 0.2949 1
6 64.0133 119.6554 4 1 3 0 0 0.1936 1
6 105.3527 58.0847 3 3 3 0 1 0.3287 1
6 91.8422 58.5898 1 3 3 0 0 0.1314 1
6 136.1853 96.6623 4 4 3 0 0 0.4900 1
6 109.0030 126.8378 4 2 3 0 0 0.2818 1
6 87.4036 103.1563 1 1 3 0 0 0.1486 1
6 118.1874 104.7384 1 4 3 0 0 0.3631 1
6 87.3270 119.1106 3 2 3 0 1 0.3748 1
6 114.1970 77.1463 1 3 3 0 0 0.4359 1
6 102.6554 124.9706 4 2 3 0 0 0.2891 1
6 85.6089 129.0267 4 2 3 0 0 0.3949 1
6 88.7273 138.5179 1 2 3 0 0 0.3120 1
6 103.2879 70.9612 1 3 3 0 0 0.3550 1
6 99.5780 137.4124 1 2 3 0 0 0.2710 1
6 49.0672 104.1744 4 1 3 0 0 0.2972 1
6 74.1195 99.1445 3 1 3 0 1 0.3399 1
6 74.2690 85.7949 1 1 3 0 0 0.7041 1
6 84.3613 143.2540 2 2 3 0 0 1.5564 1
6 109.1853 138.0732 1 2 3 0 0 0.5406 1
6 67.0555 109.5032 2 1 4 0 0 0.1102 1
6 78.2750 98.0735 1 1 4 0 0 1.7807 1
7 101.5544 85.0108 1 3 4 0 0 5.7428 1
7 131.5554 93.7477 4 4 4 0 1 0.4447 1
7 78.1565 106.1586 1 1 4 0 0 0.2972 1
7 73.6090 100.0768 4 1 4 0 1 0.3390 1
7 92.5239 112.3685 2 2 4 0 0 0.4131 1
7 90.5905 64.5018 1 1 4 0 0 0.3136 1
7 95.5324 124.7046 3 2 4 0 0 0.4046 1
7 104.8713 112.1152 2 2 4 0 0 0.0976 1
7 97.8579 128.1863 2 2 4 0 0 0.4084 1
7 106.3990 126.8403 1 2 2 0 0 0.3091 1
7 103.0445 133.7577 4 2 1 0 0 0.3357 1
7 68.9197 110.3770 1 1 4 0 0 0.3462 1
7 72.9761 91.8513 4 1 2 0 0 1.3502 1
7 84.9633 129.4892 4 2 4 0 1 0.4888 1
7 115.4950 102.4642 1 4 4 0 0 0.4235 1
7 66.8812 103.1281 3 1 4 0 0 0.5327 1
7 146.6449 104.1139 3 4 4 0 0 1.2856 1
7 105.2155 124.7106 1 2 3 0 0 0.4713 1
7 61.8078 120.1106 3 1 3 0 1 0.9491 1
7 64.0041 91.5645 1 1 3 0 0 0.6396 1
7 114.5423 65.2524 3 3 4 0 0 2.9143 1
7 137.3987 90.8951 3 4 4 0 0 1.5149 1
7 98.0313 85.9155 3 3 4 0 0 1.2186 1
7 116.9702 92.0839 3 4 4 0 0 1.8105 1
7 101.3815 73.0170 3 3 4 0 0 5.7439 1
7 108.8706 89.0201 2 4 2 0 1 4.6366 1
7 99.5317 110.2907 3 2 2 0 0 0.3827 1
7 85.6570 87.3307 4 1 1 0 0 1.6748 1
7 106.9334 125.3360 4 2 3 0 0 1.6059 1
7 101.8314 70.9860 3 3 4 0 0 0.7684 1
7 117.2242 127.3864 1 2 3 0 0 2.1011 1
7 113.0652 114.0933 3 2 2 0 0 1.2573 1
7 86.3785 114.4504 3 1 1 0 0 0.3135 1
7 53.1331 82.5922 3 1 1 0 0 0.7401 1
7 65.6660 89.5178 2 1 4 0 0 0.3124 1
7 58.2609 103.3889 2 1 3 0 0 0.5477 1
7 94.5967 82.4114 3 3 4 0 0 3.3647 1
7 86.6962 51.7089 3 3 4 0 0 14.8413 1
7 126.2479 93.8255 4 4 4 0 1 0.6719 1
7 132.7261 92.5790 4 4 4 0 1 4.0189 1
7 95.9106 133.0822 4 2 4 0 1 0.3107 1
7 107.1687 132.0388 3 2 4 0 0 0.5130 1
7 77.0563 105.1720 2 1 4 0 0 1.2327 1
7 106.5160 71.4494 1 3 4 0 0 1.5530 1
7 127.3768 98.4144 4 4 4 0 1 0.5696 1
7 72.1357 96.4958 1 1 4 0 0 0.7941 1
7 132.6607 101.5893 1 4 4 0 0 2.4792 1
7 67.4598 105.3197 3 1 4 0 0 0.8132 1
7 98.1891 128.3366 3 2 4 0 0 0.7233 1
7 67.2599 96.2754 4 1 4 0 1 0.5828 1
7 116.2361 104.3239 1 4 4 0 0 0.0234 1
7 97.7604 139.6673 3 2 4 0 0 0.5068 1
7 109.4239 76.8451 3 3 4 0 0 0.3447 1
7 103.5760 77.8437 4 3 4 0 1 0.3552 1
7 75.6848 119.7178 4 1 4 0 1 0.6222 1
7 101.9040 83.9635 2 3 4 0 0 2.0003 1
7 107.7403 151.8154 4 2 4 0 1 6.8828 1
7 99.8686 69.5788 1 3 4 0 0 0.4418 1
7 123.1581 86.3214 2 3 2 0 1 8.3270 1
7 100.2814 82.6420 1 3 2 0 0 0.4017 1
7 80.6127 64.8003 1 3 2 0 0 0.1908 1
7 77.0293 88.6312 4 1 2 0 0 0.9035 1
7 135.8160 105.1594 4 4 2 0 0 1.5043 1
7 96.1417 70.8354 1 3 2 0 0 0.4088 1
7 94.1610 140.3225 4 2 2 0 0 10.1499 1
7 125.0520 99.4714 1 4 4 0 0 3.0361 1
7 107.3234 140.2796 2 2 4 0 0 2.5026 1
7 111.1157 67.1623 2 3 4 0 0 1.0132 1
7 77.5743 106.8028 3 1 4 0 0 12.1594 1
7 120.9845 109.6560 3 4 4 0 0 0.3097 1
7 115.0339 82.6380 1 3 4 0 0 0.3195 1
7 118.0005 110.7687 4 4 4 0 1 0.5371 1
7 91.0872 110.3567 3 2 4 0 0 0.4883 1
7 102.1550 55.7520 2 3 4 0 0 0.7106 1
7 92.7225 150.3744 1 2 2 0 0 11.0035 1
7 97.3704 74.7911 1 3 1 0 1 1.0461 1
7 94.8763 128.9719 3 2 1 0 0 1.9052 1
7 94.4080 49.6970 1 3 4 0 0 8.9604 1
7 117.8498 104.5631 4 4 4 0 1 0.2984 1
7 118.3561 111.6363 3 4 4 0 0 2.8680 1
7 128.9701 121.7062 1 4 4 0 0 19.1151 1
7 127.9187 108.3813 3 4 4 0 0 0.5840 1
7 91.4105 93.8808 4 3 4 0 1 0.2169 1
7 55.9682 101.5119 4 1 2 0 0 0.3533 1
7 108.9303 81.9381 3 4 1 0 0 1.3569 1
7 100.7278 116.5772 4 2 1 0 0 0.4650 1
7 81.7712 111.1103 4 1 1 0 0 0.4309 1
7 136.6421 100.5962 1 4 1 0 1 0.3316 1
7 66.1732 98.4152 2 1 1 0 0 0.3730 1
7 99.2885 68.1986 2 3 1 0 0 0.2719 1
7 122.2716 97.8254 3 4 1 0 0 0.3453 1
7 113.0291 96.0229 3 4 1 0 0 0.1163 1
7 108.7611 66.5369 4 3 1 0 0 0.2662 1
7 90.4904 90.7713 2 1 1 0 0 0.1156 1
7 88.8389 138.9016 2 2 1 0 0 0.2657 1
7 63.2691 104.2814 1 1 1 0 1 0.2111 1
7 104.9284 74.3248 2 3 1 0 0 0.0423 1
7 132.9668 97.6630 4 4 1 0 0 0.2704 1
7 137.3462 113.9915 1 4 1 0 1 0.2794 1
7 99.8924 122.9074 1 2 1 0 1 0.3532 1
8 124.0902 118.9130 3 4 2 1 0 2.3348 1
8 106.4592 68.8722 2 3 1 1 0 0.3628 1
8 127.1002 108.3619 2 4 2 1 0 0.5988 1
8 145.5079 105.0925 1 4 3 1 0 0.2969 1
8 104.7419 95.8541 3 4 3 1 0 0.2437 1
8 97.6917 64.1212 4 3 1 1 0 0.0927 1
8 96.0948 76.7071 3 3 3 1 1 0.3700 1
8 135.3313 94.3023 4 4 4 1 1 0.1409 1
8 125.3602 108.8345 4 4 1 1 0 0.2281 1
8 98.9094 143.2802 4 2 2 1 1 0.1720 1
8 125.8238 82.1636 1 4 3 1 0 0.0035 1
8 61.9010 110.7270 1 1 4 1 0 0.1993 1
8 108.6715 117.6680 3 2 3 1 0 0.1589 1
8 132.4578 93.5496 3 4 2 1 0 0.1977 1
8 100.6615 138.9520 2 2 2 1 1 0.1725 1
8 121.2142 99.1859 3 4 2 1 0 0.1637 1
8 123.7680 91.1913 2 4 4 1 1 0.3937 1
8 105.3469 62.1127 1 3 1 1 0 0.1828 1
8 110.4685 121.2093 3 2 2 1 1 0.2379 1
8 124.7199 97.3623 1 4 4 1 1 0.1818 1
8 72.0866 111.0079 2 1 3 1 0 0.1094 1
8 106.8346 93.8795 2 4 4 1 1 0.0983 1
8 94.7207 105.7847 1 2 1 1 0 0.1367 1
8 107.2509 127.7588 3 2 2 1 1 0.1274 1
8 124.8673 94.9131 1 4 4 1 1 0.1651 1
8 111.8528 115.5680 2 2 1 1 0 0.1567 1
8 94.5770 65.3457 2 3 2 1 0 0.1634 1
8 54.5403 100.5869 4 1 1 1 1 0.0419 1
8 70.1847 112.6640 1 1 3 1 0 0.2377 1
8 75.9614 119.5233 3 1 1 1 1 0.0536 1
8 136.6960 85.7850 4 4 4 1 1 0.1210 1
8 130.3035 108.1081 2 4 3 1 0 0.3038 1
8 127.2725 101.2891 3 4 3 1 0 0.0431 1
8 75.7972 136.1125 4 2 3 1 0 0.1115 1
8 101.6947 71.4132 1 3 1 1 0 0.2296 1
8 122.1147 103.2817 1 4 1 1 0 0.1269 1
8 60.3511 114.3077 2 1 3 1 0 0.1494 1
8 92.9046 122.1020 2 2 4 1 0 0.2199 1
8 136.5479 103.7805 1 4 4 1 1 0.1964 1
8 121.4979 110.0468 3 4 4 1 1 0.1088 1
8 110.6893 65.7843 2 3 4 1 0 0.0359 1
8 101.4667 116.3394 1 2 3 1 0 0.0412 1
8 56.4131 94.2644 4 1 2 1 0 0.0130 1
8 79.8961 81.1035 1 3 3 1 1 0.1592 1
8 107.4894 67.7759 2 3 3 1 1 0.1665 1
8 98.2208 65.4573 1 3 2 1 0 0.1402 1
8 101.1555 128.3788 3 2 4 1 0 0.0680 1
8 78.0756 96.2654 4 1 4 1 0 0.1212 1
8 144.1202 106.3873 3 4 1 1 0 0.2077 1
8 69.6587 95.3935 2 1 1 1 1 0.1680 1
8 110.7196 116.0871 2 2 4 1 0 0.1751 1
8 104.4290 118.4309 3 2 1 1 0 0.1827 1
8 91.6975 118.6216 1 2 3 1 0 0.2694 1
8 88.6969 141.3633 4 2 2 1 1 0.0392 1
8 65.4832 111.9926 1 1 3 1 0 0.1222 1
8 109.2279 139.7944 1 2 2 1 1 0.0963 1
8 89.2490 78.6219 3 3 4 1 0 0.0863 1
8 104.1968 141.2735 3 2 1 1 0 0.1400 1
8 103.4156 75.8864 2 3 1 1 0 0.1464 1
8 100.2263 73.7651 1 3 3 1 1 0.3932 1
8 96.0057 70.3104 4 3 3 1 1 0.1328 1
8 57.9441 87.1006 1 1 3 1 0 0.0596 1
8 75.9152 124.9741 2 1 4 1 0 0.7212 1
8 114.9372 130.4124 2 2 3 1 0 0.5500 1
8 110.6129 128.7154 3 2 3 1 0 0.5508 1
8 65.7857 99.0509 3 1 3 1 0 0.7115 1
8 107.4212 77.5781 1 3 3 1 1 0.3157 1
8 88.9937 55.4789 4 3 3 1 1 0.1506 1
8 100.2864 72.4270 4 3 3 1 1 0.2526 1
8 64.7903 77.3709 4 1 3 1 0 0.1328 1
8 122.5304 84.5825 2 4 3 1 0 0.3629 1
8 81.9811 122.2044 3 2 4 1 0 11.1109 1
8 90.9210 64.4163 4 3 3 1 1 0.0036 1
8 64.3651 104.8376 2 1 1 1 1 0.1503 1
8 89.6134 63.6083 2 3 4 1 0 0.0625 1
8 124.1812 129.4869 4 4 1 1 0 0.0180 1
8 110.4730 86.6673 2 3 4 1 0 0.1178 1
8 101.1719 119.2859 2 2 1 1 0 0.0266 1
8 90.3402 116.8999 2 1 3 1 0 0.0788 1
8 59.6690 94.7477 2 1 4 1 0 0.0194 1
8 63.6398 102.4741 4 1 4 1 0 0.0387 1
8 70.9801 97.4984 4 1 3 1 0 0.0418 1
8 69.1136 108.5233 2 1 4 1 0 0.0936 1
8 105.3890 122.3535 3 2 1 1 0 0.8985 1
8 93.1776 65.4764 1 3 2 1 0 0.2196 1
8 76.8107 106.3702 4 1 3 1 0 0.3563 1
8 100.1930 132.4558 2 2 3 1 0 0.3684 1
8 75.4131 94.6944 3 1 4 1 0 0.0280 1
8 95.0873 138.8186 2 2 4 1 0 0.2717 1
8 72.5930 121.4012 1 1 4 1 0 0.0408 1
8 103.3680 147.2061 1 2 4 1 0 0.2678 1
8 95.8447 83.3202 3 3 4 1 0 0.4685 1
8 109.0777 102.4331 4 4 4 1 1 0.1624 1
8 113.2000 100.1867 4 4 4 1 1 0.2648 1
8 96.1304 74.5303 4 3 4 1 0 0.4171 1
8 97.0638 60.2841 2 3 3 1 1 1.7602 1
8 131.2137 109.6500 2 4 3 1 0 0.3161 1
8 69.8536 99.2167 2 1 3 1 0 0.9499 1
8 95.9898 78.3730 4 3 3 1 1 0.2081 1
8 56.5795 97.8917 4 1 3 1 0 0.0718 1
9 101.9270 124.9169 1 2 4 1 0 0.5090 1
9 90.7604 118.0055 4 2 5 1 0 0.5369 1
9 105.5005 79.1120 4 3 3 1 1 0.1506 1
9 107.9136 64.3814 2 3 5 1 0 0.1051 1
9 96.4990 80.8376 3 3 4 1 0 0.0249 1
9 90.2395 128.2253 1 2 2 1 1 0.1036 1
9 142.5256 91.5844 2 4 5 1 0 0.0561 1
9 124.4760 113.3694 4 4 2 1 0 0.0555 1
9 64.8705 105.0281 3 1 5 1 0 0.0389 1
9 106.6255 68.2164 4 3 2 1 0 0.0380 1
9 129.5553 104.7185 4 4 4 1 1 1.1574 1
9 82.0931 84.7054 4 1 5 1 0 0.0322 1
9 105.4727 122.0417 1 2 4 1 0 0.7196 1
9 95.8101 77.8261 1 3 4 1 0 1.0395 1
9 116.0171 54.0204 4 3 4 1 0 1.7193 1
9 101.5874 128.6738 1 2 5 1 0 0.5444 1
9 136.7401 101.5012 3 4 5 1 0 0.2366 1
9 97.1936 128.5897 1 2 4 1 0 1.3933 1
9 135.1553 91.0800 3 4 4 1 1 0.1293 1
9 120.1177 97.7777 3 4 5 1 0 0.1466 1
9 80.5136 110.9438 1 1 5 1 0 1.4759 1
9 88.5654 90.1056 1 1 4 1 0 0.3574 1
9 133.6424 103.4671 4 4 4 1 1 0.0127 1
9 140.3759 105.7105 1 4 5 1 0 0.4289 1
9 93.9527 116.2486 3 2 5 1 0 0.1026 1
9 149.0769 86.5169 3 4 4 1 1 0.3586 1
9 78.4511 105.1860 1 1 3 1 0 0.0938 1
9 140.2754 107.0743 1 4 5 1 0 0.1264 1
9 132.4728 91.2742 1 4 5 1 0 0.0480 1
9 137.7972 100.4247 4 4 3 1 0 0.0474 1
9 119.7145 97.1257 1 4 4 1 1 0.1593 1
9 133.6609 106.8919 4 4 4 1 1 0.0649 1
9 108.8790 128.9527 1 2 3 1 0 0.1622 1
9 64.4745 77.5333 3 1 3 1 0 0.1369 1
9 102.0468 85.1780 4 3 3 1 1 0.0908 1
9 94.9039 108.7768 2 2 3 1 0 0.0761 1
9 101.7649 128.0355 3 2 3 1 0 0.4454 1
9 104.7563 75.8659 4 3 3 1 1 0.1351 1
9 134.4524 99.3927 3 4 3 1 0 0.0738 1
9 107.6564 76.9826 4 3 3 1 1 0.0903 1
9 62.3993 88.2892 3 1 3 1 0 0.1235 1
9 95.4788 69.3943 4 3 3 1 1 0.1420 1
9 71.9726 116.2312 1 1 3 1 0 0.1288 1
9 129.2137 95.3005 2 4 3 1 0 0.2591 1
9 69.4482 106.4665 1 1 3 1 0 0.2489 1
9 104.6776 56.5007 1 3 3 1 1 0.0627 1
9 97.8026 130.4800 2 2 3 1 0 0.1761 1
9 99.2808 114.3206 1 2 4 1 0 0.7244 1
9 110.5923 67.3542 3 3 4 1 0 0.4042 1
9 88.9518 121.9229 1 2 5 1 0 2.8281 1
