0.205904
0.000000
0.512520
0.512481
0.512532
0.512515
0.320000
0.144256
0.146287
0.512520
0.512481
0.512532
0.512515
0.220000
0.141258
0.207810
0.512606
0.512526
0.512538
0.512567
0.240000
0.080674
0.260352
0.512565
0.512509
0.512527
0.512720
0.140000
0.170750
0.263225
0.512553
0.512536
0.512529
0.512795
0.280000
0.149009
0.312168
0.512540
0.512586
0.512687
0.512916
0.240000
0.174914
0.333153
0.512697
0.512555
0.512818
0.512899
0.300000
0.250708
0.366816
0.512705
0.512517
0.512897
0.513078
0.400000
0.149519
0.410015
0.513060
0.512698
0.512985
0.513220
0.240000
0.145760
0.408320
0.513151
0.513050
0.513113
0.513272
0.240000
0.172128
0.409384
0.513208
0.513186
0.513143
0.513401
0.320000
0.217505
0.422813
0.513371
0.513388
0.513225
0.513575
0.380000
0.155555
0.452777
0.513557
0.513351
0.513426
0.513726
0.240000
0.205921
0.462948
0.513670
0.513265
0.513503
0.513798
0.360000
0.202649
0.473411
0.513815
0.513364
0.513503
0.514051
0.360000
0.205456
0.477132
0.513862
0.513637
0.513717
0.514418
0.360000
0.178890
0.478578
0.513925
0.513676
0.514022
0.514693
0.280000
0.235912
0.479675
0.513998
0.513845
0.514158
0.514846
0.400000
0.203964
0.506369
0.514207
0.514063
0.514245
0.515196
0.380000
0.120644
0.508853
0.514234
0.514166
0.514455
0.515505
0.220000
0.128292
0.492302
0.514169
0.514261
0.514549
0.515705
0.240000
0.203285
0.477154
0.514051
0.514225
0.514930
0.515775
0.360000
0.191015
0.480204
0.514004
0.514289
0.515496
0.516008
0.340000
0.233692
0.483394
0.514282
0.514301
0.515537
0.516212
0.420000
0.213358
0.496677
0.514455
0.514280
0.515986
0.516430
0.400000
0.213627
0.496724
0.514679
0.514881
0.516314
0.516568
0.360000
0.247903
0.505967
0.514901
0.514991
0.516326
0.516916
0.380000
0.339082
0.511195
0.515464
0.515604
0.516616
0.517022
0.500000
0.314442
0.537912
0.516120
0.516000
0.517181
0.517835
0.420000
0.284514
0.550728
0.516813
0.516728
0.517548
0.518685
0.420000
0.300156
0.566182
0.517619
0.517358
0.517891
0.518882
0.460000
0.275202
0.570863
0.518488
0.517932
0.518739
0.519175
0.380000
0.338910
0.573727
0.518538
0.518597
0.519697
0.519430
0.520000
0.210631
0.582973
0.519320
0.519017
0.520385
0.520161
0.300000
0.338721
0.571712
0.519491
0.519381
0.520540
0.520810
0.460000
0.244328
0.578439
0.520027
0.519858
0.521087
0.522385
0.360000
0.272594
0.569145
0.520513
0.520262
0.521992
0.522861
0.400000
0.290833
0.567072
0.520988
0.521037
0.522580
0.523501
0.380000
0.296443
0.565125
0.522073
0.521216
0.523405
0.523804
0.460000
0.251921
0.566545
0.522799
0.522162
0.523967
0.524251
0.440000
0.355235
0.561185
0.523556
0.522631
0.524204
0.524781
0.440000
0.333693
0.570143
0.524255
0.522888
0.524968
0.526677
0.380000
0.329623
0.573652
0.525318
0.523905
0.525168
0.527236
0.440000
0.304823
0.584008
0.525802
0.524220
0.526268
0.528421
0.380000
0.341264
0.580851
0.526128
0.525291
0.527122
0.528915
0.400000
0.353366
0.579629
0.526556
0.525575
0.528843
0.529458
0.480000
0.378011
0.582645
0.527467
0.525822
0.530078
0.530526
0.460000
0.415812
0.592103
0.528090
0.526446
0.531262
0.531731
0.520000
0.438047
0.605215
0.528429
0.527899
0.531654
0.533433
0.520000
0.408615
0.626580
0.530084
0.528768
0.532362
0.534238
0.480000
0.434902
0.634866
0.530880
0.529429
0.533720
0.535304
0.520000
0.470051
0.642510
0.531410
0.530548
0.535027
0.536338
0.580000
0.412310
0.651614
0.533160
0.530979
0.536038
0.537817
0.480000
0.414463
0.649399
0.533623
0.532409
0.537455
0.538528
0.480000
0.448288
0.647031
0.534920
0.533138
0.538730
0.538981
0.580000
0.484578
0.654631
0.536154
0.534246
0.539496
0.539844
0.540000
0.442110
0.663297
0.536499
0.534868
0.540919
0.541769
0.500000
0.539905
0.672208
0.537189
0.535359
0.541731
0.543705
0.640000
0.554612
0.683652
0.538298
0.536358
0.543543
0.545141
0.660000
0.499781
0.694554
0.538802
0.536988
0.545870
0.546983
0.580000
0.557964
0.696804
0.540083
0.537752
0.546901
0.548096
0.640000
0.487834
0.712759
0.541185
0.538894
0.548146
0.549730
0.540000
0.520870
0.709960
0.542708
0.539299
0.548936
0.551377
0.600000
0.445829
0.709872
0.544429
0.540564
0.549615
0.552508
0.520000
0.564858
0.703991
0.545948
0.541695
0.550003
0.553505
0.580000
0.514957
0.710524
0.546852
0.542602
0.551285
0.555767
0.620000
0.473738
0.709463
0.548351
0.544286
0.552194
0.556526
0.580000
0.480903
0.704650
0.548915
0.545416
0.553384
0.557266
0.520000
0.564676
0.708799
0.550540
0.546319
0.553715
0.558667
0.700000
0.525838
0.717289
0.551659
0.547566
0.555209
0.559667
0.580000
0.551384
0.724515
0.551839
0.549051
0.556788
0.560941
0.640000
0.608494
0.732610
0.552438
0.550876
0.557712
0.562508
0.700000
0.435361
0.748639
0.552973
0.551951
0.558850
0.563967
0.500000
0.580104
0.733858
0.553910
0.553082
0.559228
0.564709
0.720000
0.589919
0.742231
0.556290
0.554310
0.559777
0.565341
0.660000
0.482578
0.746810
0.558566
0.555122
0.560903
0.566181
0.540000
0.573857
0.737435
0.560029
0.555377
0.561046
0.567913
0.640000
0.567074
0.735895
0.561555
0.556538
0.562038
0.569278
0.640000
0.550281
0.742262
0.562917
0.558045
0.562684
0.570141
0.600000
0.518046
0.738622
0.564294
0.560232
0.563006
0.570916
0.600000
0.486025
0.735923
0.565710
0.561386
0.564040
0.571183
0.560000
0.531277
0.729743
0.566472
0.561838
0.565689
0.572098
0.640000
0.586650
0.733766
0.567230
0.562886
0.567240
0.573099
0.660000
0.549456
0.743578
0.568734
0.563527
0.568137
0.574372
0.640000
0.572083
0.742692
0.569412
0.565095
0.568847
0.576059
0.720000
0.582682
0.743021
0.570479
0.565934
0.569619
0.577249
0.680000
0.513466
0.744317
0.572601
0.566608
0.570734
0.578468
0.580000
0.585745
0.736946
0.573479
0.568221
0.572066
0.578851
0.700000
0.565906
0.740472
0.574782
0.569152
0.572554
0.581060
0.660000
0.595134
0.743339
0.575692
0.569972
0.574082
0.582565
0.720000
0.604887
0.753724
0.576155
0.570983
0.575998
0.584178
0.740000
0.535180
0.756844
0.577624
0.572239
0.576616
0.584534
0.620000
0.595462
0.752692
0.578700
0.572631
0.578024
0.585979
0.720000
0.523272
0.762182
0.580024
0.574758
0.578593
0.586313
0.640000
0.650997
0.759026
0.580756
0.575302
0.579687
0.587246
0.780000
0.626881
0.767501
0.581819
0.576953
0.580502
0.589303
0.740000
0.579769
0.773022
0.583356
0.578595
0.582262
0.590052
0.700000
0.605061
0.770889
0.584486
0.580081
0.582663
0.591537
0.720000
0.606300
0.771047
0.584987
0.581612
0.584055
0.592847
0.720000
0.580407
0.770986
0.586394
0.582979
0.584999
0.594039
0.680000
0.600414
0.769857
0.588025
0.583949
0.585317
0.595454
0.660000
0.607794
0.770326
0.589177
0.585406
0.585533
0.596612
0.740000
0.579956
0.775233
0.591061
0.586765
0.586602
0.597600
0.680000
0.656551
0.774002
0.591708
0.588338
0.587410
0.598163
0.800000
0.573805
0.782614
0.592791
0.590128
0.588662
0.599041
0.700000
0.656051
0.776199
0.594137
0.590750
0.590075
0.599538
0.740000
0.598306
0.781325
0.595589
0.592019
0.590846
0.601266
0.720000
0.636430
0.781363
0.596603
0.592889
0.592457
0.601687
0.780000
0.588341
0.788607
0.597176
0.594840
0.594354
0.602161
0.740000
0.610305
0.788401
0.597785
0.595647
0.595464
0.603373
0.720000
0.612651
0.790959
0.599251
0.596628
0.596380
0.604337
0.700000
0.670656
0.790272
0.600373
0.597164
0.597385
0.605109
0.780000
0.568671
0.796266
0.601975
0.597879
0.598005
0.606840
0.660000
0.665914
0.789678
0.602584
0.598462
0.598515
0.607277
0.760000
0.622445
0.798741
0.604051
0.599358
0.600039
0.608661
0.720000
0.657905
0.803759
0.605761
0.600834
0.600850
0.609035
0.740000
0.631454
0.807372
0.606535
0.601765
0.602651
0.609686
0.740000
0.607078
0.809908
0.607916
0.602866
0.602892
0.611460
0.700000
0.663283
0.804495
0.609253
0.604462
0.604028
0.611946
0.740000
0.484136
0.806190
0.610459
0.604869
0.604884
0.613313
0.620000
0.578065
0.787755
0.611065
0.605925
0.605785
0.613586
0.720000
0.590176
0.788062
0.611847
0.606333
0.607070
0.614414
0.740000
0.582333
0.788497
0.612944
0.607231
0.607435
0.615758
0.680000
0.659817
0.783990
0.613449
0.608126
0.608058
0.616120
0.900000
0.637786
0.793173
0.614570
0.609072
0.609222
0.617172
0.820000
0.627327
0.798952
0.615222
0.609859
0.610883
0.618063
0.840000
0.553898
0.799505
0.616505
0.610860
0.612369
0.618895
0.760000
0.603680
0.792735
0.617410
0.612326
0.613261
0.618917
0.760000
0.562237
0.790037
0.617894
0.612734
0.614250
0.619869
0.720000
0.595106
0.782491
0.618654
0.614056
0.614600
0.620207
0.780000
0.609360
0.781075
0.619343
0.614688
0.614815
0.621025
0.780000
0.552964
0.784008
0.619905
0.615216
0.616300
0.621708
0.740000
0.587457
0.779856
0.620729
0.615968
0.616701
0.622010
0.820000
0.636309
0.780637
0.621515
0.616623
0.617246
0.623323
0.840000
0.545061
0.786457
0.623168
0.617841
0.617831
0.623960
0.740000
0.564739
0.784749
0.623816
0.618681
0.618151
0.624783
0.720000
0.560281
0.783563
0.623981
0.620087
0.618659
0.625259
0.740000
0.616117
0.786085
0.624206
0.621558
0.619358
0.626288
0.840000
0.560999
0.795658
0.625515
0.621845
0.619951
0.627186
0.720000
0.596311
0.796215
0.626322
0.622401
0.620396
0.628466
0.760000
0.572490
0.800725
0.627380
0.623655
0.621292
0.628987
0.760000
0.621128
0.800415
0.627696
0.624595
0.621565
0.630704
0.840000
0.585717
0.807157
0.629087
0.625830
0.622023
0.630930
0.800000
0.593591
0.810114
0.630684
0.626254
0.622368
0.631568
0.780000
0.559192
0.811691
0.631355
0.627633
0.623252
0.632082
0.740000
0.516847
0.806485
0.631564
0.628131
0.623720
0.633368
0.760000
0.553523
0.798475
0.631829
0.628764
0.624654
0.633468
0.800000
0.561125
0.798407
0.632592
0.629775
0.626268
0.633722
0.840000
0.533002
0.797927
0.632542
0.630649
0.626841
0.634877
0.780000
0.551056
0.796077
0.633030
0.631453
0.627041
0.634898
0.740000
0.536112
0.792700
0.633803
0.632099
0.627175
0.635700
0.800000
0.604527
0.794864
0.634652
0.632999
0.627084
0.636183
0.860000
0.499100
0.807480
0.634962
0.633418
0.628988
0.636140
0.700000
0.513473
0.799604
0.635326
0.634083
0.629633
0.636857
0.780000
0.493046
0.793372
0.636239
0.634622
0.629907
0.637850
0.780000
0.542544
0.787532
0.636490
0.635644
0.629887
0.638693
0.860000
0.522099
0.793196
0.637332
0.636926
0.630236
0.638727
0.800000
0.538026
0.794624
0.638141
0.637675
0.630570
0.639650
0.800000
0.565524
0.794897
0.638679
0.637927
0.630531
0.640317
0.820000
0.534708
0.795363
0.638776
0.638806
0.631781
0.641377
0.820000
0.497170
0.792860
0.639298
0.639763
0.632010
0.641515
0.740000
0.541270
0.784270
0.639375
0.640230
0.633173
0.641418
0.780000
0.488734
0.792364
0.639876
0.640291
0.633940
0.642325
0.700000
0.579305
0.787482
0.640366
0.641051
0.633834
0.643117
0.800000
0.589774
0.793881
0.640642
0.641722
0.635344
0.643057
0.840000
0.536850
0.803987
0.640331
0.642706
0.635763
0.644604
0.820000
0.578098
0.803207
0.640536
0.643807
0.636119
0.645514
0.780000
0.558775
0.805467
0.642280
0.644710
0.636359
0.645871
0.780000
0.579504
0.803737
0.642494
0.645945
0.637283
0.646122
0.800000
0.534226
0.804711
0.643365
0.646344
0.638178
0.646366
0.800000
0.601790
0.797187
0.644432
0.646754
0.638275
0.646657
0.860000
0.599634
0.802473
0.645216
0.647853
0.638377
0.647471
0.880000
0.542087
0.806212
0.645006
0.648353
0.639494
0.648231
0.760000
0.543625
0.798012
0.646000
0.648808
0.640162
0.648575
0.780000
0.571747
0.789502
0.646666
0.649578
0.640434
0.649100
0.780000
0.546839
0.788947
0.647223
0.650340
0.641145
0.649923
0.720000
0.594681
0.784666
0.647527
0.650709
0.642049
0.650658
0.740000
0.643688
0.788000
0.648298
0.652055
0.642235
0.651317
0.820000
0.750437
0.811195
0.648709
0.652188
0.642783
0.652321
0.960000
0.690697
0.831866
0.649524
0.653433
0.643775
0.652692
0.880000
0.577997
0.840412
0.650379
0.654214
0.644901
0.653997
0.720000
0.699691
0.836000
0.651247
0.655244
0.645146
0.654741
0.880000
0.659690
0.845375
0.652283
0.656400
0.646708
0.655181
0.860000
0.676300
0.850091
0.651941
0.657893
0.647181
0.656548
0.860000
0.617171
0.855129
0.652636
0.658374
0.648950
0.657901
0.760000
0.535756
0.850117
0.653340
0.658879
0.649514
0.658618
0.720000
0.635733
0.841617
0.653271
0.659294
0.650208
0.659524
0.780000
0.541544
0.840635
0.653212
0.660207
0.650739
0.660677
0.780000
0.555524
0.831505
0.653953
0.659377
0.651351
0.661060
0.860000
0.587135
0.827732
0.654107
0.659627
0.652111
0.660976
0.880000
0.583913
0.825411
0.654350
0.659771
0.652410
0.661907
0.860000
0.583954
0.821520
0.653890
0.660627
0.652489
0.662385
0.820000
0.568646
0.819977
0.653527
0.661177
0.652667
0.663409
0.840000
0.583082
0.815880
0.653741
0.662271
0.652929
0.663583
0.900000
0.587961
0.815583
0.654949
0.662870
0.653006
0.663887
0.860000
0.540429
0.811501
0.655529
0.662796
0.652665
0.665257
0.860000
0.526063
0.804892
0.655828
0.662312
0.653372
0.666031
0.820000
0.521418
0.797604
0.656588
0.663171
0.653949
0.666379
0.800000
0.541504
0.789699
0.657458
0.663776
0.654157
0.666659
0.840000
0.495330
0.791767
0.657819
0.664474
0.654566
0.666792
0.840000
0.505298
0.792926
0.658210
0.664778
0.655045
0.667285
0.780000
0.485225
0.788497
0.658774
0.666271
0.654936
0.667515
0.800000
0.494769
0.788775
0.659357
0.666696
0.655779
0.667302
0.780000
0.558606
0.784211
0.659696
0.666944
0.656469
0.667446
0.860000
0.531111
0.791145
0.660385
0.667332
0.656367
0.668813
0.820000
0.546370
0.792248
0.660931
0.667758
0.656388
0.669505
0.860000
0.549710
0.798613
0.661147
0.669237
0.656920
0.669291
0.840000
0.568132
0.800965
0.661776
0.669931
0.657417
0.669943
0.880000
0.551328
0.804759
0.662043
0.670120
0.657708
0.670810
0.900000
0.516184
0.806104
0.662462
0.670997
0.658496
0.670894
0.820000
0.505953
0.799151
0.662436
0.671867
0.658944
0.670973
0.800000
0.590942
0.792119
0.663110
0.672163
0.658608
0.671897
0.900000
0.613311
0.797584
0.663940
0.672966
0.659405
0.672292
0.880000
0.583057
0.812340
0.664175
0.673668
0.660159
0.672801
0.820000
0.593080
0.806316
0.664601
0.674117
0.660949
0.672980
0.820000
0.522634
0.804350
0.664827
0.675558
0.661601
0.672874
0.700000
0.527541
0.791664
0.664654
0.675937
0.661724
0.673312
0.800000
0.596452
0.787057
0.664878
0.676526
0.661809
0.674491
0.840000
0.635315
0.804688
0.665747
0.676922
0.661932
0.674735
0.860000
0.625762
0.813831
0.665929
0.677538
0.662871
0.676340
0.820000
0.657195
0.819547
0.666199
0.678630
0.662135
0.677585
0.920000
0.576211
0.826589
0.667415
0.679548
0.662433
0.678564
0.800000
0.633893
0.818785
0.667255
0.680153
0.664051
0.679094
0.840000
0.617747
0.818839
0.667257
0.680559
0.665234
0.680091
0.900000
0.622310
0.820778
0.668207
0.681597
0.665614
0.680952
0.860000
0.569732
0.821487
0.668678
0.682728
0.666191
0.681640
0.820000
0.577880
0.820393
0.668639
0.683621
0.666749
0.681901
0.840000
0.642182
0.838495
0.669376
0.684098
0.667079
0.681332
0.920000
0.594340
0.848526
0.669694
0.684527
0.668641
0.682365
0.840000
0.533280
0.847874
0.670505
0.685529
0.668820
0.681933
0.780000
0.603273
0.842397
0.671157
0.686059
0.669405
0.682317
0.840000
0.605511
0.841337
0.672447
0.686452
0.669792
0.682625
0.840000
0.564956
0.841743
0.673528
0.686793
0.670277
0.682623
0.820000
0.585324
0.837237
0.674079
0.686846
0.670540
0.683264
0.880000
0.577016
0.836416
0.674844
0.688205
0.670681
0.683669
0.880000
0.543546
0.834495
0.674747
0.688447
0.671607
0.684372
0.840000
0.553182
0.829723
0.675432
0.689304
0.671654
0.684356
0.900000
0.564344
0.829926
0.675751
0.689901
0.671966
0.684414
0.900000
0.502652
0.833071
0.676608
0.691232
0.672407
0.684712
0.780000
0.615990
0.822539
0.676523
0.691622
0.673184
0.684851
0.900000
0.624830
0.830454
0.677114
0.692204
0.673854
0.685563
0.900000
0.594547
0.837027
0.677430
0.692431
0.674493
0.685621
0.800000
0.561228
0.834132
0.677081
0.692680
0.674933
0.687029
0.800000
0.596167
0.828178
0.677164
0.692807
0.674817
0.687824
0.860000
0.639123
0.830382
0.677702
0.692891
0.675590
0.688646
0.880000
0.666053
0.835895
0.677708
0.693479
0.676215
0.688913
0.920000
0.568443
0.841415
0.678368
0.694405
0.676692
0.689212
0.780000
0.572749
0.833133
0.679543
0.694430
0.676327
0.689717
0.800000
0.587027
0.827690
0.679753
0.695156
0.676842
0.689558
0.840000
0.603852
0.824525
0.679700
0.695280
0.677537
0.690448
0.900000
0.577256
0.821144
0.680408
0.696051
0.677448
0.690696
0.860000
0.609164
0.814401
0.680240
0.696045
0.678345
0.691458
0.920000
0.560719
0.836703
0.681272
0.696171
0.678787
0.692078
0.840000
0.591095
0.826975
0.681708
0.696007
0.679080
0.692285
0.900000
0.588885
0.825309
0.681870
0.696006
0.679978
0.692683
0.860000
0.578772
0.821262
0.682191
0.696446
0.680787
0.692983
0.840000
0.625822
0.815529
0.682439
0.696832
0.680850
0.693678
0.860000
0.580784
0.817252
0.682737
0.697143
0.681223
0.694236
0.800000
0.554372
0.811175
0.683506
0.697841
0.681178
0.694639
0.760000
0.593745
0.805416
0.684087
0.698849
0.681017
0.694240
0.880000
0.593443
0.804886
0.684164
0.700146
0.680895
0.694448
0.860000
0.564019
0.803044
0.684716
0.700762
0.680382
0.695110
0.800000
0.555421
0.810506
0.684771
0.701457
0.680451
0.696083
0.860000
0.551995
0.806006
0.685022
0.701688
0.681033
0.695963
0.820000
0.498334
0.809974
0.685092
0.701602
0.682276
0.696088
0.760000
0.591834
0.799230
0.685419
0.701260
0.682908
0.695550
0.920000
0.534087
0.805309
0.685668
0.702419
0.683503
0.695937
0.820000
0.610238
0.809675
0.685753
0.702580
0.683501
0.695886
0.900000
0.593820
0.833959
0.686093
0.703207
0.683672
0.696718
0.880000
0.546583
0.839140
0.686022
0.703874
0.684071
0.697046
0.860000
0.589071
0.836097
0.686453
0.703964
0.684108
0.697662
0.860000
0.605651
0.838132
0.687028
0.704299
0.684777
0.698572
0.880000
0.662989
0.840850
0.688144
0.704721
0.684814
0.699195
0.920000
0.589268
0.850431
0.689373
0.705196
0.685449
0.699801
0.840000
0.610467
0.847856
0.689795
0.705543
0.685340
0.699934
0.840000
0.522900
0.856000
0.690781
0.705908
0.685561
0.700999
0.860000
0.527323
0.848936
0.690738
0.706609
0.685589
0.701466
0.820000
0.524144
0.842314
0.690216
0.707217
0.685772
0.701898
0.840000
0.552434
0.846439
0.690438
0.708107
0.686378
0.701106
0.880000
0.557720
0.855735
0.690839
0.708173
0.686459
0.701782
0.860000
0.545917
0.854039
0.691478
0.708949
0.686039
0.702486
0.880000
0.480295
0.851073
0.692354
0.709516
0.685356
0.702796
0.800000
0.529322
0.841571
0.692387
0.709597
0.685616
0.703053
0.860000
0.529467
0.837240
0.692359
0.710167
0.686017
0.703084
0.840000
0.514313
0.833240
0.692384
0.710749
0.686304
0.703095
0.860000
0.546076
0.833674
0.693260
0.710915
0.686875
0.703285
0.880000
0.559494
0.835595
0.692710
0.711203
0.687536
0.704188
0.920000
0.523102
0.848346
0.692541
0.711282
0.688131
0.705028
0.880000
0.508781
0.848576
0.693238
0.711715
0.688530
0.704910
0.860000
0.482245
0.845070
0.693565
0.712003
0.688291
0.705707
0.840000
0.521879
0.838367
0.693622
0.711866
0.688930
0.705291
0.920000
0.502380
0.839885
0.694161
0.713000
0.688432
0.705573
0.840000
0.547255
0.833074
0.694899
0.713558
0.688532
0.705640
0.880000
0.590307
0.841338
0.695049
0.714297
0.688512
0.705753
0.940000
0.497279
0.842215
0.695613
0.714362
0.689210
0.706154
0.840000
0.505440
0.835229
0.695918
0.714586
0.689668
0.706517
0.760000
0.520896
0.826362
0.695997
0.715460
0.689271
0.706241
0.860000
0.556925
0.823802
0.696045
0.715423
0.689707
0.706306
0.900000
0.573656
0.824928
0.695772
0.715640
0.691226
0.706384
0.880000
0.594063
0.833988
0.696684
0.716488
0.691121
0.706418
0.900000
0.314164
0.841280
0.697411
0.717020
0.691531
0.706721
0.840000
0.199754
0.801127
0.695731
0.716802
0.690718
0.704051
0.860000
0.242571
0.755682
0.693767
0.715129
0.689513
0.702737
0.880000
0.140205
0.722273
0.692391
0.713176
0.688183
0.701679
0.880000
0.249158
0.680415
0.691970
0.711811
0.684946
0.700613
0.880000
0.230465
0.663516
0.691263
0.710605
0.684001
0.700836
0.880000
0.178182
0.644963
0.690239
0.709293
0.682906
0.700234
0.840000
0.211049
0.636822
0.689496
0.708118
0.681016
0.698727
0.800000
0.201868
0.621850
0.688626
0.707105
0.679574
0.698815
0.840000
0.215784
0.605607
0.687407
0.706422
0.678451
0.698202
0.920000
0.117253
0.593237
0.686636
0.705632
0.678146
0.696523
0.760000
0.121984
0.560894
0.684673
0.704319
0.676391
0.695664
0.860000
0.187683
0.533870
0.684020
0.703159
0.674830
0.693884
0.860000
0.179398
0.526929
0.682685
0.702872
0.673805
0.692930
0.840000
0.178331
0.530140
0.682200
0.701142
0.672649
0.691568
0.840000
0.217604
0.517924
0.682251
0.700345
0.671335
0.690220
0.860000
0.164419
0.515947
0.681730
0.699652
0.670237
0.690611
0.880000
0.197320
0.500837
0.680238
0.698705
0.669587
0.689867
0.840000
0.156712
0.495986
0.679833
0.698032
0.668991
0.688993
0.860000
0.152779
0.481921
0.679362
0.697738
0.667199
0.688245
0.740000
0.121704
0.467136
0.678448
0.696958
0.666790
0.687796
0.800000
0.131130
0.449223
0.677698
0.695640
0.665474
0.687377
0.700000
0.178886
0.433798
0.677482
0.694767
0.664765
0.686312
0.880000
0.140893
0.447063
0.676681
0.694180
0.663843
0.685387
0.760000
0.154230
0.435489
0.676156
0.693764
0.663497
0.684198
0.760000
0.149184
0.427898
0.676206
0.693740
0.663015
0.683431
0.760000
0.151998
0.421709
0.675352
0.693092
0.663113
0.682624
0.840000
0.134107
0.414103
0.674467
0.692756
0.663085
0.682492
0.700000
0.117643
0.402436
0.673859
0.692120
0.662739
0.682356
0.740000
0.158788
0.386822
0.672776
0.691689
0.661890
0.682055
0.720000
0.131417
0.387462
0.672771
0.691160
0.660609
0.681748
0.700000
0.116447
0.376711
0.671610
0.690767
0.660623
0.681296
0.720000
0.148797
0.364878
0.671005
0.690250
0.660205
0.680549
0.720000
0.139166
0.359163
0.671003
0.689349
0.659579
0.680252
0.780000
0.104119
0.366155
0.670762
0.688008
0.658895
0.679830
0.660000
0.111518
0.349967
0.670115
0.687290
0.658619
0.678921
0.620000
0.102056
0.336360
0.669705
0.686786
0.658259
0.677926
0.700000
0.120287
0.326751
0.669527
0.686199
0.657552
0.676956
0.640000
0.142807
0.320976
0.669036
0.685565
0.657174
0.676662
0.540000
0.118934
0.321067
0.668357
0.685364
0.656760
0.676640
0.600000
0.123964
0.311242
0.668144
0.684913
0.656832
0.676092
0.500000
0.122489
0.304743
0.667942
0.684957
0.656488
0.675884
0.640000
0.111636
0.304177
0.667594
0.684739
0.655785
0.675145
0.560000
0.115735
0.295666
0.667481
0.684094
0.655511
0.674777
0.660000
0.144003
0.287792
0.666847
0.683724
0.655458
0.674483
0.640000
0.116094
0.288924
0.666499
0.683719
0.655151
0.673979
0.560000
0.117974
0.286516
0.665913
0.683452
0.655036
0.673899
0.620000
0.103814
0.279736
0.665857
0.683059
0.654954
0.673213
0.520000
0.135734
0.271066
0.665709
0.682780
0.654817
0.672943
0.520000
0.098770
0.286791
0.665566
0.682829
0.654111
0.672744
0.600000
0.156665
0.277410
0.665262
0.682307
0.653158
0.672717
0.580000
0.116186
0.283009
0.665138
0.682194
0.652579
0.672776
0.440000
0.161088
0.279052
0.664717
0.681853
0.652138
0.672395
0.520000
0.134059
0.294374
0.664611
0.681753
0.651890
0.672059
0.620000
0.113144
0.294515
0.664040
0.681707
0.651680
0.671527
0.600000
0.149315
0.295110
0.663796
0.680437
0.651543
0.671308
0.600000
0.157178
0.299133
0.663832
0.679979
0.651603
0.671042
0.580000
0.125719
0.310798
0.663332
0.679663
0.651814
0.671105
0.660000
0.139138
0.306868
0.662582
0.679246
0.651787
0.670593
0.620000
0.129638
0.306971
0.662887
0.678812
0.651218
0.670350
0.660000
0.160998
0.304591
0.662874
0.678376
0.650463
0.669833
0.620000
0.138848
0.307560
0.662586
0.677969
0.650353
0.669740
0.580000
0.158699
0.304900
0.662983
0.677726
0.650209
0.669171
0.620000
0.149542
0.316999
0.662386
0.677313
0.650131
0.669003
0.580000
0.181650
0.330097
0.662147
0.676454
0.649420
0.668734
0.620000
0.143321
0.333699
0.661997
0.675791
0.649556
0.668495
0.580000
0.123799
0.331553
0.661793
0.675340
0.648820
0.667814
0.560000
0.100453
0.333286
0.661028
0.674969
0.648852
0.667100
0.600000
0.173452
0.322393
0.660412
0.674064
0.648088
0.667097
0.640000
0.225766
0.328868
0.659856
0.674298
0.647547
0.667298
0.620000
0.167695
0.344852
0.659797
0.674013
0.647977
0.667493
0.560000
0.156251
0.347452
0.659569
0.673901
0.647247
0.667704
0.520000
0.163382
0.344448
0.659455
0.674511
0.646461
0.667355
0.560000
0.125086
0.344404
0.659760
0.674159
0.645564
0.667010
0.560000
0.122728
0.336828
0.659214
0.672836
0.645236
0.666691
0.600000
0.113226
0.333803
0.658785
0.672517
0.644089
0.666306
0.600000
0.146351
0.326186
0.658094
0.672517
0.643682
0.665486
0.540000
0.136619
0.329117
0.658068
0.672246
0.643748
0.665327
0.700000
0.088880
0.324791
0.657571
0.672281
0.643881
0.665156
0.480000
0.124930
0.309167
0.657347
0.671893
0.643488
0.664648
0.500000
0.144136
0.307439
0.656937
0.671444
0.643215
0.664261
0.600000
0.121731
0.305642
0.656936
0.671394
0.642802
0.663909
0.640000
0.117146
0.299585
0.656894
0.671264
0.642065
0.663430
0.400000
0.086192
0.294308
0.656500
0.671061
0.642028
0.663261
0.540000
0.138907
0.282761
0.656306
0.670247
0.641865
0.662697
0.580000
0.100934
0.294153
0.656318
0.670266
0.641305
0.662289
0.640000
0.087981
0.284459
0.655424
0.669955
0.641167
0.661666
0.520000
0.128058
0.272211
0.655003
0.669475
0.640606
0.661158
0.520000
0.134192
0.271559
0.654528
0.669278
0.640449
0.660852
0.500000
0.104310
0.274588
0.654672
0.669063
0.640230
0.660520
0.460000
0.138159
0.270322
0.654494
0.668878
0.639825
0.660452
0.540000
0.147878
0.273173
0.654772
0.668760
0.639362
0.660370
0.500000
0.119370
0.278480
0.654390
0.668946
0.638859
0.660269
0.520000
0.130935
0.273502
0.654339
0.668070
0.638284
0.660087
0.580000
0.126611
0.275974
0.653287
0.668405
0.637929
0.659667
0.540000
0.081886
0.275771
0.653010
0.668028
0.637906
0.659421
0.600000
0.108401
0.270332
0.652921
0.667441
0.637271
0.658931
0.540000
0.109860
0.267176
0.652556
0.667569
0.636643
0.658825
0.420000
0.135044
0.270135
0.652440
0.667197
0.636050
0.658388
0.620000
0.139469
0.267894
0.652048
0.667530
0.635530
0.658802
0.660000
0.139202
0.268851
0.651991
0.667147
0.635518
0.658713
0.460000
0.076252
0.281015
0.651933
0.666869
0.635363
0.658472
0.460000
0.116509
0.272287
0.651541
0.666638
0.634654
0.657993
0.440000
0.096964
0.269866
0.651199
0.666480
0.634643
0.657739
0.540000
0.105988
0.261995
0.650899
0.666214
0.634682
0.657422
0.600000
0.137692
0.255498
0.650564
0.665605
0.634324
0.657775
0.560000
0.124247
0.257009
0.650696
0.665446
0.633741
0.657707
0.560000
0.076412
0.253754
0.650416
0.665467
0.633433
0.657655
0.420000
0.110802
0.239391
0.649782
0.664997
0.633440
0.657405
0.340000
0.154975
0.238024
0.649738
0.664552
0.633539
0.657062
0.600000
0.095087
0.253544
0.649940
0.664638
0.633517
0.656504
0.460000
0.096038
0.250424
0.649922
0.664422
0.633283
0.655995
0.440000
0.106677
0.248326
0.649381
0.664190
0.633114
0.655764
0.480000
0.124736
0.246804
0.649440
0.663702
0.632588
0.655372
0.560000
0.139258
0.250872
0.649120
0.663202
0.632461
0.655517
0.460000
0.137894
0.252873
0.649044
0.663246
0.632325
0.655271
0.400000
0.104639
0.263309
0.648759
0.663264
0.632332
0.654895
0.620000
0.122937
0.257280
0.648752
0.662899
0.631743
0.654595
0.540000
0.106616
0.260521
0.648503
0.663215
0.631190
0.654615
0.480000
0.122041
0.261058
0.648262
0.663104
0.630999
0.653909
0.400000
0.102918
0.260974
0.647958
0.663024
0.631172
0.653899
0.540000
0.088987
0.257928
0.647472
0.662607
0.630887
0.653622
0.480000
0.116670
0.250589
0.647384
0.662286
0.630589
0.653477
0.420000
0.113715
0.251513
0.647369
0.661755
0.630616
0.653101
0.500000
0.092077
0.248719
0.647251
0.661103
0.630703
0.653046
0.620000
0.088197
0.242849
0.646957
0.660619
0.630828
0.652646
0.480000
0.095372
0.238832
0.646799
0.660268
0.630800
0.652126
0.440000
0.124895
0.233319
0.646604
0.660172
0.630473
0.651607
0.440000
0.161574
0.231834
0.646148
0.660137
0.630398
0.651711
0.380000
0.140051
0.236757
0.645850
0.660147
0.630623
0.651770
0.500000
0.141037
0.247163
0.645817
0.660104
0.630379
0.651681
0.520000
0.162115
0.256527
0.645168
0.660059
0.630084
0.651574
0.440000
0.153956
0.261586
0.645298
0.659938
0.630423
0.651853
0.480000
0.139513
0.267387
0.645494
0.660099
0.630387
0.651993
0.520000
0.106001
0.271440
0.645434
0.660100
0.629557
0.651940
0.520000
0.133676
0.260893
0.645324
0.659972
0.629613
0.651872
0.420000
0.088568
0.259736
0.645561
0.659628
0.629490
0.651153
0.440000
0.141621
0.247750
0.645530
0.659117
0.629314
0.651079
0.400000
0.150550
0.245983
0.645737
0.659217
0.629443
0.650773
0.540000
0.147629
0.253124
0.645686
0.658591
0.629196
0.650775
0.560000
0.153000
0.259620
0.645389
0.658256
0.629181
0.650807
0.520000
0.124511
0.260399
0.645144
0.658368
0.629065
0.650719
0.480000
0.118549
0.269206
0.644858
0.657825
0.629401
0.650383
0.400000
0.092833
0.273395
0.644903
0.657754
0.628764
0.650521
0.460000
0.117024
0.261975
0.644436
0.657503
0.628718
0.650038
0.340000
0.115987
0.259942
0.644324
0.657274
0.628516
0.649696
0.460000
0.098263
0.251794
0.644527
0.656874
0.628496
0.649239
0.420000
0.098859
0.246734
0.644281
0.656567
0.628015
0.648825
0.540000
0.109294
0.243784
0.643842
0.655949
0.627897
0.648369
0.500000
0.133638
0.238959
0.643787
0.655623
0.628064
0.647915
0.460000
0.172768
0.245758
0.643930
0.655506
0.628059
0.647833
0.520000
0.108887
0.259046
0.644134
0.656094
0.627963
0.647692
0.400000
0.145640
0.254123
0.643794
0.655827
0.627960
0.647848
0.640000
0.146208
0.265131
0.643743
0.655648
0.627870
0.648006
0.540000
0.104596
0.268322
0.643599
0.655484
0.628056
0.648220
0.480000
0.125481
0.263284
0.643770
0.655261
0.627590
0.648021
0.500000
0.096098
0.267205
0.643390
0.655171
0.627439
0.647707
0.420000
0.127044
0.262700
0.642768
0.654566
0.627270
0.647511
0.500000
0.155497
0.266296
0.642649
0.654214
0.627579
0.647307
0.520000
0.112826
0.279020
0.642574
0.654186
0.627537
0.647193
0.480000
0.205254
0.276656
0.642192
0.653969
0.627741
0.646779
0.500000
0.107748
0.300740
0.642026
0.654274
0.627852
0.647292
0.520000
0.155044
0.294686
0.642068
0.654227
0.627648
0.646680
0.520000
0.106378
0.297882
0.642161
0.653467
0.627916
0.647058
0.560000
0.102721
0.288700
0.642112
0.653057
0.627507
0.646812
0.500000
0.118356
0.280101
0.641599
0.653139
0.627097
0.646555
0.440000
0.129457
0.273535
0.641671
0.653117
0.626767
0.646279
0.620000
0.127722
0.274040
0.641626
0.653087
0.626498
0.645821
0.500000
0.131316
0.271759
0.641780
0.653568
0.625865
0.645780
0.560000
0.082915
0.269631
0.641844
0.653476
0.625805
0.645737
0.500000
0.076879
0.260089
0.641832
0.653162
0.625682
0.645540
0.540000
0.134168
0.251573
0.641754
0.652911
0.625110
0.645065
0.480000
0.159845
0.252597
0.641624
0.652956
0.625053
0.644678
0.460000
0.107807
0.260286
0.641144
0.652855
0.625167
0.644921
0.400000
0.108044
0.258104
0.640875
0.652765
0.625389
0.644540
0.440000
0.153669
0.254920
0.640792
0.652088
0.625403
0.644514
0.440000
0.170688
0.261656
0.640606
0.652195
0.625228
0.644802
0.520000
0.096559
0.269299
0.640904
0.652392
0.625207
0.644635
0.440000
0.131673
0.264540
0.640375
0.652420
0.625025
0.644625
0.440000
0.133519
0.264527
0.640272
0.652378
0.624836
0.644121
0.500000
0.159506
0.263985
0.639750
0.652245
0.624971
0.644166
0.440000
0.111514
0.286824
0.639706
0.652019
0.624859
0.643934
0.540000
0.119042
0.285124
0.639073
0.651717
0.624790
0.643797
0.540000
0.119741
0.294699
0.639072
0.651131
0.624596
0.643300
0.500000
0.089561
0.289460
0.639154
0.651125
0.624587
0.642763
0.360000
0.073915
0.284416
0.638968
0.650448
0.624294
0.642538
0.580000
0.161357
0.271953
0.638554
0.649882
0.623565
0.642427
0.520000
0.153528
0.278716
0.638673
0.649202
0.623379
0.642359
0.440000
0.113661
0.282375
0.639029
0.648659
0.623500
0.642371
0.400000
0.126568
0.281905
0.639126
0.648418
0.623200
0.642357
0.460000
0.113243
0.285262
0.639169
0.647983
0.622765
0.642035
0.480000
0.111132
0.282132
0.639297
0.647900
0.622412
0.642028
0.500000
0.175093
0.284005
0.638431
0.647307
0.622534
0.642022
0.520000
0.131529
0.296132
0.638462
0.647345
0.622435
0.642045
0.520000
0.185331
0.302964
0.638556
0.647071
0.622065
0.641914
0.540000
0.159686
0.314741
0.638541
0.647159
0.622045
0.642095
0.600000
0.167169
0.317089
0.638559
0.646794
0.621620
0.641850
0.560000
0.167071
0.321413
0.638634
0.646886
0.621130
0.641661
0.560000
0.140367
0.321198
0.638417
0.646704
0.620992
0.641625
0.460000
0.167141
0.318516
0.637954
0.646696
0.621185
0.641138
0.520000
0.112533
0.319827
0.637691
0.646712
0.621248
0.641201
0.580000
0.145668
0.315020
0.637273
0.646507
0.620948
0.640607
0.620000
0.125357
0.311859
0.636626
0.646513
0.620732
0.641111
0.560000
0.145678
0.306998
0.636592
0.646380
0.620536
0.640544
0.520000
0.117028
0.309552
0.636524
0.646584
0.620450
0.640640
0.460000
0.102984
0.301678
0.636435
0.646317
0.619989
0.640601
0.480000
0.113822
0.301323
0.636248
0.645591
0.619791
0.640032
0.500000
0.120202
0.297896
0.635712
0.645351
0.619703
0.639890
0.500000
0.109046
0.294342
0.635433
0.645106
0.619949
0.639634
0.520000
0.088087
0.296152
0.635179
0.645140
0.619666
0.639361
0.360000
0.139063
0.287477
0.635092
0.644729
0.619325
0.638915
0.560000
0.152145
0.285953
0.634715
0.644557
0.619340
0.639191
0.600000
0.148118
0.294314
0.634583
0.643682
0.619182
0.639201
0.500000
0.149780
0.296373
0.634702
0.643373
0.618951
0.639060
0.420000
0.103453
0.301188
0.634731
0.643290
0.619214
0.638110
0.580000
0.141488
0.295008
0.634346
0.643087
0.618647
0.638066
0.440000
0.133019
0.307611
0.634450
0.643021
0.618551
0.637501
0.560000
0.161086
0.305113
0.633863
0.643192
0.618608
0.637453
0.520000
0.093001
0.316461
0.633819
0.643070
0.618530
0.637215
0.660000
0.151976
0.306684
0.633557
0.642731
0.618628
0.636677
0.580000
0.087168
0.309743
0.633442
0.641758
0.618352
0.637056
0.480000
0.146619
0.296839
0.632965
0.641508
0.618042
0.636923
0.600000
0.095897
0.302911
0.632813
0.641085
0.618519
0.636506
0.480000
0.113710
0.292840
0.632543
0.641045
0.618059
0.635824
0.420000
0.122018
0.303646
0.632356
0.640977
0.618030
0.635085
0.620000
0.119689
0.301702
0.631986
0.641016
0.617885
0.634494
0.460000
0.185629
0.298297
0.631671
0.640940
0.618350
0.633720
0.480000
0.111170
0.309696
0.632348
0.640555
0.618581
0.633757
0.540000
0.126858
0.301381
0.632105
0.640395
0.618275
0.633627
0.500000
0.102165
0.295494
0.631782
0.640773
0.618668
0.633322
0.620000
0.102311
0.286795
0.632191
0.640227
0.618532
0.632955
0.580000
0.116891
0.279449
0.632027
0.640066
0.618244
0.632719
0.440000
0.098496
0.274387
0.631934
0.640320
0.618355
0.632273
0.380000
0.110768
0.265449
0.631565
0.639915
0.618348
0.632416
0.540000
0.158814
0.261729
0.631079
0.639604
0.618357
0.632203
0.500000
0.149161
0.266696
0.631457
0.639423
0.618353
0.631912
0.460000
0.118732
0.274208
0.631668
0.639602
0.617845
0.631649
0.480000
0.103733
0.266557
0.631836
0.639652
0.617449
0.631604
0.400000
0.133181
0.261484
0.631835
0.639835
0.616728
0.631324
0.400000
0.114061
0.259424
0.631938
0.640251
0.616839
0.630694
0.440000
0.094111
0.255336
0.631659
0.640190
0.616904
0.630264
0.420000
0.151905
0.257440
0.631035
0.640126
0.616960
0.629867
0.500000
0.141035
0.283008
0.630641
0.640160
0.616518
0.629842
0.460000
0.103911
0.283220
0.630780
0.640196
0.616194
0.629842
0.540000
0.104578
0.280419
0.629981
0.639891
0.616123
0.629561
0.580000
0.086628
0.281882
0.629706
0.639406
0.616327
0.628776
0.440000
0.145969
0.273796
0.629550
0.638998
0.615930
0.628501
0.420000
0.169875
0.301312
0.629641
0.639020
0.615792
0.628495
0.560000
0.112062
0.306124
0.629932
0.638986
0.615781
0.628134
0.420000
0.128678
0.296789
0.629561
0.638573
0.615568
0.628203
0.540000
0.160127
0.296371
0.629588
0.638002
0.615546
0.628112
0.580000
0.131958
0.299606
0.629166
0.638342
0.615657
0.627825
0.340000
0.137663
0.296060
0.628874
0.638181
0.615524
0.627482
0.480000
0.108097
0.294124
0.628725
0.637964
0.615482
0.627686
0.440000
0.168028
0.282730
0.628597
0.637701
0.615413
0.627636
0.600000
0.120298
0.298930
0.628293
0.637525
0.615330
0.627337
0.480000
0.125337
0.296829
0.628066
0.637516
0.614984
0.627323
0.500000
0.109288
0.297428
0.628132
0.636993
0.614540
0.627336
0.500000
0.150258
0.299922
0.627556
0.636798
0.614148
0.627063
0.560000
0.104063
0.306122
0.627418
0.636527
0.614096
0.626963
0.560000
0.140206
0.298596
0.627355
0.636074
0.613763
0.626260
0.440000
0.176054
0.296408
0.627283
0.635889
0.613683
0.626377
0.520000
0.186355
0.303697
0.627171
0.635785
0.613804
0.625809
0.520000
0.163308
0.310574
0.627460
0.635835
0.613705
0.626100
0.500000
0.130938
0.327891
0.627095
0.635673
0.613548
0.626229
0.580000
0.133182
0.322103
0.626547
0.635675
0.613379
0.626240
0.480000
0.190224
0.312469
0.626361
0.635861
0.612857
0.626146
0.440000
0.136844
0.324240
0.626174
0.636106
0.612309
0.626341
0.520000
0.159047
0.320282
0.626110
0.635708
0.612410
0.626048
0.520000
0.154832
0.317213
0.626390
0.635333
0.612706
0.625514
0.420000
0.128762
0.317381
0.626061
0.635464
0.612605
0.625617
0.520000
0.111512
0.308150
0.625587
0.635297
0.612729
0.625163
0.460000
0.182576
0.301025
0.625299
0.635150
0.612641
0.624956
0.460000
0.150437
0.311441
0.625122
0.635212
0.612533
0.625003
0.480000
0.144478
0.317066
0.624873
0.635375
0.612523
0.624641
0.460000
0.167741
0.318580
0.624638
0.635084
0.612453
0.624502
0.580000
0.172560
0.332045
0.624462
0.635030
0.612600
0.624562
0.620000
0.165771
0.334512
0.624170
0.635111
0.612424
0.624452
0.500000
0.152728
0.337443
0.624306
0.635103
0.612122
0.624908
0.540000
0.138440
0.339876
0.624518
0.634929
0.611662
0.624556
0.520000
0.162720
0.335926
0.624166
0.634503
0.611864
0.624592
0.580000
0.159251
0.335089
0.624152
0.634740
0.611580
0.624537
0.440000
0.142268
0.335024
0.624177
0.634716
0.611195
0.624674
0.480000
0.146349
0.330088
0.624213
0.634015
0.611229
0.624125
0.580000
0.100583
0.332470
0.624432
0.634167
0.611080
0.623383
0.460000
0.139722
0.321094
0.624402
0.634103
0.610729
0.622633
0.440000
0.108404
0.325876
0.624262
0.634519
0.610415
0.622480
0.380000
0.104258
0.318102
0.624132
0.634663
0.609781
0.622395
0.500000
0.122493
0.309375
0.624291
0.634128
0.608865
0.622320
0.440000
0.105144
0.300804
0.624001
0.633858
0.608883
0.622321
0.560000
0.197016
0.304083
0.623788
0.633264
0.608641
0.621801
0.520000
0.126655
0.312874
0.623783
0.633521
0.608308
0.622235
0.500000
0.111995
0.308412
0.623599
0.633386
0.607916
0.622172
0.620000
0.096738
0.302018
0.623010
0.633099
0.607762
0.621990
0.300000
0.104882
0.291413
0.622918
0.632977
0.607431
0.621607
0.520000
0.116850
0.281586
0.622484
0.633283
0.607430
0.620872
0.580000
0.107428
0.277159
0.622403
0.633254
0.607631
0.620670
0.480000
0.144764
0.267551
0.622360
0.633081
0.607505
0.620506
0.420000
0.094288
0.269038
0.622486
0.632933
0.607632
0.620218
0.500000
0.122739
0.257175
0.622505
0.632508
0.607279
0.620119
0.460000
0.181619
0.259404
0.621966
0.632514
0.607134
0.620001
0.440000
0.164576
0.270921
0.622198
0.632853
0.607133
0.620136
0.480000
0.237216
0.280401
0.622359
0.633121
0.607671
0.620481
0.480000
0.178247
0.305814
0.623212
0.633621
0.608122
0.620637
0.480000
0.207884
0.316692
0.623511
0.633911
0.608426
0.620881
0.340000
0.259836
0.325809
0.623788
0.633903
0.608880
0.621783
0.520000
0.218237
0.344593
0.624340
0.634027
0.609909
0.622401
0.420000
0.289531
0.354628
0.624224
0.634417
0.610528
0.622794
0.520000
0.311371
0.384030
0.625076
0.634845
0.611384
0.623070
0.680000
0.356004
0.404448
0.625575
0.635511
0.612109
0.623711
0.580000
0.277458
0.429680
0.626117
0.636574
0.612565
0.624854
0.460000
0.289522
0.435228
0.626496
0.637523
0.612712
0.626025
0.520000
0.336014
0.441036
0.626820
0.638251
0.613475
0.626406
0.480000
0.280058
0.456092
0.627590
0.638491
0.613914
0.627305
0.540000
0.261783
0.458528
0.627953
0.638623
0.614257
0.628189
0.420000
0.385678
0.456011
0.628370
0.638744
0.614846
0.629257
0.600000
0.364557
0.486236
0.629533
0.638996
0.615451
0.630110
0.540000
0.439172
0.508752
0.630571
0.639890
0.616118
0.630627
0.660000
0.354247
0.527236
0.631405
0.641505
0.617401
0.631477
0.540000
0.365047
0.529456
0.632232
0.641795
0.617977
0.631991
0.540000
0.423370
0.535296
0.632706
0.642579
0.619214
0.632912
0.600000
0.369968
0.550767
0.633418
0.643204
0.619809
0.634074
0.560000
0.328275
0.551613
0.633955
0.644379
0.620478
0.634940
0.520000
0.395609
0.549848
0.634580
0.644999
0.621454
0.634746
0.580000
0.386664
0.570401
0.634662
0.645287
0.622260
0.636467
0.600000
0.395927
0.578794
0.635272
0.646561
0.622987
0.637291
0.540000
0.417441
0.582581
0.635864
0.647631
0.623264
0.638565
0.620000
0.410645
0.589527
0.636822
0.648171
0.623710
0.640001
0.560000
0.509582
0.596121
0.638109
0.648368
0.624474
0.640434
0.660000
0.427564
0.615510
0.638856
0.649529
0.625045
0.641721
0.620000
0.396237
0.620788
0.639210
0.650263
0.626183
0.643104
0.560000
0.467042
0.623468
0.640037
0.650843
0.626697
0.644202
0.640000
0.438837
0.633979
0.640901
0.652364
0.627262
0.644411
0.660000
0.408274
0.638118
0.641319
0.652938
0.628059
0.645163
0.580000
0.427241
0.638723
0.642208
0.652910
0.629281
0.646473
0.640000
0.424085
0.643993
0.642827
0.653395
0.629886
0.647297
0.600000
0.478622
0.649660
0.643345
0.654264
0.630887
0.648265
0.680000
0.464658
0.655589
0.644105
0.655627
0.632551
0.648856
0.660000
0.399354
0.660428
0.644816
0.656462
0.633751
0.649523
0.600000
0.452912
0.657694
0.645477
0.657490
0.634546
0.649728
0.700000
0.507210
0.664423
0.646252
0.658480
0.635617
0.650590
0.780000
0.475891
0.673623
0.647033
0.659382
0.636846
0.651554
0.680000
0.441983
0.679120
0.647153
0.660607
0.638098
0.652532
0.680000
0.372945
0.689449
0.647701
0.661358
0.638246
0.653817
0.540000
0.437152
0.681126
0.648545
0.661786
0.639554
0.653808
0.660000
0.391384
0.684128
0.649459
0.662900
0.640399
0.653856
0.580000
0.441455
0.681641
0.649557
0.663536
0.641128
0.654658
0.740000
0.455043
0.686554
0.650592
0.664128
0.641396
0.655341
0.720000
0.466412
0.693999
0.651011
0.665258
0.642305
0.656089
0.760000
0.422432
0.700820
0.651743
0.666308
0.642906
0.656647
0.660000
0.440306
0.701671
0.652336
0.666983
0.643280
0.657197
0.700000
0.473037
0.706167
0.653479
0.667834
0.643773
0.657522
0.720000
0.437815
0.710897
0.654505
0.668502
0.645062
0.658403
0.600000
0.425314
0.703977
0.655255
0.669526
0.645934
0.658587
0.700000
0.493000
0.704584
0.656506
0.670541
0.645902
0.658825
0.760000
0.426445
0.710594
0.657216
0.671348
0.646170
0.660325
0.680000
0.420272
0.706441
0.657559
0.671886
0.646340
0.660874
0.660000
0.461386
0.704280
0.658906
0.671500
0.646601
0.661130
0.740000
0.435984
0.706734
0.658964
0.672298
0.647136
0.661669
0.680000
0.431831
0.698342
0.659144
0.672508
0.647626
0.662578
0.640000
0.336328
0.692615
0.659624
0.673318
0.647934
0.663374
0.560000
0.419187
0.675739
0.660002
0.673521
0.648740
0.663431
0.740000
0.448226
0.672692
0.660692
0.674314
0.649428
0.663829
0.740000
0.435254
0.676004
0.661539
0.675013
0.649675
0.664076
0.680000
0.471896
0.675693
0.661972
0.676099
0.650154
0.664680
0.800000
0.450751
0.680886
0.662421
0.677018
0.650299
0.665819
0.740000
0.459118
0.684938
0.662470
0.677307
0.651153
0.666234
0.740000
0.436065
0.685413
0.663522
0.678277
0.651659
0.666752
0.700000
0.477130
0.682349
0.664490
0.678445
0.652236
0.667508
0.780000
0.365081
0.687001
0.665894
0.678638
0.652906
0.668278
0.560000
0.447135
0.671294
0.665972
0.678878
0.653063
0.668468
0.680000
0.400455
0.679996
0.666454
0.679244
0.653946
0.669169
0.640000
0.448594
0.678637
0.666497
0.679574
0.654308
0.669824
0.740000
0.484298
0.686226
0.667154
0.679934
0.654784
0.670662
0.740000
0.464424
0.694081
0.667134
0.680899
0.655082
0.671737
0.760000
0.452300
0.702348
0.667403
0.681102
0.655413
0.673210
0.800000
0.492409
0.704713
0.667931
0.682043
0.655723
0.673906
0.780000
0.418506
0.719108
0.668104
0.682594
0.655888
0.674527
0.760000
0.474429
0.715555
0.668934
0.682928
0.656578
0.674421
0.740000
0.513834
0.717570
0.669722
0.683148
0.656914
0.675588
0.760000
0.436997
0.726557
0.670342
0.683677
0.658187
0.676063
0.700000
0.493912
0.719314
0.671032
0.683614
0.658823
0.676756
0.680000
0.520043
0.719746
0.671876
0.684816
0.658598
0.677637
0.760000
0.497396
0.742293
0.672539
0.685634
0.658961
0.678475
0.680000
0.525665
0.746120
0.673272
0.686446
0.659741
0.678853
0.820000
0.510628
0.753017
0.673864
0.688365
0.660628
0.679175
0.740000
0.530514
0.758612
0.674738
0.689479
0.661204
0.679896
0.800000
0.488696
0.765069
0.675689
0.690425
0.661732
0.680808
0.720000
0.467460
0.765340
0.676157
0.690705
0.662430
0.681789
0.720000
0.432820
0.762630
0.677493
0.691413
0.662434
0.681855
0.720000
0.560417
0.759433
0.677332
0.691909
0.663159
0.682273
0.800000
0.479641
0.767665
0.677747
0.692641
0.664750
0.683030
0.760000
0.542935
0.762914
0.678410
0.693345
0.665544
0.683079
0.840000
0.531177
0.768841
0.679593
0.693615
0.666709
0.684000
0.760000
0.435971
0.768167
0.680229
0.694785
0.667517
0.684379
0.700000
0.505453
0.765566
0.680845
0.695556
0.667649
0.684425
0.800000
0.553847
0.766885
0.681672
0.696223
0.668170
0.684515
0.760000
0.523900
0.774242
0.682619
0.697057
0.668491
0.685432
0.720000
0.459547
0.786138
0.683876
0.697039
0.668837
0.685847
0.660000
0.490791
0.777462
0.684777
0.697641
0.669125
0.685870
0.780000
0.495502
0.779445
0.685309
0.698129
0.669428
0.686808
0.760000
0.556189
0.775578
0.685747
0.698384
0.670135
0.687950
0.760000
0.542933
0.780495
0.686967
0.698778
0.670256
0.688672
0.800000
0.579002
0.785093
0.687376
0.699524
0.671326
0.689683
0.880000
0.520258
0.790247
0.688184
0.700100
0.672397
0.690470
0.780000
0.609043
0.784825
0.688885
0.699849
0.673951
0.690632
0.880000
0.567683
0.792825
0.689407
0.700491
0.674169
0.691606
0.860000
0.506108
0.792834
0.690105
0.700927
0.674532
0.691246
0.780000
0.500949
0.788098
0.691205
0.701682
0.674922
0.691608
0.760000
0.536766
0.780402
0.691974
0.701977
0.675249
0.692291
0.800000
0.569385
0.781649
0.692463
0.702976
0.675675
0.691978
0.880000
0.549214
0.788551
0.692979
0.703893
0.676916
0.692703
0.780000
0.567873
0.794211
0.693296
0.704709
0.676817
0.693241
0.880000
0.537502
0.799112
0.694177
0.705537
0.677432
0.693624
0.820000
0.512185
0.800577
0.695104
0.706165
0.678398
0.694065
0.840000
0.506052
0.798185
0.695308
0.706509
0.678607
0.694734
0.840000
0.516873
0.797263
0.696724
0.706600
0.679213
0.695090
0.860000
0.498983
0.797580
0.697309
0.706996
0.679851
0.695096
0.860000
0.473627
0.799113
0.697934
0.707740
0.680022
0.695785
0.800000
0.449883
0.793133
0.698996
0.708072
0.679772
0.696241
0.820000
0.459411
0.783903
0.699439
0.708456
0.679963
0.696387
0.840000
0.488497
0.780596
0.700657
0.709222
0.680616
0.696712
0.900000
0.514357
0.781048
0.701453
0.709597
0.681040
0.697338
0.860000
0.476588
0.784712
0.702330
0.710222
0.681044
0.697928
0.820000
0.497426
0.781796
0.702932
0.710650
0.681334
0.698772
0.860000
0.551040
0.789306
0.703905
0.711371
0.681625
0.698817
0.840000
0.540136
0.808183
0.704580
0.712060
0.681732
0.699549
0.840000
0.549178
0.819384
0.704884
0.712195
0.682972
0.700144
0.880000
0.533924
0.822551
0.705571
0.712600
0.683547
0.700362
0.820000
0.567962
0.823387
0.705928
0.713430
0.684450
0.700643
0.860000
0.578234
0.831995
0.706935
0.713973
0.684991
0.701045
0.860000
0.583899
0.838468
0.707656
0.714837
0.685164
0.702074
0.900000
0.570577
0.843265
0.707640
0.716395
0.685455
0.702771
0.840000
0.580832
0.843814
0.708447
0.717085
0.685717
0.704194
0.900000
0.545652
0.845247
0.709036
0.717866
0.686185
0.704734
0.880000
0.494085
0.842837
0.709660
0.717881
0.686860
0.704558
0.740000
0.539471
0.832103
0.710463
0.717503
0.687239
0.705048
0.860000
0.536029
0.832778
0.711019
0.717767
0.688033
0.705498
0.760000
0.527833
0.830018
0.712026
0.718318
0.688289
0.706148
0.820000
0.556403
0.827249
0.713169
0.718739
0.689111
0.706486
0.840000
0.479349
0.837334
0.714029
0.718959
0.689641
0.706766
0.800000
0.555600
0.826295
0.714468
0.720119
0.689532
0.706928
0.860000
0.538530
0.824057
0.714738
0.720456
0.689279
0.708266
0.880000
0.487033
0.819362
0.715443
0.720840
0.688874
0.709480
0.820000
0.483834
0.809252
0.715800
0.720741
0.689963
0.709551
0.840000
0.514037
0.802673
0.716016
0.720816
0.690304
0.709946
0.860000
0.539186
0.797918
0.715381
0.721309
0.690926
0.710459
0.900000
0.475203
0.797449
0.715537
0.721253
0.691619
0.710695
0.800000
0.536204
0.789912
0.715829
0.721337
0.692340
0.711060
0.860000
0.475667
0.794322
0.716473
0.721547
0.693116
0.711945
0.800000
0.526695
0.790670
0.716747
0.722135
0.693430
0.712756
0.900000
0.462165
0.797333
0.717160
0.722530
0.693615
0.713612
0.840000
0.509212
0.792258
0.717272
0.722479
0.693984
0.713686
0.860000
0.442481
0.792090
0.718065
0.723342
0.694168
0.712999
0.800000
0.439351
0.786501
0.718141
0.723776
0.694077
0.713485
0.800000
0.462545
0.776203
0.718943
0.723249
0.694148
0.713628
0.840000
0.465946
0.772028
0.719362
0.723193
0.694161
0.714361
0.840000
0.438946
0.765653
0.719536
0.722634
0.694025
0.714527
0.760000
0.490922
0.756834
0.719499
0.722604
0.694061
0.714693
0.860000
0.520561
0.775914
0.719275
0.722895
0.694129
0.714737
0.860000
0.531012
0.782888
0.719436
0.722704
0.694623
0.715512
0.900000
0.493486
0.788667
0.719611
0.723012
0.695030
0.716165
0.860000
0.463786
0.788766
0.719802
0.723222
0.695121
0.716249
0.820000
0.478069
0.780697
0.719976
0.723440
0.695175
0.715364
0.780000
0.546995
0.774480
0.720325
0.722819
0.695350
0.715937
0.940000
0.484202
0.779114
0.720714
0.723231
0.695527
0.716553
0.840000
0.492147
0.774525
0.721222
0.723627
0.695104
0.717025
0.820000
0.470953
0.769034
0.721734
0.722829
0.695543
0.718210
0.760000
0.559760
0.768421
0.722014
0.722552
0.696153
0.717656
0.900000
0.457354
0.783242
0.722230
0.723414
0.697446
0.717609
0.780000
0.528242
0.773310
0.722467
0.723523
0.697965
0.717856
0.820000
0.568079
0.777020
0.722935
0.723800
0.698785
0.718272
0.880000
0.520632
0.799777
0.723449
0.724378
0.699190
0.718307
0.820000
0.534765
0.798978
0.724024
0.725022
0.700458
0.718346
0.900000
0.508337
0.800625
0.723781
0.725510
0.701087
0.718150
0.800000
0.512329
0.798271
0.724171
0.725369
0.701052
0.718825
0.820000
0.505128
0.794535
0.724587
0.724833
0.702136
0.718973
0.820000
0.546695
0.802772
0.725125
0.725064
0.702195
0.719015
0.900000
0.511167
0.803720
0.725808
0.724530
0.702863
0.719088
0.860000
0.495674
0.800680
0.725285
0.724611
0.703376
0.719683
0.820000
0.477381
0.799006
0.725175
0.725207
0.703415
0.719799
0.860000
0.490615
0.795309
0.725053
0.725366
0.703775
0.720191
0.840000
0.498650
0.794233
0.725422
0.725430
0.704285
0.720447
0.880000
0.465888
0.798140
0.725847
0.725915
0.705044
0.720210
0.840000
0.420761
0.792421
0.725643
0.725656
0.705472
0.720282
0.800000
0.496690
0.788109
0.725722
0.725910
0.705808
0.720858
0.840000
0.487970
0.795271
0.726056
0.726392
0.705730
0.721345
0.840000
0.474513
0.793905
0.725800
0.726644
0.706105
0.721735
0.860000
0.453332
0.791681
0.726094
0.727017
0.706116
0.722314
0.820000
0.444296
0.788180
0.725956
0.727317
0.706893
0.722639
0.740000
0.535236
0.801187
0.725613
0.727561
0.707163
0.722955
0.920000
0.515342
0.811140
0.725763
0.727699
0.708234
0.723320
0.860000
0.552967
0.811372
0.725412
0.728348
0.708307
0.724355
0.900000
0.578862
0.821665
0.725677
0.728780
0.708514
0.724864
0.900000
0.555089
0.827731
0.725365
0.729795
0.709207
0.725651
0.920000
0.568523
0.828242
0.725201
0.729940
0.709804
0.726281
0.960000
0.486591
0.835437
0.725857
0.730381
0.710224
0.726191
0.840000
0.533353
0.840857
0.725992
0.730655
0.710048
0.726450
0.840000
0.544405
0.840361
0.726275
0.731006
0.710371
0.726754
0.940000
0.515565
0.845568
0.726754
0.731238
0.710343
0.727135
0.960000
0.451370
0.848870
0.727438
0.731138
0.711094
0.727018
0.860000
0.478934
0.839048
0.727324
0.731432
0.710790
0.727461
0.860000
0.533585
0.831471
0.727453
0.731787
0.710834
0.727801
0.920000
0.524970
0.837233
0.727533
0.731910
0.711427
0.728412
0.940000
0.537942
0.832209
0.727796
0.732164
0.711601
0.728384
0.840000
0.538594
0.828076
0.728683
0.732666
0.711791
0.729066
0.860000
0.489837
0.834207
0.729299
0.732843
0.712127
0.729384
0.760000
0.541358
0.828920
0.729382
0.732810
0.712797
0.729204
0.880000
0.566989
0.829787
0.729472
0.733828
0.712877
0.729427
0.880000
0.589180
0.833185
0.729713
0.734152
0.712862
0.730007
0.940000
0.554526
0.840615
0.731145
0.733857
0.713336
0.730443
0.900000
0.566803
0.839473
0.731134
0.734376
0.713623
0.730624
0.920000
0.603862
0.838971
0.731450
0.734573
0.713781
0.730788
0.940000
0.548889
0.852533
0.731797
0.734587
0.714610
0.731077
0.900000
0.538486
0.845765
0.732079
0.735138
0.714702
0.731084
0.900000
0.574976
0.840770
0.732386
0.735858
0.714392
0.730826
0.960000
0.567852
0.840017
0.732837
0.735815
0.714328
0.731177
0.840000
0.578064
0.838639
0.732726
0.736620
0.714747
0.731554
0.880000
0.550597
0.836630
0.733621
0.737135
0.714222
0.731620
0.840000
0.607061
0.833228
0.734294
0.737652
0.714318
0.730692
0.880000
0.575005
0.839233
0.734550
0.737839
0.715172
0.730989
0.840000
0.546324
0.836239
0.734937
0.738184
0.715661
0.731038
0.780000
0.623805
0.831467
0.735420
0.738229
0.715994
0.731403
0.920000
0.595032
0.835402
0.736240
0.738552
0.716404
0.731308
0.860000
0.588349
0.844970
0.735487
0.738806
0.716862
0.731960
0.900000
0.566687
0.844524
0.735709
0.739313
0.717395
0.732781
0.880000
0.638868
0.839702
0.736403
0.738981
0.717255
0.733097
0.920000
0.585788
0.844970
0.736731
0.739720
0.717510
0.733816
0.880000
0.650428
0.843176
0.736557
0.740581
0.718186
0.733830
1.000000
0.608741
0.860747
0.737196
0.741056
0.718416
0.733938
0.860000
0.619040
0.857167
0.737393
0.741312
0.718976
0.734436
0.900000
0.570218
0.856517
0.737309
0.742276
0.719039
0.734901
0.920000
0.585224
0.857333
0.737571
0.742225
0.719407
0.735238
0.920000
0.604320
0.857830
0.737952
0.742689
0.719494
0.735383
0.920000
0.616379
0.858321
0.738338
0.743507
0.720521
0.735373
0.880000
0.629237
0.859799
0.739232
0.743986
0.721849
0.735606
0.960000
0.607847
0.866682
0.739695
0.744347
0.722726
0.736214
0.900000
0.590493
0.864110
0.740139
0.744530
0.723338
0.736260
0.920000
0.511340
0.860776
0.740240
0.744600
0.723700
0.737159
0.780000
0.562354
0.849311
0.740349
0.744820
0.723840
0.737127
0.840000
0.419975
0.849397
0.740293
0.745640
0.723398
0.737428
0.720000
0.526217
0.832697
0.739649
0.745208
0.722607
0.737495
0.920000
0.515082
0.834360
0.740182
0.745345
0.722968
0.737038
0.880000
0.523082
0.832110
0.740572
0.745426
0.722645
0.736856
0.840000
0.613696
0.829372
0.741333
0.745216
0.722690
0.737231
0.920000
0.627309
0.852937
0.741116
0.745762
0.723207
0.737252
0.940000
0.580394
0.871267
0.741341
0.745997
0.723518
0.737852
0.920000
0.642789
0.872898
0.741673
0.746730
0.723741
0.737880
0.940000
0.597583
0.879408
0.742283
0.747140
0.724517
0.737715
0.920000
0.531371
0.878440
0.742930
0.747655
0.725208
0.737550
0.860000
0.587939
0.868735
0.743332
0.747980
0.725475
0.737170
0.940000
0.488176
0.865129
0.743916
0.747637
0.726207
0.737171
0.840000
0.486968
0.848366
0.743427
0.747368
0.726443
0.736928
0.880000
0.503098
0.836525
0.743643
0.746898
0.726498
0.736865
0.920000
0.432392
0.829337
0.743964
0.747208
0.725898
0.736711
0.860000
0.442082
0.813685
0.743638
0.747346
0.726164
0.736764
0.860000
0.445820
0.802709
0.743393
0.747288
0.725900
0.736626
0.820000
0.590110
0.803428
0.743385
0.747159
0.725652
0.736965
0.940000
0.562560
0.817956
0.743200
0.747629
0.725591
0.737756
0.900000
0.527274
0.824901
0.742724
0.748314
0.725474
0.738172
0.880000
0.494395
0.823001
0.742135
0.748689
0.725710
0.738991
0.840000
0.526400
0.816313
0.742672
0.748720
0.725759
0.738758
0.880000
0.569181
0.815906
0.742624
0.749007
0.726538
0.739246
0.960000
0.631741
0.830700
0.743100
0.749943
0.726774
0.738980
0.960000
0.568031
0.847701
0.744016
0.750259
0.727662
0.740051
0.880000
0.597617
0.844156
0.744490
0.750900
0.728077
0.739648
0.880000
0.632329
0.853364
0.744361
0.750760
0.728065
0.739978
0.920000
0.652425
0.862512
0.744885
0.751302
0.728539
0.740218
0.960000
0.608523
0.876259
0.745085
0.751463
0.729103
0.741032
0.960000
0.578374
0.877815
0.744901
0.751429
0.729579
0.742073
0.920000
0.561264
0.873898
0.745000
0.751579
0.730180
0.742081
0.880000
0.526210
0.864718
0.745247
0.752434
0.729197
0.742300
0.900000
0.465481
0.854921
0.745178
0.752565
0.728763
0.743020
0.880000
0.505202
0.841627
0.744314
0.752861
0.728442
0.742969
0.920000
0.464530
0.836482
0.744479
0.753435
0.728882
0.741809
0.880000
0.513384
0.827087
0.744040
0.753440
0.728742
0.742146
0.960000
0.524331
0.825691
0.743738
0.753384
0.729270
0.741878
0.920000
0.578755
0.820700
0.743868
0.752887
0.729418
0.742254
0.960000
0.500711
0.825713
0.744439
0.753045
0.729161
0.742918
0.860000
0.535438
0.820655
0.744762
0.752967
0.728719
0.742955
0.940000
0.518411
0.822873
0.744778
0.753591
0.728947
0.743342
0.940000
0.461971
0.824370
0.744667
0.753668
0.729691
0.743744
0.900000
0.489594
0.815848
0.744226
0.754205
0.729418
0.744304
0.920000
0.471804
0.820849
0.744128
0.754017
0.730224
0.744010
0.940000
0.424412
0.814563
0.744413
0.754335
0.730074
0.743112
0.780000
0.411074
0.806282
0.744580
0.754548
0.729455
0.743278
0.780000
0.450646
0.796781
0.744288
0.754589
0.729558
0.743114
0.840000
0.477995
0.803385
0.744155
0.755172
0.729640
0.742595
0.860000
0.505695
0.812235
0.743620
0.755975
0.729370
0.742888
0.880000
0.491955
0.825048
0.743959
0.755231
0.729907
0.743248
0.860000
0.568731
0.833903
0.743597
0.755326
0.730368
0.743456
0.940000
0.591420
0.838759
0.744436
0.754898
0.730752
0.743468
0.980000
0.558584
0.856107
0.744842
0.754673
0.731428
0.743584
0.900000
0.516544
0.851449
0.744914
0.754784
0.731115
0.743739
0.900000
0.522628
0.845640
0.744706
0.755335
0.731419
0.743985
0.900000
0.534170
0.844692
0.745388
0.754693
0.731842
0.743937
0.960000
0.508909
0.845733
0.746211
0.754772
0.732312
0.743688
0.900000
0.479237
0.841432
0.746884
0.754959
0.732032
0.744077
0.820000
0.553672
0.829062
0.746668
0.755127
0.732517
0.744270
0.920000
0.529284
0.843399
0.746932
0.755310
0.732283
0.744577
0.820000
